0 0.02890625 0.559375 0.0578125 0.0625
0 0.46015625 0.62265625 0.0640625 0.0640625
0 0.39453125 0.73828125 0.0671875 0.0671875
0 0.24375 0.971875 0.0625 0.05625
0 0.43671875 0.79375 0.0671875 0.0625
0 0.34375 0.91953125 0.0625 0.0640625
0 0.3078125 0.97265625 0.0625 0.0546875
0 0.6671875 0.646875 0.0625 0.059375
0 0.565625 0.55234375 0.06875 0.0671875
0 0.6953125 0.79375 0.059375 0.0625
0 0.46640625 0.7328125 0.0671875 0.065625
0 0.665625 0.73515625 0.065625 0.0640625
0 0.4109375 0.91796875 0.0625 0.0640625
0 0.728125 0.64296875 0.059375 0.0640625
0 0.0578125 0.50234375 0.065625 0.0609375
0 0.6046875 0.671875 0.0625 0.065625
0 0.50625 0.7828125 0.065625 0.065625
0 0.37734375 0.86328125 0.0703125 0.0640625
0 0.6109375 0.49765625 0.065625 0.0609375
0 0.51484375 0.8546875 0.0609375 0.0625
0 0.4203125 0.67265625 0.0625 0.0609375
0 0.50703125 0.5765625 0.0671875 0.065625
0 0.63125 0.7890625 0.0625 0.0625
0 0.5609375 0.628125 0.059375 0.0625
0 0.4515625 0.86171875 0.065625 0.0640625
0 0.27734375 0.91953125 0.0640625 0.0640625
0 0.7328125 0.73984375 0.065625 0.0640625
0 0.10859375 0.74765625 0.0640625 0.0640625
0 0.04765625 0.76484375 0.0609375 0.0640625
0 0.04921875 0.9484375 0.0640625 0.0625
0 0.32109375 0.61328125 0.0640625 0.0640625
0 0.56796875 0.78984375 0.0609375 0.0609375
0 0.54453125 0.90703125 0.0609375 0.0609375
0 0.3703125 0.79609375 0.065625 0.0609375
0 0.62734375 0.59453125 0.0640625 0.0671875
0 0.2078125 0.91796875 0.065625 0.0640625
0 0.0234375 0.89296875 0.046875 0.0609375
0 0.296875 0.7109375 0.065625 0.065625
0 0.1796875 0.975 0.065625 0.05
0 0.40078125 0.60546875 0.0640625 0.0671875
0 0.246875 0.859375 0.065625 0.06875
1 0.03828125 0.62578125 0.0578125 0.0578125
1 0.109375 0.5546875 0.059375 0.0625
1 0.1 0.61640625 0.05625 0.0578125
1 0.184375 0.59375 0.0625 0.053125
1 0.24296875 0.6359375 0.0640625 0.05625
1 0.1640625 0.6578125 0.065625 0.053125
1 0.1078125 0.6796875 0.065625 0.065625
1 0.04609375 0.69140625 0.0578125 0.0671875
1 0.01171875 0.74140625 0.0234375 0.0609375
1 0.04921875 0.82890625 0.0484375 0.0640625
1 0.1125 0.82265625 0.05625 0.0609375
1 0.17265625 0.74453125 0.0609375 0.0609375
1 0.2234375 0.70234375 0.053125 0.0609375
1 0.23828125 0.76015625 0.0609375 0.0609375
1 0.30390625 0.7734375 0.0546875 0.05625
1 0.1890625 0.809375 0.075 0.0625
1 0.15546875 0.86796875 0.0734375 0.0609375
1 0.08203125 0.88359375 0.0609375 0.0546875
1 0.12890625 0.925 0.0703125 0.065625
1 0.1125 0.97890625 0.05625 0.0421875
1 0.30859375 0.840625 0.0546875 0.0625
1 0.38671875 0.97734375 0.0484375 0.0453125
1 0.44609375 0.978125 0.0609375 0.04375
1 0.4859375 0.925 0.05625 0.0625
1 0.36171875 0.67578125 0.0546875 0.0578125
1 0.5 0.678125 0.0625 0.05625
1 0.55 0.71484375 0.059375 0.0515625
1 0.60234375 0.728125 0.0546875 0.05625
1 0.68359375 0.5796875 0.0546875 0.0625
1 0.78515625 0.56484375 0.1265625 0.0671875
1 0.6828125 0.48203125 0.071875 0.0828125
1 0.58828125 0.85546875 0.0609375 0.0671875
1 0.653125 0.85234375 0.06875 0.0578125
1 0.61484375 0.9171875 0.0734375 0.059375
1 0.51875 0.9703125 0.065625 0.059375
1 0.58046875 0.97109375 0.0671875 0.0578125