1 0.4578125 0.92421875 0.1875 0.1515625
1 0.52734375 0.77890625 0.19140625 0.1859375
1 0.6078125 0.625 0.18984375 0.21640625
1 0.6875 0.4765625 0.19375 0.18515625
1 0.7640625 0.3421875 0.18203125 0.1953125
1 0.83828125 0.1703125 0.203125 0.19765625
1 0.9171875 0.05703125 0.165625 0.1140625
1 0.7359375 0.05859375 0.196875 0.1171875
1 0.6671875 0.175 0.171875 0.1734375
1 0.58828125 0.32890625 0.19296875 0.17734375
1 0.51328125 0.49375 0.1703125 0.196875
1 0.42421875 0.65625 0.18203125 0.15625
1 0.3421875 0.78671875 0.1953125 0.1890625
1 0.25703125 0.92265625 0.1765625 0.1546875
1 0.0875 0.91796875 0.175 0.1640625
1 0.153125 0.77421875 0.17734375 0.21640625
1 0.25625 0.653125 0.17734375 0.18203125
1 0.33125 0.4921875 0.17421875 0.17734375
1 0.40234375 0.3359375 0.19140625 0.19296875
1 0.4890625 0.18515625 0.19765625 0.178125
1 0.57109375 0.0703125 0.1921875 0.140625
1 0.3796875 0.0765625 0.18125 0.153125
1 0.28828125 0.18984375 0.1890625 0.18359375
1 0.22265625 0.35078125 0.18125 0.19453125
1 0.16015625 0.51875 0.18515625 0.184375
1 0.078125 0.6359375 0.15625 0.190625
1 0.06875 0.346875 0.1375 0.175
1 0.12109375 0.196875 0.171875 0.2
1 0.20390625 0.0625 0.1734375 0.125
1 0.05859375 0.06328125 0.1171875 0.1265625