1 0.05859375 0.92265625 0.1171875 0.1546875
1 0.215625 0.9296875 0.1890625 0.140625
1 0.40859375 0.9203125 0.19375 0.159375
1 0.11328125 0.790625 0.17734375 0.20546875
1 0.29765625 0.7859375 0.190625 0.21796875
1 0.48125 0.78203125 0.1765625 0.2078125
1 0.0625 0.64375 0.125 0.2015625
1 0.2125 0.653125 0.16328125 0.22109375
1 0.39296875 0.61796875 0.1765625 0.20390625
1 0.57109375 0.6171875 0.16875 0.25078125
1 0.0984375 0.496875 0.18125 0.25859375
1 0.27734375 0.478125 0.178125 0.2484375
1 0.4703125 0.4671875 0.18515625 0.225
1 0.6546875 0.4765625 0.18984375 0.22265625
1 0.04296875 0.3765625 0.0859375 0.1640625
1 0.18359375 0.34921875 0.15625 0.16484375
1 0.35546875 0.34765625 0.17578125 0.2140625
1 0.5234375 0.30703125 0.178125 0.19609375
1 0.7328125 0.3140625 0.1875 0.20078125
1 0.81796875 0.18984375 0.1828125 0.18984375
1 0.89375 0.06328125 0.1828125 0.1265625
1 0.71171875 0.065625 0.1796875 0.13125
1 0.628125 0.17578125 0.1859375 0.22109375
1 0.4515625 0.14921875 0.18515625 0.23671875
1 0.5328125 0.04765625 0.159375 0.0953125
1 0.33203125 0.07109375 0.1859375 0.1421875
1 0.27421875 0.20859375 0.1765625 0.18046875
1 0.09765625 0.21015625 0.1828125 0.22890625
1 0.14140625 0.071875 0.165625 0.14375