0 0.25234375 0.7578125 0.0640625 0.065625
0 0.15234375 0.93046875 0.0640625 0.0671875
0 0.12578125 0.978125 0.0609375 0.04375
0 0.50390625 0.60390625 0.0671875 0.0640625
0 0.55625 0.559375 0.065625 0.0625
0 0.0375 0.89375 0.065625 0.065625
0 0.9796875 0.62265625 0.040625 0.0640625
0 0.92578125 0.73828125 0.0671875 0.0671875
0 0.775 0.971875 0.0625 0.05625
0 0.9671875 0.79375 0.065625 0.0625
0 0.875 0.91953125 0.0625 0.0640625
0 0.0640625 0.83515625 0.06875 0.0640625
0 0.8390625 0.97265625 0.0625 0.0546875
0 0.18203125 0.87109375 0.0609375 0.0640625
0 0.21328125 0.70625 0.0640625 0.0625
0 0.1125 0.88046875 0.065625 0.0640625
0 0.025 0.96953125 0.05 0.0609375
0 0.08203125 0.9421875 0.0640625 0.065625
0 0.2015625 0.96796875 0.065625 0.0640625
0 0.28828125 0.7015625 0.0640625 0.065625
0 0.98203125 0.7328125 0.0359375 0.065625
0 0.0984375 0.6921875 0.059375 0.065625
0 0.03984375 0.7234375 0.0609375 0.065625
0 0.2515625 0.65078125 0.065625 0.0640625
0 0.9421875 0.91796875 0.0625 0.0640625
0 0.240625 0.840625 0.0625 0.0625
0 0.14296875 0.8234375 0.0640625 0.065625
0 0.5890625 0.50234375 0.065625 0.0609375
0 0.196875 0.7890625 0.065625 0.065625
0 0.26015625 0.98515625 0.0609375 0.0296875
0 0.1375 0.46484375 0.0625 0.0671875
0 0.09609375 0.5703125 0.0609375 0.0625
0 0.49140625 0.5390625 0.0609375 0.0625
0 0.54453125 0.98515625 0.0640625 0.0296875
0 0.90859375 0.86328125 0.0703125 0.0640625
0 0.9515625 0.67265625 0.0625 0.0609375
0 0.028125 0.3421875 0.05625 0.065625
0 0.975 0.86171875 0.05 0.0640625
0 0.80859375 0.91953125 0.0640625 0.0640625
0 0.43671875 0.9125 0.0640625 0.065625
0 0.084375 0.50546875 0.0625 0.0609375
0 0.63984375 0.74765625 0.0640625 0.0640625
0 0.3703125 0.8921875 0.0625 0.059375
0 0.57890625 0.76484375 0.0609375 0.0640625
0 0.58046875 0.9484375 0.0640625 0.0625
0 0.85234375 0.61328125 0.0640625 0.0640625
0 0.38984375 0.7015625 0.0640625 0.065625
0 0.9015625 0.79609375 0.065625 0.0609375
0 0.7390625 0.91796875 0.065625 0.0640625
0 0.54609375 0.89296875 0.0640625 0.0609375
0 0.828125 0.7109375 0.065625 0.065625
0 0.7109375 0.975 0.065625 0.05
0 0.93203125 0.60546875 0.0640625 0.0671875
1 0.35390625 0.95625 0.0578125 0.05625
0 0.203125 0.4546875 0.06875 0.06875
0 0.778125 0.859375 0.065625 0.06875
1 0.025 0.79140625 0.05 0.0515625
1 0.04921875 0.64921875 0.0578125 0.0734375
1 0.0921875 0.7734375 0.065625 0.05625
1 0.15078125 0.7421875 0.0546875 0.06875
1 0.1609375 0.6578125 0.0625 0.05625
1 0.025 0.59375 0.05 0.065625
1 0.0234375 0.51875 0.046875 0.0625
1 0.028125 0.4515625 0.05625 0.0625
1 0.08203125 0.40078125 0.0734375 0.0734375
1 0.16015625 0.35703125 0.0640625 0.0765625
1 0.24921875 0.4140625 0.0609375 0.075
1 0.31484375 0.43515625 0.0609375 0.0734375
1 0.3875 0.43671875 0.078125 0.0578125
1 0.190625 0.51640625 0.071875 0.0609375
1 0.15859375 0.57421875 0.0578125 0.0703125
1 0.21328125 0.6015625 0.0578125 0.05
1 0.26328125 0.53828125 0.0671875 0.0578125
1 0.32890625 0.50546875 0.0546875 0.0703125
1 0.384375 0.53515625 0.0625 0.0453125
1 0.43359375 0.49375 0.0609375 0.053125
1 0.303125 0.5890625 0.05 0.0625
1 0.43671875 0.57421875 0.0546875 0.0609375
1 0.38671875 0.60859375 0.0515625 0.0765625
1 0.33359375 0.64921875 0.0671875 0.0546875
1 0.44140625 0.65546875 0.0546875 0.0578125
1 0.5046875 0.66953125 0.05625 0.0578125
1 0.56953125 0.62578125 0.0578125 0.0578125
1 0.640625 0.5546875 0.059375 0.0625
1 0.63125 0.61640625 0.05625 0.0578125
1 0.715625 0.59375 0.0625 0.053125
1 0.77421875 0.6359375 0.0640625 0.05625
1 0.6953125 0.6578125 0.065625 0.053125
1 0.6390625 0.6796875 0.065625 0.065625
1 0.57734375 0.69140625 0.0578125 0.0671875
1 0.525 0.74140625 0.059375 0.0609375
1 0.45625 0.7234375 0.0625 0.059375
1 0.33359375 0.75859375 0.0671875 0.0640625
1 0.3984375 0.7796875 0.05625 0.059375
1 0.45625 0.7921875 0.05625 0.0625
1 0.52109375 0.8125 0.0640625 0.065625
1 0.58046875 0.82890625 0.0484375 0.0640625
1 0.64375 0.82265625 0.05625 0.0609375
1 0.70390625 0.74453125 0.0609375 0.0609375
1 0.7546875 0.70234375 0.053125 0.0609375
1 0.76953125 0.76015625 0.0609375 0.0609375
1 0.83515625 0.7734375 0.0546875 0.05625
1 0.7203125 0.809375 0.075 0.0625
1 0.68671875 0.86796875 0.0734375 0.0609375
1 0.61328125 0.88359375 0.0609375 0.0546875
1 0.66015625 0.925 0.0703125 0.065625
1 0.64375 0.97890625 0.05625 0.0421875
1 0.296875 0.80390625 0.06875 0.0546875
1 0.3546875 0.82265625 0.0625 0.0640625
1 0.42109375 0.84453125 0.0609375 0.0640625
1 0.484375 0.8609375 0.059375 0.059375
1 0.2984375 0.871875 0.0625 0.06875
1 0.2375 0.9140625 0.059375 0.065625
1 0.2953125 0.94453125 0.065625 0.0609375
1 0.45 0.97578125 0.0625 0.0484375
1 0.50390625 0.9484375 0.0546875 0.071875
1 0.83984375 0.840625 0.0546875 0.0625
1 0.91796875 0.97734375 0.0484375 0.0453125
1 0.9734375 0.978125 0.053125 0.04375
1 0.89296875 0.67578125 0.0546875 0.0578125