0 0.1359375 0.115625 0.0625 0.059375
0 0.034375 0.02734375 0.06875 0.0546875
0 0.1640625 0.2625 0.059375 0.0625
0 0.134375 0.20390625 0.065625 0.0640625
0 0.196875 0.11171875 0.059375 0.0640625
0 0.0734375 0.140625 0.0625 0.065625
0 0.1 0.2578125 0.0625 0.0625
0 0.0296875 0.096875 0.059375 0.0625
0 0.2015625 0.20859375 0.065625 0.0640625
0 0.03671875 0.25859375 0.0609375 0.0609375
0 0.01875 0.5078125 0.0375 0.059375
0 0.021875 0.37578125 0.04375 0.0609375
0 0.09609375 0.06328125 0.0640625 0.0671875
1 0.02421875 0.18359375 0.0484375 0.0515625
1 0.07109375 0.196875 0.0546875 0.05625
1 0.15234375 0.0484375 0.0546875 0.0625
1 0.25390625 0.03359375 0.1265625 0.0671875
1 0.05703125 0.32421875 0.0609375 0.0671875
1 0.121875 0.32109375 0.06875 0.0578125
1 0.08359375 0.3859375 0.0734375 0.059375
1 0.04921875 0.446875 0.0671875 0.071875