1 0.178125 0.95234375 0.1828125 0.0953125
1 0.25 0.84921875 0.18359375 0.18125
1 0.325 0.69453125 0.1796875 0.1703125
1 0.415625 0.5546875 0.1859375 0.1875
1 0.4890625 0.3984375 0.18984375 0.16953125
1 0.55546875 0.2453125 0.17421875 0.17578125
1 0.6546875 0.10546875 0.18203125 0.18515625
1 0.478125 0.0828125 0.1859375 0.165625
1 0.4109375 0.23203125 0.18515625 0.18359375
1 0.32734375 0.37890625 0.1578125 0.17578125
1 0.2484375 0.5265625 0.16953125 0.196875
1 0.16796875 0.68359375 0.18125 0.1734375
1 0.09453125 0.8359375 0.1890625 0.1953125
1 0.0421875 0.6640625 0.084375 0.1859375
1 0.08984375 0.51484375 0.1796875 0.184375
1 0.16328125 0.3765625 0.1859375 0.1859375
1 0.22734375 0.22265625 0.1953125 0.1875
1 0.31953125 0.06953125 0.1625 0.1390625
1 0.15703125 0.08671875 0.196875 0.1734375
1 0.0671875 0.25625 0.134375 0.190625