0 0.70390625 0.0078125 0.0421875 0.015625
0 0.75078125 0.00859375 0.04375 0.0171875
0 0.728125 0.0328125 0.04140625 0.04296875
0 0.77109375 0.03046875 0.04140625 0.0421875
0 0.815625 0.02890625 0.04453125 0.04375
0 0.8640625 0.028125 0.04375 0.0421875
0 0.91171875 0.03046875 0.04453125 0.04296875
0 0.95390625 0.02421875 0.040625 0.04140625
0 0.9890625 0.02734375 0.021875 0.040625
0 0.753125 0.0703125 0.040625 0.0390625
0 0.7953125 0.06953125 0.04375 0.040625
0 0.84375 0.0671875 0.040625 0.04140625
0 0.8859375 0.06328125 0.0421875 0.04140625
0 0.9328125 0.065625 0.040625 0.04140625
0 0.97421875 0.059375 0.04296875 0.04375
0 0.775 0.10625 0.04140625 0.04140625
0 0.81875 0.1046875 0.04140625 0.04140625
0 0.86171875 0.1 0.0421875 0.04140625
0 0.7953125 0.14140625 0.040625 0.0421875
0 0.8203125 0.178125 0.0421875 0.04296875
0 0.8421875 0.2140625 0.04140625 0.04140625
0 0.8703125 0.25625 0.04140625 0.040625
0 0.8859375 0.28828125 0.04296875 0.040625
0 0.90859375 0.325 0.04453125 0.0390625
0 0.90625 0.1 0.0421875 0.04296875
0 0.95546875 0.10078125 0.04140625 0.04140625
0 0.9890625 0.09765625 0.021875 0.040625
0 0.8421875 0.140625 0.04140625 0.04140625
0 0.88515625 0.13828125 0.04296875 0.04140625
0 0.8640625 0.17734375 0.04375 0.04140625
0 0.93203125 0.13671875 0.04375 0.0421875
0 0.9125 0.17734375 0.04296875 0.0390625
0 0.8890625 0.2140625 0.0453125 0.04140625
0 0.97890625 0.1359375 0.0421875 0.04375
0 0.959375 0.17734375 0.0421875 0.04140625
0 0.99140625 0.17265625 0.0171875 0.040625
0 0.93203125 0.2109375 0.03984375 0.03984375
0 0.978125 0.2125 0.04140625 0.0421875
0 0.94453125 0.3703125 0.03828125 0.03671875
0 0.96171875 0.40546875 0.04140625 0.040625
0 0.91015625 0.25390625 0.03984375 0.0390625
0 0.95703125 0.2515625 0.040625 0.0421875
0 0.93671875 0.28984375 0.040625 0.0421875
0 0.9609375 0.33046875 0.03984375 0.0421875
0 0.9875 0.45390625 0.025 0.04375
0 0.9796875 0.28984375 0.040625 0.040625
0 0.9828125 0.3671875 0.034375 0.0390625