0 0.815625 0.2171875 0.0625 0.0625
0 0.84140625 0.27578125 0.0640625 0.0609375
0 0.85078125 0.1453125 0.0640625 0.065625
0 0.90078125 0.10390625 0.0640625 0.0640625
0 0.871875 0.32890625 0.065625 0.0609375
0 0.88203125 0.2078125 0.0640625 0.0625
0 0.89609375 0.3859375 0.0640625 0.0625
0 0.721875 0.04609375 0.0625 0.0609375
0 0.9828125 0.5671875 0.034375 0.06875
0 0.7625 0.10078125 0.0625 0.0609375
1 0.84921875 0.07578125 0.0796875 0.0578125
1 0.7875 0.15859375 0.078125 0.0515625
1 0.93203125 0.16171875 0.0640625 0.0609375
1 0.98203125 0.1625 0.0359375 0.0625
1 0.96015625 0.221875 0.0796875 0.05625
1 0.91484375 0.2609375 0.0859375 0.05625
1 0.98046875 0.26953125 0.0390625 0.0609375
1 0.93671875 0.32265625 0.0609375 0.0578125
0 0.96875 0.3859375 0.0625 0.06875
1 0.93671875 0.45078125 0.0671875 0.0578125
1 0.98828125 0.4546875 0.0234375 0.059375
1 0.9671875 0.50625 0.065625 0.05625