1 0.4703125 0.925 0.175 0.15
1 0.53828125 0.78828125 0.18515625 0.17578125
1 0.63046875 0.61953125 0.16015625 0.19296875
1 0.709375 0.4671875 0.18203125 0.1875
1 0.78125 0.31796875 0.18359375 0.18125
1 0.85625 0.16328125 0.1796875 0.1703125
1 0.9265625 0.05859375 0.146875 0.1171875
1 0.7796875 0.046875 0.16875 0.09375
1 0.69921875 0.15234375 0.18125 0.1734375
1 0.621875 0.3046875 0.19765625 0.1953125
1 0.528125 0.47265625 0.18203125 0.18359375
1 0.465625 0.628125 0.18203125 0.16796875
1 0.3703125 0.78359375 0.1796875 0.1875
1 0.29609375 0.91796875 0.1875 0.1640625
1 0.1140625 0.91484375 0.190625 0.1703125
1 0.2046875 0.7734375 0.19140625 0.19765625
1 0.2765625 0.61328125 0.18984375 0.1796875
1 0.35078125 0.4703125 0.18515625 0.1859375
1 0.43984375 0.30703125 0.18203125 0.19296875
1 0.52265625 0.1328125 0.1859375 0.1859375
1 0.603125 0.0375 0.215625 0.075
1 0.40703125 0.059375 0.190625 0.11875
1 0.33125 0.16875 0.165625 0.1921875
1 0.25234375 0.31953125 0.19375 0.19453125
1 0.1578125 0.4796875 0.19140625 0.171875
1 0.09765625 0.64453125 0.18515625 0.1890625
1 0.05390625 0.78984375 0.1078125 0.184375
1 0.034375 0.490625 0.06875 0.16875
1 0.07890625 0.33515625 0.1578125 0.2
1 0.15859375 0.18984375 0.18515625 0.1765625
1 0.23203125 0.0625 0.1703125 0.125
1 0.0796875 0.059375 0.159375 0.11875
1 0.03671875 0.1796875 0.0734375 0.1953125