0 0.38828125 0.8875 0.0671875 0.065625
0 0.79375 0.34453125 0.0625 0.0671875
0 0.51328125 0.64765625 0.0671875 0.0640625
0 0.42265625 0.82890625 0.0671875 0.0671875
0 0.16328125 0.0375 0.0640625 0.065625
0 0.3578125 0.94921875 0.065625 0.0671875
0 0.4203125 0.7078125 0.06875 0.06875
0 0.365625 0.02578125 0.0625 0.0515625
0 0.478125 0.5859375 0.065625 0.065625
0 0.2140625 0.203125 0.0625 0.065625
0 0.48671875 0.70859375 0.0671875 0.0671875
0 0.51328125 0.52421875 0.0671875 0.0671875
0 0.81015625 0.0921875 0.0671875 0.065625
0 0.4546875 0.76875 0.065625 0.065625
0 0.44375 0.6390625 0.065625 0.0625
0 0.57265625 0.18359375 0.0640625 0.0640625
0 0.31953125 0.89140625 0.0640625 0.0640625
0 0.28828125 0.95 0.0671875 0.065625
0 0.33203125 0.60078125 0.0640625 0.0609375
0 0.81796875 0.28359375 0.0640625 0.0671875
0 0.3515625 0.834375 0.06875 0.06875
0 0.15390625 0.23203125 0.0640625 0.0640625
0 0.4265625 0.95546875 0.065625 0.0671875
0 0.16328125 0.98203125 0.0640625 0.0359375
0 0.1546875 0.6828125 0.06875 0.06875
0 0.040625 0.8484375 0.0625 0.065625
0 0.13203125 0.56953125 0.0640625 0.0640625
0 0.078125 0.32734375 0.065625 0.0640625
0 0.7890625 0.22265625 0.065625 0.0671875
0 0.1921875 0.9296875 0.0625 0.065625
0 0.08515625 0.2640625 0.0640625 0.065625
0 0.321875 0.9859375 0.065625 0.028125
0 0.096875 0.06015625 0.0625 0.0640625
0 0.2828125 0.83671875 0.0625 0.0640625
0 0.03046875 0.23203125 0.0609375 0.0703125
0 0.13125 0.94296875 0.0625 0.0671875
0 0.878125 0.1078125 0.0625 0.0625
0 0.50390625 0.95703125 0.0640625 0.0640625
0 0.5890625 0.534375 0.065625 0.065625
0 0.27734375 0.1734375 0.0640625 0.065625
0 0.39453125 0.1265625 0.0640625 0.065625
0 0.54609375 0.58984375 0.0703125 0.0671875
0 0.84296875 0.0359375 0.0671875 0.065625
0 0.20078125 0.73203125 0.0734375 0.0671875
0 0.24453125 0.7875 0.0640625 0.0625
0 0.296875 0.03203125 0.065625 0.0640625
0 0.0328125 0.0890625 0.065625 0.06875
0 0.0484375 0.02421875 0.0625 0.0484375
0 0.22109375 0.13515625 0.0671875 0.0640625
0 0.63203125 0.59140625 0.0703125 0.0640625
0 0.4375 0.534375 0.06875 0.06875
0 0.41015625 0.06484375 0.0671875 0.0609375
0 0.23828125 0.0171875 0.0640625 0.034375
0 0.1859375 0.62265625 0.065625 0.0671875
0 0.21328125 0.8453125 0.0640625 0.065625
0 0.22734375 0.6734375 0.0671875 0.0625
0 0.49765625 0.28671875 0.0671875 0.0640625
0 0.25078125 0.8953125 0.0640625 0.0625
0 0.4609375 0.89609375 0.065625 0.0671875
0 0.77734375 0.15234375 0.0703125 0.0671875
0 0.1609375 0.5046875 0.06875 0.065625
0 0.15 0.309375 0.0625 0.0625
0 0.4453125 0.24140625 0.0625 0.0640625
0 0.15703125 0.1671875 0.0640625 0.065625
0 0.22890625 0.975 0.0640625 0.05
0 0.8546875 0.225 0.065625 0.0625
0 0.2734375 0.72890625 0.065625 0.0640625
0 0.38984375 0.19765625 0.0640625 0.0671875
0 0.51640625 0.15 0.0640625 0.065625
0 0.84140625 0.1609375 0.0640625 0.0625
0 0.521875 0.7671875 0.0625 0.065625
0 0.90625 0.040625 0.0625 0.0625
0 0.08359375 0.1265625 0.0671875 0.065625
0 0.50234375 0.21171875 0.0640625 0.0640625
0 0.11484375 0.01484375 0.0640625 0.0296875
0 0.48203125 0.04375 0.0609375 0.065625
0 0.4640625 0.1078125 0.06875 0.065625
0 0.06015625 0.78515625 0.0609375 0.0640625
0 0.45078125 0.17265625 0.0609375 0.0640625
0 0.66875 0.53203125 0.065625 0.0640625
0 0.290625 0.55078125 0.065625 0.0671875
0 0.46640625 0.47734375 0.0671875 0.0640625
0 0.7078125 0.6015625 0.065625 0.065625
0 0.08984375 0.19609375 0.0640625 0.0671875
0 0.3140625 0.77578125 0.065625 0.0671875
0 0.20390625 0.55859375 0.0640625 0.0640625
0 0.6296875 0.2203125 0.065625 0.065625
0 0.0859375 0.89609375 0.065625 0.0703125
0 0.10703125 0.834375 0.0609375 0.0625
0 0.01875 0.54375 0.0375 0.06875
0 0.33515625 0.15078125 0.0640625 0.0671875
0 0.94140625 0.09609375 0.0640625 0.0640625
0 0.7 0.4765625 0.065625 0.0625
0 0.73125 0.35 0.065625 0.065625
0 0.55546875 0.246875 0.0640625 0.06875
0 0.01484375 0.7984375 0.0296875 0.06875
0 0.7234375 0.190625 0.065625 0.065625
0 0.075 0.525 0.065625 0.0625
0 0.15546875 0.8734375 0.0640625 0.0625
0 0.884375 0.28671875 0.0625 0.0640625
0 0.43125 0.01875 0.0625 0.0375
0 0.540625 0.02265625 0.0625 0.0453125
0 0.6953125 0.24921875 0.06875 0.0671875
1 0.37578125 0.2703125 0.0671875 0.071875
0 0.85859375 0.35 0.0609375 0.0625
0 0.54140625 0.903125 0.0671875 0.0625
0 0.6671875 0.421875 0.065625 0.065625
0 0.3421875 0.334375 0.065625 0.06875
0 0.59140625 0.121875 0.0609375 0.0625
0 0.65234375 0.025 0.0703125 0.05
0 0.65 0.08671875 0.06875 0.0703125
0 0.709375 0.05390625 0.075 0.0671875
1 0.03046875 0.97578125 0.0578125 0.0484375
1 0.028125 0.91875 0.05625 0.059375
1 0.0515625 0.59296875 0.065625 0.0609375
1 0.10625 0.63125 0.084375 0.0625
1 0.02578125 0.66328125 0.0515625 0.0703125
1 0.0203125 0.71953125 0.040625 0.0515625
1 0.071875 0.69453125 0.065625 0.0515625
1 0.1109375 0.74375 0.059375 0.071875
1 0.1625 0.7984375 0.0625 0.06875
1 0.025 0.3625 0.05 0.071875
1 0.1125 0.390625 0.090625 0.053125
1 0.1078125 0.46015625 0.065625 0.0703125
1 0.03515625 0.4625 0.0703125 0.084375
1 0.0203125 0.29375 0.040625 0.059375
1 0.025 0.1609375 0.05 0.06875
1 0.153125 0.1 0.0625 0.0625
1 0.225 0.07265625 0.065625 0.0546875
1 0.2828125 0.10703125 0.065625 0.0609375
1 0.340625 0.08359375 0.0625 0.0609375
1 0.64921875 0.15546875 0.0640625 0.0578125
1 0.71484375 0.12578125 0.0609375 0.0671875
1 0.20546875 0.27265625 0.0578125 0.0671875
1 0.265625 0.2515625 0.0625 0.071875
1 0.33203125 0.23515625 0.0578125 0.0578125
1 0.21171875 0.328125 0.0671875 0.05
1 0.27578125 0.3140625 0.0765625 0.065625
1 0.43046875 0.3125 0.0703125 0.05625
1 0.403125 0.36640625 0.071875 0.0640625
1 0.48515625 0.3546875 0.0640625 0.08125
1 0.55546875 0.31796875 0.0609375 0.0640625
1 0.60625 0.28515625 0.0625 0.0609375
1 0.66640625 0.31328125 0.0640625 0.0609375
1 0.753125 0.284375 0.075 0.0625
1 0.93046875 0.2265625 0.0609375 0.059375
1 0.90703125 0.16328125 0.0515625 0.0578125
1 0.96875 0.16171875 0.0625 0.0578125
1 0.971875 0.034375 0.05625 0.059375
1 0.2296875 0.38359375 0.071875 0.0421875
1 0.20390625 0.41953125 0.0859375 0.0453125
1 0.30234375 0.428125 0.0640625 0.0625
1 0.44375 0.41484375 0.06875 0.0546875
1 0.5140625 0.42890625 0.05 0.0640625
1 0.55546875 0.38515625 0.0640625 0.0640625
1 0.62421875 0.36328125 0.0546875 0.0703125
1 0.6046875 0.41953125 0.0625 0.0546875
1 0.7453125 0.41796875 0.053125 0.0640625
1 0.81328125 0.4125 0.0703125 0.05
1 0.7703125 0.4734375 0.065625 0.04375
1 0.746875 0.540625 0.065625 0.0625
1 0.3953125 0.4734375 0.078125 0.075
1 0.32109375 0.48671875 0.0609375 0.0640625
1 0.2375 0.50234375 0.059375 0.0671875
1 0.365625 0.53359375 0.071875 0.0546875
1 0.5546875 0.4703125 0.053125 0.0625
1 0.6328125 0.4875 0.059375 0.065625
1 0.2546875 0.6109375 0.0625 0.06875
1 0.4 0.590625 0.0625 0.06875
1 0.296875 0.665625 0.071875 0.053125
1 0.3703125 0.6515625 0.078125 0.053125
1 0.58515625 0.63828125 0.0578125 0.0515625
1 0.66796875 0.66171875 0.0609375 0.0546875
1 0.559375 0.70078125 0.05625 0.0578125
1 0.63359375 0.71640625 0.0671875 0.0609375
1 0.35 0.71640625 0.075 0.0578125
1 0.38125 0.775 0.06875 0.065625
1 0.603125 0.7828125 0.059375 0.065625
1 0.5625 0.8296875 0.06875 0.05625
1 0.49296875 0.834375 0.0703125 0.065625