1 0.01015625 0.203125 0.0203125 0.05
2 0.2625 0.01953125 0.0515625 0.0390625
0 0.02109375 0.98671875 0.0421875 0.0265625
0 0.065625 0.9859375 0.05 0.028125
0 0.12265625 0.98203125 0.0484375 0.0359375
0 0.17109375 0.98125 0.04375 0.0375
0 0.21796875 0.98125 0.0515625 0.0375
0 0.27265625 0.97890625 0.0453125 0.0421875
0 0.32421875 0.9796875 0.0515625 0.040625
0 0.040625 0.9546875 0.05 0.04375
0 0.09296875 0.94765625 0.05078125 0.04609375
0 0.14375 0.94609375 0.0484375 0.0453125
0 0.19453125 0.940625 0.046875 0.0453125
0 0.24296875 0.9390625 0.04765625 0.04453125
0 0.290625 0.94140625 0.04296875 0.0453125
0 0.3421875 0.93984375 0.05546875 0.04765625
0 0.01953125 0.9109375 0.0390625 0.0453125
0 0.06171875 0.91328125 0.04765625 0.0453125
0 0.1125 0.9078125 0.05 0.04765625
0 0.16796875 0.90078125 0.0484375 0.04453125
0 0.21875 0.89609375 0.046875 0.04375
0 0.26640625 0.9 0.04453125 0.04453125
0 0.3140625 0.89609375 0.0484375 0.04609375
0 0.03515625 0.87109375 0.04921875 0.04765625
0 0.09296875 0.86328125 0.05703125 0.04609375
0 0.1375 0.86640625 0.0453125 0.04921875
0 0.18828125 0.86015625 0.0484375 0.04609375
0 0.2390625 0.85234375 0.0484375 0.04609375
0 0.28515625 0.85859375 0.04765625 0.04765625
0 0.01640625 0.82578125 0.0328125 0.046875
0 0.06015625 0.82421875 0.05078125 0.0484375
0 0.11015625 0.821875 0.04765625 0.04140625
0 0.16171875 0.815625 0.046875 0.04453125
0 0.2078125 0.81875 0.04609375 0.05
0 0.259375 0.815625 0.04765625 0.0453125
0 0.31796875 0.81171875 0.04765625 0.04609375
0 0.371875 0.97890625 0.046875 0.0421875
0 0.39609375 0.9359375 0.05 0.04765625
0 0.37109375 0.8953125 0.0484375 0.0484375
0 0.4265625 0.8921875 0.05546875 0.0484375
0 0.33828125 0.85625 0.053125 0.0484375
0 0.39140625 0.8515625 0.0484375 0.04375
0 0.440625 0.84921875 0.05 0.04765625
0 0.3640625 0.81328125 0.04609375 0.04765625
0 0.4125 0.809375 0.04765625 0.046875
0 0.4625 0.8078125 0.05390625 0.05078125
0 0.4828125 0.7640625 0.04375 0.04765625
0 0.509375 0.71875 0.04765625 0.0484375
0 0.4578125 0.72109375 0.05 0.04765625
0 0.4828125 0.675 0.04609375 0.04609375
0 0.53203125 0.6703125 0.0484375 0.0484375
0 0.45625 0.62890625 0.04609375 0.05
0 0.50546875 0.62890625 0.05078125 0.04609375
0 0.57109375 0.61015625 0.05 0.04765625
0 0.48046875 0.58046875 0.0515625 0.0484375
0 0.53359375 0.5765625 0.04921875 0.04921875
0 0.57890625 0.58046875 0.0453125 0.0375
0 0.4515625 0.54140625 0.04765625 0.04921875
0 0.50390625 0.53046875 0.04765625 0.0484375
0 0.55078125 0.5390625 0.046875 0.0484375
0 0.6078125 0.528125 0.053125 0.04765625
0 0.47578125 0.4984375 0.04921875 0.0484375
0 0.5265625 0.4890625 0.05390625 0.04921875
0 0.5765625 0.490625 0.04609375 0.04765625
0 0.62734375 0.48515625 0.053125 0.04609375
0 0.44765625 0.4546875 0.0515625 0.04609375
0 0.4984375 0.45 0.05078125 0.04921875
0 0.54921875 0.44765625 0.05 0.0453125
0 0.60078125 0.4453125 0.0484375 0.05
0 0.65234375 0.4375 0.046875 0.04765625
0 0.46953125 0.415625 0.05 0.04765625
0 0.52265625 0.40859375 0.04921875 0.04375
0 0.5703125 0.40390625 0.046875 0.046875
0 0.61953125 0.40390625 0.0515625 0.04140625
0 0.67421875 0.39609375 0.04765625 0.046875
0 0.4421875 0.37109375 0.04765625 0.04609375
0 0.490625 0.37265625 0.04609375 0.04765625
0 0.53828125 0.36953125 0.04609375 0.0453125
0 0.5890625 0.36484375 0.04609375 0.04609375
0 0.6421875 0.359375 0.05 0.0453125
0 0.69765625 0.35546875 0.053125 0.0484375
0 0.459375 0.33203125 0.0484375 0.0453125
0 0.51015625 0.32578125 0.04609375 0.046875
0 0.5578125 0.33046875 0.0453125 0.04765625
0 0.6109375 0.31796875 0.0515625 0.04609375
0 0.659375 0.32265625 0.04609375 0.04609375
0 0.7140625 0.31796875 0.0484375 0.04140625
0 0.42890625 0.29296875 0.0484375 0.04609375
0 0.48203125 0.28671875 0.05 0.0453125
0 0.5328125 0.28046875 0.04609375 0.04765625
0 0.5796875 0.2796875 0.046875 0.0453125
0 0.63125 0.28203125 0.04765625 0.0453125
0 0.684375 0.27734375 0.0515625 0.046875
0 0.73828125 0.271875 0.05 0.04609375
0 0.4484375 0.253125 0.046875 0.0484375
0 0.50234375 0.23984375 0.0515625 0.04765625
0 0.55703125 0.23671875 0.04765625 0.04609375
0 0.609375 0.23671875 0.04609375 0.04609375
0 0.6625 0.221875 0.04609375 0.0453125
0 0.71328125 0.2296875 0.0453125 0.04765625
0 0.7625 0.22578125 0.05078125 0.04765625
0 0.42265625 0.21015625 0.04609375 0.0453125
0 0.4703125 0.20546875 0.04609375 0.0453125
0 0.52578125 0.196875 0.04609375 0.04609375
0 0.57265625 0.19921875 0.05 0.04375
0 0.63203125 0.18828125 0.0484375 0.04609375
0 0.68125 0.18984375 0.05078125 0.0484375
0 0.73359375 0.1828125 0.04921875 0.04609375
0 0.7859375 0.178125 0.05078125 0.04375
0 0.43828125 0.16796875 0.0515625 0.05
0 0.49296875 0.16875 0.0484375 0.0453125
0 0.546875 0.15390625 0.05 0.04765625
0 0.60546875 0.14921875 0.0484375 0.046875
0 0.65546875 0.14609375 0.046875 0.0484375
0 0.7046875 0.14140625 0.04453125 0.046875
0 0.7546875 0.1421875 0.05 0.04921875
0 0.81328125 0.13046875 0.046875 0.05
0 0.4125 0.12890625 0.04765625 0.04609375
0 0.465625 0.12578125 0.0484375 0.04609375
0 0.51328125 0.121875 0.046875 0.04296875
0 0.56875 0.11640625 0.04921875 0.046875
0 0.625 0.10625 0.0484375 0.04609375
0 0.678125 0.1015625 0.0484375 0.0453125
0 0.72890625 0.103125 0.046875 0.046875
0 0.77421875 0.1 0.04375 0.04609375
0 0.83828125 0.08515625 0.0484375 0.04375
0 0.43046875 0.09140625 0.046875 0.04375
0 0.48125 0.084375 0.05078125 0.04609375
0 0.53828125 0.08046875 0.0515625 0.05
0 0.5921875 0.06875 0.0484375 0.04609375
0 0.64375 0.07265625 0.05 0.04609375
0 0.70078125 0.065625 0.046875 0.046875
0 0.75078125 0.0578125 0.0484375 0.04609375
0 0.79453125 0.0609375 0.0453125 0.0484375
0 0.40859375 0.0484375 0.05 0.04609375
0 0.45625 0.040625 0.05078125 0.0484375
0 0.50859375 0.03984375 0.04765625 0.04375
0 0.5671875 0.03046875 0.04765625 0.05
0 0.61796875 0.0265625 0.04921875 0.04375
0 0.671875 0.0265625 0.046875 0.0484375
0 0.71875 0.02109375 0.0453125 0.0421875
0 0.7640625 0.021875 0.04375 0.04375
0 0.82578125 0.01328125 0.046875 0.0265625
0 0.85625 0.0421875 0.0484375 0.0453125
0 0.871875 0.01796875 0.04375 0.0359375
0 0.45 0.01328125 0.0484375 0.0265625
0 0.5 0.00859375 0.046875 0.0171875
0 0.5921875 0.00859375 0.040625 0.0171875
0 0.0328125 0.784375 0.05 0.05
0 0.08203125 0.784375 0.04453125 0.0453125
0 0.128125 0.78203125 0.04765625 0.04609375
0 0.1859375 0.77265625 0.05 0.05078125
0 0.2359375 0.775 0.04453125 0.04375
0 0.28515625 0.7734375 0.05390625 0.046875
0 0.3390625 0.7703125 0.0515625 0.04921875
0 0.38828125 0.765625 0.04765625 0.053125
0 0.43671875 0.765625 0.04765625 0.04765625
0 0.01484375 0.74765625 0.0296875 0.046875
0 0.053125 0.7390625 0.0484375 0.04921875
0 0.10078125 0.74140625 0.0453125 0.046875
0 0.15390625 0.73671875 0.05 0.046875
0 0.21015625 0.73359375 0.04609375 0.0484375
0 0.25859375 0.734375 0.04921875 0.04609375
0 0.3125 0.7296875 0.0515625 0.05
0 0.3640625 0.7234375 0.04921875 0.0484375
0 0.40859375 0.72578125 0.04453125 0.04609375
0 0.025 0.70390625 0.05 0.0515625
0 0.07421875 0.7 0.04609375 0.0484375
0 0.13203125 0.68984375 0.0484375 0.046875
0 0.1765625 0.6984375 0.0484375 0.0484375
0 0.23359375 0.6859375 0.04765625 0.0484375
0 0.278125 0.68984375 0.040625 0.046875
0 0.33671875 0.68046875 0.0484375 0.0484375
0 0.38203125 0.68203125 0.04609375 0.04765625
0 0.43828125 0.67265625 0.04609375 0.04921875
0 0.0140625 0.659375 0.028125 0.0453125
0 0.053125 0.65546875 0.04921875 0.04765625
0 0.10703125 0.64921875 0.04921875 0.04453125
0 0.1546875 0.6453125 0.046875 0.0484375
0 0.20390625 0.64921875 0.0484375 0.04765625
0 0.25625 0.64140625 0.05 0.0484375
0 0.30859375 0.63828125 0.05 0.0515625
0 0.36015625 0.6359375 0.046875 0.04609375
0 0.4125 0.62890625 0.0484375 0.05
0 0.02578125 0.61484375 0.0484375 0.05078125
0 0.0765625 0.6109375 0.04765625 0.05
0 0.12578125 0.6078125 0.0484375 0.0453125
0 0.17890625 0.603125 0.04921875 0.04609375
0 0.228125 0.60703125 0.0484375 0.0453125
0 0.278125 0.596875 0.04765625 0.05
0 0.32890625 0.596875 0.053125 0.0484375
0 0.38046875 0.59140625 0.04765625 0.04765625
0 0.4359375 0.58359375 0.05078125 0.04765625
0 0.0109375 0.57578125 0.021875 0.0453125
0 0.04609375 0.57734375 0.04921875 0.04765625
0 0.09765625 0.56875 0.05 0.0484375
0 0.15078125 0.5640625 0.05078125 0.046875
0 0.19453125 0.57109375 0.04296875 0.04609375
0 0.24921875 0.56015625 0.05 0.046875
0 0.30234375 0.55546875 0.05 0.05078125
0 0.346875 0.5578125 0.04375 0.04765625
0 0.39609375 0.55234375 0.053125 0.04609375
0 0.0234375 0.5328125 0.046875 0.0484375
0 0.06875 0.53046875 0.04765625 0.04765625
0 0.125 0.52265625 0.0484375 0.05
0 0.175 0.52109375 0.05 0.04765625
0 0.22265625 0.51796875 0.04375 0.046875
0 0.2671875 0.525 0.04765625 0.04609375
0 0.321875 0.509375 0.0453125 0.0515625
0 0.3671875 0.51328125 0.04453125 0.04765625
0 0.428125 0.49765625 0.0484375 0.04609375
0 0.0390625 0.49140625 0.0484375 0.0453125
0 0.08984375 0.484375 0.0515625 0.0484375
0 0.1390625 0.48515625 0.04453125 0.0421875
0 0.18828125 0.4796875 0.04765625 0.0453125
0 0.23671875 0.47734375 0.046875 0.04921875
0 0.28671875 0.47578125 0.05 0.0515625
0 0.34296875 0.465625 0.05078125 0.04609375
0 0.396875 0.4609375 0.05078125 0.0453125
0 0.01953125 0.45 0.0390625 0.0484375
0 0.0625 0.446875 0.04453125 0.04609375
0 0.1109375 0.44453125 0.04609375 0.05078125
0 0.159375 0.43984375 0.05078125 0.046875
0 0.20859375 0.4375 0.05 0.0484375
0 0.2609375 0.43515625 0.0515625 0.04609375
0 0.31015625 0.434375 0.04609375 0.04765625
0 0.36484375 0.42734375 0.04921875 0.04765625
0 0.415625 0.41953125 0.05 0.04609375
0 0.03203125 0.4109375 0.04296875 0.04375
0 0.084375 0.403125 0.0453125 0.05
0 0.13046875 0.40625 0.04296875 0.046875
0 0.17890625 0.40078125 0.04765625 0.04296875
0 0.2296875 0.3953125 0.0484375 0.05078125
0 0.2796875 0.39375 0.04765625 0.05
0 0.33515625 0.38515625 0.0484375 0.04765625
0 0.384375 0.3796875 0.053125 0.0453125
0 0.01640625 0.36640625 0.0328125 0.05
0 0.05546875 0.3703125 0.0453125 0.05
0 0.10234375 0.3625 0.04609375 0.05078125
0 0.14921875 0.3625 0.04609375 0.046875
0 0.19453125 0.36015625 0.04609375 0.04609375
0 0.24765625 0.3578125 0.046875 0.04765625
0 0.3046875 0.34609375 0.0515625 0.04609375
0 0.35 0.346875 0.04296875 0.04296875
0 0.4046875 0.33828125 0.04765625 0.0484375
0 0.02890625 0.3234375 0.04921875 0.0453125
0 0.07890625 0.32421875 0.04609375 0.04609375
0 0.12734375 0.31875 0.04765625 0.04765625
0 0.1765625 0.31484375 0.04765625 0.046875
0 0.2265625 0.3109375 0.046875 0.04921875
0 0.275 0.309375 0.04765625 0.04765625
0 0.3265625 0.30546875 0.05546875 0.05546875
0 0.3796875 0.2984375 0.05 0.04765625
0 0.01328125 0.28515625 0.0265625 0.046875
0 0.0484375 0.2859375 0.04375 0.0453125
0 0.09453125 0.2828125 0.0453125 0.04765625
0 0.14609375 0.27578125 0.04921875 0.04765625
0 0.19765625 0.27109375 0.046875 0.046875
0 0.24765625 0.2671875 0.04765625 0.05
0 0.29453125 0.26953125 0.05078125 0.04765625
0 0.34921875 0.25859375 0.04921875 0.04609375
0 0.4 0.25703125 0.05 0.0484375
0 0.021875 0.24296875 0.04375 0.046875
0 0.071875 0.23984375 0.04609375 0.04609375
0 0.11953125 0.23671875 0.04609375 0.04609375
0 0.16875 0.23671875 0.05 0.04609375
0 0.21953125 0.22734375 0.04921875 0.0484375
0 0.26953125 0.22578125 0.0484375 0.0484375
0 0.31953125 0.21953125 0.04609375 0.04609375
0 0.37265625 0.21640625 0.0515625 0.04609375
0 0.04453125 0.203125 0.04921875 0.0453125
0 0.09375 0.19453125 0.04921875 0.04609375
0 0.1421875 0.19140625 0.04765625 0.05
0 0.1890625 0.19453125 0.05 0.04609375
0 0.2421875 0.18125 0.0484375 0.0484375
0 0.28984375 0.1859375 0.04921875 0.04765625
0 0.3390625 0.17890625 0.04765625 0.04609375
0 0.38984375 0.175 0.0515625 0.0453125
0 0.01875 0.15625 0.0375 0.0484375
0 0.06484375 0.15390625 0.0484375 0.04765625
0 0.11640625 0.1515625 0.05 0.0484375
0 0.165625 0.1453125 0.0484375 0.05078125
0 0.2140625 0.14453125 0.046875 0.046875
0 0.2640625 0.140625 0.05 0.046875
0 0.3125 0.13984375 0.04921875 0.0484375
0 0.365625 0.134375 0.0484375 0.04765625
0 0.0296875 0.11484375 0.0484375 0.04375
0 0.08828125 0.1078125 0.05234375 0.04765625
0 0.13671875 0.10625 0.046875 0.04609375
0 0.18515625 0.10390625 0.04921875 0.04765625
0 0.2359375 0.1 0.05078125 0.04921875
0 0.28515625 0.09921875 0.04609375 0.04921875
0 0.334375 0.09140625 0.05 0.04765625
0 0.38359375 0.0921875 0.05078125 0.0484375
0 0.01640625 0.0703125 0.0328125 0.046875
0 0.05625 0.06875 0.05 0.0484375
0 0.10625 0.06640625 0.05078125 0.0453125
0 0.1578125 0.0640625 0.0484375 0.04609375
0 0.2078125 0.06171875 0.04765625 0.04609375
0 0.25703125 0.0578125 0.04765625 0.0453125
0 0.30859375 0.05546875 0.05 0.04609375
0 0.35859375 0.04921875 0.05 0.0484375
0 0.0234375 0.02421875 0.046875 0.0453125
0 0.071875 0.0234375 0.0484375 0.046875
0 0.12109375 0.02109375 0.0453125 0.0421875
0 0.16484375 0.02109375 0.0453125 0.0421875
0 0.21796875 0.015625 0.046875 0.03125
0 0.303125 0.01640625 0.0484375 0.0328125
0 0.35234375 0.0171875 0.0453125 0.034375
0 0.40390625 0.0125 0.0484375 0.025