0 0.05234375 0.30625 0.04140625 0.04140625
0 0.09921875 0.284375 0.04140625 0.04453125
0 0.1453125 0.278125 0.04375 0.04453125
0 0.18828125 0.278125 0.04140625 0.04375
0 0.2296875 0.28046875 0.03984375 0.040625
0 0.21328125 0.31484375 0.0390625 0.0390625
0 0.16875 0.31875 0.04296875 0.03828125
0 0.1234375 0.32421875 0.04453125 0.04140625
0 0.08203125 0.32890625 0.0359375 0.0390625
0 0.190625 0.35859375 0.0390625 0.04296875
0 0.14921875 0.35859375 0.040625 0.0421875
0 0.10546875 0.36015625 0.04375 0.03828125
0 0.0578125 0.36484375 0.04140625 0.04375
0 0.08515625 0.39921875 0.0453125 0.04296875
0 0.13125 0.39453125 0.04296875 0.03828125
0 0.171875 0.4 0.03671875 0.03359375
0 0.15859375 0.42734375 0.0421875 0.04453125
0 0.01640625 0.37265625 0.0328125 0.0421875
0 0.03671875 0.41015625 0.0421875 0.03671875
0 0.1109375 0.43515625 0.0484375 0.0421875
0 0.1359375 0.47109375 0.04296875 0.040625
0 0.09296875 0.4703125 0.0421875 0.03984375
0 0.0078125 0.4078125 0.015625 0.0390625
0 0.02265625 0.43984375 0.04140625 0.04140625
0 0.04609375 0.478125 0.04296875 0.04140625
0 0.0625 0.44453125 0.0375 0.03984375
0 0.1140625 0.51171875 0.04375 0.04140625
0 0.096875 0.55 0.04375 0.03984375
0 0.0765625 0.58828125 0.04453125 0.0421875
0 0.02265625 0.5203125 0.04296875 0.04140625
0 0.065625 0.52578125 0.04375 0.04140625
0 0.05 0.55625 0.04375 0.0390625
0 0.0140625 0.5546875 0.028125 0.0453125
0 0.03359375 0.58828125 0.04140625 0.0390625
0 0.05390625 0.63125 0.04140625 0.0421875
0 0.01796875 0.62421875 0.0359375 0.0375
0 0.03515625 0.66796875 0.04375 0.03828125
0 0.0171875 0.709375 0.034375 0.040625