0 0.82109375 0.7421875 0.0640625 0.065625
0 0.05859375 0.675 0.0609375 0.0625
0 0.7203125 0.79296875 0.065625 0.0640625
0 0.7328125 0.2125 0.059375 0.0625
0 0.20859375 0.509375 0.0671875 0.0625
0 0.1703125 0.6125 0.0625 0.065625
0 0.02890625 0.79296875 0.0578125 0.0640625
0 0.97890625 0.82109375 0.0421875 0.0671875
0 0.1046875 0.61953125 0.0625 0.0640625
0 0.878125 0.48984375 0.0625 0.0640625
0 0.0171875 0.92265625 0.034375 0.0640625
0 0.759375 0.45625 0.065625 0.065625
0 0.03828125 0.86171875 0.0640625 0.0640625
0 0.55234375 0.46953125 0.0640625 0.0640625
0 0.88671875 0.61953125 0.0640625 0.0671875
0 0.0296875 0.4125 0.059375 0.065625
0 0.91953125 0.5609375 0.0671875 0.065625
0 0.75625 0.73984375 0.0625 0.0671875
0 0.79140625 0.67578125 0.0640625 0.0671875
0 0.17890625 0.45 0.0640625 0.0625
0 0.58671875 0.53515625 0.0640625 0.0671875
0 0.54765625 0.703125 0.0640625 0.065625
0 0.75625 0.60859375 0.065625 0.0671875
0 0.58125 0.2828125 0.065625 0.0625
0 0.075 0.7359375 0.0625 0.065625
0 0.0640625 0.35703125 0.065625 0.0671875
0 0.5125 0.40703125 0.065625 0.0671875
0 0.78984375 0.80234375 0.0640625 0.0671875
0 0.85703125 0.68125 0.0640625 0.065625
0 0.475 0.5890625 0.065625 0.065625
0 0.67265625 0.85546875 0.0640625 0.0671875
0 0.15078125 0.3921875 0.0640625 0.0625
0 0.553125 0.34765625 0.065625 0.0671875
0 0.6171875 0.47109375 0.0625 0.0671875
0 0.2625 0.35 0.065625 0.065625
0 0.34453125 0.56015625 0.0640625 0.0640625
0 0.72421875 0.66875 0.0640625 0.065625
0 0.14609375 0.94609375 0.0640625 0.0640625
0 0.39921875 0.3546875 0.0640625 0.065625
0 0.615625 0.5953125 0.065625 0.065625
0 0.33359375 0.3578125 0.0640625 0.0625
0 0.61953125 0.33828125 0.0640625 0.0671875
0 0.22421875 0.40078125 0.0640625 0.0671875
0 0.7765625 0.26796875 0.065625 0.0671875
0 0.51171875 0.75859375 0.0640625 0.0640625
0 0.44609375 0.52265625 0.0671875 0.0671875
0 0.9796875 0.70390625 0.040625 0.0640625
0 0.36875 0.29140625 0.0625 0.0671875
0 0.19296875 0.3421875 0.0640625 0.065625
0 0.58359375 0.65078125 0.0671875 0.0640625
0 0.40859375 0.578125 0.0640625 0.065625
0 0.48671875 0.4703125 0.0640625 0.065625
0 0.08203125 0.55703125 0.0640625 0.0640625
0 0.92421875 0.82421875 0.0640625 0.0671875
0 0.121875 0.68203125 0.0625 0.0609375
0 0.815625 0.4953125 0.0625 0.0625
0 0.0890625 0.79765625 0.0625 0.0640625
0 0.01328125 0.35546875 0.0265625 0.0640625
0 0.784375 0.55078125 0.065625 0.0640625
0 0.21328125 0.92578125 0.0609375 0.0671875
0 0.6921875 0.72734375 0.0625 0.0640625
0 0.6953125 0.58046875 0.065625 0.0671875
0 0.84453125 0.43671875 0.0640625 0.0640625
0 0.68515625 0.46015625 0.0671875 0.0671875
0 0.25390625 0.459375 0.0640625 0.065625
0 0.55625 0.80625 0.0625 0.065625
0 0.9765625 0.5515625 0.046875 0.065625
0 0.7203125 0.40546875 0.0625 0.0640625
0 0.42109375 0.459375 0.0671875 0.065625
0 0.6671875 0.63828125 0.0625 0.0640625
0 0.3859375 0.971875 0.059375 0.05625
0 0.06796875 0.91796875 0.0671875 0.0640625
0 0.57734375 0.409375 0.0640625 0.065625
0 0.7984375 0.115625 0.0625 0.065625
0 0.684375 0.346875 0.065625 0.065625
0 0.39375 0.23125 0.0625 0.06875
0 0.01328125 0.6671875 0.0265625 0.065625
0 0.07734375 0.978125 0.0640625 0.04375
0 0.29453125 0.41015625 0.0671875 0.0640625
0 0.9546875 0.75859375 0.0625 0.0671875
0 0.3578125 0.1671875 0.0625 0.065625
0 0.8953125 0.940625 0.06875 0.065625
0 0.6515625 0.5296875 0.065625 0.06875
0 0.50234375 0.9734375 0.0640625 0.053125
0 0.82109375 0.31875 0.0640625 0.0625
0 0.26640625 0.76640625 0.0640625 0.0609375
0 0.71015625 0.15078125 0.0671875 0.0640625
0 0.14765625 0.55078125 0.0640625 0.0671875
0 0.61328125 0.1578125 0.0671875 0.065625
0 0.9453125 0.97734375 0.0625 0.0453125
0 0.3015625 0.29921875 0.065625 0.0640625
0 0.02109375 0.7328125 0.0421875 0.065625
0 0.73515625 0.0921875 0.0640625 0.065625
0 0.85546875 0.97890625 0.0671875 0.0421875
0 0.91015625 0.43125 0.0609375 0.065625
0 0.38125 0.5078125 0.0625 0.0625
0 0.975 0.14765625 0.05 0.0671875
0 0.83125 0.9265625 0.065625 0.065625
0 0.44609375 0.94609375 0.0640625 0.0671875
0 0.3671875 0.6296875 0.065625 0.0625
0 0.59296875 0.753125 0.0671875 0.0625
0 0.1640625 0.8796875 0.0625 0.065625
0 0.740625 0.86015625 0.06875 0.0671875
0 0.85703125 0.80625 0.0671875 0.06875
0 0.45859375 0.22109375 0.0640625 0.0671875
0 0.2328125 0.86328125 0.0625 0.0640625
0 0.3796875 0.10390625 0.065625 0.0671875
0 0.44609375 0.3984375 0.0671875 0.065625
0 0.321875 0.47421875 0.065625 0.0671875
0 0.62578125 0.9078125 0.0640625 0.0625
0 0.0390625 0.61484375 0.0625 0.0640625
0 0.3265625 0.946875 0.0625 0.065625
0 0.4453125 0.79609375 0.0625 0.0671875
0 0.596875 0.2234375 0.0625 0.0625
0 0.6328125 0.696875 0.0625 0.065625
0 0.796875 0.203125 0.065625 0.06875
0 0.2359375 0.015625 0.06875 0.03125
0 0.2984375 0.60546875 0.065625 0.0640625
0 0.60625 0.053125 0.065625 0.071875
0 0.87890625 0.87734375 0.0671875 0.0640625
0 0.28359375 0.8265625 0.0671875 0.06875
0 0.55859375 0.9390625 0.0640625 0.0625
0 0.1234375 0.33125 0.065625 0.065625
0 0.31328125 0.66796875 0.0640625 0.0640625
0 0.13671875 0.74375 0.0609375 0.0625
0 0.61171875 0.84140625 0.0609375 0.0640625
0 0.10546875 0.8640625 0.0640625 0.0625
0 0.8078125 0.8625 0.0625 0.065625
0 0.71484375 0.28046875 0.0671875 0.0671875
0 0.22890625 0.2875 0.0640625 0.065625
0 0.2265625 0.57421875 0.065625 0.0609375
1 0.44296875 0.6546875 0.0640625 0.06875
0 0.20078125 0.74296875 0.0640625 0.0640625
0 0.12421875 0.48828125 0.0640625 0.0640625
0 0.91484375 0.16640625 0.0640625 0.0671875
0 0.25625 0.7046875 0.0625 0.065625
0 0.26171875 0.9703125 0.0640625 0.059375
0 0.18828125 0.675 0.0609375 0.065625
0 0.15234375 0.80859375 0.0640625 0.0671875
0 0.8875 0.75234375 0.065625 0.0640625
0 0.97265625 0.0828125 0.0546875 0.065625
0 0.4421875 0.8796875 0.0625 0.0625
0 0.38671875 0.91171875 0.0640625 0.0640625
0 0.3328125 0.871875 0.065625 0.0625
0 0.32578125 0.734375 0.0640625 0.0625
0 0.3828125 0.69453125 0.065625 0.0640625
0 0.340625 0.79453125 0.0625 0.0671875
0 0.55390625 0.8765625 0.0609375 0.059375
0 0.4984375 0.8359375 0.059375 0.065625
0 0.24140625 0.64140625 0.0640625 0.0671875
0 0.94453125 0.89921875 0.0640625 0.0703125
0 0.3921875 0.759375 0.0625 0.06875
0 0.45625 0.7265625 0.065625 0.0625
0 0.21796875 0.80234375 0.0640625 0.0640625
0 0.96953125 0.41640625 0.0609375 0.0671875
0 0.2765625 0.90859375 0.0625 0.0640625
0 0.3921875 0.8296875 0.059375 0.065625
0 0.50078125 0.91015625 0.0609375 0.0640625
1 0.50703125 0.65390625 0.0578125 0.0640625
1 0.0296875 0.03671875 0.059375 0.0703125
1 0.0921875 0.028125 0.06875 0.05625
1 0.1640625 0.0296875 0.065625 0.059375
1 0.01484375 0.10546875 0.0296875 0.0703125
1 0.06015625 0.08828125 0.0640625 0.0609375
1 0.11875 0.0953125 0.0625 0.075
1 0.1828125 0.08984375 0.06875 0.0640625
1 0.25546875 0.075 0.0578125 0.06875
1 0.0484375 0.15546875 0.059375 0.0703125
1 0.11015625 0.15390625 0.0703125 0.0578125
1 0.17578125 0.15546875 0.0609375 0.0640625
1 0.2421875 0.159375 0.065625 0.06875
1 0.29765625 0.134375 0.0578125 0.065625
1 0.3109375 0.07109375 0.059375 0.0546875
1 0.01875 0.2421875 0.0375 0.071875
1 0.06796875 0.221875 0.0578125 0.059375
1 0.13828125 0.2171875 0.0640625 0.06875
1 0.20234375 0.2203125 0.0671875 0.06875
1 0.26953125 0.22578125 0.0671875 0.0703125
1 0.0921875 0.271875 0.0625 0.065625
1 0.03671875 0.2984375 0.0484375 0.05625
1 0.165625 0.27734375 0.071875 0.0578125
1 0.09609375 0.4265625 0.0640625 0.071875
1 0.06015625 0.48359375 0.0703125 0.0765625
1 0.20625 0.9796875 0.0625 0.040625
1 0.6484375 0.96953125 0.059375 0.0609375
1 0.69296875 0.92421875 0.0671875 0.0578125
1 0.76015625 0.93046875 0.0609375 0.0609375
1 0.71484375 0.97734375 0.0671875 0.0453125
1 0.77890625 0.975 0.0671875 0.05
1 0.9296875 0.6734375 0.0625 0.059375
1 0.95703125 0.61875 0.0734375 0.065625
1 0.82109375 0.61171875 0.0703125 0.0671875
1 0.65703125 0.78046875 0.0734375 0.0734375
1 0.8515625 0.5578125 0.06875 0.065625
1 0.546875 0.59296875 0.071875 0.0578125
1 0.5140625 0.53515625 0.071875 0.0640625
1 0.7203125 0.51640625 0.084375 0.0609375
1 0.94609375 0.4921875 0.0734375 0.05625
1 0.64140625 0.40546875 0.0671875 0.0640625
1 0.36796875 0.425 0.0796875 0.06875
1 0.28046875 0.5359375 0.0765625 0.0625
1 0.79375 0.3921875 0.065625 0.0625
1 0.86328125 0.37265625 0.0578125 0.0609375
1 0.92578125 0.3609375 0.0609375 0.05625
1 0.97890625 0.34921875 0.0421875 0.0609375
1 0.75625 0.3390625 0.059375 0.0625
1 0.44140625 0.290625 0.0640625 0.0625
1 0.48125 0.34140625 0.065625 0.0546875
1 0.5125 0.28515625 0.0625 0.0640625
1 0.5296875 0.225 0.065625 0.065625
1 0.64765625 0.26796875 0.0515625 0.0703125
1 0.665625 0.20234375 0.0625 0.0484375
1 0.8421875 0.25625 0.0625 0.0625
1 0.909375 0.2390625 0.05625 0.0625
1 0.9703125 0.21796875 0.059375 0.0515625
1 0.89296875 0.3046875 0.0609375 0.0625
1 0.95546875 0.2859375 0.0578125 0.065625
1 0.425 0.159375 0.05625 0.065625
1 0.48984375 0.1515625 0.0578125 0.053125
1 0.5484375 0.1578125 0.05625 0.06875
1 0.46171875 0.090625 0.0671875 0.05625
1 0.5421875 0.0765625 0.071875 0.0625
1 0.4796875 0.02578125 0.059375 0.0515625
1 0.5546875 0.0125 0.078125 0.025
1 0.64765625 0.1015625 0.0609375 0.046875
1 0.6828125 0.0421875 0.059375 0.0625
1 0.76953125 0.03359375 0.0609375 0.0671875
1 0.84453125 0.05078125 0.0703125 0.0703125
1 0.91015625 0.06640625 0.0578125 0.0734375
1 0.86484375 0.13125 0.0703125 0.0625