0 0.75390625 0.63984375 0.0640625 0.0640625
0 0.91953125 0.35625 0.0671875 0.065625
0 0.7796875 0.578125 0.0625 0.0625
0 0.725 0.70234375 0.0625 0.0671875
0 0.4625 0.52578125 0.0625 0.0671875
0 0.33359375 0.53515625 0.0640625 0.0671875
0 0.61015625 0.865625 0.0640625 0.065625
0 0.7140625 0.93046875 0.0625 0.0609375
0 0.5484375 0.65234375 0.065625 0.0671875
0 0.68828125 0.63515625 0.0640625 0.0640625
0 0.78828125 0.69609375 0.0640625 0.0609375
0 0.88984375 0.5296875 0.0640625 0.059375
0 0.95390625 0.29765625 0.0671875 0.0671875
0 0.16953125 0.890625 0.0640625 0.065625
0 0.57265625 0.5921875 0.0640625 0.065625
0 0.6609375 0.5296875 0.065625 0.065625
0 0.3609375 0.60078125 0.065625 0.0671875
0 0.8890625 0.41796875 0.065625 0.0671875
0 0.6484375 0.91953125 0.065625 0.0640625
0 0.9515625 0.1765625 0.06875 0.06875
0 0.6375 0.5890625 0.0625 0.065625
0 0.6859375 0.74921875 0.065625 0.0609375
0 0.61015625 0.6453125 0.0609375 0.0625
0 0.84765625 0.58203125 0.0671875 0.0640625
0 0.34140625 0.865625 0.0609375 0.0625
0 0.67734375 0.8609375 0.0671875 0.065625
0 0.3390625 0.0328125 0.065625 0.065625
0 0.81171875 0.52421875 0.0640625 0.0609375
0 0.39921875 0.540625 0.0640625 0.065625
0 0.9234375 0.4796875 0.0625 0.0625
0 0.6296875 0.475 0.065625 0.065625
0 0.821875 0.63984375 0.0625 0.0609375
0 0.9765625 0.2375 0.046875 0.065625
0 0.71484375 0.57265625 0.0640625 0.0640625
0 0.97109375 0.1078125 0.0578125 0.0625
0 0.63828125 0.8046875 0.0640625 0.065625
0 0.478125 0.646875 0.065625 0.065625
0 0.85078125 0.36015625 0.0640625 0.0640625
0 0.81953125 0.41875 0.0671875 0.065625
0 0.4390625 0.584375 0.0625 0.0625
0 0.86328125 0.06953125 0.0640625 0.0609375
0 0.65703125 0.69375 0.0703125 0.0625
0 0.8828125 0.303125 0.06875 0.06875
0 0.16875 0.7671875 0.065625 0.065625
0 0.1390625 0.55703125 0.065625 0.0671875
0 0.27890625 0.85546875 0.0640625 0.0640625
0 0.71875 0.8046875 0.0625 0.0625
0 0.9578125 0.42421875 0.065625 0.0671875
0 0.984375 0.48515625 0.03125 0.0640625
0 0.54296875 0.86328125 0.0640625 0.0671875
0 0.69453125 0.46640625 0.0640625 0.0671875
0 0.684375 0.98203125 0.0625 0.0359375
0 0.75703125 0.759375 0.0671875 0.065625
0 0.6859375 0.1515625 0.06875 0.06875
0 0.11328125 0.95703125 0.0671875 0.0671875
0 0.571875 0.3171875 0.0625 0.065625
0 0.42734375 0.47109375 0.0640625 0.0671875
0 0.50546875 0.5890625 0.0640625 0.06875
0 0.66328125 0.03828125 0.0640625 0.0640625
0 0.1828125 0.42734375 0.0625 0.0640625
0 0.96015625 0.53515625 0.0640625 0.0609375
0 0.50703125 0.328125 0.0671875 0.06875
0 0.7234375 0.3984375 0.0625 0.065625
0 0.48359375 0.39609375 0.0640625 0.0640625
0 0.41171875 0.6515625 0.0640625 0.065625
0 0.853125 0.4734375 0.065625 0.065625
0 0.8140625 0.30546875 0.0625 0.0640625
0 0.6625 0.41171875 0.0625 0.0671875
0 0.0171875 0.45390625 0.034375 0.0640625
0 0.74453125 0.5140625 0.0640625 0.065625
0 0.13984375 0.83203125 0.0640625 0.0671875
0 0.2171875 0.0546875 0.065625 0.065625
0 0.23359375 0.90390625 0.0640625 0.0671875
0 0.2890625 0.07578125 0.065625 0.0640625
0 0.29765625 0.91796875 0.0640625 0.0671875
0 0.38515625 0.98125 0.0671875 0.0375
0 0.15625 0.4890625 0.065625 0.065625
0 0.73203125 0.20078125 0.0734375 0.0671875
0 0.08359375 0.046875 0.0640625 0.0625
0 0.3609375 0.93125 0.065625 0.065625
0 0.15 0.0140625 0.0625 0.028125
0 0.77578125 0.25625 0.0640625 0.0625
0 0.0125 0.81953125 0.025 0.0640625
0 0.303125 0.4484375 0.059375 0.0625
0 0.23984375 0.46015625 0.0671875 0.0671875
0 0.02421875 0.0328125 0.0484375 0.065625
0 0.596875 0.528125 0.065625 0.065625
0 0.28046875 0.0171875 0.0640625 0.034375
0 0.2140625 0.0125 0.065625 0.025
0 0.74609375 0.875 0.0640625 0.059375
0 0.56796875 0.803125 0.0671875 0.065625
0 0.2109375 0.834375 0.0625 0.065625
0 0.52890625 0.5203125 0.0671875 0.06875
0 0.9671875 0.01875 0.065625 0.0375
0 0.2296875 0.734375 0.065625 0.0625
0 0.7171875 0.09140625 0.065625 0.0671875
0 0.0734375 0.5609375 0.0625 0.0625
0 0.196875 0.59609375 0.065625 0.0671875
0 0.4421875 0.33984375 0.0625 0.0640625
0 0.74453125 0.3140625 0.0640625 0.065625
0 0.86015625 0.709375 0.0609375 0.059375
0 0.89140625 0.65078125 0.0640625 0.0609375
0 0.49140625 0.46171875 0.0640625 0.0609375
0 0.75859375 0.1421875 0.0671875 0.0625
0 0.48828125 0.15546875 0.0609375 0.0578125
0 0.4546875 0.98125 0.06875 0.0375
0 0.78203125 0.3640625 0.0640625 0.0625
0 0.82421875 0.753125 0.0609375 0.059375
0 0.9796875 0.36484375 0.040625 0.0671875
0 0.02734375 0.38828125 0.0546875 0.0671875
0 0.31875 0.3578125 0.0625 0.065625
0 0.1015625 0.89453125 0.065625 0.0640625
0 0.209375 0.52734375 0.065625 0.0671875
0 0.3328125 0.19609375 0.0625 0.0640625
0 0.38125 0.34921875 0.0625 0.0640625
0 0.0828125 0.41875 0.0625 0.0625
0 0.36171875 0.47265625 0.0640625 0.0671875
0 0.76015625 0.45234375 0.0640625 0.0671875
0 0.8046875 0.19765625 0.065625 0.0640625
0 0.42109375 0.40390625 0.0640625 0.0671875
0 0.31015625 0.9734375 0.0640625 0.053125
0 0.61953125 0.975 0.0671875 0.05
0 0.1125 0.28125 0.065625 0.065625
0 0.20703125 0.36875 0.0640625 0.0625
0 0.27265625 0.51953125 0.0640625 0.0671875
0 0.31015625 0.25078125 0.0609375 0.0640625
0 0.46015625 0.27734375 0.0640625 0.0609375
0 0.2328125 0.65078125 0.06875 0.0671875
0 0.6109375 0.740625 0.06875 0.065625
0 0.053125 0.846875 0.0625 0.0625
0 0.2671875 0.39375 0.0625 0.065625
0 0.59140625 0.25390625 0.0609375 0.0640625
0 0.821875 0.0265625 0.065625 0.053125
0 0.3703125 0.2875 0.065625 0.065625
0 0.11953125 0.3640625 0.0640625 0.0625
0 0.8453125 0.24453125 0.065625 0.0671875
0 0.11640625 0.71328125 0.0640625 0.0609375
0 0.73515625 0.0296875 0.0640625 0.059375
0 0.3546875 0.409375 0.065625 0.065625
0 0.18125 0.70078125 0.059375 0.0671875
0 0.6171875 0.36484375 0.065625 0.0703125
0 0.4046875 0.8828125 0.065625 0.0625
0 0.63828125 0.303125 0.0609375 0.0625
0 0.534375 0.0234375 0.06875 0.046875
0 0.3984375 0.81875 0.065625 0.0625
0 0.04609375 0.97421875 0.0671875 0.0515625
0 0.5296875 0.9765625 0.065625 0.046875
0 0.9296875 0.6 0.0625 0.0625
0 0.09296875 0.79453125 0.0640625 0.0609375
0 0.2609375 0.32421875 0.065625 0.0640625
0 0.528125 0.2671875 0.065625 0.06875
0 0.47578125 0.215625 0.0640625 0.065625
0 0.40078125 0.17421875 0.0640625 0.0640625
0 0.334375 0.80078125 0.065625 0.0640625
0 0.60625 0.0125 0.065625 0.025
0 0.68671875 0.3421875 0.0640625 0.0625
0 0.78359375 0.825 0.0609375 0.0625
1 0.28203125 0.58515625 0.0546875 0.0578125
0 0.44296875 0.9328125 0.0703125 0.06875
0 0.16875 0.3140625 0.06875 0.0625
1 0.1859375 0.96015625 0.06875 0.0609375
1 0.24765625 0.96796875 0.0546875 0.0640625
1 0.0453125 0.91171875 0.059375 0.0578125
1 0.47578125 0.85546875 0.0671875 0.0703125
1 0.50546875 0.9109375 0.0546875 0.065625
1 0.571875 0.9296875 0.06875 0.071875
1 0.50703125 0.7859375 0.0609375 0.084375
1 0.45234375 0.76328125 0.0640625 0.0859375
1 0.275 0.78046875 0.05625 0.0640625
1 0.0453125 0.7125 0.065625 0.075
1 0.07109375 0.63125 0.0734375 0.071875
1 0.1421875 0.62578125 0.0625 0.0609375
1 0.3 0.64765625 0.05625 0.0703125
1 0.35390625 0.68359375 0.0609375 0.0765625
1 0.471875 0.6921875 0.0625 0.04375
1 0.53203125 0.71640625 0.0671875 0.0609375
1 0.0828125 0.48984375 0.084375 0.0609375
1 0.56171875 0.4546875 0.0578125 0.06875
1 0.5546875 0.3875 0.065625 0.059375
1 0.01953125 0.21328125 0.0390625 0.0609375
1 0.0328125 0.2609375 0.065625 0.053125
1 0.05703125 0.3203125 0.0609375 0.065625
1 0.23359375 0.2515625 0.0609375 0.075
1 0.27265625 0.196875 0.0734375 0.065625
1 0.4078125 0.22734375 0.065625 0.0484375
1 0.17109375 0.21484375 0.0734375 0.0609375
1 0.2109375 0.17890625 0.0625 0.0703125
1 0.2390625 0.11875 0.0625 0.059375
1 0.30078125 0.140625 0.0515625 0.0625
1 0.08828125 0.2265625 0.0671875 0.06875
1 0.06171875 0.16875 0.0671875 0.065625
1 0.13046875 0.17109375 0.0640625 0.0703125
1 0.17265625 0.125 0.0578125 0.059375
1 0.103125 0.10859375 0.05625 0.0609375
1 0.04296875 0.09921875 0.0703125 0.0546875
1 0.15 0.0578125 0.0625 0.0625
1 0.35859375 0.103125 0.0671875 0.075
1 0.403125 0.046875 0.065625 0.0625
1 0.46953125 0.034375 0.0578125 0.06875
1 0.43515625 0.1 0.0671875 0.06875
1 0.5046875 0.0828125 0.071875 0.0625
1 0.5828125 0.06171875 0.065625 0.0609375
1 0.6375 0.1 0.084375 0.0625
1 0.55625 0.13203125 0.053125 0.0703125
1 0.546875 0.18828125 0.05 0.0515625
1 0.603125 0.16328125 0.065625 0.0515625
1 0.6421875 0.2125 0.059375 0.071875
1 0.69375 0.2671875 0.0625 0.06875
1 0.896875 0.01484375 0.071875 0.0296875
1 0.7859375 0.0796875 0.0625 0.06875
1 0.93125 0.059375 0.0625 0.06875
1 0.828125 0.134375 0.071875 0.053125
1 0.9015625 0.1203125 0.078125 0.053125
1 0.88125 0.18515625 0.075 0.0578125
1 0.9125 0.24375 0.06875 0.065625