0 0.15625 0.70703125 0.065625 0.0640625
0 0.47265625 0.45078125 0.0640625 0.0671875
0 0.3328125 0.77265625 0.0625 0.0640625
0 0.45703125 0.51171875 0.0609375 0.0609375
0 0.225 0.946875 0.065625 0.065625
0 0.40078125 0.77265625 0.0609375 0.0640625
0 0.05859375 0.39921875 0.0640625 0.0640625
0 0.18984375 0.6515625 0.0609375 0.0625
0 0.36484375 0.828125 0.0640625 0.0625
0 0.55859375 0.94375 0.0640625 0.065625
0 0.98515625 0.38125 0.0296875 0.0625
0 0.053125 0.65078125 0.065625 0.0671875
0 0.95703125 0.43359375 0.0671875 0.0671875
0 0.0890625 0.70703125 0.065625 0.0640625
0 0.71015625 0.975 0.0640625 0.05
0 0.5953125 0.88828125 0.065625 0.0671875
0 0.5375 0.4359375 0.065625 0.065625
0 0.8390625 0.3 0.065625 0.0625
0 0.79921875 0.4625 0.0640625 0.065625
0 0.4296875 0.8328125 0.0625 0.065625
0 0.4328125 0.71484375 0.0625 0.0640625
0 0.25546875 0.6515625 0.0640625 0.0625
0 0.22265625 0.7078125 0.0640625 0.0625
0 0.68203125 0.9234375 0.0640625 0.0625
0 0.15234375 0.4671875 0.0640625 0.065625
0 0.79375 0.88125 0.065625 0.065625
0 0.1921875 0.8859375 0.065625 0.065625
0 0.93046875 0.8859375 0.0640625 0.065625
0 0.86484375 0.8890625 0.0640625 0.0625
0 0.75546875 0.93203125 0.0640625 0.0671875
0 0.028125 0.4609375 0.05625 0.065625
0 0.2625 0.76640625 0.065625 0.0671875
0 0.29140625 0.94609375 0.0640625 0.0640625
0 0.9 0.82265625 0.0625 0.0671875
0 0.72421875 0.8734375 0.0640625 0.065625
0 0.49375 0.83046875 0.0625 0.0640625
0 0.1203125 0.6484375 0.065625 0.06875
0 0.5265625 0.88671875 0.0625 0.0640625
0 0.46015625 0.890625 0.0640625 0.065625
0 0.78515625 0.97890625 0.0640625 0.0421875
0 0.46484375 0.77265625 0.0609375 0.0640625
0 0.95234375 0.97890625 0.0671875 0.0421875
0 0.6078125 0.43046875 0.06875 0.0671875
0 0.925 0.7625 0.0625 0.06875
0 0.82578125 0.94140625 0.0671875 0.0640625
0 0.66015625 0.48203125 0.0640625 0.0640625
0 0.8890625 0.6984375 0.0625 0.065625
0 0.45625 0.6515625 0.059375 0.065625
0 0.0890625 0.459375 0.0625 0.065625
0 0.8328125 0.83046875 0.065625 0.0640625
0 0.0890625 0.94765625 0.06875 0.0640625
0 0.28671875 0.59296875 0.0609375 0.0671875
0 0.26015625 0.88671875 0.0640625 0.0640625
0 0.359375 0.9515625 0.065625 0.065625
0 0.97890625 0.75234375 0.0421875 0.0671875
0 0.7734375 0.346875 0.06875 0.06875
0 0.47265625 0.3828125 0.0671875 0.0625
0 0.9109375 0.63515625 0.065625 0.0671875
0 0.971875 0.9296875 0.05625 0.065625
0 0.31796875 0.46484375 0.0640625 0.0640625
0 0.7671875 0.52734375 0.06875 0.0703125
0 0.36796875 0.71484375 0.0640625 0.0640625
0 0.6546875 0.8625 0.065625 0.065625
0 0.06328125 0.88828125 0.0671875 0.0640625
0 0.13046875 0.8859375 0.0609375 0.065625
0 0.21953125 0.59375 0.0640625 0.0625
0 0.76015625 0.81875 0.0640625 0.065625
0 0.63046875 0.36796875 0.0734375 0.0609375
0 0.4328125 0.32578125 0.06875 0.0671875
1 0.015625 0.890625 0.03125 0.075
1 0.02734375 0.95 0.0546875 0.05625
1 0.1109375 0.33125 0.06875 0.078125
1 0.2078125 0.41015625 0.059375 0.0671875
1 0.253125 0.459375 0.05625 0.078125
1 0.346875 0.39140625 0.09375 0.0828125
1 0.4125 0.43203125 0.05 0.0671875
1 0.540625 0.3703125 0.06875 0.075
1 0.66875 0.26015625 0.06875 0.1109375
1 0.69296875 0.340625 0.0578125 0.06875
1 0.8390625 0.3734375 0.059375 0.065625
1 0.6828125 0.415625 0.059375 0.059375
1 0.753125 0.4109375 0.075 0.05625
1 0.72421875 0.47421875 0.0671875 0.0640625
1 0.05625 0.5296875 0.0625 0.0625
1 0.12109375 0.5234375 0.0609375 0.05625
1 0.18984375 0.52421875 0.0484375 0.0734375
1 0.253125 0.53125 0.06875 0.053125
1 0.32578125 0.53046875 0.0609375 0.0703125
1 0.38828125 0.509375 0.0640625 0.06875
1 0.5234375 0.5109375 0.065625 0.065625
1 0.584375 0.49609375 0.065625 0.0640625
1 0.0296875 0.58984375 0.059375 0.0578125
1 0.096875 0.58359375 0.05625 0.0640625
1 0.15859375 0.57734375 0.0484375 0.0640625
1 0.35390625 0.58671875 0.0671875 0.0703125
1 0.421875 0.571875 0.06875 0.075
1 0.49140625 0.58125 0.0640625 0.0625
1 0.55859375 0.56796875 0.0640625 0.0703125
1 0.6234375 0.5578125 0.06875 0.059375
1 0.6953125 0.5546875 0.065625 0.071875
1 0.0265625 0.71328125 0.053125 0.0671875
1 0.05234375 0.76796875 0.0734375 0.0546875
1 0.1296875 0.77109375 0.071875 0.0578125
1 0.196875 0.77265625 0.05625 0.0609375
1 0.3265625 0.65625 0.0625 0.05625
1 0.39375 0.64453125 0.05 0.0671875
1 0.29375 0.7078125 0.059375 0.065625
1 0.5265625 0.63671875 0.06875 0.0703125
1 0.59140625 0.61953125 0.0640625 0.0609375
1 0.65 0.6265625 0.0625 0.075
1 0.7140625 0.62109375 0.06875 0.0640625
1 0.78671875 0.60625 0.0578125 0.06875
1 0.5125 0.709375 0.075 0.059375
1 0.5796875 0.68671875 0.059375 0.0703125
1 0.64140625 0.68515625 0.0703125 0.0578125
1 0.70703125 0.68671875 0.0609375 0.0640625
1 0.7734375 0.690625 0.065625 0.06875
1 0.82890625 0.665625 0.0578125 0.065625
1 0.8421875 0.60234375 0.059375 0.0546875
1 0.03203125 0.8265625 0.0640625 0.059375
1 0.096875 0.8296875 0.078125 0.065625
1 0.165625 0.82578125 0.075 0.0671875
1 0.23359375 0.8296875 0.0640625 0.06875
1 0.296875 0.8328125 0.05625 0.059375
1 0.3296875 0.890625 0.075 0.065625
1 0.396875 0.89296875 0.0625 0.0640625
1 0.534375 0.7734375 0.06875 0.071875
1 0.59921875 0.753125 0.0578125 0.059375
1 0.66953125 0.7484375 0.0640625 0.06875
1 0.73359375 0.7515625 0.0671875 0.06875
1 0.80078125 0.75703125 0.0671875 0.0703125
1 0.6234375 0.803125 0.0625 0.065625
1 0.56796875 0.8296875 0.0484375 0.05625
1 0.696875 0.80859375 0.071875 0.0578125
1 0.15390625 0.946875 0.0703125 0.053125
1 0.42578125 0.9546875 0.0609375 0.0625
1 0.49375 0.95546875 0.065625 0.0609375
1 0.62734375 0.9578125 0.0640625 0.071875
1 0.89921875 0.95625 0.0796875 0.06875
1 0.9703125 0.821875 0.059375 0.0625
1 0.95625 0.690625 0.05625 0.065625
1 0.9796875 0.621875 0.040625 0.05625
1 0.9734375 0.50625 0.053125 0.065625
1 0.88359375 0.45234375 0.0765625 0.0640625
1 0.90078125 0.3875 0.0578125 0.05625
1 0.89453125 0.31953125 0.0609375 0.0640625
1 0.95625 0.3234375 0.075 0.059375