0 0.02109375 0.90546875 0.0390625 0.04609375
0 0.06171875 0.90234375 0.04375 0.04609375
0 0.1078125 0.9015625 0.04296875 0.04609375
0 0.15 0.9015625 0.04140625 0.04453125
0 0.20625 0.88203125 0.04296875 0.04453125
0 0.24609375 0.8953125 0.04296875 0.0453125
0 0.2890625 0.89609375 0.0421875 0.04765625
0 0.33359375 0.89296875 0.0421875 0.0453125
0 0.378125 0.8890625 0.04375 0.0453125
0 0.44375 0.86484375 0.04453125 0.046875
0 0.47265625 0.890625 0.03828125 0.04296875
0 0.5125 0.88671875 0.04296875 0.0421875
0 0.55703125 0.88828125 0.04453125 0.04453125
0 0.60390625 0.88046875 0.0453125 0.0453125
0 0.6671875 0.85859375 0.04765625 0.046875
0 0.69375 0.878125 0.0390625 0.0453125
0 0.73515625 0.87890625 0.0421875 0.0453125
0 0.78125 0.875 0.04375 0.0453125
0 0.82578125 0.8734375 0.04453125 0.0453125
0 0.8890625 0.85 0.04375 0.0453125
0 0.921875 0.865625 0.0421875 0.046875
0 0.959375 0.87109375 0.04140625 0.0453125
0 0.01015625 0.946875 0.0203125 0.040625
0 0.04140625 0.94296875 0.0421875 0.040625
0 0.08671875 0.9421875 0.04375 0.0453125
0 0.1328125 0.93984375 0.0421875 0.0421875
0 0.17578125 0.94140625 0.04296875 0.0421875
0 0.21953125 0.9390625 0.0421875 0.03984375
0 0.26875 0.93515625 0.0421875 0.04375
0 0.31171875 0.934375 0.04296875 0.04140625
0 0.35625 0.9328125 0.04140625 0.0421875
0 0.40078125 0.9296875 0.04375 0.0421875
0 0.45078125 0.92890625 0.04140625 0.0375
0 0.49609375 0.92421875 0.0421875 0.0421875
0 0.53828125 0.9265625 0.040625 0.04140625
0 0.5828125 0.921875 0.04375 0.04375
0 0.62578125 0.92421875 0.0421875 0.0421875
0 0.67265625 0.91953125 0.03984375 0.03984375
0 0.71640625 0.9171875 0.0421875 0.0421875
0 0.7578125 0.91875 0.0390625 0.040625
0 0.81015625 0.91015625 0.0421875 0.0421875
0 0.85234375 0.91484375 0.04140625 0.04296875
0 0.8984375 0.9109375 0.03984375 0.03984375
0 0.93984375 0.90703125 0.04140625 0.04140625
0 0.98046875 0.90625 0.0390625 0.040625
0 0.01875 0.98515625 0.0375 0.0296875
0 0.0640625 0.978125 0.04140625 0.040625
0 0.109375 0.98125 0.0421875 0.0375
0 0.15546875 0.9734375 0.04140625 0.040625
0 0.2015625 0.97734375 0.03984375 0.040625
0 0.2453125 0.9734375 0.0421875 0.0421875
0 0.290625 0.971875 0.04140625 0.0421875
0 0.33671875 0.971875 0.040625 0.0421875
0 0.3828125 0.96796875 0.04140625 0.0421875
0 0.4296875 0.96484375 0.04140625 0.03984375
0 0.4765625 0.96015625 0.0421875 0.0390625
0 0.5171875 0.9671875 0.03984375 0.03984375
0 0.56328125 0.96171875 0.04296875 0.03984375
0 0.60703125 0.9640625 0.04296875 0.04140625
0 0.69765625 0.95390625 0.0421875 0.0390625
0 0.74296875 0.95 0.040625 0.040625
0 0.7828125 0.959375 0.03671875 0.040625
0 0.8328125 0.95078125 0.0421875 0.040625
0 0.878125 0.9484375 0.03828125 0.0390625
0 0.92109375 0.95078125 0.04453125 0.04140625
0 0.96484375 0.946875 0.04140625 0.040625
0 0.984375 0.98046875 0.03125 0.0390625
0 0.94453125 0.9828125 0.0421875 0.034375
0 0.409375 0.9890625 0.04375 0.021875
0 0.453125 0.990625 0.0421875 0.01875
0 0.50078125 0.98828125 0.04375 0.0234375
0 0.546875 0.9890625 0.0390625 0.021875
0 0.653125 0.959375 0.04609375 0.04296875
0 0.63125 0.98828125 0.0421875 0.0234375
0 0.675 0.98828125 0.0421875 0.0234375
0 0.728125 0.98359375 0.0421875 0.0328125
0 0.8078125 0.98671875 0.0421875 0.0265625
0 0.8578125 0.98359375 0.040625 0.0328125
0 0.9015625 0.9828125 0.040625 0.034375