0 0.87421875 0.48984375 0.0640625 0.0671875
0 0.46875 0.57421875 0.065625 0.0671875
0 0.88203125 0.1109375 0.0640625 0.0625
0 0.43828125 0.51328125 0.0640625 0.0640625
0 0.915625 0.0265625 0.065625 0.053125
0 0.8484375 0.7296875 0.0625 0.065625
0 0.85078125 0.0546875 0.0640625 0.065625
0 0.50390625 0.5140625 0.0640625 0.065625
0 0.7453125 0.178125 0.065625 0.065625
0 0.78046875 0.7296875 0.0640625 0.0625
0 0.83046875 0.5328125 0.0640625 0.065625
0 0.68203125 0.1546875 0.0640625 0.065625
0 0.7546875 0.2546875 0.0625 0.0625
0 0.8234375 0.28828125 0.065625 0.0671875
0 0.90234375 0.37421875 0.0640625 0.0671875
0 0.23203125 0.26015625 0.0671875 0.0671875
0 0.2625 0.20390625 0.0625 0.0671875
0 0.809375 0.78828125 0.0625 0.0640625
0 0.9 0.55859375 0.06875 0.0703125
1 0.675 0.08515625 0.059375 0.0640625
0 0.8078125 0.10390625 0.071875 0.0640625
0 0.78359375 0.03359375 0.0640625 0.0671875
0 0.9421875 0.0875 0.065625 0.065625
0 0.71796875 0.034375 0.0640625 0.0625
0 0.2 0.190625 0.06875 0.06875
0 0.94453125 0.51640625 0.0640625 0.0640625
0 0.81171875 0.4609375 0.0609375 0.06875
0 0.77109375 0.52109375 0.0609375 0.0671875
0 0.7078125 0.5109375 0.065625 0.06875
0 0.42890625 0.634375 0.0640625 0.065625
0 0.02890625 0.0265625 0.0578125 0.053125
0 0.33984375 0.4296875 0.0640625 0.0625
0 0.98046875 0.47421875 0.0390625 0.0671875
0 0.63984375 0.89296875 0.0671875 0.0671875
0 0.53515625 0.575 0.0640625 0.065625
0 0.36875 0.37890625 0.0625 0.0640625
0 0.46875 0.696875 0.0625 0.065625
0 0.43203125 0.75625 0.0640625 0.0625
0 0.859375 0.428125 0.065625 0.065625
0 0.59765625 0.3984375 0.0640625 0.06875
0 0.984375 0.7609375 0.03125 0.065625
0 0.965625 0.58515625 0.0625 0.0703125
0 0.7578125 0.5796875 0.065625 0.065625
0 0.971875 0.684375 0.05625 0.065625
0 0.40078125 0.56875 0.0671875 0.065625
0 0.81015625 0.6734375 0.0640625 0.0625
0 0.96953125 0.8296875 0.0609375 0.06875
0 0.0578125 0.075 0.06875 0.06875
0 0.38046875 0.16484375 0.0640625 0.0640625
0 0.66015625 0.37421875 0.0640625 0.0640625
0 0.3640625 0.62734375 0.0625 0.0671875
0 0.4 0.69296875 0.065625 0.0640625
0 0.26328125 0.453125 0.0640625 0.065625
0 0.790625 0.90078125 0.0625 0.0640625
0 0.725 0.903125 0.065625 0.0625
0 0.30390625 0.37890625 0.0640625 0.0640625
0 0.61328125 0.32734375 0.0640625 0.0703125
0 0.46796875 0.4578125 0.0609375 0.065625
0 0.2859375 0.1421875 0.065625 0.065625
1 0.73828125 0.0984375 0.0640625 0.053125
0 0.303125 0.2578125 0.0625 0.059375
0 0.7234375 0.3921875 0.065625 0.065625
1 0.80078125 0.21640625 0.0578125 0.0515625
0 0.57265625 0.51640625 0.0671875 0.0609375
0 0.55 0.6390625 0.0625 0.065625
0 0.6921875 0.69921875 0.0625 0.0609375
0 0.34453125 0.10703125 0.0671875 0.0671875
0 0.328125 0.2109375 0.065625 0.0625
0 0.378125 0.2546875 0.06875 0.0625
1 0.8859375 0.16953125 0.059375 0.0453125
0 0.534375 0.7140625 0.0625 0.0625
0 0.39921875 0.3171875 0.0609375 0.065625
0 0.6765625 0.946875 0.0625 0.0625
0 0.5328125 0.2875 0.065625 0.065625
0 0.865625 0.903125 0.065625 0.0625
1 0.49296875 0.640625 0.0578125 0.059375
0 0.29453125 0.51875 0.0671875 0.065625
0 0.3265625 0.59296875 0.071875 0.0671875
0 0.6609375 0.57265625 0.06875 0.0671875
0 0.61171875 0.8359375 0.0671875 0.06875
0 0.465625 0.83828125 0.075 0.0703125
0 0.5390625 0.9625 0.065625 0.06875
0 0.88828125 0.96796875 0.0671875 0.0640625
0 0.43515625 0.3875 0.0734375 0.06875
0 0.5640625 0.2046875 0.06875 0.06875
0 0.42734375 0.21796875 0.0703125 0.0671875
0 0.33125 0.3265625 0.065625 0.06875
1 0.1015625 0.021875 0.075 0.04375
1 0.1453125 0.06171875 0.075 0.0765625
1 0.22265625 0.03671875 0.0640625 0.0734375
1 0.10078125 0.13515625 0.0546875 0.0765625
1 0.16328125 0.121875 0.0578125 0.071875
1 0.225 0.1140625 0.0625 0.078125
1 0.12890625 0.203125 0.0640625 0.06875
1 0.159375 0.25 0.059375 0.078125
1 0.19296875 0.30078125 0.0578125 0.0578125
1 0.2609375 0.31875 0.065625 0.071875
1 0.2296875 0.37421875 0.065625 0.0859375
1 0.290625 0.0546875 0.065625 0.0875
1 0.36328125 0.0234375 0.0640625 0.046875
1 0.42890625 0.01640625 0.0546875 0.0328125
1 0.49296875 0.01796875 0.0609375 0.0359375
1 0.55859375 0.0203125 0.0609375 0.040625
1 0.6265625 0.0296875 0.0625 0.059375
1 0.4015625 0.06484375 0.071875 0.0703125
1 0.48515625 0.0734375 0.0703125 0.078125
1 0.54296875 0.05390625 0.0546875 0.0515625
1 0.60546875 0.0796875 0.0671875 0.0625
1 0.5546875 0.11640625 0.06875 0.0671875
1 0.440625 0.13203125 0.053125 0.0765625
1 0.4984375 0.15859375 0.053125 0.0734375
1 0.6171875 0.1453125 0.053125 0.06875
1 0.49609375 0.2203125 0.0578125 0.071875
1 0.44921875 0.278125 0.0703125 0.0625
1 0.634375 0.20625 0.065625 0.05
1 0.6953125 0.2265625 0.05625 0.071875
1 0.59921875 0.26171875 0.0578125 0.0671875
1 0.659375 0.27421875 0.05625 0.0828125
1 0.7109375 0.31015625 0.05625 0.0796875
1 0.77421875 0.325 0.0703125 0.071875
1 0.48203125 0.33359375 0.0640625 0.0734375
1 0.55 0.34765625 0.065625 0.0734375
1 0.50234375 0.38359375 0.0671875 0.0484375
1 0.5421875 0.43203125 0.071875 0.0578125
1 0.403125 0.446875 0.06875 0.05
1 0.3703125 0.49765625 0.0625 0.0734375
1 0.62265625 0.46640625 0.0609375 0.0796875
1 0.6796875 0.4453125 0.065625 0.06875
1 0.74765625 0.46171875 0.0640625 0.0703125
1 0.79375 0.4 0.071875 0.075
1 0.83984375 0.35625 0.0453125 0.071875
1 0.61171875 0.5765625 0.0453125 0.06875
1 0.62109375 0.640625 0.0703125 0.059375
1 0.68671875 0.640625 0.0578125 0.065625
1 0.746875 0.66484375 0.065625 0.0671875
1 0.6203125 0.71015625 0.071875 0.0703125
1 0.50703125 0.7640625 0.0578125 0.046875
1 0.57109375 0.76640625 0.0640625 0.0546875
1 0.665625 0.76328125 0.053125 0.0765625
1 0.7296875 0.75390625 0.059375 0.0640625
1 0.54140625 0.8234375 0.0703125 0.065625
1 0.50234375 0.88828125 0.0609375 0.0515625
1 0.571875 0.88515625 0.0625 0.0515625
1 0.59921875 0.934375 0.0515625 0.040625
1 0.7546875 0.965625 0.05625 0.06875
1 0.8203125 0.95859375 0.059375 0.0640625
1 0.7 0.8328125 0.059375 0.075
1 0.76015625 0.825 0.0640625 0.08125
1 0.834375 0.85 0.06875 0.065625
1 0.96015625 0.97109375 0.0546875 0.0578125
1 0.934375 0.90234375 0.053125 0.0609375
1 0.984375 0.88671875 0.03125 0.0515625
1 0.9109375 0.8484375 0.075 0.053125
1 0.88515625 0.79453125 0.0703125 0.0640625
1 0.940625 0.75546875 0.065625 0.0734375
1 0.91328125 0.69296875 0.0765625 0.0703125
1 0.88359375 0.63671875 0.0578125 0.0734375
1 0.93984375 0.628125 0.0671875 0.05
1 0.92578125 0.43828125 0.0734375 0.0640625
1 0.96875 0.39375 0.0625 0.065625
1 0.8875 0.30234375 0.05625 0.0609375
1 0.9484375 0.3203125 0.0625 0.075
1 0.86328125 0.22109375 0.0546875 0.0578125
1 0.91875 0.24375 0.0625 0.0625
1 0.97578125 0.25859375 0.0484375 0.0734375
1 0.9484375 0.18984375 0.0625 0.0734375
1 0.96953125 0.1390625 0.0609375 0.053125