1 0.4890625 0.92265625 0.190625 0.1546875
1 0.55546875 0.7765625 0.17421875 0.17578125
1 0.6546875 0.63671875 0.18203125 0.18515625
1 0.7140625 0.48125 0.18359375 0.17734375
1 0.81171875 0.29765625 0.1734375 0.19765625
1 0.9046875 0.16953125 0.18984375 0.1859375
1 0.809375 0.05078125 0.1875 0.1015625
1 0.71328125 0.14453125 0.21328125 0.18984375
1 0.63515625 0.30625 0.21328125 0.18359375
1 0.56015625 0.4359375 0.178125 0.19296875
1 0.478125 0.603125 0.1859375 0.1859375
1 0.4109375 0.76328125 0.18515625 0.18359375
1 0.32734375 0.91015625 0.1578125 0.17578125
1 0.16328125 0.90703125 0.1859375 0.1859375
1 0.22734375 0.75390625 0.1953125 0.1875
1 0.31953125 0.58203125 0.1625 0.17734375
1 0.3921875 0.44453125 0.20703125 0.165625
1 0.45390625 0.290625 0.190625 0.21171875
1 0.53359375 0.128125 0.16171875 0.18828125
1 0.625 0.05 0.209375 0.1
1 0.246875 0.040625 0.1953125 0.08125
1 0.36640625 0.14921875 0.20859375 0.18671875
1 0.1828125 0.1390625 0.18203125 0.20546875
1 0.2703125 0.29609375 0.18984375 0.18984375
1 0.05078125 0.15546875 0.1015625 0.2078125
1 0.09375 0.32265625 0.184375 0.18828125
1 0.215625 0.4515625 0.190625 0.1796875
1 0.06015625 0.478125 0.1203125 0.178125
1 0.15703125 0.60859375 0.19765625 0.1921875
1 0.0671875 0.7875 0.134375 0.190625