1 0.04765625 0.66953125 0.0953125 0.175
1 0.10234375 0.81953125 0.2046875 0.178125
1 0.1671875 0.928125 0.190625 0.14375
1 0.8484375 0.89140625 0.19296875 0.18359375
1 0.6859375 0.90390625 0.1625 0.16953125
1 0.53203125 0.91875 0.184375 0.1625
1 0.34375 0.915625 0.196875 0.16875
1 0.2703125 0.775 0.17734375 0.18203125
1 0.4328125 0.7671875 0.2109375 0.16796875
1 0.59921875 0.759375 0.18984375 0.16953125
1 0.7546875 0.7296875 0.1953125 0.165625
1 0.91796875 0.73203125 0.1640625 0.1859375
1 0.8453125 0.5796875 0.19453125 0.16328125
1 0.65390625 0.60078125 0.2203125 0.1765625
1 0.4890625 0.60859375 0.17421875 0.15859375
1 0.31953125 0.6171875 0.2296875 0.178125
1 0.1375 0.65 0.15625 0.16484375
1 0.071875 0.4890625 0.14375 0.16875
1 0.2 0.4734375 0.2140625 0.18125
1 0.3828125 0.46640625 0.19453125 0.17578125
1 0.55859375 0.4453125 0.21484375 0.1609375
1 0.7359375 0.434375 0.178125 0.1765625
1 0.90703125 0.38515625 0.1859375 0.16875
1 0.95234375 0.2703125 0.0953125 0.1796875
1 0.7828125 0.2625 0.18515625 0.16015625
1 0.61875 0.3015625 0.16015625 0.18125
1 0.44453125 0.3125 0.203125 0.1671875
1 0.25234375 0.32578125 0.19921875 0.17578125
1 0.10703125 0.31640625 0.171875 0.15859375
1 0.05546875 0.17890625 0.1109375 0.165625
1 0.178125 0.1671875 0.1984375 0.184375
1 0.34609375 0.1765625 0.17890625 0.18203125
1 0.50625 0.1609375 0.1984375 0.1640625
1 0.6859375 0.1390625 0.23203125 0.17421875
1 0.89140625 0.13828125 0.1765625 0.18203125
1 0.77578125 0.04453125 0.184375 0.0890625
1 0.4453125 0.0453125 0.196875 0.090625
1 0.26171875 0.04296875 0.19375 0.0859375
1 0.0890625 0.0515625 0.1703125 0.103125