1 0.06015625 0.94609375 0.1203125 0.1078125
1 0.90390625 0.88046875 0.1921875 0.1828125
1 0.71953125 0.88359375 0.15859375 0.1765625
1 0.5609375 0.9203125 0.1796875 0.159375
1 0.38515625 0.93046875 0.1890625 0.1390625
1 0.20703125 0.940625 0.18125 0.11875
1 0.09375 0.8234375 0.1875 0.1734375
1 0.27421875 0.80625 0.19453125 0.1765625
1 0.45 0.7921875 0.16875 0.17421875
1 0.621875 0.753125 0.1921875 0.18046875
1 0.815625 0.75390625 0.1796875 0.16328125
1 0.94921875 0.728125 0.1015625 0.178125
1 0.8953125 0.60390625 0.16875 0.15703125
1 0.71953125 0.60546875 0.184375 0.1671875
1 0.53671875 0.6046875 0.190625 0.190625
1 0.3671875 0.64765625 0.18671875 0.16171875
1 0.1796875 0.67890625 0.18828125 0.14921875
1 0.04609375 0.7 0.0921875 0.1734375
1 0.08828125 0.5390625 0.1765625 0.1796875
1 0.24296875 0.52421875 0.16640625 0.1875
1 0.41953125 0.48359375 0.24609375 0.178125
1 0.6203125 0.465625 0.19296875 0.18359375
1 0.7921875 0.459375 0.171875 0.19296875
1 0.9328125 0.45703125 0.134375 0.1796875
1 0.878125 0.309375 0.16953125 0.16796875
1 0.71015625 0.30625 0.18984375 0.16796875
1 0.5234375 0.33515625 0.19921875 0.18125
1 0.3171875 0.36015625 0.19296875 0.18359375
1 0.1546875 0.37265625 0.1625 0.16953125
1 0.046875 0.39453125 0.09375 0.1765625
1 0.08203125 0.228125 0.1640625 0.16875
1 0.2234375 0.1984375 0.1953125 0.165625
1 0.40234375 0.20078125 0.196875 0.1859375
1 0.5921875 0.16171875 0.19765625 0.17578125
1 0.78359375 0.16015625 0.16796875 0.16640625
1 0.92578125 0.1625 0.1484375 0.1796875
1 0.859375 0.04375 0.184375 0.0875
1 0.6828125 0.0609375 0.184375 0.121875
1 0.48984375 0.0515625 0.1921875 0.103125
1 0.3140625 0.06484375 0.1953125 0.1296875
1 0.12265625 0.07890625 0.2203125 0.1578125