2 0.04921875 0.92109375 0.06328125 0.0484375
2 0.36328125 0.515625 0.08671875 0.08125
2 0.06875 0.31015625 0.05859375 0.053125
0 0.15625 0.98828125 0.0484375 0.0234375
0 0.20703125 0.9859375 0.0515625 0.028125
0 0.259375 0.984375 0.0515625 0.03125
0 0.309375 0.984375 0.0484375 0.03125
0 0.3609375 0.98359375 0.05625 0.0328125
0 0.02421875 0.9625 0.0484375 0.0515625
0 0.0765625 0.96875 0.05390625 0.0515625
0 0.12890625 0.95859375 0.0515625 0.05
0 0.01015625 0.92734375 0.0203125 0.0484375
0 0.10078125 0.915625 0.0484375 0.05
0 0.15078125 0.91640625 0.0515625 0.05234375
0 0.02421875 0.88359375 0.0484375 0.053125
0 0.07265625 0.8765625 0.05 0.053125
0 0.1234375 0.87109375 0.04765625 0.04921875
0 0.04140625 0.8359375 0.05078125 0.04765625
0 0.09453125 0.83125 0.0515625 0.0484375
0 0.14765625 0.828125 0.0515625 0.0515625
0 0.0203125 0.79453125 0.040625 0.0484375
0 0.065625 0.790625 0.05 0.05078125
0 0.03671875 0.7484375 0.0515625 0.0484375
0 0.08828125 0.74375 0.05 0.05078125
0 0.01796875 0.7046875 0.0359375 0.05
0 0.0625 0.70234375 0.05078125 0.05
0 0.11171875 0.6984375 0.05 0.05078125
0 0.03515625 0.66171875 0.04765625 0.04921875
0 0.084375 0.65546875 0.05 0.04921875
0 0.1796875 0.9546875 0.05078125 0.0484375
0 0.23125 0.9546875 0.04765625 0.04765625
0 0.28125 0.9515625 0.05390625 0.04609375
0 0.33359375 0.95078125 0.0515625 0.0484375
0 0.38671875 0.95 0.053125 0.053125
0 0.20234375 0.91171875 0.04921875 0.0484375
0 0.25625 0.91171875 0.05 0.0515625
0 0.309375 0.90859375 0.0515625 0.053125
0 0.3609375 0.90703125 0.05234375 0.0515625
0 0.41015625 0.9015625 0.04765625 0.05234375
0 0.17421875 0.871875 0.0515625 0.0453125
0 0.22890625 0.8671875 0.053125 0.0484375
0 0.28046875 0.86484375 0.0515625 0.05
0 0.3296875 0.86015625 0.0484375 0.04921875
0 0.38125 0.85859375 0.05078125 0.05078125
0 0.43203125 0.85546875 0.0515625 0.05
0 0.2 0.8265625 0.04921875 0.05
0 0.25234375 0.82421875 0.0515625 0.0515625
0 0.30078125 0.81953125 0.04765625 0.0515625
0 0.35 0.81640625 0.0515625 0.0484375
0 0.40390625 0.8140625 0.0515625 0.05
0 0.45546875 0.8125 0.0515625 0.0484375
0 0.11796875 0.7875 0.05390625 0.0484375
0 0.16953125 0.7828125 0.0484375 0.04765625
0 0.2234375 0.78203125 0.04921875 0.0515625
0 0.271875 0.7765625 0.0515625 0.0484375
0 0.32578125 0.77578125 0.053125 0.05
0 0.37890625 0.7734375 0.05078125 0.05078125
0 0.428125 0.7703125 0.04765625 0.04765625
0 0.47734375 0.76484375 0.05078125 0.04609375
0 0.13828125 0.740625 0.04921875 0.046875
0 0.19375 0.73828125 0.0515625 0.0515625
0 0.24453125 0.734375 0.05234375 0.0484375
0 0.2953125 0.73203125 0.053125 0.04453125
0 0.35 0.73046875 0.046875 0.0484375
0 0.39765625 0.728125 0.05 0.0484375
0 0.44921875 0.72578125 0.05 0.05
0 0.5046875 0.7234375 0.0484375 0.0484375
0 0.16484375 0.6984375 0.05078125 0.04921875
0 0.21484375 0.69296875 0.04921875 0.04765625
0 0.26484375 0.68984375 0.05390625 0.0484375
0 0.32109375 0.68984375 0.0515625 0.04765625
0 0.371875 0.68671875 0.05 0.05
0 0.42109375 0.684375 0.05 0.04921875
0 0.475 0.6828125 0.05078125 0.04765625
0 0.52734375 0.6796875 0.04921875 0.05
0 0.13515625 0.6546875 0.0484375 0.04921875
0 0.1859375 0.65390625 0.0515625 0.05
0 0.2390625 0.64765625 0.0515625 0.05
0 0.290625 0.646875 0.053125 0.05
0 0.34296875 0.64453125 0.0484375 0.05
0 0.396875 0.64296875 0.0515625 0.0515625
0 0.446875 0.63828125 0.0453125 0.053125
0 0.49375 0.6359375 0.05 0.05078125
0 0.54765625 0.63203125 0.05078125 0.0515625
0 0.01640625 0.61875 0.0328125 0.0484375
0 0.0578125 0.615625 0.0484375 0.04765625
0 0.11171875 0.6171875 0.04765625 0.0484375
0 0.15859375 0.6125 0.0453125 0.04765625
0 0.20625 0.609375 0.0515625 0.04765625
0 0.2625 0.6078125 0.05390625 0.0484375
0 0.31484375 0.603125 0.04921875 0.0484375
0 0.36640625 0.6 0.05234375 0.05
0 0.4171875 0.596875 0.05 0.0484375
0 0.4671875 0.59375 0.04609375 0.04609375
0 0.51796875 0.5921875 0.05390625 0.0484375
0 0.575 0.5890625 0.0546875 0.04921875
0 0.02734375 0.575 0.05 0.0515625
0 0.07734375 0.57265625 0.05078125 0.046875
0 0.13125 0.56875 0.053125 0.05
0 0.18203125 0.5671875 0.04453125 0.05078125
0 0.23125 0.5671875 0.0546875 0.05234375
0 0.28515625 0.5625 0.0546875 0.0484375
0 0.3390625 0.559375 0.05078125 0.05
0 0.3890625 0.5578125 0.04921875 0.04765625
0 0.43828125 0.55390625 0.0484375 0.0484375
0 0.4875 0.55 0.053125 0.05
0 0.540625 0.54921875 0.04765625 0.0484375
0 0.59375 0.54296875 0.05390625 0.04765625
0 0.0140625 0.53359375 0.028125 0.0484375
0 0.05234375 0.52890625 0.0484375 0.05
0 0.103125 0.528125 0.05 0.053125
0 0.15625 0.52890625 0.05234375 0.05078125
0 0.20703125 0.5265625 0.0484375 0.05078125
0 0.25546875 0.52265625 0.04765625 0.0484375
0 0.30859375 0.5203125 0.0484375 0.053125
0 0.4125 0.5140625 0.04765625 0.053125
0 0.46171875 0.5109375 0.04921875 0.05
0 0.51015625 0.5046875 0.04765625 0.05
0 0.56171875 0.5046875 0.05 0.0484375
0 0.6140625 0.49921875 0.05078125 0.04609375
0 0.02578125 0.48828125 0.05078125 0.0484375
0 0.075 0.48671875 0.0484375 0.04921875
0 0.1265625 0.484375 0.053125 0.0515625
0 0.17734375 0.48125 0.04765625 0.05
0 0.22890625 0.4796875 0.053125 0.05
0 0.28125 0.4765625 0.05234375 0.0484375
0 0.33125 0.4734375 0.04609375 0.0515625
0 0.3796875 0.4734375 0.0515625 0.0515625
0 0.4328125 0.4671875 0.05 0.0515625
0 0.484375 0.465625 0.0484375 0.0515625
0 0.53515625 0.46015625 0.0515625 0.0484375
0 0.58359375 0.45625 0.04453125 0.0484375
0 0.63203125 0.45234375 0.05390625 0.0515625
0 0.01171875 0.4453125 0.0234375 0.0515625
0 0.04921875 0.4453125 0.05234375 0.053125
0 0.1015625 0.440625 0.04921875 0.05078125
0 0.1515625 0.44140625 0.0515625 0.0484375
0 0.20234375 0.4390625 0.05078125 0.0484375
0 0.2546875 0.4359375 0.05234375 0.04921875
0 0.30546875 0.43203125 0.04921875 0.0453125
0 0.3546875 0.42890625 0.0515625 0.05
0 0.40390625 0.4265625 0.0484375 0.05078125
0 0.4546875 0.42421875 0.05 0.05
0 0.5046875 0.4203125 0.046875 0.0484375
0 0.55234375 0.4140625 0.04765625 0.05
0 0.60625 0.4125 0.0546875 0.05
0 0.025 0.39921875 0.05 0.0515625
0 0.07421875 0.40078125 0.0484375 0.0484375
0 0.1234375 0.39921875 0.05 0.0484375
0 0.175 0.39765625 0.053125 0.04765625
0 0.22578125 0.39609375 0.0484375 0.04765625
0 0.275 0.3890625 0.0484375 0.04765625
0 0.32578125 0.3875 0.05390625 0.04609375
0 0.3765625 0.38359375 0.046875 0.04609375
0 0.4234375 0.3796875 0.0484375 0.04765625
0 0.47265625 0.37734375 0.05 0.0484375
0 0.52421875 0.3734375 0.05 0.04765625
0 0.575 0.371875 0.05234375 0.05078125
0 0.62890625 0.36875 0.05078125 0.0484375
0 0.6640625 0.4109375 0.05390625 0.05078125
0 0.68359375 0.3609375 0.05625 0.053125
0 0.04609375 0.35390625 0.05078125 0.05078125
0 0.09609375 0.35625 0.05 0.0484375
0 0.14609375 0.35625 0.0484375 0.0484375
0 0.19765625 0.35234375 0.05234375 0.05078125
0 0.2484375 0.3515625 0.05078125 0.04765625
0 0.2984375 0.34765625 0.0515625 0.05
0 0.3484375 0.3453125 0.05 0.05
0 0.3984375 0.33984375 0.0484375 0.05
0 0.44765625 0.33515625 0.0484375 0.05
0 0.4953125 0.3328125 0.04765625 0.0484375
0 0.54765625 0.33046875 0.0515625 0.04765625
0 0.59765625 0.328125 0.0484375 0.04921875
0 0.01953125 0.315625 0.0390625 0.0484375
0 0.1203125 0.3109375 0.05078125 0.05078125
0 0.1703125 0.309375 0.0484375 0.04921875
0 0.22109375 0.30859375 0.05390625 0.05078125
0 0.2703125 0.30546875 0.04296875 0.05
0 0.3203125 0.30234375 0.05 0.0515625
0 0.3703125 0.30078125 0.046875 0.05078125
0 0.41875 0.29453125 0.0484375 0.04609375
0 0.4703125 0.28984375 0.04765625 0.04609375
0 0.51875 0.2875 0.04921875 0.05
0 0.56953125 0.28515625 0.04921875 0.04765625
0 0.6203125 0.28359375 0.05 0.04765625
0 0.6515625 0.32265625 0.05 0.04609375
0 0.70859375 0.31796875 0.05390625 0.04921875
0 0.6734375 0.27890625 0.05078125 0.0484375
0 0.72578125 0.2734375 0.0515625 0.0453125
0 0.034375 0.2734375 0.05234375 0.04921875
0 0.08984375 0.2734375 0.04765625 0.05078125
0 0.1390625 0.2671875 0.05 0.04453125
0 0.19375 0.2640625 0.05546875 0.05390625
0 0.24296875 0.26171875 0.0453125 0.0484375
0 0.290625 0.2578125 0.0484375 0.04765625
0 0.0171875 0.23046875 0.034375 0.053125
0 0.0609375 0.2296875 0.0515625 0.04921875
0 0.1109375 0.2265625 0.05 0.04765625
0 0.1609375 0.22265625 0.053125 0.04921875
0 0.2140625 0.21953125 0.05078125 0.0484375
0 0.2640625 0.21640625 0.05 0.046875
0 0.315625 0.215625 0.0515625 0.04765625
0 0.03359375 0.18671875 0.0484375 0.053125
0 0.0828125 0.184375 0.04765625 0.0484375
0 0.13359375 0.18046875 0.05078125 0.0484375
0 0.18515625 0.17734375 0.05078125 0.04765625
0 0.23671875 0.17421875 0.0484375 0.05
0 0.28671875 0.171875 0.0484375 0.05
0 0.3375 0.17109375 0.04921875 0.04921875
0 0.0140625 0.14375 0.028125 0.0484375
0 0.05546875 0.14375 0.04921875 0.04921875
0 0.10703125 0.140625 0.05078125 0.04765625
0 0.15390625 0.13515625 0.04765625 0.0484375
0 0.20703125 0.1328125 0.05078125 0.0484375
0 0.25859375 0.1296875 0.05 0.04765625
0 0.309375 0.12734375 0.05078125 0.0484375
0 0.02734375 0.09921875 0.04921875 0.04609375
0 0.0796875 0.0984375 0.04765625 0.0515625
0 0.128125 0.0984375 0.0515625 0.0515625
0 0.18203125 0.09609375 0.05390625 0.05078125
0 0.23125 0.08984375 0.05 0.0484375
0 0.28359375 0.08671875 0.05078125 0.05234375
0 0.33359375 0.08671875 0.0453125 0.0484375
0 0.0125 0.0578125 0.025 0.0453125
0 0.05234375 0.05546875 0.0515625 0.05
0 0.10234375 0.0546875 0.0515625 0.046875
0 0.15625 0.05078125 0.04765625 0.04609375
0 0.20390625 0.04609375 0.0484375 0.05078125
0 0.25546875 0.04375 0.05078125 0.05
0 0.30703125 0.04296875 0.05 0.04765625
0 0.02421875 0.0203125 0.0484375 0.040625
0 0.07578125 0.01796875 0.0484375 0.0359375
0 0.12578125 0.01640625 0.0515625 0.0328125
0 0.175 0.0140625 0.0484375 0.028125
0 0.22734375 0.01328125 0.0515625 0.0265625
0 0.278125 0.01171875 0.0484375 0.0234375
0 0.328125 0.01015625 0.05 0.0203125
0 0.33984375 0.25703125 0.04765625 0.0484375
0 0.38828125 0.25390625 0.05 0.0484375
0 0.43984375 0.25078125 0.05 0.04609375
0 0.490625 0.24921875 0.0515625 0.053125
0 0.54375 0.2453125 0.05 0.04765625
0 0.59453125 0.24296875 0.05234375 0.05
0 0.6453125 0.2375 0.05078125 0.05078125
0 0.696875 0.234375 0.05 0.04921875
0 0.74765625 0.2296875 0.05390625 0.04921875
0 0.36484375 0.21015625 0.04609375 0.0484375
0 0.4140625 0.2078125 0.0484375 0.05
0 0.46171875 0.20625 0.0484375 0.0453125
0 0.51484375 0.20078125 0.0484375 0.05
0 0.5671875 0.2 0.05078125 0.04921875
0 0.615625 0.19609375 0.04609375 0.053125
0 0.66484375 0.1921875 0.0515625 0.0484375
0 0.71796875 0.190625 0.0515625 0.05
0 0.775 0.1859375 0.05078125 0.05
0 0.38671875 0.1671875 0.05 0.05
0 0.4375 0.1640625 0.0484375 0.05
0 0.484375 0.1609375 0.05 0.053125
0 0.5375 0.15859375 0.0515625 0.04765625
0 0.58984375 0.15546875 0.04765625 0.05
0 0.6390625 0.15078125 0.04921875 0.05078125
0 0.69296875 0.14921875 0.05 0.0484375
0 0.74296875 0.14453125 0.046875 0.0484375
0 0.79921875 0.14140625 0.05390625 0.05078125
0 0.3609375 0.12734375 0.0484375 0.05
0 0.40859375 0.12265625 0.05078125 0.04921875
0 0.4578125 0.11875 0.04921875 0.05
0 0.509375 0.11640625 0.0515625 0.04765625
0 0.55859375 0.1140625 0.046875 0.0484375
0 0.6078125 0.109375 0.04921875 0.05078125
0 0.659375 0.1046875 0.05 0.05
0 0.709375 0.10390625 0.04921875 0.04921875
0 0.7671875 0.09921875 0.05078125 0.0484375
0 0.81953125 0.0953125 0.04921875 0.05078125
0 0.38125 0.08046875 0.05 0.04921875
0 0.43125 0.0796875 0.0515625 0.0515625
0 0.48125 0.0734375 0.04921875 0.05078125
0 0.5328125 0.0734375 0.05078125 0.05
0 0.5828125 0.06875 0.046875 0.05078125
0 0.63046875 0.06640625 0.0515625 0.04921875
0 0.6828125 0.0625 0.05390625 0.04609375
0 0.7359375 0.059375 0.05 0.05234375
0 0.78359375 0.0578125 0.046875 0.0515625
0 0.83984375 0.05234375 0.05078125 0.04765625
0 0.35625 0.0390625 0.0484375 0.0484375
0 0.403125 0.0359375 0.04765625 0.04921875
0 0.453125 0.03203125 0.0515625 0.05078125
0 0.50625 0.03046875 0.053125 0.0515625
0 0.5546875 0.02734375 0.04609375 0.04765625
0 0.6046875 0.02421875 0.053125 0.0484375
0 0.65546875 0.02265625 0.0484375 0.0453125
0 0.7078125 0.02109375 0.05 0.0421875
0 0.75390625 0.01875 0.046875 0.0375
0 0.80703125 0.01875 0.0515625 0.0375
0 0.859375 0.015625 0.053125 0.03125