1 0.5078125 0.15625 0.18515625 0.15390625
1 0.6734375 0.14140625 0.203125 0.15078125
1 0.8484375 0.11796875 0.1984375 0.16640625
1 0.9453125 0.09296875 0.109375 0.15
1 0.61328125 0.28671875 0.19375 0.16328125
1 0.76015625 0.28828125 0.16640625 0.18671875
1 0.9078125 0.2546875 0.184375 0.1453125
1 0.67890625 0.43984375 0.2046875 0.14609375
1 0.78046875 0.5671875 0.17890625 0.19296875
1 0.8921875 0.70078125 0.196875 0.18203125
1 0.94765625 0.85078125 0.1046875 0.1640625
1 0.92890625 0.55390625 0.1421875 0.159375
1 0.859375 0.415625 0.1890625 0.16953125