1 0.14453125 0.45 0.18828125 0.1765625
1 0.31171875 0.45546875 0.16171875 0.18828125
1 0.47890625 0.42578125 0.18984375 0.22578125
1 0.665625 0.41953125 0.19765625 0.1953125
1 0.859375 0.3796875 0.18515625 0.17734375
1 0.92578125 0.53515625 0.1484375 0.1890625
1 0.7640625 0.5375 0.18046875 0.22109375
1 0.87578125 0.68828125 0.1875 0.190625
1 0.95703125 0.840625 0.0859375 0.2125
1 0.584375 0.565625 0.175 0.2171875
1 0.70390625 0.7078125 0.1734375 0.1859375
1 0.8234375 0.8578125 0.18125 0.1890625
1 0.9015625 0.9484375 0.1875 0.103125
1 0.72265625 0.946875 0.1671875 0.10625
1 0.63203125 0.86953125 0.18984375 0.18984375
1 0.53125 0.7203125 0.1859375 0.2015625
1 0.4140625 0.603125 0.18515625 0.1875
1 0.22578125 0.61640625 0.18984375 0.18828125
1 0.32421875 0.753125 0.18125 0.22265625
1 0.4390625 0.865625 0.1875 0.1875
1 0.55078125 0.95234375 0.1921875 0.0953125
1 0.08515625 0.91796875 0.1703125 0.1640625
1 0.2609375 0.9140625 0.1859375 0.171875
1 0.1515625 0.77421875 0.1578125 0.18515625
1 0.0734375 0.621875 0.146875 0.2078125
1 0.03984375 0.778125 0.0796875 0.1828125