1 0.0671875 0.94765625 0.134375 0.1046875
1 0.2046875 0.9390625 0.178125 0.121875
1 0.378125 0.915625 0.190625 0.16875
1 0.58046875 0.9296875 0.1921875 0.140625
1 0.76640625 0.91875 0.2109375 0.1625
1 0.91875 0.91015625 0.1625 0.1796875
1 0.84375 0.771875 0.18125 0.18984375
1 0.665625 0.78359375 0.1859375 0.1734375
1 0.47890625 0.8015625 0.209375 0.17890625
1 0.2515625 0.79375 0.18515625 0.16015625
1 0.0875 0.8328125 0.16015625 0.18125
1 0.1546875 0.6703125 0.23203125 0.17421875
1 0.36015625 0.66953125 0.1765625 0.18203125
1 0.53359375 0.63984375 0.18984375 0.18984375
1 0.73671875 0.6453125 0.1953125 0.18046875
1 0.91796875 0.59453125 0.1640625 0.19375
1 0.8328125 0.4875 0.21328125 0.15078125
1 0.64375 0.4984375 0.18515625 0.1796875
1 0.428125 0.51640625 0.23671875 0.1828125
1 0.24453125 0.53984375 0.184375 0.1609375
1 0.078125 0.51171875 0.15625 0.146875
1 0.16015625 0.37734375 0.21796875 0.1828125
1 0.33359375 0.375 0.171875 0.14609375
1 0.5140625 0.38125 0.19765625 0.184375
1 0.7109375 0.35234375 0.20546875 0.190625
1 0.903125 0.35078125 0.1765625 0.1765625
1 0.93828125 0.1765625 0.1234375 0.1859375
1 0.7953125 0.1828125 0.18046875 0.2
1 0.60234375 0.196875 0.20078125 0.15625
1 0.41015625 0.240625 0.18203125 0.184375
1 0.23046875 0.23984375 0.19765625 0.18203125
1 0.06953125 0.225 0.1390625 0.1578125
1 0.14296875 0.0890625 0.190625 0.178125
1 0.30703125 0.0859375 0.240625 0.171875
1 0.51015625 0.0875 0.19375 0.175
1 0.6953125 0.071875 0.2125 0.14375
1 0.86796875 0.0453125 0.18125 0.090625