0 0.259375 0.77421875 0.2046875 0.2078125
0 0.16328125 0.60390625 0.203125 0.2078125
0 0.2578125 0.4296875 0.2015625 0.203125
0 0.45625 0.7765625 0.2046875 0.203125
0 0.63125 0.096875 0.196875 0.19375
0 0.44296875 0.09609375 0.1984375 0.1921875
0 0.3515625 0.26328125 0.196875 0.2046875
0 0.35859375 0.9234375 0.2015625 0.153125
0 0.63828125 0.421875 0.2 0.203125
0 0.64921875 0.7640625 0.196875 0.2
0 0.08515625 0.775 0.1640625 0.20625
0 0.56015625 0.91875 0.1953125 0.1625
0 0.08125 0.09921875 0.1625 0.1890625
0 0.16328125 0.91796875 0.2046875 0.1640625
0 0.0796875 0.4296875 0.159375 0.203125
0 0.3625 0.6046875 0.1953125 0.203125
0 0.834375 0.42421875 0.203125 0.2046875
0 0.734375 0.25 0.190625 0.190625
0 0.74296875 0.59140625 0.1984375 0.2046875
0 0.44453125 0.428125 0.1953125 0.2046875
0 0.55390625 0.59765625 0.196875 0.2
0 0.91171875 0.25625 0.171875 0.2
0 0.2546875 0.096875 0.2 0.1890625
0 0.54453125 0.25703125 0.1984375 0.20625
0 0.16015625 0.26328125 0.196875 0.2046875
0 0.825 0.09609375 0.203125 0.1921875