0 0.32265625 0.840625 0.18515625 0.18828125
0 0.13515625 0.8453125 0.18671875 0.19375
0 0.41796875 0.68359375 0.19375 0.19140625
0 0.41484375 0.9515625 0.1921875 0.096875
0 0.33203125 0.51796875 0.18671875 0.19375
0 0.42578125 0.353125 0.19609375 0.1984375
0 0.61015625 0.95546875 0.1875 0.0890625
0 0.8015625 0.68828125 0.1875 0.190625
0 0.0703125 0.35234375 0.140625 0.196875
0 0.2375 0.3359375 0.19609375 0.2
0 0.071875 0.68203125 0.14375 0.1921875
0 0.61484375 0.3515625 0.1921875 0.203125
0 0.94609375 0.6859375 0.1078125 0.1921875
0 0.51875 0.515625 0.18828125 0.19453125
0 0.51484375 0.8421875 0.19140625 0.19453125
0 0.70703125 0.85 0.190625 0.19375
0 0.228125 0.95625 0.184375 0.0875
0 0.2328125 0.67890625 0.18515625 0.1875
0 0.89609375 0.515625 0.2 0.1984375
0 0.896875 0.85546875 0.190625 0.1921875
0 0.6125 0.6828125 0.1859375 0.1921875
0 0.7125 0.52109375 0.18046875 0.19453125
0 0.1453125 0.515625 0.18828125 0.19375