0 0.4171875 0.875 0.228125 0.2296875
0 0.2359375 0.9046875 0.23125 0.190625
0 0.46796875 0.6984375 0.2359375 0.234375
0 0.53359375 0.94296875 0.2109375 0.1140625
0 0.3421875 0.5609375 0.23125 0.2359375
0 0.390625 0.37734375 0.240625 0.2421875
0 0.72421875 0.91171875 0.2046875 0.134375
0 0.83984375 0.60390625 0.2296875 0.2328125
0 0.0703125 0.46796875 0.140625 0.2265625
0 0.20390625 0.409375 0.240625 0.24375
0 0.13359375 0.78671875 0.1890625 0.2234375
0 0.57265625 0.3265625 0.2375 0.2453125
0 0.95078125 0.56328125 0.0984375 0.2140625
0 0.521875 0.51015625 0.2328125 0.2359375
0 0.603125 0.8265625 0.2359375 0.2375
0 0.790625 0.784375 0.234375 0.2359375
0 0.3546875 0.971875 0.2 0.05625
0 0.28828125 0.7421875 0.228125 0.2296875
0 0.88203125 0.4125 0.2359375 0.24375
0 0.92890625 0.740625 0.1421875 0.234375
0 0.65625 0.64765625 0.2296875 0.234375
0 0.7109375 0.465625 0.225 0.234375
0 0.16171875 0.60703125 0.23125 0.2359375