0 0.18203125 0.875 0.221875 0.178125
0 0.55859375 0.4671875 0.2265625 0.2296875
0 0.6125 0.6515625 0.2265625 0.23125
0 0.428125 0.61015625 0.2296875 0.2328125
0 0.6875 0.3265625 0.225 0.228125
0 0.30234375 0.759375 0.228125 0.234375
0 0.55546875 0.92890625 0.2203125 0.1421875
0 0.1859375 0.3828125 0.228125 0.2296875
0 0.746875 0.50703125 0.2234375 0.225
0 0.0859375 0.534375 0.171875 0.23125
0 0.04921875 0.83828125 0.0984375 0.1734375
0 0.25 0.08515625 0.228125 0.1703125
0 0.746875 0.94921875 0.221875 0.1015625
0 0.68046875 0.82578125 0.2203125 0.2203125
0 0.9140625 0.52890625 0.171875 0.2140625
0 0.31328125 0.2421875 0.2296875 0.23125
0 0.365625 0.9109375 0.215625 0.1765625
0 0.8515625 0.86875 0.203125 0.225
0 0.13515625 0.2 0.203125 0.225
0 0.24375 0.56875 0.23125 0.234375
0 0.4921875 0.79296875 0.2296875 0.2359375
0 0.11484375 0.71875 0.228125 0.234375
0 0.62734375 0.14765625 0.221875 0.225
0 0.50625 0.28515625 0.2234375 0.225
0 0.94453125 0.2 0.1109375 0.2125
0 0.3734375 0.4203125 0.221875 0.221875
0 0.8171875 0.1734375 0.2203125 0.2234375
0 0.8015625 0.68828125 0.234375 0.234375
0 0.8734375 0.35078125 0.2234375 0.2234375
0 0.43828125 0.10859375 0.2265625 0.2171875