0 0.72265625 0.85859375 0.2046875 0.2015625
0 0.5375 0.8546875 0.2 0.2
0 0.075 0.93203125 0.15 0.0984375
0 0.7375 0.53203125 0.2 0.203125
0 0.2609375 0.67578125 0.196875 0.2
0 0.8109375 0.965625 0.196875 0.06875
0 0.8984375 0.86171875 0.175 0.2015625
0 0.64296875 0.6890625 0.1953125 0.2
0 0.0984375 0.33046875 0.190625 0.2125
0 0.82265625 0.70234375 0.196875 0.196875
0 0.4484375 0.68359375 0.203125 0.203125
0 0.04375 0.49140625 0.0875 0.1984375
0 0.03359375 0.81796875 0.0671875 0.1984375
0 0.1578125 0.8328125 0.2 0.203125
0 0.3640625 0.50859375 0.209375 0.209375
0 0.346875 0.84765625 0.2 0.2015625
0 0.08515625 0.66015625 0.1703125 0.2015625
0 0.553125 0.521875 0.2 0.2046875
0 0.18046875 0.5046875 0.190625 0.203125
0 0.91484375 0.52109375 0.1703125 0.2046875