0 0.1984375 0.3234375 0.2484375 0.25
0 0.09375 0.19140625 0.1875 0.2265625
0 0.390625 0.278125 0.2453125 0.24375
0 0.3390625 0.47109375 0.2453125 0.2484375
0 0.57421875 0.21875 0.2375 0.240625
0 0.06640625 0.365625 0.1328125 0.2375
0 0.53203125 0.41171875 0.2375 0.2453125
0 0.14765625 0.50859375 0.2484375 0.253125
0 0.26015625 0.14140625 0.2328125 0.2265625
0 0.6265625 0.07578125 0.234375 0.1515625
0 0.44453125 0.1 0.2328125 0.2
0 0.475 0.60390625 0.2453125 0.2515625
0 0.29140625 0.64921875 0.24375 0.2453125
0 0.4296875 0.7953125 0.2453125 0.2484375