0 0.1125 0.4890625 0.19375 0.19375
0 0.11953125 0.825 0.1921875 0.19453125
0 0.6859375 0.8109375 0.19375 0.19765625
0 0.58984375 0.64296875 0.19453125 0.18984375
0 0.21015625 0.31484375 0.19453125 0.1921875
0 0.2125 0.94765625 0.1890625 0.1046875
0 0.06015625 0.32109375 0.1203125 0.190625
0 0.67734375 0.159375 0.18046875 0.184375
0 0.58671875 0.31171875 0.184375 0.1890625
0 0.496875 0.809375 0.1875 0.19453125
0 0.5828125 0.0390625 0.190625 0.078125
0 0.40234375 0.9421875 0.1828125 0.115625
0 0.2078125 0.04296875 0.190625 0.0859375
0 0.3046875 0.48203125 0.19296875 0.1890625
0 0.58671875 0.94296875 0.1828125 0.1140625
0 0.3984375 0.309375 0.18984375 0.19296875
0 0.8671875 0.15234375 0.17890625 0.1828125
0 0.12109375 0.15 0.18515625 0.18984375
0 0.68359375 0.4734375 0.1921875 0.1890625
0 0.3015625 0.15390625 0.1875 0.1875
0 0.87109375 0.4734375 0.1828125 0.19140625
0 0.77578125 0.6421875 0.1875 0.18125
0 0.77109375 0.31171875 0.18671875 0.184375
0 0.49140625 0.47421875 0.1828125 0.19296875
0 0.06015625 0.6609375 0.1203125 0.1921875
0 0.4 0.64453125 0.18203125 0.1859375
0 0.21796875 0.65 0.1875 0.190625
0 0.4921875 0.1484375 0.18828125 0.18046875
0 0.93828125 0.30859375 0.1234375 0.19375
0 0.771875 0.04296875 0.1875 0.0859375
0 0.30703125 0.81328125 0.18984375 0.190625