0 0.21015625 0.84609375 0.19453125 0.1921875
0 0.06015625 0.85234375 0.1203125 0.190625
0 0.67734375 0.690625 0.18046875 0.184375
0 0.58671875 0.84296875 0.184375 0.1890625
0 0.5828125 0.5125 0.190625 0.19296875
0 0.2078125 0.51953125 0.18984375 0.19375
0 0.3046875 0.959375 0.1921875 0.08125
0 0.3984375 0.840625 0.18984375 0.19296875
0 0.8671875 0.68359375 0.17890625 0.1828125
0 0.12109375 0.68125 0.18515625 0.18984375
0 0.68359375 0.95546875 0.1921875 0.0890625
0 0.3015625 0.68515625 0.1875 0.1875
0 0.87109375 0.9546875 0.1828125 0.090625
0 0.77109375 0.84296875 0.18671875 0.184375
0 0.49140625 0.9546875 0.1828125 0.090625
0 0.9328125 0.51328125 0.134375 0.1921875
0 0.4921875 0.6796875 0.18828125 0.18046875
0 0.93828125 0.83984375 0.1234375 0.19375
0 0.771875 0.5203125 0.18828125 0.19375
0 0.05859375 0.51875 0.1171875 0.19375
0 0.39453125 0.49921875 0.1796875 0.196875