0 0.1546875 0.8109375 0.19375 0.19765625
0 0.078125 0.64296875 0.15625 0.1890625
0 0.14609375 0.159375 0.18046875 0.184375
0 0.07421875 0.31171875 0.1484375 0.1890625
0 0.0734375 0.94296875 0.146875 0.1140625
0 0.3359375 0.15234375 0.17890625 0.1828125
0 0.15234375 0.4734375 0.1921875 0.1890625
0 0.33984375 0.4734375 0.1828125 0.19140625
0 0.24453125 0.6421875 0.1875 0.18125
0 0.23984375 0.31171875 0.18671875 0.184375
0 0.42734375 0.0390625 0.1859375 0.078125
0 0.52265625 0.1484375 0.18828125 0.19296875
0 0.434375 0.30859375 0.17890625 0.19296875
0 0.240625 0.04296875 0.1875 0.0859375
0 0.60859375 0.04140625 0.18125 0.0828125