0 0.2453125 0.76171875 0.2078125 0.2109375
0 0.15859375 0.5859375 0.20625 0.2109375
0 0.2625 0.4171875 0.2046875 0.20625
0 0.4421875 0.77421875 0.2078125 0.20625
0 0.653125 0.103125 0.2 0.2015625
0 0.46484375 0.09609375 0.2015625 0.1921875
0 0.3640625 0.25625 0.2 0.2078125
0 0.3375 0.91796875 0.203125 0.159375
0 0.6421875 0.42890625 0.203125 0.20625
0 0.63515625 0.77109375 0.2 0.203125
0 0.07734375 0.753125 0.1546875 0.209375
0 0.5390625 0.91953125 0.196875 0.1609375
0 0.0984375 0.0875 0.175 0.175
0 0.14296875 0.903125 0.2078125 0.175
0 0.0828125 0.40859375 0.165625 0.2046875
0 0.3578125 0.59765625 0.1984375 0.20625
0 0.83828125 0.44140625 0.20625 0.2078125
0 0.74765625 0.2625 0.19375 0.19375
0 0.73828125 0.60390625 0.2015625 0.2078125
0 0.4484375 0.42578125 0.1984375 0.2078125
0 0.54921875 0.6 0.2 0.203125
0 0.91796875 0.278125 0.1640625 0.203125
0 0.275 0.090625 0.203125 0.18125
0 0.55703125 0.259375 0.2015625 0.209375
0 0.17265625 0.2453125 0.2 0.2078125
0 0.84609375 0.11015625 0.20625 0.203125