0 0.9078125 0.73671875 0.184375 0.2296875
0 0.75 0.790625 0.23125 0.2359375
0 0.4453125 0.70703125 0.23125 0.234375
0 0.93046875 0.56640625 0.1390625 0.2234375
0 0.85546875 0.4234375 0.23125 0.2359375
0 0.87734375 0.246875 0.1875 0.228125
0 0.5359375 0.3375 0.2359375 0.2390625
0 0.7171875 0.271875 0.240625 0.24375
0 0.68515625 0.9265625 0.2078125 0.1265625
0 0.625 0.6546875 0.2328125 0.234375
0 0.5078125 0.9515625 0.2 0.096875
0 0.12421875 0.61953125 0.23125 0.2359375
0 0.57109375 0.83984375 0.23125 0.2328125
0 0.3859375 0.884375 0.234375 0.23125
0 0.86875 0.8734375 0.2 0.1328125
0 0.25078125 0.75390625 0.234375 0.2359375
0 0.3578125 0.39453125 0.2375 0.2421875
0 0.8015625 0.6046875 0.228125 0.2296875
0 0.48984375 0.5265625 0.2375 0.234375
0 0.67421875 0.46953125 0.23125 0.2359375
0 0.17265625 0.41953125 0.2375 0.24375
0 0.05546875 0.47734375 0.1109375 0.2171875
0 0.3109375 0.57734375 0.23125 0.2328125