0 0.2265625 0.87578125 0.23125 0.234375
0 0.1171875 0.72734375 0.1921875 0.2171875
0 0.0953125 0.23984375 0.190625 0.2171875
0 0.06796875 0.4046875 0.1359375 0.215625
0 0.17421875 0.975 0.1671875 0.05
0 0.2671875 0.19375 0.2125 0.215625
0 0.1546875 0.54609375 0.2265625 0.225
0 0.3375 0.50703125 0.21875 0.225
0 0.2796875 0.6921875 0.2203125 0.215625
0 0.20625 0.3703125 0.2203125 0.21875
0 0.3328125 0.0640625 0.1984375 0.115625
0 0.44921875 0.1515625 0.225 0.228125
0 0.39609375 0.3265625 0.215625 0.2265625
0 0.1515625 0.10703125 0.2015625 0.1234375
0 0.5109375 0.04375 0.19375 0.0875