0 0.121875 0.415625 0.2265625 0.2265625
0 0.08828125 0.7453125 0.1765625 0.228125
0 0.6234375 0.840625 0.228125 0.23125
0 0.5609375 0.6578125 0.2265625 0.2234375
0 0.25078125 0.26328125 0.228125 0.225
0 0.13203125 0.884375 0.20625 0.1390625
0 0.10234375 0.240625 0.1546875 0.209375
0 0.7390625 0.19921875 0.2125 0.215625
0 0.62109375 0.33203125 0.2171875 0.2203125
0 0.43828125 0.803125 0.221875 0.2265625
0 0.66953125 0.06328125 0.2015625 0.1125
0 0.31953125 0.915625 0.2015625 0.1484375
0 0.3 0.02734375 0.203125 0.0546875
0 0.31171875 0.4453125 0.225 0.221875
0 0.50078125 0.9390625 0.2015625 0.121875
0 0.43671875 0.29375 0.2234375 0.225
0 0.91015625 0.22890625 0.1796875 0.2140625
0 0.19375 0.09765625 0.21875 0.1953125
0 0.68515625 0.50859375 0.225 0.221875
0 0.37109375 0.12265625 0.2203125 0.2203125
0 0.86953125 0.54453125 0.215625 0.2234375
0 0.74375 0.6921875 0.21875 0.2140625
0 0.80234375 0.3671875 0.21875 0.2171875
0 0.49609375 0.4734375 0.215625 0.225
0 0.05703125 0.57421875 0.1140625 0.2109375
0 0.37421875 0.62265625 0.2140625 0.2171875
0 0.19453125 0.59375 0.2203125 0.2234375
0 0.559375 0.153125 0.21875 0.2125
0 0.94375 0.39609375 0.1125 0.2140625
0 0.85390625 0.103125 0.2 0.1203125
0 0.25078125 0.77109375 0.2234375 0.2234375