0 0.33671875 0.29765625 0.1984375 0.2
0 0.0578125 0.77890625 0.115625 0.2015625
0 0.1 0.915625 0.1921875 0.128125
0 0.4765625 0.9390625 0.196875 0.121875
0 0.66953125 0.9421875 0.2015625 0.115625
0 0.14921875 0.2890625 0.2 0.20625
0 0.4421875 0.14765625 0.20625 0.2046875
0 0.4171875 0.4640625 0.2046875 0.209375
0 0.69140625 0.65703125 0.2078125 0.209375
0 0.80390625 0.509375 0.203125 0.2046875
0 0.3640625 0.03984375 0.190625 0.0796875
0 0.28671875 0.92578125 0.2 0.1328125
0 0.61171875 0.484375 0.2 0.2078125
0 0.825 0.17890625 0.2 0.203125
0 0.77578125 0.834375 0.2078125 0.209375
0 0.94296875 0.5265625 0.1140625 0.2
0 0.07109375 0.45390625 0.1421875 0.2015625
0 0.309375 0.62734375 0.209375 0.20625
0 0.09765625 0.121875 0.15625 0.2015625
0 0.3921875 0.7984375 0.2078125 0.2078125
0 0.58359375 0.8125 0.203125 0.2109375
0 0.95390625 0.1859375 0.0921875 0.2
0 0.12265625 0.621875 0.196875 0.2046875
0 0.55 0.04453125 0.19375 0.0890625
0 0.528125 0.3125 0.2046875 0.2078125
0 0.9265625 0.85 0.1125 0.1984375
0 0.86015625 0.95078125 0.1984375 0.0984375
0 0.71953125 0.33359375 0.203125 0.20625
0 0.23046875 0.45625 0.196875 0.2
0 0.2578125 0.1296875 0.1984375 0.2
0 0.9125 0.07109375 0.175 0.0984375
0 0.903125 0.35234375 0.19375 0.2046875
0 0.63671875 0.16015625 0.1984375 0.2046875
0 0.2015625 0.79140625 0.203125 0.20625
0 0.74375 0.059375 0.1875 0.1
0 0.17734375 0.03203125 0.1921875 0.0640625
0 0.5015625 0.634375 0.1953125 0.2
0 0.88359375 0.68203125 0.20625 0.2046875