0 0.94453125 0.4625 0.0890625 0.0890625
0 0.675 0.35 0.0875 0.0875
0 0.86328125 0.44921875 0.090625 0.090625
0 0.82109375 0.72734375 0.0875 0.0859375
0 0.97578125 0.3984375 0.0484375 0.084375
0 0.7375 0.7140625 0.090625 0.0890625
0 0.9625 0.5359375 0.075 0.090625
0 0.4765625 0.04296875 0.0875 0.0859375
0 0.959375 0.325 0.08125 0.0875
0 0.396875 0.0359375 0.090625 0.071875
0 0.6109375 0.76484375 0.0890625 0.0890625
0 0.89921875 0.7328125 0.0890625 0.090625
0 0.8421875 0.5859375 0.0890625 0.0875
0 0.16171875 0.0171875 0.0859375 0.034375
0 0.70234375 0.42578125 0.0859375 0.0875
0 0.54921875 0.609375 0.0875 0.0890625
0 0.85234375 0.23828125 0.0859375 0.0875
0 0.75234375 0.3625 0.0890625 0.090625
0 0.690625 0.7765625 0.0890625 0.0890625
0 0.59375 0.33671875 0.0875 0.0875
0 0.2421875 0.0234375 0.0875 0.046875
0 0.78046875 0.98125 0.0890625 0.0375
0 0.1 0.61875 0.0859375 0.084375
0 0.7203125 0.8515625 0.0875 0.090625
0 0.9328125 0.24921875 0.0890625 0.0890625
0 0.62109375 0.9640625 0.0921875 0.071875
0 0.18046875 0.62890625 0.084375 0.0859375
0 0.90078125 0.17578125 0.0890625 0.0890625
0 0.4859375 0.25234375 0.0859375 0.0875
0 0.70234375 0.971875 0.0953125 0.05625
0 0.38671875 0.37578125 0.0875 0.0875
0 0.21484375 0.14140625 0.0875 0.0890625
0 0.8890625 0.52578125 0.0859375 0.0875
0 0.790625 0.65 0.090625 0.090625
0 0.60390625 0.55234375 0.0859375 0.084375
0 0.5296875 0.75234375 0.0875 0.0890625
0 0.42890625 0.103125 0.0859375 0.0859375
0 0.13515625 0.12578125 0.0890625 0.090625
0 0.0703125 0.5421875 0.0859375 0.0875
0 0.05234375 0.88203125 0.0921875 0.0921875
0 0.40625 0.23984375 0.0875 0.0875
0 0.9125 0.38671875 0.0890625 0.0890625
0 0.64296875 0.8421875 0.084375 0.0875
0 0.91953125 0.5984375 0.0875 0.0890625
0 0.3984375 0.8046875 0.0859375 0.0859375
0 0.62265625 0.409375 0.090625 0.0921875
0 0.43515625 0.31171875 0.0859375 0.0859375
0 0.1296875 0.69296875 0.0875 0.0875
0 0.14765625 0.553125 0.0890625 0.090625
0 0.76171875 0.5765625 0.090625 0.0890625
0 0.6546875 0.484375 0.0875 0.0875
0 0.88046875 0.3109375 0.0890625 0.0921875
0 0.35859375 0.296875 0.0875 0.0859375
0 0.26796875 0.078125 0.0875 0.0875
0 0.87109375 0.659375 0.0890625 0.0921875
0 0.84921875 0.796875 0.0875 0.0890625
0 0.7703125 0.78828125 0.0875 0.090625
0 0.25234375 0.4203125 0.0890625 0.0890625
0 0.559375 0.83046875 0.0890625 0.0890625
0 0.5375 0.1921875 0.0875 0.0875
0 0.70703125 0.640625 0.0875 0.090625
0 0.09453125 0.01171875 0.0640625 0.0234375
0 0.53828125 0.959375 0.0921875 0.08125
0 0.7828125 0.43359375 0.0890625 0.090625
0 0.50703125 0.11328125 0.0859375 0.0875
0 0.07265625 0.1171875 0.0578125 0.084375
0 0.80078125 0.8640625 0.090625 0.09375
0 0.2953125 0.15078125 0.0875 0.090625
0 0.15859375 0.76328125 0.090625 0.090625
0 0.9265625 0.80625 0.08125 0.0921875
0 0.46171875 0.3890625 0.0859375 0.0875
0 0.04921875 0.68125 0.090625 0.090625
0 0.809375 0.51328125 0.0890625 0.090625
0 0.6734375 0.91640625 0.0859375 0.0859375
0 0.2109375 0.70234375 0.0859375 0.0875
0 0.7296875 0.503125 0.0875 0.0890625
0 0.134375 0.89375 0.0890625 0.090625
0 0.05234375 0.25 0.0546875 0.0859375
0 0.8734375 0.10234375 0.084375 0.0875
0 0.51640625 0.321875 0.0890625 0.0890625
0 0.34765625 0.09140625 0.0890625 0.0875
0 0.578125 0.69140625 0.0890625 0.0875
0 0.3765625 0.165625 0.0875 0.0890625
0 0.36640625 0.51640625 0.0859375 0.084375
0 0.41015625 0.45390625 0.0875 0.0890625
0 0.48046875 0.8125 0.090625 0.0890625
0 0.80390625 0.29375 0.0890625 0.090625
0 0.69375 0.21328125 0.0875 0.0875
0 0.45 0.7421875 0.0875 0.0890625
0 0.64453125 0.2734375 0.0859375 0.0875
0 0.01796875 0.53046875 0.0359375 0.0828125
0 0.72109375 0.284375 0.0875 0.0890625
0 0.26171875 0.64140625 0.090625 0.0890625
0 0.45546875 0.95234375 0.0890625 0.0859375
0 0.5421875 0.396875 0.084375 0.0859375
0 0.1140625 0.2625 0.090625 0.090625
0 0.22109375 0.346875 0.0859375 0.0859375
0 0.275 0.28671875 0.0859375 0.0859375
0 0.615625 0.20390625 0.0859375 0.0859375
0 0.43984375 0.53359375 0.084375 0.0875
0 0.45625 0.1765625 0.0859375 0.0875
0 0.03203125 0.60390625 0.0640625 0.0890625
0 0.08671875 0.40703125 0.0875 0.0875
0 0.33515625 0.4328125 0.0890625 0.0890625
0 0.04296875 0.465625 0.0859375 0.090625
0 0.18828125 0.0671875 0.0875 0.0875
0 0.8609375 0.98828125 0.0875 0.0234375
0 0.74296875 0.1484375 0.0859375 0.0859375
0 0.98359375 0.26328125 0.0328125 0.0828125
0 0.30625 0.36015625 0.09375 0.0890625
0 0.4953125 0.45390625 0.0890625 0.0890625
0 0.62890625 0.6265625 0.0875 0.0875
0 0.83046875 0.93359375 0.090625 0.09375
0 0.31796875 0.78671875 0.090625 0.0921875
0 0.75078125 0.92578125 0.090625 0.090625
0 0.83359375 0.37578125 0.0890625 0.090625
0 0.52265625 0.53203125 0.0890625 0.0890625
0 0.665625 0.140625 0.0890625 0.0875
0 0.49921875 0.678125 0.0890625 0.0875
0 0.5671875 0.2640625 0.0875 0.0890625
0 0.0078125 0.66875 0.015625 0.084375
0 0.94609375 0.675 0.078125 0.0890625
0 0.2375 0.77734375 0.0875 0.090625
0 0.42734375 0.8796875 0.0875 0.0875
0 0.109375 0.05625 0.0859375 0.0859375
0 0.16875 0.2 0.0875 0.0859375
0 0.58671875 0.125 0.090625 0.090625
0 0.03125 0.384375 0.05 0.084375
0 0.90859375 0.9421875 0.078125 0.090625
0 0.5109375 0.89296875 0.0875 0.090625
0 0.28984375 0.71328125 0.0890625 0.090625
0 0.7703125 0.2234375 0.0859375 0.0890625
0 0.27890625 0.48984375 0.0890625 0.0890625
0 0.67578125 0.565625 0.0828125 0.084375
0 0.1703125 0.40625 0.09375 0.09375
0 0.3265625 0.22734375 0.0875 0.0875
0 0.08828125 0.190625 0.0875 0.084375
0 0.07890625 0.759375 0.0890625 0.090625
0 0.1421875 0.33359375 0.0890625 0.0890625
0 0.59375 0.903125 0.0890625 0.0890625
0 0.9515625 0.11328125 0.0875 0.0875
0 0.19765625 0.2734375 0.0890625 0.0890625
0 0.29765625 0.92109375 0.0875 0.0890625
0 0.825 0.1546875 0.0890625 0.0890625
0 0.22734375 0.5640625 0.0875 0.090625
0 0.26796875 0.85390625 0.0890625 0.084375
0 0.3484375 0.8640625 0.0875 0.0875
0 0.24609375 0.21328125 0.0890625 0.0875
0 0.8828125 0.875 0.0890625 0.0859375
0 0.12109375 0.48125 0.090625 0.090625
0 0.41875 0.65546875 0.0875 0.0921875
0 0.79375 0.09140625 0.090625 0.0890625
0 0.21640625 0.909375 0.096875 0.09375
0 0.37421875 0.73203125 0.0875 0.0859375
0 0.34140625 0.64921875 0.0875 0.0890625
0 0.71484375 0.07421875 0.0890625 0.090625
0 0.378125 0.9375 0.0859375 0.08125
0 0.30703125 0.56484375 0.090625 0.0953125
0 0.1890625 0.84140625 0.0828125 0.08125
0 0.55703125 0.0609375 0.090625 0.0890625
0 0.0328125 0.80546875 0.065625 0.0921875
0 0.31953125 0.03125 0.0890625 0.0625
0 0.63671875 0.0671875 0.0890625 0.090625
0 0.02109375 0.740625 0.0421875 0.0875
0 0.1078125 0.8265625 0.0890625 0.084375
0 0.571875 0.4765625 0.0859375 0.0859375
0 0.0640625 0.3296875 0.0859375 0.0875
0 0.4671875 0.60390625 0.084375 0.08125
0 0.3875 0.59375 0.0859375 0.0796875
0 0.9171875 0.06875 0.0796875 0.040625
0 0.1984375 0.4921875 0.0875 0.084375
0 0.6625 0.7 0.0890625 0.0890625
0 0.97265625 0.190625 0.0546875 0.084375