0 0.8515625 0.009375 0.090625 0.01875
0 0.7703125 0.015625 0.09375 0.03125
0 0.53671875 0.0359375 0.0890625 0.071875
0 0.03515625 0.4015625 0.0703125 0.090625
0 0.30859375 0.63203125 0.09375 0.09375
0 0.2359375 0.4390625 0.090625 0.0921875
0 0.49765625 0.53046875 0.0953125 0.0953125
0 0.615625 0.02890625 0.090625 0.0578125
0 0.2984375 0.071875 0.090625 0.090625
0 0.38984375 0.62265625 0.09375 0.09375
0 0.68203125 0.64140625 0.0890625 0.0875
0 0.13046875 0.3109375 0.090625 0.0921875
0 0.76171875 0.62421875 0.0875 0.0890625
0 0.9171875 0.17109375 0.0703125 0.0875
0 0.3625 0.6953125 0.0953125 0.09375
0 0.0796875 0.25078125 0.090625 0.09375
0 0.8734375 0.31796875 0.0921875 0.090625
0 0.1109375 0.17421875 0.0953125 0.0953125
0 0.63515625 0.15234375 0.090625 0.0921875
0 0.353125 0.13125 0.090625 0.090625
0 0.825 0.046875 0.0890625 0.0890625
0 0.5546875 0.1640625 0.0921875 0.09375
0 0.62890625 0.578125 0.0890625 0.090625
0 0.72265625 0.90546875 0.0953125 0.0953125
0 0.8484375 0.1828125 0.090625 0.090625
0 0.0109375 0.33515625 0.021875 0.0859375
0 0.9890625 0.7203125 0.021875 0.0875
0 0.8984375 0.2421875 0.0890625 0.0890625
0 0.734375 0.70234375 0.0921875 0.0921875
0 0.70546875 0.56328125 0.0921875 0.09375
0 0.3421875 0.34296875 0.09375 0.09375
0 0.103125 0.3859375 0.0921875 0.09375
0 0.821875 0.253125 0.090625 0.0890625
0 0.66484375 0.07578125 0.0921875 0.0921875
0 0.3953125 0.409375 0.0921875 0.0921875
0 0.76171875 0.40390625 0.0921875 0.09375
0 0.45625 0.04375 0.090625 0.0875
0 0.4203125 0.328125 0.0921875 0.09375
0 0.40078125 0.1953125 0.090625 0.090625
0 0.37734375 0.05859375 0.090625 0.0921875
0 0.890625 0.03828125 0.06875 0.0765625
0 0.478125 0.17890625 0.090625 0.090625
0 0.15703125 0.446875 0.0921875 0.090625
0 0.7140625 0.13515625 0.090625 0.09375
0 0.784375 0.759375 0.09375 0.09375
0 0.44296875 0.68203125 0.0921875 0.09375
0 0.94140625 0.3078125 0.0734375 0.0875
0 0.6546875 0.71640625 0.09375 0.09375
0 0.8140625 0.684375 0.090625 0.090625
0 0.80390625 0.88984375 0.0921875 0.09375
0 0.5 0.31171875 0.0921875 0.0953125
0 0.4171875 0.54296875 0.0953125 0.096875
0 0.74453125 0.06171875 0.09375 0.090625
0 0.27109375 0.7015625 0.096875 0.096875
0 0.21953125 0.084375 0.0890625 0.0890625
0 0.79609375 0.12265625 0.090625 0.09375
0 0.90078125 0.4578125 0.0890625 0.0875
0 0.2859375 0.4984375 0.09375 0.0921875
0 0.921875 0.384375 0.090625 0.0921875
0 0.47109375 0.6046875 0.09375 0.0921875
0 0.43125 0.1203125 0.090625 0.0890625
0 0.4453125 0.46484375 0.090625 0.09375
0 0.26328125 0.35625 0.0890625 0.0921875
0 0.55078125 0.590625 0.0921875 0.0921875
0 0.8421875 0.61015625 0.09375 0.0921875
0 0.075 0.459375 0.0921875 0.09375
0 0.5796875 0.3 0.09375 0.09375
0 0.7078125 0.3453125 0.0890625 0.0890625
0 0.31796875 0.203125 0.09375 0.09375
0 0.73984375 0.2703125 0.0890625 0.0890625
0 0.33671875 0.559375 0.09375 0.09375
0 0.48359375 0.95390625 0.0953125 0.0921875
0 0.19375 0.16015625 0.0921875 0.0921875
0 0.965625 0.45 0.06875 0.0875
0 0.140625 0.0984375 0.090625 0.0890625
0 0.33359375 0.7703125 0.09375 0.0921875
0 0.875 0.10703125 0.0890625 0.090625
0 0.603125 0.653125 0.090625 0.0921875
0 0.60078125 0.4453125 0.090625 0.0921875
0 0.84375 0.38828125 0.0921875 0.0921875
0 0.578125 0.515625 0.0921875 0.09375
0 0.5859375 0.090625 0.090625 0.090625
0 0.7921875 0.3296875 0.096875 0.09375
0 0.9421875 0.72890625 0.09375 0.0953125
0 0.5078125 0.878125 0.090625 0.09375
0 0.271875 0.14609375 0.090625 0.090625
0 0.575 0.72890625 0.09375 0.09375
0 0.8640625 0.74609375 0.090625 0.09375
0 0.20703125 0.50859375 0.0921875 0.09375
0 0.5078125 0.10625 0.0890625 0.0890625
0 0.6109375 0.22265625 0.090625 0.090625
0 0.5234375 0.6671875 0.09375 0.09375
0 0.06171875 0.1140625 0.0890625 0.0875
0 0.52109375 0.44609375 0.0921875 0.09375
0 0.1578125 0.23203125 0.0953125 0.0921875
0 0.2390625 0.21875 0.09375 0.09375
0 0.8921875 0.66875 0.0921875 0.09375
0 0.809375 0.46171875 0.0921875 0.0921875
0 0.63984375 0.9265625 0.0953125 0.0984375
0 0.3140625 0.4234375 0.0953125 0.09375
0 0.67890625 0.4171875 0.096875 0.096875
0 0.2078125 0.29140625 0.0953125 0.0953125
0 0.43125 0.89375 0.09375 0.09375
0 0.365625 0.48046875 0.0953125 0.09375
0 0.56484375 0.946875 0.09375 0.096875
0 0.05546875 0.325 0.0890625 0.090625
0 0.76875 0.196875 0.0921875 0.090625
0 0.53125 0.23984375 0.090625 0.0890625
0 0.7078125 0.78125 0.0921875 0.09375
0 0.62890625 0.3578125 0.0921875 0.0921875
0 0.184375 0.37265625 0.0953125 0.0921875
0 0.66171875 0.2828125 0.09375 0.0921875
0 0.9609375 0.86171875 0.078125 0.0921875
0 0.40234375 0.9609375 0.0953125 0.078125
0 0.02265625 0.25703125 0.0453125 0.0953125
0 0.784375 0.5484375 0.090625 0.09375
0 0.9171875 0.80859375 0.0921875 0.0875
0 0.0859375 0.58671875 0.1015625 0.0984375
0 0.97578125 0.7921875 0.0484375 0.090625
0 0.68828125 0.21015625 0.0921875 0.090625
0 0.65703125 0.5046875 0.09375 0.09375
0 0.975 0.571875 0.05 0.09375
0 0.2578125 0.57109375 0.09375 0.09375
0 0.18984375 0.71640625 0.0953125 0.09375
0 0.8859375 0.878125 0.1 0.0984375
0 0.49453125 0.7421875 0.09375 0.0921875
0 0.35390625 0.909375 0.09375 0.0953125
0 0.96640625 0.659375 0.0671875 0.090625
0 0.9203125 0.590625 0.090625 0.0921875
0 0.86015625 0.5234375 0.09375 0.0984375
0 0.8390625 0.82265625 0.0859375 0.084375
0 0.66640625 0.84453125 0.096875 0.096875
0 0.57890625 0.85234375 0.09375 0.0953125
0 0.69453125 0.02421875 0.0921875 0.0484375
0 0.03671875 0.18203125 0.0734375 0.0921875
0 0.37734375 0.83359375 0.090625 0.09375
0 0.6265625 0.78984375 0.0921875 0.0921875
0 0.29375 0.28671875 0.0921875 0.0890625
0 0.75703125 0.83515625 0.0921875 0.0875
0 0.16953125 0.5796875 0.0953125 0.0953125
0 0.01875 0.4671875 0.0375 0.0875
0 0.55390625 0.3796875 0.090625 0.090625
0 0.45546875 0.81328125 0.0921875 0.09375
0 0.0421875 0.528125 0.084375 0.09375
0 0.41171875 0.75703125 0.09375 0.0953125
0 0.125 0.51796875 0.0984375 0.0921875
0 0.01484375 0.128125 0.0296875 0.0875
0 0.475 0.39609375 0.0921875 0.090625
0 0.9453125 0.52421875 0.0890625 0.084375
0 0.29453125 0.84453125 0.096875 0.0984375
0 0.1515625 0.66328125 0.0921875 0.0921875
0 0.4546875 0.25078125 0.09375 0.090625
0 0.37109375 0.26796875 0.09375 0.0921875
0 0.246875 0.78828125 0.0953125 0.09375
0 0.73359375 0.48984375 0.090625 0.0890625
0 0.54375 0.80234375 0.096875 0.09375