0 0.8578125 0.07734375 0.0765625 0.07890625
0 0.85078125 0.35234375 0.07578125 0.078125
0 0.89765625 0.1484375 0.0765625 0.07578125
0 0.940625 0.08046875 0.07578125 0.07890625
0 0.93046875 0.35 0.07734375 0.07734375
0 0.8109375 0.28203125 0.078125 0.078125
0 0.92734375 0.4890625 0.07734375 0.078125
0 0.69453125 0.0734375 0.07890625 0.07734375
0 0.85234375 0.21328125 0.078125 0.07890625
0 0.77578125 0.07421875 0.0765625 0.07890625
0 0.96640625 0.42265625 0.0671875 0.0765625
0 0.8171875 0.146875 0.07734375 0.07578125
0 0.896875 0.025 0.0765625 0.05
0 0.934375 0.21640625 0.07734375 0.07734375
0 0.89140625 0.2875 0.0765625 0.0765625
0 0.76953125 0.353125 0.0796875 0.07734375
0 0.80625 0.42109375 0.08046875 0.07734375
0 0.96796875 0.28515625 0.0640625 0.075
0 0.96796875 0.1484375 0.0640625 0.078125
0 0.9625 0.5609375 0.075 0.078125
0 0.88984375 0.42109375 0.078125 0.07734375
0 0.77265625 0.209375 0.07734375 0.0796875
0 0.7359375 0.146875 0.078125 0.07421875
0 0.81796875 0.02265625 0.0765625 0.0453125
0 0.84375 0.4875 0.0828125 0.08203125
0 0.653125 0.14609375 0.078125 0.07890625
0 0.73828125 0.02109375 0.075 0.0421875
0 0.690625 0.2140625 0.07734375 0.07890625
0 0.659375 0.02421875 0.075 0.0484375
0 0.7296875 0.2859375 0.07734375 0.078125
0 0.98203125 0.6265625 0.0359375 0.0765625
0 0.6203125 0.06875 0.0703125 0.071875
0 0.8859375 0.55859375 0.08125 0.07578125
0 0.9765625 0.7734375 0.046875 0.078125
0 0.58984375 0.015625 0.0671875 0.03125
0 0.93515625 0.6703125 0.0875 0.08515625
0 0.909375 0.60703125 0.08359375 0.0765625