0 0.9078125 0.13203125 0.084375 0.084375
0 0.7828125 0.06171875 0.084375 0.0859375
0 0.86640625 0.20390625 0.0828125 0.0859375
0 0.946875 0.05546875 0.078125 0.0828125
0 0.9484375 0.19921875 0.0859375 0.0875
0 0.825 0.134375 0.084375 0.084375
0 0.971875 0.2703125 0.04375 0.0828125
0 0.96875 0.128125 0.040625 0.0859375
0 0.74140625 0.01640625 0.0828125 0.0328125
0 0.90546875 0.0140625 0.0828125 0.028125
0 0.8234375 0.015625 0.084375 0.03125
0 0.909375 0.2765625 0.0859375 0.0875
0 0.65390625 0.01796875 0.0828125 0.0359375
0 0.6953125 0.06484375 0.0828125 0.084375
0 0.978125 0.41640625 0.0421875 0.0828125
0 0.865625 0.059375 0.084375 0.0859375
0 0.97890625 0.559375 0.0421875 0.08125
0 0.7875 0.20546875 0.0828125 0.084375
0 0.82421875 0.28125 0.084375 0.0859375
0 0.9171875 0.4171875 0.0859375 0.0875
0 0.74375 0.1359375 0.084375 0.0859375
0 0.8671875 0.35 0.084375 0.084375
0 0.9578125 0.48828125 0.084375 0.0859375
0 0.95703125 0.34296875 0.078125 0.0875