0 0.7609375 0.0140625 0.09375 0.028125
0 0.528125 0.0359375 0.090625 0.071875
0 0.034375 0.40859375 0.06875 0.0921875
0 0.3109375 0.63515625 0.0953125 0.0953125
0 0.23515625 0.44375 0.090625 0.09375
0 0.4984375 0.53046875 0.096875 0.096875
0 0.60703125 0.028125 0.0921875 0.05625
0 0.290625 0.07578125 0.090625 0.0921875
0 0.3921875 0.62421875 0.0953125 0.0953125
0 0.684375 0.63828125 0.0890625 0.0890625
0 0.12734375 0.3171875 0.0921875 0.0921875
0 0.76328125 0.61953125 0.0890625 0.090625
0 0.9109375 0.1640625 0.071875 0.0875
0 0.36640625 0.69765625 0.096875 0.0953125
0 0.07578125 0.2578125 0.0921875 0.09375
0 0.8703125 0.31171875 0.0921875 0.0921875
0 0.10546875 0.18125 0.096875 0.096875
0 0.62890625 0.15 0.090625 0.09375
0 0.34609375 0.134375 0.0921875 0.090625
0 0.8171875 0.04296875 0.090625 0.0859375
0 0.54921875 0.16328125 0.09375 0.0953125
0 0.63046875 0.57578125 0.090625 0.0921875
0 0.7296875 0.9015625 0.096875 0.096875
0 0.84296875 0.17734375 0.0921875 0.0921875
0 0.009375 0.34453125 0.01875 0.0859375
0 0.99140625 0.71171875 0.0171875 0.0890625
0 0.89375 0.23515625 0.090625 0.090625
0 0.7375 0.69765625 0.0921875 0.0921875
0 0.70703125 0.56015625 0.09375 0.09375
0 0.3390625 0.3453125 0.0953125 0.0953125
0 0.10078125 0.39296875 0.09375 0.09375
0 0.81796875 0.246875 0.0921875 0.090625
0 0.6578125 0.07265625 0.0921875 0.0921875
0 0.39375 0.41171875 0.0921875 0.0921875
0 0.759375 0.39921875 0.09375 0.09375
0 0.4484375 0.04453125 0.090625 0.0890625
0 0.4171875 0.3296875 0.0921875 0.0953125
0 0.3953125 0.196875 0.090625 0.0921875
0 0.36953125 0.06015625 0.090625 0.09375
0 0.88203125 0.03515625 0.0703125 0.0703125
0 0.47265625 0.17890625 0.090625 0.0921875
0 0.15625 0.45234375 0.09375 0.0921875
0 0.7078125 0.13125 0.0921875 0.0953125
0 0.7890625 0.75390625 0.09375 0.09375
0 0.44609375 0.6828125 0.09375 0.0953125
0 0.93828125 0.3 0.075 0.0890625
0 0.6578125 0.7140625 0.0953125 0.0953125
0 0.8171875 0.67890625 0.090625 0.0921875
0 0.8109375 0.884375 0.09375 0.0953125
0 0.496875 0.31171875 0.09375 0.0953125
0 0.41796875 0.54453125 0.096875 0.0984375
0 0.73671875 0.0578125 0.09375 0.0921875
0 0.27421875 0.70546875 0.0984375 0.096875
0 0.2125 0.0890625 0.090625 0.090625
0 0.7890625 0.1171875 0.0921875 0.09375
0 0.9 0.45078125 0.090625 0.0890625
0 0.2859375 0.50234375 0.0953125 0.09375
0 0.91953125 0.37734375 0.090625 0.09375
0 0.47265625 0.6046875 0.0953125 0.09375
0 0.42421875 0.121875 0.0921875 0.090625
0 0.44453125 0.465625 0.0921875 0.0953125
0 0.2609375 0.3609375 0.090625 0.0921875
0 0.55234375 0.58984375 0.09375 0.0921875
0 0.84375 0.60390625 0.0953125 0.09375
0 0.07421875 0.46640625 0.09375 0.09375
0 0.5765625 0.2984375 0.0953125 0.0953125
0 0.70546875 0.34140625 0.090625 0.090625
0 0.31328125 0.20703125 0.0953125 0.0953125
0 0.73515625 0.26640625 0.090625 0.090625
0 0.3375 0.5625 0.0953125 0.0953125
0 0.49140625 0.95390625 0.0953125 0.0921875
0 0.1875 0.165625 0.0921875 0.0921875
0 0.96484375 0.4421875 0.0703125 0.0875
0 0.13359375 0.10546875 0.0921875 0.0890625
0 0.33828125 0.7734375 0.0953125 0.09375
0 0.86796875 0.10078125 0.090625 0.0921875
0 0.60546875 0.6515625 0.090625 0.09375
0 0.6 0.44375 0.0921875 0.0921875
0 0.84140625 0.3828125 0.0921875 0.09375
0 0.578125 0.51484375 0.09375 0.0953125
0 0.57890625 0.08984375 0.0921875 0.0921875
0 0.7890625 0.32421875 0.0984375 0.0953125
0 0.94609375 0.72109375 0.0953125 0.096875
0 0.5140625 0.878125 0.0921875 0.0953125
0 0.265625 0.15078125 0.0921875 0.090625
0 0.57890625 0.72734375 0.0953125 0.0953125
0 0.86796875 0.73984375 0.0921875 0.0953125
0 0.20703125 0.51328125 0.09375 0.0953125
0 0.50078125 0.10625 0.090625 0.090625
0 0.60625 0.22109375 0.0921875 0.090625
0 0.5265625 0.6671875 0.0953125 0.0953125
0 0.05546875 0.121875 0.090625 0.0890625
0 0.5203125 0.4453125 0.09375 0.0953125
0 0.153125 0.23828125 0.0953125 0.09375
0 0.234375 0.2234375 0.0953125 0.0953125
0 0.8953125 0.66171875 0.09375 0.0953125
0 0.80859375 0.45625 0.09375 0.0921875
0 0.64765625 0.92421875 0.096875 0.1
0 0.3125 0.4265625 0.096875 0.0953125
0 0.67734375 0.4140625 0.0984375 0.0984375
0 0.2046875 0.296875 0.096875 0.096875
0 0.4375 0.8953125 0.0953125 0.0953125
0 0.365625 0.4828125 0.0953125 0.0953125
0 0.57265625 0.9453125 0.0953125 0.0984375
0 0.05234375 0.33203125 0.090625 0.0921875
0 0.7640625 0.1921875 0.0921875 0.0921875
0 0.5265625 0.23984375 0.090625 0.0890625
0 0.7125 0.77734375 0.09375 0.0953125
0 0.6265625 0.35546875 0.09375 0.09375
0 0.1828125 0.378125 0.0953125 0.09375
0 0.6578125 0.28046875 0.09375 0.09375
0 0.9640625 0.8546875 0.071875 0.09375
0 0.4109375 0.96171875 0.096875 0.0765625
0 0.02109375 0.265625 0.0421875 0.096875
0 0.78515625 0.54296875 0.0921875 0.0953125
0 0.92265625 0.8015625 0.09375 0.0890625
0 0.0875 0.59375 0.1015625 0.1
0 0.97734375 0.78203125 0.0453125 0.0921875
0 0.6828125 0.20703125 0.09375 0.090625
0 0.65703125 0.5015625 0.09375 0.09375
0 0.975 0.56328125 0.05 0.0953125
0 0.25859375 0.575 0.0953125 0.0953125
0 0.19296875 0.721875 0.0953125 0.0953125
0 0.89296875 0.87109375 0.1015625 0.0984375
0 0.4984375 0.7421875 0.0953125 0.0921875
0 0.3609375 0.9125 0.0953125 0.0953125
0 0.9671875 0.65 0.065625 0.090625
0 0.921875 0.58359375 0.090625 0.09375
0 0.8609375 0.5171875 0.0953125 0.1
0 0.84453125 0.81640625 0.0859375 0.084375
0 0.67265625 0.8421875 0.0984375 0.096875
0 0.58515625 0.85078125 0.0953125 0.096875
0 0.6859375 0.02265625 0.09375 0.0453125
0 0.03359375 0.190625 0.0671875 0.09375
0 0.3828125 0.8359375 0.0921875 0.0953125
0 0.63125 0.7875 0.09375 0.0921875
0 0.28984375 0.290625 0.09375 0.090625
0 0.7625 0.83046875 0.0921875 0.0890625
0 0.1703125 0.58515625 0.096875 0.096875
0 0.01875 0.4765625 0.0375 0.0875
0 0.5515625 0.37890625 0.090625 0.0921875
0 0.4609375 0.8140625 0.09375 0.0953125
0 0.04296875 0.53671875 0.0859375 0.0953125
0 0.415625 0.75859375 0.0953125 0.096875
0 0.125 0.52421875 0.0984375 0.09375
0 0.0125 0.1375 0.025 0.0875
0 0.4734375 0.39609375 0.09375 0.0921875
0 0.94609375 0.51640625 0.0890625 0.084375
0 0.30078125 0.8484375 0.096875 0.0984375
0 0.15390625 0.66953125 0.09375 0.0921875
0 0.45078125 0.2515625 0.0953125 0.0921875
0 0.3671875 0.2703125 0.09375 0.09375
0 0.25234375 0.7921875 0.096875 0.0953125
0 0.73359375 0.48515625 0.0921875 0.0890625
0 0.54921875 0.8015625 0.096875 0.09375