0 0.8046875 0.76015625 0.07578125 0.07578125
0 0.7703125 0.690625 0.0765625 0.07734375
0 0.646875 0.7515625 0.07734375 0.07421875
0 0.6890625 0.68515625 0.07734375 0.07734375
0 0.928125 0.69453125 0.078125 0.07890625
0 0.73828125 0.61875 0.08046875 0.08125
0 0.91640625 0.96328125 0.0765625 0.0734375
0 0.8484375 0.6921875 0.078125 0.07890625
0 0.3265625 0.60859375 0.0765625 0.07890625
0 0.728125 0.75703125 0.07578125 0.075
0 0.9828125 0.82890625 0.034375 0.078125
0 0.97890625 0.96328125 0.0421875 0.0734375
0 0.31953125 0.88359375 0.07578125 0.078125
0 0.36640625 0.6796875 0.0765625 0.07578125
0 0.7625 0.825 0.078125 0.078125
0 0.409375 0.61171875 0.07578125 0.07890625
0 0.39921875 0.88125 0.07734375 0.07734375
0 0.96015625 0.89921875 0.07734375 0.07734375
0 0.47890625 0.88515625 0.07734375 0.07734375
0 0.68359375 0.821875 0.07734375 0.0765625
0 0.921875 0.828125 0.078125 0.07578125
0 0.6390625 0.890625 0.0765625 0.078125
0 0.2796875 0.81328125 0.078125 0.078125
0 0.5609375 0.8890625 0.0765625 0.078125
0 0.8015625 0.89609375 0.07734375 0.07734375
0 0.16328125 0.6046875 0.07890625 0.07734375
0 0.884375 0.7640625 0.07578125 0.078125
0 0.60859375 0.68359375 0.0765625 0.07734375
0 0.52890625 0.684375 0.078125 0.078125
0 0.8375 0.9625 0.0765625 0.075
0 0.32109375 0.74453125 0.078125 0.07890625
0 0.24453125 0.60546875 0.0765625 0.07890625
0 0.4390625 0.95390625 0.07578125 0.0765625
0 0.9703125 0.6265625 0.059375 0.0796875
0 0.84375 0.82578125 0.075 0.07578125
0 0.603125 0.82109375 0.078125 0.07734375
0 0.2859375 0.678125 0.07734375 0.07578125
0 0.5671875 0.7515625 0.07578125 0.0734375
0 0.52265625 0.81484375 0.078125 0.07734375
0 0.88046875 0.896875 0.0765625 0.0765625
0 0.7203125 0.89453125 0.07734375 0.0796875
0 0.4921875 0.6078125 0.08125 0.08203125
0 0.7578125 0.96171875 0.075 0.0765625
0 0.9015625 0.61640625 0.08046875 0.0828125
0 0.48359375 0.74609375 0.0765625 0.078125
0 0.365625 0.5421875 0.07734375 0.0796875
0 0.403125 0.74765625 0.07734375 0.07734375
0 0.36015625 0.81875 0.0765625 0.0765625
0 0.9625 0.76640625 0.075 0.078125
0 0.57421875 0.61484375 0.07734375 0.08125
0 0.23828125 0.884375 0.0796875 0.07734375
0 0.275 0.95234375 0.08046875 0.07734375
0 0.51875 0.95546875 0.07578125 0.0765625
0 0.44296875 0.81640625 0.075 0.07578125
0 0.4453125 0.6796875 0.08046875 0.07734375
0 0.35859375 0.95234375 0.078125 0.07734375
0 0.24140625 0.740625 0.07734375 0.0796875
0 0.2046875 0.678125 0.078125 0.07421875
0 0.28671875 0.5375 0.0765625 0.07890625
0 0.678125 0.9609375 0.07734375 0.0765625
0 0.121875 0.67734375 0.078125 0.07890625
0 0.20703125 0.534375 0.07578125 0.07734375
0 0.159375 0.7453125 0.07734375 0.07890625
0 0.5984375 0.959375 0.07734375 0.07578125
0 0.65546875 0.61015625 0.078125 0.08046875
0 0.128125 0.5421875 0.075 0.075
0 0.45234375 0.53359375 0.08203125 0.08125
0 0.09296875 0.4703125 0.07890625 0.07578125
0 0.1984375 0.8171875 0.07734375 0.078125
0 0.81953125 0.59375 0.08125 0.08671875
0 0.0890625 0.6 0.0703125 0.071875
0 0.05859375 0.53046875 0.06640625 0.0640625
0 0.0171875 0.43828125 0.034375 0.075