0 0.07109375 0.1890625 0.075 0.0859375
0 0.0984375 0.2640625 0.0875 0.0875
0 0.025 0.39375 0.040625 0.0828125
0 0.1671875 0.05390625 0.090625 0.090625
0 0.1171875 0.121875 0.0890625 0.0890625
0 0.2 0.13125 0.090625 0.090625
0 0.090625 0.0515625 0.075 0.0875
0 0.13671875 0.0125 0.0890625 0.025
0 0.25 0.06640625 0.090625 0.0921875
0 0.0546875 0.3265625 0.08125 0.0890625
0 0.14609375 0.196875 0.090625 0.090625
0 0.296875 0.0234375 0.090625 0.046875
0 0.03984375 0.4703125 0.0796875 0.090625
0 0.33046875 0.07265625 0.0875 0.0875
0 0.28359375 0.1421875 0.090625 0.090625
0 0.37578125 0.02890625 0.0890625 0.0578125
0 0.18671875 0.2703125 0.1 0.0984375
0 0.08359375 0.403125 0.0921875 0.0921875
0 0.01640625 0.54140625 0.0328125 0.0890625
0 0.21171875 0.01875 0.0890625 0.0375
0 0.1296875 0.340625 0.0921875 0.0921875
0 0.221875 0.21484375 0.0890625 0.0875