0 0.2625 0.1015625 0.0890625 0.090625
0 0.09453125 0.8671875 0.078125 0.0890625
0 0.06171875 0.50859375 0.0921875 0.0921875
0 0.1125 0.57109375 0.0890625 0.090625
0 0.2375 0.1828125 0.0890625 0.090625
0 0.0109375 0.109375 0.021875 0.05
0 0.18515625 0.11875 0.0875 0.0890625
0 0.03671875 0.3703125 0.0734375 0.090625
0 0.14453125 0.92890625 0.0921875 0.090625
0 0.13359375 0.0796875 0.084375 0.0484375
0 0.0859375 0.42890625 0.090625 0.0921875
0 0.0375 0.146875 0.075 0.09375
0 0.21484375 0.25546875 0.0890625 0.0890625
0 0.11015625 0.35390625 0.096875 0.0953125
0 0.33984375 0.08359375 0.090625 0.090625
0 0.14140625 0.7078125 0.09375 0.09375
0 0.115625 0.7890625 0.0921875 0.09375
0 0.19765625 0.7703125 0.09375 0.09375
0 0.10703125 0.13515625 0.090625 0.0921875
0 0.21484375 0.0625 0.0828125 0.046875
0 0.37109375 0.03203125 0.084375 0.0453125
0 0.29296875 0.2421875 0.090625 0.090625
0 0.13671875 0.2734375 0.09375 0.09375
0 0.31796875 0.1609375 0.09375 0.0953125
0 0.29375 0.46171875 0.0875 0.0875
0 0.02421875 0.23046875 0.0484375 0.0890625
0 0.06796875 0.73125 0.078125 0.090625
0 0.0125 0.30859375 0.025 0.0921875
0 0.290625 0.04921875 0.08125 0.0484375
0 0.05546875 0.29296875 0.0921875 0.09375
0 0.040625 0.58671875 0.0796875 0.090625
0 0.36953125 0.2296875 0.0875 0.0890625
0 0.08046875 0.2171875 0.0921875 0.09375
0 0.15859375 0.1984375 0.0921875 0.090625
0 0.1921875 0.3296875 0.090625 0.090625
0 0.0890625 0.64765625 0.0921875 0.0921875
0 0.271875 0.53671875 0.0921875 0.09375
0 0.13984375 0.4921875 0.09375 0.09375
0 0.22421875 0.69296875 0.09375 0.0953125
0 0.26875 0.31640625 0.090625 0.09375
0 0.19453125 0.5484375 0.096875 0.1015625
0 0.16640625 0.4046875 0.0984375 0.0984375
0 0.3484375 0.29765625 0.090625 0.090625
0 0.3984375 0.13984375 0.0921875 0.09375
0 0.028125 0.44140625 0.05625 0.0890625
0 0.1234375 0.978125 0.084375 0.04375
0 0.16796875 0.85 0.09375 0.09375
0 0.37578125 0.4390625 0.0890625 0.0890625
0 0.246875 0.615625 0.0953125 0.0953125
0 0.2203125 0.471875 0.0921875 0.09375
0 0.43046875 0.0515625 0.0921875 0.0921875
0 0.32265625 0.38046875 0.0953125 0.0953125
0 0.30234375 0.67265625 0.090625 0.090625
0 0.28046875 0.75390625 0.09375 0.09375
0 0.50625 0.04140625 0.09375 0.0828125
0 0.0578125 0.0953125 0.0828125 0.05
0 0.3578125 0.5078125 0.096875 0.09375
0 0.42421875 0.28515625 0.0890625 0.090625
0 0.44921875 0.20859375 0.090625 0.090625
0 0.32578125 0.6 0.09375 0.0953125
0 0.23046875 0.90625 0.1046875 0.1015625
0 0.4015625 0.36015625 0.0921875 0.09375
0 0.24453125 0.39765625 0.090625 0.0921875
0 0.475 0.1390625 0.0875 0.0859375
0 0.16484375 0.63671875 0.09375 0.0921875
0 0.19921875 0.971875 0.0953125 0.05625
0 0.24609375 0.8421875 0.09375 0.090625