0 0.83671875 0.9484375 0.07734375 0.0765625
0 0.0890625 0.909375 0.07578125 0.0765625
0 0.16640625 0.91015625 0.0796875 0.07890625
0 0.91796875 0.9453125 0.078125 0.078125
0 0.4734375 0.8765625 0.0765625 0.0765625
0 0.02265625 0.909375 0.0453125 0.078125
0 0.79375 0.7421875 0.07890625 0.07890625
0 0.2046875 0.9703125 0.078125 0.059375
0 0.7578125 0.9453125 0.078125 0.078125
0 0.35625 0.80390625 0.07734375 0.07734375
0 0.9515625 0.88359375 0.0734375 0.075
0 0.8734375 0.74921875 0.075 0.07578125
0 0.39765625 0.8765625 0.075 0.07421875
0 0.04921875 0.96875 0.0765625 0.0625
0 0.79375 0.88125 0.07578125 0.078125
0 0.55703125 0.8765625 0.0765625 0.07578125
0 0.4359375 0.8046875 0.07734375 0.07734375
0 0.125 0.9703125 0.0765625 0.059375
0 0.875 0.87890625 0.07578125 0.07578125
0 0.83515625 0.81171875 0.07734375 0.078125
0 0.978125 0.8125 0.04375 0.0765625
0 0.67734375 0.8140625 0.078125 0.078125
0 0.0890625 0.77578125 0.07734375 0.07734375
0 0.63515625 0.87734375 0.0765625 0.0765625
0 0.63984375 0.74453125 0.08125 0.0796875
0 0.44296875 0.66953125 0.07890625 0.08046875
0 0.31875 0.73359375 0.078125 0.0796875
0 0.95390625 0.75 0.07578125 0.0765625
0 0.47734375 0.7390625 0.07578125 0.0765625
0 0.315625 0.87890625 0.07578125 0.075
0 0.2875 0.96953125 0.0796875 0.0609375
0 0.678125 0.9453125 0.078125 0.078125
0 0.97890625 0.94453125 0.0421875 0.08125
0 0.5234375 0.67109375 0.07578125 0.0796875
0 0.05 0.70390625 0.07734375 0.08046875
0 0.2828125 0.6609375 0.078125 0.0796875
0 0.59453125 0.80546875 0.07890625 0.07890625
0 0.75546875 0.81328125 0.07421875 0.075
0 0.3625 0.66796875 0.07578125 0.0796875
0 0.128125 0.84140625 0.07734375 0.07890625
0 0.59921875 0.9421875 0.07578125 0.07578125
0 0.2765625 0.80703125 0.0765625 0.07734375
0 0.2484375 0.91015625 0.0765625 0.0765625
0 0.04765625 0.83984375 0.078125 0.0796875
0 0.4359375 0.94140625 0.075 0.0765625
0 0.39765625 0.73671875 0.0765625 0.07734375
0 0.55703125 0.7390625 0.07890625 0.07890625
0 0.7125 0.87890625 0.0765625 0.07890625
0 0.5171875 0.940625 0.0796875 0.07890625
0 0.13125 0.703125 0.08046875 0.08203125
0 0.02421875 0.775 0.0484375 0.078125
0 0.23828125 0.734375 0.08046875 0.0796875
0 0.51484375 0.80703125 0.07734375 0.0765625
0 0.896875 0.6734375 0.07578125 0.07734375
0 0.96953125 0.66953125 0.0609375 0.0765625
0 0.209375 0.83828125 0.075 0.078125
0 0.7515625 0.67265625 0.08125 0.08125
0 0.9140625 0.81484375 0.0765625 0.075
0 0.1703125 0.77734375 0.07734375 0.0765625
0 0.203125 0.66640625 0.08046875 0.0828125
0 0.3578125 0.93984375 0.0796875 0.0828125
0 0.60078125 0.6734375 0.0828125 0.08203125
0 0.55859375 0.9796875 0.0796875 0.040625
0 0.8265625 0.6796875 0.07734375 0.08515625