0 0.68828125 0.8328125 0.096875 0.096875
0 0.62734375 0.8921875 0.0953125 0.0984375
0 0.3984375 0.0359375 0.096875 0.071875
0 0.80078125 0.7125 0.0984375 0.0984375
0 0.60859375 0.03203125 0.0890625 0.0578125
0 0.47734375 0.04921875 0.096875 0.096875
0 0.73359375 0.18984375 0.0921875 0.090625
0 0.8125 0.2078125 0.090625 0.0921875
0 0.421875 0.10390625 0.0984375 0.0984375
0 0.70078125 0.6171875 0.096875 0.096875
0 0.54609375 0.578125 0.0953125 0.0953125
0 0.721875 0.69453125 0.0984375 0.1
0 0.7125 0.11015625 0.0921875 0.09375
0 0.659375 0.44609375 0.0984375 0.1
0 0.6484375 0.96171875 0.096875 0.0765625
0 0.98203125 0.403125 0.0359375 0.090625
0 0.75546875 0.26640625 0.0953125 0.0953125
0 0.78828125 0.12890625 0.0953125 0.096875
0 0.9171875 0.59453125 0.0953125 0.0984375
0 0.72890625 0.97109375 0.0984375 0.0578125
0 0.44375 0.4796875 0.096875 0.0953125
0 0.67578125 0.53125 0.096875 0.0984375
0 0.74375 0.778125 0.096875 0.096875
0 0.7765625 0.33984375 0.096875 0.096875
0 0.5 0.12578125 0.0953125 0.096875
0 0.8390625 0.5734375 0.0984375 0.1
0 0.89765625 0.81875 0.090625 0.09375
0 0.6765625 0.24609375 0.096875 0.096875
0 0.8359375 0.284375 0.09375 0.09375
0 0.73984375 0.46640625 0.0953125 0.096875
0 0.5953125 0.98984375 0.090625 0.0203125
0 0.64296875 0.67109375 0.0953125 0.0984375
0 0.528125 0.01953125 0.0875 0.0390625
0 0.3359375 0.0703125 0.1 0.1
0 0.98125 0.1328125 0.0375 0.059375
0 0.709375 0.91015625 0.0984375 0.0984375
0 0.5578125 0.0671875 0.096875 0.0953125
0 0.6 0.5203125 0.09375 0.0953125
0 0.63671875 0.08828125 0.0953125 0.0953125
0 0.66484375 0.75390625 0.0984375 0.0984375
0 0.8921875 0.22890625 0.096875 0.0953125
0 0.54921875 0.86953125 0.096875 0.096875
0 0.44921875 0.00859375 0.0859375 0.0171875
0 0.421875 0.3921875 0.0984375 0.1
0 0.36328125 0.159375 0.096875 0.0953125
0 0.65703125 0.1671875 0.09375 0.0953125
0 0.6875 0.0515625 0.0859375 0.05625
0 0.934375 0.6734375 0.090625 0.096875
0 0.75859375 0.54765625 0.0984375 0.1
0 0.85859375 0.64921875 0.1 0.0984375
0 0.60859375 0.81484375 0.0984375 0.096875
0 0.80703125 0.98203125 0.1015625 0.0359375
0 0.465625 0.55234375 0.1 0.0984375
0 0.9328125 0.37890625 0.0984375 0.0984375
0 0.47578125 0.33046875 0.09375 0.096875
0 0.88046875 0.73203125 0.1015625 0.103125
0 0.571875 0.94765625 0.096875 0.096875
0 0.59921875 0.2234375 0.096875 0.096875
0 0.85390625 0.3609375 0.09375 0.096875
0 0.52421875 0.49921875 0.096875 0.096875
0 0.5796875 0.14609375 0.096875 0.096875
0 0.784375 0.93125 0.0984375 0.0984375
0 0.86328125 0.94921875 0.0953125 0.0984375
0 0.91328125 0.303125 0.0953125 0.096875
0 0.575 0.43046875 0.0984375 0.1015625
0 0.5046875 0.709375 0.096875 0.096875
0 0.39921875 0.3125 0.096875 0.096875
0 0.48828125 0.6296875 0.0984375 0.0984375
0 0.76640625 0.85390625 0.0984375 0.0984375
0 0.4984375 0.41640625 0.096875 0.1
0 0.5859375 0.73671875 0.0953125 0.096875
0 0.90078125 0.8890625 0.0515625 0.084375
0 0.69765625 0.32734375 0.0953125 0.096875
0 0.89921875 0.5109375 0.09375 0.0953125
0 0.34140625 0.36953125 0.0984375 0.0984375
0 0.3640625 0.45390625 0.096875 0.096875
0 0.86640625 0.1484375 0.09375 0.096875
0 0.8765625 0.440625 0.0953125 0.090625
0 0.56484375 0.65703125 0.0984375 0.0984375
0 0.95390625 0.4578125 0.0921875 0.09375
0 0.7640625 0.07265625 0.0875 0.0609375
0 0.4578125 0.83515625 0.10625 0.1046875
0 0.51484375 0.97890625 0.0890625 0.0421875
0 0.25546875 0.04921875 0.0984375 0.096875
0 0.4921875 0.92734375 0.0984375 0.1
0 0.821875 0.7953125 0.0984375 0.1
0 0.528125 0.78671875 0.096875 0.0984375
0 0.81875 0.48984375 0.103125 0.1015625
0 0.52109375 0.2015625 0.096875 0.0953125
0 0.32265625 0.29375 0.096875 0.0984375
0 0.9734375 0.33125 0.053125 0.09375
0 0.96171875 0.24453125 0.0765625 0.0953125
0 0.96484375 0.53359375 0.0703125 0.0859375
0 0.9453125 0.1578125 0.0984375 0.1015625
0 0.79921875 0.4203125 0.0890625 0.0875
0 0.62109375 0.59765625 0.0953125 0.0953125
0 0.63359375 0.3671875 0.1 0.1
0 0.55078125 0.3375 0.096875 0.0984375
0 0.38515625 0.52890625 0.09375 0.0953125
0 0.84375 0.87734375 0.096875 0.096875
0 0.37578125 0.23515625 0.09375 0.096875
0 0.6203125 0.30078125 0.0953125 0.0953125
0 0.71953125 0.396875 0.09375 0.090625
0 0.45546875 0.25 0.0953125 0.096875
0 0.4484375 0.76484375 0.0984375 0.0953125
0 0.43984375 0.1796875 0.0984375 0.0984375
0 0.77734375 0.6375 0.096875 0.0953125
0 0.421875 0.6796875 0.1 0.1015625
0 0.39921875 0.603125 0.1 0.1
0 0.98828125 0.19375 0.0234375 0.0875
0 0.296875 0.21015625 0.1 0.1015625
0 0.24296875 0.01640625 0.0953125 0.0328125
0 0.27734375 0.13828125 0.0984375 0.0984375
0 0.840625 0.090625 0.0859375 0.0578125
0 0.53984375 0.27734375 0.1 0.096875