0 0.19609375 0.3234375 0.08125 0.08515625
0 0.55625 0.2515625 0.07734375 0.07734375
0 0.2359375 0.534375 0.08046875 0.08046875
0 0.275 0.03984375 0.078125 0.0796875
0 0.4 0.534375 0.07890625 0.08046875
0 0.36015625 0.60859375 0.0828125 0.08203125
0 0.23359375 0.39453125 0.08046875 0.08203125
0 0.06875 0.39375 0.07890625 0.08125
0 0.275 0.18125 0.08046875 0.08125
0 0.60078125 0.321875 0.078125 0.07734375
0 0.31640625 0.1046875 0.08046875 0.07734375
0 0.15 0.396875 0.08125 0.08046875
0 0.35703125 0.4640625 0.08203125 0.0796875
0 0.06953125 0.67890625 0.08125 0.08125
0 0.521875 0.4609375 0.078125 0.07890625
0 0.03359375 0.4609375 0.0671875 0.0828125
0 0.1921875 0.0375 0.0796875 0.075
0 0.3953125 0.25 0.0796875 0.0765625
0 0.47734375 0.24921875 0.07890625 0.07578125
0 0.63984375 0.1046875 0.0796875 0.0796875
0 0.23125 0.11171875 0.0796875 0.08046875
0 0.59921875 0.17890625 0.078125 0.0796875
0 0.03359375 0.8953125 0.0671875 0.08125
0 0.6828125 0.1765625 0.08046875 0.08046875
0 0.11171875 0.321875 0.08125 0.08046875
0 0.0328125 0.75 0.065625 0.08125
0 0.0703125 0.11171875 0.0796875 0.08046875
0 0.06875 0.53515625 0.08125 0.084375
0 0.15234375 0.53515625 0.08125 0.0828125
0 0.03359375 0.60625 0.0671875 0.0796875
0 0.1515625 0.11484375 0.08125 0.08125
0 0.19296875 0.75234375 0.08203125 0.08359375
0 0.3171875 0.5359375 0.0828125 0.08359375
0 0.3546875 0.18046875 0.08046875 0.08359375
0 0.3171875 0.39296875 0.08125 0.08203125
0 0.275 0.46640625 0.08203125 0.0796875
0 0.15078125 0.2515625 0.0796875 0.08125
0 0.55625 0.11328125 0.078125 0.07890625
0 0.35859375 0.31875 0.07890625 0.0796875
0 0.48046875 0.53984375 0.0796875 0.08125
0 0.06953125 0.2546875 0.08125 0.07890625
0 0.0671875 0.82109375 0.08046875 0.08203125
0 0.11015625 0.46015625 0.08046875 0.08125
0 0.315625 0.68046875 0.08203125 0.08203125
0 0.3984375 0.39375 0.07890625 0.078125
0 0.1109375 0.75078125 0.08125 0.08359375
0 0.11328125 0.0375 0.08125 0.075
0 0.39375 0.11015625 0.08125 0.08125
0 0.43828125 0.18046875 0.08203125 0.084375
0 0.03359375 0.321875 0.0671875 0.0828125
0 0.47578125 0.1140625 0.08046875 0.078125
0 0.03359375 0.0421875 0.0671875 0.078125
0 0.109375 0.60625 0.08203125 0.08046875
0 0.5203125 0.17734375 0.0765625 0.078125
0 0.2328125 0.67890625 0.08359375 0.08671875
0 0.3515625 0.04453125 0.07890625 0.07890625
0 0.43984375 0.31953125 0.0796875 0.0828125
0 0.3609375 0.753125 0.08203125 0.08515625
0 0.19296875 0.4640625 0.0796875 0.07890625
0 0.440625 0.4625 0.08046875 0.08203125
0 0.6 0.0375 0.0796875 0.075
0 0.43359375 0.04140625 0.0796875 0.0828125
0 0.234375 0.2484375 0.08203125 0.08359375
0 0.7234375 0.10546875 0.0796875 0.08125
0 0.5171875 0.040625 0.08125 0.08125
0 0.27421875 0.3203125 0.078125 0.0796875
0 0.06953125 0.96171875 0.0796875 0.0765625
0 0.1515625 0.678125 0.0828125 0.08359375
0 0.1109375 0.1796875 0.07890625 0.08359375
0 0.40234375 0.6734375 0.08046875 0.0796875
0 0.1921875 0.18125 0.0828125 0.08203125
0 0.27578125 0.6046875 0.08125 0.08125
0 0.15078125 0.8234375 0.08125 0.08203125
0 0.275 0.7515625 0.08203125 0.08203125
0 0.1953125 0.60703125 0.084375 0.084375
0 0.03359375 0.18046875 0.0671875 0.0828125
0 0.3140625 0.253125 0.0796875 0.0796875
0 0.23671875 0.81953125 0.084375 0.084375
0 0.315625 0.82265625 0.08125 0.08203125
0 0.5625 0.38984375 0.07734375 0.08046875
0 0.63828125 0.24921875 0.0796875 0.0796875
0 0.4046875 0.828125 0.0875 0.08515625
0 0.7609375 0.0375 0.08125 0.075
0 0.109375 0.89453125 0.084375 0.084375
0 0.15234375 0.96171875 0.084375 0.0765625
0 0.23671875 0.96328125 0.08125 0.0734375
0 0.44140625 0.60859375 0.07890625 0.0796875
0 0.565625 0.5359375 0.08203125 0.08125
0 0.80390625 0.10078125 0.07734375 0.07734375
0 0.7671875 0.17578125 0.0796875 0.0796875
0 0.51953125 0.32265625 0.07890625 0.0765625
0 0.3203125 0.96171875 0.0875 0.0765625
0 0.4828125 0.390625 0.0796875 0.08125
0 0.36015625 0.89921875 0.084375 0.08515625
0 0.4453125 0.7484375 0.08359375 0.0859375
0 0.84140625 0.0375 0.0796875 0.075
0 0.6890625 0.31640625 0.0890625 0.08671875
0 0.4859375 0.68203125 0.07890625 0.078125
0 0.19609375 0.89609375 0.08828125 0.0859375
0 0.60546875 0.46171875 0.08125 0.08125
0 0.52578125 0.609375 0.08671875 0.08359375
0 0.67578125 0.0390625 0.0796875 0.078125
0 0.6421875 0.39375 0.08125 0.08203125
0 0.27734375 0.89765625 0.08125 0.0875
0 0.71640625 0.25625 0.0796875 0.07734375