0 0.85 0.14921875 0.07734375 0.0765625
0 0.76484375 0.14765625 0.08046875 0.078125
0 0.23203125 0.77734375 0.08046875 0.08046875
0 0.646875 0.215625 0.078125 0.07890625
0 0.928125 0.14375 0.07890625 0.0796875
0 0.51796875 0.71171875 0.07890625 0.078125
0 0.85078125 0.02265625 0.0796875 0.0453125
0 0.1875 0.85 0.078125 0.08125
0 0.965625 0.49765625 0.06875 0.08125
0 0.5640625 0.0703125 0.07734375 0.0796875
0 0.72734375 0.21640625 0.078125 0.0796875
0 0.31171875 0.63359375 0.08046875 0.08203125
0 0.8484375 0.43203125 0.07890625 0.078125
0 0.1203125 0.1421875 0.07578125 0.075
0 0.7671875 0.2859375 0.07734375 0.08125
0 0.9265625 0.97578125 0.0828125 0.0484375
0 0.68671875 0.42109375 0.08125 0.08046875
0 0.2015625 0.140625 0.075 0.0765625
0 0.76875 0.42578125 0.084375 0.08046875
0 0.1921875 0.56484375 0.08046875 0.0796875
0 0.4765625 0.63828125 0.0796875 0.08125
0 0.80859375 0.0765625 0.0796875 0.08046875
0 0.928125 0.7125 0.078125 0.0765625
0 0.61015625 0.021875 0.0765625 0.04375
0 0.56484375 0.21484375 0.07734375 0.07890625
0 0.0359375 0.56484375 0.071875 0.0796875
0 0.23125 0.63515625 0.08125 0.08359375
0 0.08046875 0.0703125 0.07578125 0.07734375
0 0.11015625 0.409375 0.08125 0.08203125
0 0.6890625 0.2875 0.075 0.07734375
0 0.92890625 0.0234375 0.0765625 0.046875
0 0.22734375 0.921875 0.08046875 0.08046875
0 0.88359375 0.92265625 0.078125 0.08125
0 0.44140625 0.284375 0.0765625 0.0765625
0 0.76171875 0.7078125 0.0796875 0.08046875
0 0.16015625 0.21171875 0.078125 0.078125
0 0.15859375 0.0703125 0.07890625 0.0796875
0 0.76953125 0.0234375 0.0796875 0.046875
0 0.88671875 0.63828125 0.08125 0.08046875
0 0.5578125 0.77890625 0.08125 0.078125
0 0.39609375 0.490625 0.078125 0.08125
0 0.80546875 0.49921875 0.08046875 0.08359375
0 0.31015625 0.92109375 0.08125 0.08125
0 0.88984375 0.075 0.07890625 0.08125
0 0.8875 0.2140625 0.0765625 0.0796875
0 0.8078125 0.21640625 0.07734375 0.08046875
0 0.6046875 0.2875 0.078125 0.0796875
0 0.72421875 0.07890625 0.07734375 0.08046875
0 0.9640625 0.921875 0.071875 0.08125
0 0.60234375 0.42265625 0.08125 0.08046875
0 0.146875 0.4875 0.0796875 0.08125
0 0.478125 0.48828125 0.08046875 0.08046875
0 0.8484375 0.2875 0.0796875 0.0828125
0 0.27265625 0.7109375 0.0796875 0.0796875
0 0.92734375 0.85 0.08046875 0.0828125
0 0.96484375 0.778125 0.0703125 0.0796875
0 0.1984375 0.27734375 0.0796875 0.0796875
0 0.96484375 0.2125 0.0703125 0.0828125
0 0.315625 0.4890625 0.08125 0.08203125
0 0.4359375 0.71328125 0.08046875 0.07890625
0 0.84375 0.9765625 0.0796875 0.046875
0 0.07890625 0.2109375 0.0796875 0.08046875
0 0.7296875 0.35703125 0.0765625 0.07578125
0 0.68671875 0.5625 0.078125 0.0765625
0 0.88671875 0.496875 0.07734375 0.0796875
0 0.2421875 0.209375 0.0765625 0.07734375
0 0.19296875 0.409375 0.07890625 0.08046875
0 0.18671875 0.97578125 0.08125 0.0484375
0 0.14921875 0.63125 0.078125 0.08125
0 0.84375 0.7125 0.07890625 0.07734375
0 0.60390625 0.14765625 0.0796875 0.0765625
0 0.846875 0.85 0.08203125 0.08125
0 0.3703125 0.02109375 0.0765625 0.0421875
0 0.64375 0.4921875 0.08125 0.08125
0 0.27109375 0.84765625 0.08046875 0.08125
0 0.52421875 0.28125 0.0796875 0.07890625
0 0.84375 0.5703125 0.07734375 0.07890625
0 0.0703125 0.4953125 0.07734375 0.0796875
0 0.72734375 0.4953125 0.078125 0.08125
0 0.640625 0.78046875 0.078125 0.07734375
0 0.484375 0.215625 0.0765625 0.07890625
0 0.0203125 0.0671875 0.040625 0.078125
0 0.18984375 0.70625 0.08046875 0.08203125
0 0.28359375 0.1421875 0.08046875 0.078125
0 0.51875 0.42265625 0.07890625 0.07578125
0 0.10625 0.846875 0.08046875 0.08046875
0 0.7609375 0.9765625 0.0796875 0.046875
0 0.60078125 0.56171875 0.0796875 0.0796875
0 0.76328125 0.85078125 0.07890625 0.0796875
0 0.4453125 0.02421875 0.075 0.0484375
0 0.80234375 0.92265625 0.0765625 0.07890625
0 0.2703125 0.97578125 0.08125 0.0484375
0 0.040625 0.1390625 0.0765625 0.07890625
0 0.5578125 0.9234375 0.08359375 0.08359375
0 0.0421875 0.01953125 0.078125 0.0390625
0 0.725 0.63359375 0.078125 0.07890625
0 0.434375 0.56328125 0.07890625 0.08125
0 0.9296875 0.434375 0.07734375 0.078125
0 0.23125 0.48359375 0.08125 0.08359375
0 0.76484375 0.571875 0.0765625 0.0765625
0 0.353125 0.5578125 0.0828125 0.08046875
0 0.15 0.77890625 0.08203125 0.07890625
0 0.96484375 0.640625 0.0703125 0.084375
0 0.51484375 0.9765625 0.0828125 0.046875
0 0.390625 0.92421875 0.08359375 0.0828125
0 0.6453125 0.07578125 0.07734375 0.078125
0 0.8875 0.35234375 0.08046875 0.08359375
0 0.359375 0.278125 0.08046875 0.08125
0 0.8078125 0.35546875 0.0796875 0.0796875
0 0.5265625 0.01796875 0.078125 0.0359375
0 0.52421875 0.1453125 0.0796875 0.0765625
0 0.39375 0.6328125 0.0828125 0.08515625
0 0.80390625 0.78046875 0.08203125 0.0796875
0 0.146875 0.9171875 0.08046875 0.08046875
0 0.01953125 0.2078125 0.0390625 0.0796875
0 0.51484375 0.84921875 0.08359375 0.0828125
0 0.96640625 0.0796875 0.0671875 0.08125
0 0.27890625 0.2796875 0.0765625 0.08046875
0 0.01640625 0.49375 0.0328125 0.0796875
0 0.48125 0.3546875 0.078125 0.078125
0 0.92734375 0.57109375 0.07890625 0.0796875
0 0.35078125 0.9765625 0.0796875 0.046875
0 0.34921875 0.84921875 0.08125 0.08125
0 0.96640625 0.35 0.0671875 0.0828125
0 0.6796875 0.71484375 0.078125 0.08046875
0 0.43046875 0.8484375 0.08125 0.08125
0 0.565625 0.35625 0.07734375 0.08046875
0 0.321875 0.209375 0.07890625 0.08046875
0 0.0328125 0.4140625 0.065625 0.084375
0 0.68359375 0.0234375 0.0734375 0.046875
0 0.03203125 0.7015625 0.0640625 0.0796875
0 0.5984375 0.97578125 0.0796875 0.0484375
0 0.3125 0.77890625 0.08125 0.08125
0 0.109375 0.70859375 0.07890625 0.08046875
0 0.60078125 0.85 0.0828125 0.08203125
0 0.43203125 0.975 0.0828125 0.05
0 0.47421875 0.78046875 0.0796875 0.07734375
0 0.11875 0.284375 0.07890625 0.08046875
0 0.64921875 0.3546875 0.07890625 0.078125
0 0.63828125 0.63203125 0.0828125 0.084375
0 0.35859375 0.4140625 0.07734375 0.07890625
0 0.5609375 0.49375 0.07734375 0.07734375
0 0.72578125 0.92265625 0.0765625 0.07734375
0 0.8875 0.77890625 0.08671875 0.08125
0 0.2390625 0.0703125 0.0765625 0.08046875
0 0.8046875 0.63671875 0.07734375 0.078125
0 0.31953125 0.3515625 0.0796875 0.0734375
0 0.51640625 0.55546875 0.084375 0.084375
0 0.06953125 0.63671875 0.08125 0.08046875
0 0.40078125 0.35 0.07734375 0.07734375
0 0.93125 0.28671875 0.0796875 0.07578125
0 0.7203125 0.784375 0.078125 0.07734375
0 0.121875 0.02109375 0.0796875 0.0421875
0 0.02578125 0.83515625 0.0515625 0.0859375
0 0.68046875 0.975 0.0796875 0.05
0 0.44140625 0.13359375 0.07734375 0.0828125
0 0.10234375 0.97421875 0.0796875 0.0515625
0 0.55703125 0.6375 0.07734375 0.0828125
0 0.06484375 0.91640625 0.08046875 0.0828125
0 0.35234375 0.70859375 0.08125 0.08359375
0 0.065625 0.77109375 0.0796875 0.08125
0 0.27578125 0.41328125 0.0859375 0.0828125
0 0.4078125 0.21640625 0.078125 0.0765625
0 0.3640625 0.13828125 0.0765625 0.07890625
0 0.43984375 0.41875 0.0765625 0.071875
0 0.31796875 0.06015625 0.0796875 0.08515625
0 0.23984375 0.35 0.0734375 0.07109375
0 0.11015625 0.565625 0.07890625 0.07890625
0 0.06640625 0.3390625 0.0828125 0.08203125
0 0.39375 0.7828125 0.0796875 0.0796875
0 0.68203125 0.853125 0.078125 0.07734375
0 0.6453125 0.921875 0.07890625 0.07890625
0 0.03828125 0.27734375 0.0765625 0.078125
0 0.603125 0.71171875 0.07734375 0.078125
0 0.47265625 0.925 0.0828125 0.08125
0 0.15703125 0.346875 0.07890625 0.07421875
0 0.48203125 0.0765625 0.07578125 0.07109375
0 0.27109375 0.56640625 0.0796875 0.078125
0 0.4015625 0.07734375 0.0765625 0.0703125
0 0.2 0.0203125 0.078125 0.040625
0 0.6890625 0.14453125 0.07890625 0.07890625