0 0.9203125 0.14609375 0.08125 0.08203125
0 0.79765625 0.071875 0.08203125 0.08359375
0 0.8765625 0.2171875 0.08046875 0.0828125
0 0.9625 0.07109375 0.075 0.0796875
0 0.95859375 0.21484375 0.0828125 0.084375
0 0.8375 0.14609375 0.08125 0.08125
0 0.9796875 0.28671875 0.040625 0.08125
0 0.98125 0.14453125 0.0375 0.084375
0 0.75859375 0.0203125 0.08125 0.040625
0 0.9234375 0.02109375 0.08125 0.0421875
0 0.84140625 0.02109375 0.0828125 0.0421875
0 0.9171875 0.290625 0.08359375 0.08515625
0 0.671875 0.0203125 0.08125 0.040625
0 0.71015625 0.071875 0.08046875 0.08125
0 0.98046875 0.4328125 0.0390625 0.08125
0 0.88046875 0.07265625 0.08203125 0.0828125
0 0.97890625 0.5765625 0.0421875 0.0796875
0 0.79765625 0.215625 0.0796875 0.08125
0 0.83203125 0.29296875 0.08125 0.08359375
0 0.91953125 0.43203125 0.08359375 0.084375
0 0.75625 0.14453125 0.08203125 0.08359375
0 0.871875 0.36328125 0.08125 0.08203125
0 0.95859375 0.50390625 0.08203125 0.08359375
0 0.9625 0.359375 0.075 0.084375