0 0.9640625 0.89140625 0.071875 0.0859375
0 0.609375 0.36796875 0.0828125 0.0828125
0 0.68671875 0.3625 0.0859375 0.0859375
0 0.96796875 0.30390625 0.0390625 0.0796875
0 0.52578125 0.375 0.084375 0.084375
0 0.44765625 0.38046875 0.0828125 0.0828125
0 0.6828125 0.84375 0.084375 0.084375
0 0.73046875 0.428125 0.084375 0.0859375
0 0.88828125 0.8984375 0.0859375 0.0859375
0 0.98203125 0.8203125 0.0359375 0.08125
0 0.36875 0.3859375 0.084375 0.0859375
0 0.42109375 0.58828125 0.084375 0.0859375
0 0.77421875 0.4921875 0.0859375 0.0828125
0 0.9578125 0.75546875 0.084375 0.084375
0 0.24453125 0.3265625 0.084375 0.084375
0 0.86640625 0.23984375 0.084375 0.084375
0 0.340625 0.5921875 0.0859375 0.0859375
0 0.9140625 0.30859375 0.08125 0.08125
0 0.575 0.4375 0.0828125 0.0828125
0 0.9421875 0.23359375 0.078125 0.0828125
0 0.6515625 0.4359375 0.0828125 0.084375
0 0.10234375 0.61015625 0.0828125 0.0828125
0 0.04921875 0.40859375 0.084375 0.084375
0 0.23671875 0.1921875 0.084375 0.084375
0 0.025 0.340625 0.05 0.08125
0 0.7265625 0.91171875 0.0828125 0.084375
0 0.59765625 0.23515625 0.084375 0.084375
0 0.83046875 0.69453125 0.0828125 0.084375
0 0.7609375 0.8390625 0.0859375 0.0859375
0 0.128125 0.4046875 0.08125 0.08125
0 0.60078125 0.8484375 0.084375 0.084375
0 0.18359375 0.60390625 0.084375 0.0828125
0 0.93359375 0.09921875 0.071875 0.084375
0 0.82265625 0.17265625 0.084375 0.0859375
0 0.0265625 0.48046875 0.053125 0.0828125
0 0.91171875 0.6875 0.0859375 0.0859375
0 0.19921875 0.2609375 0.084375 0.0828125
0 0.16328125 0.33515625 0.084375 0.084375
0 0.8640625 0.6234375 0.084375 0.0859375
0 0.4765625 0.79140625 0.0828125 0.084375
0 0.83203125 0.31796875 0.08125 0.08125
0 0.81328125 0.41953125 0.0859375 0.0859375
0 0.4078125 0.93359375 0.084375 0.084375
0 0.35859375 0.253125 0.0828125 0.0828125
0 0.18828125 0.74375 0.0828125 0.0859375
0 0.9296875 0.9453125 0.0796875 0.04375
0 0.4140625 0.45234375 0.0859375 0.084375
0 0.37890625 0.521875 0.084375 0.084375
0 0.21796875 0.5359375 0.084375 0.084375
0 0.3875 0.65859375 0.0828125 0.0828125
0 0.10703125 0.746875 0.0859375 0.0875
0 0.0953125 0.4734375 0.084375 0.084375
0 0.4828125 0.30859375 0.0828125 0.084375
0 0.396875 0.796875 0.084375 0.084375
0 0.92265625 0.82578125 0.084375 0.0859375
0 0.2890625 0.39140625 0.0828125 0.084375
0 0.6453125 0.91328125 0.0875 0.0890625
0 0.440625 0.86015625 0.0828125 0.0828125
0 0.2078125 0.396875 0.084375 0.084375
0 0.6921875 0.9625 0.08125 0.0515625
0 0.875 0.759375 0.0859375 0.0875
0 0.31640625 0.18359375 0.0828125 0.084375
0 0.36328125 0.86328125 0.084375 0.0828125
0 0.22578125 0.6703125 0.084375 0.084375
0 0.55234375 0.1671875 0.084375 0.0875
0 0.96484375 0.51171875 0.0703125 0.0828125
0 0.28515625 0.98203125 0.0828125 0.0359375
0 0.5140625 0.72109375 0.084375 0.084375
0 0.03515625 0.61484375 0.059375 0.0828125
0 0.43671875 0.2421875 0.0859375 0.0828125
0 0.2953125 0.528125 0.0828125 0.0859375
0 0.80703125 0.90078125 0.0859375 0.0875
0 0.278125 0.2578125 0.0859375 0.084375
0 0.91953125 0.44140625 0.084375 0.0875
0 0.78046875 0.10390625 0.084375 0.0859375
0 0.46640625 0.6515625 0.0828125 0.084375
0 0.04375 0.75234375 0.053125 0.08125
0 0.39453125 0.18203125 0.084375 0.084375
0 0.26796875 0.73515625 0.084375 0.0875
0 0.0765625 0.20390625 0.0828125 0.084375
0 0.8609375 0.10390625 0.0828125 0.0859375
0 0.01953125 0.20859375 0.0390625 0.0828125
0 0.484375 0.9296875 0.0828125 0.084375
0 0.84921875 0.9515625 0.08125 0.0453125
0 0.33359375 0.45859375 0.0859375 0.0859375
0 0.76953125 0.959375 0.0796875 0.04375
0 0.05390625 0.88671875 0.05 0.084375
0 0.8203125 0.5578125 0.08125 0.0828125
0 0.6421875 0.296875 0.084375 0.0859375
0 0.203125 0.12109375 0.08125 0.08125
0 0.47265625 0.171875 0.084375 0.084375
0 0.521875 0.8515625 0.0859375 0.084375
0 0.30546875 0.66484375 0.0859375 0.084375
0 0.35078125 0.73125 0.084375 0.0859375
0 0.04140625 0.27578125 0.0828125 0.0828125
0 0.44609375 0.98125 0.0796875 0.0375
0 0.78671875 0.25 0.0828125 0.084375
0 0.76796875 0.3546875 0.0828125 0.0828125
0 0.128125 0.12421875 0.08125 0.08125
0 0.7953125 0.759375 0.084375 0.0875
0 0.56171875 0.30234375 0.084375 0.0859375
0 0.67109375 0.70625 0.084375 0.084375
0 0.95546875 0.3703125 0.0765625 0.0828125
0 0.6359375 0.77578125 0.0828125 0.084375
0 0.32265625 0.3234375 0.0859375 0.0875
0 0.71328125 0.76953125 0.0828125 0.0859375
0 0.08671875 0.3390625 0.0828125 0.0859375
0 0.5640625 0.91953125 0.08125 0.0828125
0 0.05546875 0.546875 0.084375 0.084375
0 0.1171875 0.88515625 0.0859375 0.0875
0 0.23984375 0.94296875 0.0828125 0.0828125
0 0.12109375 0.265625 0.0828125 0.084375
0 0.27890625 0.871875 0.0828125 0.0828125
0 0.25390625 0.465625 0.0828125 0.084375
0 0.15390625 0.1890625 0.084375 0.084375
0 0.5921875 0.71484375 0.0828125 0.0828125
0 0.9015625 0.16953125 0.0828125 0.084375
0 0.43125 0.72421875 0.0828125 0.084375
0 0.12109375 0.99453125 0.0796875 0.0109375
0 0.36953125 0.978125 0.0828125 0.04375
0 0.1453125 0.67734375 0.084375 0.084375
0 0.17265625 0.46953125 0.084375 0.0875
0 0.1359375 0.53984375 0.0828125 0.084375
0 0.70390625 0.63203125 0.0828125 0.0828125
0 0.63359375 0.15859375 0.0875 0.0890625
0 0.97421875 0.68515625 0.0515625 0.0796875
0 0.6140625 0.5109375 0.0828125 0.08125
0 0.32578125 0.93671875 0.090625 0.0859375
0 0.53046875 0.9703125 0.0828125 0.059375
0 0.51796875 0.24140625 0.084375 0.084375
0 0.84375 0.8328125 0.084375 0.0875
0 0.6265625 0.6421875 0.0859375 0.084375
0 0.74296875 0.18046875 0.0875 0.0859375
0 0.55859375 0.784375 0.084375 0.0859375
0 0.403125 0.3171875 0.084375 0.0859375
0 0.04375 0.128125 0.0875 0.0875
0 0.065625 0.684375 0.0828125 0.0828125
0 0.15625 0.81171875 0.084375 0.0828125
0 0.54609375 0.64453125 0.0859375 0.0859375
0 0.746875 0.6984375 0.0828125 0.0859375
0 0.2015625 0.98359375 0.0875 0.0328125
0 0.6953125 0.5015625 0.0828125 0.084375
0 0.31640625 0.80234375 0.084375 0.084375
0 0.07578125 0.8203125 0.0828125 0.08125
0 0.16015625 0.94765625 0.0859375 0.0859375
0 0.45859375 0.51484375 0.084375 0.084375
0 0.98046875 0.440625 0.0390625 0.08125
0 0.89921875 0.55078125 0.084375 0.084375
0 0.49140625 0.446875 0.084375 0.0828125
0 0.20078125 0.8765625 0.0859375 0.084375
0 0.78515625 0.61953125 0.0859375 0.0859375
0 0.234375 0.80703125 0.0859375 0.0828125
0 0.72265625 0.28671875 0.08125 0.084375
0 0.740625 0.56484375 0.0875 0.084375
0 0.5359375 0.50078125 0.084375 0.0890625
0 0.67890625 0.2296875 0.084375 0.0828125
0 0.659375 0.56640625 0.0859375 0.0875
0 0.7015625 0.11640625 0.0875 0.0890625
0 0.8796875 0.375 0.0859375 0.0890625
0 0.503125 0.58828125 0.0875 0.0859375
0 0.2625 0.60078125 0.0859375 0.0859375
0 0.58203125 0.5765625 0.0859375 0.0859375
0 0.609375 0.971875 0.0796875 0.046875
0 0.08203125 0.959375 0.0828125 0.08125
0 0.2828125 0.1171875 0.0859375 0.0828125
0 0.16640625 0.059375 0.08125 0.0703125
0 0.07890625 0.06640625 0.084375 0.06875
0 0.85390625 0.49140625 0.084375 0.084375
0 0.95546875 0.61796875 0.0875 0.0796875