0 0.18125 0.34921875 0.08125 0.08203125
0 0.43046875 0.0546875 0.07890625 0.08046875
0 0.1421875 0.1296875 0.0796875 0.08125
0 0.34921875 0.05703125 0.0796875 0.08125
0 0.140625 0.27734375 0.07890625 0.08203125
0 0.39375 0.1296875 0.08046875 0.0796875
0 0.059375 0.13125 0.08125 0.08203125
0 0.18203125 0.20390625 0.07890625 0.08046875
0 0.5171875 0.05859375 0.08359375 0.08515625
0 0.10078125 0.2046875 0.0828125 0.084375
0 0.22578125 0.1328125 0.0796875 0.08203125
0 0.2640625 0.3515625 0.07890625 0.08046875
0 0.221875 0.4265625 0.08046875 0.08203125
0 0.55625 0.13359375 0.08125 0.08046875
0 0.3125 0.128125 0.08125 0.08046875
0 0.10078125 0.059375 0.07890625 0.0796875
0 0.03046875 0.05625 0.0609375 0.08125
0 0.26875 0.0578125 0.0828125 0.084375
0 0.22265625 0.278125 0.08203125 0.0796875
0 0.265625 0.20390625 0.084375 0.0859375
0 0.1828125 0.05625 0.07890625 0.08046875
0 0.4703125 0.13203125 0.07890625 0.0796875
0 0.596875 0.0609375 0.08046875 0.08125
0 0.6375 0.13671875 0.08046875 0.0796875
0 0.38984375 0.57109375 0.08046875 0.08359375
0 0.5109375 0.20078125 0.07890625 0.08203125
0 0.68046875 0.06328125 0.08359375 0.0828125
0 0.3453125 0.35 0.08125 0.08125
0 0.46875 0.2734375 0.07734375 0.07890625
0 0.028125 0.20625 0.05625 0.0828125
0 0.096875 0.353125 0.08125 0.0796875
0 0.68203125 0.20625 0.08046875 0.084375
0 0.5515625 0.27734375 0.08125 0.08671875
0 0.64140625 0.27578125 0.0828125 0.08046875
0 0.5109375 0.3515625 0.0796875 0.08359375
0 0.42734375 0.3484375 0.07890625 0.08203125
0 0.30390625 0.28125 0.08125 0.0828125
0 0.3484375 0.4953125 0.0796875 0.08125
0 0.3046875 0.4234375 0.08125 0.07734375
0 0.35234375 0.646875 0.08203125 0.08359375
0 0.34921875 0.20390625 0.0796875 0.08671875
0 0.38671875 0.27578125 0.08046875 0.08515625
0 0.51171875 0.49375 0.08125 0.08203125
0 0.059375 0.28125 0.08203125 0.07890625
0 0.471875 0.56875 0.078125 0.084375
0 0.42734375 0.19765625 0.07890625 0.08359375
0 0.725 0.134375 0.0828125 0.08671875
0 0.596875 0.20078125 0.08125 0.08203125
0 0.5984375 0.35234375 0.08828125 0.0875
0 0.26328125 0.4984375 0.08359375 0.08515625
0 0.1390625 0.42265625 0.08125 0.08203125
0 0.76953125 0.0625 0.08046875 0.08515625
0 0.38828125 0.42578125 0.07734375 0.0796875
0 0.465625 0.42578125 0.07734375 0.078125
0 0.18046875 0.496875 0.07734375 0.0765625
0 0.2203125 0.57421875 0.08046875 0.08203125
0 0.30625 0.57265625 0.07890625 0.08203125
0 0.4359375 0.64453125 0.08359375 0.08515625
0 0.2640625 0.64375 0.08359375 0.08515625
0 0.42734375 0.49453125 0.07578125 0.075
0 0.553125 0.4234375 0.0859375 0.078125
0 0.30390625 0.72421875 0.0796875 0.07890625
0 0.3890625 0.71953125 0.08125 0.0796875