0 0.01640625 0.42578125 0.0328125 0.0890625
0 0.065625 0.40859375 0.09375 0.09375
0 0.42578125 0.18046875 0.090625 0.0890625
0 0.403125 0.25859375 0.090625 0.0921875
0 0.32578125 0.278125 0.0921875 0.090625
0 0.56328125 0.22109375 0.0859375 0.084375
0 0.16875 0.31171875 0.0890625 0.0875
0 0.03984375 0.271875 0.0796875 0.090625
0 0.090625 0.33125 0.0890625 0.0890625
0 0.2453125 0.29453125 0.0921875 0.090625
0 0.025 0.1328125 0.05 0.090625
0 0.27421875 0.21640625 0.0921875 0.090625
0 0.38203125 0.3375 0.0875 0.0859375
0 0.06171875 0.69375 0.078125 0.090625
0 0.43671875 0.39609375 0.0921875 0.0921875
0 0.62734375 0.01796875 0.0859375 0.0359375
0 0.55390625 0.0265625 0.0859375 0.053125
0 0.6640625 0.12421875 0.0859375 0.0890625
0 0.35078125 0.19921875 0.090625 0.090625
0 0.240625 0.08515625 0.0890625 0.090625
0 0.1140625 0.25859375 0.09375 0.0921875
0 0.06015625 0.196875 0.090625 0.0921875
0 0.30390625 0.3546875 0.0921875 0.0921875
0 0.41171875 0.47578125 0.09375 0.09375
0 0.37265625 0.12265625 0.0890625 0.0890625
0 0.21953125 0.159375 0.090625 0.0921875
0 0.36640625 0.625 0.0890625 0.0921875
0 0.48984375 0.46171875 0.0875 0.0859375
0 0.19375 0.2359375 0.0921875 0.090625
0 0.29609375 0.14296875 0.0890625 0.0890625
0 0.0296875 0.34921875 0.059375 0.0953125
0 0.16171875 0.10390625 0.09375 0.0921875
0 0.22421875 0.36875 0.090625 0.0921875
0 0.5078125 0.159375 0.09375 0.090625
0 0.25703125 0.5046875 0.090625 0.0921875
0 0.39453125 0.04609375 0.0875 0.0828125
0 0.140625 0.17421875 0.090625 0.0921875
0 0.56796875 0.44140625 0.0890625 0.0890625
0 0.60703125 0.06640625 0.0890625 0.0890625
0 0.34296875 0.70703125 0.090625 0.0921875
0 0.078125 0.61640625 0.0953125 0.09375
0 0.084375 0.115625 0.09375 0.090625
0 0.03203125 0.56171875 0.0640625 0.0859375
0 0.31484375 0.06953125 0.0921875 0.0921875
0 0.51953125 0.37421875 0.090625 0.0921875
0 0.68515625 0.05078125 0.0875 0.0859375
0 0.54453125 0.29140625 0.090625 0.090625
0 0.2890625 0.64375 0.0890625 0.090625
0 0.13671875 0.89921875 0.09375 0.0921875
0 0.6375 0.20078125 0.0890625 0.0890625
0 0.4828125 0.23828125 0.0921875 0.0921875
0 0.17578125 0.528125 0.0890625 0.0890625
0 0.23203125 0.58359375 0.09375 0.0921875
0 0.1953125 0.9546875 0.090625 0.090625
0 0.13359375 0.67421875 0.0921875 0.09375
0 0.32109375 0.78046875 0.090625 0.090625
0 0.21796875 0.88046875 0.0984375 0.096875
0 0.14765625 0.38203125 0.0953125 0.096875
0 0.44296875 0.60625 0.090625 0.0921875
0 0.475 0.034375 0.090625 0.06875
0 0.453125 0.10078125 0.0921875 0.0921875
0 0.0140625 0.21328125 0.028125 0.0921875
0 0.58515625 0.14609375 0.090625 0.0921875
0 0.61796875 0.27265625 0.0859375 0.0875
0 0.1234375 0.4609375 0.1 0.0984375
0 0.3578125 0.41015625 0.0953125 0.0953125
0 0.70390625 0.01171875 0.0859375 0.0234375
0 0.2109375 0.66171875 0.090625 0.09375
0 0.2796875 0.4328125 0.0875 0.0875
0 0.4609375 0.31484375 0.096875 0.096875
0 0.3125 0.56640625 0.09375 0.0921875
0 0.46796875 0.53125 0.09375 0.090625
0 0.39921875 0.765625 0.0921875 0.090625
0 0.24375 0.8 0.0953125 0.0953125
0 0.53046875 0.0828125 0.0921875 0.0921875
0 0.04296875 0.4875 0.0859375 0.09375
0 0.42265625 0.68359375 0.09375 0.096875
0 0.403125 0.96953125 0.0875 0.0609375
0 0.109375 0.759375 0.090625 0.090625
0 0.20390625 0.45078125 0.090625 0.090625
0 0.33359375 0.49765625 0.0921875 0.090625
0 0.09296875 0.8375 0.0796875 0.0921875
0 0.3890625 0.5515625 0.090625 0.090625
0 0.1625 0.8203125 0.09375 0.09375
0 0.475 0.7515625 0.0890625 0.0890625
0 0.1859375 0.74375 0.09375 0.09375
0 0.2640625 0.72421875 0.0921875 0.0921875
0 0.3 0.8546875 0.090625 0.0921875
0 0.24921875 0.98515625 0.0953125 0.0296875
0 0.10078125 0.54609375 0.0921875 0.0921875
0 0.5453125 0.50625 0.084375 0.0828125
0 0.37578125 0.840625 0.0921875 0.09375
0 0.71875 0.17734375 0.090625 0.0921875
0 0.275 0.93046875 0.1 0.1
0 0.45546875 0.8203125 0.090625 0.0921875
0 0.50234375 0.66171875 0.09375 0.0953125
0 0.12421875 0.9625 0.0828125 0.075
0 0.6 0.34140625 0.090625 0.0890625
0 0.484375 0.9578125 0.090625 0.084375
0 0.7625 0.04140625 0.090625 0.0828125
0 0.3296875 0.97421875 0.09375 0.0515625
0 0.5328125 0.57265625 0.0921875 0.0921875
0 0.6984375 0.25234375 0.0921875 0.090625
0 0.43046875 0.903125 0.096875 0.096875
0 0.60859375 0.55625 0.09375 0.09375
0 0.73828125 0.11015625 0.0875 0.0859375
0 0.15625 0.60078125 0.0921875 0.09375
0 0.53046875 0.80625 0.090625 0.0921875
0 0.55390625 0.72890625 0.0921875 0.0921875
0 0.51015625 0.88125 0.09375 0.09375
0 0.67890625 0.3203125 0.0859375 0.08125
0 0.66484375 0.38828125 0.1015625 0.0984375
0 0.353125 0.921875 0.0921875 0.09375
0 0.63125 0.48203125 0.1015625 0.096875
0 0.57890625 0.65859375 0.0890625 0.0859375