0 0.5546875 0.9234375 0.0875 0.0875
0 0.63125 0.9359375 0.090625 0.090625
0 0.91875 0.94765625 0.04375 0.08125
0 0.471875 0.91015625 0.0890625 0.0890625
0 0.3953125 0.89609375 0.0875 0.0875
0 0.65859375 0.9828125 0.0859375 0.034375
0 0.3171875 0.88203125 0.0890625 0.090625
0 0.21171875 0.79453125 0.0890625 0.0890625
0 0.83515625 0.8609375 0.0890625 0.0890625
0 0.86484375 0.9390625 0.0859375 0.084375
0 0.50546875 0.96953125 0.0859375 0.0609375
0 0.9109375 0.8734375 0.0828125 0.0875
0 0.5796875 0.9765625 0.084375 0.046875
0 0.02265625 0.82578125 0.0453125 0.0890625
0 0.2359375 0.6625 0.0890625 0.0890625
0 0.0109375 0.75390625 0.021875 0.0859375
0 0.57578125 0.79140625 0.0890625 0.0890625
0 0.01328125 0.55 0.0265625 0.084375
0 0.07890625 0.8421875 0.0859375 0.0859375
0 0.93515625 0.740625 0.0765625 0.0890625
0 0.809375 0.78515625 0.0890625 0.090625
0 0.1828125 0.7203125 0.0890625 0.0875
0 0.1296875 0.7828125 0.0890625 0.0890625
0 0.78359375 0.928125 0.0859375 0.0859375
0 0.740625 0.98828125 0.0875 0.0234375
0 0.3390625 0.75078125 0.0875 0.0875
0 0.34609375 0.95078125 0.0859375 0.071875
0 0.0375 0.89609375 0.075 0.0796875
0 0.44609375 0.83515625 0.0875 0.0875
0 0.23828125 0.86796875 0.0875 0.0890625
0 0.15859375 0.85390625 0.0890625 0.0890625
0 0.31484375 0.6734375 0.0875 0.0890625
0 0.5484375 0.7140625 0.0890625 0.0921875
0 0.41796875 0.759375 0.090625 0.0875
0 0.26015625 0.7359375 0.090625 0.0890625
0 0.78515625 0.7078125 0.0890625 0.090625
0 0.39140625 0.690625 0.0890625 0.0890625
0 0.07734375 0.63515625 0.0875 0.0890625
0 0.8625 0.72734375 0.0875 0.090625
0 0.021875 0.621875 0.04375 0.0875
0 0.26640625 0.9375 0.0890625 0.0734375
0 0.60390625 0.8625 0.0890625 0.090625
0 0.2203125 0.58515625 0.0859375 0.0859375
0 0.46953125 0.7 0.0890625 0.0890625
0 0.034375 0.696875 0.06875 0.0875
0 0.75625 0.8515625 0.0875 0.0890625
0 0.71171875 0.94921875 0.0875 0.0875
0 0.146875 0.56953125 0.0859375 0.0859375
0 0.525 0.84765625 0.0890625 0.090625
0 0.8890625 0.9828125 0.08125 0.034375
0 0.2875 0.81015625 0.0921875 0.0921875
0 0.0546875 0.76875 0.0875 0.090625
0 0.10625 0.70546875 0.0875 0.0890625
0 0.1875 0.925 0.0859375 0.0734375
0 0.15625 0.6390625 0.0890625 0.0890625
0 0.88671875 0.80078125 0.0875 0.0890625
0 0.1078125 0.909375 0.0875 0.0796875
0 0.62890625 0.72578125 0.0921875 0.09375
0 0.496875 0.778125 0.0890625 0.0890625
0 0.7296875 0.7734375 0.0921875 0.090625
0 0.3671875 0.82421875 0.0890625 0.090625
0 0.06328125 0.553125 0.09375 0.0921875
0 0.42265625 0.96328125 0.0859375 0.071875
0 0.684375 0.871875 0.0859375 0.0890625
0 0.65546875 0.80546875 0.0890625 0.0875
0 0.70546875 0.70078125 0.0921875 0.09375
0 0.81484375 0.97421875 0.0921875 0.0515625
0 0.29921875 0.60078125 0.090625 0.0875
0 0.20078125 0.509375 0.0890625 0.090625
0 0.1140625 0.49453125 0.090625 0.090625