0 0.94140625 0.43125 0.0828125 0.084375
0 0.6640625 0.33828125 0.0828125 0.0828125
0 0.85859375 0.42421875 0.084375 0.084375
0 0.83671875 0.7046875 0.0828125 0.08125
0 0.97265625 0.3640625 0.0546875 0.08125
0 0.7515625 0.696875 0.0859375 0.0828125
0 0.9640625 0.50390625 0.071875 0.0859375
0 0.4453125 0.0453125 0.0828125 0.084375
0 0.94921875 0.29375 0.0828125 0.0828125
0 0.3640625 0.0390625 0.084375 0.078125
0 0.62890625 0.75625 0.0828125 0.084375
0 0.91484375 0.7046875 0.084375 0.084375
0 0.84765625 0.56171875 0.084375 0.0828125
0 0.1265625 0.028125 0.08125 0.05625
0 0.69609375 0.41171875 0.08125 0.0828125
0 0.55703125 0.60546875 0.0828125 0.084375
0 0.83359375 0.2140625 0.08125 0.0828125
0 0.7421875 0.3453125 0.084375 0.084375
0 0.709375 0.76328125 0.0828125 0.084375
0 0.58203125 0.33046875 0.0828125 0.0828125
0 0.20859375 0.03125 0.0828125 0.0625
0 0.815625 0.97265625 0.084375 0.0546875
0 0.109375 0.646875 0.08125 0.0796875
0 0.74453125 0.83515625 0.0828125 0.0859375
0 0.9140625 0.21953125 0.084375 0.084375
0 0.65390625 0.96015625 0.0859375 0.0796875
0 0.190625 0.65078125 0.0796875 0.08125
0 0.87734375 0.14921875 0.0828125 0.084375
0 0.46875 0.25390625 0.08125 0.0828125
0 0.73515625 0.965625 0.0890625 0.06875
0 0.378125 0.384375 0.0828125 0.0828125
0 0.190625 0.16171875 0.08125 0.084375
0 0.88984375 0.4984375 0.08125 0.0828125
0 0.8 0.62890625 0.084375 0.0859375
0 0.60703125 0.5453125 0.08125 0.0796875
0 0.54765625 0.75 0.0828125 0.084375
0 0.4015625 0.109375 0.08125 0.08125
0 0.11015625 0.15234375 0.084375 0.0859375
0 0.07421875 0.571875 0.08125 0.0828125
0 0.08046875 0.9125 0.0875 0.0875
0 0.38828125 0.246875 0.0828125 0.0828125
0 0.90390625 0.35859375 0.0828125 0.084375
0 0.66640625 0.83125 0.0796875 0.0828125
0 0.925 0.56875 0.0828125 0.084375
0 0.41953125 0.8109375 0.08125 0.08125
0 0.615625 0.40078125 0.0859375 0.0875
0 0.421875 0.31640625 0.08125 0.08125
0 0.14375 0.71875 0.0828125 0.0828125
0 0.15234375 0.57734375 0.084375 0.084375
0 0.76640625 0.5578125 0.084375 0.084375
0 0.653125 0.47421875 0.0828125 0.0828125
0 0.86640625 0.28515625 0.084375 0.0859375
0 0.3453125 0.3078125 0.0828125 0.08125
0 0.2390625 0.0953125 0.0828125 0.0828125
0 0.88125 0.6328125 0.084375 0.0859375
0 0.86953125 0.771875 0.08125 0.084375
0 0.9796875 0.06328125 0.040625 0.0640625
0 0.78984375 0.76875 0.0828125 0.0859375
0 0.24765625 0.4375 0.0828125 0.084375
0 0.58203125 0.825 0.0828125 0.084375
0 0.51640625 0.18984375 0.0828125 0.0828125
0 0.715625 0.62578125 0.0828125 0.0859375
0 0.05859375 0.02578125 0.0578125 0.0515625
0 0.56953125 0.95859375 0.0859375 0.0828125
0 0.778125 0.4140625 0.084375 0.0859375
0 0.4796875 0.1140625 0.08125 0.0828125
0 0.046875 0.14765625 0.0515625 0.08125
0 0.825 0.8421875 0.0859375 0.0875
0 0.27109375 0.16640625 0.0828125 0.0859375
0 0.17734375 0.78671875 0.084375 0.084375
0 0.946875 0.77578125 0.0765625 0.0875
0 0.4546875 0.3921875 0.08125 0.0828125
0 0.06328125 0.7125 0.084375 0.0859375
0 0.81015625 0.4921875 0.0828125 0.0859375
0 0.70234375 0.903125 0.08125 0.08125
0 0.22578125 0.721875 0.08125 0.0828125
0 0.7296875 0.48671875 0.0828125 0.084375
0 0.16328125 0.91796875 0.084375 0.0859375
0 0.0359375 0.28203125 0.05 0.084375
0 0.84453125 0.0765625 0.0796875 0.0828125
0 0.50390625 0.32109375 0.084375 0.0828125
0 0.31953125 0.103125 0.084375 0.0828125
0 0.59140625 0.6859375 0.084375 0.08125
0 0.35390625 0.175 0.0828125 0.084375
0 0.36796875 0.52578125 0.08125 0.0796875
0 0.40703125 0.4609375 0.08125 0.084375
0 0.50234375 0.81328125 0.084375 0.084375
0 0.78828125 0.27265625 0.0828125 0.0859375
0 0.6734375 0.20078125 0.0828125 0.0828125
0 0.4671875 0.7453125 0.08125 0.084375
0 0.628125 0.2640625 0.08125 0.0828125
0 0.01875 0.5640625 0.0375 0.08125
0 0.70546875 0.26953125 0.08125 0.084375
0 0.271875 0.6578125 0.0859375 0.0828125
0 0.48671875 0.95390625 0.084375 0.08125
0 0.53515625 0.39453125 0.0796875 0.08125
0 0.0984375 0.290625 0.084375 0.0859375
0 0.2109375 0.3671875 0.08125 0.08125
0 0.2609375 0.303125 0.08125 0.08125
0 0.59453125 0.196875 0.08125 0.08125
0 0.4421875 0.5375 0.0796875 0.0828125
0 0.43359375 0.18046875 0.08125 0.0828125
0 0.03515625 0.6375 0.0703125 0.084375
0 0.08125 0.4359375 0.0828125 0.0828125
0 0.33046875 0.44453125 0.0828125 0.084375
0 0.04140625 0.4984375 0.0828125 0.0859375
0 0.159375 0.08984375 0.0828125 0.0828125
0 0.89609375 0.9765625 0.0828125 0.046875
0 0.71796875 0.13203125 0.08125 0.08125
0 0.97578125 0.22890625 0.0484375 0.0796875
0 0.296875 0.3734375 0.0890625 0.084375
0 0.4921875 0.45390625 0.0828125 0.084375
0 0.6375 0.6171875 0.0828125 0.0828125
0 0.86015625 0.909375 0.0859375 0.0890625
0 0.33828125 0.7984375 0.0859375 0.0859375
0 0.78046875 0.90703125 0.084375 0.084375
0 0.82421875 0.353125 0.0828125 0.0859375
0 0.52421875 0.53046875 0.0828125 0.084375
0 0.63984375 0.1296875 0.084375 0.0828125
0 0.51171875 0.678125 0.084375 0.08125
0 0.55078125 0.26015625 0.0828125 0.084375
0 0.0125 0.70390625 0.025 0.0828125
0 0.9578125 0.64296875 0.0734375 0.0859375
0 0.2578125 0.79453125 0.08125 0.0859375
0 0.4546875 0.88359375 0.0828125 0.0828125
0 0.0796875 0.084375 0.08125 0.08125
0 0.14921875 0.22421875 0.0828125 0.08125
0 0.56015625 0.11953125 0.084375 0.084375
0 0.02421875 0.4171875 0.04375 0.0828125
0 0.9390625 0.9125 0.0734375 0.0875
0 0.53828125 0.89140625 0.0828125 0.0859375
0 0.30546875 0.72734375 0.084375 0.0859375
0 0.75 0.2046875 0.08125 0.084375
0 0.27890625 0.50546875 0.084375 0.0828125
0 0.01953125 0.91171875 0.0390625 0.0890625
0 0.68046875 0.553125 0.078125 0.0796875
0 0.1640625 0.4296875 0.0890625 0.0890625
0 0.30859375 0.23984375 0.0828125 0.0828125
0 0.06796875 0.2203125 0.0828125 0.0796875
0 0.09765625 0.78828125 0.084375 0.0859375
0 0.13125 0.359375 0.084375 0.084375
0 0.621875 0.8953125 0.084375 0.0828125
0 0.9234375 0.08203125 0.0828125 0.0828125
0 0.18203125 0.2953125 0.084375 0.0828125
0 0.328125 0.934375 0.0828125 0.084375
0 0.8 0.1328125 0.084375 0.084375
0 0.2328125 0.5828125 0.08125 0.0859375
0 0.29296875 0.86953125 0.084375 0.078125
0 0.37421875 0.8734375 0.0828125 0.0828125
0 0.2265625 0.23203125 0.084375 0.08125
0 0.9078125 0.84765625 0.084375 0.08125
0 0.1203125 0.5078125 0.084375 0.084375
0 0.4296875 0.66015625 0.0828125 0.0875
0 0.76484375 0.071875 0.0859375 0.0828125
0 0.2453125 0.928125 0.0921875 0.0890625
0 0.390625 0.740625 0.0828125 0.08125
0 0.35234375 0.659375 0.08125 0.084375
0 0.684375 0.06015625 0.084375 0.0859375
0 0.40859375 0.94453125 0.08125 0.0765625
0 0.31171875 0.578125 0.0859375 0.090625
0 0.2140625 0.8625 0.078125 0.0765625
0 0.5265625 0.0578125 0.0859375 0.084375
0 0.04296875 0.8390625 0.0859375 0.0875
0 0.2859375 0.0375 0.084375 0.075
0 0.60625 0.05859375 0.084375 0.084375
0 0.02890625 0.77578125 0.0578125 0.0828125
0 0.13125 0.853125 0.084375 0.0796875
0 0.5703125 0.47109375 0.08125 0.08125
0 0.053125 0.3609375 0.08125 0.0828125
0 0.47421875 0.60625 0.08125 0.0765625
0 0.39453125 0.6015625 0.08125 0.075
0 0.8859375 0.040625 0.078125 0.034375
0 0.1984375 0.51328125 0.0828125 0.0796875
0 0.6765625 0.68828125 0.084375 0.084375
0 0.9625 0.15703125 0.075 0.0796875