0 0.20546875 0.30625 0.0921875 0.0921875
0 0.49296875 0.04921875 0.0890625 0.090625
0 0.196875 0.08359375 0.090625 0.0921875
0 0.4125 0.04296875 0.090625 0.0859375
0 0.175 0.2296875 0.0890625 0.0921875
0 0.44609375 0.11875 0.090625 0.090625
0 0.11484375 0.0734375 0.0921875 0.0921875
0 0.2265625 0.1625 0.0890625 0.090625
0 0.578125 0.065625 0.0953125 0.0953125
0 0.14609375 0.15234375 0.09375 0.0953125
0 0.2796875 0.0984375 0.090625 0.0921875
0 0.28671875 0.3203125 0.0890625 0.090625
0 0.23515625 0.38828125 0.090625 0.0921875
0 0.60703125 0.1453125 0.0921875 0.090625
0 0.36640625 0.10546875 0.0921875 0.090625
0 0.16484375 0.0265625 0.0890625 0.053125
0 0.096875 0.01953125 0.071875 0.0390625
0 0.3328125 0.03828125 0.09375 0.0765625
0 0.25625 0.24140625 0.0921875 0.090625
0 0.309375 0.17421875 0.0953125 0.096875
0 0.24765625 0.03046875 0.0890625 0.0609375
0 0.521875 0.13125 0.0890625 0.090625
0 0.65703125 0.07890625 0.090625 0.0921875
0 0.68671875 0.159375 0.090625 0.090625
0 0.38125 0.5546875 0.090625 0.09375
0 0.55234375 0.20546875 0.0890625 0.0921875
0 0.73984375 0.09296875 0.09375 0.09375
0 0.36796875 0.3296875 0.0921875 0.0921875
0 0.50078125 0.27109375 0.0875 0.0890625
0 0.0734375 0.14375 0.0671875 0.0890625
0 0.12109375 0.2984375 0.0921875 0.090625
0 0.72109375 0.234375 0.0921875 0.0953125
0 0.58203125 0.28671875 0.0921875 0.096875
0 0.67109375 0.29765625 0.09375 0.090625
0 0.53125 0.3546875 0.090625 0.09375
0 0.44921875 0.33984375 0.0890625 0.0921875
0 0.3359375 0.25625 0.0921875 0.09375
0 0.35078125 0.47421875 0.090625 0.0921875
0 0.3171875 0.396875 0.090625 0.0875
0 0.33359375 0.625 0.0921875 0.09375
0 0.3921875 0.1859375 0.090625 0.096875
0 0.41875 0.2625 0.0921875 0.0953125
0 0.5125 0.4953125 0.0921875 0.0921875
0 0.09375 0.221875 0.0921875 0.0890625
0 0.4625 0.5640625 0.0890625 0.09375
0 0.4703125 0.190625 0.0890625 0.09375
0 0.7734375 0.16953125 0.09375 0.096875
0 0.6375 0.2171875 0.0921875 0.0921875
0 0.61796875 0.3671875 0.1 0.0984375
0 0.265625 0.465625 0.0953125 0.0953125
0 0.153125 0.3734375 0.0921875 0.0921875
0 0.828125 0.10390625 0.0921875 0.0953125
0 0.4 0.4109375 0.0875 0.0890625
0 0.4765625 0.421875 0.0875 0.0875
0 0.184375 0.45234375 0.0875 0.0859375
0 0.2125 0.534375 0.090625 0.0921875
0 0.29765625 0.5453125 0.0890625 0.0921875
0 0.41640625 0.634375 0.0953125 0.0953125
0 0.24609375 0.609375 0.0953125 0.0953125
0 0.42890625 0.484375 0.0859375 0.084375
0 0.56328125 0.43125 0.0953125 0.0890625
0 0.275 0.69453125 0.090625 0.0890625
0 0.359375 0.70234375 0.0921875 0.090625