0 0.7484375 0.790625 0.084375 0.084375
0 0.7 0.8609375 0.0828125 0.0859375
0 0.31015625 0.05078125 0.084375 0.084375
0 0.83515625 0.6515625 0.084375 0.0859375
0 0.51640625 0.0203125 0.0828125 0.040625
0 0.39140625 0.06171875 0.084375 0.084375
0 0.6703125 0.15078125 0.0796875 0.078125
0 0.7515625 0.153125 0.078125 0.0796875
0 0.34765625 0.12578125 0.0859375 0.084375
0 0.71953125 0.5765625 0.084375 0.084375
0 0.5609375 0.56796875 0.0828125 0.0828125
0 0.7546875 0.6484375 0.0859375 0.0875
0 0.634375 0.0765625 0.0796875 0.08125
0 0.64609375 0.4171875 0.0859375 0.0859375
0 0.7359375 0.93515625 0.084375 0.084375
0 0.97109375 0.30859375 0.0578125 0.0796875
0 0.70625 0.221875 0.0828125 0.0828125
0 0.71171875 0.08046875 0.0828125 0.084375
0 0.92734375 0.51328125 0.0828125 0.0859375
0 0.81875 0.93828125 0.0859375 0.0859375
0 0.44140625 0.490625 0.084375 0.0828125
0 0.67890625 0.496875 0.084375 0.0859375
0 0.7921875 0.7265625 0.084375 0.084375
0 0.74140625 0.28984375 0.084375 0.084375
0 0.428125 0.1328125 0.0828125 0.084375
0 0.846875 0.50703125 0.0859375 0.0859375
0 0.9515625 0.7375 0.078125 0.08125
0 0.625 0.2171875 0.084375 0.084375
0 0.78828125 0.22421875 0.08125 0.08125
0 0.72890625 0.42109375 0.0828125 0.084375
0 0.6921875 0.9796875 0.084375 0.040625
0 0.6734375 0.640625 0.0828125 0.0859375
0 0.43515625 0.01796875 0.0828125 0.0359375
0 0.25703125 0.109375 0.0875 0.0859375
0 0.92578125 0.04296875 0.078125 0.046875
0 0.78359375 0.86328125 0.084375 0.0859375
0 0.47421875 0.0640625 0.084375 0.0828125
0 0.6015625 0.50078125 0.08125 0.084375
0 0.55546875 0.06953125 0.0828125 0.0828125
0 0.71015625 0.7171875 0.084375 0.0859375
0 0.8328125 0.159375 0.084375 0.0828125
0 0.61953125 0.85390625 0.084375 0.084375
0 0.353125 0.01484375 0.08125 0.0296875
0 0.40234375 0.40859375 0.084375 0.0875
0 0.98046875 0.04921875 0.0390625 0.0515625
0 0.30078125 0.19140625 0.084375 0.0828125
0 0.7765625 0.98203125 0.084375 0.0359375
0 0.590625 0.14296875 0.08125 0.0828125
0 0.5984375 0.02421875 0.0796875 0.04375
0 0.959375 0.5875 0.078125 0.084375
0 0.76328125 0.49765625 0.0859375 0.0875
0 0.88046875 0.578125 0.0875 0.084375
0 0.66640625 0.78828125 0.0859375 0.0828125
0 0.89921875 0.94609375 0.0875 0.0875
0 0.4765625 0.55859375 0.0875 0.084375
0 0.9015625 0.29921875 0.084375 0.0859375
0 0.44375 0.33828125 0.08125 0.084375
0 0.9171875 0.6546875 0.0875 0.0890625
0 0.65625 0.92578125 0.084375 0.084375
0 0.5453125 0.21015625 0.084375 0.084375
0 0.82109375 0.29609375 0.08125 0.084375
0 0.5234375 0.4953125 0.084375 0.084375
0 0.51015625 0.1375 0.084375 0.084375
0 0.85546875 0.98515625 0.0828125 0.0296875
0 0.86171875 0.86875 0.0859375 0.0859375
0 0.9421875 0.871875 0.0828125 0.0859375
0 0.86796875 0.228125 0.0828125 0.084375
0 0.5609375 0.4171875 0.084375 0.0890625
0 0.54453125 0.70390625 0.084375 0.084375
0 0.365625 0.33515625 0.084375 0.084375
0 0.51328125 0.6296875 0.084375 0.0859375
0 0.82890625 0.796875 0.0859375 0.0859375
0 0.48203125 0.41875 0.0828125 0.0875
0 0.6296875 0.715625 0.0828125 0.084375
0 0.934375 0.98515625 0.08125 0.0296875
0 0.9671875 0.80546875 0.0390625 0.0796875
0 0.6609375 0.2921875 0.0828125 0.084375
0 0.89375 0.434375 0.08125 0.0828125
0 0.31953125 0.40234375 0.0859375 0.084375
0 0.3578125 0.48046875 0.084375 0.084375
0 0.7921875 0.08515625 0.08125 0.084375
0 0.8578125 0.3703125 0.0828125 0.078125
0 0.59375 0.6421875 0.0859375 0.084375
0 0.9390625 0.37265625 0.08125 0.08125
0 0.678125 0.0296875 0.08125 0.046875
0 0.521875 0.83671875 0.0921875 0.090625
0 0.975 0.15859375 0.05 0.0859375
0 0.27421875 0.0109375 0.0828125 0.021875
0 0.60859375 0.97578125 0.0828125 0.0484375
0 0.17421875 0.10390625 0.0859375 0.084375
0 0.57421875 0.92109375 0.084375 0.0875
0 0.871875 0.728125 0.0859375 0.0875
0 0.5828125 0.77578125 0.084375 0.0859375
0 0.8109375 0.4296875 0.090625 0.0875
0 0.4640625 0.203125 0.0859375 0.08125
0 0.28671875 0.33125 0.084375 0.0859375
0 0.953125 0.23984375 0.08125 0.08125
0 0.9140625 0.159375 0.08125 0.0828125
0 0.9671875 0.4421875 0.065625 0.075
0 0.871875 0.07890625 0.084375 0.0890625
0 0.77890625 0.3640625 0.0765625 0.075
0 0.6375 0.57265625 0.0828125 0.0828125
0 0.60625 0.34453125 0.0875 0.0859375
0 0.51875 0.33046875 0.084375 0.0859375
0 0.3921875 0.55078125 0.08125 0.0828125
0 0.909375 0.8046875 0.084375 0.084375
0 0.328125 0.26328125 0.08125 0.084375
0 0.58046875 0.28125 0.0828125 0.0828125
0 0.95859375 0.94921875 0.0421875 0.0828125
0 0.69609375 0.35703125 0.0828125 0.078125
0 0.40859375 0.2625 0.0828125 0.084375
0 0.5 0.76953125 0.0859375 0.08125
0 0.3796875 0.196875 0.084375 0.0859375
0 0.7984375 0.58203125 0.084375 0.0828125
0 0.4578125 0.69140625 0.0859375 0.0890625
0 0.42109375 0.6203125 0.0859375 0.0875
0 0.9546875 0.10078125 0.0796875 0.075
0 0.2453125 0.2546875 0.0859375 0.0875
0 0.15 0.04375 0.0828125 0.0828125
0 0.2125 0.1875 0.0859375 0.084375
0 0.75625 0.0328125 0.0796875 0.0453125
0 0.496875 0.2734375 0.0875 0.0828125