0 0.0390625 0.58984375 0.071875 0.0890625
0 0.70390625 0.296875 0.090625 0.09375
0 0.11328125 0.940625 0.0890625 0.090625
0 0.52109375 0.5328125 0.0875 0.0875
0 0.325 0.6265625 0.0875 0.0875
0 0.39140625 0.475 0.090625 0.090625
0 0.4390625 0.184375 0.0875 0.0890625
0 0.76953125 0.5015625 0.0890625 0.0890625
0 0.746875 0.025 0.0875 0.05
0 0.43984375 0.5421875 0.0875 0.0875
0 0.93203125 0.48125 0.0875 0.0890625
0 0.9015625 0.56015625 0.0921875 0.0921875
0 0.35859375 0.19609375 0.0875 0.0859375
0 0.75 0.36328125 0.090625 0.090625
0 0.24609375 0.634375 0.0890625 0.0875
0 0.5859375 0.38203125 0.0875 0.090625
0 0.47421875 0.46328125 0.0890625 0.090625
0 0.76484375 0.14609375 0.0890625 0.090625
0 0.0734375 0.87265625 0.071875 0.0890625
0 0.33984375 0.41015625 0.0875 0.090625
0 0.19296875 0.21171875 0.0890625 0.0890625
0 0.30859375 0.12734375 0.090625 0.0890625
0 0.021875 0.30546875 0.04375 0.0859375
0 0.3921875 0.8375 0.0890625 0.0921875
0 0.796875 0.065625 0.0890625 0.0859375
0 0.2765625 0.921875 0.0890625 0.0890625
0 0.24296875 0.9765625 0.0859375 0.046875
0 0.21328125 0.71171875 0.0890625 0.090625
0 0.425 0.39921875 0.090625 0.090625
0 0.6671875 0.37578125 0.090625 0.0890625
0 0.47109375 0.11171875 0.0890625 0.0921875
0 0.45625 0.3234375 0.0890625 0.090625
0 0.88125 0.4171875 0.090625 0.0890625
0 0.375 0.3328125 0.090625 0.0921875
0 0.621875 0.665625 0.090625 0.090625
0 0.40859375 0.25625 0.090625 0.0875
0 0.08125 0.6546875 0.090625 0.090625
0 0.55703125 0.8125 0.0890625 0.0875
0 0.55390625 0.45390625 0.0875 0.090625
0 0.665625 0.028125 0.0875 0.05625
0 0.89296875 0.2 0.0890625 0.0859375
0 0.309375 0.484375 0.0875 0.0875
0 0.1015625 0.08046875 0.0859375 0.0796875
0 0.5375 0.671875 0.0875 0.0890625
0 0.71328125 0.0828125 0.0890625 0.0890625
0 0.60546875 0.88515625 0.0890625 0.0890625
0 0.275 0.20625 0.0875 0.0859375
0 0.29453125 0.3421875 0.090625 0.090625
0 0.6203125 0.30546875 0.090625 0.0890625
0 0.5875 0.74140625 0.0875 0.090625
0 0.42421875 0.04921875 0.090625 0.0890625
0 0.2578125 0.065625 0.0875 0.0875
0 0.50859375 0.7484375 0.090625 0.0890625
0 0.553125 0.10234375 0.0890625 0.0890625
0 0.08203125 0.2984375 0.0875 0.0859375
0 0.359375 0.91328125 0.0890625 0.0890625
0 0.60390625 0.52265625 0.090625 0.09375
0 0.50546875 0.3921875 0.0875 0.0890625
0 0.16171875 0.98125 0.0890625 0.0375
0 0.68671875 0.5125 0.090625 0.0921875
0 0.0578125 0.7296875 0.075 0.090625
0 0.1625 0.6453125 0.0890625 0.0875
0 0.3609375 0.54921875 0.0875 0.0875
0 0.571875 0.5984375 0.0875 0.0890625
0 0.22734375 0.49765625 0.0890625 0.0921875
0 0.634375 0.0953125 0.090625 0.090625
0 0.753125 0.7234375 0.0921875 0.0921875
0 0.85 0.49296875 0.0921875 0.09375
0 0.84375 0.1359375 0.090625 0.0921875
0 0.0296875 0.09140625 0.059375 0.0796875
0 0.2609375 0.77890625 0.0859375 0.0875
0 0.8328125 0.3515625 0.090625 0.090625
0 0.21171875 0.35390625 0.0875 0.0890625
0 0.259375 0.4203125 0.0859375 0.0875
0 0.13125 0.72109375 0.0890625 0.090625
0 0.8 0.4296875 0.090625 0.0890625
0 0.3421875 0.76953125 0.0890625 0.090625
0 0.4234375 0.759375 0.0890625 0.09375
0 0.03203125 0.44921875 0.0640625 0.0921875
0 0.440625 0.903125 0.0890625 0.0921875
0 0.14765625 0.14296875 0.0875 0.0875
0 0.65078125 0.23125 0.0890625 0.090625
0 0.1796875 0.0765625 0.0859375 0.0859375
0 0.39140625 0.11953125 0.0890625 0.0921875
0 0.86484375 0.27265625 0.0875 0.0890625
0 0.4765625 0.82578125 0.090625 0.0921875
0 0.5703125 0.24453125 0.090625 0.0875
0 0.63671875 0.80703125 0.090625 0.090625
0 0.24375 0.27890625 0.090625 0.0890625
0 0.63515625 0.44296875 0.0890625 0.090625
0 0.86640625 0.63671875 0.0921875 0.0921875
0 0.91328125 0.3421875 0.0875 0.0875
0 0.671875 0.73125 0.090625 0.0921875
0 0.58671875 0.0328125 0.0890625 0.065625
0 0.87421875 0.0609375 0.090625 0.090625
0 0.921875 0.1265625 0.08125 0.0921875
0 0.53671875 0.31640625 0.0890625 0.090625
0 0.29453125 0.703125 0.0890625 0.090625
0 0.503125 0.040625 0.0875 0.08125
0 0.65234375 0.58828125 0.090625 0.090625
0 0.525 0.8890625 0.0890625 0.090625
0 0.340625 0.05625 0.0875 0.0890625
0 0.08984375 0.9859375 0.0703125 0.028125
0 0.4890625 0.2484375 0.0921875 0.090625
0 0.78359375 0.6453125 0.09375 0.096875
0 0.30703125 0.846875 0.0890625 0.0921875
0 0.8234375 0.02265625 0.0875 0.0453125
0 0.93984375 0.2640625 0.078125 0.090625
0 0.1125 0.22890625 0.0875 0.0890625
0 0.3765625 0.69140625 0.096875 0.0953125
0 0.9203125 0.703125 0.0921875 0.09375
0 0.71796875 0.43671875 0.0890625 0.0875
0 0.95859375 0.40625 0.0765625 0.090625
0 0.4078125 0.9671875 0.0875 0.065625
0 0.903125 0.01640625 0.084375 0.0328125
0 0.10078125 0.796875 0.096875 0.09375
0 0.065625 0.51484375 0.0890625 0.090625
0 0.7328125 0.21796875 0.0921875 0.0921875
0 0.78125 0.284375 0.0875 0.0890625
0 0.65625 0.94609375 0.0890625 0.0859375
0 0.703125 0.6546875 0.0921875 0.09375
0 0.05078125 0.37265625 0.0921875 0.0921875
0 0.22734375 0.8546875 0.0890625 0.0921875
0 0.60234375 0.16484375 0.0890625 0.0921875
0 0.11484375 0.57734375 0.0875 0.0875
0 0.325 0.971875 0.0875 0.05625
0 0.0609375 0.1515625 0.0921875 0.09375
0 0.9515625 0.61953125 0.0890625 0.0890625
0 0.6828125 0.15625 0.0921875 0.0921875
0 0.8171875 0.56640625 0.090625 0.090625
0 0.7203125 0.79921875 0.090625 0.090625
0 0.18359375 0.4296875 0.0859375 0.0859375
0 0.4578125 0.6796875 0.0890625 0.0921875
0 0.3265625 0.2671875 0.0953125 0.090625
0 0.834375 0.7125 0.0921875 0.0921875
0 0.1453125 0.86171875 0.0921875 0.0921875
0 0.22734375 0.1359375 0.0859375 0.0875
0 0.19453125 0.93515625 0.0890625 0.0859375
0 0.73828125 0.57890625 0.09375 0.09375
0 0.51953125 0.17578125 0.090625 0.090625
0 0.8125 0.2125 0.0890625 0.0890625
0 0.1609375 0.29296875 0.0875 0.0859375
0 0.490625 0.60546875 0.0890625 0.0890625
0 0.146875 0.503125 0.090625 0.0921875
0 0.8046875 0.784375 0.09375 0.09375
0 0.01171875 0.165625 0.0234375 0.090625
0 0.2765625 0.56015625 0.0890625 0.090625
0 0.196875 0.57109375 0.090625 0.090625
0 0.88359375 0.778125 0.090625 0.090625
0 0.5734375 0.95625 0.090625 0.0859375
0 0.4890625 0.96171875 0.090625 0.0765625
0 0.1828125 0.7859375 0.0890625 0.0875
0 0.96171875 0.77265625 0.0765625 0.0953125
0 0.13203125 0.365625 0.0875 0.0859375
0 0.6875 0.87421875 0.09375 0.09375
0 0.73828125 0.9359375 0.09375 0.0859375
0 0.10390625 0.43828125 0.0875 0.0875
0 0.82265625 0.92734375 0.0890625 0.0828125
0 0.0390625 0.234375 0.078125 0.0875
0 0.96875 0.55 0.0625 0.0875
0 0.40625 0.61640625 0.0921875 0.090625
0 0.90546875 0.915625 0.096875 0.0859375
0 0.9375 0.8484375 0.09375 0.0953125
0 0.978125 0.6890625 0.04375 0.09375
0 0.77421875 0.865625 0.0984375 0.0953125
0 0.8546875 0.85703125 0.090625 0.096875