0 0.22734375 0.0265625 0.08125 0.0453125
0 0.39140625 0.0234375 0.078125 0.0453125
0 0.353125 0.0796875 0.084375 0.0828125
0 0.06328125 0.15546875 0.0828125 0.0828125
0 0.0328125 0.37109375 0.065625 0.0828125
0 0.03046875 0.22578125 0.0609375 0.0828125
0 0.06015625 0.03125 0.0828125 0.0484375
0 0.14375 0.02890625 0.08125 0.046875
0 0.03046875 0.0828125 0.0609375 0.08125
0 0.18828125 0.2265625 0.0828125 0.084375
0 0.30859375 0.0265625 0.084375 0.0484375
0 0.471875 0.025 0.08125 0.05
0 0.06328125 0.29765625 0.08125 0.0828125
0 0.309375 0.15234375 0.0828125 0.0828125
0 0.10625 0.2265625 0.0828125 0.084375
0 0.10234375 0.08203125 0.0828125 0.08125
0 0.2265625 0.15234375 0.084375 0.0875
0 0.35625 0.22421875 0.0828125 0.0859375
0 0.06875 0.44140625 0.08125 0.084375
0 0.1453125 0.153125 0.084375 0.084375
0 0.39609375 0.14375 0.08125 0.08125
0 0.03515625 0.66015625 0.0671875 0.0828125
0 0.26875 0.07734375 0.0828125 0.0828125
0 0.146875 0.2984375 0.0828125 0.0828125
0 0.2703125 0.22421875 0.0828125 0.0828125
0 0.18828125 0.08125 0.0859375 0.0859375
0 0.2328125 0.29296875 0.0859375 0.0859375
0 0.0671875 0.5875 0.08125 0.0828125
0 0.109375 0.6625 0.08125 0.08125
0 0.31171875 0.29453125 0.0828125 0.0828125
0 0.15078125 0.58828125 0.084375 0.084375
0 0.40078125 0.2984375 0.0890625 0.0859375
0 0.10703125 0.3703125 0.0859375 0.0859375
0 0.1515625 0.440625 0.0859375 0.0859375
0 0.1546875 0.73125 0.08125 0.0859375
0 0.11484375 0.51328125 0.084375 0.0828125
0 0.2359375 0.440625 0.0828125 0.0828125
0 0.034375 0.5109375 0.06875 0.08125
0 0.0359375 0.80390625 0.0625 0.0875
0 0.115625 0.8015625 0.084375 0.08125
0 0.434375 0.078125 0.0796875 0.08125
0 0.55625 0.02265625 0.08125 0.0453125
0 0.31953125 0.43984375 0.0890625 0.0890625
0 0.3578125 0.3703125 0.0859375 0.0859375
0 0.19453125 0.51328125 0.0859375 0.0875
0 0.19609375 0.65859375 0.084375 0.0875
0 0.440625 0.21796875 0.084375 0.0875
0 0.06953125 0.72734375 0.0828125 0.0828125
0 0.0734375 0.87890625 0.0890625 0.0890625
0 0.4796875 0.15078125 0.0796875 0.0796875
0 0.19375 0.3703125 0.0890625 0.0875
0 0.23984375 0.5859375 0.08125 0.0859375
0 0.27734375 0.5125 0.08125 0.084375
0 0.51875 0.078125 0.0875 0.084375
0 0.03984375 0.95 0.065625 0.0796875
0 0.275 0.3703125 0.0828125 0.0890625