0 0.0421875 0.60546875 0.075 0.0921875
0 0.696875 0.28984375 0.09375 0.096875
0 0.12890625 0.953125 0.0921875 0.0921875
0 0.52265625 0.53203125 0.090625 0.0890625
0 0.3296875 0.6328125 0.090625 0.090625
0 0.390625 0.47890625 0.09375 0.09375
0 0.428125 0.18671875 0.090625 0.0921875
0 0.76953125 0.4921875 0.0921875 0.0921875
0 0.73046875 0.02109375 0.0890625 0.0421875
0 0.44140625 0.54375 0.090625 0.090625
0 0.93125 0.46640625 0.090625 0.0921875
0 0.90390625 0.54609375 0.0953125 0.09375
0 0.3484375 0.2015625 0.0890625 0.0875
0 0.7453125 0.3546875 0.0921875 0.09375
0 0.25078125 0.64296875 0.090625 0.0890625
0 0.58203125 0.3796875 0.090625 0.0921875
0 0.47265625 0.4640625 0.0921875 0.0921875
0 0.75234375 0.1375 0.0921875 0.0921875
0 0.08671875 0.8875 0.075 0.0921875
0 0.3375 0.415625 0.090625 0.0921875
0 0.1828125 0.22265625 0.090625 0.0921875
0 0.29609375 0.134375 0.0921875 0.0921875
0 0.01953125 0.3234375 0.0390625 0.0875
0 0.40390625 0.84140625 0.0921875 0.0953125
0 0.78125 0.05546875 0.0921875 0.0890625
0 0.29140625 0.9296875 0.0921875 0.0921875
0 0.26015625 0.98046875 0.0890625 0.0390625
0 0.22109375 0.72109375 0.090625 0.09375
0 0.42109375 0.4015625 0.09375 0.09375
0 0.6625 0.36953125 0.0921875 0.0921875
0 0.4578125 0.1125 0.090625 0.0953125
0 0.45 0.325 0.090625 0.09375
0 0.878125 0.40390625 0.09375 0.0921875
0 0.36875 0.3375 0.0921875 0.09375
0 0.62734375 0.6609375 0.0921875 0.0921875
0 0.4 0.259375 0.0921875 0.090625
0 0.08671875 0.66875 0.09375 0.0921875
0 0.56796875 0.81015625 0.090625 0.090625
0 0.55234375 0.45234375 0.0890625 0.09375
0 0.6484375 0.02578125 0.090625 0.0515625
0 0.88203125 0.18671875 0.090625 0.0875
0 0.30859375 0.490625 0.090625 0.090625
0 0.08671875 0.09453125 0.0875 0.08125
0 0.54375 0.6703125 0.090625 0.0921875
0 0.6984375 0.07578125 0.090625 0.0921875
0 0.61875 0.88125 0.0921875 0.0921875
0 0.26484375 0.21484375 0.090625 0.0890625
0 0.28984375 0.35 0.09375 0.09375
0 0.61328125 0.3015625 0.0921875 0.0921875
0 0.59609375 0.7375 0.090625 0.0921875
0 0.40859375 0.0515625 0.0921875 0.0921875
0 0.24296875 0.07421875 0.0890625 0.0890625
0 0.5171875 0.74765625 0.0921875 0.0921875
0 0.53984375 0.10078125 0.090625 0.0921875
0 0.075 0.31328125 0.0890625 0.0890625
0 0.37421875 0.91796875 0.090625 0.090625
0 0.60390625 0.51875 0.09375 0.0953125
0 0.5015625 0.3921875 0.090625 0.0921875
0 0.1796875 0.9859375 0.090625 0.028125
0 0.68671875 0.50625 0.09375 0.09375
0 0.065625 0.7453125 0.078125 0.0921875
0 0.16796875 0.65703125 0.090625 0.090625
0 0.36328125 0.55390625 0.0890625 0.090625
0 0.575 0.5953125 0.090625 0.090625
0 0.22734375 0.50703125 0.090625 0.0953125
0 0.6203125 0.090625 0.0921875 0.0921875
0 0.7609375 0.7140625 0.09375 0.0953125
0 0.85 0.48125 0.0953125 0.0953125
0 0.83125 0.12421875 0.0921875 0.0953125
0 0.0234375 0.1078125 0.046875 0.08125
0 0.27109375 0.78671875 0.0890625 0.090625
0 0.82734375 0.33984375 0.09375 0.09375
0 0.20703125 0.3640625 0.090625 0.090625
0 0.25703125 0.42890625 0.0875 0.090625
0 0.1390625 0.73359375 0.0921875 0.0921875
0 0.796875 0.41875 0.09375 0.0921875
0 0.3515625 0.775 0.090625 0.09375
0 0.43203125 0.7625 0.0921875 0.0953125
0 0.03203125 0.465625 0.0640625 0.09375
0 0.4546875 0.9046875 0.090625 0.0953125
0 0.13515625 0.15546875 0.0890625 0.090625
0 0.640625 0.22578125 0.0921875 0.0921875
0 0.16484375 0.08828125 0.0875 0.0875
0 0.378125 0.12421875 0.090625 0.0953125
0 0.85703125 0.26015625 0.090625 0.090625
0 0.4875 0.8265625 0.0921875 0.0953125
0 0.5609375 0.2421875 0.0921875 0.090625
0 0.64765625 0.8015625 0.0921875 0.09375
0 0.2359375 0.2875 0.09375 0.0921875
0 0.63359375 0.43828125 0.0921875 0.0921875
0 0.87109375 0.62421875 0.09375 0.09375
0 0.9078125 0.328125 0.090625 0.0890625
0 0.6796875 0.72578125 0.09375 0.0953125
0 0.56953125 0.03203125 0.0921875 0.0640625
0 0.85859375 0.0484375 0.0921875 0.0921875
0 0.90859375 0.11171875 0.084375 0.0953125
0 0.5296875 0.31484375 0.0921875 0.09375
0 0.3015625 0.71015625 0.090625 0.09375
0 0.4859375 0.04140625 0.090625 0.0828125
0 0.65546875 0.5828125 0.09375 0.0921875
0 0.53828125 0.8875 0.0921875 0.0921875
0 0.325 0.06171875 0.0890625 0.090625
0 0.4796875 0.24921875 0.09375 0.09375
0 0.7890625 0.63515625 0.096875 0.0984375
0 0.31953125 0.85390625 0.090625 0.09375
0 0.80625 0.01796875 0.090625 0.0359375
0 0.93203125 0.24921875 0.08125 0.0921875
0 0.103125 0.2421875 0.0890625 0.0921875
0 0.3828125 0.6953125 0.0984375 0.0984375
0 0.92734375 0.68828125 0.09375 0.096875
0 0.715625 0.4296875 0.090625 0.090625
0 0.9546875 0.38984375 0.0796875 0.0921875
0 0.425 0.96875 0.090625 0.0625
0 0.884375 0.0109375 0.0875 0.021875
0 0.1109375 0.8109375 0.0984375 0.096875
0 0.06640625 0.5296875 0.0921875 0.09375
0 0.72265625 0.21015625 0.09375 0.0953125
0 0.7734375 0.275 0.0890625 0.090625
0 0.671875 0.940625 0.090625 0.0875
0 0.70859375 0.64765625 0.0953125 0.0953125
0 0.046875 0.3875 0.09375 0.09375
0 0.23984375 0.8640625 0.0921875 0.09375
0 0.590625 0.16171875 0.090625 0.0953125
0 0.11796875 0.590625 0.090625 0.0890625
0 0.34140625 0.97421875 0.0890625 0.0515625
0 0.04921875 0.1671875 0.0953125 0.096875
0 0.9546875 0.603125 0.090625 0.090625
0 0.67109375 0.15 0.0953125 0.09375
0 0.81953125 0.55546875 0.0921875 0.0921875
0 0.73046875 0.790625 0.09375 0.09375
0 0.18125 0.440625 0.0875 0.0890625
0 0.4640625 0.68125 0.0921875 0.09375
0 0.31875 0.2734375 0.0984375 0.09375
0 0.8421875 0.70078125 0.09375 0.09375
0 0.1578125 0.8734375 0.09375 0.0953125
0 0.21484375 0.14609375 0.0890625 0.0890625
0 0.21015625 0.9453125 0.090625 0.0890625
0 0.740625 0.5703125 0.096875 0.096875
0 0.5078125 0.175 0.0921875 0.09375
0 0.80234375 0.20234375 0.090625 0.090625
0 0.15390625 0.3046875 0.0890625 0.0890625
0 0.49453125 0.60625 0.090625 0.0921875
0 0.14765625 0.515625 0.0921875 0.09375
0 0.81484375 0.7734375 0.096875 0.096875
0 0.27890625 0.56796875 0.0921875 0.0921875
0 0.2 0.58125 0.0921875 0.0921875
0 0.89296875 0.7640625 0.09375 0.09375
0 0.5890625 0.953125 0.0921875 0.0890625
0 0.50546875 0.9609375 0.0921875 0.078125
0 0.19296875 0.796875 0.090625 0.090625
0 0.965625 0.75546875 0.06875 0.0984375
0 0.12734375 0.37890625 0.0890625 0.0890625
0 0.70078125 0.86796875 0.096875 0.096875
0 0.75390625 0.92734375 0.0953125 0.0890625
0 0.1015625 0.45234375 0.090625 0.090625
0 0.8375 0.915625 0.0921875 0.0859375
0 0.0359375 0.25078125 0.071875 0.0890625
0 0.96875 0.53359375 0.0625 0.0890625
0 0.41015625 0.61953125 0.09375 0.0921875
0 0.91953125 0.90078125 0.0984375 0.0890625
0 0.94921875 0.8328125 0.096875 0.096875
0 0.98046875 0.67265625 0.0390625 0.0953125
0 0.78671875 0.85546875 0.1 0.0984375
0 0.8671875 0.84453125 0.09375 0.0984375