0 0.89921875 0.50546875 0.0796875 0.0796875
0 0.971875 0.2328125 0.05625 0.078125
0 0.7421875 0.5015625 0.0796875 0.078125
0 0.30703125 0.4140625 0.078125 0.078125
0 0.90390625 0.23125 0.0765625 0.078125
0 0.971875 0.50390625 0.05625 0.0796875
0 0.54140625 0.5765625 0.0765625 0.078125
0 0.221875 0.6875 0.0765625 0.078125
0 0.78046875 0.3015625 0.0765625 0.0765625
0 0.5375 0.85625 0.0796875 0.0796875
0 0.38828125 0.41171875 0.0796875 0.0796875
0 0.66171875 0.5078125 0.0765625 0.0765625
0 0.82109375 0.50625 0.0765625 0.078125
0 0.4578125 0.8515625 0.0796875 0.0796875
0 0.61875 0.85390625 0.0796875 0.0796875
0 0.54453125 0.2796875 0.078125 0.0796875
0 0.96953125 0.78359375 0.053125 0.0796875
0 0.90234375 0.78515625 0.0796875 0.0765625
0 0.74140625 0.78203125 0.0765625 0.075
0 0.50703125 0.3484375 0.0765625 0.075
0 0.61953125 0.71484375 0.0765625 0.078125
0 0.6609375 0.784375 0.0765625 0.0765625
0 0.859375 0.30234375 0.0765625 0.0765625
0 0.53984375 0.71640625 0.078125 0.078125
0 0.821875 0.2328125 0.078125 0.078125
0 0.30234375 0.69140625 0.0796875 0.0796875
0 0.74140625 0.23515625 0.0765625 0.078125
0 0.26796875 0.20703125 0.0796875 0.0796875
0 0.14296875 0.82734375 0.0796875 0.0796875
0 0.45859375 0.71484375 0.0796875 0.078125
0 0.8203125 0.7828125 0.078125 0.078125
0 0.5828125 0.21953125 0.078125 0.078125
0 0.62109375 0.57109375 0.078125 0.078125
0 0.62109375 0.4375 0.0765625 0.0765625
0 0.7828125 0.43828125 0.075 0.075
0 0.228125 0.409375 0.0796875 0.0796875
0 0.703125 0.29921875 0.0765625 0.078125
0 0.865625 0.71328125 0.078125 0.0765625
0 0.94375 0.85546875 0.075 0.0734375
0 0.96875 0.925 0.05 0.0796875
0 0.93828125 0.4390625 0.0765625 0.078125
0 0.70078125 0.43671875 0.078125 0.078125
0 0.34765625 0.6171875 0.0796875 0.0796875
0 0.86015625 0.43828125 0.0765625 0.0765625
0 0.54140625 0.4359375 0.078125 0.078125
0 0.42265625 0.35078125 0.075 0.0765625
0 0.22421875 0.5515625 0.078125 0.078125
0 0.4625 0.57109375 0.0765625 0.0765625
0 0.94375 0.7140625 0.078125 0.078125
0 0.8625 0.578125 0.0765625 0.078125
0 0.58203125 0.50625 0.078125 0.0796875
0 0.7 0.71875 0.0796875 0.078125
0 0.66171875 0.64609375 0.078125 0.0796875
0 0.346875 0.215625 0.0765625 0.0765625
0 0.26484375 0.34609375 0.0765625 0.0796875
0 0.90390625 0.36640625 0.0765625 0.075
0 0.86328125 0.8546875 0.078125 0.078125
0 0.940625 0.978125 0.08125 0.04375
0 0.97109375 0.64453125 0.0546875 0.0765625
0 0.825 0.6453125 0.0765625 0.078125
0 0.184375 0.890625 0.08125 0.084375
0 0.03515625 0.3375 0.065625 0.078125
0 0.584375 0.36953125 0.078125 0.078125
0 0.21875 0.97265625 0.0796875 0.046875
0 0.7828125 0.7140625 0.078125 0.0765625
0 0.34609375 0.3453125 0.0765625 0.0765625
0 0.3078125 0.27734375 0.078125 0.0796875
0 0.90390625 0.646875 0.0765625 0.0765625
0 0.46640625 0.28046875 0.078125 0.078125
0 0.4984375 0.9265625 0.078125 0.08125
0 0.58203125 0.784375 0.0796875 0.0828125
0 0.78046875 0.1609375 0.0796875 0.078125
0 0.15 0.2765625 0.0796875 0.0796875
0 0.78125 0.578125 0.0796875 0.0796875
0 0.3859375 0.55 0.08125 0.078125
0 0.18359375 0.7546875 0.078125 0.078125
0 0.14609375 0.6875 0.078125 0.078125
0 0.3453125 0.484375 0.078125 0.078125
0 0.7828125 0.85 0.0765625 0.078125
0 0.784375 0.975 0.078125 0.05
0 0.94296875 0.29921875 0.078125 0.078125
0 0.22265625 0.828125 0.0796875 0.078125
0 0.03046875 0.921875 0.0609375 0.08125
0 0.10703125 0.3390625 0.078125 0.078125
0 0.7453125 0.64296875 0.078125 0.078125
0 0.38203125 0.9765625 0.075 0.04375
0 0.503125 0.64453125 0.075 0.078125
0 0.11328125 0.20625 0.0828125 0.08125
0 0.6234375 0.29921875 0.0796875 0.0796875
0 0.74375 0.36875 0.078125 0.0765625
0 0.42734375 0.2171875 0.0765625 0.078125
0 0.2984375 0.8546875 0.084375 0.0796875
0 0.26640625 0.48125 0.08125 0.0796875
0 0.425 0.63984375 0.0796875 0.0796875
0 0.30390625 0.54921875 0.0796875 0.0796875
0 0.421875 0.921875 0.0796875 0.08125
0 0.66484375 0.3703125 0.075 0.0765625
0 0.703125 0.57109375 0.08125 0.08125
0 0.10390625 0.753125 0.0796875 0.08125
0 0.26328125 0.62109375 0.078125 0.0796875
0 0.86171875 0.1625 0.078125 0.078125
0 0.82578125 0.36953125 0.078125 0.078125
0 0.53828125 0.978125 0.0765625 0.04375
0 0.93828125 0.5796875 0.0796875 0.078125
0 0.30390625 0.97265625 0.0796875 0.05
0 0.1484375 0.4078125 0.0796875 0.0796875
0 0.34140625 0.9203125 0.0796875 0.0796875
0 0.4671875 0.4125 0.078125 0.0828125
0 0.97109375 0.37265625 0.0578125 0.0765625
0 0.13828125 0.96328125 0.0796875 0.0625
0 0.7 0.97890625 0.075 0.0421875
0 0.02109375 0.13125 0.03125 0.0796875
0 0.7046875 0.84609375 0.08125 0.0828125
0 0.37734375 0.85390625 0.078125 0.078125
0 0.5828125 0.64453125 0.078125 0.078125
0 0.0671875 0.26640625 0.0796875 0.0796875
0 0.228125 0.27734375 0.075 0.0765625
0 0.1875 0.4796875 0.078125 0.0796875
0 0.4625 0.9765625 0.0765625 0.046875
0 0.5015625 0.7828125 0.0796875 0.08125
0 0.06015625 0.82265625 0.078125 0.078125
0 0.6640625 0.91796875 0.0859375 0.084375
0 0.06640625 0.68359375 0.0828125 0.0796875
0 0.90390625 0.92109375 0.0828125 0.08125
0 0.94140625 0.16484375 0.0765625 0.0765625
0 0.06953125 0.403125 0.0765625 0.0765625
0 0.82109375 0.09453125 0.0796875 0.08125
0 0.259375 0.921875 0.078125 0.0796875
0 0.82265625 0.925 0.075 0.075
0 0.7015625 0.1625 0.0765625 0.0765625
0 0.96953125 0.09765625 0.0609375 0.0796875
0 0.41875 0.7828125 0.0796875 0.0796875
0 0.57734375 0.92578125 0.078125 0.0796875
0 0.42578125 0.4875 0.0796875 0.0796875
0 0.05859375 0.9734375 0.078125 0.0390625
0 0.37734375 0.7171875 0.078125 0.078125
0 0.74453125 0.92578125 0.078125 0.078125
0 0.50625 0.196875 0.0796875 0.0796875
0 0.03828125 0.2 0.0671875 0.08125
0 0.18359375 0.3421875 0.078125 0.0796875
0 0.86015625 0.98046875 0.0765625 0.0390625
0 0.6640625 0.234375 0.0765625 0.078125
0 0.1 0.8984375 0.078125 0.078125
0 0.371875 0.13984375 0.0765625 0.078125
0 0.45234375 0.1375 0.078125 0.078125
0 0.621875 0.978125 0.078125 0.04375
0 0.33828125 0.78359375 0.078125 0.0796875
0 0.54453125 0.125 0.08125 0.0828125
0 0.26171875 0.76328125 0.078125 0.0796875
0 0.5015625 0.50546875 0.078125 0.078125
0 0.7359375 0.0953125 0.078125 0.08125
0 0.62578125 0.1453125 0.0765625 0.0796875
0 0.10859375 0.47578125 0.0796875 0.0796875
0 0.184375 0.61640625 0.078125 0.08125
0 0.03125 0.7578125 0.0625 0.08125
0 0.2265625 0.13671875 0.0828125 0.0828125
0 0.14609375 0.5515625 0.078125 0.0765625
0 0.38671875 0.28125 0.078125 0.0765625
0 0.07578125 0.134375 0.084375 0.0828125
0 0.10859375 0.6015625 0.0875 0.0890625
0 0.03203125 0.6171875 0.0640625 0.084375
0 0.034375 0.459375 0.06875 0.078125
0 0.071875 0.51015625 0.0890625 0.0890625
0 0.89921875 0.103125 0.0765625 0.08125
0 0.3015625 0.14453125 0.078125 0.0859375