0 0.40390625 0.40078125 0.078125 0.07890625
0 0.75625 0.1609375 0.07578125 0.0765625
0 0.978125 0.32109375 0.04375 0.078125
0 0.71875 0.6765625 0.07890625 0.0796875
0 0.12109375 0.32734375 0.07734375 0.078125
0 0.83671875 0.16328125 0.078125 0.078125
0 0.6796875 0.30234375 0.07890625 0.078125
0 0.48125 0.3984375 0.07734375 0.0796875
0 0.56171875 0.67578125 0.0796875 0.07890625
0 0.9765625 0.184375 0.046875 0.078125
0 0.32109375 0.39921875 0.0796875 0.0796875
0 0.31875 0.68046875 0.07734375 0.0765625
0 0.60234375 0.74921875 0.07890625 0.08125
0 0.6421875 0.68203125 0.07421875 0.075
0 0.44453125 0.33125 0.0765625 0.0765625
0 0.23359375 0.67890625 0.08046875 0.078125
0 0.440625 0.47109375 0.0796875 0.08125
0 0.88125 0.08828125 0.078125 0.07890625
0 0.40234375 0.26328125 0.07734375 0.078125
0 0.75625 0.03125 0.0765625 0.0625
0 0.115625 0.746875 0.078125 0.07890625
0 0.97890625 0.040625 0.0421875 0.0765625
0 0.396875 0.675 0.07890625 0.0796875
0 0.72265625 0.36484375 0.08046875 0.08359375
0 0.75859375 0.4625 0.07890625 0.07890625
0 0.31953125 0.5375 0.07890625 0.07734375
0 0.4828125 0.6734375 0.08046875 0.08125
0 0.640625 0.8171875 0.07890625 0.0765625
0 0.15859375 0.3984375 0.07578125 0.078125
0 0.91796875 0.0296875 0.0796875 0.059375
0 0.71953125 0.22890625 0.07734375 0.07734375
0 0.68046875 0.1625 0.07734375 0.0765625
0 0.0359375 0.6015625 0.071875 0.0796875
0 0.28125 0.19140625 0.07578125 0.07734375
0 0.19921875 0.32890625 0.07890625 0.0796875
0 0.19609375 0.74765625 0.078125 0.0796875
0 0.759375 0.3015625 0.078125 0.0765625
0 0.56171875 0.3984375 0.07734375 0.07890625
0 0.921875 0.46484375 0.07578125 0.0765625
0 0.0390625 0.325 0.078125 0.078125
0 0.3171875 0.9625 0.0796875 0.075
0 0.2359375 0.8171875 0.07734375 0.08125
0 0.8359375 0.3265625 0.0828125 0.078125
0 0.95859375 0.11015625 0.07890625 0.07890625
0 0.47890625 0.53984375 0.0796875 0.078125
0 0.8359375 0.03046875 0.078125 0.0609375
0 0.96015625 0.3921875 0.078125 0.0796875
0 0.3625 0.19140625 0.07890625 0.07890625
0 0.96328125 0.53203125 0.0734375 0.078125
0 0.63984375 0.22890625 0.07890625 0.0796875
0 0.796875 0.09375 0.07734375 0.078125
0 0.68515625 0.88671875 0.08046875 0.08203125
0 0.15546875 0.95234375 0.08125 0.08046875
0 0.3203125 0.1234375 0.078125 0.07890625
0 0.2375 0.95703125 0.084375 0.08046875
0 0.3578125 0.47109375 0.0765625 0.078125
0 0.27734375 0.6078125 0.0796875 0.08046875
0 0.07890625 0.5375 0.07578125 0.07421875
0 0.0359375 0.74609375 0.071875 0.078125
0 0.84375 0.46015625 0.078125 0.078125
0 0.36171875 0.33046875 0.078125 0.07890625
0 0.1578125 0.81875 0.075 0.07734375
0 0.92890625 0.88359375 0.08125 0.07890625
0 0.39765625 0.5390625 0.07734375 0.07890625
0 0.8796875 0.39140625 0.07890625 0.07890625
0 0.5203125 0.47109375 0.078125 0.07890625
0 0.07734375 0.39296875 0.08046875 0.08203125
0 0.9828125 0.60234375 0.034375 0.075
0 0.52109375 0.7421875 0.08359375 0.08359375
0 0.6796875 0.75078125 0.07578125 0.0765625
0 0.84453125 0.8921875 0.08046875 0.07890625
0 0.23828125 0.5390625 0.0796875 0.07890625
0 0.67734375 0.44765625 0.07890625 0.078125
0 0.11953125 0.46328125 0.078125 0.078125
0 0.80703125 0.81328125 0.08359375 0.084375
0 0.31953125 0.26015625 0.07890625 0.08125
0 0.35859375 0.60625 0.07890625 0.08125
0 0.35625 0.7453125 0.0765625 0.0796875
0 0.43671875 0.0296875 0.075 0.059375
0 0.2765625 0.74765625 0.07734375 0.08046875
0 0.0734375 0.81875 0.078125 0.0796875
0 0.19296875 0.61015625 0.07734375 0.08046875
0 0.07109375 0.95390625 0.08125 0.08046875
0 0.23984375 0.39453125 0.07890625 0.08046875
0 0.3171875 0.81875 0.0796875 0.0828125
0 0.88515625 0.53515625 0.07890625 0.078125
0 0.91484375 0.325 0.07734375 0.07734375
0 0.80390625 0.53046875 0.08203125 0.08125
0 0.98203125 0.46171875 0.0359375 0.0765625
0 0.4375 0.74375 0.07890625 0.08203125
0 0.596875 0.29921875 0.0765625 0.07734375
0 0.27734375 0.4703125 0.078125 0.08046875
0 0.1984375 0.88828125 0.0765625 0.07578125
0 0.60078125 0.16015625 0.08125 0.07890625
0 0.196875 0.47109375 0.07734375 0.07890625
0 0.640625 0.95703125 0.08125 0.078125
0 0.2828125 0.05390625 0.075 0.07734375
0 0.7640625 0.7453125 0.08125 0.08125
0 0.07265625 0.67890625 0.0796875 0.0765625
0 0.79765625 0.39453125 0.07734375 0.07890625
0 0.01640625 0.8125 0.0328125 0.078125
0 0.71875 0.5359375 0.07890625 0.078125
0 0.96328125 0.9546875 0.0734375 0.08125
0 0.240625 0.253125 0.078125 0.08046875
0 0.12109375 0.1890625 0.078125 0.078125
0 0.8828125 0.959375 0.08125 0.08125
0 0.08046875 0.25546875 0.0765625 0.078125
0 0.1578125 0.25546875 0.0765625 0.07890625
0 0.56015625 0.81796875 0.08046875 0.0765625
0 0.9546875 0.253125 0.078125 0.07890625
0 0.68203125 0.60703125 0.0796875 0.08125
0 0.01640625 0.3921875 0.0328125 0.0765625
0 0.55703125 0.53984375 0.07578125 0.07890625
0 0.51484375 0.03046875 0.078125 0.0609375
0 0.88671875 0.81640625 0.0765625 0.08046875
0 0.0421875 0.190625 0.07578125 0.0765625
0 0.71875 0.8171875 0.07578125 0.07734375
0 0.5984375 0.47109375 0.078125 0.0796875
0 0.8046875 0.6671875 0.08125 0.0859375
0 0.9125 0.18828125 0.0765625 0.07734375
0 0.92421875 0.60078125 0.07734375 0.0796875
0 0.5203125 0.609375 0.078125 0.0796875
0 0.3984375 0.96328125 0.078125 0.0734375
0 0.16015625 0.11796875 0.07578125 0.07578125
0 0.76328125 0.60390625 0.0796875 0.0765625
0 0.440625 0.1953125 0.0765625 0.07578125
0 0.1140625 0.60703125 0.07734375 0.078125
0 0.35625 0.88359375 0.08046875 0.08359375
0 0.2765625 0.88671875 0.0796875 0.0796875
0 0.48125 0.2578125 0.07890625 0.08046875
0 0.28203125 0.33046875 0.078125 0.08046875
0 0.0171875 0.52890625 0.034375 0.078125
0 0.0828125 0.12109375 0.0796875 0.07734375
0 0.01640625 0.6765625 0.0328125 0.0765625
0 0.63828125 0.37421875 0.07734375 0.07734375
0 0.0203125 0.25703125 0.040625 0.0796875
0 0.440625 0.6109375 0.07890625 0.08203125
0 0.4765625 0.08984375 0.07890625 0.0796875
0 0.59921875 0.61171875 0.0765625 0.08125
0 0.02109375 0.11640625 0.0421875 0.0796875
0 0.44140625 0.88125 0.07890625 0.0828125
0 0.96484375 0.80703125 0.0703125 0.0828125
0 0.52109375 0.88515625 0.08046875 0.08828125
0 0.03671875 0.8875 0.0734375 0.0796875
0 0.721875 0.9578125 0.08046875 0.08359375
0 0.19765625 0.18828125 0.07578125 0.07890625
0 0.52109375 0.33046875 0.07421875 0.07890625
0 0.6015625 0.884375 0.0796875 0.0828125
0 0.15234375 0.540625 0.07265625 0.07421875
0 0.89296875 0.66015625 0.0859375 0.0859375
0 0.93125 0.73671875 0.08125 0.08125
0 0.51640625 0.15859375 0.07890625 0.08203125
0 0.87421875 0.25546875 0.0765625 0.078125
0 0.79765625 0.2359375 0.0765625 0.07890625
0 0.11796875 0.8859375 0.07890625 0.078125
0 0.36171875 0.05390625 0.078125 0.078125
0 0.803125 0.9609375 0.078125 0.078125
0 0.846875 0.7453125 0.078125 0.0796875
0 0.2421875 0.1125 0.07890625 0.07890625
0 0.846875 0.5984375 0.07890625 0.07578125
0 0.4 0.81796875 0.0796875 0.07578125
0 0.71796875 0.090625 0.07734375 0.08046875
0 0.96796875 0.66875 0.0640625 0.078125
0 0.64140625 0.52734375 0.0796875 0.08984375
0 0.5609375 0.234375 0.075 0.07890625
0 0.203125 0.0546875 0.08046875 0.078125
0 0.56171875 0.9625 0.08125 0.075
0 0.678125 0.03203125 0.078125 0.0640625
0 0.121875 0.0484375 0.07890625 0.08046875
0 0.76484375 0.89609375 0.0796875 0.07890625
0 0.04375 0.05234375 0.07890625 0.0796875
0 0.64140625 0.07734375 0.08671875 0.08828125
0 0.9828125 0.74921875 0.034375 0.0765625
0 0.5578125 0.09375 0.0796875 0.08203125
0 0.0375 0.46640625 0.075 0.0765625
0 0.4796875 0.82109375 0.0796875 0.0796875
0 0.321875 0.01484375 0.0765625 0.0296875
0 0.48125 0.9625 0.08125 0.075
0 0.1578125 0.67578125 0.07890625 0.07890625
0 0.4125 0.12578125 0.08125 0.0734375