0 0.6140625 0.05703125 0.0875 0.0875
0 0.28125 0.121875 0.0875 0.0875
0 0.57109375 0.33359375 0.0890625 0.090625
0 0.4921875 0.31796875 0.090625 0.0890625
0 0.6515625 0.3421875 0.090625 0.090625
0 0.98828125 0.32109375 0.0234375 0.0859375
0 0.94140625 0.31328125 0.0890625 0.0875
0 0.1640625 0.62578125 0.090625 0.090625
0 0.7828125 0.28828125 0.0859375 0.084375
0 0.671875 0.2046875 0.0875 0.0875
0 0.70234375 0.27890625 0.0859375 0.0859375
0 0.59296875 0.1953125 0.0890625 0.0875
0 0.36015625 0.13671875 0.0890625 0.0890625
0 0.44453125 0.9546875 0.0890625 0.0875
0 0.18359375 0.25 0.090625 0.0890625
0 0.0265625 0.6 0.053125 0.0875
0 0.5125 0.18203125 0.090625 0.0890625
0 0.8609375 0.3 0.0890625 0.0875
0 0.04140625 0.67890625 0.0828125 0.0921875
0 0.69375 0.06328125 0.0875 0.0875
0 0.0875 0.61875 0.084375 0.0859375
0 0.915625 0.2375 0.0875 0.0875
0 0.965625 0.38828125 0.06875 0.0828125
0 0.53671875 0.60546875 0.090625 0.090625
0 0.97890625 0.4609375 0.0421875 0.084375
0 0.41640625 0.06953125 0.0890625 0.090625
0 0.30078125 0.01484375 0.0859375 0.0296875
0 0.53671875 0.04140625 0.0859375 0.0828125
0 0.97421875 0.2484375 0.0515625 0.0875
0 0.93125 0.103125 0.0859375 0.0875
0 0.75078125 0.21953125 0.090625 0.0890625
0 0.72265625 0.1421875 0.0875 0.0890625
0 0.50625 0.53671875 0.0875 0.0875
0 0.89375 0.37734375 0.0890625 0.0890625
0 0.95078125 0.52890625 0.090625 0.0890625
0 0.884375 0.16484375 0.0875 0.0875
0 0.21640625 0.31796875 0.0921875 0.0953125
0 0.8546875 0.6515625 0.0859375 0.0890625
0 0.23671875 0.4203125 0.090625 0.090625
0 0.83359375 0.2265625 0.0875 0.0875
0 0.959375 0.17734375 0.08125 0.0859375
0 0.06484375 0.75234375 0.090625 0.0875
0 0.52265625 0.39765625 0.0890625 0.090625
0 0.62421875 0.26796875 0.090625 0.0921875
0 0.5265625 0.9609375 0.090625 0.078125
0 0.85078125 0.0921875 0.090625 0.0890625
0 0.4609375 0.0265625 0.0875 0.053125
0 0.234375 0.18359375 0.0890625 0.0890625
0 0.20625 0.11171875 0.0890625 0.0875
0 0.81484375 0.36171875 0.0875 0.0875
0 0.796875 0.5 0.0875 0.0890625
0 0.2625 0.26171875 0.0890625 0.0875
0 0.05625 0.3265625 0.0796875 0.0890625
0 0.80625 0.15078125 0.0875 0.0890625
0 0.39765625 0.4484375 0.0875 0.0875
0 0.565625 0.11875 0.084375 0.0875
0 0.334375 0.2984375 0.09375 0.090625
0 0.4890625 0.10390625 0.090625 0.090625
0 0.38046875 0.0203125 0.0859375 0.040625
0 0.446875 0.38203125 0.0890625 0.090625
0 0.80390625 0.71953125 0.0875 0.0875
0 0.5890625 0.540625 0.0921875 0.0890625
0 0.43125 0.521875 0.0890625 0.0890625
0 0.77421875 0.075 0.090625 0.0859375
0 0.15546875 0.17109375 0.090625 0.090625
0 0.33203125 0.06171875 0.0890625 0.0890625
0 0.09765625 0.828125 0.0921875 0.09375
0 0.553125 0.47109375 0.0890625 0.0890625
0 0.98046875 0.11484375 0.0390625 0.0890625
0 0.7765625 0.6421875 0.0859375 0.0875
0 0.5421875 0.82578125 0.090625 0.0875
0 0.32109375 0.43125 0.0890625 0.0890625
0 0.3390625 0.8625 0.0921875 0.090625
0 0.3671875 0.36875 0.090625 0.090625
0 0.45625 0.596875 0.0875 0.0875
0 0.11328125 0.69296875 0.0875 0.0875
0 0.25390625 0.8578125 0.0921875 0.090625
0 0.15859375 0.39296875 0.090625 0.0890625
0 0.7125 0.49296875 0.0859375 0.0859375
0 0.2296875 0.77421875 0.0953125 0.096875
0 0.74453125 0.56484375 0.090625 0.0890625
0 0.5765625 0.9 0.0875 0.090625
0 0.6203125 0.61484375 0.0890625 0.090625
0 0.75703125 0.78046875 0.0875 0.0875
0 0.625 0.83671875 0.09375 0.09375
0 0.73828125 0.34609375 0.0921875 0.0921875
0 0.9328125 0.66171875 0.0875 0.0890625
0 0.35 0.51171875 0.090625 0.0890625
0 0.4125 0.30859375 0.0890625 0.0890625
0 0.64453125 0.1296875 0.0890625 0.0890625
0 0.2703125 0.49453125 0.09375 0.09375
0 0.47734375 0.4578125 0.0890625 0.0875
0 0.5453125 0.25546875 0.0890625 0.0921875
0 0.10234375 0.23359375 0.0875 0.0890625
0 0.6875 0.41171875 0.096875 0.0953125
0 0.128125 0.096875 0.0921875 0.090625
0 0.92421875 0.4484375 0.0921875 0.0921875
0 0.04453125 0.890625 0.0890625 0.090625
0 0.19765625 0.70078125 0.0921875 0.0921875
0 0.2859375 0.359375 0.0890625 0.090625
0 0.696875 0.63046875 0.0875 0.090625
0 0.84296875 0.44140625 0.084375 0.084375
0 0.1859375 0.48671875 0.090625 0.0890625
0 0.36484375 0.9390625 0.0921875 0.0921875
0 0.8265625 0.578125 0.090625 0.0890625
0 0.96796875 0.5984375 0.05625 0.0828125
0 0.28125 0.93046875 0.0921875 0.0921875
0 0.4890625 0.67265625 0.090625 0.0921875
0 0.01484375 0.74140625 0.0296875 0.0859375
0 0.46328125 0.24453125 0.0890625 0.090625
0 0.83515625 0.7953125 0.0890625 0.0875
0 0.678125 0.77109375 0.0921875 0.090625
0 0.13828125 0.55078125 0.0921875 0.0921875
0 0.6 0.4078125 0.0890625 0.090625
0 0.034375 0.46640625 0.06875 0.0890625
0 0.88671875 0.7265625 0.090625 0.09375
0 0.3078125 0.78984375 0.0875 0.0921875
0 0.7609375 0.97890625 0.084375 0.0421875
0 0.5671875 0.68515625 0.0875 0.0875
0 0.14140625 0.7640625 0.0875 0.0875
0 0.07734375 0.40390625 0.0890625 0.090625
0 0.25 0.6296875 0.09375 0.096875
0 0.43125 0.1734375 0.0875 0.0890625
0 0.37890625 0.5828125 0.0890625 0.090625
0 0.765625 0.43046875 0.0875 0.0875
0 0.8703125 0.52109375 0.0890625 0.0875
0 0.51640625 0.75078125 0.0921875 0.0921875
0 0.21875 0.5609375 0.090625 0.0875
0 0.90234375 0.59140625 0.0859375 0.0859375
0 0.59453125 0.7609375 0.0890625 0.090625
0 0.91171875 0.80859375 0.0859375 0.0859375
0 0.64453125 0.6984375 0.090625 0.090625
0 0.72421875 0.7078125 0.0890625 0.0890625
0 0.13125 0.3140625 0.0890625 0.0890625
0 0.7109375 0.84296875 0.0875 0.0890625
0 0.05546875 0.54296875 0.0890625 0.0921875
0 0.390625 0.79375 0.09375 0.09375
0 0.12265625 0.90390625 0.0921875 0.0953125
0 0.03046875 0.8125 0.0609375 0.09375
0 0.33828125 0.63671875 0.0984375 0.0984375
0 0.3640625 0.71796875 0.0921875 0.0921875
0 0.421875 0.8734375 0.090625 0.0921875
0 0.60546875 0.965625 0.0921875 0.06875
0 0.6359375 0.4828125 0.0890625 0.0890625
0 0.3828125 0.23359375 0.0875 0.0890625
0 0.3109375 0.20234375 0.0875 0.090625
0 0.20234375 0.91953125 0.0890625 0.0890625
0 0.78671875 0.85625 0.0890625 0.090625
0 0.2796875 0.71328125 0.0890625 0.090625
0 0.30234375 0.56875 0.0890625 0.0875
0 0.6609375 0.9046875 0.0953125 0.096875
0 0.4640625 0.81953125 0.084375 0.084375
0 0.86875 0.86640625 0.0875 0.0890625
0 0.2546875 0.046875 0.0890625 0.0921875
0 0.41484375 0.65703125 0.084375 0.0890625
0 0.95 0.73203125 0.0515625 0.0859375
0 0.1109375 0.46640625 0.0921875 0.1015625
0 0.5 0.88671875 0.090625 0.090625
0 0.08125 0.16484375 0.078125 0.0890625
0 0.2234375 0.01015625 0.0875 0.0203125
0 0.8453125 0.98203125 0.0875 0.0359375
0 0.175 0.84921875 0.090625 0.090625
0 0.6890625 0.96953125 0.090625 0.0609375
0 0.18125 0.0359375 0.1 0.071875
0 0.43515625 0.7421875 0.0875 0.0890625
0 0.1015625 0.0359375 0.078125 0.071875
0 0.815625 0.934375 0.0921875 0.0921875
0 0.66796875 0.55390625 0.0890625 0.090625
0 0.92578125 0.87734375 0.053125 0.0828125
0 0.89765625 0.94296875 0.0875 0.090625
0 0.73671875 0.92421875 0.0875 0.090625