0 0.85859375 0.67890625 0.0921875 0.0921875
0 0.80859375 0.61953125 0.09375 0.09375
0 0.703125 0.70859375 0.09375 0.090625
0 0.728125 0.63359375 0.09375 0.09375
0 0.95703125 0.58515625 0.0859375 0.0953125
0 0.76015625 0.5578125 0.0984375 0.0984375
0 0.98515625 0.84765625 0.0296875 0.0890625
0 0.884375 0.60234375 0.0953125 0.0953125
0 0.3578125 0.64765625 0.09375 0.0953125
0 0.78359375 0.69453125 0.0921875 0.090625
0 0.41796875 0.915625 0.0921875 0.09375
0 0.4140625 0.70703125 0.0921875 0.0921875
0 0.83359375 0.7515625 0.0953125 0.0953125
0 0.4390625 0.63046875 0.0921875 0.0953125
0 0.49453125 0.89453125 0.09375 0.09375
0 0.57265625 0.87890625 0.09375 0.09375
0 0.75625 0.76796875 0.09375 0.09375
0 0.97109375 0.71640625 0.0578125 0.0921875
0 0.7296875 0.8453125 0.09375 0.09375
0 0.36171875 0.85703125 0.0953125 0.0953125
0 0.653125 0.8625 0.09375 0.09375
0 0.88828125 0.81171875 0.09375 0.09375
0 0.1984375 0.6828125 0.0953125 0.09375
0 0.93671875 0.66328125 0.0921875 0.09375
0 0.65 0.6515625 0.09375 0.09375
0 0.57265625 0.671875 0.0953125 0.0953125
0 0.9390625 0.8671875 0.0921875 0.090625
0 0.3859375 0.78046875 0.0953125 0.0953125
0 0.27734375 0.6640625 0.09375 0.0953125
0 0.55078125 0.9546875 0.0921875 0.090625
0 0.97421875 0.50859375 0.0515625 0.0921875
0 0.9125 0.7328125 0.090625 0.0921875
0 0.678125 0.78671875 0.09375 0.09375
0 0.33515625 0.725 0.09375 0.0921875
0 0.62578125 0.728125 0.090625 0.0890625
0 0.5984375 0.8 0.09375 0.09375
0 0.959375 0.79296875 0.08125 0.0921875
0 0.809375 0.8296875 0.09375 0.0953125
0 0.51875 0.60625 0.0984375 0.1
0 0.86171875 0.8859375 0.090625 0.0921875
0 0.91796875 0.515625 0.0984375 0.1
0 0.54375 0.74296875 0.09375 0.09375
0 0.3796875 0.5734375 0.09375 0.0953125
0 0.465625 0.7640625 0.09375 0.09375
0 0.44140625 0.84296875 0.0921875 0.0921875
0 0.98359375 0.646875 0.0328125 0.09375
0 0.6 0.59375 0.0953125 0.096875
0 0.3390625 0.9359375 0.0953125 0.09375
0 0.390625 0.97265625 0.096875 0.0546875
0 0.628125 0.9375 0.0921875 0.0921875
0 0.52109375 0.82109375 0.090625 0.0921875
0 0.490625 0.6875 0.096875 0.09375
0 0.471875 0.96328125 0.09375 0.0734375
0 0.30703125 0.79609375 0.09375 0.0953125
0 0.25625 0.74453125 0.09375 0.090625
0 0.30234375 0.58828125 0.09375 0.0953125
0 0.784375 0.90390625 0.09375 0.09375
0 0.17578125 0.76328125 0.0953125 0.0953125
0 0.22421875 0.60390625 0.0921875 0.09375
0 0.22890625 0.8203125 0.09375 0.0953125
0 0.70703125 0.921875 0.09375 0.0921875
0 0.67734375 0.56953125 0.0953125 0.096875
0 0.14921875 0.63125 0.090625 0.090625
0 0.46171875 0.54375 0.1 0.0984375
0 0.09765625 0.56953125 0.0953125 0.0921875
0 0.284375 0.88046875 0.09375 0.09375
0 0.8328125 0.51328125 0.1 0.103125
0 0.12578125 0.69609375 0.0859375 0.0875
0 0.07890625 0.63671875 0.0796875 0.078125
0 0.02109375 0.55625 0.0421875 0.08125