0 0.9703125 0.75546875 0.059375 0.0765625
0 0.30546875 0.9484375 0.07734375 0.0765625
0 0.89921875 0.75546875 0.07578125 0.0765625
0 0.77734375 0.828125 0.075 0.07578125
0 0.38671875 0.9453125 0.078125 0.078125
0 0.540625 0.81015625 0.07734375 0.078125
0 0.5046875 0.8796875 0.07578125 0.07421875
0 0.85625 0.82734375 0.075 0.07578125
0 0.8171875 0.75859375 0.0765625 0.0765625
0 0.73671875 0.7625 0.07578125 0.07734375
0 0.2625 0.7421875 0.07890625 0.07890625
0 0.578125 0.74921875 0.07734375 0.07734375
0 0.6203125 0.9640625 0.0765625 0.071875
0 0.78203125 0.9640625 0.0734375 0.071875
0 0.2265625 0.9453125 0.078125 0.078125
0 0.69921875 0.82734375 0.07578125 0.07734375
0 0.9375 0.9625 0.0765625 0.075
0 0.7 0.96328125 0.078125 0.0734375
0 0.859375 0.96328125 0.075 0.0734375
0 0.540625 0.9640625 0.0765625 0.071875
0 0.4203125 0.88359375 0.0734375 0.075
0 0.3421875 0.74921875 0.075 0.07578125
0 0.2625 0.88125 0.07578125 0.078125
0 0.9015625 0.890625 0.075 0.07421875
0 0.03203125 0.8765625 0.0640625 0.0765625
0 0.58203125 0.89921875 0.07734375 0.07734375
0 0.34375 0.87890625 0.07578125 0.07578125
0 0.30390625 0.81171875 0.07734375 0.078125
0 0.4625 0.8125 0.0765625 0.07734375
0 0.77421875 0.6875 0.078125 0.07734375
0 0.14609375 0.8140625 0.078125 0.078125
0 0.9390625 0.82265625 0.07734375 0.07734375
0 0.10390625 0.87734375 0.0765625 0.0765625
0 0.10859375 0.74453125 0.08125 0.0796875
0 0.61953125 0.828125 0.078125 0.078125
0 0.74140625 0.89609375 0.0765625 0.07578125
0 0.42265625 0.75 0.07578125 0.0765625
0 0.6625 0.8984375 0.07421875 0.07578125
0 0.85546875 0.6875 0.0765625 0.0765625
0 0.8234375 0.8953125 0.0765625 0.0765625
0 0.146875 0.9453125 0.078125 0.078125
0 0.465625 0.94453125 0.07734375 0.08125
0 0.9703125 0.89609375 0.059375 0.075
0 0.01484375 0.67109375 0.0296875 0.0796875
0 0.06328125 0.80546875 0.07890625 0.07890625
0 0.22421875 0.81328125 0.07421875 0.075
0 0.93515625 0.68828125 0.075 0.07578125
0 0.06796875 0.9421875 0.07578125 0.07578125
0 0.8140625 0.6203125 0.078125 0.0796875
0 0.6953125 0.690625 0.075 0.07578125
0 0.96640625 0.62109375 0.0671875 0.078125
0 0.50078125 0.728125 0.078125 0.078125
0 0.0328125 0.7390625 0.065625 0.0796875
0 0.18125 0.87890625 0.0765625 0.07890625
0 0.659375 0.7625 0.07578125 0.0765625
0 0.365625 0.6734375 0.07578125 0.07734375
0 0.44609375 0.66953125 0.07734375 0.07734375
0 0.53828125 0.65546875 0.08046875 0.08125
0 0.72890625 0.62265625 0.0765625 0.08046875
0 0.61953125 0.67421875 0.07578125 0.078125
0 0.2203125 0.67265625 0.08125 0.08125
0 0.3828125 0.81484375 0.0765625 0.075
0 0.06953125 0.6734375 0.0828125 0.08203125
0 0.03359375 0.9796875 0.0671875 0.040625
0 0.8921875 0.62734375 0.07578125 0.0796875
0 0.2953125 0.6796875 0.07734375 0.08515625