0 0.82890625 0.95390625 0.078125 0.078125
0 0.08203125 0.90234375 0.0765625 0.078125
0 0.159375 0.90390625 0.08125 0.0796875
0 0.91015625 0.95234375 0.0796875 0.0796875
0 0.4671875 0.87578125 0.078125 0.078125
0 0.01953125 0.9 0.0390625 0.078125
0 0.78984375 0.74765625 0.0796875 0.0796875
0 0.196875 0.96484375 0.0796875 0.0609375
0 0.75 0.95 0.0796875 0.0796875
0 0.35078125 0.8015625 0.078125 0.078125
0 0.94453125 0.89140625 0.075 0.0765625
0 0.86875 0.75546875 0.0765625 0.0765625
0 0.39140625 0.875 0.0765625 0.075
0 0.04140625 0.9609375 0.078125 0.0640625
0 0.78671875 0.8859375 0.0765625 0.0796875
0 0.55078125 0.87734375 0.078125 0.0765625
0 0.43046875 0.80390625 0.078125 0.078125
0 0.1171875 0.9640625 0.078125 0.0609375
0 0.86796875 0.88515625 0.0765625 0.0765625
0 0.8296875 0.8171875 0.078125 0.0796875
0 0.97265625 0.82109375 0.0453125 0.0765625
0 0.671875 0.8171875 0.0796875 0.0796875
0 0.084375 0.76875 0.078125 0.078125
0 0.62890625 0.8796875 0.078125 0.078125
0 0.6359375 0.746875 0.0828125 0.08125
0 0.43984375 0.66875 0.0796875 0.08125
0 0.31484375 0.73046875 0.0796875 0.08125
0 0.94921875 0.7578125 0.0765625 0.078125
0 0.4734375 0.73828125 0.0765625 0.078125
0 0.309375 0.87578125 0.0765625 0.0765625
0 0.2796875 0.965625 0.08125 0.0625
0 0.6703125 0.9484375 0.0796875 0.0796875
0 0.97109375 0.953125 0.04375 0.08125
0 0.5203125 0.67109375 0.0765625 0.08125
0 0.046875 0.69609375 0.078125 0.08125
0 0.2796875 0.65703125 0.0796875 0.08125
0 0.5890625 0.80703125 0.0796875 0.0796875
0 0.75 0.81796875 0.075 0.0765625
0 0.359375 0.665625 0.0765625 0.08125
0 0.121875 0.83515625 0.078125 0.0796875
0 0.59140625 0.94375 0.0765625 0.0765625
0 0.27109375 0.803125 0.078125 0.078125
0 0.24140625 0.90546875 0.078125 0.078125
0 0.04140625 0.83203125 0.0796875 0.08125
0 0.428125 0.93984375 0.0765625 0.078125
0 0.39375 0.73515625 0.078125 0.078125
0 0.553125 0.73984375 0.0796875 0.0796875
0 0.70546875 0.8828125 0.078125 0.0796875
0 0.509375 0.940625 0.08125 0.0796875
0 0.128125 0.696875 0.08125 0.0828125
0 0.021875 0.76640625 0.04375 0.0796875
0 0.234375 0.7296875 0.08125 0.08125
0 0.509375 0.80703125 0.078125 0.078125
0 0.89375 0.68046875 0.0765625 0.078125
0 0.96640625 0.67734375 0.0625 0.078125
0 0.203125 0.8328125 0.0765625 0.0796875
0 0.7484375 0.67734375 0.0828125 0.0828125
0 0.90859375 0.821875 0.078125 0.0765625
0 0.165625 0.771875 0.078125 0.078125
0 0.2 0.6609375 0.08125 0.084375
0 0.35 0.9375 0.08125 0.084375
0 0.59765625 0.675 0.084375 0.0828125
0 0.54921875 0.9796875 0.0796875 0.040625
0 0.8234375 0.68515625 0.078125 0.0859375