0 0.91171875 0.95390625 0.0828125 0.0828125
0 0.6265625 0.384375 0.0796875 0.0796875
0 0.70390625 0.3890625 0.084375 0.0828125
0 0.9859375 0.3703125 0.028125 0.078125
0 0.54296875 0.38046875 0.0828125 0.0828125
0 0.46484375 0.37421875 0.0796875 0.0796875
0 0.63359375 0.86640625 0.08125 0.0828125
0 0.73828125 0.4609375 0.0828125 0.084375
0 0.8296875 0.9484375 0.084375 0.084375
0 0.94921875 0.88671875 0.0671875 0.0796875
0 0.3859375 0.36875 0.0828125 0.0828125
0 0.41015625 0.5765625 0.08125 0.0828125
0 0.77265625 0.53046875 0.0828125 0.08125
0 0.91796875 0.8171875 0.08125 0.0828125
0 0.271875 0.2921875 0.08125 0.0828125
0 0.89921875 0.29296875 0.08125 0.08125
0 0.32890625 0.56953125 0.084375 0.0828125
0 0.93671875 0.36796875 0.078125 0.078125
0 0.58359375 0.4484375 0.0796875 0.0796875
0 0.96796875 0.29765625 0.0640625 0.0796875
0 0.65859375 0.4578125 0.08125 0.08125
0 0.09140625 0.55390625 0.0796875 0.0796875
0 0.06640625 0.346875 0.08125 0.0828125
0 0.28203125 0.15859375 0.08125 0.0828125
0 0.0421875 0.27578125 0.0671875 0.0796875
0 0.6671875 0.9390625 0.0796875 0.08125
0 0.63359375 0.2515625 0.08125 0.08125
0 0.80078125 0.7390625 0.0796875 0.08125
0 0.7109375 0.871875 0.0828125 0.084375
0 0.0390625 0.07109375 0.0390625 0.08125
0 0.14453125 0.35390625 0.078125 0.0796875
0 0.5515625 0.859375 0.0828125 0.0828125
0 0.171875 0.55859375 0.08125 0.0796875
0 0.975 0.16328125 0.05 0.0828125
0 0.86484375 0.22109375 0.0828125 0.084375
0 0.03046875 0.41484375 0.0578125 0.08125
0 0.88125 0.74296875 0.0828125 0.0828125
0 0.23515625 0.221875 0.08125 0.08125
0 0.18984375 0.28984375 0.08125 0.08125
0 0.84296875 0.67265625 0.0828125 0.0828125
0 0.43671875 0.78515625 0.08125 0.08125
0 0.8546875 0.36640625 0.0796875 0.078125
0 0.82109375 0.46328125 0.0828125 0.084375
0 0.3484375 0.9171875 0.0828125 0.08125
0 0.39453125 0.23515625 0.0796875 0.0796875
0 0.15703125 0.69765625 0.08125 0.0828125
0 0.8625 0.98984375 0.078125 0.0203125
0 0.421875 0.44140625 0.0828125 0.08125
0 0.3765625 0.5046875 0.0828125 0.08125
0 0.215625 0.49609375 0.0828125 0.0828125
0 0.36640625 0.64140625 0.0796875 0.0796875
0 0.0765625 0.68984375 0.0828125 0.084375
0 0.103125 0.4171875 0.0828125 0.08125
0 0.509375 0.3078125 0.0796875 0.08125
0 0.35625 0.7796875 0.08125 0.08125
0 0.8734375 0.88203125 0.0828125 0.0828125
0 0.30625 0.36328125 0.0796875 0.08125
0 0.5859375 0.9296875 0.084375 0.0859375
0 0.390625 0.8484375 0.0796875 0.0796875
0 0.225 0.35703125 0.08125 0.08125
0 0.62578125 0.9796875 0.0796875 0.040625
0 0.83515625 0.809375 0.0828125 0.0859375
0 0.36171875 0.1609375 0.08125 0.08125
0 0.3140625 0.840625 0.08125 0.0796875
0 0.2046875 0.63046875 0.0828125 0.0828125
0 0.5984375 0.17734375 0.08125 0.084375
0 0.96171875 0.5765625 0.075 0.0796875
0 0.21953125 0.959375 0.08125 0.0578125
0 0.4828125 0.7203125 0.0828125 0.0828125
0 0.02578125 0.5484375 0.0515625 0.08125
0 0.4734375 0.2359375 0.0828125 0.08125
0 0.29375 0.49921875 0.08125 0.0828125
0 0.7484375 0.9390625 0.0828125 0.084375
0 0.3140625 0.22890625 0.0828125 0.08125
0 0.92421875 0.5 0.0828125 0.0859375
0 0.8328125 0.146875 0.0828125 0.084375
0 0.4453125 0.6453125 0.08125 0.08125
0 0.01953125 0.6859375 0.0390625 0.08125
0 0.43984375 0.1703125 0.08125 0.08125
0 0.2375 0.70078125 0.08125 0.084375
0 0.121875 0.14765625 0.08125 0.08125
0 0.9125 0.1578125 0.0796875 0.0828125
0 0.05 0.1421875 0.06875 0.08125
0 0.425 0.9234375 0.0796875 0.08125
0 0.78203125 0.98671875 0.0796875 0.0265625
0 0.340625 0.4359375 0.0828125 0.0828125
0 0.7015625 0.98515625 0.078125 0.0296875
0 0.0140625 0.81953125 0.028125 0.0828125
0 0.809375 0.6015625 0.0796875 0.08125
0 0.66875 0.31875 0.08125 0.0828125
0 0.25859375 0.08359375 0.078125 0.0796875
0 0.51875 0.171875 0.08125 0.0828125
0 0.47265625 0.8515625 0.0828125 0.0828125
0 0.284375 0.63671875 0.084375 0.08125
0 0.3203125 0.7078125 0.08125 0.084375
0 0.07578125 0.21484375 0.08125 0.08125
0 0.3796875 0.97421875 0.078125 0.0453125
0 0.81875 0.2921875 0.08125 0.08125
0 0.7859375 0.39375 0.0796875 0.0796875
0 0.184375 0.07578125 0.078125 0.0796875
0 0.75625 0.7984375 0.0828125 0.084375
0 0.5890625 0.31328125 0.0828125 0.084375
0 0.640625 0.728125 0.0828125 0.0828125
0 0.965625 0.43359375 0.06875 0.0796875
0 0.596875 0.7921875 0.08125 0.08125
0 0.34921875 0.30078125 0.084375 0.0859375
0 0.6734375 0.79609375 0.08125 0.0828125
0 0.11328125 0.28359375 0.08125 0.0828125
0 0.50546875 0.92421875 0.078125 0.0796875
0 0.053125 0.484375 0.08125 0.0828125
0 0.0671875 0.828125 0.084375 0.084375
0 0.18046875 0.90234375 0.0796875 0.0796875
0 0.15703125 0.215625 0.08125 0.08125
0 0.2296875 0.8375 0.0796875 0.0796875
0 0.2609375 0.43203125 0.08125 0.08125
0 0.2 0.14375 0.0828125 0.08125
0 0.56171875 0.72578125 0.0796875 0.0796875
0 0.94375 0.228125 0.08125 0.08125
0 0.40078125 0.7125 0.0796875 0.08125
0 0.05390625 0.95625 0.078125 0.046875
0 0.303125 0.9640625 0.08125 0.0578125
0 0.12421875 0.6265625 0.08125 0.08125
0 0.1796875 0.42421875 0.08125 0.0859375
0 0.13359375 0.48828125 0.08125 0.08125
0 0.68359375 0.659375 0.0796875 0.0796875
0 0.6796875 0.18046875 0.084375 0.0859375
0 0.9546875 0.75078125 0.06875 0.078125
0 0.6109375 0.5265625 0.0796875 0.078125
0 0.26640625 0.9078125 0.0875 0.0828125
0 0.4640625 0.9703125 0.08125 0.059375
0 0.55390625 0.24609375 0.08125 0.08125
0 0.79375 0.87734375 0.0828125 0.084375
0 0.60625 0.6578125 0.084375 0.08125
0 0.784375 0.21796875 0.084375 0.084375
0 0.51875 0.78984375 0.08125 0.0828125
0 0.4296875 0.30546875 0.0828125 0.084375
0 0.09921875 0.06796875 0.0859375 0.084375
0 0.04453125 0.62265625 0.0796875 0.0796875
0 0.11640625 0.7609375 0.08125 0.08125
0 0.52578125 0.64921875 0.084375 0.084375
0 0.7171875 0.73125 0.0796875 0.0828125
0 0.1359375 0.95234375 0.0859375 0.0625
0 0.69296875 0.52890625 0.0796875 0.08125
0 0.27578125 0.7734375 0.0828125 0.08125
0 0.0375 0.75703125 0.075 0.0796875
0 0.1015625 0.89609375 0.0828125 0.0828125
0 0.45703125 0.50859375 0.08125 0.08125
0 0.98203125 0.50703125 0.0359375 0.0796875
0 0.88828125 0.60546875 0.0828125 0.0828125
0 0.49921875 0.44609375 0.08125 0.08125
0 0.15078125 0.83125 0.084375 0.0828125
0 0.765625 0.6578125 0.0828125 0.0828125
0 0.19453125 0.7671875 0.0828125 0.08125
0 0.75078125 0.31953125 0.0796875 0.08125
0 0.7296875 0.5984375 0.084375 0.0828125
0 0.5359375 0.50546875 0.08125 0.0859375
0 0.71484375 0.25703125 0.08125 0.08125
0 0.6484375 0.5875 0.0828125 0.084375
0 0.753125 0.14765625 0.084375 0.0875
0 0.89296875 0.42890625 0.084375 0.0875
0 0.490625 0.58828125 0.084375 0.0828125
0 0.25078125 0.56640625 0.0828125 0.0828125
0 0.5703125 0.5875 0.0828125 0.084375
0 0.5421875 0.9796875 0.078125 0.040625
0 0.03125 0.8984375 0.0625 0.08125
0 0.33828125 0.090625 0.0828125 0.08125
0 0.23046875 0.02578125 0.0796875 0.0515625
0 0.14296875 0.02265625 0.0828125 0.0453125
0 0.8515625 0.54140625 0.08125 0.08125
0 0.93515625 0.6796875 0.084375 0.078125