0 0.98984375 0.63359375 0.0203125 0.0890625
0 0.41875 0.9671875 0.09375 0.065625
0 0.94921875 0.6515625 0.0921875 0.0921875
0 0.8484375 0.7515625 0.090625 0.0921875
0 0.49765625 0.95546875 0.0953125 0.0890625
0 0.6140625 0.79140625 0.09375 0.09375
0 0.59609375 0.8671875 0.0921875 0.090625
0 0.925 0.73125 0.090625 0.0921875
0 0.8703125 0.67421875 0.0921875 0.0921875
0 0.79296875 0.69765625 0.0921875 0.09375
0 0.328125 0.7921875 0.0953125 0.0953125
0 0.6359375 0.72265625 0.09375 0.09375
0 0.72890625 0.92109375 0.0921875 0.0875
0 0.8859375 0.88203125 0.0890625 0.0875
0 0.34140625 0.975 0.0953125 0.05
0 0.77265625 0.76953125 0.0921875 0.09375
0 0.80625 0.90078125 0.09375 0.090625
0 0.9578125 0.86171875 0.084375 0.0890625
0 0.6515625 0.940625 0.0921875 0.0875
0 0.515625 0.89140625 0.0890625 0.090625
0 0.40703125 0.7796875 0.090625 0.0921875
0 0.36171875 0.92734375 0.0921875 0.09375
0 0.96953125 0.78125 0.0609375 0.090625
0 0.1359375 0.9671875 0.08125 0.065625
0 0.6765625 0.8671875 0.09375 0.09375
0 0.43984375 0.90546875 0.0921875 0.0921875
0 0.38515625 0.85 0.09375 0.09375
0 0.5390625 0.8125 0.09375 0.09375
0 0.81171875 0.615625 0.09375 0.09375
0 0.2328125 0.890625 0.0953125 0.0953125
0 0.978125 0.70625 0.04375 0.09375
0 0.20703125 0.9578125 0.0921875 0.084375
0 0.1796875 0.83203125 0.0984375 0.096875
0 0.6953125 0.78984375 0.0953125 0.0953125
0 0.8296875 0.82578125 0.0921875 0.0921875
0 0.48515625 0.7609375 0.0921875 0.0921875
0 0.75390625 0.84765625 0.090625 0.0921875
0 0.890625 0.59609375 0.0921875 0.0921875
0 0.909375 0.80546875 0.0921875 0.0921875
0 0.26484375 0.984375 0.0953125 0.03125
0 0.57421875 0.93984375 0.0953125 0.096875
0 0.0703125 0.78359375 0.0484375 0.084375
0 0.15 0.90234375 0.0953125 0.0953125
0 0.3078125 0.8703125 0.090625 0.090625
0 0.9609375 0.57734375 0.078125 0.0921875
0 0.83359375 0.540625 0.0953125 0.096875
0 0.7359375 0.6375 0.090625 0.0921875
0 0.96953125 0.50390625 0.0609375 0.0921875
0 0.55625 0.72109375 0.0953125 0.0953125
0 0.1046875 0.8453125 0.0828125 0.09375
0 0.28203125 0.94453125 0.09375 0.0953125
0 0.71796875 0.71640625 0.0921875 0.0921875
0 0.41171875 0.70078125 0.0921875 0.09375
0 0.4890625 0.67734375 0.09375 0.09375
0 0.575 0.64140625 0.0984375 0.0984375
0 0.7515625 0.56328125 0.09375 0.096875
0 0.6578125 0.63984375 0.0921875 0.09375
0 0.2703125 0.73515625 0.0984375 0.0984375
0 0.4625 0.83359375 0.0921875 0.090625
0 0.12421875 0.77265625 0.1 0.1
0 0.91171875 0.52890625 0.0921875 0.0953125
0 0.34453125 0.72421875 0.0953125 0.1015625