0 0.36796875 0.4984375 0.078125 0.07890625
0 0.7625 0.2203125 0.07578125 0.07578125
0 0.44765625 0.22421875 0.0765625 0.0765625
0 0.2109375 0.49765625 0.078125 0.07734375
0 0.53046875 0.503125 0.07265625 0.07109375
0 0.76875 0.496875 0.0734375 0.071875
0 0.36796875 0.22421875 0.07578125 0.0765625
0 0.85078125 0.49375 0.07734375 0.0765625
0 0.4515625 0.49609375 0.0765625 0.07734375
0 0.025 0.57578125 0.05 0.0765625
0 0.52734375 0.21796875 0.0765625 0.078125
0 0.24609375 0.296875 0.075 0.07578125
0 0.02578125 0.85546875 0.0515625 0.0796875
0 0.68359375 0.22421875 0.0734375 0.0734375
0 0.13046875 0.5046875 0.07578125 0.075
0 0.28984375 0.50078125 0.075 0.07734375
0 0.09375 0.8515625 0.07890625 0.07890625
0 0.02421875 0.27890625 0.0484375 0.078125
0 0.60703125 0.359375 0.07421875 0.07265625
0 0.721875 0.15546875 0.075 0.075
0 0.609375 0.49453125 0.07578125 0.075
0 0.49375 0.703125 0.07734375 0.075
0 0.45546875 0.775 0.07578125 0.07734375
0 0.8453125 0.2265625 0.07421875 0.0734375
0 0.37578125 0.778125 0.078125 0.07578125
0 0.61953125 0.771875 0.07265625 0.07109375
0 0.21484375 0.778125 0.075 0.0734375
0 0.6078125 0.2234375 0.07265625 0.07421875
0 0.68984375 0.49453125 0.0734375 0.07265625
0 0.0921875 0.7125 0.07578125 0.0765625
0 0.134375 0.78125 0.075 0.075
0 0.325 0.29609375 0.075 0.07578125
0 0.02578125 0.715625 0.0515625 0.0765625
0 0.2859375 0.22734375 0.0765625 0.0765625
0 0.98046875 0.22421875 0.0390625 0.075
0 0.4921875 0.29140625 0.07421875 0.07734375
0 0.57109375 0.4296875 0.075 0.07421875
0 0.20546875 0.23125 0.07578125 0.07734375
0 0.52734375 0.3625 0.07421875 0.07265625
0 0.92109375 0.2234375 0.07421875 0.07578125
0 0.88203125 0.29765625 0.075 0.075
0 0.49140625 0.42890625 0.07578125 0.075
0 0.29375 0.77734375 0.07734375 0.0765625
0 0.046875 0.21796875 0.07734375 0.07734375
0 0.09140625 0.56875 0.07734375 0.07734375
0 0.7296875 0.42578125 0.0734375 0.07109375
0 0.0890625 0.43515625 0.07578125 0.07578125
0 0.25078125 0.43359375 0.07421875 0.07421875
0 0.16796875 0.29609375 0.07578125 0.07734375
0 0.33828125 0.70703125 0.07734375 0.07578125
0 0.41875 0.84765625 0.0734375 0.07265625
0 0.459375 0.91640625 0.07734375 0.07734375
0 0.73046875 0.56171875 0.07421875 0.07265625
0 0.65390625 0.5625 0.07421875 0.07421875
0 0.40625 0.43125 0.07578125 0.0765625
0 0.16875 0.43359375 0.07734375 0.07734375
0 0.73828125 0.69765625 0.071875 0.075
0 0.328125 0.43203125 0.075 0.075
0 0.0234375 0.43515625 0.046875 0.0765625
0 0.41640625 0.70625 0.0765625 0.0765625
0 0.3328125 0.571875 0.075 0.0765625
0 0.05078125 0.5046875 0.07734375 0.078125
0 0.17265625 0.71484375 0.07890625 0.07734375
0 0.1328125 0.64296875 0.0765625 0.078125
0 0.3703125 0.359375 0.075 0.07421875
0 0.33828125 0.8484375 0.07734375 0.07734375
0 0.4859375 0.1546875 0.0765625 0.07421875
0 0.41875 0.975 0.0796875 0.05
0 0.45390625 0.6359375 0.07578125 0.075
0 0.29609375 0.63984375 0.07578125 0.07734375
0 0.9578125 0.15703125 0.07421875 0.07265625
0 0.05078125 0.36796875 0.07734375 0.07734375
0 0.4984375 0.97734375 0.075 0.0453125
0 0.8796875 0.15546875 0.07421875 0.07421875
0 0.25546875 0.709375 0.07734375 0.07578125
0 0.68515625 0.36328125 0.07265625 0.071875
0 0.375 0.63984375 0.075 0.07578125
0 0.8046875 0.2921875 0.0765625 0.078125
0 0.05546875 0.7828125 0.07890625 0.08125
0 0.24296875 0.15625 0.078125 0.07734375
0 0.80625 0.4296875 0.07421875 0.0734375
0 0.8875 0.4265625 0.07734375 0.07421875
0 0.2515625 0.5734375 0.07890625 0.078125
0 0.2578125 0.8453125 0.07578125 0.07734375
0 0.578125 0.7 0.07890625 0.0765625
0 0.5703125 0.29140625 0.07421875 0.07578125
0 0.26171875 0.9734375 0.0765625 0.053125
0 0.4078125 0.29140625 0.07734375 0.07734375
0 0.49140625 0.56328125 0.07578125 0.07421875
0 0.21640625 0.63828125 0.0765625 0.07734375
0 0.7640625 0.3640625 0.07578125 0.07421875
0 0.57890625 0.975 0.075 0.05
0 0.69453125 0.6296875 0.07578125 0.07421875
0 0.08828125 0.296875 0.078125 0.078125
0 0.21015625 0.36484375 0.0765625 0.07578125
0 0.13125 0.3671875 0.07421875 0.07578125
0 0.1734375 0.5671875 0.0796875 0.0796875
0 0.32421875 0.15625 0.0765625 0.0765625
0 0.2921875 0.3640625 0.0765625 0.0765625
0 0.02734375 0.978125 0.0546875 0.04375
0 0.6390625 0.16015625 0.07421875 0.07265625
0 0.40859375 0.571875 0.078125 0.07734375
0 0.5453125 0.9125 0.07578125 0.078125
0 0.84453125 0.36484375 0.07890625 0.0765625
0 0.77421875 0.63046875 0.07421875 0.071875
0 0.58671875 0.83671875 0.0765625 0.0765625
0 0.696875 0.7671875 0.07578125 0.075
0 0.5375 0.771875 0.078125 0.078125
0 0.446875 0.36484375 0.075 0.075
0 0.65078125 0.42890625 0.07578125 0.07421875
0 0.9265625 0.3578125 0.078125 0.07578125
0 0.17734375 0.97734375 0.075 0.0453125
0 0.7984375 0.15859375 0.07421875 0.0734375
0 0.1796875 0.8421875 0.08046875 0.08125
0 0.5734375 0.5609375 0.078125 0.07421875
0 0.53671875 0.63125 0.078125 0.07734375
0 0.05390625 0.64296875 0.07734375 0.07734375
0 0.56015625 0.1609375 0.07109375 0.0703125
0 0.72734375 0.28984375 0.07421875 0.0765625
0 0.65703125 0.703125 0.0765625 0.07734375
0 0.6625 0.83359375 0.07265625 0.0734375
0 0.13984375 0.91484375 0.084375 0.0828125
0 0.3796875 0.9140625 0.08125 0.0796875
0 0.40390625 0.15703125 0.075 0.07578125
0 0.2828125 0.0890625 0.078125 0.0796875
0 0.8078125 0.56484375 0.07265625 0.07421875
0 0.2984375 0.91953125 0.07421875 0.07421875
0 0.5 0.8421875 0.08125 0.08203125
0 0.1640625 0.159375 0.075 0.07578125
0 0.5203125 0.0859375 0.075 0.075
0 0.440625 0.08984375 0.07890625 0.078125
0 0.61640625 0.6296875 0.07734375 0.07734375
0 0.053125 0.92421875 0.07734375 0.07890625
0 0.64921875 0.290625 0.071875 0.0734375
0 0.759375 0.08671875 0.07578125 0.0765625
0 0.2203125 0.92109375 0.0765625 0.0765625
0 0.3375 0.978125 0.0765625 0.04375
0 0.91796875 0.0875 0.07265625 0.0734375
0 0.128125 0.23125 0.07578125 0.0765625
0 0.83828125 0.08671875 0.07578125 0.07734375
0 0.959375 0.296875 0.075 0.075
0 0.1 0.97734375 0.078125 0.0453125
0 0.0234375 0.12421875 0.046875 0.08125
0 0.60078125 0.084375 0.075 0.0765625
0 0.19765625 0.09140625 0.0765625 0.08046875
0 0.78125 0.7609375 0.07578125 0.07734375
0 0.08828125 0.14296875 0.07578125 0.078125
0 0.68203125 0.0828125 0.07734375 0.07578125
0 0.63046875 0.896875 0.07734375 0.07421875
0 0.85390625 0.63359375 0.0765625 0.07578125
0 0.93984375 0.48359375 0.0796875 0.07890625
0 0.7453125 0.83046875 0.078125 0.0765625
0 0.8140625 0.69921875 0.07421875 0.07265625
0 0.89453125 0.5625 0.0796875 0.08046875
0 0.98203125 0.090625 0.0359375 0.0734375
0 0.96953125 0.409375 0.0609375 0.0828125
0 0.7125 0.89296875 0.0734375 0.06796875
0 0.684375 0.95625 0.08671875 0.0828125
0 0.3609375 0.09609375 0.07578125 0.0796875