0 0.93046875 0.81875 0.06875 0.084375
0 0.2453125 0.9171875 0.0875 0.0859375
0 0.86015625 0.80859375 0.0859375 0.0859375
0 0.72890625 0.86328125 0.084375 0.0859375
0 0.32578125 0.925 0.0875 0.0875
0 0.496875 0.8125 0.0875 0.0875
0 0.4515625 0.8765625 0.0859375 0.084375
0 0.80703125 0.8734375 0.084375 0.0859375
0 0.778125 0.8 0.0859375 0.0859375
0 0.69765625 0.79296875 0.0859375 0.0875
0 0.23125 0.70703125 0.0890625 0.0890625
0 0.54296875 0.7578125 0.0875 0.0875
0 0.55390625 0.96796875 0.0859375 0.0640625
0 0.71484375 0.97890625 0.0828125 0.0421875
0 0.1671875 0.903125 0.0875 0.0875
0 0.6515625 0.8515625 0.0859375 0.0875
0 0.86796875 0.98828125 0.0859375 0.0234375
0 0.6328125 0.971875 0.0875 0.05625
0 0.790625 0.98359375 0.084375 0.0328125
0 0.47578125 0.96171875 0.0859375 0.0765625
0 0.36796875 0.86875 0.0828125 0.084375
0 0.309375 0.725 0.084375 0.0859375
0 0.21171875 0.84453125 0.0859375 0.0875
0 0.84296875 0.94296875 0.084375 0.084375
0 0.01015625 0.8078125 0.0203125 0.084375
0 0.52578125 0.90703125 0.0875 0.0875
0 0.2921875 0.853125 0.0859375 0.0859375
0 0.2625 0.78125 0.0875 0.0875
0 0.41953125 0.80390625 0.0859375 0.0875
0 0.7453125 0.72421875 0.0875 0.0875
0 0.10546875 0.76171875 0.0875 0.0875
0 0.88984375 0.88046875 0.0875 0.0875
0 0.05546875 0.81875 0.0859375 0.0859375
0 0.078125 0.6875 0.0921875 0.090625
0 0.57265625 0.84140625 0.0875 0.0875
0 0.68359375 0.92578125 0.0859375 0.0859375
0 0.38828125 0.73671875 0.0859375 0.0859375
0 0.60546875 0.9171875 0.084375 0.0859375
0 0.82578125 0.73515625 0.0859375 0.0859375
0 0.765625 0.93671875 0.0859375 0.0859375
0 0.08828125 0.8921875 0.0875 0.0875
0 0.40390625 0.93515625 0.0875 0.090625
0 0.9109375 0.9578125 0.06875 0.0828125
0 0.0078125 0.60078125 0.015625 0.0828125
0 0.034375 0.74140625 0.06875 0.0890625
0 0.18359375 0.771875 0.084375 0.084375
0 0.9046875 0.746875 0.084375 0.0859375
0 0.0265625 0.87734375 0.053125 0.0859375
0 0.79453125 0.6625 0.0890625 0.0890625
0 0.6671875 0.715625 0.084375 0.0859375
0 0.9453125 0.68515625 0.078125 0.0859375
0 0.46875 0.72578125 0.0875 0.0875
0 0.02109375 0.671875 0.0421875 0.0875
0 0.13125 0.83046875 0.0875 0.0890625
0 0.62109375 0.78203125 0.0859375 0.0859375
0 0.34296875 0.653125 0.0859375 0.0875
0 0.42265625 0.66015625 0.0875 0.0875
0 0.51640625 0.659375 0.090625 0.0921875
0 0.709375 0.653125 0.0875 0.090625
0 0.59375 0.6890625 0.0859375 0.0875
0 0.19921875 0.63203125 0.0921875 0.0921875
0 0.33984375 0.7953125 0.0859375 0.084375
0 0.04921875 0.61171875 0.09375 0.0921875
0 0.8703125 0.68046875 0.0859375 0.0890625
0 0.27265625 0.64921875 0.0890625 0.0953125