0 0.79453125 0.0453125 0.084375 0.084375
0 0.8765625 0.04765625 0.084375 0.084375
0 0.83984375 0.11640625 0.0859375 0.084375
0 0.96484375 0.46953125 0.0703125 0.0828125
0 0.92109375 0.1140625 0.0828125 0.084375
0 0.91484375 0.00859375 0.0828125 0.0171875
0 0.74765625 0.109375 0.0875 0.0859375
0 0.94765625 0.04140625 0.0625 0.0828125
0 0.8328125 0.01015625 0.08125 0.0203125
0 0.9234375 0.39140625 0.084375 0.0875
0 0.80078125 0.1859375 0.084375 0.0828125
0 0.95546875 0.3171875 0.0765625 0.0828125
0 0.8796875 0.321875 0.084375 0.084375
0 0.840625 0.39375 0.0859375 0.084375
0 0.8875 0.46796875 0.084375 0.084375
0 0.75390625 0.01015625 0.0828125 0.0203125
0 0.66484375 0.1125 0.0859375 0.084375
0 0.953125 0.18125 0.065625 0.08125
0 0.80078125 0.32734375 0.084375 0.0859375
0 0.92890625 0.53359375 0.08125 0.0828125
0 0.834375 0.2546875 0.08125 0.084375
0 0.91484375 0.24609375 0.0828125 0.084375
0 0.87890625 0.18359375 0.084375 0.0859375
0 0.9828125 0.66796875 0.034375 0.0859375
0 0.9609375 0.6 0.078125 0.0875
0 0.7515625 0.2546875 0.0859375 0.0875
0 0.634375 0.0546875 0.0828125 0.0828125
0 0.7125 0.19140625 0.0859375 0.084375