0 0.021875 0.3015625 0.04375 0.084375
0 0.053125 0.36796875 0.0859375 0.084375
0 0.015625 0.51171875 0.03125 0.0828125
0 0.06953125 0.14765625 0.0875 0.0875
0 0.03984375 0.225 0.0796875 0.0875
0 0.11953125 0.21484375 0.0890625 0.0890625
0 0.01484375 0.16328125 0.0296875 0.0859375
0 0.0328125 0.08515625 0.065625 0.0828125
0 0.15234375 0.13984375 0.0875 0.0890625
0 0.0328125 0.43828125 0.065625 0.0859375
0 0.0828125 0.29140625 0.0875 0.0875
0 0.1828125 0.06796875 0.0890625 0.0828125
0 0.04375 0.584375 0.0828125 0.0890625
0 0.23203125 0.1265625 0.084375 0.084375
0 0.203125 0.20546875 0.0875 0.0875
0 0.2625 0.06015625 0.0875 0.0828125
0 0.140625 0.353125 0.096875 0.0953125
0 0.07265625 0.50625 0.0890625 0.0890625
0 0.0328125 0.659375 0.046875 0.0875
0 0.0984375 0.07890625 0.0875 0.0859375
0 0.10234375 0.43515625 0.0890625 0.090625
0 0.16171875 0.290625 0.0875 0.0859375