0 0.93515625 0.93203125 0.078125 0.07890625
0 0.6203125 0.378125 0.07578125 0.0765625
0 0.69765625 0.37890625 0.0796875 0.07890625
0 0.98359375 0.3453125 0.0328125 0.0765625
0 0.53671875 0.378125 0.078125 0.078125
0 0.45859375 0.3765625 0.07578125 0.0765625
0 0.65234375 0.85859375 0.07734375 0.078125
0 0.7359375 0.4484375 0.078125 0.0796875
0 0.85234375 0.93046875 0.0796875 0.0796875
0 0.96875 0.8625 0.0625 0.0765625
0 0.37890625 0.375 0.078125 0.07890625
0 0.4140625 0.58125 0.07734375 0.07890625
0 0.77421875 0.51640625 0.07890625 0.0765625
0 0.93359375 0.79453125 0.07734375 0.078125
0 0.2609375 0.3046875 0.07734375 0.078125
0 0.8875 0.27265625 0.07734375 0.07734375
0 0.3328125 0.578125 0.0796875 0.07890625
0 0.92890625 0.3453125 0.075 0.07421875
0 0.58046875 0.44453125 0.0765625 0.07578125
0 0.9640625 0.2734375 0.071875 0.0765625
0 0.65625 0.44921875 0.0765625 0.078125
0 0.09453125 0.575 0.0765625 0.07578125
0 0.05859375 0.36953125 0.07734375 0.078125
0 0.26484375 0.1703125 0.07734375 0.078125
0 0.03125 0.3 0.0625 0.0765625
0 0.68984375 0.9296875 0.07578125 0.078125
0 0.6203125 0.24453125 0.07734375 0.07734375
0 0.8125 0.72265625 0.07578125 0.07734375
0 0.73046875 0.86015625 0.07890625 0.0796875
0 0.0171875 0.09609375 0.034375 0.0796875
0 0.1375 0.37265625 0.075 0.07578125
0 0.5703125 0.85625 0.078125 0.078125
0 0.17578125 0.57578125 0.078125 0.07578125
0 0.9671875 0.13828125 0.065625 0.0796875
0 0.85 0.20234375 0.078125 0.0796875
0 0.0265625 0.43984375 0.053125 0.078125
0 0.89375 0.72265625 0.07890625 0.07890625
0 0.22109375 0.2359375 0.07734375 0.0765625
0 0.17890625 0.30625 0.07734375 0.07734375
0 0.8515625 0.6546875 0.078125 0.07890625
0 0.4515625 0.78828125 0.0765625 0.07734375
0 0.846875 0.34765625 0.07578125 0.075
0 0.81875 0.446875 0.07890625 0.0796875
0 0.3703125 0.92421875 0.078125 0.07734375
0 0.38046875 0.24140625 0.0765625 0.0765625
0 0.16796875 0.715625 0.0765625 0.07890625
0 0.8890625 0.98125 0.0765625 0.0375
0 0.41875 0.4453125 0.07890625 0.07734375
0 0.37734375 0.5109375 0.078125 0.07734375
0 0.215625 0.5109375 0.078125 0.078125
0 0.37421875 0.6484375 0.07578125 0.0765625
0 0.08671875 0.71171875 0.07890625 0.08046875
0 0.09921875 0.43828125 0.078125 0.07734375
0 0.49921875 0.3078125 0.07578125 0.07734375
0 0.37109375 0.78671875 0.07734375 0.07734375
0 0.89296875 0.86171875 0.078125 0.07890625
0 0.29921875 0.3734375 0.07578125 0.078125
0 0.60859375 0.92421875 0.08046875 0.08203125
0 0.409375 0.85390625 0.0765625 0.07578125
0 0.21796875 0.371875 0.07734375 0.07734375
0 0.65078125 0.97734375 0.078125 0.0453125
0 0.85078125 0.79140625 0.07890625 0.08125
0 0.34453125 0.16875 0.0765625 0.07734375
0 0.33203125 0.85 0.078125 0.07578125
0 0.21171875 0.64609375 0.078125 0.078125
0 0.58125 0.17265625 0.07734375 0.08046875
0 0.96484375 0.55234375 0.0703125 0.0765625
0 0.24375 0.9734375 0.078125 0.053125
0 0.49453125 0.72109375 0.078125 0.078125
0 0.0265625 0.57421875 0.053125 0.078125
0 0.459375 0.2375 0.07890625 0.0765625
0 0.29375 0.51015625 0.0765625 0.07890625
0 0.77109375 0.92578125 0.07890625 0.08046875
0 0.3 0.2390625 0.07890625 0.07734375
0 0.9234375 0.478125 0.078125 0.08125
0 0.8140625 0.1296875 0.078125 0.0796875
0 0.453125 0.64765625 0.0765625 0.078125
0 0.0234375 0.71171875 0.046875 0.078125
0 0.42265625 0.17421875 0.07734375 0.07734375
0 0.2484375 0.7140625 0.07734375 0.08046875
0 0.10390625 0.16796875 0.0765625 0.078125
0 0.89375 0.13671875 0.07578125 0.0796875
0 0.03203125 0.16640625 0.0640625 0.078125
0 0.446875 0.9265625 0.07578125 0.078125
0 0.80859375 0.98046875 0.078125 0.0390625
0 0.3375 0.44453125 0.07890625 0.07890625
0 0.728125 0.98125 0.0765625 0.0375
0 0.021875 0.84609375 0.04375 0.08125
0 0.8140625 0.58515625 0.075 0.07734375
0 0.659375 0.31015625 0.07734375 0.07890625
0 0.2375 0.096875 0.075 0.07578125
0 0.5015625 0.17109375 0.07734375 0.078125
0 0.49140625 0.85234375 0.07890625 0.078125
0 0.2921875 0.64765625 0.0796875 0.07734375
0 0.33125 0.7171875 0.07734375 0.0796875
0 0.06171875 0.2375 0.07734375 0.0765625
0 0.4046875 0.9796875 0.0765625 0.040625
0 0.8078125 0.27578125 0.0765625 0.07734375
0 0.7796875 0.37890625 0.0765625 0.0765625
0 0.1625 0.09296875 0.07421875 0.07578125
0 0.771875 0.784375 0.078125 0.08046875
0 0.57890625 0.30859375 0.078125 0.0796875
0 0.65234375 0.7203125 0.078125 0.078125
0 0.96484375 0.41015625 0.0703125 0.0765625
0 0.61171875 0.78671875 0.0765625 0.078125
0 0.3390625 0.30859375 0.0796875 0.08125
0 0.6890625 0.78671875 0.0765625 0.07890625
0 0.10234375 0.30390625 0.0765625 0.0796875
0 0.52734375 0.9234375 0.075 0.0765625
0 0.053125 0.5078125 0.07734375 0.078125
0 0.08515625 0.85 0.0796875 0.08046875
0 0.20234375 0.91875 0.07578125 0.07578125
0 0.14296875 0.23359375 0.0765625 0.078125
0 0.24765625 0.8515625 0.0765625 0.0765625
0 0.2578125 0.44453125 0.0765625 0.07734375
0 0.18203125 0.16015625 0.078125 0.07734375
0 0.5734375 0.721875 0.07578125 0.0765625
0 0.92890625 0.20546875 0.0765625 0.07734375
0 0.41171875 0.7171875 0.07578125 0.07734375
0 0.078125 0.97890625 0.0765625 0.0421875
0 0.32734375 0.9734375 0.078125 0.053125
0 0.13125 0.64609375 0.07734375 0.07734375
0 0.1765625 0.44140625 0.07734375 0.08125
0 0.13359375 0.5078125 0.0765625 0.07734375
0 0.69140625 0.64921875 0.07578125 0.07578125
0 0.6625 0.171875 0.08046875 0.08203125
0 0.9671875 0.7265625 0.065625 0.075
0 0.6125 0.52109375 0.0765625 0.07421875
0 0.28828125 0.91953125 0.08359375 0.07890625
0 0.4890625 0.97265625 0.078125 0.0546875
0 0.540625 0.24375 0.07734375 0.07734375
0 0.81328125 0.86171875 0.078125 0.08046875
0 0.6140625 0.65234375 0.0796875 0.07734375
0 0.76953125 0.203125 0.08046875 0.0796875
0 0.53359375 0.78828125 0.07734375 0.07890625
0 0.41953125 0.309375 0.078125 0.0796875
0 0.07734375 0.08984375 0.08203125 0.08046875
0 0.0515625 0.64609375 0.07578125 0.0765625
0 0.13046875 0.78046875 0.07734375 0.0765625
0 0.53359375 0.64765625 0.0796875 0.0796875
0 0.72890625 0.71953125 0.07578125 0.07890625
0 0.16015625 0.97109375 0.0828125 0.0578125
0 0.69453125 0.51875 0.07578125 0.07734375
0 0.290625 0.78515625 0.078125 0.07734375
0 0.04921875 0.78203125 0.07734375 0.075
0 0.12265625 0.91640625 0.07890625 0.07890625
0 0.4578125 0.5109375 0.07734375 0.07734375
0 0.98359375 0.4828125 0.0328125 0.078125
0 0.89296875 0.58515625 0.078125 0.078125
0 0.49609375 0.44609375 0.07734375 0.0765625
0 0.16875 0.84921875 0.0796875 0.078125
0 0.7734375 0.64375 0.07890625 0.07890625
0 0.20859375 0.7828125 0.07890625 0.0765625
0 0.740625 0.30703125 0.075 0.078125
0 0.734375 0.5859375 0.08046875 0.078125
0 0.5359375 0.50390625 0.07734375 0.08203125
0 0.7015625 0.24609375 0.07734375 0.0765625
0 0.653125 0.5796875 0.07890625 0.08046875
0 0.734375 0.13515625 0.08046875 0.0828125
0 0.8890625 0.40859375 0.0796875 0.0828125
0 0.4953125 0.58828125 0.08046875 0.07890625
0 0.2546875 0.5796875 0.07890625 0.07890625
0 0.575 0.58359375 0.07890625 0.0796875
0 0.56796875 0.9796875 0.0765625 0.040625
0 0.04453125 0.9234375 0.0765625 0.078125
0 0.3171875 0.1 0.0796875 0.0765625
0 0.20625 0.03203125 0.0765625 0.0640625
0 0.11796875 0.03125 0.0796875 0.0625
0 0.853125 0.52265625 0.07734375 0.07734375
0 0.94375 0.65703125 0.08125 0.0734375