0 0.23125 0.2734375 0.0953125 0.0984375
0 0.5984375 0.26484375 0.0890625 0.0890625
0 0.23359375 0.48828125 0.09375 0.09375
0 0.3578125 0.0265625 0.090625 0.053125
0 0.3953125 0.51640625 0.0921875 0.0921875
0 0.34375 0.5828125 0.0953125 0.0953125
0 0.25625 0.35 0.09375 0.0953125
0 0.09375 0.3203125 0.0921875 0.09375
0 0.33359375 0.146875 0.09375 0.09375
0 0.63046875 0.3421875 0.090625 0.0890625
0 0.3875 0.07890625 0.0921875 0.090625
0 0.1734375 0.3375 0.09375 0.09375
0 0.365625 0.43984375 0.0953125 0.0921875
0 0.04609375 0.6015625 0.0921875 0.09375
0 0.528125 0.465625 0.090625 0.090625
0 0.04765625 0.38046875 0.08125 0.09375
0 0.27734375 0.0171875 0.0921875 0.034375
0 0.440625 0.2359375 0.0921875 0.0890625
0 0.52109375 0.24921875 0.090625 0.0890625
0 0.70625 0.13515625 0.0921875 0.0921875
0 0.303125 0.07109375 0.0921875 0.09375
0 0.653125 0.20078125 0.090625 0.0921875
0 0.7359375 0.21328125 0.09375 0.09375
0 0.1484375 0.25703125 0.09375 0.09375
0 0.01796875 0.66484375 0.0359375 0.0921875
0 0.14453125 0.04453125 0.0921875 0.0890625
0 0.06953125 0.459375 0.0953125 0.096875
0 0.1515625 0.47421875 0.09375 0.0953125
0 0.03046875 0.5234375 0.0609375 0.090625
0 0.2234375 0.06015625 0.09375 0.09375
0 0.15390625 0.6953125 0.0953125 0.096875
0 0.3140625 0.50390625 0.0953125 0.096875
0 0.4125 0.16015625 0.09375 0.096875
0 0.33828125 0.3625 0.09375 0.0953125
0 0.284375 0.428125 0.0953125 0.0921875
0 0.19921875 0.19453125 0.0921875 0.09375
0 0.62265625 0.12890625 0.090625 0.090625
0 0.3921875 0.296875 0.0921875 0.0921875
0 0.47421875 0.5359375 0.0921875 0.09375
0 0.11875 0.18359375 0.09375 0.0921875
0 0.03203125 0.74140625 0.0640625 0.0953125
0 0.12265625 0.39296875 0.09375 0.09375
0 0.28671875 0.64609375 0.0953125 0.0953125
0 0.41875 0.37734375 0.090625 0.090625
0 0.0734375 0.6796875 0.0953125 0.096875
0 0.1984375 0.01015625 0.09375 0.0203125
0 0.46328125 0.09765625 0.09375 0.09375
0 0.49453125 0.17421875 0.0953125 0.096875
0 0.071875 0.24375 0.08125 0.09375
0 0.54296875 0.115625 0.0921875 0.090625
0 0.096875 0.53671875 0.0953125 0.09375
0 0.57578125 0.1859375 0.0890625 0.090625
0 0.20546875 0.6296875 0.096875 0.1
0 0.43203125 0.0359375 0.0921875 0.071875
0 0.471875 0.31171875 0.0921875 0.0953125
0 0.31875 0.725 0.0953125 0.0984375
0 0.20390625 0.4109375 0.0921875 0.0921875
0 0.44765625 0.453125 0.09375 0.0953125
0 0.67890625 0.06171875 0.0921875 0.0875
0 0.51328125 0.0421875 0.0921875 0.084375
0 0.28203125 0.20625 0.0953125 0.096875
0 0.78828125 0.15 0.0921875 0.09375
0 0.596875 0.05078125 0.09375 0.09375
0 0.30859375 0.28359375 0.090625 0.0921875
0 0.02109375 0.87890625 0.0421875 0.0890625
0 0.12578125 0.61484375 0.0953125 0.096875
0 0.17265625 0.1171875 0.0921875 0.0953125
0 0.3734375 0.65390625 0.09375 0.0921875
0 0.25234375 0.1328125 0.0953125 0.0953125
0 0.2609375 0.5640625 0.09375 0.09375
0 0.1 0.7578125 0.09375 0.0953125
0 0.234375 0.70859375 0.0953125 0.0953125
0 0.18125 0.55234375 0.0984375 0.0984375
0 0.09609375 0.1046875 0.08125 0.09375
0 0.359375 0.22421875 0.0921875 0.0921875
0 0.18515625 0.76875 0.0984375 0.0984375
0 0.2625 0.7859375 0.09375 0.0953125
0 0.58046875 0.40234375 0.090625 0.0921875
0 0.6796875 0.27734375 0.0921875 0.0921875
0 0.34921875 0.80625 0.1015625 0.0984375
0 0.8375 0.08984375 0.09375 0.0875
0 0.04765625 0.82109375 0.0953125 0.0984375
0 0.07734375 0.89453125 0.096875 0.090625
0 0.16015625 0.91015625 0.0921875 0.0859375
0 0.4234375 0.596875 0.0921875 0.0921875
0 0.55859375 0.546875 0.0953125 0.09375
0 0.86875 0.159375 0.0890625 0.0890625
0 0.81953125 0.22734375 0.0921875 0.0921875
0 0.55 0.32890625 0.090625 0.0890625
0 0.24296875 0.9234375 0.1 0.090625
0 0.50234375 0.3890625 0.0921875 0.09375
0 0.29296875 0.86875 0.0984375 0.0984375
0 0.403125 0.73515625 0.096875 0.0984375
0 0.91640625 0.10390625 0.0921875 0.0875
0 0.71796875 0.35234375 0.103125 0.1015625
0 0.4546875 0.6765625 0.090625 0.090625
0 0.13203125 0.8375 0.1015625 0.1
0 0.61015625 0.48046875 0.09375 0.09375
0 0.50625 0.6125 0.1 0.096875
0 0.753125 0.0765625 0.0921875 0.090625
0 0.65859375 0.4203125 0.09375 0.0953125
0 0.21171875 0.853125 0.0953125 0.1
0 0.75546875 0.29765625 0.0921875 0.090625