0 0.26484375 0.9265625 0.096875 0.096875
0 0.0453125 0.45234375 0.090625 0.0953125
0 0.41640625 0.028125 0.0859375 0.05625
0 0.2265625 0.121875 0.09375 0.09375
0 0.33671875 0.0453125 0.0859375 0.0578125
0 0.446875 0.5859375 0.09375 0.0953125
0 0.79453125 0.0265625 0.0984375 0.053125
0 0.14765625 0.13671875 0.09375 0.09375
0 0.01796875 0.3890625 0.0359375 0.09375
0 0.3109375 0.32578125 0.0953125 0.0984375
0 0.203125 0.4203125 0.0953125 0.0953125
0 0.1765625 0.496875 0.0921875 0.090625
0 0.12265625 0.21640625 0.09375 0.096875
0 0.525 0.134375 0.096875 0.096875
0 0.0171875 0.17109375 0.034375 0.0953125
0 0.47421875 0.28671875 0.09375 0.09375
0 0.39375 0.525 0.09375 0.09375
0 0.18125 0.71953125 0.0953125 0.0953125
0 0.4421875 0.1484375 0.09375 0.0953125
0 0.528125 0.3546875 0.0953125 0.0953125
0 0.4984375 0.2125 0.09375 0.0953125
0 0.3140625 0.540625 0.0953125 0.0953125
0 0.41953125 0.22734375 0.096875 0.0953125
0 0.2859375 0.40390625 0.09375 0.09375
0 0.49765625 0.021875 0.0890625 0.04375
0 0.096875 0.51484375 0.09375 0.09375
0 0.58046875 0.0125 0.0890625 0.025
0 0.06640625 0.1546875 0.09375 0.09375
0 0.259375 0.0609375 0.084375 0.05625
0 0.46953125 0.071875 0.09375 0.09375
0 0.66171875 0.18046875 0.096875 0.0984375
0 0.36796875 0.60546875 0.0953125 0.0953125
0 0.17578125 0.27890625 0.0921875 0.09375
0 0.04453125 0.2328125 0.0890625 0.096875
0 0.25546875 0.2625 0.09375 0.096875
0 0.3359375 0.24609375 0.0953125 0.0984375
0 0.365625 0.3875 0.0953125 0.0984375
0 0.21015625 0.8640625 0.09375 0.096875
0 0.39453125 0.30703125 0.0953125 0.0984375
0 0.4265625 0.6671875 0.0953125 0.0953125
0 0.55234375 0.27421875 0.0953125 0.096875
0 0.1 0.73828125 0.096875 0.096875
0 0.76640625 0.084375 0.096875 0.096875
0 0.58046875 0.19609375 0.096875 0.0984375
0 0.23515625 0.78359375 0.09375 0.0953125
0 0.20234375 0.20078125 0.09375 0.096875
0 0.54921875 0.0546875 0.096875 0.0953125
0 0.4484375 0.365625 0.0953125 0.0953125
0 0.03203125 0.52734375 0.0640625 0.0890625
0 0.5328125 0.571875 0.1 0.1
0 0.68515625 0.10078125 0.1 0.1015625
0 0.228125 0.34296875 0.09375 0.096875
0 0.2828125 0.18203125 0.103125 0.1015625
0 0.82578125 0.14609375 0.0984375 0.1
0 0.475 0.50859375 0.0953125 0.0984375
0 0.15625 0.8015625 0.0984375 0.1
0 0.33984375 0.46484375 0.09375 0.0921875
0 0.26328125 0.70546875 0.0953125 0.096875
0 0.034375 0.3109375 0.06875 0.1
0 0.34609375 0.9109375 0.09375 0.0953125
0 0.06875 0.59140625 0.0984375 0.0984375
0 0.58515625 0.4140625 0.0953125 0.096875
0 0.60546875 0.11640625 0.0984375 0.0984375
0 0.31953125 0.97265625 0.0953125 0.0546875
0 0.1484375 0.3578125 0.0953125 0.096875
0 0.0296875 0.1109375 0.059375 0.053125
0 0.2578125 0.48125 0.09375 0.09375
0 0.85 0.06015625 0.0953125 0.0953125
0 0.58671875 0.6375 0.096875 0.0953125
0 0.346875 0.6828125 0.096875 0.0953125
0 0.7109375 0.03359375 0.096875 0.0671875
0 0.63515625 0.25859375 0.096875 0.096875
0 0.36328125 0.16328125 0.0953125 0.096875
0 0.74140625 0.1625 0.096875 0.096875
0 0.06796875 0.37109375 0.096875 0.0984375
0 0.1234375 0.440625 0.09375 0.0921875
0 0.12578125 0.659375 0.09375 0.09375
0 0.05625 0.67109375 0.0765625 0.0921875
0 0.6328125 0.04375 0.1 0.0875
0 0.28984375 0.62265625 0.0984375 0.1
0 0.38984375 0.08671875 0.0953125 0.0953125
0 0.290625 0.8484375 0.096875 0.0953125
0 0.3171875 0.76640625 0.1 0.1015625
0 0.71796875 0.2375 0.1 0.1
0 0.23203125 0.56015625 0.096875 0.096875
0 0.20546875 0.6390625 0.09375 0.0953125
0 0.1515625 0.57265625 0.096875 0.096875
0 0.50234375 0.65390625 0.09375 0.09375
0 0.1765625 0.07890625 0.0859375 0.0578125
0 0.6109375 0.5578125 0.0953125 0.096875
0 0.6671875 0.6234375 0.0953125 0.0953125
0 0.09765625 0.096875 0.0890625 0.059375
0 0.79609375 0.22421875 0.096875 0.096875
0 0.55625 0.7125 0.09375 0.096875
0 0.50234375 0.4296875 0.096875 0.0953125
0 0.4203125 0.4484375 0.0953125 0.0953125
0 0.0984375 0.29296875 0.09375 0.09375
0 0.69375 0.54296875 0.0984375 0.0984375
0 0.884375 0.2109375 0.103125 0.1015625
0 0.425 0.89296875 0.096875 0.096875
0 0.53046875 0.7921875 0.0921875 0.09375
0 0.609375 0.33671875 0.1 0.1
0 0.665625 0.39765625 0.1015625 0.1015625
0 0.08515625 0.81796875 0.071875 0.0921875
0 0.1828125 0.94765625 0.0953125 0.0953125
0 0.725 0.68203125 0.096875 0.1
0 0.64453125 0.47578125 0.0984375 0.096875
0 0.7484375 0.38125 0.096875 0.096875
0 0.55546875 0.49140625 0.1015625 0.096875
0 0.61171875 0.77890625 0.096875 0.1015625
0 0.69921875 0.75859375 0.0984375 0.0953125
0 0.86796875 0.01796875 0.0828125 0.0359375
0 0.30625 0.10390625 0.0984375 0.0953125
0 0.5875 0.86015625 0.0953125 0.0984375
0 0.50546875 0.87421875 0.09375 0.096875
0 0.3703125 0.834375 0.096875 0.0984375
0 0.40078125 0.96328125 0.0953125 0.0734375
0 0.83046875 0.36484375 0.1046875 0.1046875
0 0.3984375 0.74921875 0.0953125 0.1015625
0 0.45078125 0.81171875 0.096875 0.1
0 0.85546875 0.28984375 0.1 0.1015625
0 0.13125 0.88515625 0.096875 0.09375
0 0.72265625 0.4609375 0.1 0.1015625
0 0.47421875 0.7265625 0.0953125 0.0984375
0 0.7515625 0.603125 0.0984375 0.1015625
0 0.8984375 0.1265625 0.0828125 0.0984375
0 0.640625 0.69453125 0.096875 0.096875
0 0.6734375 0.8421875 0.1046875 0.1046875
0 0.69453125 0.3203125 0.1046875 0.103125
0 0.2390625 0.97890625 0.096875 0.0421875
0 0.78046875 0.5234375 0.096875 0.1
0 0.48203125 0.95546875 0.0921875 0.0890625
0 0.55859375 0.9421875 0.0921875 0.0921875
0 0.80390625 0.44453125 0.0953125 0.0984375
0 0.64375 0.92109375 0.1 0.09375
0 0.77421875 0.30546875 0.0984375 0.103125