0 0.9453125 0.05 0.07734375 0.07890625
0 0.8640625 0.046875 0.0796875 0.07890625
0 0.62578125 0.04375 0.0765625 0.07578125
0 0.05234375 0.3125 0.0765625 0.07734375
0 0.28671875 0.59296875 0.08046875 0.0796875
0 0.25234375 0.38984375 0.0765625 0.07890625
0 0.4921875 0.5296875 0.08125 0.08125
0 0.70703125 0.04453125 0.078125 0.07578125
0 0.38359375 0.04140625 0.0765625 0.07734375
0 0.36875 0.59921875 0.08046875 0.0796875
0 0.6515625 0.6734375 0.07578125 0.075
0 0.1734375 0.24375 0.07734375 0.078125
0 0.7328125 0.671875 0.075 0.0765625
0 0.971875 0.25703125 0.05625 0.078125
0 0.328125 0.665625 0.08125 0.08046875
0 0.13515625 0.175 0.07734375 0.0796875
0 0.9015625 0.39296875 0.078125 0.07734375
0 0.18046875 0.10625 0.08203125 0.08125
0 0.69921875 0.184375 0.0765625 0.07890625
0 0.42578125 0.11015625 0.07734375 0.0765625
0 0.90546875 0.1171875 0.07578125 0.0765625
0 0.61796875 0.18046875 0.07890625 0.08046875
0 0.61171875 0.6015625 0.07578125 0.07734375
0 0.64140625 0.940625 0.08125 0.08203125
0 0.90234375 0.25546875 0.07734375 0.07734375
0 0.028125 0.24140625 0.05625 0.0765625
0 0.9671875 0.815625 0.065625 0.0765625
0 0.940625 0.32265625 0.0765625 0.07578125
0 0.69140625 0.74296875 0.078125 0.078125
0 0.68984375 0.6015625 0.07890625 0.0796875
0 0.375 0.315625 0.08046875 0.0796875
0 0.13203125 0.3125 0.078125 0.0796875
0 0.86328125 0.31875 0.078125 0.07578125
0 0.74296875 0.11484375 0.078125 0.078125
0 0.41484375 0.39140625 0.078125 0.078125
0 0.775 0.45546875 0.078125 0.0796875
0 0.5453125 0.04296875 0.0765625 0.07734375
0 0.4546875 0.31640625 0.07734375 0.08125
0 0.4609375 0.18203125 0.0765625 0.078125
0 0.4640625 0.04296875 0.0765625 0.07890625
0 0.97265625 0.11640625 0.0546875 0.078125
0 0.53984375 0.18046875 0.0765625 0.078125
0 0.1734375 0.38203125 0.07890625 0.07734375
0 0.7796875 0.1828125 0.07734375 0.08046875
0 0.7296875 0.80859375 0.0796875 0.0796875
0 0.409375 0.66796875 0.078125 0.08046875
0 0.9703125 0.3953125 0.059375 0.078125
0 0.61015625 0.7421875 0.0796875 0.08046875
0 0.7734375 0.740625 0.0765625 0.07734375
0 0.72421875 0.940625 0.07890625 0.08046875
0 0.5359375 0.31484375 0.078125 0.08125
0 0.41015625 0.5265625 0.08125 0.08359375
0 0.8234375 0.11640625 0.0796875 0.07734375
0 0.23671875 0.65390625 0.0828125 0.08203125
0 0.30390625 0.03828125 0.0765625 0.0765625
0 0.8625 0.1859375 0.07734375 0.0796875
0 0.9015625 0.53515625 0.0765625 0.075
0 0.28984375 0.4578125 0.08046875 0.078125
0 0.9359375 0.4671875 0.0765625 0.07890625
0 0.4515625 0.596875 0.08046875 0.07890625
0 0.5046875 0.1140625 0.078125 0.07578125
0 0.453125 0.4546875 0.07734375 0.08046875
0 0.2953125 0.3140625 0.07578125 0.07890625
0 0.5328125 0.5984375 0.07890625 0.078125
0 0.81484375 0.6734375 0.08046875 0.078125
0 0.090625 0.37890625 0.078125 0.0796875
0 0.61640625 0.31875 0.0796875 0.08046875
0 0.73359375 0.3875 0.07578125 0.07578125
0 0.378125 0.17421875 0.08046875 0.08046875
0 0.77890625 0.3203125 0.0765625 0.0765625
0 0.328125 0.52734375 0.0796875 0.08046875
0 0.39765625 0.9453125 0.08046875 0.0828125
0 0.2640625 0.1078125 0.078125 0.078125
0 0.96953125 0.54140625 0.0609375 0.0765625
0 0.2234375 0.0375 0.078125 0.075
0 0.28515625 0.73359375 0.08046875 0.07890625
0 0.94296875 0.1859375 0.07578125 0.07734375
0 0.571875 0.6703125 0.0765625 0.07890625
0 0.609375 0.465625 0.07734375 0.078125
0 0.85859375 0.45625 0.078125 0.07890625
0 0.5734375 0.53046875 0.078125 0.08046875
0 0.6625 0.11484375 0.07734375 0.07734375
0 0.81953125 0.38828125 0.08359375 0.07890625
0 0.890625 0.809375 0.08046875 0.08125
0 0.43515625 0.87265625 0.07734375 0.08046875
0 0.34375 0.109375 0.078125 0.0765625
0 0.5296875 0.7390625 0.08046875 0.0796875
0 0.81015625 0.8109375 0.0765625 0.08046875
0 0.2109375 0.45234375 0.07890625 0.08046875
0 0.5828125 0.11484375 0.07578125 0.0765625
0 0.66171875 0.24921875 0.07734375 0.0765625
0 0.49140625 0.66875 0.08046875 0.08046875
0 0.14375 0.0375 0.0765625 0.075
0 0.53125 0.45078125 0.07890625 0.08046875
0 0.21484375 0.171875 0.08125 0.07890625
0 0.29765625 0.17421875 0.0796875 0.08046875
0 0.853125 0.740625 0.07890625 0.08046875
0 0.8109375 0.52109375 0.07890625 0.078125
0 0.55625 0.9453125 0.08046875 0.084375
0 0.33203125 0.3890625 0.08203125 0.0796875
0 0.69140625 0.453125 0.0828125 0.0828125
0 0.253125 0.23984375 0.08125 0.08125
0 0.35703125 0.8734375 0.08046875 0.08046875
0 0.371875 0.45546875 0.08125 0.0796875
0 0.478125 0.95078125 0.07890625 0.08359375
0 0.096875 0.24296875 0.07578125 0.07734375
0 0.821875 0.25390625 0.078125 0.07734375
0 0.58046875 0.25078125 0.07734375 0.075
0 0.65 0.815625 0.07890625 0.08046875
0 0.65390625 0.38515625 0.07890625 0.07890625
0 0.21484375 0.31484375 0.08125 0.07890625
0 0.7 0.31796875 0.0796875 0.078125
0 0.88984375 0.9453125 0.07734375 0.07890625
0 0.31484375 0.94296875 0.08203125 0.08046875
0 0.05390625 0.16640625 0.08125 0.08125
0 0.7703125 0.6015625 0.0765625 0.08046875
0 0.85078125 0.8828125 0.0796875 0.0734375
0 0.07734375 0.50625 0.08671875 0.08359375
0 0.93203125 0.88125 0.07734375 0.07734375
0 0.73984375 0.2515625 0.07890625 0.0765625
0 0.653125 0.534375 0.0796875 0.0796875
0 0.9671875 0.66484375 0.065625 0.0828125
0 0.2484375 0.5234375 0.08046875 0.08046875
0 0.15390625 0.653125 0.08125 0.0796875
0 0.80703125 0.94453125 0.0859375 0.0828125
0 0.4484375 0.73671875 0.08125 0.07734375
0 0.278125 0.87421875 0.0796875 0.08125
0 0.9390625 0.74765625 0.078125 0.0765625
0 0.8953125 0.66953125 0.0765625 0.07890625
0 0.96640625 0.95 0.0671875 0.071875
0 0.84921875 0.59140625 0.0796875 0.08515625
0 0.77109375 0.88125 0.0734375 0.07109375
0 0.59765625 0.8703125 0.0828125 0.08203125
0 0.51015625 0.8609375 0.0796875 0.08203125
0 0.7859375 0.0484375 0.07890625 0.07890625
0 0.09609375 0.0984375 0.0796875 0.07890625
0 0.315625 0.80390625 0.07734375 0.08046875
0 0.56875 0.80859375 0.07890625 0.078125
0 0.33828125 0.2515625 0.0796875 0.075
0 0.68828125 0.878125 0.07890625 0.07421875
0 0.16015625 0.51484375 0.08125 0.08203125
0 0.02265625 0.37421875 0.0453125 0.0796875
0 0.57578125 0.3921875 0.0765625 0.078125
0 0.39609375 0.79921875 0.07890625 0.08046875
0 0.04140625 0.440625 0.08046875 0.08046875
0 0.3640625 0.73515625 0.08046875 0.08125
0 0.128125 0.44609375 0.084375 0.078125
0 0.02734375 0.0984375 0.0546875 0.0765625
0 0.065625 0.03671875 0.078125 0.0734375
0 0.4953125 0.39296875 0.0796875 0.0765625
0 0.9328125 0.60859375 0.0765625 0.0703125
0 0.2328125 0.79921875 0.08203125 0.08359375
0 0.1265625 0.59375 0.07890625 0.078125
0 0.503125 0.246875 0.08125 0.0765625
0 0.41796875 0.24765625 0.0796875 0.078125
0 0.196875 0.734375 0.08125 0.08046875
0 0.73125 0.534375 0.078125 0.075
0 0.48515625 0.80546875 0.0828125 0.07890625