0 0.38828125 0.41875 0.090625 0.090625
0 0.69375 0.121875 0.0875 0.0890625
0 0.93984375 0.240625 0.05625 0.084375
0 0.74609375 0.6359375 0.0921875 0.0921875
0 0.096875 0.39609375 0.0890625 0.090625
0 0.7734375 0.11015625 0.090625 0.090625
0 0.64296875 0.27421875 0.090625 0.090625
0 0.4640625 0.403125 0.090625 0.0921875
0 0.59140625 0.6625 0.0921875 0.0921875
0 0.91484375 0.10625 0.059375 0.084375
0 0.30625 0.43203125 0.0921875 0.0921875
0 0.353125 0.709375 0.0890625 0.0890625
0 0.64375 0.72734375 0.0921875 0.09375
0 0.671875 0.6546875 0.0859375 0.0875
0 0.41640625 0.34375 0.0890625 0.0890625
0 0.26875 0.72265625 0.0921875 0.090625
0 0.43671875 0.48203125 0.0921875 0.09375
0 0.803125 0.03671875 0.090625 0.0734375
0 0.3625 0.28359375 0.0890625 0.090625
0 0.67109375 0.015625 0.0859375 0.03125
0 0.1640625 0.81015625 0.090625 0.090625
0 0.42890625 0.690625 0.0921875 0.0921875
0 0.69609375 0.328125 0.09375 0.096875
0 0.7484375 0.41796875 0.0921875 0.0921875
0 0.32890625 0.56796875 0.090625 0.090625
0 0.51328125 0.6734375 0.09375 0.09375
0 0.69375 0.78828125 0.090625 0.0890625
0 0.14609375 0.459375 0.0875 0.090625
0 0.66875 0.19453125 0.0890625 0.0890625
0 0.61875 0.1359375 0.0890625 0.0890625
0 0.0609375 0.68046875 0.084375 0.090625
0 0.23125 0.234375 0.0875 0.0890625
0 0.17421875 0.38359375 0.0921875 0.0921875
0 0.24375 0.796875 0.090625 0.0921875
0 0.72109375 0.259375 0.090625 0.0890625
0 0.54296875 0.3890625 0.090625 0.090625
0 0.909375 0.3921875 0.0875 0.0890625
0 0.03046875 0.4078125 0.0609375 0.090625
0 0.39921875 0.971875 0.0921875 0.05625
0 0.2953125 0.85859375 0.090625 0.09375
0 0.80078125 0.27109375 0.0953125 0.090625
0 0.88359375 0.04140625 0.0921875 0.0828125
0 0.4859375 0.54296875 0.0921875 0.090625
0 0.7484375 0.0078125 0.0875 0.015625
0 0.934375 0.3140625 0.090625 0.0921875
0 0.3109375 0.2203125 0.0921875 0.0921875
0 0.959375 0.45078125 0.08125 0.0890625
0 0.590625 0.20859375 0.0921875 0.0921875
0 0.721875 0.0484375 0.0890625 0.090625
0 0.74921875 0.8484375 0.09375 0.0953125
0 0.2390625 0.97890625 0.09375 0.0421875
0 0.2578125 0.16015625 0.090625 0.090625
0 0.3203125 0.97421875 0.096875 0.0515625
0 0.3546875 0.49609375 0.0890625 0.090625
0 0.29921875 0.64453125 0.0921875 0.09375
0 0.0921875 0.61015625 0.0875 0.0859375
0 0.0859375 0.82265625 0.084375 0.0890625
0 0.83125 0.40078125 0.090625 0.090625
0 0.334375 0.35703125 0.090625 0.090625
0 0.21875 0.8734375 0.0875 0.0890625
0 0.97109375 0.80234375 0.0578125 0.0921875
0 0.40625 0.55625 0.090625 0.090625
0 0.8546875 0.32734375 0.0921875 0.0921875
0 0.51484375 0.46796875 0.090625 0.090625
0 0.06484375 0.46796875 0.09375 0.0953125
0 0.984375 0.51640625 0.03125 0.0796875
0 0.5625 0.73515625 0.096875 0.096875
0 0.7203125 0.715625 0.0875 0.0890625
0 0.90703125 0.8265625 0.0921875 0.0921875
0 0.24921875 0.58359375 0.0921875 0.0921875
0 0.665625 0.41796875 0.090625 0.090625
0 0.11875 0.5296875 0.090625 0.090625
0 0.85703125 0.75546875 0.096875 0.096875
0 0.28046875 0.2953125 0.0921875 0.09375
0 0.37890625 0.62890625 0.0921875 0.09375
0 0.40078125 0.76640625 0.0890625 0.0921875
0 0.35625 0.04765625 0.084375 0.071875
0 0.32265625 0.7828125 0.090625 0.0921875
0 0.13515625 0.88828125 0.090625 0.0921875
0 0.21640625 0.66171875 0.090625 0.0921875
0 0.15625 0.9875 0.09375 0.025
0 0.22578125 0.44140625 0.0921875 0.0921875
0 0.375 0.8453125 0.0921875 0.0953125
0 0.88515625 0.46796875 0.090625 0.090625
0 0.878125 0.25546875 0.0890625 0.0890625
0 0.8046875 0.47734375 0.0953125 0.09375
0 0.96796875 0.37890625 0.0484375 0.08125
0 0.48046875 0.75078125 0.0921875 0.09375
0 0.56015625 0.28515625 0.0890625 0.0890625
0 0.27578125 0.509375 0.090625 0.0921875
0 0.2703125 0.934375 0.0890625 0.0875
0 0.540625 0.14765625 0.09375 0.0921875
0 0.19609375 0.52421875 0.090625 0.090625
0 0.71796875 0.92578125 0.09375 0.090625
0 0.20859375 0.0984375 0.0875 0.0890625
0 0.80234375 0.69609375 0.09375 0.09375
0 0.11015625 0.75078125 0.0921875 0.0890625
0 0.775 0.34453125 0.090625 0.090625
0 0.078125 0.89140625 0.0453125 0.0828125
0 0.721875 0.49765625 0.090625 0.090625
0 0.2015625 0.3015625 0.090625 0.0921875
0 0.07265625 0.259375 0.090625 0.090625
0 0.9546875 0.8859375 0.090625 0.09375
0 0.04453125 0.33203125 0.0890625 0.090625
0 0.1203125 0.31875 0.0890625 0.090625
0 0.61484375 0.80234375 0.0921875 0.0890625
0 0.9046875 0.178125 0.090625 0.090625
0 0.69765625 0.5734375 0.0921875 0.09375
0 0.01328125 0.478125 0.0265625 0.08125
0 0.56328125 0.5296875 0.0890625 0.090625
0 0.4328125 0.0359375 0.0875 0.071875
0 0.9359375 0.74453125 0.0890625 0.0921875
0 0.01953125 0.27421875 0.0390625 0.0890625
0 0.7703125 0.77421875 0.0875 0.0890625
0 0.5921875 0.4546875 0.090625 0.0921875
0 0.82890625 0.61171875 0.0953125 0.0984375
0 0.85234375 0.12109375 0.0890625 0.0890625
0 0.93515625 0.52578125 0.090625 0.0921875
0 0.5390625 0.60390625 0.090625 0.0921875
0 0.48046875 0.965625 0.0890625 0.06875
0 0.09921875 0.1828125 0.0875 0.0875
0 0.77734375 0.55625 0.0921875 0.0890625
0 0.38828125 0.21015625 0.0890625 0.0875
0 0.13828125 0.67265625 0.0890625 0.090625
0 0.425 0.90234375 0.09375 0.096875
0 0.346875 0.91953125 0.0921875 0.0921875
0 0.43984375 0.26484375 0.0921875 0.0921875
0 0.25625 0.37109375 0.090625 0.0921875
0 0.0296875 0.6125 0.046875 0.0828125
0 0.034375 0.1984375 0.06875 0.090625
0 0.0546875 0.7578125 0.0453125 0.08125
0 0.6140625 0.35234375 0.0890625 0.0890625
0 0.00546875 0.34296875 0.0109375 0.0859375
0 0.4609375 0.61953125 0.0921875 0.09375
0 0.40546875 0.1 0.0921875 0.0921875
0 0.6171875 0.59296875 0.0890625 0.09375
0 0.50859375 0.8859375 0.0921875 0.0953125
0 0.984375 0.721875 0.03125 0.09375
0 0.5875 0.87578125 0.0953125 0.1015625
0 0.11015625 0.9578125 0.0859375 0.084375
0 0.79765625 0.9125 0.09375 0.096875
0 0.1484375 0.2453125 0.0890625 0.090625
0 0.49140625 0.3296875 0.0875 0.090625
0 0.66640625 0.8609375 0.0921875 0.0953125
0 0.16484375 0.6 0.084375 0.0859375
0 0.91484375 0.58984375 0.1 0.1
0 0.959375 0.6578125 0.08125 0.09375
0 0.45703125 0.1609375 0.0921875 0.09375
0 0.82578125 0.19453125 0.0890625 0.090625
0 0.74765625 0.18828125 0.0890625 0.090625
0 0.190625 0.94609375 0.090625 0.090625
0 0.28671875 0.084375 0.090625 0.090625
0 0.87890625 0.9015625 0.090625 0.090625
0 0.884375 0.68125 0.090625 0.0921875
0 0.17890625 0.16328125 0.0921875 0.0921875
0 0.85859375 0.53671875 0.090625 0.0890625
0 0.45703125 0.83046875 0.0921875 0.0890625
0 0.64375 0.059375 0.090625 0.0921875
0 0.97578125 0.584375 0.0484375 0.0875
0 0.64375 0.50234375 0.09375 0.1015625
0 0.5140625 0.228125 0.0875 0.090625
0 0.13046875 0.11328125 0.0921875 0.090625
0 0.64140625 0.94453125 0.09375 0.0875
0 0.59375 0.0234375 0.0875 0.046875
0 0.04921875 0.12109375 0.0921875 0.0921875
0 0.8296875 0.84375 0.0921875 0.0921875
0 0.009375 0.13828125 0.01875 0.0921875
0 0.565625 0.059375 0.1 0.1015625
0 0.48671875 0.08984375 0.0921875 0.0953125
0 0.04140625 0.54609375 0.0828125 0.0890625
0 0.5359375 0.81953125 0.0921875 0.0921875
0 0.240625 0.053125 0.08125 0.0421875
0 0.5609375 0.95703125 0.09375 0.0859375
0 0.19375 0.7328125 0.0921875 0.0921875
0 0.34921875 0.146875 0.0921875 0.0859375