0 0.8953125 0.2015625 0.0875 0.0859375
0 0.8109375 0.18828125 0.090625 0.0890625
0 0.19609375 0.7375 0.090625 0.090625
0 0.68515625 0.2390625 0.0890625 0.0890625
0 0.9640625 0.20625 0.071875 0.090625
0 0.48828125 0.7125 0.0890625 0.0890625
0 0.9140625 0.07578125 0.0859375 0.05625
0 0.1421875 0.803125 0.0890625 0.090625
0 0.9609375 0.5625 0.078125 0.090625
0 0.6234375 0.08359375 0.0875 0.0890625
0 0.76484375 0.25078125 0.0890625 0.0890625
0 0.2953125 0.60625 0.090625 0.0921875
0 0.8546875 0.48125 0.0890625 0.0890625
0 0.1734375 0.09296875 0.0859375 0.084375
0 0.79453125 0.325 0.0875 0.090625
0 0.69609375 0.44765625 0.0921875 0.090625
0 0.2546875 0.10234375 0.084375 0.0859375
0 0.7765625 0.4640625 0.0953125 0.0921875
0 0.1859375 0.52109375 0.090625 0.090625
0 0.4578125 0.63359375 0.090625 0.0921875
0 0.86484375 0.1234375 0.090625 0.090625
0 0.89453125 0.7703125 0.0875 0.0859375
0 0.67578125 0.0421875 0.08125 0.0546875
0 0.60390625 0.2265625 0.0875 0.0890625
0 0.0359375 0.49921875 0.071875 0.0890625
0 0.21484375 0.59609375 0.0921875 0.09375
0 0.14453125 0.0296875 0.0859375 0.059375
0 0.1265625 0.35625 0.0921875 0.0921875
0 0.71640625 0.315625 0.084375 0.0875
0 0.975 0.08671875 0.05 0.0578125
0 0.17109375 0.8796875 0.090625 0.090625
0 0.82109375 0.96328125 0.0890625 0.0734375
0 0.471875 0.278125 0.0859375 0.0859375
0 0.73046875 0.7421875 0.090625 0.090625
0 0.20390625 0.1671875 0.0875 0.0875
0 0.22109375 0.0359375 0.0890625 0.071875
0 0.83359375 0.065625 0.0859375 0.0578125
0 0.8640625 0.690625 0.0921875 0.090625
0 0.51875 0.784375 0.090625 0.0890625
0 0.3984375 0.4765625 0.0890625 0.090625
0 0.80234375 0.54140625 0.090625 0.09375
0 0.253125 0.890625 0.0921875 0.0921875
0 0.9453125 0.13359375 0.0890625 0.0921875
0 0.9234375 0.27109375 0.0875 0.0890625
0 0.84453125 0.26171875 0.0875 0.090625
0 0.63359375 0.30390625 0.0890625 0.0890625
0 0.78046875 0.1140625 0.0875 0.090625
0 0.90078125 0.96796875 0.0828125 0.0640625
0 0.6125 0.4375 0.0921875 0.090625
0 0.15234375 0.43828125 0.090625 0.0921875
0 0.4796875 0.48515625 0.090625 0.090625
0 0.875 0.33828125 0.090625 0.09375
0 0.2453125 0.67734375 0.090625 0.090625
0 0.87421875 0.90625 0.090625 0.09375
0 0.921875 0.83984375 0.08125 0.0890625
0 0.23203125 0.2375 0.090625 0.090625
0 0.9796875 0.27890625 0.040625 0.0921875
0 0.31875 0.46328125 0.0921875 0.0921875
0 0.40703125 0.70234375 0.090625 0.0890625
0 0.1234375 0.15546875 0.090625 0.090625
0 0.74765625 0.390625 0.0859375 0.0859375
0 0.6765625 0.5875 0.0875 0.0859375
0 0.88359375 0.55078125 0.0875 0.0890625
0 0.28515625 0.1765625 0.0859375 0.0875
0 0.20859375 0.3671875 0.0890625 0.090625
0 0.1234375 0.92734375 0.0875 0.059375
0 0.134375 0.58125 0.0890625 0.090625
0 0.8109375 0.75859375 0.0890625 0.0875
0 0.6515625 0.165625 0.0890625 0.0875
0 0.79453125 0.89453125 0.0921875 0.0921875
0 0.4375 0.0171875 0.08125 0.034375
0 0.64375 0.5125 0.0921875 0.0921875
0 0.225 0.8125 0.090625 0.0921875
0 0.5546875 0.28671875 0.090625 0.0890625
0 0.83046875 0.6171875 0.0875 0.0890625
0 0.075 0.4359375 0.0875 0.0890625
0 0.72578125 0.52734375 0.0890625 0.090625
0 0.6 0.79765625 0.0875 0.0875
0 0.52421875 0.21640625 0.0875 0.0890625
0 0.08515625 0.02265625 0.0515625 0.0453125
0 0.1640625 0.6609375 0.090625 0.0921875
0 0.33515625 0.115625 0.090625 0.0890625
0 0.5296875 0.42578125 0.0890625 0.0859375
0 0.06171875 0.7890625 0.090625 0.090625
0 0.69140625 0.98984375 0.0859375 0.0203125
0 0.59140625 0.575 0.090625 0.090625
0 0.71171875 0.884375 0.0890625 0.090625
0 0.5109375 0.025 0.08125 0.05
0 0.740625 0.9578125 0.0875 0.084375
0 0.20625 0.9390625 0.0875 0.059375
0 0.0953125 0.07890625 0.0875 0.0890625
0 0.4984375 0.92734375 0.09375 0.09375
0 0.70390625 0.66328125 0.0890625 0.0890625
0 0.4265625 0.55390625 0.0890625 0.0921875
0 0.934375 0.49453125 0.0875 0.0875
0 0.2359375 0.44609375 0.0921875 0.09375
0 0.75234375 0.6078125 0.0859375 0.0859375
0 0.346875 0.53671875 0.09375 0.090625
0 0.11484375 0.72734375 0.0921875 0.0890625
0 0.940625 0.70390625 0.08125 0.09375
0 0.44765625 0.97265625 0.0890625 0.0546875
0 0.3328125 0.9046875 0.09375 0.09375
0 0.703125 0.1 0.0875 0.0875
0 0.90390625 0.4078125 0.090625 0.09375
0 0.39140625 0.2609375 0.090625 0.0921875
0 0.825 0.4 0.090625 0.090625
0 0.59375 0.0265625 0.0828125 0.046875
0 0.5734375 0.15234375 0.0890625 0.0875
0 0.3765625 0.61640625 0.09375 0.0953125
0 0.76171875 0.8203125 0.0921875 0.090625
0 0.0921875 0.8640625 0.090625 0.090625
0 0.06484375 0.14375 0.05 0.084375
0 0.46640625 0.84765625 0.09375 0.09375
0 0.990625 0.14765625 0.01875 0.0890625
0 0.31171875 0.25078125 0.0875 0.090625
0 0.021875 0.4265625 0.04375 0.0828125
0 0.5015625 0.353125 0.0875 0.0875
0 0.91328125 0.6296875 0.0890625 0.090625
0 0.2859375 0.95078125 0.0859375 0.0578125
0 0.30234375 0.825 0.0921875 0.0921875
0 0.971875 0.415625 0.05625 0.090625
0 0.64765625 0.7375 0.0890625 0.090625
0 0.3828125 0.83515625 0.0921875 0.0921875
0 0.58515625 0.36640625 0.0875 0.090625
0 0.3640625 0.1875 0.0890625 0.090625
0 0.04921875 0.35 0.0765625 0.0921875
0 0.7484375 0.05390625 0.0796875 0.05625
0 0.02265625 0.634375 0.0453125 0.0875
0 0.53046875 0.97734375 0.0859375 0.0453125
0 0.27578125 0.75 0.0921875 0.0921875
0 0.084375 0.65234375 0.0890625 0.090625
0 0.55078125 0.8609375 0.09375 0.0921875
0 0.36640625 0.9609375 0.0890625 0.0609375
0 0.43515625 0.77421875 0.0890625 0.0875
0 0.15234375 0.23359375 0.0890625 0.090625
0 0.66796875 0.3765625 0.0890625 0.0890625
0 0.61875 0.65 0.09375 0.0953125
0 0.371875 0.3953125 0.0875 0.0890625
0 0.5609375 0.50234375 0.0875 0.0875
0 0.66484375 0.95 0.0859375 0.0875
0 0.84453125 0.83046875 0.096875 0.0921875
0 0.3015625 0.04140625 0.0875 0.0828125
0 0.7828125 0.678125 0.0875 0.0875
0 0.3421875 0.328125 0.0890625 0.084375
0 0.50859375 0.55703125 0.0953125 0.0953125
0 0.0546875 0.57578125 0.0921875 0.090625
0 0.42265625 0.3375 0.0875 0.0875
0 0.95625 0.34765625 0.0875 0.0859375
0 0.67890625 0.8125 0.0875 0.0875
0 0.00703125 0.76484375 0.0140625 0.0921875
0 0.61171875 0.98203125 0.0859375 0.0359375
0 0.49296875 0.12890625 0.0875 0.0921875
0 0.04140625 0.9140625 0.0828125 0.0625
0 0.5375 0.64375 0.0875 0.0921875
0 0.028125 0.8515625 0.05625 0.09375
0 0.325 0.6859375 0.0921875 0.09375
0 0.03828125 0.70703125 0.0765625 0.0921875
0 0.28984375 0.3828125 0.096875 0.09375
0 0.4484375 0.20625 0.0875 0.0859375
0 0.415625 0.12265625 0.0875 0.0890625
0 0.4515625 0.4109375 0.0859375 0.08125
0 0.38125 0.04296875 0.090625 0.0859375
0 0.26328125 0.315625 0.0828125 0.08125
0 0.1046875 0.5109375 0.0890625 0.0890625
0 0.09296875 0.28046875 0.09375 0.0921875
0 0.35546875 0.765625 0.090625 0.090625
0 0.63125 0.875 0.0875 0.0875
0 0.58515625 0.93828125 0.0890625 0.0890625
0 0.0734375 0.215625 0.0859375 0.0875
0 0.57265625 0.72421875 0.0875 0.0875
0 0.4140625 0.9171875 0.09375 0.0921875
0 0.18203125 0.30078125 0.0890625 0.084375
0 0.54140625 0.078125 0.084375 0.08125
0 0.2640625 0.53359375 0.0890625 0.0890625
0 0.46171875 0.06796875 0.0859375 0.0796875
0 0.73671875 0.17421875 0.0890625 0.0890625