0 0.8671875 0.09140625 0.0921875 0.0921875
0 0.73515625 0.040625 0.0921875 0.08125
0 0.83359375 0.1671875 0.090625 0.09375
0 0.89765625 0.02734375 0.0859375 0.0546875
0 0.9140625 0.15390625 0.09375 0.0953125
0 0.78515625 0.10234375 0.0921875 0.0921875
0 0.9453125 0.221875 0.0515625 0.0859375
0 0.92734375 0.08125 0.0484375 0.0890625
0 0.68828125 0.00703125 0.0859375 0.0140625
0 0.884375 0.234375 0.0953125 0.0953125
0 0.60234375 0.01328125 0.0859375 0.0265625
0 0.6484375 0.046875 0.090625 0.0921875
0 0.96640625 0.36640625 0.05 0.0859375
0 0.81640625 0.03515625 0.0921875 0.0703125
0 0.97890625 0.509375 0.0421875 0.084375
0 0.75546875 0.17734375 0.090625 0.0921875
0 0.8 0.2484375 0.0921875 0.09375
0 0.90625 0.37421875 0.09375 0.0953125
0 0.70390625 0.1125 0.0921875 0.09375
0 0.84921875 0.3125 0.0921875 0.0921875
0 0.95390625 0.4390625 0.0921875 0.09375
0 0.93828125 0.29609375 0.0859375 0.09375