0 0.8546875 0.09140625 0.0875 0.0859375
0 0.9359375 0.1046875 0.0875 0.0859375
0 0.88984375 0.1671875 0.0875 0.0875
0 0.9640625 0.53359375 0.071875 0.0859375
0 0.9640625 0.1765625 0.071875 0.0875
0 0.96953125 0.059375 0.0609375 0.04375
0 0.8 0.14765625 0.0890625 0.0890625
0 0.9875 0.1078125 0.025 0.084375
0 0.9 0.05078125 0.0828125 0.0421875
0 0.934375 0.4515625 0.0875 0.0890625
0 0.84140625 0.23125 0.0875 0.0859375
0 0.96796875 0.38203125 0.0640625 0.0859375
0 0.90078125 0.3765625 0.0875 0.0875
0 0.85234375 0.4421875 0.0890625 0.0875
0 0.8875 0.521875 0.0875 0.0875
0 0.82109375 0.04296875 0.084375 0.0390625
0 0.7171875 0.1390625 0.0875 0.0859375
0 0.9796875 0.24765625 0.040625 0.0828125
0 0.821875 0.3703125 0.0859375 0.0875
0 0.9203125 0.59296875 0.0828125 0.0859375
0 0.865625 0.30390625 0.084375 0.0875
0 0.94609375 0.30625 0.0859375 0.0875
0 0.91953125 0.23984375 0.0875 0.0875
0 0.9609375 0.734375 0.0484375 0.0875
0 0.94609375 0.6640625 0.0890625 0.0890625
0 0.78359375 0.2921875 0.0890625 0.090625
0 0.6953125 0.078125 0.0859375 0.084375
0 0.753125 0.22421875 0.0875 0.0875