0 0.84296875 0.06484375 0.0796875 0.08125
0 0.8453125 0.33984375 0.078125 0.08125
0 0.88515625 0.13515625 0.0796875 0.078125
0 0.92578125 0.065625 0.078125 0.08125
0 0.925 0.33515625 0.0796875 0.0796875
0 0.803125 0.27109375 0.08125 0.08125
0 0.9265625 0.47421875 0.0796875 0.08125
0 0.6796875 0.0671875 0.08125 0.0796875
0 0.8421875 0.20078125 0.08125 0.08125
0 0.7609375 0.06484375 0.0796875 0.08125
0 0.96328125 0.40625 0.0703125 0.078125
0 0.8046875 0.1359375 0.0796875 0.078125
0 0.8796875 0.01875 0.078125 0.0375
0 0.92421875 0.2015625 0.0796875 0.0796875
0 0.88359375 0.27421875 0.0796875 0.0796875
0 0.7640625 0.34375 0.0828125 0.0796875
0 0.803125 0.41015625 0.0828125 0.0796875
0 0.96015625 0.26875 0.0671875 0.0765625
0 0.95546875 0.13203125 0.0671875 0.0796875
0 0.9625 0.54375 0.075 0.08125
0 0.88671875 0.4078125 0.08125 0.0796875
0 0.7625 0.2 0.0796875 0.0828125
0 0.7234375 0.1390625 0.08125 0.0765625
0 0.8 0.01796875 0.078125 0.0359375
0 0.84296875 0.47578125 0.0859375 0.084375
0 0.640625 0.140625 0.08125 0.08125
0 0.72109375 0.01796875 0.0765625 0.0359375
0 0.68046875 0.2078125 0.0796875 0.08125
0 0.64296875 0.021875 0.0765625 0.04375
0 0.721875 0.278125 0.0796875 0.08125
0 0.9828125 0.609375 0.034375 0.078125
0 0.60546875 0.06484375 0.0734375 0.075
0 0.8875 0.5453125 0.084375 0.078125
0 0.98046875 0.75546875 0.0390625 0.0796875
0 0.571875 0.0140625 0.06875 0.028125
0 0.940625 0.6546875 0.090625 0.0875
0 0.9125 0.59296875 0.0859375 0.0796875