0 0.6203125 0.909375 0.07578125 0.0765625
0 0.69765625 0.91015625 0.0796875 0.07890625
0 0.98359375 0.8765625 0.0328125 0.0765625
0 0.53671875 0.909375 0.078125 0.078125
0 0.45859375 0.9078125 0.07578125 0.0765625
0 0.7359375 0.9703125 0.078125 0.059375
0 0.37890625 0.90625 0.078125 0.07890625
0 0.2609375 0.8359375 0.07734375 0.078125
0 0.8875 0.80390625 0.07734375 0.07734375
0 0.92890625 0.8765625 0.075 0.07421875
0 0.58046875 0.96875 0.0765625 0.0625
0 0.9640625 0.8046875 0.071875 0.0765625
0 0.65625 0.9703125 0.0765625 0.059375
0 0.05859375 0.90078125 0.07734375 0.078125
0 0.26484375 0.7015625 0.07734375 0.078125
0 0.03125 0.83125 0.0625 0.0765625
0 0.6203125 0.77578125 0.07734375 0.07734375
0 0.0171875 0.62734375 0.034375 0.0796875
0 0.1375 0.90390625 0.075 0.07578125
0 0.9671875 0.66953125 0.065625 0.0796875
0 0.85 0.73359375 0.078125 0.0796875
0 0.0265625 0.96640625 0.053125 0.0671875
0 0.22109375 0.7671875 0.07734375 0.0765625
0 0.17890625 0.8375 0.07734375 0.07734375
0 0.846875 0.87890625 0.07578125 0.075
0 0.81875 0.96953125 0.0796875 0.0609375
0 0.38046875 0.77265625 0.0765625 0.0765625
0 0.41875 0.96953125 0.078125 0.0609375
0 0.09921875 0.965625 0.078125 0.06875
0 0.49921875 0.8390625 0.07578125 0.07734375
0 0.29921875 0.9046875 0.07578125 0.078125
0 0.21796875 0.903125 0.07734375 0.07734375
0 0.34453125 0.7 0.0765625 0.07734375
0 0.58125 0.70390625 0.07734375 0.08046875
0 0.459375 0.76875 0.07890625 0.0765625
0 0.3 0.7703125 0.07890625 0.07734375
0 0.8140625 0.6609375 0.078125 0.0796875
0 0.42265625 0.70546875 0.07734375 0.07734375
0 0.10390625 0.69921875 0.0765625 0.078125
0 0.89375 0.66796875 0.07578125 0.0796875
0 0.03203125 0.69765625 0.0640625 0.078125
0 0.3375 0.96875 0.0796875 0.0625
0 0.659375 0.84140625 0.07734375 0.07890625
0 0.2375 0.628125 0.075 0.07578125
0 0.5015625 0.70234375 0.07734375 0.078125
0 0.06171875 0.76875 0.07734375 0.0765625
0 0.8078125 0.80703125 0.0765625 0.07734375
0 0.7796875 0.91015625 0.0765625 0.0765625
0 0.1625 0.62421875 0.07421875 0.07578125
0 0.57890625 0.83984375 0.078125 0.0796875
0 0.96484375 0.94140625 0.0703125 0.0765625
0 0.3390625 0.83984375 0.0796875 0.08125
0 0.10234375 0.83515625 0.0765625 0.0796875
0 0.14296875 0.76484375 0.0765625 0.078125
0 0.2578125 0.96875 0.0765625 0.0625
0 0.18203125 0.69140625 0.078125 0.07734375
0 0.92890625 0.73671875 0.0765625 0.07734375
0 0.1765625 0.965625 0.078125 0.06875
0 0.6625 0.703125 0.08046875 0.08203125
0 0.540625 0.775 0.07734375 0.07734375
0 0.76953125 0.734375 0.08046875 0.0796875
0 0.41953125 0.840625 0.078125 0.0796875
0 0.07734375 0.62109375 0.08203125 0.08046875
0 0.49609375 0.96953125 0.078125 0.0609375
0 0.740625 0.83828125 0.075 0.078125
0 0.7015625 0.77734375 0.07734375 0.0765625
0 0.734375 0.66640625 0.08046875 0.0828125
0 0.8890625 0.93984375 0.0796875 0.0828125
0 0.3171875 0.63125 0.0796875 0.0765625
0 0.20625 0.55625 0.07734375 0.07890625
0 0.11796875 0.5546875 0.0796875 0.07890625