0 0.2359375 0.021875 0.08125 0.04375
0 0.4 0.021875 0.078125 0.04375
0 0.36015625 0.07734375 0.0828125 0.08203125
0 0.06953125 0.14765625 0.08125 0.08125
0 0.03359375 0.3640625 0.0671875 0.08125
0 0.0328125 0.21875 0.065625 0.08125
0 0.06875 0.0234375 0.08125 0.046875
0 0.15234375 0.02265625 0.08125 0.0453125
0 0.03359375 0.075 0.0671875 0.0796875
0 0.19296875 0.22109375 0.08203125 0.08359375
0 0.3171875 0.0234375 0.0828125 0.046875
0 0.48046875 0.02421875 0.0796875 0.0484375
0 0.0671875 0.28984375 0.08046875 0.08203125
0 0.315625 0.14921875 0.08203125 0.08203125
0 0.1109375 0.21953125 0.08125 0.08359375
0 0.109375 0.075 0.08203125 0.08046875
0 0.2328125 0.14765625 0.08359375 0.08671875
0 0.3609375 0.221875 0.08203125 0.08515625
0 0.06953125 0.43359375 0.0796875 0.0828125
0 0.1515625 0.146875 0.0828125 0.08359375
0 0.40234375 0.1421875 0.08046875 0.0796875
0 0.0328125 0.65234375 0.065625 0.08125
0 0.27578125 0.0734375 0.08125 0.08125
0 0.15078125 0.2921875 0.08125 0.08203125
0 0.275 0.2203125 0.08203125 0.08203125
0 0.1953125 0.07578125 0.084375 0.084375
0 0.23671875 0.28828125 0.084375 0.084375
0 0.065625 0.5796875 0.08046875 0.08125
0 0.10625 0.65546875 0.08046875 0.0796875
0 0.315625 0.29140625 0.08125 0.08203125
0 0.14921875 0.58203125 0.08359375 0.0828125
0 0.4046875 0.296875 0.0875 0.08515625
0 0.109375 0.36328125 0.084375 0.084375
0 0.15234375 0.434375 0.08515625 0.08515625
0 0.15078125 0.725 0.08046875 0.084375
0 0.11484375 0.50625 0.08359375 0.08203125
0 0.23671875 0.4359375 0.08125 0.08203125
0 0.034375 0.503125 0.06875 0.0796875
0 0.03046875 0.79609375 0.0609375 0.0859375
0 0.11015625 0.79453125 0.0828125 0.08046875
0 0.44140625 0.07734375 0.07890625 0.0796875
0 0.565625 0.02265625 0.08125 0.0453125
0 0.3203125 0.43671875 0.08828125 0.0875
0 0.36015625 0.36796875 0.084375 0.08515625
0 0.19453125 0.5078125 0.084375 0.0859375
0 0.19375 0.653125 0.0828125 0.08671875
0 0.4453125 0.2171875 0.08359375 0.0859375
0 0.065625 0.71953125 0.08125 0.08203125
0 0.0671875 0.87109375 0.08828125 0.0875
0 0.4859375 0.15078125 0.07890625 0.078125
0 0.19609375 0.36484375 0.08828125 0.0859375
0 0.23828125 0.58125 0.08046875 0.08515625
0 0.27734375 0.50859375 0.0796875 0.08359375
0 0.52578125 0.078125 0.08671875 0.08359375
0 0.03203125 0.9421875 0.0640625 0.078125
0 0.27734375 0.36640625 0.08125 0.0875