0 0.83125 0.2625 0.0828125 0.0828125
0 0.8046875 0.18984375 0.084375 0.084375
0 0.675 0.2375 0.084375 0.08125
0 0.72421875 0.17578125 0.084375 0.084375
0 0.95859375 0.21015625 0.0828125 0.0859375
0 0.78046875 0.11484375 0.0890625 0.0890625
0 0.92109375 0.478125 0.084375 0.0859375
0 0.88203125 0.19921875 0.0859375 0.0859375
0 0.371875 0.06171875 0.084375 0.0859375
0 0.75546875 0.25078125 0.0828125 0.0828125
0 0.98984375 0.3484375 0.0203125 0.08125
0 0.546875 0.85078125 0.084375 0.084375
0 0.73828125 0.9484375 0.084375 0.0859375
0 0.97890625 0.48671875 0.0421875 0.0859375
0 0.9046875 0.615625 0.084375 0.084375
0 0.3359375 0.334375 0.0828125 0.0859375
0 0.40390625 0.13671875 0.084375 0.0828125
0 0.7828125 0.32265625 0.0859375 0.0859375
0 0.45390625 0.0734375 0.084375 0.0859375
0 0.415625 0.340625 0.084375 0.084375
0 0.675 0.79453125 0.084375 0.0859375
0 0.9640625 0.415625 0.071875 0.084375
0 0.49453125 0.35234375 0.084375 0.084375
0 0.7046875 0.3109375 0.084375 0.084375
0 0.940625 0.3421875 0.0859375 0.0828125
0 0.64375 0.72265625 0.0859375 0.0875
0 0.55625 0.5015625 0.084375 0.0859375
0 0.69609375 0.65859375 0.090625 0.0890625
0 0.93984375 0.68828125 0.084375 0.084375
0 0.51875 0.77578125 0.0890625 0.0859375
0 0.653125 0.375 0.084375 0.0859375
0 0.30390625 0.26015625 0.0859375 0.0859375
0 0.57578125 0.36484375 0.084375 0.0859375
0 0.8140625 0.396875 0.084375 0.084375
0 0.39765625 0.478125 0.084375 0.0859375
0 0.20859375 0.04140625 0.0859375 0.0828125
0 0.86796875 0.8875 0.0890625 0.0875
0 0.6265625 0.85859375 0.0859375 0.0875
0 0.89921875 0.96171875 0.0859375 0.0765625
0 0.91015625 0.27421875 0.0828125 0.0859375
0 0.64453125 0.165625 0.084375 0.084375
0 0.934375 0.8953125 0.0609375 0.0859375
0 0.95234375 0.76171875 0.053125 0.0828125
0 0.96796875 0.6234375 0.0515625 0.0828125
0 0.56484375 0.1578125 0.0859375 0.0859375
0 0.84296875 0.46953125 0.084375 0.0859375
0 0.35234375 0.19609375 0.0859375 0.0859375
0 0.290625 0.05 0.084375 0.0859375
0 0.44765625 0.41640625 0.0828125 0.084375
0 0.98828125 0.14609375 0.0234375 0.0859375
0 0.66015625 0.93203125 0.0859375 0.0859375
0 0.86328125 0.33125 0.0828125 0.0828125
0 0.62421875 0.3015625 0.0859375 0.084375
0 0.32421875 0.1265625 0.084375 0.0828125
0 0.59609375 0.22890625 0.0828125 0.08125
0 0.5453125 0.2875 0.0859375 0.084375
0 0.8921875 0.40625 0.084375 0.084375
0 0.8265625 0.6015625 0.084375 0.0859375
0 0.76875 0.98828125 0.084375 0.0234375
0 0.73359375 0.38671875 0.0859375 0.0875
0 0.53671875 0.078125 0.0890625 0.090625
0 0.76328125 0.459375 0.0828125 0.0859375
0 0.7890625 0.87734375 0.084375 0.0859375
0 0.95234375 0.55078125 0.0859375 0.084375
0 0.94296875 0.1296875 0.0890625 0.090625
0 0.578125 0.9203125 0.0859375 0.0875
0 0.51328125 0.21484375 0.084375 0.0859375
0 0.8859375 0.746875 0.0890625 0.0890625
0 0.77890625 0.66953125 0.0859375 0.0859375
0 0.74609375 0.59375 0.0875 0.0875
0 0.415625 0.02109375 0.08125 0.0421875
0 0.71484375 0.5203125 0.084375 0.0828125
0 0.43359375 0.2078125 0.084375 0.084375
0 0.4765625 0.4890625 0.084375 0.0859375
0 0.6359375 0.50859375 0.084375 0.0859375
0 0.3828125 0.27421875 0.084375 0.084375
0 0.97265625 0.28515625 0.0546875 0.0859375
0 0.85859375 0.67890625 0.0859375 0.084375
0 0.6171875 0.09375 0.0859375 0.0890625
0 0.2546875 0.3265625 0.0875 0.0859375
0 0.79453125 0.53125 0.084375 0.084375
0 0.284375 0.39765625 0.0875 0.0859375
0 0.690625 0.98125 0.084375 0.0375
0 0.5265625 0.4265625 0.0828125 0.084375
0 0.465625 0.28046875 0.0828125 0.0828125
0 0.48203125 0.14453125 0.0875 0.0859375
0 0.6671875 0.58515625 0.084375 0.084375
0 0.42734375 0.55390625 0.0859375 0.0859375
0 0.7234375 0.728125 0.0890625 0.0875
0 0.80546875 0.7390625 0.0875 0.0890625
0 0.8171875 0.95625 0.090625 0.0875
0 0.7546875 0.79921875 0.0890625 0.0890625
0 0.36796875 0.40703125 0.0859375 0.084375
0 0.85078125 0.99140625 0.0859375 0.0171875
0 0.5984375 0.7859375 0.0828125 0.084375
0 0.2734375 0.18359375 0.0859375 0.0875
0 0.70859375 0.86953125 0.0890625 0.0875
0 0.24296875 0.11796875 0.0859375 0.08125
0 0.5640625 0.70546875 0.0890625 0.0890625
0 0.875 0.54453125 0.084375 0.0828125
0 0.3375 0.01484375 0.08125 0.0296875
0 0.684375 0.4484375 0.084375 0.084375
0 0.31484375 0.46796875 0.090625 0.090625
0 0.1609375 0.10859375 0.0859375 0.0859375
0 0.25859375 0.00859375 0.0796875 0.0171875
0 0.19140625 0.1796875 0.0859375 0.0859375
0 0.60546875 0.4390625 0.084375 0.0828125
0 0.6984375 0.09765625 0.0859375 0.0875
0 0.17890625 0.0078125 0.0796875 0.015625
0 0.46875 0.83515625 0.0875 0.0875
0 0.50234375 0.021875 0.0859375 0.04375
0 0.61328125 0.6421875 0.0875 0.0875
0 0.22265625 0.25546875 0.084375 0.0859375
0 0.83828125 0.81953125 0.0875 0.0828125
0 0.4953125 0.90703125 0.084375 0.0875
0 0.5234375 0.965625 0.0875 0.06875
0 0.609375 0.9734375 0.090625 0.053125
0 0.53359375 0.63359375 0.084375 0.084375
0 0.86328125 0.0984375 0.090625 0.0953125
0 0.5890625 0.57578125 0.084375 0.084375
0 0.48203125 0.6921875 0.090625 0.0921875
0 0.515625 0.56484375 0.0859375 0.0828125
0 0.45859375 0.62265625 0.084375 0.084375
0 0.91796875 0.82421875 0.0875 0.0859375
0 0.1359375 0.03359375 0.078125 0.0671875
0 0.34921875 0.54296875 0.0890625 0.084375
0 0.434375 0.76796875 0.090625 0.0859375
0 0.38671875 0.659375 0.0953125 0.09375
0 0.36796875 0.59375 0.090625 0.084375