0 0.88984375 0.415625 0.0921875 0.09375
0 0.90234375 0.1328125 0.0734375 0.0875
0 0.73671875 0.44765625 0.0921875 0.0921875
0 0.2921875 0.459375 0.0921875 0.090625
0 0.8328125 0.146875 0.090625 0.090625
0 0.96171875 0.39765625 0.0703125 0.0875
0 0.5578125 0.56484375 0.090625 0.090625
0 0.27109375 0.7453125 0.090625 0.090625
0 0.72890625 0.24375 0.0890625 0.0890625
0 0.61640625 0.83828125 0.0921875 0.09375
0 0.37109375 0.43984375 0.0921875 0.0921875
0 0.659375 0.47109375 0.0890625 0.0890625
0 0.8140625 0.434375 0.0890625 0.090625
0 0.53828125 0.85234375 0.09375 0.0921875
0 0.6953125 0.81796875 0.09375 0.09375
0 0.49375 0.275 0.0921875 0.0921875
0 0.9546875 0.6875 0.090625 0.090625
0 0.7984375 0.72109375 0.0890625 0.0875
0 0.4734375 0.35078125 0.0890625 0.0890625
0 0.66484375 0.68203125 0.090625 0.090625
0 0.7203125 0.740625 0.0890625 0.0890625
0 0.80625 0.2265625 0.0890625 0.0890625
0 0.5875 0.7015625 0.0921875 0.090625
0 0.75390625 0.1671875 0.090625 0.090625
0 0.35 0.73046875 0.0921875 0.0921875
0 0.67578125 0.18828125 0.090625 0.0921875
0 0.2078125 0.26640625 0.09375 0.09375
0 0.22578125 0.89921875 0.09375 0.0921875
0 0.5078125 0.71875 0.09375 0.0921875
0 0.87578125 0.70390625 0.0921875 0.090625
0 0.51796875 0.2078125 0.0921875 0.0921875
0 0.634375 0.54140625 0.0921875 0.0921875
0 0.60390625 0.41171875 0.090625 0.090625
0 0.76171875 0.3765625 0.0875 0.0875
0 0.21484375 0.47265625 0.0921875 0.0921875
0 0.65234375 0.259375 0.090625 0.0921875
0 0.9046875 0.62578125 0.0921875 0.090625
0 0.984375 0.74609375 0.03125 0.0859375
0 0.91328125 0.34140625 0.090625 0.090625
0 0.68203125 0.39375 0.0921875 0.0921875
0 0.378125 0.6484375 0.0921875 0.09375
0 0.8375 0.35859375 0.0890625 0.0890625
0 0.5265625 0.428125 0.090625 0.090625
0 0.39140625 0.371875 0.0875 0.0890625
0 0.24296875 0.6125 0.090625 0.090625
0 0.4796875 0.578125 0.090625 0.090625
0 0.9671875 0.6078125 0.065625 0.090625
0 0.87109375 0.49453125 0.0890625 0.090625
0 0.58125 0.4875 0.0921875 0.0921875
0 0.74375 0.66796875 0.09375 0.0921875
0 0.68984375 0.60546875 0.090625 0.0921875
0 0.28671875 0.25703125 0.0890625 0.0890625
0 0.23671875 0.40234375 0.090625 0.0921875
0 0.86328125 0.27890625 0.0890625 0.0875
0 0.93359375 0.7640625 0.0921875 0.0921875
0 0.97890625 0.534375 0.0421875 0.084375
0 0.84921875 0.56875 0.090625 0.0921875
0 0.28046875 0.95078125 0.0953125 0.0984375
0 0.02421875 0.4453125 0.0484375 0.0875
0 0.553125 0.35390625 0.0921875 0.0921875
0 0.82421875 0.6453125 0.0921875 0.090625
0 0.315625 0.38359375 0.090625 0.090625
0 0.2625 0.32578125 0.0921875 0.0921875
0 0.9265625 0.55234375 0.0890625 0.0890625
0 0.41796875 0.29375 0.090625 0.0921875
0 0.59453125 0.915625 0.0921875 0.09375
0 0.64375 0.75859375 0.09375 0.0953125
0 0.696875 0.10703125 0.0921875 0.0921875
0 0.10859375 0.3609375 0.0921875 0.0921875
0 0.7921875 0.51328125 0.09375 0.0921875
0 0.4 0.575 0.09375 0.0921875
0 0.24921875 0.81953125 0.0921875 0.0921875
0 0.196875 0.7625 0.0921875 0.090625
0 0.34609375 0.51953125 0.090625 0.0921875
0 0.8546875 0.77734375 0.090625 0.0921875
0 0.88515625 0.90234375 0.0859375 0.0671875
0 0.8859375 0.2046875 0.0921875 0.0921875
0 0.303125 0.88203125 0.0921875 0.090625
0 0.1328125 0.98515625 0.084375 0.0296875
0 0.08046875 0.43203125 0.090625 0.090625
0 0.77109375 0.58359375 0.090625 0.0921875
0 0.49296875 0.98125 0.0828125 0.0375
0 0.53515625 0.640625 0.0875 0.090625
0 0.0578125 0.30078125 0.0953125 0.0953125
0 0.575 0.2765625 0.0921875 0.0921875
0 0.7078125 0.31796875 0.090625 0.090625
0 0.365625 0.240625 0.090625 0.090625
0 0.38359375 0.890625 0.096875 0.09375
0 0.26875 0.534375 0.09375 0.09375
0 0.45859375 0.653125 0.09375 0.09375
0 0.31953125 0.5921875 0.09375 0.0921875
0 0.51875 0.92890625 0.09375 0.09375
0 0.63125 0.3359375 0.0890625 0.0890625
0 0.7140625 0.5234375 0.09375 0.09375
0 0.17109375 0.8359375 0.09375 0.09375
0 0.296875 0.67109375 0.0921875 0.0921875
0 0.7765625 0.08984375 0.090625 0.090625
0 0.78828125 0.3 0.090625 0.090625
0 0.64609375 0.9578125 0.084375 0.059375
0 0.9453125 0.47890625 0.0921875 0.0921875
0 0.41484375 0.9859375 0.0859375 0.028125
0 0.13671875 0.4890625 0.0921875 0.0921875
0 0.43984375 0.9453125 0.09375 0.09375
0 0.4484375 0.42265625 0.0921875 0.0953125
0 0.93203125 0.2703125 0.0734375 0.0859375
0 0.803125 0.9234375 0.0828125 0.059375
0 0.77734375 0.790625 0.0953125 0.096875
0 0.46015625 0.87265625 0.0921875 0.0921875
0 0.61328125 0.621875 0.0921875 0.0921875
0 0.0359375 0.3703125 0.071875 0.09375
0 0.18515625 0.34375 0.0875 0.0890625
0 0.19140625 0.55078125 0.090625 0.0921875
0 0.5703125 0.97109375 0.084375 0.0578125
0 0.56484375 0.775 0.09375 0.0953125
0 0.14375 0.91328125 0.090625 0.0921875
0 0.75390625 0.8703125 0.1 0.0984375
0 0.11875 0.7765625 0.0953125 0.09375
0 0.9703125 0.81953125 0.059375 0.0953125
0 0.8546875 0.07421875 0.0890625 0.0890625
0 0.05859375 0.50234375 0.090625 0.090625
0 0.721875 0.03984375 0.09375 0.0796875
0 0.36015625 0.95859375 0.0921875 0.0828125
0 0.909375 0.8421875 0.0875 0.0875
0 0.6203125 0.1265625 0.0890625 0.0890625
0 0.8703125 0.0234375 0.08125 0.046875
0 0.484375 0.79375 0.0921875 0.09375
0 0.67109375 0.89765625 0.0921875 0.09375
0 0.425 0.5046875 0.09375 0.09375
0 0.4296875 0.7390625 0.090625 0.0921875
0 0.83359375 0.859375 0.090625 0.090625
0 0.4375 0.203125 0.0921875 0.0921875
0 0.0109375 0.31171875 0.021875 0.0921875
0 0.15625 0.4171875 0.090625 0.09375
0 0.95859375 0.890625 0.0828125 0.059375
0 0.6 0.20390625 0.090625 0.090625
0 0.19921875 0.965625 0.0921875 0.06875
0 0.29453125 0.178125 0.090625 0.0921875
0 0.371875 0.15703125 0.0921875 0.0921875
0 0.72734375 0.93984375 0.0859375 0.0609375
0 0.40625 0.81328125 0.090625 0.0921875
0 0.459375 0.12421875 0.0953125 0.096875
0 0.32734375 0.81015625 0.090625 0.09375
0 0.50234375 0.5046875 0.0921875 0.0921875
0 0.6390625 0.053125 0.0921875 0.0953125
0 0.54296875 0.12578125 0.090625 0.0921875
0 0.11328125 0.56484375 0.0921875 0.0921875
0 0.21875 0.684375 0.0921875 0.0953125
0 0.09921875 0.85703125 0.0828125 0.0921875
0 0.1515625 0.20703125 0.096875 0.096875
0 0.16640625 0.6296875 0.0921875 0.090625
0 0.340625 0.3125 0.090625 0.0890625
0 0.0265625 0.2390625 0.053125 0.096875
0 0.14140625 0.6875 0.103125 0.1046875
0 0.06875 0.71953125 0.08125 0.0953125
0 0.03828125 0.56484375 0.0765625 0.0890625
0 0.08515625 0.60625 0.103125 0.103125
0 0.8 0.03515625 0.090625 0.0703125
0 0.2265625 0.1984375 0.09375 0.1