0 0.89921875 0.4984375 0.078125 0.07890625
0 0.9703125 0.22421875 0.059375 0.0765625
0 0.7421875 0.49765625 0.078125 0.07734375
0 0.30546875 0.4171875 0.07734375 0.0765625
0 0.89921875 0.22421875 0.07578125 0.0765625
0 0.97265625 0.49609375 0.0546875 0.078125
0 0.54296875 0.57578125 0.07578125 0.0765625
0 0.225 0.6921875 0.07578125 0.0765625
0 0.77734375 0.296875 0.075 0.07578125
0 0.54375 0.85546875 0.078125 0.07890625
0 0.38671875 0.4140625 0.078125 0.078125
0 0.66171875 0.5046875 0.07578125 0.075
0 0.82109375 0.50078125 0.075 0.07734375
0 0.4640625 0.85234375 0.07890625 0.078125
0 0.625 0.8515625 0.07890625 0.07890625
0 0.540625 0.27890625 0.07734375 0.078125
0 0.97421875 0.775 0.0515625 0.078125
0 0.90703125 0.778125 0.078125 0.07578125
0 0.74609375 0.778125 0.075 0.0734375
0 0.5046875 0.3484375 0.07578125 0.07421875
0 0.6234375 0.7125 0.07578125 0.0765625
0 0.665625 0.78125 0.075 0.075
0 0.85625 0.29609375 0.075 0.07578125
0 0.54375 0.715625 0.07734375 0.0765625
0 0.8171875 0.22734375 0.0765625 0.0765625
0 0.30546875 0.69453125 0.078125 0.078125
0 0.73671875 0.23125 0.07578125 0.07734375
0 0.2625 0.2109375 0.07890625 0.07890625
0 0.1484375 0.83359375 0.07890625 0.078125
0 0.4625 0.715625 0.07890625 0.07734375
0 0.825 0.77734375 0.07734375 0.0765625
0 0.578125 0.21796875 0.07734375 0.07734375
0 0.62265625 0.56875 0.07734375 0.07734375
0 0.6203125 0.43515625 0.07578125 0.07578125
0 0.78203125 0.43359375 0.07421875 0.07421875
0 0.2265625 0.4140625 0.078125 0.078125
0 0.69921875 0.29609375 0.07578125 0.07734375
0 0.86953125 0.70703125 0.07734375 0.07578125
0 0.95 0.84765625 0.0734375 0.07265625
0 0.97578125 0.91640625 0.0484375 0.078125
0 0.9375 0.43125 0.07578125 0.0765625
0 0.7 0.43359375 0.07734375 0.07734375
0 0.35 0.61953125 0.078125 0.07890625
0 0.859375 0.43203125 0.075 0.075
0 0.540625 0.43515625 0.0765625 0.0765625
0 0.4203125 0.35234375 0.0734375 0.075
0 0.225 0.55625 0.0765625 0.0765625
0 0.4640625 0.571875 0.07578125 0.07578125
0 0.94765625 0.70625 0.0765625 0.0765625
0 0.8640625 0.571875 0.075 0.0765625
0 0.58203125 0.5046875 0.07734375 0.078125
0 0.70390625 0.71484375 0.07890625 0.07734375
0 0.6640625 0.64296875 0.0765625 0.078125
0 0.3421875 0.21796875 0.075 0.07578125
0 0.2625 0.35 0.07578125 0.078125
0 0.9015625 0.359375 0.075 0.07421875
0 0.86953125 0.8484375 0.07734375 0.07734375
0 0.95 0.975 0.0796875 0.05
0 0.9734375 0.6359375 0.053125 0.075
0 0.82734375 0.63984375 0.07578125 0.07734375
0 0.19140625 0.89609375 0.08046875 0.08359375
0 0.03203125 0.3453125 0.0640625 0.0765625
0 0.58203125 0.36796875 0.07734375 0.07734375
0 0.22734375 0.97734375 0.0796875 0.0453125
0 0.78671875 0.709375 0.07734375 0.07578125
0 0.34375 0.34765625 0.07578125 0.07578125
0 0.30390625 0.28046875 0.07734375 0.078125
0 0.90625 0.63984375 0.075 0.07578125
0 0.4625 0.28125 0.0765625 0.07734375
0 0.50625 0.9265625 0.07734375 0.0796875
0 0.58671875 0.7828125 0.07890625 0.08125
0 0.77421875 0.15625 0.078125 0.07734375
0 0.14609375 0.2828125 0.078125 0.078125
0 0.7828125 0.5734375 0.07890625 0.078125
0 0.38671875 0.55234375 0.0796875 0.07734375
0 0.18828125 0.76015625 0.07734375 0.07734375
0 0.14921875 0.69375 0.07734375 0.0765625
0 0.3453125 0.48671875 0.0765625 0.07734375
0 0.7890625 0.8453125 0.07578125 0.07734375
0 0.79296875 0.9734375 0.0765625 0.053125
0 0.9390625 0.29140625 0.07734375 0.07734375
0 0.228125 0.8328125 0.078125 0.0765625
0 0.034375 0.9296875 0.06875 0.0796875
0 0.10390625 0.34609375 0.0765625 0.0765625
0 0.74765625 0.63828125 0.0765625 0.07734375
0 0.390625 0.97890625 0.075 0.0421875
0 0.50546875 0.64453125 0.0734375 0.07734375
0 0.10859375 0.21328125 0.08125 0.0796875
0 0.61953125 0.296875 0.078125 0.078125
0 0.74140625 0.36484375 0.0765625 0.07578125
0 0.42265625 0.21875 0.07578125 0.0765625
0 0.3046875 0.8578125 0.0828125 0.078125
0 0.26640625 0.48515625 0.0796875 0.07890625
0 0.42734375 0.64140625 0.07890625 0.07890625
0 0.3046875 0.55234375 0.07890625 0.078125
0 0.42890625 0.9234375 0.078125 0.0796875
0 0.6625 0.3671875 0.07421875 0.07578125
0 0.7046875 0.5671875 0.0796875 0.0796875
0 0.10859375 0.76015625 0.07890625 0.0796875
0 0.265625 0.625 0.07734375 0.078125
0 0.85546875 0.15625 0.0765625 0.0765625
0 0.8234375 0.3640625 0.0765625 0.0765625
0 0.54765625 0.978125 0.0765625 0.04375
0 0.93984375 0.571875 0.078125 0.07734375
0 0.3125 0.97578125 0.078125 0.0484375
0 0.146875 0.4140625 0.078125 0.078125
0 0.3484375 0.92265625 0.07890625 0.07890625
0 0.465625 0.41328125 0.07734375 0.08125
0 0.9703125 0.36484375 0.059375 0.075
0 0.14609375 0.96953125 0.078125 0.0609375
0 0.70859375 0.97734375 0.075 0.0453125
0 0.01484375 0.13984375 0.0296875 0.0796875
0 0.7109375 0.8421875 0.08046875 0.08125
0 0.38359375 0.85625 0.07734375 0.07734375
0 0.58515625 0.64296875 0.07734375 0.07734375
0 0.06328125 0.27421875 0.07890625 0.07890625
0 0.22421875 0.28203125 0.07421875 0.075
0 0.1875 0.48515625 0.0765625 0.078125
0 0.47109375 0.97734375 0.0765625 0.0453125
0 0.50625 0.7828125 0.078125 0.08046875
0 0.065625 0.83046875 0.0765625 0.07734375
0 0.67109375 0.91484375 0.084375 0.0828125
0 0.06953125 0.69140625 0.08125 0.07890625
0 0.9109375 0.9140625 0.08125 0.0796875
0 0.93515625 0.15703125 0.075 0.07578125
0 0.06796875 0.4109375 0.07578125 0.07578125
0 0.8140625 0.0890625 0.078125 0.0796875
0 0.26640625 0.92578125 0.07734375 0.07890625
0 0.8296875 0.91953125 0.07421875 0.07421875
0 0.6953125 0.159375 0.075 0.07578125
0 0.96640625 0.08984375 0.0671875 0.078125
0 0.4234375 0.784375 0.078125 0.07890625
0 0.584375 0.92421875 0.07734375 0.07890625
0 0.42578125 0.4890625 0.07890625 0.07890625
0 0.0671875 0.98125 0.078125 0.0375
0 0.38125 0.71953125 0.0765625 0.07734375
0 0.7515625 0.92109375 0.0765625 0.0765625
0 0.50078125 0.196875 0.078125 0.078125
0 0.0328125 0.2078125 0.065625 0.0796875
0 0.18125 0.34765625 0.0765625 0.07890625
0 0.86875 0.978125 0.0765625 0.04375
0 0.659375 0.23125 0.07578125 0.0765625
0 0.10703125 0.90546875 0.07734375 0.07734375
0 0.365625 0.1421875 0.07578125 0.07734375
0 0.44609375 0.13828125 0.07734375 0.07734375
0 0.63125 0.97734375 0.078125 0.0453125
0 0.34296875 0.78671875 0.0765625 0.078125
0 0.53828125 0.12421875 0.08046875 0.08125
0 0.26640625 0.7671875 0.0765625 0.07890625
0 0.5015625 0.50546875 0.07734375 0.07734375
0 0.72890625 0.09140625 0.0765625 0.08046875
0 0.61953125 0.14296875 0.07578125 0.078125
0 0.10859375 0.4828125 0.078125 0.078125
0 0.18671875 0.621875 0.07734375 0.08046875
0 0.03359375 0.765625 0.0671875 0.0796875
0 0.2203125 0.14140625 0.08125 0.08125
0 0.146875 0.5578125 0.07734375 0.07578125
0 0.3828125 0.28359375 0.0765625 0.075
0 0.06953125 0.1421875 0.0828125 0.08203125
0 0.11015625 0.60859375 0.08671875 0.08828125
0 0.0328125 0.625 0.065625 0.0828125
0 0.03359375 0.4671875 0.0671875 0.0765625
0 0.071875 0.51796875 0.0875 0.0875
0 0.8921875 0.09609375 0.07578125 0.0796875
0 0.2953125 0.1484375 0.07734375 0.08515625