0 0.209375 0.30234375 0.0875 0.090625
0 0.5734375 0.25625 0.0828125 0.0828125
0 0.234375 0.515625 0.0859375 0.0859375
0 0.30703125 0.03359375 0.0828125 0.0671875
0 0.39765625 0.52734375 0.084375 0.0859375
0 0.353125 0.5984375 0.0890625 0.0875
0 0.24140625 0.3765625 0.0859375 0.0875
0 0.07734375 0.3640625 0.084375 0.0859375
0 0.29765625 0.16640625 0.0859375 0.0859375
0 0.61328125 0.3296875 0.0828125 0.0828125
0 0.34453125 0.09296875 0.0859375 0.0828125
0 0.1578125 0.37265625 0.0859375 0.0859375
0 0.36015625 0.45390625 0.0875 0.0859375
0 0.0578125 0.6484375 0.0875 0.0875
0 0.52421875 0.4625 0.0828125 0.084375
0 0.0375 0.428125 0.0734375 0.0875
0 0.225 0.028125 0.084375 0.05625
0 0.41328125 0.24296875 0.084375 0.08125
0 0.49453125 0.2484375 0.084375 0.08125
0 0.6671875 0.115625 0.084375 0.084375
0 0.259375 0.09375 0.084375 0.0859375
0 0.62109375 0.18671875 0.0828125 0.084375
0 0.021875 0.86171875 0.04375 0.0859375
0 0.7046875 0.18984375 0.0859375 0.0859375
0 0.125 0.2953125 0.0859375 0.0859375
0 0.02578125 0.71640625 0.0515625 0.0859375
0 0.0984375 0.0828125 0.084375 0.0859375
0 0.0671875 0.5046875 0.0875 0.0890625
0 0.15078125 0.5109375 0.0875 0.0875
0 0.03125 0.5734375 0.0625 0.084375
0 0.17890625 0.09140625 0.0875 0.0875
0 0.17578125 0.73046875 0.0875 0.0890625
0 0.31484375 0.5234375 0.0890625 0.0890625
0 0.37734375 0.17109375 0.0859375 0.0890625
0 0.325 0.38046875 0.0875 0.0875
0 0.278125 0.45078125 0.0875 0.0859375
0 0.16875 0.228125 0.0859375 0.0859375
0 0.5828125 0.11796875 0.0828125 0.084375
0 0.371875 0.309375 0.084375 0.084375
0 0.478125 0.53828125 0.0859375 0.0859375
0 0.0875 0.225 0.0859375 0.084375
0 0.04609375 0.78984375 0.0859375 0.0875
0 0.1140625 0.4328125 0.0859375 0.0859375
0 0.303125 0.6671875 0.0875 0.0875
0 0.40625 0.38671875 0.084375 0.0828125
0 0.09453125 0.72265625 0.0875 0.0890625
0 0.14609375 0.02578125 0.0859375 0.0515625
0 0.42109375 0.10390625 0.0875 0.0875
0 0.4609375 0.1765625 0.0875 0.090625
0 0.046875 0.28984375 0.0734375 0.0875
0 0.503125 0.11328125 0.0859375 0.0828125
0 0.065625 0.02578125 0.071875 0.0515625
0 0.103125 0.57890625 0.0875 0.0859375
0 0.54296875 0.1796875 0.08125 0.0828125
0 0.22109375 0.66015625 0.0890625 0.0921875
0 0.3828125 0.03828125 0.084375 0.0765625
0 0.45234375 0.315625 0.0859375 0.0875
0 0.34375 0.74296875 0.0875 0.090625
0 0.19609375 0.44296875 0.084375 0.084375
0 0.44375 0.45859375 0.0859375 0.0875
0 0.63203125 0.0453125 0.084375 0.0796875
0 0.46484375 0.040625 0.0859375 0.08125
0 0.25234375 0.23046875 0.0875 0.0890625
0 0.75078125 0.121875 0.0859375 0.0859375
0 0.5484375 0.04296875 0.0875 0.0859375
0 0.2875 0.3046875 0.0828125 0.084375
0 0.03984375 0.9296875 0.0796875 0.08125
0 0.13984375 0.653125 0.0890625 0.0890625
0 0.134375 0.153125 0.084375 0.0890625
0 0.390625 0.66640625 0.0859375 0.084375
0 0.21484375 0.1609375 0.0890625 0.0875
0 0.26875 0.5890625 0.0875 0.0875
0 0.12890625 0.7984375 0.0875 0.0875
0 0.2578125 0.73515625 0.0875 0.0875
0 0.18828125 0.58515625 0.090625 0.090625
0 0.05703125 0.1484375 0.0734375 0.0875
0 0.33203125 0.240625 0.084375 0.084375
0 0.21484375 0.8 0.090625 0.090625
0 0.29375 0.809375 0.0875 0.0875
0 0.5703125 0.39453125 0.0828125 0.0859375
0 0.65546875 0.259375 0.084375 0.084375
0 0.38203125 0.8203125 0.09375 0.090625
0 0.7921875 0.05703125 0.0859375 0.08125
0 0.0828125 0.86640625 0.090625 0.090625
0 0.12109375 0.93671875 0.0890625 0.0828125
0 0.2046875 0.94375 0.0859375 0.0796875
0 0.43359375 0.60390625 0.084375 0.084375
0 0.56328125 0.540625 0.0875 0.0875
0 0.83125 0.12265625 0.0828125 0.0828125
0 0.7890625 0.1953125 0.084375 0.084375
0 0.53203125 0.32421875 0.084375 0.08125
0 0.28828125 0.9484375 0.0921875 0.0828125
0 0.490625 0.38984375 0.0859375 0.0859375
0 0.3328125 0.88828125 0.090625 0.090625
0 0.428125 0.74375 0.0890625 0.0921875
0 0.87265625 0.0625 0.084375 0.0796875
0 0.7015625 0.3296875 0.0953125 0.0921875
0 0.4734375 0.68046875 0.084375 0.0828125
0 0.16953125 0.87421875 0.09375 0.0921875
0 0.6078125 0.46953125 0.0875 0.0875
0 0.51796875 0.6109375 0.0921875 0.0890625
0 0.7078125 0.05234375 0.084375 0.0828125
0 0.64921875 0.40390625 0.0875 0.0875
0 0.25 0.88125 0.0875 0.0921875
0 0.7328125 0.271875 0.084375 0.0828125