0 0.41328125 0.39296875 0.084375 0.0859375
0 0.78515625 0.184375 0.0828125 0.0828125
0 0.98359375 0.3625 0.0328125 0.08125
0 0.70234375 0.6953125 0.0859375 0.0859375
0 0.1375 0.2953125 0.084375 0.084375
0 0.86484375 0.19375 0.084375 0.084375
0 0.69609375 0.31875 0.0859375 0.084375
0 0.48984375 0.396875 0.084375 0.0859375
0 0.54609375 0.68046875 0.0859375 0.0859375
0 0.9875 0.2265625 0.025 0.08125
0 0.33046875 0.384375 0.0859375 0.0859375
0 0.30390625 0.6640625 0.084375 0.0828125
0 0.58046875 0.75703125 0.0859375 0.0875
0 0.62578125 0.69375 0.08125 0.08125
0 0.459375 0.32734375 0.0828125 0.0828125
0 0.21875 0.6546875 0.0875 0.084375
0 0.44375 0.46640625 0.0859375 0.0875
0 0.915625 0.1234375 0.084375 0.0859375
0 0.4234375 0.25546875 0.084375 0.084375
0 0.79609375 0.05546875 0.08125 0.06875
0 0.0953125 0.7125 0.084375 0.0859375
0 0.38203125 0.665625 0.0859375 0.0859375
0 0.73359375 0.384375 0.0875 0.090625
0 0.7609375 0.48515625 0.0859375 0.0859375
0 0.3171875 0.521875 0.0859375 0.084375
0 0.46796875 0.67109375 0.0875 0.0875
0 0.6125 0.828125 0.0859375 0.0828125
0 0.16875 0.36875 0.0828125 0.084375
0 0.95703125 0.06796875 0.084375 0.065625
0 0.7421875 0.24921875 0.084375 0.084375
0 0.709375 0.1796875 0.084375 0.0828125
0 0.03359375 0.56015625 0.0671875 0.0859375
0 0.30859375 0.1734375 0.0828125 0.084375
0 0.215625 0.303125 0.0859375 0.0859375
0 0.17578125 0.7203125 0.084375 0.0859375
0 0.77578125 0.325 0.084375 0.0828125
0 0.5703125 0.40390625 0.084375 0.0859375
0 0.9234375 0.5015625 0.0828125 0.0828125
0 0.05625 0.28515625 0.084375 0.084375
0 0.27734375 0.94453125 0.0859375 0.08125
0 0.209375 0.79296875 0.084375 0.0875
0 0.85 0.35625 0.0890625 0.084375
0 0.9734375 0.15078125 0.053125 0.0859375
0 0.47578125 0.5375 0.0859375 0.084375
0 0.87578125 0.06171875 0.0828125 0.0671875
0 0.9625 0.43203125 0.075 0.0859375
0 0.38984375 0.18046875 0.0859375 0.0859375
0 0.95859375 0.57265625 0.0796875 0.084375
0 0.66328125 0.2421875 0.0859375 0.0859375
0 0.83125 0.12109375 0.084375 0.084375
0 0.65078125 0.9015625 0.0875 0.0890625
0 0.1171875 0.9203125 0.0875 0.0875
0 0.35390625 0.109375 0.084375 0.0859375
0 0.1984375 0.93203125 0.090625 0.0875
0 0.3609375 0.45859375 0.0828125 0.084375
0 0.26875 0.58828125 0.0859375 0.0875
0 0.07734375 0.50078125 0.08125 0.08125
0 0.02734375 0.7046875 0.0546875 0.084375
0 0.84609375 0.490625 0.084375 0.084375
0 0.37734375 0.31875 0.084375 0.0859375
0 0.13125 0.7875 0.08125 0.0828125
0 0.89375 0.91953125 0.0875 0.0859375
0 0.39453125 0.5296875 0.084375 0.0859375
0 0.8875 0.425 0.0859375 0.0859375
0 0.52265625 0.47265625 0.084375 0.0859375
0 0.08828125 0.35625 0.0875 0.0890625
0 0.971875 0.64375 0.040625 0.078125
0 0.5 0.74296875 0.090625 0.090625
0 0.65703125 0.765625 0.0828125 0.0828125
0 0.809375 0.92109375 0.0875 0.0859375
0 0.2359375 0.51640625 0.0859375 0.0859375
0 0.68125 0.46328125 0.0859375 0.084375
0 0.12421875 0.43046875 0.084375 0.084375
0 0.77890625 0.8390625 0.090625 0.090625
0 0.34140625 0.2453125 0.0859375 0.0875
0 0.35 0.59375 0.0859375 0.0875
0 0.33515625 0.73203125 0.0828125 0.0859375
0 0.47734375 0.02890625 0.0796875 0.0578125
0 0.25546875 0.72734375 0.084375 0.0875
0 0.04765625 0.78046875 0.084375 0.0859375
0 0.184375 0.5828125 0.084375 0.0875
0 0.03828125 0.9140625 0.0765625 0.0875
0 0.25 0.371875 0.0859375 0.0875
0 0.28984375 0.8015625 0.0859375 0.0890625
0 0.88046875 0.56875 0.0859375 0.084375
0 0.92890625 0.36171875 0.084375 0.084375
0 0.8 0.55703125 0.0890625 0.0875
0 0.98125 0.50390625 0.0375 0.0796875
0 0.41640625 0.7375 0.0859375 0.0890625
0 0.6140625 0.30859375 0.0828125 0.084375
0 0.28046875 0.45078125 0.084375 0.0875
0 0.165625 0.86015625 0.0828125 0.0828125
0 0.6296875 0.1703125 0.0875 0.0859375
0 0.20078125 0.44453125 0.084375 0.0859375
0 0.6 0.9625 0.0875 0.075
0 0.321875 0.0390625 0.08125 0.078125
0 0.74140625 0.7671875 0.0875 0.0875
0 0.05859375 0.640625 0.0859375 0.0828125
0 0.80546875 0.42109375 0.084375 0.0859375
0 0.0046875 0.76875 0.009375 0.08125
0 0.71484375 0.5546875 0.0859375 0.084375
0 0.92109375 0.97421875 0.0796875 0.0515625
0 0.26328125 0.23125 0.084375 0.0875
0 0.15 0.15703125 0.084375 0.084375
0 0.840625 0.9734375 0.0875 0.053125
0 0.103125 0.21953125 0.0828125 0.084375
0 0.18046875 0.2265625 0.0828125 0.0859375
0 0.53203125 0.821875 0.0875 0.0828125
0 0.965625 0.29296875 0.06875 0.0859375
0 0.671875 0.62265625 0.0859375 0.0875
0 0.02734375 0.35078125 0.0390625 0.0796875
0 0.553125 0.54453125 0.0828125 0.0859375
0 0.55546875 0.03359375 0.0828125 0.0671875
0 0.8578125 0.84921875 0.0828125 0.0875
0 0.07109375 0.1515625 0.0828125 0.0828125
0 0.690625 0.83515625 0.0828125 0.084375
0 0.60078125 0.4796875 0.084375 0.0859375
0 0.7890625 0.69296875 0.0890625 0.0921875
0 0.93828125 0.22578125 0.0828125 0.084375
0 0.9140625 0.6375 0.084375 0.0859375
0 0.5109375 0.6109375 0.084375 0.0859375
0 0.35859375 0.95234375 0.084375 0.0796875
0 0.19453125 0.08984375 0.0828125 0.0828125
0 0.753125 0.6265625 0.0859375 0.0828125
0 0.4671875 0.19140625 0.0828125 0.0828125
0 0.10625 0.57265625 0.084375 0.084375
0 0.3234375 0.86953125 0.0875 0.090625
0 0.24375 0.865625 0.0859375 0.0859375
0 0.50234375 0.25703125 0.0859375 0.0875
0 0.29765625 0.3125 0.084375 0.0875
0 0.01796875 0.4859375 0.0359375 0.08125
0 0.1171875 0.0859375 0.0859375 0.084375
0 0.0109375 0.63359375 0.021875 0.0796875
0 0.6484375 0.38671875 0.084375 0.084375
0 0.04296875 0.21640625 0.046875 0.0828125
0 0.43125 0.60546875 0.0859375 0.0890625
0 0.5125 0.0890625 0.0859375 0.0859375
0 0.5890625 0.6203125 0.0828125 0.0875
0 0.05625 0.07578125 0.0484375 0.0828125
0 0.40859375 0.875 0.0859375 0.0890625
0 0.9359375 0.84609375 0.0765625 0.0890625
0 0.4875 0.88515625 0.0875 0.0953125
0 0.021875 0.84453125 0.04375 0.0859375
0 0.68125 0.96484375 0.0875 0.0703125
0 0.22578125 0.16328125 0.0828125 0.0859375
0 0.5359375 0.3328125 0.08125 0.084375
0 0.56796875 0.89140625 0.0859375 0.0890625
0 0.15 0.51015625 0.078125 0.0796875
0 0.87734375 0.69375 0.09375 0.09375
0 0.90859375 0.7734375 0.0875 0.0875
0 0.54609375 0.1609375 0.0859375 0.0890625
0 0.89375 0.2890625 0.0828125 0.084375
0 0.81953125 0.2625 0.0828125 0.0859375
0 0.0859375 0.8515625 0.0859375 0.084375
0 0.40078125 0.04375 0.084375 0.084375
0 0.7609375 0.971875 0.084375 0.05625
0 0.82421875 0.775 0.084375 0.0859375
0 0.2765625 0.09140625 0.0859375 0.0859375
0 0.83671875 0.628125 0.0859375 0.0828125
0 0.37265625 0.8078125 0.0859375 0.0828125
0 0.753125 0.1109375 0.084375 0.0875
0 0.9515625 0.70859375 0.0703125 0.0828125
0 0.63828125 0.53984375 0.0875 0.096875
0 0.58359375 0.240625 0.08125 0.084375
0 0.2421875 0.0359375 0.0875 0.071875
0 0.5203125 0.9625 0.0875 0.075
0 0.71796875 0.04921875 0.0828125 0.0703125
0 0.16171875 0.03046875 0.0859375 0.0609375
0 0.7296875 0.91796875 0.0859375 0.0859375
0 0.08359375 0.028125 0.0859375 0.05625
0 0.67734375 0.09140625 0.09375 0.0953125
0 0.959375 0.790625 0.040625 0.0796875
0 0.59296875 0.1 0.0859375 0.0890625
0 0.0421875 0.4265625 0.08125 0.0828125
0 0.4515625 0.81796875 0.0859375 0.0859375
0 0.3640625 0.009375 0.078125 0.01875
0 0.440625 0.959375 0.0875 0.08125
0 0.14375 0.6453125 0.0859375 0.0859375
0 0.4453125 0.11953125 0.0875 0.0796875