0 0.4171875 0.684375 0.0703125 0.0703125
0 0.2546875 0.66484375 0.06875 0.0703125
0 0.1546875 0.79375 0.0703125 0.0703125
0 0.2765625 0.77109375 0.0703125 0.0703125
0 0.5375 0.66171875 0.0703125 0.0703125
0 0.19296875 0.9828125 0.0703125 0.034375
0 0.0234375 0.54453125 0.046875 0.0671875
0 0.31484375 0.96953125 0.0703125 0.0609375
0 0.33671875 0.759375 0.0703125 0.0703125
0 0.85859375 0.54453125 0.0703125 0.0703125
0 0.33671875 0.91796875 0.0703125 0.071875
0 0.21640625 0.78203125 0.0703125 0.0703125
0 0.53828125 0.5 0.071875 0.071875
0 0.87890625 0.6515625 0.06875 0.06875
0 0.134375 0.6875 0.0703125 0.0703125
0 0.9421875 0.8015625 0.06875 0.06875
0 0.19375 0.83828125 0.071875 0.071875
0 0.315625 0.8140625 0.0703125 0.071875
0 0.6203125 0.91875 0.0703125 0.071875
0 0.91796875 0.3734375 0.0703125 0.0703125
0 0.83984375 0.7609375 0.0703125 0.071875
0 0.965625 0.3640625 0.0453125 0.0640625
0 0.9375 0.48046875 0.06875 0.06875
0 0.8015625 0.8796875 0.0703125 0.071875
0 0.15625 0.634375 0.0703125 0.0703125
0 0.71875 0.6265625 0.06875 0.06875
0 0.640625 0.86015625 0.0703125 0.0703125
0 0.55859375 0.60546875 0.071875 0.0703125
0 0.65703125 0.478125 0.06875 0.0703125
0 0.31484375 0.65234375 0.071875 0.0703125
0 0.840625 0.603125 0.06875 0.0703125
0 0.4359375 0.79296875 0.0703125 0.0703125
0 0.39609375 0.42421875 0.071875 0.0734375
0 0.25390625 0.97734375 0.0703125 0.0453125
0 0.5578125 0.44609375 0.071875 0.0703125
0 0.678125 0.57578125 0.0703125 0.0703125
0 0.7984375 0.39765625 0.0703125 0.071875
0 0.696875 0.84921875 0.0703125 0.0703125
0 0.49765625 0.94296875 0.0703125 0.071875
0 0.43671875 0.95234375 0.0703125 0.0734375
0 0.67890625 0.90546875 0.0703125 0.071875
0 0.08203125 0.8609375 0.053125 0.06875
0 0.43671875 0.63046875 0.0671875 0.0671875
0 0.1546875 0.95625 0.0703125 0.0703125
0 0.25625 0.503125 0.0734375 0.071875
0 0.88203125 0.8078125 0.0703125 0.071875
0 0.63671875 0.54140625 0.0703125 0.0703125
0 0.859375 0.384375 0.06875 0.0703125
0 0.90234375 0.90625 0.0703125 0.059375
0 0.5171875 0.884375 0.0703125 0.0703125
0 0.39765625 0.909375 0.071875 0.071875
0 0.49765625 0.4578125 0.0703125 0.0734375
0 0.1328125 0.8515625 0.0703125 0.071875
0 0.09296875 0.64453125 0.0703125 0.0703125
0 0.37734375 0.4828125 0.06875 0.06875
0 0.6765625 0.41953125 0.0703125 0.0703125
0 0.740625 0.8984375 0.071875 0.0703125
0 0.21484375 0.94453125 0.06875 0.06875
0 0.35625 0.6984375 0.0703125 0.071875
0 0.17421875 0.7328125 0.071875 0.071875
0 0.96484375 0.89453125 0.0671875 0.059375
0 0.9734375 0.6796875 0.053125 0.071875
0 0.115625 0.5859375 0.0703125 0.071875
0 0.68125 0.73828125 0.071875 0.071875
0 0.5578125 0.7640625 0.0703125 0.071875
0 0.63671875 0.378125 0.0703125 0.071875
0 0.578125 0.71171875 0.0703125 0.0703125
0 0.175 0.57421875 0.0703125 0.0703125
0 0.8578125 0.71015625 0.0703125 0.0703125
0 0.71953125 0.78515625 0.071875 0.071875
0 0.040625 0.65234375 0.0515625 0.0671875
0 0.55859375 0.92890625 0.071875 0.071875
0 0.496875 0.77734375 0.071875 0.071875
0 0.1125 0.74453125 0.0703125 0.071875
0 0.29609375 0.7109375 0.0703125 0.071875
0 0.921875 0.86015625 0.06875 0.06875
0 0.57890625 0.54921875 0.071875 0.071875
0 0.45625 0.89453125 0.0703125 0.0703125
0 0.95625 0.4109375 0.071875 0.0734375
0 0.33515625 0.59375 0.0703125 0.071875
0 0.4171875 0.84765625 0.0703125 0.0703125
0 0.234375 0.8859375 0.06875 0.06875
0 0.43671875 0.47265625 0.071875 0.0734375
0 0.61953125 0.7546875 0.0703125 0.071875
0 0.5984375 0.65 0.071875 0.0703125
0 0.2734375 0.9328125 0.0703125 0.0703125
0 0.17421875 0.896875 0.0703125 0.0703125
0 0.275 0.6140625 0.06875 0.06875
0 0.73828125 0.73125 0.06875 0.06875
0 0.73828125 0.56875 0.0703125 0.0703125
0 0.25390625 0.82890625 0.06875 0.0703125
0 0.98203125 0.7890625 0.0359375 0.06875
0 0.7796875 0.60859375 0.0703125 0.0703125
0 0.73984375 0.40546875 0.071875 0.0734375
0 0.778125 0.4578125 0.06875 0.06875
0 0.5375 0.8234375 0.071875 0.071875
0 0.9203125 0.6921875 0.0703125 0.071875
0 0.1328125 0.98828125 0.071875 0.0234375
0 0.79921875 0.71484375 0.071875 0.0703125
0 0.89609375 0.4328125 0.0703125 0.071875
0 0.10234375 0.96484375 0.053125 0.065625
0 0.57890625 0.86953125 0.0703125 0.071875
0 0.353125 0.99375 0.06875 0.0125
0 0.11328125 0.90859375 0.071875 0.0703125
0 0.7 0.5203125 0.071875 0.0703125
0 0.87890625 0.49296875 0.0703125 0.0703125
0 0.475 0.51953125 0.0703125 0.0703125
0 0.82109375 0.66484375 0.06875 0.06875
0 0.6171875 0.43359375 0.0703125 0.071875
0 0.759375 0.671875 0.0703125 0.06875
0 0.83671875 0.43984375 0.0703125 0.0703125
0 0.475 0.98359375 0.065625 0.0328125
0 0.81875 0.49921875 0.0703125 0.0703125
0 0.03671875 0.4953125 0.0703125 0.071875
0 0.35625 0.53828125 0.0703125 0.0703125
0 0.071875 0.6984375 0.071875 0.071875
0 0.659375 0.640625 0.06875 0.06875
0 0.059375 0.7515625 0.05 0.06875
0 0.9609375 0.58125 0.06875 0.06875
0 0.19453125 0.5171875 0.0703125 0.0703125
0 0.97265625 0.52578125 0.0546875 0.0703125
0 0.8 0.56015625 0.0703125 0.0703125
0 0.31796875 0.49296875 0.06875 0.06875
0 0.2359375 0.725 0.06875 0.06875
0 0.4140625 0.98984375 0.065625 0.0203125
0 0.69765625 0.36484375 0.0703125 0.071875
0 0.92109375 0.53359375 0.0703125 0.071875
0 0.6578125 0.95546875 0.06875 0.05625
0 0.78046875 0.9328125 0.06875 0.0546875
0 0.69921875 0.68125 0.06875 0.06875
0 0.8609375 0.8671875 0.0703125 0.071875
0 0.4765625 0.83828125 0.0703125 0.0703125
0 0.234375 0.56015625 0.071875 0.071875
0 0.1359375 0.53203125 0.0703125 0.0703125
0 0.35390625 0.859375 0.071875 0.071875
0 0.053125 0.59609375 0.071875 0.071875
0 0.971875 0.84375 0.05625 0.06875
0 0.98125 0.4625 0.0375 0.065625
0 0.51875 0.71953125 0.0703125 0.071875
0 0.99140625 0.73359375 0.0171875 0.0703125
0 0.3953125 0.74453125 0.0703125 0.071875
0 0.71640625 0.4640625 0.0703125 0.071875
0 0.5171875 0.5578125 0.071875 0.071875
0 0.60078125 0.8140625 0.0703125 0.0703125
0 0.76015625 0.825 0.0734375 0.0703125
0 0.71875 0.94453125 0.06875 0.0546875
0 0.375 0.9640625 0.071875 0.071875
0 0.9 0.59296875 0.0703125 0.0703125
0 0.09375 0.80859375 0.0703125 0.0703125
0 0.96328125 0.74453125 0.071875 0.0703125
0 0.59609375 0.96953125 0.065625 0.053125
0 0.61796875 0.59453125 0.0703125 0.0703125
0 0.4953125 0.6171875 0.0703125 0.0703125
0 0.53515625 0.9765625 0.0671875 0.046875
0 0.57734375 0.38671875 0.0703125 0.0703125
0 0.19453125 0.68359375 0.06875 0.0671875
0 0.9390625 0.30625 0.0703125 0.0703125
0 0.396875 0.58125 0.0703125 0.071875
0 0.7796875 0.7734375 0.06875 0.0703125
0 0.76015625 0.3484375 0.06875 0.06875
0 0.334375 0.43984375 0.06875 0.0703125
0 0.1578125 0.471875 0.0734375 0.071875
0 0.76015625 0.51484375 0.0671875 0.0671875
0 0.6578125 0.80390625 0.0703125 0.0703125
0 0.07734375 0.53828125 0.071875 0.071875
0 0.21484375 0.62578125 0.0703125 0.071875
0 0.6390625 0.6921875 0.0703125 0.0703125
0 0.45546875 0.57578125 0.06875 0.0671875
0 0.90234375 0.7546875 0.0703125 0.0703125
0 0.2953125 0.5484375 0.071875 0.0703125
0 0.98359375 0.61796875 0.0328125 0.0703125
0 0.29453125 0.878125 0.06875 0.0671875
0 0.45703125 0.72890625 0.0703125 0.0703125
0 0.59921875 0.49765625 0.06875 0.06875
0 0.87578125 0.32109375 0.071875 0.0703125
0 0.81796875 0.3453125 0.06875 0.0703125
0 0.5171875 0.39609375 0.0703125 0.071875
0 0.475 0.67109375 0.0703125 0.071875
0 0.9375 0.634375 0.0703125 0.0703125
0 0.4578125 0.41171875 0.071875 0.0734375
0 0.82109375 0.82578125 0.06875 0.06875
0 0.37734375 0.64609375 0.0671875 0.06875
0 0.415625 0.53671875 0.06875 0.0671875
0 0.8375 0.92265625 0.065625 0.0515625
0 0.9921875 0.56640625 0.015625 0.0640625
0 0.2765625 0.4515625 0.0703125 0.071875
0 0.3765625 0.80859375 0.06875 0.0703125
0 0.09453125 0.4859375 0.0703125 0.071875