0 0.30234375 0.353125 0.0671875 0.065625
0 0.48515625 0.09453125 0.065625 0.0671875
0 0.31796875 0.51796875 0.06875 0.06875
0 0.46484375 0.30859375 0.06875 0.06875
0 0.1765625 0.33984375 0.0671875 0.06875
0 0.325 0.13359375 0.06875 0.06875
0 0.509375 0.53515625 0.06875 0.06875
0 0.63515625 0.55 0.0671875 0.06875
0 0.0953125 0.825 0.06875 0.0703125
0 0.50390625 0.259375 0.0671875 0.06875
0 0.0625 0.05234375 0.0421875 0.065625
0 0.01875 0.4859375 0.0375 0.065625
0 0.8171875 0.2890625 0.06875 0.0703125
0 0.36171875 0.08203125 0.0671875 0.0671875
0 0.65546875 0.3265625 0.06875 0.06875
0 0.77421875 0.0625 0.0640625 0.065625
0 0.5296875 0.31640625 0.0671875 0.0671875
0 0.23359375 0.07109375 0.0671875 0.065625
0 0.31171875 0.240625 0.0671875 0.0671875
0 0.6296875 0.27109375 0.065625 0.0671875
0 0.03046875 0.5421875 0.0609375 0.06875
0 0.16171875 0.83046875 0.06875 0.06875
0 0.56640625 0.2640625 0.0671875 0.06875
0 0.4703125 0.58671875 0.06875 0.06875
0 0.2875 0.8453125 0.06875 0.0671875
0 0.3765625 0.246875 0.06875 0.0671875
0 0.07265625 0.10859375 0.0671875 0.06875
0 0.54921875 0.1 0.0671875 0.0671875
0 0.1296875 0.496875 0.0671875 0.06875
0 0.17109375 0.06875 0.065625 0.065625
0 0.0203125 0.76015625 0.040625 0.0671875
0 0.6921875 0.275 0.06875 0.06875
0 0.3265625 0.79296875 0.06875 0.06875
0 0.0671875 0.49296875 0.06875 0.06875
0 0.28125 0.56796875 0.065625 0.065625
0 0.3875 0.1390625 0.06875 0.06875
0 0.525 0.7015625 0.0671875 0.06875
0 0.1921875 0.50546875 0.0671875 0.0671875
0 0.34453125 0.57578125 0.06875 0.06875
0 0.196875 0.7796875 0.0671875 0.0671875
0 0.328125 0.40390625 0.0671875 0.065625
0 0.26015625 0.1265625 0.0671875 0.06875
0 0.7015625 0.16875 0.0671875 0.0671875
0 0.78984375 0.22890625 0.0671875 0.0671875
0 0.37265625 0.63203125 0.0671875 0.0671875
0 0.2390625 0.346875 0.0671875 0.0671875
0 0.11015625 0.05859375 0.0671875 0.0671875
0 0.1875 0.23203125 0.0671875 0.06875
0 0.01328125 0.5953125 0.0265625 0.065625
0 0.46171875 0.696875 0.06875 0.06875
0 0.64609375 0.43515625 0.06875 0.0671875
0 0.853125 0.23359375 0.06875 0.06875
0 0.1609375 0.17421875 0.065625 0.0671875
0 0.03203125 0.8171875 0.0640625 0.06875
0 0.2015625 0.39765625 0.0671875 0.065625
0 0.08359375 0.01484375 0.0671875 0.0296875
0 0.2609375 0.78828125 0.06875 0.06875
0 0.15078125 0.28125 0.0671875 0.0671875
0 0.29765625 0.734375 0.0671875 0.06875
0 0.03828125 0.27109375 0.040625 0.0640625
0 0.25078125 0.23671875 0.0671875 0.06875
0 0.3828125 0.521875 0.0703125 0.0703125
0 0.54609375 0.48203125 0.0671875 0.06875
0 0.20859375 0.02265625 0.0671875 0.0453125
0 0.1171875 0.609375 0.0671875 0.0671875
0 0.02734375 0.37578125 0.040625 0.0671875
0 0.67421875 0.4921875 0.06875 0.06875
0 0.2765625 0.29296875 0.0671875 0.06875
0 0.07578125 0.38203125 0.0671875 0.06875
0 0.4609375 0.03515625 0.0671875 0.06875
0 0.52265625 0.04375 0.0671875 0.0671875
0 0.0546875 0.60390625 0.0671875 0.0671875
0 0.340625 0.2984375 0.06875 0.0703125
0 0.06171875 0.21640625 0.0671875 0.06875
0 0.35234375 0.85390625 0.06875 0.06875
0 0.13359375 0.7734375 0.06875 0.0671875
0 0.309375 0.62578125 0.06875 0.06875
0 0.07109375 0.76796875 0.06875 0.0671875
0 0.12265625 0.88359375 0.06875 0.06875
0 0.67578125 0.11171875 0.065625 0.0671875
0 0.828125 0.17890625 0.0671875 0.06875
0 0.14453125 0.01953125 0.0671875 0.0390625
0 0.03828125 0.43125 0.06875 0.06875
0 0.4921875 0.36875 0.0671875 0.06875
0 0.196875 0.1234375 0.065625 0.065625
0 0.4234375 0.7484375 0.0671875 0.0671875
0 0.0140625 0.86796875 0.028125 0.0703125
0 0.23125 0.4515625 0.0671875 0.0671875
0 0.39921875 0.69140625 0.06875 0.06875
0 0.71171875 0.4375 0.0671875 0.0671875
0 0.14375 0.6671875 0.0671875 0.06875
0 0.42265625 0.0890625 0.0671875 0.0671875
0 0.334375 0.02890625 0.065625 0.0578125
0 0.61171875 0.10546875 0.0671875 0.0671875
0 0.00703125 0.7046875 0.0140625 0.065625
0 0.52109375 0.425 0.0671875 0.06875
0 0.2984375 0.0765625 0.0671875 0.0671875
0 0.5921875 0.325 0.0671875 0.06875
0 0.60859375 0.4875 0.0671875 0.06875
0 0.89921875 0.0765625 0.06875 0.0671875
0 0.02734375 0.925 0.0546875 0.059375
0 0.4453125 0.528125 0.06875 0.06875
0 0.39765625 0.03203125 0.0671875 0.0640625
0 0.27265625 0.02578125 0.0671875 0.0515625
0 0.1125 0.33359375 0.0671875 0.0671875
0 0.27109375 0.678125 0.06875 0.06875
0 0.7640625 0.17421875 0.0671875 0.06875
0 0.05 0.16171875 0.040625 0.065625
0 0.58359375 0.43046875 0.0671875 0.0671875
0 0.571875 0.5453125 0.06875 0.06875
0 0.15078125 0.93671875 0.0703125 0.0640625
0 0.39140625 0.41171875 0.0671875 0.0671875
0 0.5390625 0.20390625 0.0671875 0.0671875
0 0.4875 0.75625 0.06875 0.06875
0 0.2921875 0.4578125 0.0671875 0.0671875
0 0.0875 0.2765625 0.0671875 0.0671875
0 0.61796875 0.38125 0.0671875 0.06875
0 0.10625 0.7171875 0.0671875 0.065625
0 0.4015625 0.3046875 0.0671875 0.06875
0 0.090625 0.55078125 0.06875 0.06875
0 0.2125 0.28828125 0.0671875 0.0671875
0 0.36015625 0.7421875 0.0671875 0.0671875
0 0.12265625 0.225 0.065625 0.06875
0 0.44921875 0.146875 0.0671875 0.06875
0 0.23359375 0.73046875 0.06875 0.0671875
0 0.084375 0.93046875 0.06875 0.0625
0 0.8 0.12265625 0.0671875 0.06875
0 0.66484375 0.2171875 0.065625 0.0671875
0 0.65 0.05234375 0.06875 0.06875
0 0.2078125 0.67265625 0.06875 0.06875
0 0.48203125 0.478125 0.0671875 0.0671875
0 0.5109375 0.153125 0.065625 0.0640625
0 0.2546875 0.51328125 0.06875 0.06875
0 0.890625 0.18359375 0.0671875 0.0671875
0 0.08046875 0.6609375 0.0671875 0.06875
0 0.3359375 0.68515625 0.06875 0.06875
0 0.1 0.165625 0.065625 0.06875
0 0.41328125 0.19609375 0.06875 0.06875
0 0.86328125 0.12578125 0.0671875 0.065625
0 0.43984375 0.25078125 0.06875 0.06875
0 0.02578125 0.65 0.0515625 0.06875
0 0.6390625 0.16015625 0.0671875 0.0671875
0 0.2234375 0.178125 0.06875 0.06875
0 0.45703125 0.41640625 0.06875 0.06875
0 0.78046875 0.34140625 0.0671875 0.0671875
0 0.13671875 0.115625 0.0671875 0.06875
0 0.2875 0.18515625 0.0671875 0.0671875
0 0.24609375 0.61484375 0.0671875 0.0671875
0 0.5 0.64140625 0.06875 0.0671875
0 0.3171875 0.90390625 0.06875 0.06875
0 0.58515625 0.0484375 0.06875 0.0671875
0 0.571875 0.15703125 0.0640625 0.0640625
0 0.7125 0.05625 0.06875 0.06875
0 0.7546875 0.2828125 0.06875 0.0703125
0 0.725 0.2265625 0.0671875 0.065625
0 0.1890625 0.88984375 0.06875 0.0703125
0 0.42734375 0.3625 0.0671875 0.0671875
0 0.13984375 0.39140625 0.0671875 0.065625
0 0.55390625 0.3734375 0.065625 0.065625
0 0.84453125 0.346875 0.06875 0.06875
0 0.83515625 0.0765625 0.065625 0.065625
0 0.4765625 0.19921875 0.0671875 0.0671875
0 0.35625 0.4625 0.06875 0.06875
0 0.1703125 0.7234375 0.0671875 0.065625
0 0.534375 0.590625 0.0703125 0.0703125
0 0.60546875 0.209375 0.06875 0.06875
0 0.10390625 0.43984375 0.0703125 0.0703125
0 0.21796875 0.5625 0.0671875 0.0671875
0 0.73984375 0.115625 0.0703125 0.071875
0 0.5609375 0.6484375 0.0671875 0.06875
0 0.684375 0.3828125 0.0671875 0.065625
0 0.73671875 0.5 0.0671875 0.06875
0 0.38046875 0.91328125 0.0703125 0.0703125
0 0.0421875 0.7109375 0.0671875 0.0671875
0 0.41640625 0.859375 0.06875 0.0703125
0 0.18125 0.61171875 0.06875 0.06875
0 0.45078125 0.80625 0.0703125 0.06875
0 0.9515625 0.190625 0.065625 0.065625
0 0.4328125 0.63984375 0.0671875 0.0671875
0 0.22421875 0.83671875 0.06875 0.06875
0 0.15390625 0.55703125 0.06875 0.0671875
0 0.26484375 0.40078125 0.065625 0.0671875
0 0.0484375 0.32578125 0.0671875 0.065625
0 0.3875 0.80078125 0.0703125 0.06875
0 0.71796875 0.33515625 0.06875 0.06875
0 0.3671875 0.3578125 0.0671875 0.065625
0 0.515625 0.81328125 0.06875 0.06875
0 0.88046875 0.29296875 0.0671875 0.06875
0 0.74609375 0.3890625 0.065625 0.065625
0 0.1671875 0.44140625 0.06875 0.06875
0 0.34453125 0.959375 0.06875 0.059375
0 0.05703125 0.87890625 0.0703125 0.071875
0 0.696875 0.553125 0.06875 0.0671875
0 0.921875 0.13828125 0.065625 0.0671875
0 0.42109375 0.47109375 0.06875 0.0671875
0 0.34765625 0.1921875 0.065625 0.065625
0 0.55 0.7609375 0.0703125 0.0703125
0 0.965625 0.07890625 0.06875 0.0703125
0 0.48046875 0.865625 0.0703125 0.071875
0 0.4078125 0.96640625 0.0671875 0.059375
0 0.58984375 0.7078125 0.0703125 0.0703125
0 0.77265625 0.44453125 0.065625 0.0671875
0 0.8078125 0.39375 0.06875 0.0671875
0 0.9171875 0.240625 0.0671875 0.0671875
0 0.278125 0.95 0.0703125 0.0640625
0 0.25859375 0.8921875 0.0703125 0.0703125
0 0.44453125 0.921875 0.0703125 0.0703125
0 0.9765625 0.14375 0.046875 0.065625
0 0.21171875 0.9421875 0.06875 0.0671875
0 0.59921875 0.5984375 0.0671875 0.0671875
0 0.62265625 0.65078125 0.0703125 0.0671875
0 0.66328125 0.6046875 0.0703125 0.06875
0 0.40859375 0.58046875 0.0671875 0.0671875