0 0.2234375 0.15859375 0.065625 0.0671875
0 0.55 0.05859375 0.065625 0.065625
0 0.35234375 0.165625 0.0640625 0.065625
0 0.32109375 0.10546875 0.0640625 0.065625
0 0.19296875 0.10390625 0.065625 0.065625
0 0.1625 0.04609375 0.0625 0.0640625
0 0.41640625 0.27578125 0.065625 0.065625
0 0.5171875 0.11328125 0.0640625 0.0671875
0 0.41875 0.16796875 0.065625 0.0671875
0 0.5859375 0.01796875 0.065625 0.0328125
0 0.45390625 0.01640625 0.0640625 0.0328125
0 0.2609375 0.015625 0.065625 0.03125
0 0.3484375 0.27578125 0.0671875 0.065625
0 0.48125 0.28203125 0.065625 0.0640625
0 0.31640625 0.21953125 0.065625 0.065625
0 0.3828125 0.33046875 0.065625 0.0640625
0 0.325 0.015625 0.065625 0.03125
0 0.228125 0.05 0.065625 0.065625
0 0.29296875 0.053125 0.0640625 0.065625
0 0.34609375 0.384375 0.0671875 0.065625
0 0.19609375 0.0109375 0.0640625 0.021875
0 0.54765625 0.17265625 0.065625 0.0671875
0 0.13515625 0.01015625 0.0640625 0.0203125
0 0.390625 0.01640625 0.0625 0.0328125
0 0.51640625 0.23046875 0.065625 0.0671875
0 0.15625 0.16015625 0.0625 0.0640625
0 0.2875 0.16328125 0.065625 0.0671875
0 0.51875 0.01640625 0.065625 0.0328125
0 0.35390625 0.05234375 0.0625 0.0625
0 0.48203125 0.17421875 0.0640625 0.065625
0 0.2515625 0.215625 0.065625 0.0640625
0 0.31171875 0.33203125 0.0671875 0.065625
0 0.45 0.33359375 0.0671875 0.0640625
0 0.24609375 0.32890625 0.065625 0.065625
0 0.28359375 0.27734375 0.0625 0.0640625
0 0.653125 0.02109375 0.065625 0.034375
0 0.25625 0.10234375 0.0640625 0.065625
0 0.0671875 0.01015625 0.065625 0.0203125
0 0.58359375 0.11328125 0.06875 0.06875
0 0.6203125 0.059375 0.06875 0.065625
0 0.48515625 0.0578125 0.065625 0.0640625
0 0.384375 0.22265625 0.065625 0.065625
0 0.1828125 0.21796875 0.0640625 0.065625
0 0.2171875 0.27265625 0.0671875 0.06875
0 0.4140625 0.3828125 0.065625 0.065625
0 0.27578125 0.38828125 0.0671875 0.0671875
0 0.45234375 0.1125 0.0625 0.0671875
0 0.37734375 0.4484375 0.0671875 0.0671875
0 0.12734375 0.1 0.0640625 0.0671875
0 0.30703125 0.440625 0.0671875 0.06875
0 0.09765625 0.0453125 0.0640625 0.065625
0 0.3875 0.09296875 0.065625 0.0625
0 0.33515625 0.534375 0.0765625 0.0765625
0 0.425 0.04765625 0.0609375 0.0625