0 0.21171875 0.16875 0.0640625 0.06484375
0 0.534375 0.05703125 0.0640625 0.0640625
0 0.340625 0.17109375 0.0625 0.06328125
0 0.3078125 0.11171875 0.06171875 0.06328125
0 0.1796875 0.11484375 0.06328125 0.06328125
0 0.146875 0.0578125 0.0609375 0.06171875
0 0.40859375 0.27890625 0.06328125 0.06328125
0 0.50390625 0.11328125 0.0625 0.065625
0 0.40703125 0.17109375 0.0640625 0.06484375
0 0.56875 0.015625 0.0640625 0.03125
0 0.4375 0.0171875 0.0625 0.034375
0 0.24453125 0.01953125 0.0640625 0.0390625
0 0.340625 0.28125 0.065625 0.0640625
0 0.4734375 0.2828125 0.06328125 0.0625
0 0.30703125 0.22578125 0.06328125 0.0640625
0 0.37734375 0.334375 0.06328125 0.0625
0 0.30859375 0.01875 0.0640625 0.0375
0 0.2125 0.059375 0.0640625 0.06328125
0 0.27734375 0.0609375 0.0625 0.06328125
0 0.3421875 0.38984375 0.065625 0.0640625
0 0.1796875 0.01640625 0.0625 0.0328125
0 0.5359375 0.17109375 0.06328125 0.06484375
0 0.11796875 0.01640625 0.0625 0.0328125
0 0.37421875 0.01796875 0.0609375 0.0359375
0 0.50703125 0.2296875 0.0640625 0.065625
0 0.14453125 0.17265625 0.0609375 0.06171875
0 0.27578125 0.17109375 0.06328125 0.06484375
0 0.50234375 0.01640625 0.0640625 0.0328125
0 0.33828125 0.0578125 0.0609375 0.06015625
0 0.4703125 0.175 0.0625 0.06328125
0 0.24140625 0.22421875 0.06328125 0.0625
0 0.30625 0.3390625 0.06484375 0.06328125
0 0.44453125 0.33515625 0.065625 0.06171875
0 0.240625 0.3375 0.06328125 0.06328125
0 0.27578125 0.28515625 0.0609375 0.06171875
0 0.63671875 0.01640625 0.0640625 0.0328125
0 0.2421875 0.1109375 0.0625 0.06328125
0 0.05078125 0.01796875 0.0640625 0.0359375
0 0.5703125 0.1109375 0.06640625 0.06640625
0 0.6046875 0.05546875 0.06640625 0.06328125
0 0.46953125 0.05859375 0.06328125 0.06171875
0 0.375 0.2265625 0.0640625 0.0640625
0 0.1734375 0.22890625 0.0625 0.0640625
0 0.209375 0.2828125 0.06484375 0.06640625
0 0.41015625 0.3859375 0.0640625 0.06328125
0 0.271875 0.39609375 0.06484375 0.06484375
0 0.4390625 0.1140625 0.0609375 0.065625
0 0.37578125 0.453125 0.065625 0.065625
0 0.11328125 0.11328125 0.06171875 0.06484375
0 0.30546875 0.44765625 0.065625 0.06640625
0 0.08203125 0.059375 0.0625 0.06328125
0 0.3734375 0.096875 0.06328125 0.0609375
0 0.33671875 0.53984375 0.0734375 0.07421875
0 0.409375 0.05078125 0.059375 0.06015625