0 0.009375 0.95078125 0.01875 0.0484375
0 0.90859375 0.98828125 0.0609375 0.0234375
0 0.38984375 0.93125 0.0640625 0.065625
0 0.5421875 0.98046875 0.0625 0.0390625
0 0.78671875 0.9859375 0.0609375 0.028125
0 0.23515625 0.96484375 0.0640625 0.046875
0 0.84921875 0.98671875 0.0609375 0.0265625
0 0.48046875 0.978125 0.0609375 0.04375
0 0.3578125 0.9734375 0.0609375 0.0421875
0 0.66328125 0.98203125 0.0609375 0.0359375
0 0.634375 0.9453125 0.0625 0.0640625
0 0.41796875 0.9765625 0.0625 0.0421875
0 0.72734375 0.98203125 0.0640625 0.0359375
0 0.60234375 0.98125 0.0609375 0.0375
0 0.02734375 0.91328125 0.0546875 0.0640625
0 0.171875 0.96328125 0.0609375 0.04375
0 0.29765625 0.96953125 0.0609375 0.04375
0 0.69609375 0.946875 0.0625 0.0640625
0 0.11171875 0.96171875 0.0609375 0.040625
0 0.575 0.93984375 0.0625 0.0625
0 0.9453125 0.94921875 0.0625 0.0625
0 0.76171875 0.94609375 0.0609375 0.0625
0 0.3265625 0.93203125 0.0609375 0.0625
0 0.146875 0.9203125 0.065625 0.065625
0 0.05390625 0.95625 0.0625 0.0453125
0 0.88046875 0.94765625 0.0640625 0.0625
0 0.81796875 0.95703125 0.0609375 0.0625
0 0.5140625 0.934375 0.0625 0.0640625
0 0.45234375 0.93515625 0.0640625 0.065625
0 0.2671875 0.9296875 0.0625 0.0640625
0 0.08203125 0.91875 0.0625 0.0640625