0 0.32109375 0.01796875 0.0625 0.0359375
0 0.51328125 0.0171875 0.0625 0.034375
0 0.63984375 0.01796875 0.0625 0.0359375
0 0.13125 0.334375 0.0625 0.0640625
0 0.16171875 0.6078125 0.0609375 0.06171875
0 0.01796875 0.55546875 0.0359375 0.0625
0 0.13046875 0.55625 0.0609375 0.0609375
0 0.1953125 0.55625 0.06328125 0.0625
0 0.03515625 0.0609375 0.06171875 0.0625
0 0.1984375 0.3328125 0.0625 0.06328125
0 0.4796875 0.0578125 0.06171875 0.06328125
0 0.325 0.334375 0.0625 0.06171875
0 0.03515625 0.8296875 0.06328125 0.0625
0 0.13125 0.01796875 0.0609375 0.0359375
0 0.0359375 0.2796875 0.0625 0.0609375
0 0.3578125 0.278125 0.0625 0.0625
0 0.06875 0.01953125 0.0625 0.0390625
0 0.28984375 0.059375 0.06015625 0.06015625
0 0.16484375 0.83125 0.06171875 0.06171875
0 0.54609375 0.16640625 0.06171875 0.0625
0 0.19453125 0.01875 0.0625 0.0375
0 0.353125 0.06015625 0.06328125 0.06171875
0 0.228125 0.27890625 0.0609375 0.0609375
0 0.2921875 0.49765625 0.06171875 0.0625
0 0.2 0.88359375 0.06171875 0.06328125
0 0.3875 0.11328125 0.06171875 0.06171875
0 0.16328125 0.5 0.06171875 0.0625
0 0.03515625 0.72265625 0.0640625 0.06328125
0 0.01796875 0.11640625 0.0359375 0.0625
0 0.4828125 0.16875 0.06171875 0.06328125
0 0.06640625 0.33359375 0.0625 0.06328125
0 0.2921875 0.28046875 0.0625 0.0625
0 0.09921875 0.6078125 0.06015625 0.06171875
0 0.3234375 0.22265625 0.06171875 0.0625
0 0.19375 0.665625 0.0625 0.06328125
0 0.3859375 0.0171875 0.0625 0.034375
0 0.29375 0.609375 0.0625 0.0640625
0 0.13046875 0.1171875 0.06171875 0.06171875
0 0.0171875 0.8859375 0.034375 0.0640625
0 0.03359375 0.49921875 0.06328125 0.06484375
0 0.06796875 0.11875 0.0609375 0.0609375
0 0.38984375 0.3359375 0.0625 0.0625
0 0.1640625 0.27890625 0.0625 0.06171875
0 0.3234375 0.1140625 0.0625 0.0625
0 0.1015625 0.2796875 0.0625 0.06171875
0 0.35859375 0.4984375 0.0640625 0.06328125
0 0.16484375 0.38984375 0.0625 0.06328125
0 0.32421875 0.55390625 0.0625 0.06328125
0 0.45 0.2234375 0.0609375 0.0609375
0 0.03515625 0.3875 0.06328125 0.0640625
0 0.41953125 0.16953125 0.06171875 0.06328125
0 0.16328125 0.171875 0.06171875 0.0625
0 0.01796875 0.225 0.0359375 0.0625
0 0.06796875 0.44609375 0.06171875 0.0625
0 0.4484375 0.0171875 0.0625 0.034375
0 0.0671875 0.8859375 0.0640625 0.0640625
0 0.290625 0.16953125 0.06171875 0.06328125
0 0.1015625 0.5015625 0.0640625 0.06328125
0 0.5765625 0.01875 0.0625 0.0375
0 0.1984375 0.44296875 0.06328125 0.06328125
0 0.5140625 0.225 0.0625 0.0625
0 0.13125 0.22578125 0.0609375 0.06015625
0 0.0984375 0.06171875 0.0625 0.0625
0 0.228125 0.609375 0.0640625 0.0640625
0 0.3859375 0.22421875 0.0609375 0.0609375
0 0.259375 0.22578125 0.0625 0.06171875
0 0.01640625 0.6671875 0.0328125 0.0640625
0 0.0359375 0.93828125 0.06328125 0.06171875
0 0.13203125 0.44375 0.06171875 0.06328125
0 0.2265625 0.71875 0.0625 0.06171875
0 0.06796875 0.6640625 0.06328125 0.06328125
0 0.22734375 0.17109375 0.06171875 0.06328125
0 0.2578125 0.01953125 0.0625 0.0390625
0 0.390625 0.55546875 0.06484375 0.0625
0 0.228125 0.49921875 0.0625 0.0625
0 0.09921875 0.17265625 0.0609375 0.06328125
0 0.35625 0.1703125 0.06171875 0.06328125
0 0.1015625 0.72109375 0.06328125 0.0625
0 0.0359375 0.16875 0.0625 0.0625
0 0.01640625 0.7765625 0.0328125 0.0609375
0 0.1328125 0.884375 0.0625 0.06484375
0 0.06640625 0.775 0.06328125 0.0625
0 0.259375 0.109375 0.06171875 0.0609375
0 0.51484375 0.109375 0.0625 0.06171875
0 0.36015625 0.38984375 0.0625 0.06328125
0 0.26015625 0.55625 0.0640625 0.0640625
0 0.06875 0.9828125 0.0640625 0.034375
0 0.23125 0.3890625 0.0625 0.0640625
0 0.09921875 0.83125 0.06328125 0.06328125
0 0.13125 0.77421875 0.0625 0.0625
0 0.01796875 0.4453125 0.0359375 0.0625
0 0.1296875 0.6640625 0.0625 0.0625
0 0.1953125 0.22578125 0.06171875 0.059375
0 0.54375 0.05546875 0.06328125 0.06328125
0 0.22578125 0.06015625 0.06171875 0.06171875
0 0.22734375 0.8296875 0.06328125 0.0609375
0 0.034375 0.60859375 0.0625 0.0640625
0 0.26171875 0.775 0.0640625 0.0640625
0 0.57578125 0.11015625 0.06171875 0.0625
0 0.19609375 0.77421875 0.06328125 0.06328125
0 0.0671875 0.55625 0.0625 0.0609375
0 0.103125 0.9390625 0.06484375 0.0640625
0 0.42421875 0.3921875 0.06328125 0.0640625
0 0.06640625 0.2265625 0.0609375 0.0609375
0 0.25859375 0.66484375 0.0625 0.06328125
0 0.4546875 0.33515625 0.0625 0.06484375
0 0.3609375 0.61171875 0.0640625 0.0640625
0 0.19453125 0.11328125 0.0625 0.0625
0 0.4828125 0.278125 0.0640625 0.0625
0 0.44765625 0.11484375 0.0609375 0.06171875
0 0.2609375 0.3328125 0.06171875 0.06328125
0 0.16171875 0.06171875 0.06328125 0.0609375
0 0.41953125 0.2796875 0.0640625 0.0625
0 0.1625 0.72265625 0.06171875 0.0609375
0 0.5484375 0.27890625 0.06328125 0.06171875
0 0.01796875 0.3234375 0.0359375 0.0640625
0 0.39375 0.44765625 0.0640625 0.06484375
0 0.09921875 0.3921875 0.06328125 0.06484375
0 0.7015625 0.015625 0.0625 0.03125
0 0.42421875 0.50078125 0.0625 0.06171875
0 0.57734375 0.22265625 0.06328125 0.06328125
0 0.13515625 0.98203125 0.0640625 0.0359375
0 0.325 0.6640625 0.06484375 0.065625
0 0.51875 0.334375 0.0640625 0.06484375
0 0.45703125 0.4484375 0.0625 0.0640625
0 0.2921875 0.72109375 0.0625 0.0625
0 0.6109375 0.16640625 0.06328125 0.06328125
0 0.16796875 0.9421875 0.06328125 0.06328125
0 0.3265625 0.44140625 0.0640625 0.0625
0 0.30078125 0.384375 0.0640625 0.0640625
0 0.4890625 0.39375 0.0640625 0.0640625
0 0.259375 0.4390625 0.0625 0.0625
0 0.60859375 0.05625 0.0609375 0.0609375
0 0.6375 0.10625 0.0640625 0.0609375
0 0.6734375 0.05546875 0.0640625 0.0625
0 0.4171875 0.05859375 0.06171875 0.0609375