0 0.44921875 0.97578125 0.0578125 0.0484375
0 0.72265625 0.9203125 0.05859375 0.06015625
0 0.3265625 0.97421875 0.059375 0.0515625
0 0.3890625 0.97421875 0.059375 0.0515625
0 0.02421875 0.97734375 0.0484375 0.0453125
0 0.66328125 0.9203125 0.05859375 0.0609375
0 0.2046875 0.9734375 0.059375 0.053125
0 0.60625 0.91953125 0.05859375 0.0625
0 0.17109375 0.921875 0.06015625 0.0609375
0 0.14296875 0.9734375 0.0609375 0.053125
0 0.5109375 0.9734375 0.0609375 0.053125
0 0.75546875 0.971875 0.059375 0.05625
0 0.04609375 0.9203125 0.05859375 0.06015625
0 0.35703125 0.9234375 0.06015625 0.06015625
0 0.57109375 0.9765625 0.059375 0.046875
0 0.4796875 0.92421875 0.06015625 0.06015625
0 0.63359375 0.97421875 0.0578125 0.0515625
0 0.29375 0.9265625 0.059375 0.06015625
0 0.26171875 0.9765625 0.0578125 0.046875
0 0.23125 0.9296875 0.05703125 0.05703125
0 0.69296875 0.9734375 0.059375 0.053125
0 0.41875 0.9234375 0.05859375 0.059375
0 0.784375 0.91875 0.06015625 0.06171875
0 0.54140625 0.92265625 0.0609375 0.06171875
0 0.84765625 0.92421875 0.0625 0.06328125
0 0.10546875 0.925 0.059375 0.06015625
0 0.87578125 0.978125 0.0609375 0.04375
0 0.8140625 0.975 0.0609375 0.05
0 0.91015625 0.921875 0.0625 0.06171875
0 0.07578125 0.9796875 0.0578125 0.040625