0 0.74609375 0.6265625 0.065625 0.0640625
0 0.915625 0.48046875 0.065625 0.065625
0 0.53515625 0.17734375 0.065625 0.065625
0 0.70625 0.03671875 0.0640625 0.0515625
0 0.734375 0.08515625 0.065625 0.065625
0 0.9609375 0.32421875 0.0640625 0.0640625
0 0.7921875 0.46953125 0.0640625 0.065625
0 0.83828125 0.31484375 0.0640625 0.065625
0 0.8078125 0.25234375 0.065625 0.065625
0 0.59765625 0.5578125 0.065625 0.065625
0 0.9734375 0.4828125 0.053125 0.0625
0 0.89375 0.0515625 0.0640625 0.0546875
0 0.6 0.82890625 0.0671875 0.06875
0 0.75546875 0.51875 0.0640625 0.065625
0 0.71328125 0.3046875 0.065625 0.065625
0 0.8984375 0.6953125 0.0640625 0.0671875
0 0.7734375 0.6828125 0.0640625 0.065625
0 0.61015625 0.07421875 0.0640625 0.065625
0 0.7296875 0.84296875 0.0640625 0.0671875
0 0.94140625 0.91640625 0.065625 0.0671875
0 0.9 0.31953125 0.065625 0.065625
0 0.39296875 0.01875 0.0640625 0.0375
0 0.62265625 0.61640625 0.065625 0.065625
0 0.55390625 0.340625 0.065625 0.065625
0 0.58125 0.02734375 0.0640625 0.05
0 0.846875 0.203125 0.065625 0.065625
0 0.81015625 0.63203125 0.065625 0.065625
0 0.54609375 0.07109375 0.065625 0.065625
0 0.9921875 0.059375 0.015625 0.053125
0 0.85390625 0.47578125 0.065625 0.065625
0 0.97421875 0.10859375 0.0515625 0.0640625
0 0.878125 0.91015625 0.065625 0.0671875
0 0.93359375 0.2671875 0.0640625 0.0640625
0 0.4578125 0.02109375 0.065625 0.0421875
0 0.88203125 0.15390625 0.065625 0.065625
0 0.296875 0.053125 0.065625 0.065625
0 0.5984375 0.18203125 0.065625 0.065625
0 0.51640625 0.39140625 0.065625 0.065625
0 0.81796875 0.52578125 0.065625 0.065625
0 0.88984375 0.803125 0.0640625 0.065625
0 0.678125 0.35234375 0.065625 0.065625
0 0.98125 0.2671875 0.0375 0.065625
0 0.97734375 0.37734375 0.0453125 0.0640625
0 0.50625 0.4953125 0.0671875 0.065625
0 0.80078125 0.74453125 0.065625 0.065625
0 0.76640625 0.4109375 0.0640625 0.065625
0 0.84375 0.96328125 0.065625 0.0671875
0 0.5609375 0.23359375 0.0640625 0.065625
0 0.65078125 0.29609375 0.065625 0.065625
0 0.3765625 0.21953125 0.065625 0.065625
0 0.64765625 0.67109375 0.065625 0.065625
0 0.76953125 0.0421875 0.0640625 0.053125
0 0.54375 0.44609375 0.065625 0.065625
0 0.621875 0.23671875 0.065625 0.0671875
0 0.50078125 0.22890625 0.0640625 0.0640625
0 0.66015625 0.56328125 0.065625 0.065625
0 0.71875 0.946875 0.065625 0.0671875
0 0.9671875 0.2140625 0.065625 0.065625
0 0.50859375 0.11796875 0.0640625 0.0671875
0 0.38828125 0.10859375 0.0640625 0.0640625
0 0.6953125 0.1359375 0.065625 0.0640625
0 0.790625 0.84609375 0.065625 0.065625
0 0.9671875 0.5921875 0.059375 0.0640625
0 0.775 0.3125 0.0640625 0.065625
0 0.95234375 0.428125 0.0640625 0.065625
0 0.49375 0.60390625 0.065625 0.0671875
0 0.63203125 0.51171875 0.065625 0.0640625
0 0.6859375 0.24453125 0.065625 0.0671875
0 0.57265625 0.77109375 0.065625 0.0671875
0 0.42265625 0.06171875 0.0640625 0.0640625
0 0.66953125 0.4609375 0.0640625 0.065625
0 0.4828125 0.0640625 0.065625 0.065625
0 0.678125 0.98203125 0.065625 0.0359375
0 0.41171875 0.16484375 0.0671875 0.0671875
0 0.68515625 0.62109375 0.065625 0.065625
0 0.53359375 0.55234375 0.0671875 0.065625
0 0.571875 0.121875 0.065625 0.065625
0 0.796875 0.08984375 0.065625 0.0640625
0 0.490625 0.334375 0.065625 0.065625
0 0.9578125 0.69921875 0.0640625 0.0671875
0 0.44765625 0.11484375 0.0640625 0.065625
0 0.915625 0.85703125 0.065625 0.065625
0 0.73125 0.4671875 0.065625 0.065625
0 0.47734375 0.4421875 0.0671875 0.0671875
0 0.8703125 0.25859375 0.065625 0.0671875
0 0.57109375 0.50390625 0.065625 0.0671875
0 0.33203125 0.01640625 0.0640625 0.0328125
0 0.34921875 0.1609375 0.065625 0.0671875
0 0.90703125 0.9671875 0.0671875 0.065625
0 0.73828125 0.734375 0.065625 0.065625
0 0.83359375 0.6890625 0.065625 0.0671875
0 0.634375 0.13125 0.065625 0.065625
0 0.72109375 0.57109375 0.065625 0.0640625
0 0.81875 0.146875 0.065625 0.065625
0 0.9078125 0.58671875 0.0640625 0.065625
0 0.51953125 0.02421875 0.0640625 0.0484375
0 0.61171875 0.7234375 0.065625 0.065625
0 0.8546875 0.85234375 0.0640625 0.0640625
0 0.8921875 0.421875 0.065625 0.065625
0 0.74140625 0.984375 0.0671875 0.03125
0 0.28515625 0.15859375 0.0640625 0.0640625
0 0.82734375 0.41953125 0.065625 0.0640625
0 0.359375 0.05546875 0.0640625 0.065625
0 0.73828125 0.3578125 0.065625 0.065625
0 0.71171875 0.6765625 0.065625 0.0671875
0 0.703125 0.78671875 0.065625 0.0671875
0 0.58828125 0.2921875 0.0640625 0.065625
0 0.6703125 0.0796875 0.0640625 0.065625
0 0.4734375 0.17421875 0.065625 0.065625
0 0.8703125 0.99296875 0.065625 0.0140625
0 0.665625 0.8375 0.0671875 0.0671875
0 0.70234375 0.40703125 0.065625 0.0671875
0 0.86015625 0.365625 0.065625 0.065625
0 0.78359375 0.20078125 0.0640625 0.0640625
0 0.9421875 0.15703125 0.0640625 0.065625
0 0.78125 0.95546875 0.065625 0.06875
0 0.96171875 0.86015625 0.0328125 0.0625
0 0.6375 0.78203125 0.0671875 0.0671875
0 0.69296875 0.51796875 0.0640625 0.0640625
0 0.3609375 0.31796875 0.065625 0.065625
0 0.953125 0.0578125 0.0640625 0.059375
0 0.8578125 0.1015625 0.0640625 0.0640625
0 0.8625 0.7484375 0.0640625 0.0640625
0 0.26953125 0.0125 0.0671875 0.025
0 0.746875 0.24765625 0.0640625 0.0671875
0 0.52734375 0.284375 0.0640625 0.0640625
0 0.7984375 0.3671875 0.0640625 0.0625
0 0.87421875 0.63984375 0.0671875 0.065625
0 0.8453125 0.5828125 0.0640625 0.065625
0 0.7578125 0.14140625 0.0640625 0.065625
0 0.40390625 0.26953125 0.065625 0.065625
0 0.58515625 0.6671875 0.0671875 0.065625
0 0.60625 0.45234375 0.065625 0.0671875
0 0.93515625 0.64609375 0.0640625 0.065625
0 0.9234375 0.75625 0.0640625 0.0640625
0 0.82734375 0.7984375 0.065625 0.065625
0 0.61796875 0.3484375 0.065625 0.0671875
0 0.5578125 0.60703125 0.065625 0.06875
0 0.32421875 0.1046875 0.0671875 0.065625
0 0.46640625 0.278125 0.065625 0.0640625
0 0.93359375 0.99375 0.0640625 0.0125
0 0.675 0.72734375 0.065625 0.065625
0 0.88203125 0.53125 0.065625 0.065625
0 0.78359375 0.5796875 0.065625 0.0640625
0 0.721875 0.19609375 0.065625 0.0640625
0 0.58046875 0.396875 0.0671875 0.065625
0 0.6296875 0.8890625 0.0671875 0.0671875
0 0.80859375 0.99140625 0.0640625 0.0171875
0 0.3359375 0.265625 0.065625 0.0640625
0 0.90546875 0.21171875 0.0640625 0.065625
0 0.5453125 0.71328125 0.06875 0.0671875
0 0.7671875 0.79296875 0.065625 0.0671875
0 0.96953125 0.75625 0.0328125 0.0625
0 0.83046875 0.0484375 0.0625 0.0578125
0 0.45 0.37890625 0.065625 0.065625
0 0.75625 0.89765625 0.065625 0.0640625
0 0.92578125 0.3734375 0.0640625 0.065625
0 0.4703125 0.5484375 0.065625 0.0640625
0 0.23203125 0.0421875 0.06875 0.0671875
0 0.9859375 0.1640625 0.028125 0.065625
0 0.953125 0.96953125 0.034375 0.0609375
0 0.81640625 0.9015625 0.0640625 0.0640625
0 0.521875 0.6609375 0.065625 0.0640625
0 0.26171875 0.10234375 0.065625 0.065625
0 0.6609375 0.190625 0.065625 0.065625
0 0.4078125 0.4234375 0.0703125 0.06875
0 0.31328125 0.2109375 0.065625 0.065625
0 0.42734375 0.32421875 0.065625 0.0640625
0 0.69296875 0.89140625 0.065625 0.065625
0 0.203125 0.0078125 0.065625 0.015625
0 0.95 0.809375 0.0640625 0.065625
0 0.94296875 0.5375 0.0671875 0.065625
0 0.91953125 0.10234375 0.065625 0.065625
0 0.6546875 0.940625 0.06875 0.065625
0 0.44375 0.49375 0.0640625 0.0640625
0 0.6421875 0.03359375 0.0625 0.0546875
0 0.44453125 0.234375 0.065625 0.065625
0 0.38671875 0.371875 0.0625 0.0625
0 0.6421875 0.4015625 0.065625 0.0640625