0 0.3125 0.02109375 0.0625 0.0375
0 0.5046875 0.0171875 0.0625 0.034375
0 0.63125 0.0171875 0.0625 0.034375
0 0.128125 0.340625 0.0640625 0.065625
0 0.16328125 0.6140625 0.0625 0.0625
0 0.01875 0.5640625 0.0375 0.0625
0 0.13125 0.5625 0.0625 0.0625
0 0.19609375 0.56171875 0.0640625 0.0640625
0 0.02890625 0.06796875 0.0578125 0.0640625
0 0.1953125 0.33828125 0.0640625 0.0640625
0 0.471875 0.05859375 0.0625 0.0640625
0 0.321875 0.3375 0.0640625 0.0625
0 0.040625 0.8375 0.0640625 0.0640625
0 0.12265625 0.02421875 0.0609375 0.0375
0 0.03203125 0.2875 0.0640625 0.0625
0 0.35390625 0.28046875 0.0640625 0.0640625
0 0.06015625 0.02734375 0.0625 0.040625
0 0.28203125 0.06328125 0.0609375 0.0609375
0 0.1703125 0.83671875 0.0625 0.0625
0 0.540625 0.165625 0.0625 0.0640625
0 0.1859375 0.02421875 0.0625 0.0390625
0 0.3453125 0.0625 0.0640625 0.0625
0 0.22421875 0.28359375 0.0625 0.0625
0 0.2921875 0.5015625 0.0625 0.0640625
0 0.20703125 0.8890625 0.0625 0.0640625
0 0.38046875 0.115625 0.0625 0.0625
0 0.16328125 0.50625 0.0625 0.0640625
0 0.0390625 0.73046875 0.065625 0.0640625
0 0.01484375 0.125 0.0296875 0.0625
0 0.47734375 0.16875 0.0625 0.0640625
0 0.06328125 0.34140625 0.0640625 0.0640625
0 0.28828125 0.284375 0.0640625 0.0640625
0 0.10078125 0.61484375 0.0609375 0.0625
0 0.31875 0.22578125 0.0625 0.0640625
0 0.196875 0.67109375 0.0640625 0.0640625
0 0.37734375 0.01953125 0.0625 0.0359375
0 0.2953125 0.61328125 0.0640625 0.065625
0 0.12421875 0.1234375 0.0625 0.0625
0 0.02421875 0.89453125 0.0359375 0.0640625
0 0.03359375 0.50703125 0.0640625 0.065625
0 0.06171875 0.1265625 0.0625 0.0625
0 0.38671875 0.3375 0.0640625 0.0640625
0 0.16015625 0.28515625 0.0640625 0.0625
0 0.31640625 0.1171875 0.0640625 0.0640625
0 0.09765625 0.28671875 0.0640625 0.0625
0 0.35859375 0.50078125 0.065625 0.0640625
0 0.16328125 0.39609375 0.0640625 0.0640625
0 0.325 0.55703125 0.0640625 0.0640625
0 0.4453125 0.22421875 0.0625 0.0625
0 0.03359375 0.3953125 0.0640625 0.065625
0 0.4140625 0.17109375 0.0625 0.0640625
0 0.1578125 0.178125 0.0625 0.0640625
0 0.015625 0.2328125 0.03125 0.0625
0 0.0671875 0.45390625 0.0625 0.0640625
0 0.43984375 0.01796875 0.0625 0.0359375
0 0.07421875 0.89375 0.065625 0.065625
0 0.28515625 0.1734375 0.0625 0.0640625
0 0.1015625 0.50859375 0.065625 0.0640625
0 0.5671875 0.01796875 0.0625 0.0359375
0 0.19765625 0.4484375 0.0640625 0.0640625
0 0.509375 0.225 0.0640625 0.0640625
0 0.1265625 0.23203125 0.0625 0.0609375
0 0.090625 0.06875 0.0640625 0.0640625
0 0.2296875 0.6140625 0.065625 0.065625
0 0.38125 0.2265625 0.0625 0.0625
0 0.2546875 0.2296875 0.0640625 0.0625
0 0.01953125 0.67578125 0.034375 0.0640625
0 0.04375 0.94609375 0.0640625 0.0625
0 0.13125 0.45 0.0625 0.0640625
0 0.23046875 0.7234375 0.0640625 0.0625
0 0.07109375 0.671875 0.0640625 0.0640625
0 0.221875 0.17578125 0.0625 0.0640625
0 0.24921875 0.02421875 0.0625 0.040625
0 0.39140625 0.55703125 0.065625 0.0640625
0 0.228125 0.50390625 0.0640625 0.0640625
0 0.09375 0.1796875 0.0625 0.0640625
0 0.35078125 0.17265625 0.0625 0.0640625
0 0.10546875 0.728125 0.0640625 0.0640625
0 0.03125 0.17578125 0.0625 0.0640625
0 0.02109375 0.78515625 0.034375 0.0609375
0 0.13984375 0.890625 0.0640625 0.065625
0 0.07109375 0.7828125 0.0640625 0.0640625
0 0.25234375 0.11328125 0.0625 0.0625
0 0.5078125 0.109375 0.0640625 0.0625
0 0.35859375 0.3921875 0.0640625 0.0640625
0 0.2609375 0.56015625 0.065625 0.065625
0 0.07734375 0.9859375 0.0640625 0.028125
0 0.2296875 0.39375 0.0640625 0.065625
0 0.1046875 0.83828125 0.0640625 0.0640625
0 0.1359375 0.78046875 0.0640625 0.0640625
0 0.01796875 0.453125 0.0359375 0.0625
0 0.1328125 0.6703125 0.0640625 0.0640625
0 0.190625 0.23125 0.0625 0.0609375
0 0.5359375 0.0546875 0.0640625 0.0640625
0 0.21796875 0.06484375 0.0625 0.0625
0 0.2328125 0.834375 0.0640625 0.0625
0 0.03671875 0.61640625 0.0640625 0.065625
0 0.26640625 0.77890625 0.065625 0.065625
0 0.56875 0.10859375 0.0625 0.0640625
0 0.20078125 0.7796875 0.0640625 0.0640625
0 0.06796875 0.5640625 0.0640625 0.0625
0 0.1109375 0.94609375 0.065625 0.065625
0 0.42265625 0.39375 0.0640625 0.065625
0 0.06171875 0.234375 0.0625 0.0625
0 0.26171875 0.66875 0.0640625 0.0640625
0 0.4515625 0.3359375 0.0640625 0.065625
0 0.36328125 0.6140625 0.065625 0.065625
0 0.1875 0.11875 0.0640625 0.0640625
0 0.47890625 0.278125 0.065625 0.0640625
0 0.440625 0.115625 0.0625 0.0625
0 0.2578125 0.33671875 0.0625 0.0640625
0 0.15390625 0.06796875 0.0640625 0.0625
0 0.415625 0.28125 0.065625 0.0640625
0 0.16640625 0.728125 0.0625 0.0625
0 0.54453125 0.278125 0.0640625 0.0625
0 0.01640625 0.33203125 0.0328125 0.0640625
0 0.39296875 0.44921875 0.065625 0.065625
0 0.09765625 0.39921875 0.0640625 0.065625
0 0.6921875 0.0140625 0.0625 0.028125
0 0.42421875 0.50234375 0.0640625 0.0625
0 0.57265625 0.22109375 0.0640625 0.0640625
0 0.14296875 0.984375 0.0640625 0.03125
0 0.328125 0.6671875 0.065625 0.0671875
0 0.515625 0.334375 0.065625 0.065625
0 0.45625 0.44921875 0.0640625 0.065625
0 0.29609375 0.725 0.0640625 0.0640625
0 0.60546875 0.16484375 0.0640625 0.0640625
0 0.17578125 0.94765625 0.0640625 0.0640625
0 0.32578125 0.44453125 0.065625 0.0640625
0 0.2984375 0.3875 0.065625 0.065625
0 0.4875 0.39375 0.065625 0.065625
0 0.25859375 0.44296875 0.0640625 0.0640625
0 0.60078125 0.0546875 0.0625 0.0625
0 0.63046875 0.10390625 0.065625 0.0625
0 0.665625 0.05234375 0.065625 0.0640625
0 0.409375 0.06015625 0.0625 0.0625