0 0.27265625 0.109375 0.06875 0.0703125
0 0.53671875 0.01875 0.0671875 0.0375
0 0.72109375 0.13671875 0.06875 0.0703125
0 0.45625 0.075 0.0703125 0.06875
0 0.02109375 0.21484375 0.0421875 0.0703125
0 0.36953125 0.640625 0.06875 0.0703125
0 0.37421875 0.47421875 0.06875 0.06875
0 0.30546875 0.971875 0.0703125 0.05625
0 0.225 0.72109375 0.0703125 0.0703125
0 0.06640625 0.52734375 0.0703125 0.0703125
0 0.41484375 0.03203125 0.065625 0.0578125
0 0.08046875 0.80234375 0.06875 0.06875
0 0.10625 0.5796875 0.0703125 0.0703125
0 0.61640625 0.75390625 0.071875 0.0703125
0 0.59296875 0.81484375 0.0703125 0.071875
0 0.14140625 0.953125 0.071875 0.071875
0 0.33203125 0.26171875 0.0703125 0.0703125
0 0.553125 0.603125 0.071875 0.0703125
0 0.44609375 0.8984375 0.0703125 0.071875
0 0.171875 0.23671875 0.0703125 0.0703125
0 0.57578125 0.215625 0.071875 0.0703125
0 0.5328125 0.6640625 0.0703125 0.06875
0 0.05 0.09921875 0.06875 0.0640625
0 0.81875 0.01953125 0.06875 0.0390625
0 0.78125 0.28203125 0.06875 0.06875
0 0.29140625 0.05546875 0.0671875 0.0609375
0 0.08828125 0.14375 0.06875 0.0703125
0 0.128125 0.19296875 0.06875 0.06875
0 0.659375 0.4703125 0.06875 0.06875
0 0.06796875 0.36484375 0.0703125 0.0703125
0 0.3515625 0.5296875 0.0703125 0.071875
0 0.659375 0.14453125 0.0703125 0.0703125
0 0.18828125 0.50625 0.06875 0.0703125
0 0.75859375 0.17890625 0.06875 0.06875
0 0.553125 0.76875 0.0703125 0.071875
0 0.4515625 0.73359375 0.0703125 0.071875
0 0.23125 0.55078125 0.0703125 0.071875
0 0.69609375 0.19140625 0.06875 0.0703125
0 0.40703125 0.85 0.06875 0.0703125
0 0.4125 0.5203125 0.0703125 0.0703125
0 0.203125 0.9453125 0.0703125 0.0703125
0 0.8390625 0.1078125 0.0703125 0.0703125
0 0.14921875 0.134375 0.06875 0.0703125
0 0.596875 0.0125 0.065625 0.025
0 0.1890625 0.3453125 0.06875 0.06875
0 0.41328125 0.18984375 0.06875 0.0703125
0 0.14921875 0.2953125 0.0703125 0.0703125
0 0.04765625 0.2609375 0.071875 0.0703125
0 0.31015625 0.64921875 0.0703125 0.071875
0 0.78046875 0.1265625 0.06875 0.06875
0 0.0109375 0.11015625 0.021875 0.0640625
0 0.39453125 0.08359375 0.0671875 0.0671875
0 0.63671875 0.2 0.0703125 0.071875
0 0.57578125 0.04765625 0.0671875 0.0671875
0 0.87734375 0.0125 0.0703125 0.025
0 0.33125 0.42578125 0.06875 0.06875
0 0.26328125 0.93125 0.071875 0.0703125
0 0.18203125 0.9828125 0.0703125 0.034375
0 0.59765625 0.15625 0.0703125 0.0703125
0 0.42734375 0.95703125 0.06875 0.0703125
0 0.28359375 0.86953125 0.0703125 0.06875
0 0.23125 0.06640625 0.065625 0.0625
0 0.72109375 0.46171875 0.0703125 0.071875
0 0.290625 0.21796875 0.06875 0.06875
0 0.4734375 0.50625 0.0703125 0.071875
0 0.16875 0.4015625 0.06875 0.0703125
0 0.16875 0.565625 0.071875 0.0734375
0 0.3515625 0.36328125 0.0703125 0.0703125
0 0.47578125 0.18359375 0.071875 0.071875
0 0.0203125 0.37734375 0.040625 0.0703125
0 0.571875 0.87578125 0.071875 0.071875
0 0.48984375 0.61328125 0.0703125 0.0703125
0 0.53828125 0.49453125 0.0703125 0.071875
0 0.1234375 0.68515625 0.071875 0.0703125
0 0.7 0.028125 0.06875 0.05625
0 0.12890625 0.51796875 0.0703125 0.0703125
0 0.11953125 0.85390625 0.06875 0.06875
0 0.246875 0.66171875 0.0703125 0.071875
0 0.26875 0.27734375 0.0671875 0.0671875
0 0.3859375 0.9125 0.06875 0.0703125
0 0.26640625 0.7671875 0.0703125 0.071875
0 0.084375 0.63203125 0.0703125 0.0703125
0 0.24375 0.8265625 0.06875 0.0703125
0 0.3125 0.31796875 0.06875 0.06875
0 0.6390625 0.03359375 0.06875 0.0671875
0 0.73828125 0.071875 0.06875 0.06875
0 0.38828125 0.74609375 0.071875 0.071875
0 0.20703125 0.6140625 0.0703125 0.0703125
0 0.0859375 0.30859375 0.0703125 0.0703125
0 0.821875 0.3265625 0.071875 0.0703125
0 0.10625 0.4140625 0.0703125 0.071875
0 0.28984375 0.5453125 0.0703125 0.0703125
0 0.6765625 0.575 0.0734375 0.0734375
0 0.0984375 0.90859375 0.06875 0.0703125
0 0.61953125 0.08984375 0.0703125 0.0703125
0 0.66015625 0.3046875 0.06875 0.06875
0 0.3265625 0.92109375 0.071875 0.071875
0 0.47421875 0.0234375 0.0671875 0.046875
0 0.2125 0.1234375 0.0703125 0.0703125
0 0.2515625 0.33125 0.0703125 0.0703125
0 0.02890625 0.4828125 0.0578125 0.06875
0 0.53125 0.8296875 0.06875 0.06875
0 0.3953125 0.246875 0.071875 0.0703125
0 0.17421875 0.0765625 0.0671875 0.0625
0 0.20859375 0.28828125 0.06875 0.0703125
0 0.03203125 0.153125 0.0640625 0.071875
0 0.59375 0.64765625 0.0703125 0.071875
0 0.63984375 0.36328125 0.0703125 0.0703125
0 0.2890625 0.38046875 0.06875 0.0703125
0 0.75859375 0.340625 0.0703125 0.0703125
0 0.1890625 0.18125 0.0703125 0.06875
0 0.49609375 0.11640625 0.071875 0.071875
0 0.5578125 0.1015625 0.0703125 0.0703125
0 0.01875 0.5375 0.0375 0.065625
0 0.1078125 0.253125 0.06875 0.06875
0 0.1046875 0.74375 0.0671875 0.0671875
0 0.3546875 0.0421875 0.06875 0.0578125
0 0.34609375 0.86015625 0.0703125 0.071875
0 0.2875 0.71171875 0.0703125 0.06875
0 0.82265625 0.1671875 0.0703125 0.071875
0 0.375 0.13515625 0.0703125 0.0703125
0 0.3328125 0.096875 0.06875 0.06875
0 0.04453125 0.5890625 0.0703125 0.071875
0 0.678125 0.4140625 0.06875 0.06875
0 0.25078125 0.16875 0.0703125 0.0703125
0 0.69765625 0.3515625 0.06875 0.071875
0 0.5140625 0.55546875 0.0703125 0.0703125
0 0.05859375 0.7015625 0.06875 0.06875
0 0.04453125 0.4296875 0.0671875 0.0671875
0 0.68046875 0.08359375 0.06875 0.06875
0 0.31171875 0.48515625 0.0703125 0.0703125
0 0.49140625 0.78046875 0.0703125 0.071875
0 0.88359375 0.15625 0.0703125 0.071875
0 0.49609375 0.4515625 0.071875 0.0703125
0 0.18515625 0.67421875 0.0703125 0.071875
0 0.21015625 0.44921875 0.0703125 0.0703125
0 0.24140625 0.978125 0.0703125 0.04375
0 0.3703125 0.30625 0.0671875 0.0671875
0 0.4125 0.35 0.0703125 0.0703125
0 0.43046875 0.62734375 0.0703125 0.0703125
0 0.4296875 0.79296875 0.0703125 0.0703125
0 0.46953125 0.6734375 0.0703125 0.0703125
0 0.5140625 0.3875 0.0703125 0.0703125
0 0.721875 0.621875 0.0734375 0.0734375
0 0.7796875 0.4453125 0.06875 0.0703125
0 0.57578125 0.5421875 0.071875 0.071875
0 0.465625 0.98359375 0.06875 0.0328125
0 0.228125 0.39140625 0.06875 0.0703125
0 0.03515625 0.6515625 0.040625 0.0640625
0 0.38984375 0.41328125 0.0703125 0.0703125
0 0.27109375 0.4375 0.06875 0.0703125
0 0.4515625 0.56796875 0.0703125 0.0703125
0 0.1109375 0.0890625 0.06875 0.065625
0 0.05546875 0.75234375 0.046875 0.065625
0 0.30546875 0.81640625 0.071875 0.0703125
0 0.3484375 0.69921875 0.0703125 0.071875
0 0.18515625 0.83515625 0.0703125 0.071875
0 0.53515625 0.1734375 0.0703125 0.0734375
0 0.1640625 0.89296875 0.071875 0.0703125
0 0.009375 0.27734375 0.01875 0.0671875
0 0.80078125 0.22421875 0.071875 0.0703125
0 0.615625 0.92109375 0.0734375 0.071875
0 0.534375 0.32890625 0.06875 0.0671875
0 0.65625 0.640625 0.071875 0.071875
0 0.5125 0.71875 0.071875 0.071875
0 0.4046875 0.990625 0.06875 0.01875
0 0.46953125 0.83828125 0.071875 0.0703125
0 0.1296875 0.35546875 0.06875 0.06875
0 0.14765625 0.46015625 0.0671875 0.0671875
0 0.5984375 0.484375 0.0703125 0.06875
0 0.26796875 0.60234375 0.0703125 0.06875
0 0.33203125 0.58984375 0.0703125 0.0703125
0 0.3265625 0.759375 0.0703125 0.0703125
0 0.115625 0.990625 0.071875 0.01875
0 0.0296875 0.3203125 0.059375 0.06875
0 0.36796875 0.9640625 0.0703125 0.071875
0 0.34296875 0.99453125 0.0671875 0.0109375
0 0.39296875 0.58125 0.0703125 0.0703125
0 0.61484375 0.4234375 0.0703125 0.0703125
0 0.07265625 0.85859375 0.04375 0.065625
0 0.496875 0.28359375 0.0703125 0.0703125
0 0.79765625 0.06328125 0.0671875 0.0671875
0 0.73671875 0.2375 0.06875 0.06875
0 0.51484375 0.06328125 0.0671875 0.0671875
0 0.16171875 0.73671875 0.0703125 0.06875
0 0.6171875 0.2546875 0.0671875 0.0671875
0 0.36875 0.80546875 0.0703125 0.071875
0 0.409375 0.68671875 0.0703125 0.0703125
0 0.76015625 0.025 0.0671875 0.05
0 0.090625 0.9671875 0.040625 0.065625
0 0.6390625 0.52734375 0.071875 0.0703125
0 0.43359375 0.4640625 0.071875 0.0703125
0 0.5796875 0.36953125 0.071875 0.0734375
0 0.1453125 0.6265625 0.06875 0.0703125
0 0.61484375 0.590625 0.071875 0.071875
0 0.48984375 0.94375 0.0734375 0.0734375
0 0.69765625 0.51953125 0.06875 0.06875
0 0.353125 0.2046875 0.0703125 0.06875
0 0.08828125 0.47109375 0.06875 0.0671875
0 0.43203125 0.1328125 0.0671875 0.0671875
0 0.5515625 0.9359375 0.0703125 0.071875
0 0.23125 0.23125 0.0671875 0.06875
0 0.43203125 0.2921875 0.06875 0.06875
0 0.31171875 0.153125 0.06875 0.0703125
0 0.0109375 0.43671875 0.021875 0.0640625
0 0.22421875 0.8875 0.0671875 0.0671875
0 0.25 0.50390625 0.06875 0.06875
0 0.9015625 0.1015625 0.06875 0.0671875
0 0.5109375 0.23515625 0.06875 0.06875
0 0.20390625 0.77890625 0.0703125 0.0703125
0 0.50859375 0.88203125 0.0703125 0.0703125
0 0.52890625 0.978125 0.0671875 0.04375
0 0.45390625 0.24296875 0.0671875 0.065625
0 0.7203125 0.29375 0.0703125 0.0703125
0 0.55703125 0.27421875 0.0703125 0.06875
0 0.696875 0.6859375 0.0734375 0.0734375
0 0.840625 0.26796875 0.071875 0.0703125
0 0.6359375 0.86171875 0.071875 0.071875
0 0.67890625 0.74296875 0.0703125 0.0703125
0 0.65390625 0.7984375 0.0703125 0.06875
0 0.453125 0.390625 0.0734375 0.0734375
0 0.8609375 0.21328125 0.06875 0.06875
0 0.9078125 0.04296875 0.046875 0.0671875
0 0.63515625 0.7015625 0.0703125 0.0703125
0 0.7421875 0.5609375 0.0734375 0.071875
0 0.57421875 0.7109375 0.0703125 0.0734375
0 0.55625 0.44140625 0.0671875 0.0671875
0 0.8 0.38828125 0.0703125 0.0703125
0 0.13984375 0.78984375 0.071875 0.0703125
0 0.6046875 0.30703125 0.0703125 0.06875
0 0.4734375 0.34765625 0.06875 0.065625
0 0.67265625 0.25625 0.0671875 0.065625
0 0.590625 0.97109375 0.0671875 0.05
0 0.76171875 0.50546875 0.0703125 0.0671875
0 0.7390625 0.4 0.06875 0.0671875
0 0.859375 0.05078125 0.0703125 0.0671875
0 0.0671875 0.203125 0.06875 0.0703125