0 0.05078125 0.0609375 0.0625 0.0515625
0 0.22265625 0.20390625 0.0640625 0.065625
0 0.0640625 0.809375 0.0671875 0.065625
0 0.0484375 0.86640625 0.040625 0.0640625
0 0.02890625 0.65234375 0.0390625 0.0640625
0 0.07109375 0.26953125 0.0671875 0.065625
0 0.33125 0.08046875 0.0640625 0.0640625
0 0.2703125 0.35390625 0.0640625 0.0640625
0 0.1328125 0.53046875 0.0640625 0.065625
0 0.1609375 0.20546875 0.065625 0.065625
0 0.25625 0.24921875 0.0640625 0.0640625
0 0.19296875 0.25625 0.0640625 0.065625
0 0.3578125 0.034375 0.0609375 0.0515625
0 0.34296875 0.18515625 0.065625 0.065625
0 0.2375 0.04375 0.0625 0.05
0 0.11171875 0.0546875 0.0625 0.05
0 0.28203125 0.19921875 0.0640625 0.0640625
0 0.1328125 0.259375 0.065625 0.0671875
0 0.0859375 0.10234375 0.0640625 0.0625
0 0.3921875 0.071875 0.065625 0.065625
0 0.0984375 0.21171875 0.065625 0.065625
0 0.19453125 0.52734375 0.065625 0.0671875
0 0.00390625 0.228125 0.0078125 0.065625
0 0.02109375 0.54375 0.0421875 0.065625
0 0.21171875 0.0875 0.0640625 0.0640625
0 0.15 0.09375 0.0640625 0.0640625
0 0.24609375 0.140625 0.0640625 0.0640625
0 0.30625 0.4015625 0.0671875 0.065625
0 0.13984375 0.63671875 0.06875 0.06875
0 0.12578125 0.1484375 0.065625 0.065625
0 0.146875 0.365625 0.0640625 0.0640625
0 0.009375 0.065625 0.01875 0.05
0 0.05078125 0.7015625 0.065625 0.0671875
0 0.12265625 0.42265625 0.065625 0.065625
0 0.17421875 0.046875 0.0625 0.0453125
0 0.2421875 0.409375 0.065625 0.065625
0 0.01640625 0.16328125 0.0328125 0.0671875
0 0.0625 0.1546875 0.065625 0.065625
0 0.32109375 0.24296875 0.065625 0.0671875
0 0.15625 0.47578125 0.0640625 0.0640625
0 0.18046875 0.415625 0.0640625 0.0671875
0 0.18671875 0.146875 0.0640625 0.0640625
0 0.3828125 0.2375 0.065625 0.0671875
0 0.01328125 0.43359375 0.0265625 0.0640625
0 0.18125 0.68671875 0.06875 0.06875
0 0.2546875 0.515625 0.0640625 0.065625
0 0.0421875 0.5953125 0.0671875 0.0671875
0 0.034375 0.22421875 0.065625 0.06875
0 0.296875 0.03828125 0.0625 0.05
0 0.29375 0.29765625 0.0671875 0.065625
0 0.06015625 0.9703125 0.0453125 0.059375
0 0.02578125 0.378125 0.0515625 0.0625
0 0.1140625 0.7 0.0671875 0.0671875
0 0.0703125 0.5390625 0.065625 0.0640625
0 0.0921875 0.4796875 0.065625 0.065625
0 0.00859375 0.328125 0.0171875 0.0625
0 0.30546875 0.1375 0.0640625 0.0640625
0 0.2296875 0.30546875 0.0640625 0.0640625
0 0.02734375 0.11171875 0.0546875 0.0640625
0 0.10859375 0.3125 0.0640625 0.0625
0 0.271875 0.08671875 0.0640625 0.0625
0 0.10703125 0.58515625 0.0671875 0.065625
0 0.0609375 0.4234375 0.065625 0.06875
0 0.07734375 0.646875 0.0671875 0.0671875
0 0.16640625 0.58359375 0.065625 0.0640625
0 0.421875 0.02421875 0.0625 0.04375
0 0.40546875 0.184375 0.065625 0.0625
0 0.01796875 0.28359375 0.0359375 0.0640625
0 0.20859375 0.36015625 0.065625 0.065625
0 0.046875 0.3265625 0.065625 0.0640625
0 0.15078125 0.7484375 0.06875 0.06875
0 0.33046875 0.34453125 0.0671875 0.065625
0 0.075 0.91796875 0.0671875 0.0671875
0 0.128125 0.80390625 0.065625 0.065625
0 0.0984375 0.85703125 0.065625 0.0640625
0 0.35546875 0.2921875 0.0640625 0.0640625
0 0.428125 0.12578125 0.065625 0.065625
0 0.08828125 0.75859375 0.065625 0.065625
0 0.47890625 0.0203125 0.0640625 0.040625
0 0.20703125 0.628125 0.06875 0.0671875
0 0.0390625 0.76171875 0.040625 0.0671875
0 0.03203125 0.49296875 0.0625 0.0625
0 0.2796875 0.4609375 0.065625 0.065625
0 0.0921875 0.36328125 0.065625 0.0640625
0 0.1640625 0.31875 0.0640625 0.0625
0 0.4546875 0.06796875 0.065625 0.0671875
0 0.23125 0.57421875 0.065625 0.0625
0 0.21796875 0.4671875 0.065625 0.0625
0 0.36796875 0.13046875 0.0671875 0.0625