0 0.89140625 0.021875 0.0609375 0.04375
0 0.95546875 0.021875 0.0625 0.04375
0 0.79765625 0.06875 0.06171875 0.0609375
0 0.88828125 0.22890625 0.06171875 0.0609375
0 0.8921875 0.1171875 0.06015625 0.06015625
0 0.9234375 0.06796875 0.06015625 0.06015625
0 0.9765625 0.06640625 0.046875 0.0609375
0 0.91953125 0.171875 0.0625 0.06328125
0 0.95234375 0.11953125 0.06015625 0.0609375
0 0.8296875 0.021875 0.0609375 0.04375
0 0.85703125 0.17265625 0.0609375 0.0625
0 0.79296875 0.17421875 0.06015625 0.06015625
0 0.86015625 0.06640625 0.06015625 0.06171875
0 0.97578125 0.1765625 0.0484375 0.0609375
0 0.8796875 0.328125 0.0609375 0.06171875
0 0.7671875 0.0203125 0.0640625 0.040625
0 0.91953125 0.2765625 0.0609375 0.0609375
0 0.828125 0.11796875 0.0625 0.0609375
0 0.97578125 0.28125 0.0484375 0.0609375
0 0.8515625 0.27734375 0.06171875 0.06015625
0 0.97109375 0.3828125 0.0578125 0.0625
0 0.98671875 0.55078125 0.0265625 0.0609375
0 0.73203125 0.06171875 0.0640625 0.06328125
0 0.765625 0.1203125 0.06171875 0.06171875
0 0.93359375 0.43046875 0.06640625 0.0640625
0 0.825 0.225 0.06171875 0.0609375
0 0.946875 0.3296875 0.0609375 0.06015625
0 0.7 0.01796875 0.0625 0.0359375
0 0.97265625 0.49765625 0.0546875 0.059375
0 0.95703125 0.2390625 0.06171875 0.06171875
0 0.909375 0.38046875 0.059375 0.0578125