0 0.12109375 0.603125 0.071875 0.071875
0 0.22421875 0.30234375 0.0734375 0.0734375
0 0.07890625 0.38203125 0.071875 0.0734375
0 0.1203125 0.09609375 0.06875 0.06875
0 0.03828125 0.33671875 0.0703125 0.071875
0 0.00546875 0.3453125 0.0109375 0.06875
0 0.1 0.32265625 0.071875 0.071875
0 0.0640625 0.77734375 0.05625 0.06875
0 0.07890625 0.21796875 0.0703125 0.071875
0 0.18125 0.2515625 0.0703125 0.071875
0 0.09921875 0.48984375 0.071875 0.071875
0 0.24296875 0.2390625 0.071875 0.071875
0 0.02578125 0.5609375 0.0515625 0.06875
0 0.1421875 0.53671875 0.071875 0.0734375
0 0.0390625 0.1703125 0.0703125 0.0703125
0 0.20390625 0.19296875 0.071875 0.071875
0 0.16328125 0.4734375 0.0703125 0.0703125
0 0.0265625 0.3984375 0.053125 0.071875
0 0.078125 0.55078125 0.071875 0.071875
0 0.24453125 0.07578125 0.071875 0.071875
0 0.14140625 0.20625 0.0703125 0.0734375
0 0.0375 0.50234375 0.0703125 0.071875
0 0.05859375 0.615625 0.071875 0.071875
0 0.05703125 0.4453125 0.071875 0.071875
0 0.1609375 0.14765625 0.0703125 0.071875
0 0.05703125 0.275 0.0703125 0.0703125
0 0.0171875 0.1203125 0.034375 0.071875
0 0.26484375 0.18046875 0.0703125 0.071875
0 0.22265625 0.1328125 0.0703125 0.0703125
0 0.02578125 0.22734375 0.0515625 0.0703125
0 0.203125 0.3625 0.0703125 0.071875
0 0.05859375 0.10703125 0.071875 0.0734375
0 0.16171875 0.31328125 0.0734375 0.0734375
0 0.11796875 0.2671875 0.0703125 0.0703125
0 0.0140625 0.45390625 0.028125 0.0671875
0 0.265625 0.35 0.0734375 0.071875
0 0.18203125 0.09296875 0.0703125 0.06875
0 0.04453125 0.66875 0.0546875 0.06875
0 0.01640625 0.2828125 0.0328125 0.071875
0 0.1015625 0.15703125 0.0734375 0.075
0 0.07578125 0.71796875 0.071875 0.071875
0 0.121875 0.42890625 0.0703125 0.06875
0 0.20390625 0.5265625 0.0703125 0.071875
0 0.325 0.1703125 0.0703125 0.06875
0 0.140625 0.3734375 0.071875 0.071875
0 0.0859375 0.88828125 0.059375 0.06875
0 0.2859375 0.28828125 0.071875 0.071875
0 0.1828125 0.41796875 0.0703125 0.0703125
0 0.18125 0.5890625 0.071875 0.071875
0 0.2828125 0.128125 0.0703125 0.0703125
0 0.096875 0.82890625 0.0734375 0.0734375
0 0.30859375 0.059375 0.0734375 0.0734375
0 0.1203125 0.76796875 0.0734375 0.0734375
0 0.22421875 0.4640625 0.0703125 0.0703125
0 0.24375 0.40546875 0.0734375 0.0703125
0 0.30625 0.228125 0.071875 0.071875
0 0.34609375 0.115625 0.0703125 0.0703125
0 0.371875 0.04921875 0.071875 0.071875
0 0.09921875 0.659375 0.0703125 0.0703125
0 0.1359375 0.70390625 0.0734375 0.071875
0 0.1625 0.64765625 0.0734375 0.0734375