0 0.8375 0.4375 0.071875 0.0703125
0 0.56796875 0.1640625 0.071875 0.071875
0 0.52578125 0.37578125 0.0703125 0.0703125
0 0.8390625 0.603125 0.0734375 0.0734375
0 0.48515625 0.5921875 0.071875 0.071875
0 0.44609375 0.13671875 0.06875 0.0703125
0 0.9828125 0.40703125 0.034375 0.0734375
0 0.21640625 0.48125 0.071875 0.071875
0 0.03203125 0.44375 0.0640625 0.06875
0 0.21484375 0.315625 0.071875 0.071875
0 0.4421875 0.80546875 0.071875 0.0703125
0 0.71328125 0.41328125 0.071875 0.0734375
0 0.87890625 0.22109375 0.0734375 0.0734375
0 0.1359375 0.0765625 0.0703125 0.071875
0 0.26015625 0.10078125 0.071875 0.075
0 0.58984375 0.88984375 0.0734375 0.075
0 0.17890625 0.0328125 0.0734375 0.065625
0 0.6109375 0.11484375 0.0734375 0.0734375
0 0.52734375 0.54375 0.0734375 0.0734375
0 0.30390625 0.05390625 0.071875 0.071875
0 0.9203125 0.17265625 0.071875 0.071875
0 0.42578125 0.07890625 0.0703125 0.071875
0 0.28046875 0.32578125 0.075 0.075
0 0.33828125 0.50703125 0.0703125 0.0703125
0 0.79375 0.1515625 0.071875 0.0703125
0 0.85703125 0.3265625 0.071875 0.071875
0 0.3609375 0.396875 0.071875 0.0734375
0 0.0515625 0.33828125 0.06875 0.071875
0 0.54765625 0.603125 0.071875 0.0734375
0 0.65625 0.9015625 0.0734375 0.0734375
0 0.7796875 0.9265625 0.0734375 0.071875
0 0.9203125 0.33828125 0.0734375 0.071875
0 0.63046875 0.17421875 0.071875 0.0734375
0 0.44453125 0.3046875 0.071875 0.071875
0 0.48828125 0.090625 0.071875 0.0703125
0 0.65234375 0.56640625 0.071875 0.0734375
0 0.73203125 0.14296875 0.0703125 0.0703125
0 0.234375 0.54140625 0.071875 0.071875
0 0.3015625 0.2203125 0.071875 0.071875
0 0.1125 0.35 0.071875 0.0734375
0 0.5078125 0.315625 0.071875 0.071875
0 0.50625 0.81796875 0.0734375 0.071875
0 0.021875 0.7203125 0.04375 0.075
0 0.82265625 0.878125 0.0734375 0.0734375
0 0.590625 0.55703125 0.0734375 0.0734375
0 0.1734375 0.53046875 0.0703125 0.0703125
0 0.79765625 0.65 0.0703125 0.0703125
0 0.94140625 0.23203125 0.0734375 0.0734375
0 0.4265625 0.24453125 0.071875 0.0734375
0 0.71484375 0.5796875 0.071875 0.071875
0 0.3828125 0.625 0.071875 0.071875
0 0.86015625 0.66328125 0.0734375 0.0734375
0 0.6953125 0.85390625 0.071875 0.071875
0 0.3609375 0.565625 0.071875 0.0734375
0 0.009375 0.82890625 0.01875 0.0734375
0 0.85859375 0.490625 0.071875 0.0703125
0 0.25625 0.934375 0.0703125 0.065625
0 0.19609375 0.25390625 0.0734375 0.0734375
0 0.815625 0.20859375 0.071875 0.0734375
0 0.1171875 0.02578125 0.071875 0.0515625
0 0.11640625 0.1828125 0.071875 0.071875
0 0.88359375 0.721875 0.071875 0.071875
0 0.4234375 0.5796875 0.071875 0.071875
0 0.15234375 0.46875 0.071875 0.071875
0 0.775 0.42578125 0.071875 0.071875
0 0.671875 0.12734375 0.071875 0.071875
0 0.31953125 0.946875 0.071875 0.0640625
0 0.50703125 0.153125 0.071875 0.071875
0 0.3828125 0.29140625 0.0734375 0.0734375
0 0.73359375 0.30703125 0.071875 0.0734375
0 0.50703125 0.6515625 0.0734375 0.0734375
0 0.7125 0.24765625 0.0703125 0.071875
0 0.1328125 0.24140625 0.071875 0.0734375
0 0.5265625 0.8765625 0.0734375 0.0734375
0 0.7328125 0.4734375 0.071875 0.0703125
0 0.31796875 0.61328125 0.071875 0.0734375
0 0.65078125 0.0640625 0.071875 0.071875
0 0.05 0.503125 0.075 0.075
0 0.7578125 0.86796875 0.0734375 0.0734375
0 0.6921875 0.353125 0.071875 0.071875
0 0.25859375 0.2703125 0.071875 0.071875
0 0.8 0.8171875 0.071875 0.0734375
0 0.56875 0.33046875 0.071875 0.071875
0 0.09296875 0.2921875 0.071875 0.071875
0 0.79609375 0.3171875 0.071875 0.0734375
0 0.903125 0.6125 0.075 0.075
0 0.296875 0.55234375 0.0734375 0.0734375
0 0.77421875 0.0890625 0.071875 0.0734375
0 0.32109375 0.1125 0.071875 0.0734375
0 0.63046875 0.6765625 0.071875 0.071875
0 0.38671875 0.125 0.071875 0.071875
0 0.5484375 0.43359375 0.071875 0.075
0 0.0875 0.7921875 0.0734375 0.075
0 0.27734375 0.49453125 0.071875 0.0734375
0 0.42265625 0.41171875 0.0734375 0.0734375
0 0.8171875 0.37578125 0.071875 0.0734375
0 0.1984375 0.0890625 0.0734375 0.075
0 0.60859375 0.446875 0.071875 0.0734375
0 0.1734375 0.3625 0.071875 0.0734375
0 0.56875 0.66640625 0.071875 0.071875
0 0.88046875 0.38671875 0.0734375 0.075
0 0.609375 0.28125 0.071875 0.0734375
0 0.4671875 0.19921875 0.071875 0.0703125
0 0.84296875 0.940625 0.0734375 0.0734375
0 0.1296875 0.74375 0.071875 0.0703125
0 0.50390625 0.01015625 0.0640625 0.0203125
0 0.6328125 0.84140625 0.0734375 0.071875
0 0.8203125 0.71015625 0.0734375 0.0734375
0 0.57109375 0.83046875 0.0734375 0.071875
0 0.6125 0.95078125 0.0734375 0.0734375
0 0.7109375 0.078125 0.071875 0.071875
0 0.5671875 0.4921875 0.0734375 0.0734375
0 0.01953125 0.884375 0.0390625 0.065625
0 0.2390625 0.20703125 0.071875 0.0734375
0 0.75234375 0.2 0.0703125 0.0703125
0 0.296875 0.721875 0.071875 0.071875
0 0.1546875 0.6359375 0.071875 0.071875
0 0.91875 0.840625 0.059375 0.06875
0 0.365625 0.0671875 0.0734375 0.071875
0 0.48515625 0.9234375 0.075 0.075
0 0.7578125 0.5296875 0.071875 0.071875
0 0.90390625 0.7828125 0.0734375 0.0734375
0 0.48828125 0.2578125 0.071875 0.071875
0 0.1125 0.51796875 0.0734375 0.0734375
0 0.10859375 0.85390625 0.071875 0.0734375
0 0.65234375 0.73671875 0.071875 0.0734375
0 0.971875 0.184375 0.05625 0.071875
0 0.19453125 0.921875 0.071875 0.065625
0 0.89921875 0.11328125 0.0703125 0.071875
0 0.22109375 0.009375 0.0734375 0.01875
0 0.275 0.83046875 0.0734375 0.0734375
0 0.48671875 0.75859375 0.0734375 0.0734375
0 0.8578125 0.16171875 0.071875 0.071875
0 0.50625 0.97578125 0.071875 0.0484375
0 0.959375 0.6234375 0.0625 0.0734375
0 0.153125 0.3046875 0.071875 0.071875
0 0.96015625 0.125 0.071875 0.0734375
0 0.50390625 0.484375 0.071875 0.071875
0 0.54921875 0.10234375 0.071875 0.071875
0 0.8375 0.1015625 0.071875 0.0734375
0 0.08984375 0.06796875 0.040625 0.0671875
0 0.24296875 0.04140625 0.0734375 0.071875
0 0.65 0.4015625 0.071875 0.071875
0 0.77734375 0.75859375 0.0734375 0.0734375
0 0.19375 0.4203125 0.071875 0.071875
0 0.0296875 0.78046875 0.059375 0.0734375
0 0.46328125 0.365625 0.071875 0.071875
0 0.590625 0.2234375 0.071875 0.0734375
0 0.02109375 0.5515625 0.0421875 0.071875
0 0.40625 0.0265625 0.071875 0.053125
0 0.403125 0.35 0.071875 0.0734375
0 0.42109375 0.91328125 0.071875 0.0734375
0 0.4640625 0.03359375 0.071875 0.0671875
0 0.63515625 0.9859375 0.0734375 0.028125
0 0.92109375 0.50390625 0.071875 0.071875
0 0.23515625 0.37734375 0.071875 0.071875
0 0.44296875 0.640625 0.0734375 0.0734375
0 0.4453125 0.471875 0.071875 0.071875
0 0.33671875 0.84140625 0.071875 0.075
0 0.81796875 0.54140625 0.071875 0.071875
0 0.6296875 0.34296875 0.071875 0.071875
0 0.61015625 0.78359375 0.071875 0.0703125
0 0.23359375 0.8796875 0.071875 0.0734375
0 0.04765625 0.67265625 0.071875 0.0734375
0 0.940625 0.39765625 0.071875 0.0734375
0 0.609375 0.615625 0.0734375 0.0734375
0 0.75390625 0.365625 0.071875 0.071875
0 0.09453125 0.12421875 0.071875 0.071875
0 0.32109375 0.278125 0.0703125 0.071875
0 0.19140625 0.75703125 0.071875 0.071875
0 0.2125 0.65078125 0.071875 0.075
0 0.8609375 0.83046875 0.071875 0.071875
0 0.0703125 0.396875 0.071875 0.071875
0 0.66953125 0.29453125 0.0703125 0.0734375
0 0.0109375 0.659375 0.021875 0.071875
0 0.1765625 0.19765625 0.0703125 0.071875
0 0.359375 0.73203125 0.0734375 0.0734375
0 0.9828125 0.24453125 0.034375 0.0734375
0 0.7359375 0.8078125 0.0734375 0.071875
0 0.38125 0.7921875 0.0734375 0.0734375
0 0.15078125 0.80234375 0.075 0.075
0 0.21328125 0.8171875 0.0734375 0.075
0 0.5703125 0.98046875 0.071875 0.0390625
0 0.2328125 0.7109375 0.0734375 0.0734375
0 0.71484375 0.74765625 0.0734375 0.0734375
0 0.090625 0.45625 0.071875 0.071875
0 0.025 0.38984375 0.0359375 0.0640625
0 0.04765625 0.28125 0.0390625 0.0671875
0 0.7765625 0.59375 0.0734375 0.0734375
0 0.34453125 0.0203125 0.0703125 0.040625
0 0.36328125 0.23125 0.0734375 0.0734375
0 0.421875 0.74453125 0.071875 0.071875
0 0.34375 0.17109375 0.0734375 0.0734375
0 0.528125 0.0421875 0.071875 0.071875
0 0.25625 0.43203125 0.0734375 0.0734375
0 0.0703125 0.1734375 0.0421875 0.065625
0 0.2765625 0.66015625 0.0734375 0.075
0 0.3578125 0.903125 0.071875 0.0734375
0 0.39921875 0.52109375 0.0734375 0.071875
0 0.5890625 0.725 0.071875 0.0734375
0 0.8421875 0.771875 0.0734375 0.0734375
0 0.1578125 0.13671875 0.0703125 0.0703125
0 0.65234375 0.23359375 0.0703125 0.0734375
0 0.96171875 0.29140625 0.0734375 0.0734375
0 0.97265625 0.34765625 0.0546875 0.0734375
0 0.528125 0.709375 0.0734375 0.0734375
0 0.06875 0.896875 0.0703125 0.0671875
0 0.2984375 0.38671875 0.0734375 0.0734375
0 0.77421875 0.25625 0.0734375 0.0734375
0 0.28671875 0.01484375 0.0703125 0.0296875
0 0.97421875 0.51328125 0.0515625 0.0734375
0 0.46328125 0.53046875 0.071875 0.0734375
0 0.278125 0.1640625 0.0703125 0.071875
0 0.33828125 0.67265625 0.0734375 0.0734375
0 0.69296875 0.18671875 0.071875 0.0734375
0 0.83671875 0.26953125 0.071875 0.071875
0 0.2546875 0.76796875 0.0734375 0.071875
0 0.0703125 0.734375 0.0734375 0.0734375
0 0.17109375 0.86796875 0.071875 0.071875
0 0.75859375 0.69375 0.071875 0.071875
0 0.52734375 0.2109375 0.0703125 0.071875
0 0.11015625 0.684375 0.071875 0.071875
0 0.80390625 0.97578125 0.0734375 0.0484375
0 0.40078125 0.68828125 0.071875 0.071875
0 0.58828125 0.05390625 0.071875 0.071875
0 0.1328125 0.4109375 0.071875 0.071875
0 0.67734375 0.9625 0.0734375 0.075
0 0.9609375 0.45859375 0.071875 0.071875
0 0.671875 0.46171875 0.071875 0.0703125
0 0.08984375 0.625 0.071875 0.071875
0 0.3421875 0.34296875 0.071875 0.071875
0 0.44375 0.96875 0.071875 0.0625
0 0.1703125 0.7 0.071875 0.0703125
0 0.39921875 0.85390625 0.0734375 0.075
0 0.88125 0.55078125 0.0734375 0.0734375
0 0.6734375 0.7953125 0.071875 0.0703125
0 0.63203125 0.50625 0.0734375 0.0734375
0 0.38046875 0.46171875 0.071875 0.071875
0 0.29609375 0.89140625 0.071875 0.0734375
0 0.73515625 0.6390625 0.071875 0.071875
0 0.4046875 0.18515625 0.071875 0.0734375
0 0.13125 0.91015625 0.071875 0.065625
0 0.2171875 0.1515625 0.071875 0.071875
0 0.06796875 0.56640625 0.0734375 0.0734375
0 0.865625 0.98203125 0.075 0.0359375
0 0.546875 0.771875 0.071875 0.071875
0 0.6859375 0.03984375 0.0640625 0.0359375
0 0.8984375 0.95078125 0.05625 0.071875
0 0.07421875 0.2296875 0.071875 0.071875
0 0.04296875 0.84375 0.071875 0.071875
0 0.13125 0.57734375 0.0734375 0.0734375
0 0.69375 0.68515625 0.0734375 0.0734375
0 0.3203125 0.44765625 0.0734375 0.071875
0 0.31640625 0.78359375 0.071875 0.0703125
0 0.9375 0.73359375 0.0625 0.071875
0 0.7171875 0.91328125 0.0734375 0.0734375
0 0.671875 0.628125 0.0734375 0.071875
0 0.46328125 0.70078125 0.071875 0.071875
0 0.7953125 0.48203125 0.0703125 0.071875
0 0.58671875 0.3890625 0.071875 0.0703125
0 0.8828125 0.89140625 0.075 0.0734375
0 0.0109375 0.4953125 0.021875 0.065625
0 0.9015625 0.4484375 0.071875 0.0703125
0 0.38046875 0.95859375 0.0703125 0.065625
0 0.5484375 0.26796875 0.0734375 0.0734375
0 0.4671875 0.8546875 0.0734375 0.0734375
0 0.6953125 0.5140625 0.0734375 0.0734375
0 0.54765625 0.940625 0.075 0.075
0 0.9453125 0.565625 0.0734375 0.071875
0 0.896875 0.28203125 0.0703125 0.0703125
0 0.44296875 0.00390625 0.0640625 0.0078125
0 0.25703125 0.59921875 0.0734375 0.0734375
0 0.03046875 0.61640625 0.0609375 0.0703125
0 0.48671875 0.42265625 0.071875 0.075
0 0.746875 0.96640625 0.075 0.0671875
0 0.1953125 0.58671875 0.0734375 0.0703125
0 0.69453125 0.98984375 0.0734375 0.0203125
0 0.9234375 0.6734375 0.071875 0.071875