0 0.26953125 0.8390625 0.0671875 0.06875
0 0.1140625 0.87265625 0.0671875 0.0671875
0 0.4421875 0.9703125 0.0671875 0.059375
0 0.565625 0.97734375 0.065625 0.0453125
0 0.1515625 0.82578125 0.0671875 0.0671875
0 0.35625 0.9046875 0.0703125 0.0703125
0 0.41640625 0.91484375 0.0671875 0.0671875
0 0.2359375 0.896875 0.065625 0.065625
0 0.29375 0.89609375 0.06875 0.0703125
0 0.17578125 0.884375 0.0671875 0.0671875
0 0.74765625 0.98984375 0.0671875 0.0203125
0 0.38125 0.96015625 0.065625 0.0640625
0 0.01953125 0.76015625 0.0390625 0.0671875
0 0.19765625 0.9390625 0.065625 0.0609375
0 0.478125 0.921875 0.065625 0.0671875
0 0.08984375 0.821875 0.0671875 0.0671875
0 0.05390625 0.86484375 0.0671875 0.0671875
0 0.03125 0.81484375 0.0625 0.0640625
0 0.334375 0.84765625 0.071875 0.071875
0 0.2578125 0.94609375 0.065625 0.0609375
0 0.0234375 0.9109375 0.046875 0.06875
0 0.78515625 0.9609375 0.06875 0.06875
0 0.128125 0.7671875 0.06875 0.0671875
0 0.68515625 0.9828125 0.0671875 0.034375
0 0.72109375 0.94609375 0.0703125 0.0734375
0 0.31875 0.953125 0.065625 0.0625
0 0.625 0.98046875 0.065625 0.0390625
0 0.0125 0.859375 0.025 0.06875
0 0.06484375 0.765625 0.065625 0.0671875
0 0.1359375 0.92734375 0.06875 0.06875
0 0.2109375 0.83359375 0.0671875 0.0671875
0 0.50546875 0.97578125 0.0640625 0.0484375
0 0.0734375 0.92109375 0.0671875 0.0671875
0 0.83828125 0.9296875 0.0671875 0.0671875
0 0.19140625 0.78828125 0.0671875 0.0671875
0 0.5921875 0.90234375 0.0703125 0.071875
0 0.80859375 0.99453125 0.0640625 0.0109375
0 0.89765625 0.946875 0.0671875 0.0671875
0 0.84375 0.97265625 0.065625 0.0546875