0 0.19140625 0.9203125 0.05859375 0.06015625
0 0.13203125 0.9203125 0.05859375 0.0609375
0 0.075 0.91953125 0.05859375 0.0625
0 0.22421875 0.971875 0.059375 0.05625
0 0.03984375 0.9765625 0.059375 0.046875
0 0.10234375 0.97421875 0.0578125 0.0515625
0 0.16171875 0.9734375 0.059375 0.053125
0 0.253125 0.91875 0.06015625 0.06171875
0 0.0203125 0.92265625 0.040625 0.0609375
0 0.31640625 0.92421875 0.0625 0.06328125
0 0.34453125 0.978125 0.0609375 0.04375
0 0.2828125 0.975 0.0609375 0.05
0 0.37890625 0.921875 0.0625 0.06171875