0 0.990625 0.94140625 0.01875 0.0515625
0 0.88984375 0.9484375 0.0625 0.05625
0 0.95234375 0.94375 0.0625 0.05625
0 0.3375 0.97890625 0.0625 0.0421875
0 0.525 0.9734375 0.0625 0.053125
0 0.21640625 0.98359375 0.0640625 0.0328125
0 0.5828125 0.97265625 0.0609375 0.05
0 0.46171875 0.97421875 0.0640625 0.0515625
0 0.76875 0.95546875 0.0625 0.0578125
0 0.0609375 0.95703125 0.0640625 0.065625
0 0.73125 0.90703125 0.0640625 0.065625
0 0.70703125 0.96015625 0.0640625 0.0578125
0 0.60625 0.9140625 0.0625 0.0640625
0 0.9171875 0.8953125 0.0640625 0.0640625
0 0.85390625 0.903125 0.0640625 0.0640625
0 0.82578125 0.9546875 0.0609375 0.0515625
0 0.7921875 0.91015625 0.0609375 0.0609375
0 0.9734375 0.88984375 0.053125 0.0640625
0 0.0890625 0.9921875 0.0625 0.015625
0 0.27578125 0.98203125 0.0640625 0.0359375
0 0.4 0.97578125 0.0625 0.0484375
0 0.153125 0.984375 0.0625 0.03125
0 0.66640625 0.9140625 0.0640625 0.0640625
0 0.546875 0.92421875 0.0625 0.0640625
0 0.1203125 0.9609375 0.0625 0.0625
0 0.63984375 0.97109375 0.0609375 0.0453125