0 0.946875 0.3328125 0.059375 0.06015625
0 0.81953125 0.32890625 0.0609375 0.06171875
0 0.97109375 0.490625 0.0578125 0.059375
0 0.97265625 0.3859375 0.0546875 0.0625
0 0.94375 0.44375 0.0609375 0.059375
0 0.91484375 0.38828125 0.059375 0.059375
0 0.9734375 0.278125 0.053125 0.059375
0 0.98515625 0.54375 0.0296875 0.0609375
0 0.88125 0.33125 0.0609375 0.06171875
0 0.78984375 0.278125 0.059375 0.05859375
0 0.85078125 0.38515625 0.06015625 0.05859375
0 0.90625 0.4828125 0.059375 0.059375
0 0.8765625 0.43046875 0.06171875 0.059375
0 0.9296875 0.5296875 0.059375 0.05859375
0 0.79140625 0.1796875 0.05625 0.0578125
0 0.7609375 0.2328125 0.05703125 0.0578125
0 0.8921875 0.234375 0.0578125 0.05703125
0 0.97734375 0.6359375 0.0453125 0.0609375
0 0.8578125 0.27734375 0.06171875 0.06015625
0 0.91875 0.2875 0.05859375 0.0578125
0 0.73125 0.1796875 0.05859375 0.059375
0 0.96015625 0.58203125 0.0609375 0.06171875
0 0.825 0.23125 0.059375 0.0578125