0 0.91484375 0.66484375 0.059375 0.059375
0 0.07890625 0.81796875 0.059375 0.06015625
0 0.759375 0.61484375 0.05859375 0.06015625
0 0.3609375 0.4515625 0.06015625 0.0609375
0 0.6359375 0.72265625 0.06015625 0.06015625
0 0.32734375 0.50390625 0.059375 0.06171875
0 0.76015625 0.7234375 0.059375 0.059375
0 0.0484375 0.6546875 0.06015625 0.0625
0 0.63515625 0.93359375 0.06015625 0.0609375
0 0.54296875 0.453125 0.06171875 0.06171875
0 0.35859375 0.66171875 0.059375 0.0609375
0 0.75859375 0.93203125 0.06015625 0.0625
0 0.821875 0.7234375 0.06015625 0.059375
0 0.17109375 0.97421875 0.059375 0.0515625
0 0.79140625 0.87890625 0.06015625 0.0609375
0 0.69921875 0.72265625 0.059375 0.059375
0 0.046875 0.975 0.059375 0.05
0 0.04765625 0.765625 0.059375 0.059375
0 0.63671875 0.6140625 0.06015625 0.059375
0 0.66640625 0.7734375 0.0609375 0.0609375
0 0.790625 0.7734375 0.06015625 0.0609375
0 0.23828125 0.45234375 0.06015625 0.06015625
0 0.4796875 0.56328125 0.05859375 0.0609375
0 0.203125 0.82109375 0.06015625 0.06015625
0 0.4796875 0.66328125 0.059375 0.0609375
0 0.66796875 0.56640625 0.06015625 0.059375
0 0.234375 0.76875 0.0609375 0.0609375
0 0.07734375 0.92578125 0.0609375 0.0609375
0 0.04765625 0.54921875 0.06015625 0.06015625
0 0.1140625 0.44375 0.06171875 0.0625
0 0.23671875 0.6625 0.059375 0.0609375
0 0.8203125 0.6140625 0.0609375 0.059375
0 0.35625 0.77421875 0.059375 0.059375
0 0.9125 0.775 0.059375 0.059375
0 0.94375 0.40546875 0.0609375 0.0625
0 0.696875 0.93515625 0.059375 0.0609375
0 0.11015625 0.7703125 0.0609375 0.06015625
0 0.38828125 0.72265625 0.06015625 0.0609375
0 0.421875 0.45625 0.06015625 0.0609375
0 0.94453125 0.934375 0.059375 0.0609375
0 0.8828125 0.93203125 0.06015625 0.0625
0 0.54296875 0.775 0.0609375 0.06171875
0 0.94453125 0.61640625 0.0578125 0.0578125
0 0.60546875 0.88203125 0.06015625 0.059375
0 0.79140625 0.45625 0.0625 0.0609375
0 0.14453125 0.50078125 0.0609375 0.06171875
0 0.140625 0.92890625 0.06171875 0.0609375
0 0.446875 0.9296875 0.059375 0.06328125
0 0.0828125 0.4984375 0.06015625 0.059375
0 0.2984375 0.6609375 0.0609375 0.06171875
0 0.3 0.45390625 0.06015625 0.0609375
0 0.97265625 0.88046875 0.0546875 0.059375
0 0.853125 0.88203125 0.0609375 0.0609375
0 0.60390625 0.775 0.059375 0.06171875
0 0.60390625 0.5640625 0.06015625 0.059375
0 0.9140625 0.459375 0.05859375 0.059375
0 0.66640625 0.88203125 0.05859375 0.059375
0 0.35546875 0.97421875 0.0609375 0.0515625
0 0.85234375 0.6671875 0.06015625 0.0609375
0 0.6671875 0.66640625 0.0609375 0.0609375
0 0.171875 0.76953125 0.06015625 0.06171875
0 0.6375 0.5109375 0.06015625 0.06171875
0 0.48046875 0.76640625 0.0609375 0.0609375
0 0.69765625 0.5109375 0.059375 0.06015625
0 0.32421875 0.9296875 0.0609375 0.0609375
0 0.54140625 0.56171875 0.06171875 0.0609375
0 0.971875 0.771875 0.05625 0.0609375
0 0.60390625 0.66640625 0.06015625 0.06171875
0 0.08046875 0.6 0.0609375 0.0609375
0 0.790625 0.66796875 0.059375 0.0609375
0 0.91328125 0.87890625 0.06015625 0.059375
0 0.8515625 0.5609375 0.06015625 0.0609375
0 0.88359375 0.82578125 0.06015625 0.059375
0 0.696875 0.828125 0.05859375 0.059375
0 0.971875 0.4609375 0.05625 0.0625
0 0.1109375 0.65859375 0.0609375 0.06171875
0 0.359375 0.56171875 0.05859375 0.059375
0 0.7265625 0.88203125 0.06015625 0.06015625
0 0.021875 0.92734375 0.04375 0.0609375
0 0.6359375 0.82734375 0.059375 0.06015625
0 0.32734375 0.82421875 0.059375 0.06015625
0 0.7890625 0.56875 0.05859375 0.059375
0 0.171875 0.65546875 0.0609375 0.06328125
0 0.4796875 0.87421875 0.0609375 0.06171875
0 0.35703125 0.87734375 0.059375 0.06015625
0 0.02421875 0.5 0.0484375 0.0609375
0 0.7265625 0.77578125 0.05859375 0.06015625
0 0.5734375 0.93359375 0.0609375 0.06171875
0 0.41796875 0.87578125 0.06015625 0.06171875
0 0.453125 0.51015625 0.0609375 0.06015625
0 0.07890625 0.7125 0.06015625 0.0609375
0 0.54296875 0.88046875 0.0609375 0.059375
0 0.7890625 0.978125 0.0609375 0.04375
0 0.5734375 0.82734375 0.06171875 0.06015625
0 0.2671875 0.50625 0.059375 0.06015625
0 0.5109375 0.92734375 0.06171875 0.06328125
0 0.98671875 0.5140625 0.0265625 0.059375
0 0.9125 0.9796875 0.059375 0.040625
0 0.05 0.446875 0.059375 0.0609375
0 0.20546875 0.7140625 0.06015625 0.06015625
0 0.57734375 0.40703125 0.06015625 0.0609375
0 0.8828125 0.51015625 0.06015625 0.059375
0 0.20703125 0.6109375 0.059375 0.059375
0 0.32734375 0.7203125 0.06015625 0.06015625
0 0.5734375 0.61328125 0.0609375 0.0609375
0 0.29765625 0.77109375 0.0609375 0.06171875
0 0.540625 0.6625 0.0609375 0.06328125
0 0.3890625 0.50390625 0.06171875 0.0625
0 0.23203125 0.975 0.0625 0.05
0 0.20546875 0.39296875 0.05859375 0.0609375
0 0.728125 0.45859375 0.06015625 0.06015625
0 0.3875 0.93359375 0.059375 0.059375
0 0.41953125 0.665625 0.06171875 0.0609375
0 0.85390625 0.45859375 0.05859375 0.059375
0 0.72890625 0.6703125 0.059375 0.05859375
0 0.8515625 0.9796875 0.059375 0.040625
0 0.17421875 0.553125 0.0609375 0.0609375
0 0.0453125 0.87109375 0.059375 0.0609375
0 0.94375 0.82734375 0.059375 0.059375
0 0.759375 0.50859375 0.0609375 0.0609375
0 0.72734375 0.9796875 0.059375 0.040625
0 0.66796875 0.46171875 0.06015625 0.06015625
0 0.328125 0.60625 0.06015625 0.059375
0 0.1078125 0.8703125 0.0609375 0.0609375
0 0.81953125 0.825 0.06171875 0.0609375
0 0.57421875 0.509375 0.0609375 0.0609375
0 0.2640625 0.821875 0.0609375 0.06171875
0 0.4484375 0.61328125 0.059375 0.06015625
0 0.88203125 0.7203125 0.06015625 0.0609375
0 0.0234375 0.71328125 0.046875 0.0609375
0 0.51015625 0.82734375 0.06015625 0.06015625
0 0.8203125 0.93359375 0.0609375 0.0625
0 0.2984375 0.5609375 0.05859375 0.059375
0 0.41796875 0.7734375 0.06015625 0.0609375
0 0.5734375 0.725 0.06015625 0.06015625
0 0.2078125 0.50234375 0.06015625 0.06171875
0 0.5140625 0.51015625 0.05859375 0.059375
0 0.23203125 0.87265625 0.059375 0.06171875
0 0.1125 0.55703125 0.0609375 0.06015625
0 0.14375 0.60859375 0.0609375 0.059375
0 0.971875 0.978125 0.05625 0.04375
0 0.17734375 0.44921875 0.0609375 0.0609375
0 0.29375 0.9765625 0.0609375 0.046875
0 0.0234375 0.60390625 0.046875 0.059375
0 0.51328125 0.71875 0.06171875 0.06171875
0 0.69609375 0.621875 0.05859375 0.0578125
0 0.91484375 0.56015625 0.06015625 0.0609375
0 0.23671875 0.55859375 0.0609375 0.06171875
0 0.26640625 0.61484375 0.059375 0.0578125
0 0.60703125 0.9796875 0.0578125 0.040625
0 0.88046875 0.409375 0.05859375 0.06015625
0 0.45625 0.40234375 0.059375 0.0609375
0 0.1078125 0.9765625 0.0609375 0.046875
0 0.38671875 0.82578125 0.0609375 0.059375
0 0.16875 0.87265625 0.06015625 0.06171875
0 0.70078125 0.40703125 0.0625 0.06171875
0 0.29375 0.87578125 0.0609375 0.0609375
0 0.609375 0.45703125 0.0609375 0.0609375
0 0.515625 0.396875 0.06015625 0.0609375
0 0.72734375 0.56875 0.06015625 0.0609375
0 0.971875 0.565625 0.05625 0.0578125
0 0.4484375 0.71796875 0.0609375 0.0609375
0 0.1390625 0.821875 0.059375 0.06015625
0 0.82109375 0.50859375 0.0609375 0.06015625
0 0.4203125 0.5609375 0.059375 0.06015625
0 0.75703125 0.83203125 0.05859375 0.0578125
0 0.48125 0.4640625 0.059375 0.059375
0 0.9453125 0.71640625 0.06015625 0.06015625
0 0.14375 0.390625 0.059375 0.06015625
0 0.39453125 0.3984375 0.0609375 0.06015625
0 0.14140625 0.71484375 0.0609375 0.0609375
0 0.66640625 0.9796875 0.059375 0.040625
0 0.971875 0.66328125 0.05625 0.0609375
0 0.54375 0.98046875 0.0609375 0.0390625
0 0.33125 0.39765625 0.06015625 0.06015625
0 0.51015625 0.6234375 0.059375 0.0578125
0 0.2640625 0.3765625 0.06171875 0.06640625
0 0.47890625 0.98203125 0.0609375 0.0359375
0 0.02265625 0.825 0.0453125 0.059375
0 0.8828125 0.6203125 0.0578125 0.05859375
0 0.26171875 0.9359375 0.06015625 0.06015625
0 0.94140625 0.5203125 0.05859375 0.0578125
0 0.26640625 0.71796875 0.06015625 0.059375
0 0.3875 0.6203125 0.05859375 0.05625
0 0.82109375 0.41015625 0.059375 0.0609375
0 0.85078125 0.7796875 0.05859375 0.0609375
0 0.41875 0.98125 0.059375 0.0375
0 0.6359375 0.40859375 0.059375 0.0609375
0 0.20078125 0.9328125 0.06171875 0.06015625
0 0.07890625 0.3984375 0.059375 0.05625
0 0.4515625 0.83203125 0.05859375 0.05625