0 0.78125 0.20078125 0.071875 0.071875
0 0.909375 0.21875 0.0703125 0.0703125
0 0.88359375 0.15625 0.06875 0.0703125
0 0.75625 0.14375 0.0703125 0.0703125
0 0.73046875 0.0828125 0.06875 0.06875
0 0.96328125 0.334375 0.0703125 0.0703125
0 0.96953125 0.2265625 0.0609375 0.071875
0 0.83203125 0.05703125 0.06875 0.046875
0 0.89609375 0.328125 0.0734375 0.071875
0 0.99609375 0.34375 0.0078125 0.065625
0 0.86953125 0.26875 0.0703125 0.071875
0 0.92578125 0.38515625 0.0703125 0.0703125
0 0.89609375 0.0640625 0.06875 0.0453125
0 0.7953125 0.0921875 0.071875 0.0703125
0 0.86015625 0.1015625 0.0703125 0.0703125
0 0.884375 0.4359375 0.0734375 0.071875
0 0.76796875 0.04609375 0.065625 0.040625
0 0.70703125 0.03828125 0.065625 0.040625
0 0.9609375 0.07109375 0.065625 0.04375
0 0.7140625 0.196875 0.06875 0.06875
0 0.84453125 0.2109375 0.0703125 0.071875
0 0.9203125 0.10625 0.0671875 0.0671875
0 0.80390625 0.259375 0.0703125 0.0703125
0 0.8546875 0.38125 0.071875 0.0703125
0 0.97734375 0.39296875 0.0453125 0.0671875
0 0.78984375 0.371875 0.0703125 0.0703125
0 0.83125 0.32421875 0.06875 0.06875
0 0.81875 0.146875 0.0703125 0.0703125
0 0.63984375 0.03125 0.0671875 0.04375
0 0.93671875 0.278125 0.071875 0.071875
0 0.7359375 0.25625 0.0703125 0.071875
0 0.765625 0.3140625 0.071875 0.0734375
0 0.95234375 0.440625 0.071875 0.0703125
0 0.81328125 0.43359375 0.071875 0.071875
0 0.98984375 0.1734375 0.0203125 0.071875
0 0.909375 0.503125 0.0734375 0.0734375
0 0.690625 0.13359375 0.06875 0.071875
0 0.840625 0.4890625 0.0734375 0.0734375
0 0.66640625 0.0765625 0.0703125 0.0703125
0 0.95078125 0.14921875 0.0703125 0.06875
0 0.86015625 0.584375 0.08125 0.0828125
0 0.9796875 0.10703125 0.040625 0.0671875