0 0.91171875 0.78515625 0.071875 0.0734375
0 0.7765625 0.86796875 0.071875 0.071875
0 0.49296875 0.8734375 0.0703125 0.071875
0 0.36796875 0.89609375 0.071875 0.0734375
0 0.79609375 0.8109375 0.071875 0.071875
0 0.9890625 0.81953125 0.021875 0.0734375
0 0.8984375 0.85078125 0.06875 0.06875
0 0.95390625 0.83125 0.0734375 0.0734375
0 0.83828125 0.85859375 0.071875 0.071875
0 0.5328125 0.91953125 0.071875 0.0734375
0 0.51171875 0.9734375 0.0703125 0.053125
0 0.6375 0.796875 0.0703125 0.071875
0 0.8765625 0.903125 0.06875 0.065625
0 0.553125 0.86015625 0.0734375 0.071875
0 0.73671875 0.82734375 0.071875 0.071875
0 0.71640625 0.8796875 0.071875 0.071875
0 0.67890625 0.840625 0.06875 0.06875
0 0.96875 0.77265625 0.0625 0.0765625
0 0.9359375 0.890625 0.06875 0.065625
0 0.59296875 0.9046875 0.075 0.075
0 0.4734375 0.934375 0.0703125 0.0703125
0 0.69375 0.93671875 0.0734375 0.0734375
0 0.7546875 0.76328125 0.0734375 0.0703125
0 0.5125 0.81328125 0.071875 0.0703125
0 0.9796875 0.87734375 0.040625 0.0671875
0 0.65546875 0.8953125 0.0734375 0.0734375
0 0.42890625 0.8859375 0.071875 0.0734375
0 0.571875 0.9640625 0.071875 0.071875
0 0.6953125 0.78203125 0.0703125 0.071875
0 0.81484375 0.9125 0.071875 0.0734375
0 0.85546875 0.79921875 0.071875 0.071875
0 0.753125 0.92578125 0.071875 0.071875
0 0.328125 0.853125 0.0703125 0.0703125
0 0.41015625 0.94453125 0.0703125 0.0703125
0 0.57578125 0.8046875 0.071875 0.071875
0 0.634375 0.953125 0.071875 0.06875
0 0.44453125 0.97421875 0.0734375 0.0515625
0 0.821875 0.7625 0.071875 0.071875
0 0.309375 0.75625 0.0671875 0.06875
0 0.290625 0.81484375 0.0671875 0.06875
0 0.41953125 0.7890625 0.06875 0.0671875
0 0.39453125 0.83828125 0.0734375 0.071875
0 0.45625 0.83515625 0.06875 0.06875
0 0.25078125 0.76875 0.0703125 0.0703125
0 0.621875 0.8546875 0.071875 0.0703125
0 0.353125 0.8 0.0703125 0.06875