0 0.7546875 0.078125 0.0609375 0.06015625
0 0.6015625 0.025 0.0609375 0.05
0 0.62265625 0.28984375 0.06328125 0.0640625
0 0.87265625 0.5125 0.0625 0.06171875
0 0.9109375 0.1359375 0.06015625 0.0625
0 0.78515625 0.13203125 0.06015625 0.06171875
0 0.753125 0.29453125 0.06015625 0.0625
0 0.96953125 0.353125 0.0609375 0.0625
0 0.63046875 0.0765625 0.06171875 0.06171875
0 0.903125 0.56875 0.0609375 0.06171875
0 0.81875 0.07890625 0.06171875 0.0609375
0 0.90546875 0.3515625 0.06171875 0.0625
0 0.9359375 0.51484375 0.0625 0.06171875
0 0.9796875 0.84140625 0.040625 0.065625
0 0.98203125 0.73046875 0.0359375 0.0625
0 0.74453125 0.51484375 0.06171875 0.06328125
0 0.95859375 0.78671875 0.06328125 0.06328125
0 0.91015625 0.24375 0.06015625 0.0609375
0 0.8171875 0.19140625 0.0609375 0.0609375
0 0.875 0.40703125 0.0609375 0.0625
0 0.659375 0.12890625 0.06171875 0.06171875
0 0.8078125 0.5125 0.06328125 0.06328125
0 0.6640625 0.02578125 0.0609375 0.0515625
0 0.74921875 0.39921875 0.06171875 0.0625
0 0.8140625 0.29375 0.06171875 0.06171875
0 0.97265625 0.02890625 0.0546875 0.0578125
0 0.50078125 0.07265625 0.0609375 0.0625
0 0.59140625 0.234375 0.0609375 0.06328125
0 0.71171875 0.453125 0.0625 0.06328125
0 0.93359375 0.621875 0.06171875 0.06328125
0 0.69296875 0.0765625 0.06171875 0.0609375
0 0.5375 0.025 0.0625 0.05
0 0.9703125 0.1359375 0.059375 0.0625
0 0.93984375 0.29609375 0.0609375 0.0609375
0 0.98515625 0.51640625 0.0296875 0.0625
0 0.96796875 0.56953125 0.0625 0.0625
0 0.93828125 0.40625 0.0625 0.06171875
0 0.75390625 0.1859375 0.0609375 0.06171875
0 0.84609375 0.134375 0.06171875 0.0625
0 0.72578125 0.02734375 0.0609375 0.0546875
0 0.9125 0.02890625 0.059375 0.0578125
0 0.83984375 0.56875 0.06171875 0.06328125
0 0.62734375 0.18359375 0.06171875 0.06171875
0 0.878125 0.2953125 0.06015625 0.059375
0 0.775 0.4546875 0.0640625 0.0640625
0 0.86484375 0.728125 0.0625 0.0625
0 0.7234375 0.13046875 0.0609375 0.0625
0 0.72265625 0.240625 0.06171875 0.06328125
0 0.9046875 0.46015625 0.06171875 0.06171875
0 0.9015625 0.67734375 0.06328125 0.06328125
0 0.6890625 0.29375 0.0625 0.0625
0 0.8125 0.403125 0.0609375 0.0640625
0 0.97890625 0.94921875 0.0421875 0.059375
0 0.9859375 0.29609375 0.028125 0.0609375
0 0.65703125 0.240625 0.06328125 0.0625
0 0.87890625 0.19140625 0.06015625 0.06015625
0 0.8828125 0.08203125 0.0625 0.06171875
0 0.85 0.02890625 0.059375 0.0578125
0 0.596875 0.1296875 0.0625 0.06171875
0 0.94453125 0.084375 0.06015625 0.0609375
0 0.940625 0.19453125 0.059375 0.06015625
0 0.84765625 0.24375 0.0609375 0.06171875
0 0.86796875 0.62265625 0.0609375 0.0609375
0 0.77734375 0.56875 0.06171875 0.06171875
0 0.56484375 0.071875 0.06171875 0.0640625
0 0.96328125 0.67890625 0.0625 0.06328125
0 0.9828125 0.62421875 0.034375 0.0625
0 0.9296875 0.73203125 0.0625 0.0625
0 0.96875 0.459375 0.0609375 0.0625
0 0.690625 0.18359375 0.06171875 0.06171875
0 0.78828125 0.02890625 0.0609375 0.0578125
0 0.65625 0.34765625 0.0625 0.06328125
0 0.84375 0.4609375 0.0609375 0.06015625
0 0.56015625 0.178125 0.0640625 0.0625
0 0.78671875 0.2421875 0.0609375 0.0625
0 0.9859375 0.19140625 0.028125 0.0609375
0 0.95546875 0.896875 0.06171875 0.06171875
0 0.78359375 0.34765625 0.0609375 0.06015625
0 0.4734375 0.025 0.0609375 0.05
0 0.8078125 0.625 0.0609375 0.0609375
0 0.92734375 0.840625 0.06171875 0.06328125
0 0.98515625 0.4078125 0.0296875 0.0625
0 0.84375 0.346875 0.059375 0.06015625
0 0.5328125 0.128125 0.0609375 0.06015625
0 0.8375 0.67265625 0.0609375 0.06015625
0 0.71953125 0.34609375 0.06171875 0.06171875
0 0.9703125 0.24609375 0.059375 0.0609375
0 0.68515625 0.39765625 0.0640625 0.0609375
0 0.8953125 0.7890625 0.059375 0.059375