0 0.971875 0.8234375 0.05625 0.065625
0 0.85 0.83125 0.065625 0.0671875
0 0.98828125 0.87421875 0.0234375 0.0671875
0 0.975 0.93125 0.05 0.059375
0 0.95 0.88203125 0.0640625 0.0640625
0 0.984375 0.76640625 0.03125 0.0640625
0 0.91171875 0.828125 0.065625 0.0671875
0 0.815625 0.7828125 0.0640625 0.0640625
0 0.8859375 0.884375 0.065625 0.0640625
0 0.915625 0.92734375 0.0671875 0.0640625
0 0.80859375 0.684375 0.0609375 0.0625
0 0.7828125 0.740625 0.0625 0.0625
0 0.9140625 0.73046875 0.0625 0.0625
0 0.88359375 0.7765625 0.0671875 0.065625
0 0.9453125 0.78125 0.0640625 0.0625
0 0.7484375 0.68984375 0.0640625 0.0640625
0 0.846875 0.7328125 0.0640625 0.0625