0 0.90546875 0.934375 0.0640625 0.0578125
0 0.96796875 0.92734375 0.0640625 0.0578125
0 0.35546875 0.98125 0.0640625 0.0375
0 0.54140625 0.97265625 0.0640625 0.0546875
0 0.234375 0.9875 0.065625 0.025
0 0.6 0.96953125 0.0625 0.0515625
0 0.478125 0.97421875 0.065625 0.0515625
0 0.784375 0.94609375 0.0640625 0.059375
0 0.0765625 0.96875 0.065625 0.0625
0 0.7453125 0.8984375 0.065625 0.0671875
0 0.72265625 0.95234375 0.065625 0.059375
0 0.62109375 0.91015625 0.0640625 0.065625
0 0.93046875 0.88046875 0.065625 0.065625
0 0.86796875 0.890625 0.065625 0.065625
0 0.84140625 0.94296875 0.0625 0.053125
0 0.80625 0.9 0.0625 0.0625
0 0.9796875 0.8734375 0.040625 0.065625
0 0.2921875 0.98515625 0.065625 0.0296875
0 0.41640625 0.97734375 0.0640625 0.0453125
0 0.17109375 0.990625 0.0640625 0.01875
0 0.68046875 0.90859375 0.065625 0.065625
0 0.56171875 0.92265625 0.0640625 0.065625
0 0.13671875 0.97109375 0.0640625 0.0578125
0 0.65625 0.965625 0.0625 0.046875