0 0.93125 0.43203125 0.0703125 0.071875
0 0.19921875 0.28671875 0.0703125 0.071875
0 0.66796875 0.1625 0.0703125 0.0703125
0 0.04921875 0.86015625 0.0703125 0.071875
0 0.70625 0.77265625 0.0703125 0.0703125
0 0.384375 0.16328125 0.06875 0.06875
0 0.62578125 0.37578125 0.0703125 0.0703125
0 0.83125 0.9625 0.0703125 0.071875
0 0.3984375 0.709375 0.0703125 0.0703125
0 0.5828125 0.58359375 0.0703125 0.0703125
0 0.4 0.875 0.071875 0.071875
0 0.60390625 0.80859375 0.0703125 0.071875
0 0.6890625 0.21953125 0.0703125 0.071875
0 0.9796875 0.1171875 0.040625 0.071875
0 0.3578125 0.92421875 0.0703125 0.071875
0 0.58515625 0.75 0.0703125 0.0703125
0 0.82734375 0.79765625 0.071875 0.071875
0 0.978125 0.2828125 0.04375 0.071875
0 0.1984375 0.44921875 0.0703125 0.0703125
0 0.05625 0.36640625 0.071875 0.071875
0 0.27734375 0.6890625 0.0703125 0.071875
0 0.30546875 0.090625 0.071875 0.071875
0 0.36328125 0.2640625 0.0703125 0.0703125
0 0.45859375 0.7234375 0.071875 0.071875
0 0.5640625 0.99296875 0.065625 0.0140625
0 0.96875 0.2203125 0.0625 0.071875
0 0.72578125 0.66796875 0.0703125 0.0734375
0 0.0921875 0.8140625 0.071875 0.071875
0 0.5421875 0.796875 0.071875 0.071875
0 0.0796875 0.2609375 0.0703125 0.0734375
0 0.06796875 0.2046875 0.05 0.0671875
0 0.88984375 0.64609375 0.071875 0.071875
0 0.56953125 0.0328125 0.0703125 0.065625
0 0.91171875 0.37421875 0.0703125 0.071875
0 0.01328125 0.5203125 0.0265625 0.065625
0 0.23515625 0.7328125 0.071875 0.0734375
0 0.75234375 0.0703125 0.0703125 0.0703125
0 0.68828125 0.38671875 0.0703125 0.071875
0 0.17890625 0.39296875 0.071875 0.071875
0 0.421875 0.6046875 0.071875 0.0734375
0 0.93125 0.27265625 0.0703125 0.0703125
0 0.66796875 0.3265625 0.071875 0.071875
0 0.1765625 0.55390625 0.071875 0.071875
0 0.37890625 0.6484375 0.071875 0.071875
0 0.73125 0.17265625 0.071875 0.071875
0 0.4203125 0.76875 0.0703125 0.071875
0 0.809375 0.40859375 0.071875 0.0734375
0 0.64140625 0.59765625 0.0703125 0.071875
0 0.3375 0.70078125 0.0703125 0.071875
0 0.234375 0.896875 0.071875 0.0734375
0 0.4796875 0.946875 0.0734375 0.075
0 0.64609375 0.76171875 0.071875 0.0703125
0 0.7265625 0.83046875 0.071875 0.071875
0 0.38203125 0.32265625 0.071875 0.0703125
0 0.4234375 0.27578125 0.071875 0.071875
0 0.48125 0.78359375 0.0734375 0.0734375
0 0.2609375 0.3 0.0734375 0.0734375
0 0.6046875 0.47734375 0.071875 0.071875
0 0.91015625 0.86796875 0.065625 0.0703125
0 0.50546875 0.34921875 0.071875 0.071875
0 0.5609375 0.525 0.0703125 0.0703125
0 0.665625 0.975 0.071875 0.05
0 0.31875 0.475 0.071875 0.071875
0 0.7671875 0.4578125 0.0703125 0.0703125
0 0.33671875 0.865625 0.071875 0.0734375
0 0.62421875 0.5359375 0.071875 0.071875
0 0.2421875 0.2390625 0.071875 0.0734375
0 0.32421875 0.15 0.0703125 0.071875
0 0.78671875 0.678125 0.0703125 0.071875
0 0.6046875 0.64296875 0.0703125 0.071875
0 0.74765625 0.3984375 0.0703125 0.071875
0 0.93359375 0.10703125 0.0703125 0.0703125
0 0.73046875 0.3390625 0.071875 0.071875
0 0.0546875 0.53125 0.071875 0.071875
0 0.5484375 0.13359375 0.071875 0.071875
0 0.85 0.85859375 0.071875 0.0734375
0 0.54375 0.96015625 0.071875 0.0734375
0 0.5015625 0.98515625 0.065625 0.0296875
0 0.87109375 0.259375 0.0703125 0.071875
0 0.790625 0.3515625 0.071875 0.071875
0 0.29609375 0.74609375 0.0703125 0.0703125
0 0.5828125 0.9140625 0.071875 0.071875
0 0.7265625 0.98046875 0.071875 0.0390625
0 0.909375 0.703125 0.071875 0.071875
0 0.19375 0.93359375 0.065625 0.0421875
0 0.68984375 0.059375 0.0703125 0.071875
0 0.871875 0.4203125 0.071875 0.071875
0 0.8734375 0.09453125 0.071875 0.071875
0 0.81171875 0.2453125 0.0703125 0.0734375
0 0.0703125 0.75234375 0.071875 0.071875
0 0.80625 0.90703125 0.0703125 0.071875
0 0.86875 0.91640625 0.071875 0.071875
0 0.853125 0.3625 0.0703125 0.0703125
0 0.36328125 0.10390625 0.0703125 0.0703125
0 0.4421875 0.5 0.0703125 0.071875
0 0.2390625 0.40625 0.0703125 0.071875
0 0.24375 0.078125 0.071875 0.071875
0 0.6109375 0.1484375 0.0703125 0.0703125
0 0.56796875 0.19296875 0.071875 0.071875
0 0.265625 0.13359375 0.0703125 0.071875
0 0.25625 0.625 0.0703125 0.071875
0 0.25625 0.94453125 0.065625 0.0453125
0 0.3 0.415625 0.071875 0.0734375
0 0.315625 0.95703125 0.065625 0.04375
0 0.115625 0.5421875 0.0703125 0.0734375
0 0.76484375 0.7859375 0.071875 0.071875
0 0.44453125 0.1734375 0.071875 0.071875
0 0.88828125 0.96953125 0.0671875 0.0609375
0 0.6640625 0.8203125 0.0703125 0.0734375
0 0.48515625 0.2921875 0.071875 0.071875
0 0.01171875 0.68359375 0.0234375 0.0703125
0 0.27578125 0.521875 0.0703125 0.071875
0 0.85390625 0.2 0.0703125 0.071875
0 0.2765625 0.85234375 0.071875 0.071875
0 0.31640625 0.63671875 0.071875 0.0734375
0 0.48203125 0.453125 0.071875 0.071875
0 0.503125 0.51015625 0.071875 0.071875
0 0.17890625 0.22734375 0.0703125 0.0703125
0 0.11171875 0.70546875 0.071875 0.071875
0 0.953125 0.49453125 0.0703125 0.071875
0 0.4625 0.55703125 0.0734375 0.0734375
0 0.64296875 0.9265625 0.071875 0.0734375
0 0.4046875 0.05234375 0.0703125 0.071875
0 0.02265625 0.5734375 0.0453125 0.071875
0 0.1328125 0.7640625 0.0734375 0.071875
0 0.29921875 0.58125 0.0703125 0.071875
0 0.62890625 0.046875 0.071875 0.071875
0 0.56484375 0.690625 0.0703125 0.0703125
0 0.91328125 0.2109375 0.071875 0.071875
0 0.7125 0.11484375 0.071875 0.0703125
0 0.70703125 0.93828125 0.071875 0.071875
0 0.7875 0.51484375 0.071875 0.0703125
0 0.746875 0.56171875 0.071875 0.0703125
0 0.52421875 0.57421875 0.0703125 0.0703125
0 0.96796875 0.3859375 0.0640625 0.071875
0 0.52890625 0.07578125 0.071875 0.0703125
0 0.5234375 0.409375 0.071875 0.071875
0 0.15625 0.49609375 0.0703125 0.071875
0 0.36015625 0.59296875 0.0703125 0.071875
0 0.1734375 0.7171875 0.0734375 0.0734375
0 0.0125 0.84921875 0.025 0.0734375
0 0.665625 0.48984375 0.071875 0.071875
0 0.109375 0.01484375 0.053125 0.0296875
0 0.02265625 0.740625 0.0453125 0.071875
0 0.3796875 0.4875 0.071875 0.071875
0 0.48515625 0.12578125 0.071875 0.071875
0 0.30390625 0.25234375 0.0703125 0.071875
0 0.0234375 0.41953125 0.0453125 0.0640625
0 0.98984375 0.17265625 0.0203125 0.0703125
0 0.95 0.6546875 0.06875 0.0703125
0 0.46171875 0.890625 0.071875 0.0734375
0 0.5265625 0.24140625 0.0734375 0.071875
0 0.80703125 0.5734375 0.0734375 0.0734375
0 0.684375 0.546875 0.071875 0.071875
0 0.296875 0.9109375 0.071875 0.071875
0 0.98828125 0.34375 0.0234375 0.06875
0 0.13828125 0.27265625 0.0703125 0.071875
0 0.83125 0.13984375 0.071875 0.0703125
0 0.828125 0.63359375 0.0734375 0.071875
0 0.3609375 0.43203125 0.071875 0.0703125
0 0.521875 0.73828125 0.071875 0.071875
0 0.28515625 0.034375 0.0734375 0.06875
0 0.2171875 0.50703125 0.0703125 0.071875
0 0.4625 0.39765625 0.0703125 0.071875
0 0.6078125 0.3140625 0.071875 0.071875
0 0.11875 0.37890625 0.071875 0.071875
0 0.603125 0.96875 0.071875 0.0625
0 0.6859375 0.8796875 0.071875 0.0734375
0 0.70390625 0.60859375 0.071875 0.071875
0 0.484375 0.6171875 0.0734375 0.0734375
0 0.153125 0.82890625 0.071875 0.071875
0 0.75 0.23125 0.071875 0.0734375
0 0.82734375 0.46796875 0.071875 0.0734375
0 0.96796875 0.55234375 0.0640625 0.0703125
0 0.0984375 0.3203125 0.071875 0.071875
0 0.0328125 0.803125 0.065625 0.071875
0 0.81015625 0.08359375 0.0703125 0.071875
0 0.85078125 0.5265625 0.0734375 0.071875
0 0.15234375 0.66171875 0.071875 0.071875
0 0.23828125 0.56953125 0.071875 0.071875
0 0.18046875 0.06640625 0.071875 0.0703125
0 0.78671875 0.84453125 0.071875 0.071875
0 0.665625 0.65546875 0.071875 0.0734375
0 0.646875 0.4328125 0.0703125 0.071875
0 0.503125 0.6765625 0.071875 0.071875
0 0.03203125 0.634375 0.0640625 0.071875
0 0.090625 0.6453125 0.071875 0.0734375
0 0.07421875 0.4265625 0.071875 0.071875
0 0.2140625 0.840625 0.071875 0.071875
0 0.64765625 0.26796875 0.0703125 0.071875
0 0.3859375 0.0140625 0.06875 0.028125
0 0.35703125 0.7546875 0.0703125 0.0734375
0 0.46171875 0.228125 0.071875 0.071875
0 0.221875 0.025 0.075 0.05
0 0.2546875 0.78984375 0.071875 0.071875
0 0.95390625 0.3296875 0.0703125 0.0703125
0 0.34375 0.2046875 0.0703125 0.0703125
0 0.41796875 0.9359375 0.0734375 0.0734375
0 0.89296875 0.15234375 0.071875 0.071875
0 0.62421875 0.70390625 0.0703125 0.0703125
0 0.37890625 0.8171875 0.071875 0.071875
0 0.62421875 0.86953125 0.071875 0.0734375
0 0.4203125 0.44296875 0.06875 0.0703125
0 0.221875 0.17890625 0.071875 0.071875
0 0.046875 0.3109375 0.0484375 0.065625
0 0.0484375 0.69453125 0.0703125 0.071875
0 0.68359375 0.71640625 0.06875 0.06875
0 0.58828125 0.253125 0.0703125 0.071875
0 0.31875 0.80390625 0.0703125 0.071875
0 0.590625 0.0921875 0.0703125 0.0703125
0 0.2796875 0.35859375 0.071875 0.071875
0 0.340625 0.3703125 0.071875 0.071875
0 0.65 0.103125 0.071875 0.0703125
0 0.80703125 0.7375 0.071875 0.071875
0 0.16015625 0.0203125 0.0703125 0.040625
0 0.11953125 0.05390625 0.0703125 0.0703125
0 0.728125 0.50234375 0.0703125 0.071875
0 0.5625 0.853125 0.071875 0.071875
0 0.32578125 0.01015625 0.0703125 0.0203125
0 0.5 0.840625 0.071875 0.071875
0 0.6265625 0.2078125 0.0703125 0.071875
0 0.465625 0.06171875 0.0734375 0.0734375
0 0.74609375 0.8921875 0.0703125 0.071875
0 0.76796875 0.9546875 0.071875 0.0734375
0 0.07109375 0.90625 0.0671875 0.05
0 0.403125 0.38125 0.071875 0.0734375
0 0.1609375 0.1640625 0.071875 0.0734375
0 0.95390625 0.7140625 0.0375 0.065625
0 0.134375 0.6015625 0.071875 0.0703125
0 0.89140625 0.31875 0.0703125 0.071875
0 0.584375 0.4203125 0.071875 0.071875
0 0.52109375 0.90390625 0.071875 0.071875
0 0.91328125 0.92421875 0.0375 0.065625
0 0.2828125 0.19453125 0.071875 0.071875
0 0.215625 0.675 0.071875 0.071875
0 0.92890625 0.76171875 0.06875 0.071875
0 0.39609375 0.5484375 0.071875 0.071875
0 0.709375 0.27734375 0.0734375 0.071875
0 0.2171875 0.34453125 0.071875 0.0703125
0 0.37734375 0.96953125 0.0640625 0.0421875
0 0.25703125 0.46640625 0.0703125 0.0703125
0 0.7453125 0.72421875 0.071875 0.071875
0 0.1125 0.8734375 0.071875 0.071875
0 0.13359375 0.91875 0.0671875 0.0484375
0 0.54296875 0.46796875 0.0703125 0.071875
0 0.93359375 0.81875 0.0375 0.0640625
0 0.09453125 0.484375 0.0703125 0.071875
0 0.7921875 0.1890625 0.071875 0.071875
0 0.43984375 0.97890625 0.0671875 0.0421875
0 0.20234375 0.121875 0.0703125 0.071875
0 0.1953125 0.6109375 0.071875 0.0734375
0 0.15625 0.33515625 0.071875 0.071875
0 0.1953125 0.78046875 0.071875 0.071875
0 0.76953125 0.1328125 0.0671875 0.06875
0 0.83046875 0.3046875 0.071875 0.071875
0 0.44375 0.3375 0.071875 0.071875
0 0.56640625 0.3625 0.071875 0.071875
0 0.978125 0.44375 0.04375 0.071875
0 0.86875 0.7515625 0.071875 0.071875
0 0.890625 0.4828125 0.071875 0.071875
0 0.096875 0.15859375 0.0734375 0.071875
0 0.87421875 0.58203125 0.075 0.075
0 0.846875 0.69453125 0.071875 0.071875
0 0.17421875 0.88671875 0.0734375 0.075
0 0.403125 0.2171875 0.0703125 0.0703125
0 0.50546875 0.02890625 0.0703125 0.0578125
0 0.4390625 0.66796875 0.0703125 0.0703125
0 0.03359375 0.46953125 0.0671875 0.0703125
0 0.546875 0.30390625 0.071875 0.0703125
0 0.76328125 0.62265625 0.0703125 0.0703125
0 0.50546875 0.18359375 0.0703125 0.0734375
0 0.9515625 0.165625 0.0703125 0.0703125
0 0.9125 0.53984375 0.0734375 0.0703125
0 0.0890625 0.10234375 0.053125 0.06875
0 0.42265625 0.11953125 0.0703125 0.0703125
0 0.70625 0.4515625 0.0703125 0.0703125
0 0.140625 0.1125 0.071875 0.0734375
0 0.34375 0.046875 0.06875 0.06875
0 0.071875 0.58984375 0.071875 0.071875
0 0.8921875 0.81328125 0.071875 0.0703125
0 0.02109375 0.8953125 0.0421875 0.046875
0 0.7859375 0.9890625 0.071875 0.021875
0 0.1375 0.43984375 0.0703125 0.0703125
0 0.32109375 0.31640625 0.0703125 0.0703125
0 0.546875 0.63046875 0.0703125 0.071875
0 0.93203125 0.6 0.0703125 0.0703125
0 0.44453125 0.02421875 0.0703125 0.0484375
0 0.334375 0.54140625 0.06875 0.06875
0 0.11953125 0.22109375 0.0703125 0.0703125
0 0.76640625 0.2984375 0.0703125 0.06875
0 0.4390625 0.82578125 0.06875 0.06875