0 0.65234375 0.03359375 0.0734375 0.0671875
0 0.49140625 0.02265625 0.0703125 0.0453125
0 0.571875 0.26796875 0.0765625 0.0765625
0 0.865625 0.428125 0.075 0.0734375
0 0.81875 0.053125 0.0734375 0.075
0 0.6953125 0.07734375 0.071875 0.0734375
0 0.70078125 0.24296875 0.0734375 0.075
0 0.92421875 0.2515625 0.0734375 0.075
0 0.53203125 0.0578125 0.0734375 0.0734375
0 0.90859375 0.4765625 0.0734375 0.0734375
0 0.71484375 0.02734375 0.0734375 0.0546875
0 0.86171875 0.2640625 0.0734375 0.075
0 0.928125 0.41640625 0.075 0.0734375
0 0.74140625 0.459375 0.075 0.075
0 0.98671875 0.67578125 0.0265625 0.0765625
0 0.8421875 0.1578125 0.071875 0.0734375
0 0.73984375 0.128125 0.0734375 0.0734375
0 0.84453125 0.325 0.0734375 0.075
0 0.571875 0.10234375 0.0734375 0.0734375
0 0.803125 0.44296875 0.0765625 0.0765625
0 0.55234375 0.01640625 0.0703125 0.0328125
0 0.7203125 0.34609375 0.0734375 0.075
0 0.759375 0.228125 0.0734375 0.0734375
0 0.4046875 0.08359375 0.0734375 0.075
0 0.5296875 0.2203125 0.0734375 0.075
0 0.69609375 0.40703125 0.075 0.075
0 0.95 0.52109375 0.075 0.075
0 0.59296875 0.04375 0.0734375 0.0734375
0 0.4296875 0.0296875 0.071875 0.059375
0 0.8765625 0.03984375 0.071875 0.075
0 0.8828125 0.20234375 0.0734375 0.0734375
0 0.9765625 0.40703125 0.04375 0.0671875
0 0.9671875 0.4625 0.065625 0.075
0 0.90625 0.31015625 0.075 0.0734375
0 0.6765625 0.13671875 0.0734375 0.0734375
0 0.7546875 0.065625 0.0734375 0.075
0 0.6125 0.0109375 0.071875 0.021875
0 0.846875 0.490625 0.075 0.075
0 0.553125 0.16328125 0.0734375 0.0734375
0 0.82265625 0.215625 0.071875 0.071875
0 0.7578125 0.39375 0.0765625 0.0765625
0 0.90703125 0.63984375 0.075 0.075
0 0.634375 0.08984375 0.0734375 0.075
0 0.65859375 0.196875 0.075 0.075
0 0.88515625 0.3703125 0.0734375 0.0734375
0 0.93125 0.5828125 0.0765625 0.0765625
0 0.6375 0.25625 0.075 0.075
0 0.7828125 0.33515625 0.0734375 0.0765625
0 0.92734375 0.1921875 0.040625 0.065625
0 0.59453125 0.21171875 0.075 0.075
0 0.8 0.1140625 0.071875 0.071875
0 0.778125 0.02109375 0.075 0.0421875
0 0.5109375 0.1171875 0.075 0.0734375
0 0.8390625 0.015625 0.071875 0.03125
0 0.8609375 0.103125 0.071875 0.071875
0 0.78125 0.171875 0.0734375 0.0734375
0 0.8859375 0.53671875 0.0734375 0.0734375
0 0.7859375 0.5046875 0.0734375 0.0734375
0 0.4671875 0.06796875 0.075 0.0765625
0 0.9765625 0.5703125 0.046875 0.075
0 0.9875 0.5125 0.025 0.06875
0 0.96640625 0.6296875 0.0671875 0.075
0 0.94765625 0.3546875 0.0734375 0.075
0 0.61484375 0.1484375 0.0734375 0.0734375
0 0.61796875 0.31640625 0.075 0.075
0 0.82578125 0.384375 0.0734375 0.071875
0 0.4859375 0.17265625 0.0765625 0.075
0 0.72109375 0.184375 0.0734375 0.075
0 0.90390625 0.08984375 0.040625 0.065625
0 0.7421875 0.2875 0.0734375 0.071875
0 0.3671875 0.04296875 0.0703125 0.0625
0 0.828125 0.55234375 0.0734375 0.0734375
0 0.97734375 0.7359375 0.0453125 0.075
0 0.95234375 0.30078125 0.04375 0.0671875
0 0.80078125 0.2734375 0.071875 0.071875
0 0.4484375 0.13046875 0.0734375 0.071875
0 0.86796875 0.5921875 0.0734375 0.071875
0 0.67890625 0.30078125 0.0734375 0.0734375
0 0.90078125 0.146875 0.071875 0.0734375
0 0.65703125 0.35859375 0.0765625 0.0734375
0 0.95 0.69296875 0.071875 0.071875