0 0.86875 0.83984375 0.0640625 0.0671875
0 0.72265625 0.90234375 0.0640625 0.0640625
0 0.44140625 0.86875 0.0640625 0.0640625
0 0.3140625 0.87421875 0.065625 0.065625
0 0.75 0.84921875 0.0640625 0.065625
0 0.96640625 0.88828125 0.0671875 0.0671875
0 0.84609375 0.90234375 0.0625 0.0625
0 0.903125 0.890625 0.065625 0.0671875
0 0.78515625 0.90234375 0.0640625 0.0640625
0 0.98515625 0.9375 0.0296875 0.0625
0 0.4734375 0.9203125 0.065625 0.065625
0 0.44453125 0.9734375 0.0640625 0.053125
0 0.59453125 0.81328125 0.0640625 0.065625
0 0.81640625 0.9515625 0.0625 0.059375
0 0.503125 0.8640625 0.0671875 0.0640625
0 0.68828125 0.85703125 0.0640625 0.065625
0 0.66171875 0.90625 0.0640625 0.065625
0 0.6296875 0.8625 0.0625 0.0625
0 0.93359375 0.8359375 0.06875 0.06875
0 0.87734375 0.94765625 0.0625 0.059375
0 0.5359375 0.91328125 0.0671875 0.0671875
0 0.41328125 0.9265625 0.0640625 0.0640625
0 0.63046875 0.959375 0.065625 0.065625
0 0.715625 0.79609375 0.065625 0.0640625
0 0.46875 0.8125 0.065625 0.0640625
0 0.93828125 0.9421875 0.0625 0.0609375
0 0.59921875 0.9125 0.065625 0.065625
0 0.37578125 0.871875 0.065625 0.065625
0 0.50625 0.96875 0.065625 0.0625
0 0.65390625 0.80625 0.0640625 0.065625
0 0.75390625 0.95234375 0.065625 0.065625
0 0.81015625 0.8453125 0.065625 0.065625
0 0.69140625 0.95703125 0.065625 0.065625
0 0.28046875 0.82578125 0.0640625 0.0625
0 0.34921875 0.928125 0.0640625 0.0625
0 0.5328125 0.8125 0.0640625 0.065625
0 0.5703125 0.9671875 0.0640625 0.0625
0 0.378125 0.96953125 0.065625 0.0609375
0 0.78203125 0.8046875 0.0640625 0.065625
0 0.27578125 0.72734375 0.059375 0.0609375
0 0.2484375 0.78203125 0.0609375 0.0609375
0 0.3796875 0.775 0.0609375 0.0609375
0 0.3484375 0.8203125 0.065625 0.0640625
0 0.41015625 0.82578125 0.0625 0.0625
0 0.215625 0.73125 0.0625 0.0640625
0 0.57109375 0.86796875 0.065625 0.0640625
0 0.3125 0.7765625 0.0625 0.0625