0 0.2125 0.3421875 0.0671875 0.06875
0 0.06484375 0.53359375 0.065625 0.0671875
0 0.0890625 0.5859375 0.0671875 0.065625
0 0.0796875 0.42578125 0.065625 0.065625
0 0.053125 0.63359375 0.0671875 0.0671875
0 0.02734375 0.4234375 0.05 0.0640625
0 0.15390625 0.3328125 0.0671875 0.06875
0 0.00859375 0.7265625 0.0171875 0.065625
0 0.04296875 0.47578125 0.065625 0.0671875
0 0.021875 0.5234375 0.04375 0.065625
0 0.1171875 0.6453125 0.0671875 0.065625
0 0.09765625 0.3234375 0.0671875 0.0703125
0 0.2609375 0.45390625 0.071875 0.06875
0 0.23671875 0.40078125 0.0671875 0.06875
0 0.053125 0.38046875 0.0671875 0.0671875
0 0.115625 0.38359375 0.065625 0.065625
0 0.17421875 0.39375 0.06875 0.06875
0 0.221875 0.5015625 0.065625 0.065625
0 0.0125 0.6265625 0.025 0.065625
0 0.2734375 0.35 0.06875 0.0703125
0 0.1640625 0.48984375 0.065625 0.0640625
0 0.13125 0.53671875 0.0671875 0.0671875
0 0.04296875 0.31796875 0.05 0.0671875
0 0.03125 0.58203125 0.0625 0.0671875
0 0.13515625 0.4453125 0.065625 0.0640625
0 0.10390625 0.4875 0.0671875 0.065625
0 0.015625 0.79140625 0.03125 0.0671875
0 0.33515625 0.365625 0.071875 0.071875
0 0.1921875 0.5453125 0.06875 0.06875
0 0.1546875 0.68515625 0.071875 0.0703125
0 0.09609375 0.75859375 0.06875 0.06875
0 0.353125 0.43203125 0.06875 0.06875
0 0.29375 0.415625 0.06875 0.0703125
0 0.19375 0.459375 0.0671875 0.0625
0 0.02421875 0.68515625 0.0484375 0.0640625
0 0.08203125 0.68828125 0.06875 0.0671875
0 0.15234375 0.590625 0.06875 0.0671875
0 0.39765625 0.37265625 0.071875 0.0703125
0 0.3265625 0.465625 0.06875 0.06875
0 0.0078125 0.89609375 0.015625 0.0640625
0 0.04140625 0.8234375 0.0671875 0.0671875
0 0.190625 0.634375 0.0703125 0.0671875
0 0.04609375 0.734375 0.0671875 0.0671875
0 0.2609375 0.54453125 0.071875 0.0703125