0 0.07421875 0.03828125 0.0609375 0.0484375
0 0.23828125 0.1890625 0.0609375 0.0625
0 0.0078125 0.08984375 0.015625 0.0609375
0 0.0484375 0.7859375 0.0640625 0.0625
0 0.0296875 0.8421875 0.0375 0.0625
0 0.02109375 0.62734375 0.0359375 0.0625
0 0.08359375 0.246875 0.0640625 0.0625
0 0.35390625 0.071875 0.0609375 0.0609375
0 0.278125 0.3421875 0.0609375 0.0609375
0 0.13125 0.5109375 0.0609375 0.0625
0 0.1765625 0.18828125 0.0625 0.0625
0 0.26953125 0.23671875 0.0609375 0.0609375
0 0.20625 0.240625 0.0609375 0.0625
0 0.3828125 0.02734375 0.059375 0.0484375
0 0.359375 0.17734375 0.0625 0.0625
0 0.26171875 0.03046875 0.0609375 0.046875
0 0.1359375 0.03515625 0.0609375 0.046875
0 0.2984375 0.18828125 0.0609375 0.0609375
0 0.14609375 0.240625 0.0625 0.0640625
0 0.10703125 0.08125 0.0609375 0.059375
0 0.41484375 0.06640625 0.0625 0.0625
0 0.1140625 0.19140625 0.0625 0.0625
0 0.19296875 0.51171875 0.0625 0.0640625
0 0.01015625 0.20078125 0.0203125 0.0640625
0 0.01875 0.51796875 0.0375 0.0640625
0 0.23359375 0.0734375 0.0609375 0.0609375
0 0.171875 0.07578125 0.0609375 0.0609375
0 0.26484375 0.12734375 0.0609375 0.0609375
0 0.31171875 0.39140625 0.0640625 0.0625
0 0.13359375 0.6171875 0.065625 0.065625
0 0.14453125 0.1296875 0.0625 0.0625
0 0.1546875 0.346875 0.0609375 0.0609375
0 0.02109375 0.0390625 0.0421875 0.046875
0 0.04140625 0.678125 0.0625 0.0640625
0 0.1265625 0.403125 0.0625 0.0625
0 0.1984375 0.03046875 0.0609375 0.0421875
0 0.246875 0.39609375 0.0625 0.0625
0 0.025 0.13828125 0.05 0.0640625
0 0.08125 0.13203125 0.0625 0.0625
0 0.33515625 0.23359375 0.0625 0.0640625
0 0.1578125 0.4578125 0.0609375 0.0609375
0 0.18515625 0.39921875 0.0609375 0.0640625
0 0.20546875 0.13125 0.0609375 0.0609375
0 0.396875 0.23125 0.0625 0.0640625
0 0.01484375 0.4078125 0.0296875 0.0625
0 0.171875 0.6703125 0.065625 0.065625
0 0.25390625 0.503125 0.0609375 0.0625
0 0.03828125 0.57109375 0.0640625 0.0640625
0 0.04921875 0.2 0.0625 0.065625
0 0.32109375 0.02890625 0.0609375 0.046875
0 0.3046875 0.2875 0.0640625 0.0625
0 0.0359375 0.95078125 0.0421875 0.0640625
0 0.028125 0.353125 0.05625 0.059375
0 0.1046875 0.6796875 0.0640625 0.0640625
0 0.06875 0.51640625 0.0625 0.0609375
0 0.09375 0.45859375 0.0625 0.0625
0 0.01328125 0.30234375 0.0265625 0.0609375
0 0.32421875 0.128125 0.0609375 0.0609375
0 0.23984375 0.29140625 0.0609375 0.0609375
0 0.04453125 0.08828125 0.059375 0.0609375
0 0.11875 0.2921875 0.0609375 0.059375
0 0.29375 0.07578125 0.0609375 0.059375
0 0.103125 0.56484375 0.0640625 0.0625
0 0.065625 0.4 0.0625 0.065625
0 0.0703125 0.62421875 0.0640625 0.0640625
0 0.1625 0.565625 0.0625 0.0609375
0 0.446875 0.02109375 0.0609375 0.040625
0 0.42265625 0.1796875 0.0625 0.059375
0 0.0234375 0.25703125 0.046875 0.0609375
0 0.21640625 0.3453125 0.0625 0.0625
0 0.05703125 0.303125 0.0625 0.0609375
0 0.13828125 0.7296875 0.065625 0.065625
0 0.3390625 0.3359375 0.0640625 0.0625
0 0.053125 0.8953125 0.0640625 0.0640625
0 0.1125 0.784375 0.0625 0.0625
0 0.08046875 0.83515625 0.0625 0.0609375
0 0.36640625 0.28515625 0.0609375 0.0609375
0 0.44765625 0.12265625 0.0625 0.0625
0 0.075 0.73671875 0.0625 0.0625
0 0.5046875 0.01953125 0.0625 0.0390625
0 0.20078125 0.6125 0.065625 0.0640625
0 0.02578125 0.73671875 0.0375 0.065625
0 0.0328125 0.46875 0.059375 0.059375
0 0.28203125 0.45 0.0625 0.0625
0 0.1 0.3421875 0.0625 0.0609375
0 0.17421875 0.30078125 0.0609375 0.059375
0 0.47734375 0.06640625 0.0625 0.0640625
0 0.22734375 0.56015625 0.0625 0.059375
0 0.2203125 0.45234375 0.0625 0.059375
0 0.3875 0.12421875 0.0640625 0.059375