0 0.8359375 0.97421875 0.059375 0.0515625
0 0.403125 0.978125 0.059375 0.04375
0 0.46484375 0.97890625 0.059375 0.0421875
0 0.7140625 0.97421875 0.0609375 0.0515625
0 0.0359375 0.9796875 0.0609375 0.040625
0 0.28125 0.97890625 0.059375 0.0421875
0 0.34375 0.978125 0.059375 0.04375
0 0.1578125 0.978125 0.059375 0.04375
0 0.1265625 0.9375 0.059375 0.0609375
0 0.5265625 0.97578125 0.0609375 0.0484375
0 0.96015625 0.9734375 0.0609375 0.053125
0 0.56171875 0.925 0.06015625 0.0609375
0 0.221875 0.9765625 0.0609375 0.046875
0 0.09609375 0.97890625 0.059375 0.0421875
0 0.18828125 0.9359375 0.06015625 0.0609375
0 0.06640625 0.93515625 0.059375 0.06015625
0 0.43671875 0.925 0.06015625 0.06015625
0 0.253125 0.93203125 0.05859375 0.059375
0 0.58671875 0.97890625 0.059375 0.0421875
0 0.7734375 0.975 0.0609375 0.05
0 0.371875 0.92734375 0.0609375 0.06015625
0 0.31015625 0.93984375 0.0578125 0.06015625
0 0.01796875 0.9328125 0.0359375 0.0609375
0 0.89765625 0.9734375 0.059375 0.053125
0 0.65078125 0.9734375 0.059375 0.053125
0 0.496875 0.93046875 0.059375 0.0609375
0 0.6203125 0.93359375 0.05859375 0.05859375