0 0.2640625 0.42890625 0.0734375 0.0734375
0 0.34765625 0.12421875 0.0734375 0.0734375
0 0.33515625 0.57890625 0.075 0.075
0 0.4015625 0.33203125 0.0765625 0.0765625
0 0.14140625 0.46015625 0.075 0.075
0 0.21015625 0.215625 0.075 0.0765625
0 0.52109375 0.5296875 0.075 0.075
0 0.64453125 0.50078125 0.075 0.075
0 0.23046875 0.94375 0.0765625 0.0765625
0 0.421875 0.27265625 0.075 0.075
0 0.04140625 0.653125 0.05 0.06875
0 0.7265625 0.19296875 0.0765625 0.0765625
0 0.22734375 0.15390625 0.075 0.075
0 0.58671875 0.28359375 0.075 0.0765625
0 0.6078125 0.01484375 0.071875 0.0296875
0 0.46484375 0.3171875 0.075 0.0734375
0 0.103125 0.18828125 0.075 0.0734375
0 0.234375 0.3203125 0.0734375 0.075
0 0.54296875 0.240625 0.0734375 0.075
0 0.07109375 0.7015625 0.075 0.075
0 0.2953125 0.9265625 0.0765625 0.0765625
0 0.48203125 0.25546875 0.075 0.075
0 0.5015625 0.59140625 0.075 0.0765625
0 0.41875 0.896875 0.075 0.075
0 0.29765625 0.30390625 0.075 0.075
0 0.409375 0.10703125 0.0734375 0.0734375
0 0.15078125 0.62421875 0.075 0.0765625
0 0.04375 0.20703125 0.0734375 0.0734375
0 0.125 0.9140625 0.075 0.075
0 0.60390625 0.22265625 0.075 0.075
0 0.43671875 0.834375 0.075 0.075
0 0.090625 0.64140625 0.075 0.0765625
0 0.31796875 0.6390625 0.0734375 0.0734375
0 0.27109375 0.19921875 0.075 0.0765625
0 0.5921875 0.68046875 0.075 0.075
0 0.2125 0.61015625 0.075 0.075
0 0.3796875 0.62421875 0.0765625 0.075
0 0.3109375 0.86640625 0.0734375 0.0734375
0 0.30546875 0.46875 0.0734375 0.0734375
0 0.146875 0.23125 0.075 0.075
0 0.57578125 0.11953125 0.0734375 0.075
0 0.6796875 0.14609375 0.0734375 0.075
0 0.42578125 0.6671875 0.075 0.075
0 0.20234375 0.4453125 0.0734375 0.075
0 0.009375 0.2171875 0.01875 0.075
0 0.11484375 0.35546875 0.075 0.075
0 0.06796875 0.76015625 0.05 0.06875
0 0.53203125 0.6984375 0.075 0.0765625
0 0.61484375 0.3890625 0.075 0.075
0 0.740625 0.12890625 0.075 0.075
0 0.0703125 0.31015625 0.0734375 0.075
0 0.1671875 0.95859375 0.0765625 0.0765625
0 0.184375 0.50625 0.0734375 0.0734375
0 0.3734375 0.85234375 0.075 0.075
0 0.096875 0.4140625 0.0734375 0.0734375
0 0.38984375 0.7890625 0.075 0.075
0 0.00625 0.44140625 0.0125 0.0671875
0 0.175 0.3375 0.075 0.075
0 0.39765625 0.56015625 0.0765625 0.078125
0 0.53671875 0.4671875 0.075 0.075
0 0.059375 0.140625 0.075 0.075
0 0.17734375 0.73359375 0.075 0.075
0 0.01875 0.54453125 0.0375 0.0703125
0 0.6609375 0.43359375 0.0765625 0.0765625
0 0.21953125 0.38125 0.075 0.075
0 0.0609375 0.534375 0.075 0.075
0 0.30390625 0.0765625 0.075 0.075
0 0.365625 0.06328125 0.0734375 0.0734375
0 0.1171875 0.75 0.0734375 0.0734375
0 0.28125 0.365625 0.0765625 0.078125
0 0.0140625 0.3828125 0.028125 0.075
0 0.48203125 0.8828125 0.075 0.075
0 0.24921875 0.88203125 0.075 0.075
0 0.3640625 0.68359375 0.075 0.075
0 0.18828125 0.8984375 0.075 0.075
0 0.27578125 0.97578125 0.0765625 0.0484375
0 0.5328125 0.075 0.0734375 0.0734375
0 0.6984375 0.0859375 0.075 0.075
0 0.0171875 0.15703125 0.034375 0.0734375
0 0.0421875 0.59296875 0.0765625 0.0765625
0 0.44765625 0.3796875 0.075 0.075
0 0.08671875 0.25 0.071875 0.0734375
0 0.51328125 0.759375 0.0734375 0.0734375
0 0.14921875 0.98984375 0.0765625 0.0203125
0 0.23046875 0.54609375 0.0734375 0.075
0 0.4703125 0.7140625 0.075 0.0765625
0 0.67734375 0.36875 0.0734375 0.0734375
0 0.22265625 0.77890625 0.075 0.075
0 0.28671875 0.13984375 0.0734375 0.0734375
0 0.1828125 0.109375 0.0734375 0.075
0 0.46953125 0.09140625 0.0734375 0.075
0 0.09453125 0.865625 0.05 0.06875
0 0.49453125 0.42265625 0.075 0.075
0 0.165625 0.17109375 0.075 0.075
0 0.5265625 0.30390625 0.075 0.075
0 0.5984375 0.4515625 0.075 0.075
0 0.4578125 0.5453125 0.075 0.0765625
0 0.24296875 0.09375 0.075 0.075
0 0.121875 0.125 0.075 0.075
0 0.07890625 0.4765625 0.075 0.075
0 0.3453125 0.7453125 0.075 0.0765625
0 0.63671875 0.103125 0.075 0.0765625
0 0.5546875 0.40625 0.0734375 0.075
0 0.58359375 0.51796875 0.075 0.075
0 0.36796875 0.45390625 0.075 0.075
0 0.43515625 0.20859375 0.075 0.075
0 0.57578125 0.7453125 0.075 0.075
0 0.290625 0.53125 0.0734375 0.075
0 0.0359375 0.43125 0.071875 0.075
0 0.5703125 0.3484375 0.075 0.075
0 0.2046875 0.83828125 0.0734375 0.0734375
0 0.340625 0.35 0.075 0.075
0 0.1328125 0.6875 0.075 0.075
0 0.1578125 0.39921875 0.075 0.075
0 0.45078125 0.77578125 0.0734375 0.0734375
0 0.0515625 0.3703125 0.0734375 0.075
0 0.33125 0.18515625 0.075 0.0765625
0 0.32890625 0.8078125 0.075 0.075
0 0.65234375 0.04296875 0.075 0.075
0 0.5578125 0.178125 0.0734375 0.0734375
0 0.48671875 0.0328125 0.0765625 0.065625
0 0.284375 0.7625 0.075 0.0765625
0 0.47578125 0.4859375 0.075 0.0734375
0 0.3921875 0.1703125 0.071875 0.071875
0 0.27421875 0.596875 0.075 0.075
0 0.75859375 0.06875 0.0734375 0.075
0 0.16015625 0.79453125 0.075 0.0765625
0 0.409375 0.73046875 0.075 0.0765625
0 0.02265625 0.321875 0.0453125 0.075
0 0.31484375 0.24453125 0.0765625 0.0765625
0 0.71328125 0.03046875 0.0734375 0.0609375
0 0.35859375 0.28671875 0.0765625 0.0765625
0 0.0984375 0.80625 0.075 0.075
0 0.51484375 0.1328125 0.0734375 0.0734375
0 0.1296875 0.2921875 0.075 0.075
0 0.43125 0.4359375 0.0765625 0.0765625
0 0.709375 0.25546875 0.0734375 0.075
0 0.03203125 0.2625 0.0640625 0.075
0 0.1921875 0.27734375 0.0734375 0.0734375
0 0.30078125 0.69453125 0.075 0.0734375
0 0.5484375 0.6328125 0.075 0.075
0 0.46640625 0.9421875 0.0765625 0.0765625
0 0.42578125 0.046875 0.075 0.075
0 0.45078125 0.153125 0.0703125 0.0703125
0 0.546875 0.02421875 0.075 0.0484375
0 0.66484375 0.20859375 0.0765625 0.0765625
0 0.61796875 0.16640625 0.0734375 0.0734375
0 0.33984375 0.9671875 0.0765625 0.065625
0 0.384375 0.39609375 0.075 0.075
0 0.12421875 0.52109375 0.0734375 0.0734375
0 0.5078125 0.3625 0.0734375 0.0734375
0 0.77109375 0.23828125 0.0765625 0.075
0 0.66953125 0.01171875 0.0734375 0.0234375
0 0.375 0.225 0.0734375 0.0734375
0 0.35234375 0.51328125 0.0765625 0.075
0 0.26640625 0.8234375 0.075 0.071875
0 0.56328125 0.5734375 0.0765625 0.0765625
0 0.49921875 0.190625 0.075 0.075
0 0.10703125 0.57890625 0.0765625 0.0765625
0 0.25625 0.6546875 0.075 0.075
0 0.59375 0.05703125 0.0765625 0.078125
0 0.6078125 0.61875 0.075 0.075
0 0.6328125 0.3265625 0.0734375 0.071875
0 0.721875 0.41875 0.075 0.075
0 0.52890625 0.92890625 0.0765625 0.078125
0 0.14140625 0.8546875 0.0734375 0.0734375
0 0.54453125 0.86640625 0.0765625 0.078125
0 0.23828125 0.7140625 0.075 0.075
0 0.5578125 0.8046875 0.0765625 0.0765625
0 0.81796875 0.05546875 0.0734375 0.071875
0 0.484375 0.6546875 0.0734375 0.075
0 0.35625 0.9109375 0.075 0.0765625
0 0.19453125 0.671875 0.0765625 0.075
0 0.24453125 0.4875 0.071875 0.0734375
0 0.0265625 0.48984375 0.053125 0.0734375
0 0.496875 0.82109375 0.0765625 0.0765625
0 0.6484375 0.2703125 0.075 0.075
0 0.3265625 0.41171875 0.0734375 0.0734375
0 0.621875 0.7890625 0.0765625 0.075
0 0.78671875 0.17578125 0.075 0.075
0 0.69296875 0.31171875 0.0734375 0.0734375
0 0.11796875 0.9609375 0.05 0.0703125
0 0.16796875 0.55859375 0.075 0.075
0 0.5109375 0.97578125 0.075 0.0484375
0 0.21328125 0.984375 0.0765625 0.03125
0 0.703125 0.48203125 0.075 0.075
0 0.77265625 0.02578125 0.0734375 0.0515625
0 0.41640625 0.5 0.075 0.075
0 0.2515625 0.26328125 0.0734375 0.071875
0 0.63671875 0.72734375 0.0765625 0.0765625
0 0.60703125 0.85 0.078125 0.078125
0 0.57265625 0.96796875 0.0734375 0.0640625
0 0.65546875 0.66484375 0.0765625 0.0765625
0 0.7375 0.3546875 0.0734375 0.0734375
0 0.753125 0.2953125 0.0765625 0.075
0 0.803125 0.11328125 0.075 0.075
0 0.44453125 0.98125 0.0765625 0.0375
0 0.40703125 0.9515625 0.078125 0.078125
0 0.5921875 0.91484375 0.078125 0.078125
0 0.83359375 0.0171875 0.0734375 0.034375
0 0.3796875 0.98828125 0.075 0.0234375
0 0.6265625 0.55859375 0.0734375 0.0734375
0 0.66640625 0.6 0.0765625 0.075
0 0.6890625 0.5421875 0.0765625 0.0765625
0 0.44140625 0.60703125 0.075 0.0734375