0 0.7171875 0.02890625 0.071875 0.0578125
0 0.83515625 0.165625 0.071875 0.0703125
0 0.81953125 0.0546875 0.0703125 0.0703125
0 0.84140625 0.01796875 0.0703125 0.0359375
0 0.89375 0.0125 0.05625 0.025
0 0.85625 0.10390625 0.071875 0.0734375
0 0.8796875 0.046875 0.0703125 0.0703125
0 0.79453125 0.115625 0.0703125 0.071875
0 0.73203125 0.128125 0.0703125 0.0703125
0 0.77890625 0.02265625 0.0703125 0.0453125
0 0.9125 0.09921875 0.0578125 0.06875
0 0.84375 0.26484375 0.0703125 0.071875
0 0.87421875 0.20703125 0.0703125 0.0703125
0 0.75703125 0.06640625 0.071875 0.0703125
0 0.93046875 0.20234375 0.0578125 0.06875
0 0.8078125 0.21953125 0.071875 0.0703125
0 0.94375 0.303125 0.0671875 0.071875
0 0.984375 0.46484375 0.03125 0.0640625
0 0.65234375 0.03203125 0.0734375 0.0640625
0 0.6953125 0.0796875 0.071875 0.071875
0 0.91484375 0.35625 0.0765625 0.075
0 0.77265625 0.17265625 0.071875 0.0703125
0 0.91015625 0.2546875 0.0703125 0.0703125
0 0.61328125 0.00703125 0.0671875 0.0140625
0 0.96484375 0.415625 0.0640625 0.06875
0 0.9046875 0.16328125 0.071875 0.071875
0 0.88203125 0.3109375 0.06875 0.0671875