0 0.9671875 0.41328125 0.065625 0.0703125
0 0.84453125 0.38671875 0.0703125 0.071875
0 0.965625 0.57265625 0.0671875 0.06875
0 0.9765625 0.46953125 0.046875 0.0703125
0 0.946875 0.521875 0.0703125 0.06875
0 0.928125 0.46171875 0.06875 0.06875
0 0.98671875 0.36328125 0.0265625 0.0671875
0 0.9703125 0.62734375 0.0390625 0.065625
0 0.9046875 0.4 0.0703125 0.071875
0 0.82421875 0.33203125 0.06875 0.06875
0 0.865625 0.44765625 0.06875 0.06875
0 0.903125 0.55390625 0.06875 0.06875
0 0.8828125 0.496875 0.0703125 0.06875
0 0.91796875 0.60390625 0.06875 0.06875
0 0.84296875 0.23515625 0.065625 0.0671875
0 0.803125 0.28203125 0.065625 0.0671875
0 0.93203125 0.30625 0.0671875 0.065625
0 0.946875 0.71640625 0.0546875 0.0671875
0 0.89140625 0.34296875 0.071875 0.0703125
0 0.94921875 0.36328125 0.0671875 0.0671875
0 0.78359375 0.225 0.06875 0.06875
0 0.9390625 0.6609375 0.0703125 0.071875
0 0.86640625 0.29140625 0.06875 0.0671875