0 0.18125 0.8328125 0.0625 0.06328125
0 0.85234375 0.01796875 0.0625 0.0359375
0 0.503125 0.06171875 0.0609375 0.06171875
0 0.50234375 0.61015625 0.0625 0.06328125
0 0.21796875 0.01796875 0.0609375 0.0359375
0 0.028125 0.0171875 0.05625 0.034375
0 0.5015625 0.2796875 0.06171875 0.06015625
0 0.6625 0.334375 0.0625 0.0640625
0 0.53515625 0.01875 0.0625 0.0375
0 0.69296875 0.6078125 0.0609375 0.06171875
0 0.34140625 0.5546875 0.0625 0.0609375
0 0.08828125 0.5546875 0.06328125 0.06328125
0 0.3421875 0.01796875 0.0609375 0.0359375
0 0.5359375 0.55546875 0.0625 0.0625
0 0.0546875 0.6078125 0.06171875 0.06171875
0 0.05390625 0.8328125 0.0640625 0.06328125
0 0.66171875 0.55625 0.0609375 0.0609375
0 0.7265625 0.55625 0.06328125 0.0625
0 0.56640625 0.0609375 0.06171875 0.0625
0 0.7296875 0.3328125 0.0625 0.06328125
0 0.02734375 0.55390625 0.0546875 0.0609375
0 0.85625 0.334375 0.0625 0.06171875
0 0.56640625 0.8296875 0.06328125 0.0625
0 0.309375 0.61171875 0.0625 0.0640625
0 0.6625 0.01796875 0.0609375 0.0359375
0 0.246875 0.06015625 0.06171875 0.06171875
0 0.5671875 0.2796875 0.0625 0.0609375
0 0.2125 0.8859375 0.06328125 0.0640625
0 0.0578125 0.2796875 0.0640625 0.06328125
0 0.8890625 0.278125 0.0625 0.0625
0 0.50234375 0.83203125 0.0625 0.0609375
0 0.6 0.01953125 0.0625 0.0390625
0 0.18515625 0.0609375 0.06015625 0.06015625
0 0.82109375 0.059375 0.06015625 0.06015625
0 0.69609375 0.83125 0.06171875 0.06171875
0 0.40546875 0.775 0.06171875 0.06171875
0 0.72578125 0.01875 0.0625 0.0375
0 0.40859375 0.1140625 0.06171875 0.06171875
0 0.884375 0.06015625 0.06328125 0.06171875
0 0.759375 0.27890625 0.0609375 0.0609375
0 0.37578125 0.059375 0.0609375 0.0625
0 0.8234375 0.49765625 0.06171875 0.0625
0 0.0546875 0.390625 0.06328125 0.06328125
0 0.73125 0.88359375 0.06171875 0.06328125
0 0.34375 0.44609375 0.0609375 0.06328125
0 0.05234375 0.94453125 0.06328125 0.06484375
0 0.50078125 0.72109375 0.06171875 0.06171875
0 0.184375 0.6109375 0.0625 0.06328125
0 0.91875 0.11328125 0.06171875 0.06171875
0 0.43984375 0.06171875 0.06171875 0.06171875
0 0.153125 0.01796875 0.0609375 0.0359375
0 0.69453125 0.5 0.06171875 0.0625
0 0.0265625 0.77421875 0.053125 0.0640625
0 0.4078125 0.446875 0.0625 0.06328125
0 0.56640625 0.72265625 0.0640625 0.06328125
0 0.5359375 0.11640625 0.0625 0.0625
0 0.59765625 0.33359375 0.0625 0.06328125
0 0.02578125 0.8875 0.0515625 0.0625
0 0.34296875 0.11484375 0.06171875 0.0625
0 0.184375 0.4984375 0.0609375 0.06171875
0 0.05859375 0.0578125 0.06328125 0.06484375
0 0.8234375 0.28046875 0.0625 0.0625
0 0.63046875 0.6078125 0.06015625 0.06171875
0 0.14921875 0.77265625 0.06171875 0.0625
0 0.8546875 0.22265625 0.06171875 0.0625
0 0.725 0.665625 0.0625 0.06328125
0 0.9171875 0.0171875 0.0625 0.034375
0 0.2453125 0.83046875 0.0625 0.0625
0 0.825 0.609375 0.0625 0.0640625
0 0.31015625 0.05859375 0.06171875 0.06328125
0 0.66171875 0.1171875 0.06171875 0.06171875
0 0.53515625 0.8859375 0.0625 0.0640625
0 0.34140625 0.6671875 0.06171875 0.0625
0 0.0265625 0.33671875 0.053125 0.0609375
0 0.15078125 0.334375 0.06171875 0.0640625
0 0.40625 0.55546875 0.0625 0.06171875
0 0.08359375 0.8859375 0.06328125 0.06328125
0 0.340625 0.984375 0.0625 0.03125
0 0.40625 0.9828125 0.0640625 0.034375
0 0.30703125 0.94609375 0.06171875 0.0625
0 0.28046875 0.01875 0.0609375 0.0375
0 0.05546875 0.71796875 0.0625 0.06171875
0 0.18125 0.94375 0.0625 0.06328125
0 0.34140625 0.884375 0.0625 0.06328125
0 0.56484375 0.49921875 0.06328125 0.06484375
0 0.59921875 0.11875 0.0609375 0.0609375
0 0.92109375 0.3359375 0.0625 0.0625
0 0.1828125 0.27890625 0.0609375 0.06015625
0 0.6953125 0.27890625 0.0625 0.06171875
0 0.8546875 0.1140625 0.0625 0.0625
0 0.6328125 0.2796875 0.0625 0.06171875
0 0.88984375 0.4984375 0.0640625 0.06328125
0 0.1171875 0.61015625 0.06171875 0.0625
0 0.15078125 0.5546875 0.06171875 0.0625
0 0.69609375 0.38984375 0.0625 0.06328125
0 0.246875 0.496875 0.06171875 0.0625
0 0.08671875 0.4453125 0.06171875 0.0625
0 0.85546875 0.55390625 0.0625 0.06328125
0 0.21171875 0.9828125 0.0625 0.034375
0 0.34296875 0.225 0.0609375 0.06171875
0 0.18671875 0.16796875 0.06171875 0.06171875
0 0.97578125 0.2234375 0.0484375 0.0609375
0 0.56640625 0.3875 0.06328125 0.0640625
0 0.95078125 0.16953125 0.06171875 0.06328125
0 0.12265625 0.06015625 0.06171875 0.06328125
0 0.18359375 0.390625 0.06171875 0.0625
0 0.69453125 0.171875 0.06171875 0.0625
0 0.28046875 0.4453125 0.06171875 0.0640625
0 0.14921875 0.6671875 0.06171875 0.0625
0 0.278125 0.5546875 0.0625 0.0625
0 0.05390625 0.5 0.0625 0.06171875
0 0.3421875 0.3359375 0.06328125 0.06328125
0 0.5359375 0.225 0.0625 0.0625
0 0.30859375 0.83046875 0.06328125 0.06171875
0 0.1484375 0.88828125 0.06171875 0.06171875
0 0.59921875 0.44609375 0.06171875 0.0625
0 0.21328125 0.66796875 0.06015625 0.06015625
0 0.97421875 0.0171875 0.0515625 0.034375
0 0.5984375 0.8859375 0.0640625 0.0640625
0 0.21328125 0.775 0.06328125 0.06328125
0 0.14765625 0.9828125 0.0625 0.034375
0 0.11796875 0.83046875 0.06328125 0.06328125
0 0.821875 0.16953125 0.06171875 0.06328125
0 0.6328125 0.5015625 0.0640625 0.06328125
0 0.0859375 0.3359375 0.0625 0.06328125
0 0.375 0.61015625 0.0625 0.0640625
0 0.5359375 0.9828125 0.0609375 0.034375
0 0.028125 0.11328125 0.05625 0.0625
0 0.08359375 0.98359375 0.0625 0.0328125
0 0.5015625 0.38984375 0.06171875 0.0625
0 0.7296875 0.44296875 0.06328125 0.06328125
0 0.1203125 0.4984375 0.0640625 0.06328125
0 0.47109375 0.11796875 0.06171875 0.06328125
0 0.4046875 0.33515625 0.0609375 0.06484375
0 0.46953125 0.77734375 0.0625 0.06171875
0 0.6625 0.22578125 0.0609375 0.06015625
0 0.3109375 0.3921875 0.06171875 0.0625
0 0.0890625 0.22421875 0.06171875 0.0625
0 0.6296875 0.06171875 0.0625 0.0625
0 0.46875 0.6671875 0.0609375 0.0625
0 0.759375 0.609375 0.0640625 0.0640625
0 0.4375 0.6109375 0.06171875 0.06328125
0 0.24609375 0.2796875 0.06171875 0.0609375
0 0.246875 0.171875 0.0609375 0.0640625
0 0.08515625 0.775 0.06171875 0.0625
0 0.9171875 0.22421875 0.0609375 0.0609375
0 0.2453125 0.6109375 0.06171875 0.06484375
0 0.028125 0.2234375 0.05625 0.0625
0 0.40625 0.2234375 0.0625 0.0625
0 0.27890625 0.775 0.06328125 0.06328125
0 0.790625 0.22578125 0.0625 0.06171875
0 0.4390625 0.278125 0.06328125 0.0625
0 0.5328125 0.6671875 0.06328125 0.06484375
0 0.21484375 0.33203125 0.06328125 0.06484375
0 0.5671875 0.93828125 0.06328125 0.06171875
0 0.27890625 0.33515625 0.0625 0.0640625
0 0.66328125 0.44375 0.06171875 0.06328125
0 0.278125 0.2265625 0.06328125 0.06171875
0 0.7578125 0.71875 0.0625 0.06171875
0 0.34296875 0.7765625 0.0625 0.0625
0 0.59921875 0.6640625 0.06328125 0.06328125
0 0.75859375 0.17109375 0.06171875 0.06328125
0 0.08984375 0.0171875 0.0625 0.034375
0 0.4390625 0.5 0.0625 0.0625
0 0.7890625 0.01953125 0.0625 0.0390625
0 0.4703125 0.2234375 0.06171875 0.06171875
0 0.921875 0.55546875 0.06484375 0.0625
0 0.759375 0.49921875 0.0625 0.0625
0 0.4375 0.721875 0.06171875 0.0625
0 0.02734375 0.44296875 0.0546875 0.0609375
0 0.3109375 0.16875 0.06171875 0.06484375
0 0.4375 0.39140625 0.06171875 0.0625
0 0.40546875 0.01953125 0.0625 0.0390625
0 0.63046875 0.17265625 0.0609375 0.06328125
0 0.8875 0.1703125 0.06171875 0.06328125
0 0.6328125 0.72109375 0.06328125 0.0625
0 0.5671875 0.16875 0.0625 0.0625
0 0.15234375 0.44375 0.0609375 0.0625
0 0.1828125 0.71875 0.06171875 0.06015625
0 0.31328125 0.50234375 0.0625 0.06171875
0 0.46953125 0.01796875 0.0609375 0.0359375
0 0.37421875 0.16875 0.0625 0.06328125
0 0.27578125 0.98515625 0.0625 0.0296875
0 0.5328125 0.7765625 0.06171875 0.0609375
0 0.24453125 0.94375 0.06171875 0.0625
0 0.6640625 0.884375 0.0625 0.06484375
0 0.59765625 0.775 0.06328125 0.0625
0 0.31015625 0.27890625 0.0625 0.06171875
0 0.12265625 0.28046875 0.06328125 0.0625
0 0.24765625 0.39296875 0.06171875 0.06171875
0 0.790625 0.109375 0.06171875 0.0609375
0 0.47109375 0.55703125 0.0625 0.06328125
0 0.15234375 0.22421875 0.0609375 0.06171875
0 0.89140625 0.38984375 0.0625 0.06328125
0 0.43828125 0.17265625 0.06171875 0.06171875
0 0.79140625 0.55625 0.0640625 0.0640625
0 0.0859375 0.6671875 0.0609375 0.0625
0 0.0265625 0.6625 0.053125 0.0609375
0 0.6 0.9828125 0.0640625 0.034375
0 0.7625 0.3890625 0.0625 0.0640625
0 0.12109375 0.16953125 0.06171875 0.06171875
0 0.1171875 0.72265625 0.0609375 0.0625
0 0.40703125 0.6640625 0.06171875 0.0609375
0 0.63046875 0.83125 0.06328125 0.06328125
0 0.6625 0.77421875 0.0625 0.0625
0 0.53515625 0.4453125 0.0625 0.06328125
0 0.21484375 0.228125 0.0609375 0.06015625
0 0.6609375 0.6640625 0.0625 0.0625
0 0.46875 0.33515625 0.0625 0.06484375
0 0.7265625 0.22578125 0.06171875 0.059375
0 0.309375 0.72109375 0.0609375 0.0625
0 0.37421875 0.3921875 0.0609375 0.0625
0 0.75703125 0.06015625 0.06171875 0.06171875
0 0.375 0.50234375 0.06171875 0.06171875
0 0.2453125 0.7171875 0.0609375 0.06015625
0 0.75859375 0.8296875 0.06328125 0.0609375
0 0.21640625 0.4453125 0.0625 0.0625
0 0.375 0.71796875 0.06171875 0.0625
0 0.01171875 0.16875 0.0234375 0.0640625
0 0.565625 0.60859375 0.0625 0.0640625
0 0.79296875 0.775 0.0640625 0.0640625
0 0.72734375 0.77421875 0.06328125 0.06328125
0 0.440625 0.94140625 0.065625 0.065625
0 0.08828125 0.11640625 0.0625 0.06328125
0 0.43828125 0.8328125 0.0625 0.06171875
0 0.5984375 0.55625 0.0625 0.0609375
0 0.634375 0.9390625 0.06484375 0.0640625
0 0.11640625 0.9390625 0.06328125 0.06328125
0 0.95546875 0.3921875 0.06328125 0.0640625
0 0.59765625 0.2265625 0.0609375 0.0609375
0 0.78984375 0.66484375 0.0625 0.06328125
0 0.97734375 0.33515625 0.0453125 0.0640625
0 0.1171875 0.39296875 0.0609375 0.0609375
0 0.153125 0.11484375 0.06171875 0.06328125
0 0.8921875 0.61171875 0.0640625 0.0640625
0 0.72578125 0.11328125 0.0625 0.0625
0 0.4046875 0.88125 0.06171875 0.06328125
0 0.2765625 0.6671875 0.0609375 0.06171875
0 0.37421875 0.28203125 0.0609375 0.06015625
0 0.97421875 0.11484375 0.0515625 0.0625
0 0.7921875 0.3328125 0.06171875 0.06328125
0 0.69296875 0.06171875 0.06328125 0.0609375
0 0.3734375 0.93671875 0.0625 0.06171875
0 0.50234375 0.17265625 0.06171875 0.06171875
0 0.2140625 0.55390625 0.06171875 0.06171875
0 0.95078125 0.2796875 0.0640625 0.0625
0 0.0125 0.05859375 0.025 0.0625
0 0.69375 0.72265625 0.06171875 0.0609375
0 0.47109375 0.88515625 0.0625 0.0640625
0 0.4703125 0.4453125 0.0609375 0.06328125
0 0.53515625 0.3234375 0.06328125 0.06328125
0 0.925 0.44765625 0.0640625 0.06484375
0 0.63046875 0.3921875 0.06328125 0.06484375
0 0.27890625 0.88984375 0.0640625 0.06328125
0 0.5015625 0.49921875 0.0625 0.0625
0 0.95546875 0.50078125 0.0625 0.06171875
0 0.37421875 0.82890625 0.0609375 0.0609375
0 0.4703125 0.98203125 0.0609375 0.0359375
0 0.28046875 0.1125 0.06328125 0.0625
0 0.66640625 0.98203125 0.0640625 0.0359375
0 0.85625 0.6640625 0.06484375 0.065625
0 0.97890625 0.4484375 0.0421875 0.0640625
0 0.8234375 0.72109375 0.0625 0.0625
0 0.05625 0.1734375 0.0609375 0.06015625
0 0.69921875 0.9421875 0.06328125 0.06328125
0 0.8578125 0.44140625 0.0640625 0.0625
0 0.83203125 0.384375 0.0640625 0.0640625
0 0.2171875 0.11171875 0.0625 0.059375
0 0.790625 0.4390625 0.0625 0.0625
0 0.50390625 0.94609375 0.06171875 0.0609375
0 0.9484375 0.05859375 0.06171875 0.0609375