0 0.80234375 0.359375 0.0703125 0.071875
0 0.6546875 0.27890625 0.0703125 0.0703125
0 0.67734375 0.3375 0.0703125 0.0703125
0 0.86484375 0.3703125 0.0703125 0.071875
0 0.98828125 0.44765625 0.0234375 0.0671875
0 0.84375 0.3109375 0.0703125 0.0703125
0 0.92734375 0.3796875 0.071875 0.0734375
0 0.76484375 0.5796875 0.0703125 0.06875
0 0.48828125 0.46796875 0.071875 0.071875
0 0.8875 0.596875 0.0703125 0.0703125
0 0.76796875 0.74140625 0.0703125 0.0703125
0 0.87265625 0.871875 0.071875 0.071875
0 0.68203125 0.84140625 0.0703125 0.071875
0 0.71640625 0.125 0.0703125 0.0703125
0 0.53203125 0.25703125 0.071875 0.071875
0 0.71953125 0.28984375 0.071875 0.0703125
0 0.44609375 0.02890625 0.0703125 0.0578125
0 0.778125 0.13671875 0.06875 0.06875
0 0.984375 0.11484375 0.03125 0.0703125
0 0.63828125 0.55390625 0.071875 0.071875
0 0.84453125 0.6421875 0.071875 0.0734375
0 0.975 0.22578125 0.05 0.0734375
0 0.72421875 0.79140625 0.0703125 0.071875
0 0.97734375 0.390625 0.0453125 0.071875
0 0.48984375 0.30625 0.071875 0.0734375
0 0.909375 0.653125 0.071875 0.071875
0 0.5109375 0.196875 0.0703125 0.0703125
0 0.9234375 0.21484375 0.0703125 0.071875
0 0.8296875 0.92421875 0.0703125 0.071875
0 0.60078125 0.7671875 0.0703125 0.071875
0 0.93203125 0.7171875 0.0703125 0.0703125
0 0.73984375 0.35 0.0703125 0.071875
0 0.615625 0.4921875 0.0703125 0.071875
0 0.46640625 0.246875 0.071875 0.071875
0 0.8515625 0.80859375 0.0703125 0.0703125
0 0.61875 0.6625 0.0703125 0.071875
0 0.69609375 0.06484375 0.0703125 0.0703125
0 0.80546875 0.52421875 0.0703125 0.0703125
0 0.90703125 0.32265625 0.0703125 0.0703125
0 0.8390625 0.14609375 0.0703125 0.0703125
0 0.82578125 0.5875 0.0703125 0.0703125
0 0.97890625 0.55546875 0.0421875 0.0671875
0 0.9640625 0.1671875 0.071875 0.071875
0 0.6796875 0.503125 0.071875 0.071875
0 0.6609375 0.95 0.071875 0.071875
0 0.96640625 0.33125 0.0671875 0.071875
0 0.74453125 0.853125 0.071875 0.071875
0 0.959375 0.6640625 0.05 0.06875
0 0.6140625 0.1625 0.0703125 0.071875
0 0.94140625 0.10546875 0.0703125 0.071875
0 0.57421875 0.20859375 0.0703125 0.071875
0 0.89296875 0.7625 0.0703125 0.0703125
0 0.69765625 0.23125 0.0703125 0.0703125
0 0.63515625 0.38515625 0.0703125 0.071875
0 0.78359375 0.63359375 0.0703125 0.0734375
0 0.95234375 0.60546875 0.0734375 0.071875
0 0.46796875 0.08046875 0.0703125 0.071875
0 0.57109375 0.04609375 0.06875 0.06875
0 0.7875 0.8 0.071875 0.071875
0 0.59296875 0.2703125 0.06875 0.06875
0 0.7390625 0.18125 0.0703125 0.071875
0 0.84609375 0.4765625 0.0703125 0.071875
0 0.721875 0.62265625 0.0703125 0.071875
0 0.82578125 0.421875 0.0703125 0.0703125
0 0.5546875 0.31484375 0.0703125 0.071875
0 0.53203125 0.42109375 0.071875 0.071875
0 0.76796875 0.91328125 0.071875 0.071875
0 0.91484375 0.821875 0.0703125 0.0703125
0 0.5796875 0.71171875 0.0671875 0.0671875
0 0.509375 0.03515625 0.071875 0.0703125
0 0.5953125 0.6015625 0.071875 0.0734375
0 0.6328125 0.05390625 0.0703125 0.0703125
0 0.87890625 0.0953125 0.0703125 0.0703125
0 0.38359375 0.02421875 0.0703125 0.0484375
0 0.5515625 0.48203125 0.071875 0.071875
0 0.74296875 0.5171875 0.0703125 0.071875
0 0.67578125 0.17109375 0.06875 0.071875
0 0.8859375 0.4328125 0.0703125 0.0703125
0 0.78359375 0.46484375 0.0703125 0.0703125
0 0.6140625 0.32734375 0.0703125 0.071875
0 0.80078125 0.19296875 0.0703125 0.071875
0 0.3828125 0.17421875 0.071875 0.071875
0 0.59453125 0.434375 0.0703125 0.071875
0 0.9296875 0.546875 0.071875 0.071875
0 0.696875 0.3984375 0.071875 0.071875
0 0.42734375 0.13046875 0.071875 0.071875
0 0.8171875 0.0859375 0.0703125 0.0703125
0 0.46953125 0.4125 0.0671875 0.0671875
0 0.9453125 0.2765625 0.0703125 0.0703125
0 0.86953125 0.7078125 0.0703125 0.0703125
0 0.746875 0.99296875 0.071875 0.0140625
0 0.9859375 0.28359375 0.028125 0.0703125
0 0.66484375 0.77890625 0.071875 0.071875
0 0.88515625 0.2609375 0.0703125 0.06875
0 0.90703125 0.48515625 0.0703125 0.071875
0 0.5125 0.3625 0.071875 0.071875
0 0.66015625 0.6125 0.071875 0.071875
0 0.65703125 0.446875 0.0703125 0.0703125
0 0.72109375 0.45625 0.071875 0.071875
0 0.6359375 0.22109375 0.0703125 0.0703125
0 0.62109375 0.83046875 0.0703125 0.0734375
0 0.55546875 0.65703125 0.0703125 0.0671875
0 0.40234375 0.07109375 0.0703125 0.0703125
0 0.759375 0.24375 0.0703125 0.0703125
0 0.32109375 0.01875 0.0703125 0.0375
0 0.821875 0.25234375 0.06875 0.0703125
0 0.48828125 0.14140625 0.071875 0.071875
0 0.5296875 0.09296875 0.0703125 0.071875
0 0.59296875 0.10078125 0.0703125 0.071875
0 0.7265625 0.9609375 0.071875 0.071875
0 0.94453125 0.77109375 0.046875 0.0671875
0 0.446875 0.18828125 0.071875 0.071875
0 0.81015625 0.86328125 0.071875 0.0734375
0 0.925 0.88046875 0.05 0.0671875
0 0.68359375 0.67421875 0.0734375 0.071875
0 0.96796875 0.496875 0.0640625 0.071875
0 0.5734375 0.378125 0.06875 0.0703125
0 0.78125 0.30234375 0.0703125 0.071875
0 0.9078125 0.97734375 0.05 0.0453125
0 0.89453125 0.9296875 0.071875 0.0734375
0 0.70234375 0.7296875 0.071875 0.0703125
0 0.55234375 0.15078125 0.071875 0.0703125
0 0.65546875 0.1125 0.0703125 0.0703125
0 0.828125 0.75390625 0.0703125 0.0703125
0 0.8671875 0.53828125 0.0703125 0.0703125
0 0.78828125 0.96796875 0.0703125 0.0640625
0 0.68125 0.9875 0.071875 0.025
0 0.57578125 0.540625 0.071875 0.071875
0 0.75546875 0.08125 0.0671875 0.0671875
0 0.7625 0.40859375 0.0703125 0.0703125
0 0.63828125 0.721875 0.0703125 0.0703125
0 0.7453125 0.68359375 0.0703125 0.06875
0 0.44609375 0.35546875 0.0703125 0.0703125
0 0.853125 0.97265625 0.071875 0.0546875
0 0.9484375 0.4375 0.0703125 0.0703125
0 0.34296875 0.0640625 0.0703125 0.0703125
0 0.5109375 0.53046875 0.071875 0.071875
0 0.42734375 0.2953125 0.0703125 0.071875
0 0.86328125 0.20625 0.071875 0.0703125
0 0.903125 0.15234375 0.0703125 0.071875
0 0.70078125 0.56953125 0.0703125 0.071875
0 0.53203125 0.5890625 0.071875 0.0734375
0 0.80546875 0.69765625 0.071875 0.0703125
0 0.36484375 0.115625 0.0703125 0.06875
0 0.70546875 0.90625 0.071875 0.0703125
0 0.6421875 0.890625 0.071875 0.0734375
0 0.40390625 0.23984375 0.0671875 0.0671875