0 0.940625 0.065625 0.065625 0.065625
0 0.76328125 0.2953125 0.065625 0.0671875
0 0.60078125 0.25 0.065625 0.065625
0 0.63671875 0.3015625 0.065625 0.065625
0 0.82578125 0.29140625 0.065625 0.0671875
0 0.9734375 0.33671875 0.0375 0.0640625
0 0.79296875 0.23828125 0.065625 0.065625
0 0.8890625 0.28671875 0.0671875 0.06875
0 0.77578125 0.51796875 0.065625 0.0640625
0 0.48125 0.471875 0.0671875 0.0671875
0 0.89921875 0.50703125 0.065625 0.065625
0 0.815625 0.675 0.065625 0.065625
0 0.946875 0.778125 0.0671875 0.0671875
0 0.75390625 0.79140625 0.065625 0.0671875
0 0.6265625 0.0859375 0.065625 0.065625
0 0.4765625 0.25546875 0.0671875 0.0671875
0 0.66640625 0.2453125 0.0671875 0.065625
0 0.33984375 0.04765625 0.065625 0.065625
0 0.6890625 0.08359375 0.0640625 0.0640625
0 0.9046875 0.021875 0.065625 0.04375
0 0.646875 0.52109375 0.0671875 0.0671875
0 0.86796875 0.5609375 0.0671875 0.06875
0 0.91171875 0.1234375 0.065625 0.06875
0 0.784375 0.7328125 0.065625 0.0671875
0 0.953125 0.284375 0.065625 0.0671875
0 0.44609375 0.31328125 0.0671875 0.06875
0 0.9328125 0.5578125 0.0671875 0.0671875
0 0.4421875 0.20234375 0.065625 0.065625
0 0.8484375 0.12734375 0.065625 0.0671875
0 0.9171875 0.8390625 0.065625 0.0671875
0 0.65859375 0.73828125 0.065625 0.0671875
0 0.96875 0.6140625 0.0625 0.065625
0 0.7 0.3 0.065625 0.0671875
0 0.6109375 0.46640625 0.065625 0.0671875
0 0.41015625 0.2609375 0.0671875 0.0671875
0 0.91171875 0.721875 0.065625 0.065625
0 0.65234375 0.63203125 0.065625 0.0671875
0 0.59375 0.03203125 0.065625 0.0640625
0 0.803125 0.4546875 0.065625 0.065625
0 0.85625 0.23515625 0.065625 0.065625
0 0.75078125 0.07890625 0.065625 0.065625
0 0.925 0.9421875 0.0671875 0.0625
0 0.83671875 0.51171875 0.065625 0.065625
0 0.98046875 0.44609375 0.0390625 0.0640625
0 0.87734375 0.07109375 0.0671875 0.0671875
0 0.67578125 0.4625 0.0671875 0.0671875
0 0.75859375 0.90234375 0.0671875 0.0671875
0 0.91875 0.23125 0.065625 0.0671875
0 0.81796875 0.7890625 0.0671875 0.0671875
0 0.98125 0.55625 0.0375 0.065625
0 0.53515625 0.1453125 0.065625 0.0671875
0 0.840625 0.025 0.065625 0.05
0 0.50703125 0.19921875 0.065625 0.0671875
0 0.94140625 0.6671875 0.065625 0.065625
0 0.63203125 0.19375 0.065625 0.065625
0 0.60625 0.3578125 0.065625 0.0671875
0 0.80625 0.56640625 0.065625 0.06875
0 0.96484375 0.5015625 0.06875 0.0671875
0 0.37421875 0.0984375 0.065625 0.0671875
0 0.4671875 0.0421875 0.0640625 0.065625
0 0.84765625 0.728125 0.0671875 0.0671875
0 0.5390625 0.25546875 0.0640625 0.0640625
0 0.6609375 0.13515625 0.065625 0.0671875
0 0.83203125 0.39921875 0.065625 0.0671875
0 0.74375 0.56953125 0.065625 0.0671875
0 0.8 0.35078125 0.065625 0.065625
0 0.51171875 0.30703125 0.065625 0.0671875
0 0.5140625 0.41640625 0.0671875 0.0671875
0 0.8546875 0.8421875 0.0671875 0.0671875
0 0.9515625 0.0203125 0.034375 0.040625
0 0.971875 0.7203125 0.05625 0.065625
0 0.625 0.68828125 0.0625 0.0625
0 0.4046875 0.04375 0.0671875 0.0671875
0 0.959375 0.1203125 0.0359375 0.0625
0 0.615625 0.57734375 0.0671875 0.06875
0 0.5296875 0.03515625 0.065625 0.065625
0 0.778125 0.0265625 0.065625 0.053125
0 0.2765625 0.05234375 0.065625 0.0671875
0 0.546875 0.47109375 0.0671875 0.0671875
0 0.740625 0.46171875 0.065625 0.0671875
0 0.596875 0.13984375 0.0640625 0.0671875
0 0.86171875 0.34765625 0.065625 0.065625
0 0.76875 0.40234375 0.065625 0.065625
0 0.57265625 0.30625 0.065625 0.0671875
0 0.72421875 0.13359375 0.065625 0.0671875
0 0.3125 0.209375 0.0671875 0.0671875
0 0.57734375 0.41484375 0.065625 0.0671875
0 0.9296875 0.4484375 0.0671875 0.0671875
0 0.66953125 0.35625 0.0671875 0.0671875
0 0.34609375 0.15625 0.0671875 0.0671875
0 0.715625 0.02890625 0.065625 0.0578125
0 0.45078125 0.42109375 0.0625 0.0625
0 0.88359375 0.18203125 0.065625 0.065625
0 0.90703125 0.61953125 0.065625 0.065625
0 0.8578125 0.9484375 0.0671875 0.059375
0 0.94609375 0.17578125 0.065625 0.065625
0 0.7234375 0.73515625 0.0671875 0.0671875
0 0.82109375 0.18046875 0.065625 0.0640625
0 0.89375 0.39453125 0.065625 0.0671875
0 0.48125 0.36328125 0.0671875 0.0671875
0 0.68125 0.5734375 0.0671875 0.0671875
0 0.9671875 0.22734375 0.034375 0.0625
0 0.978125 0.93828125 0.04375 0.0609375
0 0.64140625 0.4125 0.065625 0.065625
0 0.70546875 0.40703125 0.0671875 0.0671875
0 0.56953125 0.19765625 0.065625 0.065625
0 0.6921875 0.7953125 0.065625 0.06875
0 0.58984375 0.63984375 0.065625 0.0625
0 0.30859375 0.10390625 0.065625 0.065625
0 0.6953125 0.1921875 0.065625 0.065625
0 0.2140625 0.05625 0.065625 0.065625
0 0.7578125 0.18671875 0.0640625 0.065625
0 0.4078125 0.153125 0.0671875 0.0671875
0 0.4375 0.09609375 0.065625 0.0671875
0 0.50078125 0.090625 0.065625 0.0671875
0 0.825 0.89765625 0.0671875 0.0671875
0 0.9859375 0.6640625 0.028125 0.065625
0 0.378125 0.20859375 0.0671875 0.0671875
0 0.884375 0.784375 0.0671875 0.06875
0 0.98828125 0.77421875 0.0234375 0.0640625
0 0.71796875 0.628125 0.06875 0.0671875
0 0.959375 0.3921875 0.0671875 0.0671875
0 0.54375 0.36484375 0.0640625 0.065625
0 0.7296875 0.24453125 0.065625 0.0671875
0 0.9921875 0.8859375 0.015625 0.065625
0 0.9734375 0.8296875 0.053125 0.06875
0 0.74921875 0.678125 0.0671875 0.065625
0 0.471875 0.14765625 0.0671875 0.065625
0 0.5640625 0.0875 0.065625 0.065625
0 0.87734375 0.6734375 0.065625 0.065625
0 0.86640625 0.4546875 0.065625 0.065625
0 0.8875 0.89609375 0.065625 0.06875
0 0.79140625 0.953125 0.0671875 0.059375
0 0.5828125 0.52265625 0.0671875 0.0671875
0 0.6546875 0.034375 0.0625 0.0640625
0 0.7359375 0.35234375 0.065625 0.065625
0 0.684375 0.68515625 0.065625 0.065625
0 0.78046875 0.6234375 0.065625 0.0640625
0 0.41484375 0.37109375 0.065625 0.065625
0 0.95234375 0.88984375 0.0671875 0.0671875
0 0.92265625 0.33828125 0.065625 0.065625
0 0.2484375 0.11015625 0.065625 0.065625
0 0.5171875 0.52734375 0.0671875 0.0671875
0 0.3828125 0.3171875 0.065625 0.0671875
0 0.7875 0.13203125 0.0671875 0.065625
0 0.81484375 0.07109375 0.065625 0.0671875
0 0.71171875 0.52265625 0.065625 0.0671875
0 0.55078125 0.5796875 0.0671875 0.06875
0 0.8421875 0.62421875 0.0671875 0.065625
0 0.28203125 0.15546875 0.065625 0.0640625
0 0.79140625 0.84921875 0.0671875 0.065625
0 0.7265625 0.8484375 0.0671875 0.06875
0 0.34765625 0.26796875 0.0640625 0.0640625