0 0.46875 0.63984375 0.0734375 0.0734375
0 0.940625 0.58828125 0.0703125 0.071875
0 0.3296875 0.89375 0.075 0.075
0 0.8015625 0.8453125 0.0734375 0.0734375
0 0.115625 0.4953125 0.071875 0.0734375
0 0.1625 0.875 0.0734375 0.0734375
0 0.6796875 0.14765625 0.071875 0.071875
0 0.87109375 0.2703125 0.071875 0.0734375
0 0.3734375 0.21484375 0.071875 0.071875
0 0.20546875 0.9203125 0.0734375 0.0734375
0 0.63203125 0.659375 0.071875 0.0734375
0 0.75546875 0.63125 0.0734375 0.0765625
0 0.490625 0.03046875 0.071875 0.0609375
0 0.44140625 0.365625 0.0734375 0.0734375
0 0.60078125 0.221875 0.071875 0.0734375
0 0.39140625 0.88046875 0.0734375 0.075
0 0.5578125 0.8984375 0.0734375 0.075
0 0.653125 0.5984375 0.075 0.0734375
0 0.4234375 0.428125 0.071875 0.0734375
0 0.7765625 0.5703125 0.0734375 0.0734375
0 0.56015625 0.17578125 0.071875 0.071875
0 0.80078125 0.12109375 0.0734375 0.0734375
0 0.35 0.8328125 0.0734375 0.0734375
0 0.453125 0.865625 0.075 0.0765625
0 0.8984375 0.54375 0.071875 0.0734375
0 0.25390625 0.24609375 0.071875 0.0734375
0 0.02578125 0.46171875 0.0515625 0.0734375
0 0.43359375 0.203125 0.0734375 0.0734375
0 0.86640625 0.828125 0.0765625 0.0765625
0 0.64921875 0.434375 0.0734375 0.0734375
0 0.65546875 0.04375 0.0734375 0.075
0 0.13515625 0.43515625 0.0734375 0.0734375
0 0.965625 0.859375 0.06875 0.075
0 0.53984375 0.23671875 0.0734375 0.0734375
0 0.20078125 0.58515625 0.0734375 0.0734375
0 0.66015625 0.9328125 0.071875 0.0734375
0 0.53046875 0.62578125 0.0734375 0.0734375
0 0.2328125 0.30234375 0.0734375 0.075
0 0.3515625 0.11015625 0.0734375 0.075
0 0.7703125 0.40859375 0.071875 0.071875
0 0.10703125 0.16328125 0.0734375 0.0734375
0 0.33046875 0.1671875 0.0734375 0.0734375
0 0.98515625 0.74140625 0.0296875 0.0734375
0 0.96015625 0.5296875 0.0734375 0.071875
0 0.1625 0.70859375 0.0734375 0.0734375
0 0.2265625 0.86015625 0.075 0.0734375
0 0.1390625 0.59921875 0.0734375 0.0734375
0 0.41640625 0.26015625 0.071875 0.0734375
0 0.2234375 0.69609375 0.071875 0.071875
0 0.44609375 0.53125 0.071875 0.0734375
0 0.55 0.025 0.071875 0.05
0 0.8921875 0.37734375 0.0734375 0.0734375
0 0.8421875 0.7234375 0.0734375 0.0734375
0 0.721875 0.91875 0.0734375 0.075
0 0.3140625 0.23203125 0.071875 0.0734375
0 0.29921875 0.453125 0.0734375 0.075
0 0.54375 0.3984375 0.075 0.0765625
0 0.6203125 0.16171875 0.0734375 0.071875
0 0.721875 0.1921875 0.0734375 0.0734375
0 0.71015625 0.421875 0.071875 0.071875
0 0.47890625 0.24921875 0.075 0.075
0 0.425 0.5921875 0.0734375 0.0734375
0 0.9046875 0.1515625 0.0671875 0.071875
0 0.7296875 0.359375 0.0734375 0.075
0 0.81328125 0.453125 0.071875 0.0734375
0 0.3796875 0.3828125 0.0734375 0.075
0 0.9640625 0.69375 0.071875 0.075
0 0.44921875 0.70078125 0.0734375 0.0765625
0 0.01484375 0.515625 0.0296875 0.06875
0 0.7140625 0.0328125 0.071875 0.065625
0 0.515625 0.853125 0.0734375 0.075
0 0.53359375 0.0703125 0.071875 0.0734375
0 0.3875 0.7140625 0.0734375 0.075
0 0.0109375 0.19140625 0.021875 0.0734375
0 0.84609375 0.16796875 0.0734375 0.075
0 0.6078125 0.38515625 0.0734375 0.075
0 0.759375 0.796875 0.075 0.075
0 0.5859375 0.44609375 0.0734375 0.075
0 0.59140625 0.6109375 0.0734375 0.0734375
0 0.29453125 0.28984375 0.071875 0.071875
0 0.62421875 0.3265625 0.0734375 0.0734375
0 0.6578125 0.7640625 0.0734375 0.0734375
0 0.78984375 0.34453125 0.0734375 0.075
0 0.26796875 0.9078125 0.075 0.075
0 0.83671875 0.01875 0.0734375 0.0375
0 0.28046875 0.51796875 0.071875 0.0734375
0 0.090625 0.3875 0.0734375 0.0734375
0 0.82578125 0.2296875 0.071875 0.0734375
0 0.9828125 0.57734375 0.034375 0.0734375
0 0.88671875 0.2125 0.0734375 0.0734375
0 0.9453125 0.7546875 0.075 0.075
0 0.12109375 0.66015625 0.0734375 0.0734375
0 0.4125 0.8203125 0.0734375 0.0734375
0 0.696875 0.81171875 0.0734375 0.075
0 0.28359375 0.68203125 0.0734375 0.0734375
0 0.62890625 0.4921875 0.0734375 0.0734375
0 0.03125 0.6265625 0.04375 0.0671875
0 0.20859375 0.19609375 0.071875 0.0734375
0 0.34140625 0.50234375 0.0734375 0.075
0 0.8234375 0.7859375 0.0734375 0.0734375
0 0.0359375 0.56875 0.071875 0.075
0 0.40078125 0.48828125 0.071875 0.0734375
0 0.61015625 0.55234375 0.0734375 0.0734375
0 0.04609375 0.17734375 0.0734375 0.075
0 0.7390625 0.1359375 0.0734375 0.0734375
0 0.68125 0.8734375 0.0734375 0.0734375
0 0.928125 0.2578125 0.06875 0.071875
0 0.40703125 0.6546875 0.075 0.075
0 0.66015625 0.2078125 0.071875 0.075
0 0.01171875 0.3578125 0.0234375 0.071875
0 0.81640625 0.6171875 0.0734375 0.075
0 0.18515625 0.09296875 0.071875 0.0734375
0 0.88125 0.60234375 0.0734375 0.0734375
0 0.31953125 0.3953125 0.0734375 0.0734375
0 0.26875 0.18203125 0.0734375 0.075
0 0.4734375 0.80625 0.0734375 0.075
0 0.109375 0.328125 0.0734375 0.0734375
0 0.69453125 0.6453125 0.075 0.0765625
0 0.36953125 0.05 0.075 0.075
0 0.08203125 0.78125 0.071875 0.075
0 0.684375 0.3140625 0.0734375 0.075
0 0.15234375 0.3734375 0.075 0.0734375
0 0.23046875 0.13828125 0.071875 0.0734375
0 0.36328125 0.60625 0.0734375 0.075
0 0.5171875 0.13046875 0.071875 0.071875
0 0.07890625 0.83515625 0.0421875 0.0671875
0 0.7828125 0.90546875 0.0734375 0.075
0 0.9546875 0.30859375 0.040625 0.065625
0 0.74765625 0.2984375 0.0734375 0.0734375
0 0.9734375 0.6359375 0.053125 0.071875
0 0.184375 0.8140625 0.0734375 0.0734375
0 0.934375 0.4234375 0.0734375 0.0734375
0 0.07734375 0.61640625 0.0734375 0.0734375
0 0.43203125 0.03984375 0.071875 0.071875
0 0.18359375 0.97109375 0.0734375 0.0578125
0 0.06484375 0.11875 0.0734375 0.0734375
0 0.290625 0.12421875 0.071875 0.0734375
0 0.17109375 0.3140625 0.075 0.075
0 0.05546875 0.509375 0.0734375 0.075
0 0.1046875 0.8890625 0.0671875 0.071875
0 0.0328125 0.40234375 0.065625 0.0734375
0 0.7796875 0.73671875 0.0734375 0.075
0 0.95234375 0.3640625 0.0703125 0.071875
0 0.20390625 0.75234375 0.0734375 0.075
0 0.41328125 0.97421875 0.0734375 0.0515625
0 0.83828125 0.5578125 0.075 0.0734375
0 0.37421875 0.94296875 0.0734375 0.0734375
0 0.1015625 0.940625 0.0390625 0.0671875
0 0.50390625 0.3546875 0.0734375 0.075
0 0.48671875 0.57890625 0.0734375 0.0734375
0 0.56640625 0.50703125 0.0734375 0.075
0 0.36171875 0.440625 0.0734375 0.0734375
0 0.67265625 0.5390625 0.075 0.0734375
0 0.51015625 0.68671875 0.0734375 0.0734375
0 0.978125 0.41171875 0.040625 0.065625
0 0.49765625 0.19140625 0.0734375 0.0734375
0 0.59921875 0.946875 0.075 0.075
0 0.125 0.1046875 0.071875 0.0734375
0 0.6671875 0.3734375 0.0734375 0.0734375
0 0.740625 0.8609375 0.0734375 0.0734375
0 0.7046875 0.25390625 0.0734375 0.075
0 0.61015625 0.01796875 0.0734375 0.0359375
0 0.4140625 0.09609375 0.075 0.075
0 0.196875 0.42421875 0.0734375 0.0734375
0 0.32265625 0.5609375 0.0734375 0.0734375
0 0.0578125 0.6734375 0.0734375 0.0734375
0 0.075 0.45078125 0.0734375 0.0734375
0 0.9921875 0.51875 0.015625 0.065625
0 0.57109375 0.6734375 0.0734375 0.075
0 0.715625 0.584375 0.075 0.0734375
0 0.12890625 0.27109375 0.0734375 0.0734375
0 0.16953125 0.15234375 0.0734375 0.0734375
0 0.78203125 0.18046875 0.0734375 0.0734375
0 0.3015625 0.6203125 0.0734375 0.0734375
0 0.5953125 0.05703125 0.0734375 0.075
0 0.45546875 0.1421875 0.0734375 0.0734375
0 0.75234375 0.46484375 0.0734375 0.071875
0 0.0203125 0.29765625 0.040625 0.0734375
0 0.85546875 0.4953125 0.0734375 0.0734375
0 0.975 0.8 0.05 0.075
0 0.065625 0.28203125 0.0734375 0.075
0 0.91484375 0.48515625 0.0734375 0.0734375
0 0.14140625 0.76640625 0.0734375 0.075
0 0.2578125 0.41015625 0.0734375 0.0734375
0 0.43515625 0.93046875 0.0734375 0.0734375
0 0.35234375 0.98046875 0.0734375 0.0390625
0 0.8453125 0.89453125 0.0734375 0.0734375
0 0.68984375 0.4796875 0.0734375 0.0734375
0 0.50625 0.5203125 0.0734375 0.075
0 0.14296875 0.934375 0.0734375 0.075
0 0.265625 0.73984375 0.075 0.075
0 0.384375 0.54921875 0.0734375 0.0734375
0 0.35390625 0.2734375 0.0734375 0.075
0 0.61328125 0.7203125 0.0734375 0.0734375
0 0.27421875 0.346875 0.0734375 0.0734375
0 0.88359375 0.76796875 0.071875 0.0734375
0 0.54921875 0.56796875 0.0734375 0.0734375
0 0.4828125 0.4140625 0.075 0.075
0 0.246875 0.965625 0.075 0.06875
0 0.57734375 0.11796875 0.071875 0.071875
0 0.71875 0.753125 0.071875 0.0734375
0 0.3984375 0.32109375 0.0734375 0.0734375
0 0.64375 0.26953125 0.0734375 0.075
0 0.83046875 0.39296875 0.0734375 0.0734375
0 0.046875 0.34375 0.071875 0.0734375
0 0.63671875 0.10546875 0.0703125 0.0703125
0 0.240625 0.634375 0.0734375 0.0734375
0 0.33828125 0.33359375 0.071875 0.0734375
0 0.43046875 0.76328125 0.0734375 0.0734375
0 0.61875 0.8859375 0.0734375 0.075
0 0.79375 0.51015625 0.071875 0.071875
0 0.903125 0.70859375 0.075 0.075
0 0.86015625 0.66171875 0.075 0.075
0 0.4921875 0.746875 0.0734375 0.0734375
0 0.9703125 0.46796875 0.059375 0.0734375
0 0.36953125 0.77109375 0.0734375 0.071875
0 0.7578125 0.07421875 0.0734375 0.0734375
0 0.596875 0.778125 0.0734375 0.0734375
0 0.5765625 0.83828125 0.075 0.075
0 0.58125 0.27890625 0.0734375 0.0734375
0 0.51875 0.29375 0.0734375 0.0734375
0 0.47421875 0.96640625 0.0734375 0.0671875
0 0.6765625 0.70546875 0.071875 0.071875
0 0.91171875 0.31875 0.0703125 0.0703125
0 0.76484375 0.240625 0.071875 0.0734375
0 0.53671875 0.79140625 0.075 0.0734375
0 0.81015625 0.2890625 0.0734375 0.075
0 0.15625 0.5375 0.0734375 0.0734375
0 0.88203125 0.0125 0.0390625 0.025
0 0.90703125 0.8765625 0.075 0.075
0 0.0875 0.22421875 0.0734375 0.071875
0 0.7375 0.5234375 0.071875 0.071875
0 0.5640625 0.3421875 0.0734375 0.0734375
0 0.79765625 0.68125 0.071875 0.0734375
0 0.290625 0.9875 0.075 0.025
0 0.1234375 0.82734375 0.0734375 0.0734375
0 0.93046875 0.2015625 0.0390625 0.065625
0 0.19140625 0.2578125 0.0734375 0.0734375
0 0.246875 0.80234375 0.0734375 0.0734375
0 0.87890625 0.046875 0.0703125 0.0734375
0 0.3046875 0.06875 0.0734375 0.0734375
0 0.30703125 0.7875 0.071875 0.0734375
0 0.0546875 0.72890625 0.04375 0.0671875
0 0.46328125 0.47578125 0.071875 0.0734375
0 0.69609375 0.0875 0.0734375 0.0734375
0 0.178125 0.48125 0.0734375 0.0734375
0 0.21875 0.5265625 0.0734375 0.075
0 0.55390625 0.73515625 0.071875 0.071875
0 0.53828125 0.95859375 0.075 0.075
0 0.90625 0.09765625 0.0390625 0.0640625
0 0.01953125 0.13203125 0.0390625 0.0734375
0 0.92890625 0.81875 0.0734375 0.0734375
0 0.12734375 0.9796875 0.0640625 0.040625
0 0.28828125 0.8484375 0.0734375 0.075
0 0.52421875 0.459375 0.075 0.075
0 0.146875 0.2078125 0.0734375 0.075
0 0.21640625 0.3625 0.0734375 0.0734375
0 0.10078125 0.71953125 0.0734375 0.0734375
0 0.921875 0.64921875 0.0734375 0.075
0 0.7375 0.69453125 0.0734375 0.0734375
0 0.81953125 0.0625 0.0734375 0.0734375
0 0.18203125 0.653125 0.0703125 0.0703125
0 0.31171875 0.95390625 0.0734375 0.0734375
0 0.77578125 0.028125 0.0734375 0.05625
0 0.23984375 0.46796875 0.075 0.0765625
0 0.63828125 0.82421875 0.0734375 0.0734375
0 0.39296875 0.1609375 0.071875 0.071875
0 0.6703125 0.01171875 0.071875 0.0234375
0 0.49375 0.9109375 0.0734375 0.0734375
0 0.2625 0.578125 0.071875 0.0734375
0 0.328125 0.72890625 0.075 0.0734375
0 0.3453125 0.6640625 0.0734375 0.075
0 0.87421875 0.4375 0.0734375 0.075
0 0.03125 0.23828125 0.0625 0.0734375
0 0.865625 0.109375 0.0734375 0.071875
0 0.09609375 0.55625 0.0734375 0.075
0 0.85078125 0.3359375 0.0734375 0.071875
0 0.4765625 0.08203125 0.071875 0.0734375
0 0.24609375 0.0875 0.0703125 0.0703125
0 0.45703125 0.3046875 0.0703125 0.0703125