0 0.934375 0.88671875 0.06875 0.0640625
0 0.51328125 0.9796875 0.0671875 0.040625
0 0.57265625 0.9734375 0.0671875 0.053125
0 0.815625 0.9140625 0.0703125 0.0640625
0 0.39453125 0.99375 0.0671875 0.0125
0 0.45546875 0.9859375 0.0671875 0.028125
0 0.234375 0.98671875 0.071875 0.0265625
0 0.6328125 0.9578125 0.0703125 0.0609375
0 0.65546875 0.9 0.071875 0.0734375
0 0.29375 0.97890625 0.071875 0.0421875
0 0.53359375 0.928125 0.071875 0.071875
0 0.35546875 0.9703125 0.0703125 0.059375
0 0.6921875 0.946875 0.0671875 0.0546875
0 0.8734375 0.9015625 0.0703125 0.0625
0 0.47109375 0.9453125 0.0734375 0.071875
0 0.41328125 0.9671875 0.0703125 0.065625
0 0.97890625 0.871875 0.0421875 0.065625
0 0.753125 0.92734375 0.0703125 0.065625
0 0.59375 0.9203125 0.071875 0.0734375
0 0.71484375 0.8953125 0.0703125 0.0703125