0 0.84375 0.86484375 0.06015625 0.0625
0 0.69375 0.9171875 0.06015625 0.06015625
0 0.415625 0.8640625 0.059375 0.06015625
0 0.28828125 0.86015625 0.0609375 0.06171875
0 0.725 0.865625 0.06015625 0.0609375
0 0.93828125 0.91953125 0.0625 0.0625
0 0.984375 0.921875 0.03125 0.0609375
0 0.8171875 0.92578125 0.05859375 0.05859375
0 0.875 0.91796875 0.06171875 0.0625
0 0.75625 0.92109375 0.06015625 0.06015625
0 0.96953125 0.97109375 0.059375 0.0578125
0 0.44453125 0.9171875 0.0609375 0.06171875
0 0.4125 0.97265625 0.0609375 0.0546875
0 0.57265625 0.81875 0.059375 0.0609375
0 0.784375 0.97265625 0.059375 0.0546875
0 0.47734375 0.86328125 0.0625 0.06015625
0 0.66328125 0.86953125 0.06015625 0.0609375
0 0.6328125 0.91640625 0.06015625 0.0609375
0 0.60390625 0.8703125 0.05859375 0.0578125
0 0.909375 0.865625 0.0640625 0.0640625
0 0.8453125 0.97265625 0.059375 0.0546875
0 0.50703125 0.91484375 0.0625 0.06328125
0 0.38359375 0.91953125 0.059375 0.059375
0 0.5984375 0.9671875 0.06171875 0.06171875
0 0.69453125 0.81015625 0.06171875 0.059375
0 0.446875 0.809375 0.0609375 0.059375
0 0.90625 0.971875 0.059375 0.05625
0 0.5703125 0.91875 0.06171875 0.06171875
0 0.35 0.8625 0.0609375 0.06171875
0 0.4734375 0.96953125 0.0609375 0.0609375
0 0.63203125 0.81640625 0.059375 0.0609375
0 0.721875 0.96875 0.0609375 0.06171875
0 0.78515625 0.86640625 0.0609375 0.0609375
0 0.659375 0.96953125 0.0609375 0.0609375
0 0.25859375 0.809375 0.059375 0.05859375
0 0.31953125 0.91640625 0.06015625 0.05859375
0 0.5109375 0.8140625 0.06015625 0.0609375
0 0.5375 0.97109375 0.0609375 0.0578125
0 0.3453125 0.96171875 0.06171875 0.059375
0 0.76015625 0.8234375 0.06015625 0.0609375
0 0.26015625 0.7109375 0.05625 0.0578125
0 0.2296875 0.7640625 0.05703125 0.0578125
0 0.3609375 0.765625 0.0578125 0.05703125
0 0.3265625 0.80859375 0.06171875 0.06015625
0 0.3875 0.81875 0.05859375 0.0578125
0 0.2 0.7109375 0.05859375 0.059375
0 0.5453125 0.871875 0.0609375 0.059375
0 0.29375 0.7625 0.059375 0.0578125