0 0.28828125 0.37421875 0.0609375 0.06015625
0 0.44296875 0.0984375 0.06015625 0.0609375
0 0.32109375 0.53671875 0.0625 0.0625
0 0.4453125 0.31328125 0.0625 0.06328125
0 0.16171875 0.37421875 0.0609375 0.0625
0 0.2875 0.15390625 0.06171875 0.06328125
0 0.51328125 0.53359375 0.0625 0.0625
0 0.63984375 0.5359375 0.06171875 0.0625
0 0.13125 0.865625 0.0625 0.0640625
0 0.47890625 0.26015625 0.06171875 0.0625
0 0.01796875 0.10078125 0.0359375 0.0625
0 0.01796875 0.5375 0.0359375 0.0625
0 0.79375 0.25703125 0.0625 0.0640625
0 0.31875 0.0984375 0.06171875 0.06171875
0 0.63671875 0.3109375 0.06171875 0.06328125
0 0.72734375 0.0359375 0.05859375 0.059375
0 0.51015625 0.3140625 0.06171875 0.0609375
0 0.190625 0.1015625 0.06171875 0.06015625
0 0.2859375 0.26171875 0.0609375 0.06171875
0 0.6046875 0.25859375 0.06015625 0.06171875
0 0.03515625 0.5921875 0.06171875 0.0625
0 0.1984375 0.8640625 0.0625 0.06328125
0 0.54140625 0.25859375 0.06171875 0.0625
0 0.4796875 0.5890625 0.06171875 0.06328125
0 0.325 0.865625 0.0625 0.06171875
0 0.35078125 0.2609375 0.0625 0.06171875
0 0.034375 0.15546875 0.06171875 0.0625
0 0.50703125 0.096875 0.0609375 0.0609375
0 0.13125 0.5359375 0.0609375 0.06328125
0 0.128125 0.10546875 0.06015625 0.06015625
0 0.0359375 0.8109375 0.0625 0.0609375
0 0.66796875 0.25625 0.0625 0.0625
0 0.3578125 0.809375 0.0625 0.0625
0 0.06875 0.53828125 0.06171875 0.06328125
0 0.28984375 0.590625 0.06015625 0.06015625
0 0.35078125 0.153125 0.06171875 0.06328125
0 0.54609375 0.69765625 0.06171875 0.0625
0 0.19453125 0.5375 0.06171875 0.06171875
0 0.353125 0.59140625 0.06328125 0.06171875
0 0.228125 0.81015625 0.0609375 0.0609375
0 0.31875 0.42265625 0.0609375 0.06015625
0 0.22265625 0.15390625 0.06171875 0.0625
0 0.665625 0.14921875 0.0609375 0.06171875
0 0.76015625 0.2 0.0609375 0.06171875
0 0.3875 0.64453125 0.06171875 0.06171875
0 0.22421875 0.375 0.0609375 0.06171875
0 0.06640625 0.1015625 0.0609375 0.06171875
0 0.1609375 0.26640625 0.0609375 0.0625
0 0.01796875 0.64765625 0.0359375 0.0625
0 0.4828125 0.7 0.06171875 0.06328125
0 0.63828125 0.4203125 0.0625 0.06171875
0 0.8234375 0.1984375 0.0625 0.0625
0 0.12890625 0.21171875 0.06015625 0.06171875
0 0.06640625 0.86484375 0.0625 0.06328125
0 0.1921875 0.4296875 0.0609375 0.06015625
0 0.03359375 0.04296875 0.06171875 0.06171875
0 0.2921875 0.81171875 0.0625 0.0625
0 0.1296875 0.31875 0.0609375 0.0609375
0 0.3234375 0.75390625 0.06171875 0.0625
0 0.0171875 0.3203125 0.034375 0.0609375
0 0.22421875 0.2640625 0.0609375 0.0625
0 0.3859375 0.53359375 0.06328125 0.0640625
0 0.54375 0.47734375 0.06171875 0.0625
0 0.159375 0.04453125 0.06171875 0.0625
0 0.13046875 0.6484375 0.06171875 0.06171875
0 0.0171875 0.42578125 0.034375 0.0640625
0 0.67265625 0.47421875 0.0625 0.06328125
0 0.25625 0.3171875 0.06171875 0.0625
0 0.065625 0.42734375 0.06171875 0.0625
0 0.4125 0.04140625 0.06171875 0.0625
0 0.475 0.04375 0.0609375 0.0609375
0 0.06796875 0.65 0.0609375 0.0609375
0 0.3203125 0.31640625 0.0625 0.06484375
0 0.034375 0.2640625 0.0609375 0.0625
0 0.38984375 0.8671875 0.0625 0.0625
0 0.1640625 0.81015625 0.0625 0.06171875
0 0.3234375 0.6453125 0.0625 0.0625
0 0.1015625 0.8109375 0.0625 0.06171875
0 0.16484375 0.92109375 0.0625 0.06328125
0 0.634375 0.0953125 0.06015625 0.0609375
0 0.79296875 0.14609375 0.06171875 0.0625
0 0.0953125 0.0453125 0.0609375 0.0609375
0 0.03359375 0.4796875 0.06328125 0.0625
0 0.478125 0.3703125 0.06171875 0.0625
0 0.159375 0.15703125 0.059375 0.06015625
0 0.45 0.7546875 0.0609375 0.0609375
0 0.03515625 0.91875 0.06328125 0.0640625
0 0.22734375 0.4796875 0.0609375 0.06171875
0 0.41953125 0.70078125 0.06171875 0.06328125
0 0.70390625 0.415625 0.0609375 0.0609375
0 0.16328125 0.703125 0.06171875 0.0625
0 0.38046875 0.09921875 0.0609375 0.0609375
0 0.28671875 0.04453125 0.06015625 0.06171875
0 0.56953125 0.09609375 0.0609375 0.06171875
0 0.01796875 0.75625 0.0359375 0.0625
0 0.51328125 0.4234375 0.06171875 0.0625
0 0.25546875 0.1 0.06171875 0.06171875
0 0.5734375 0.31640625 0.06171875 0.0625
0 0.60703125 0.4765625 0.06171875 0.0625
0 0.853125 0.0375 0.0625 0.06171875
0 0.06796875 0.9734375 0.0625 0.053125
0 0.4484375 0.53359375 0.06171875 0.06328125
0 0.34921875 0.04375 0.06171875 0.0625
0 0.22421875 0.04453125 0.06171875 0.0625
0 0.096875 0.375 0.06171875 0.06171875
0 0.290625 0.70078125 0.06171875 0.06328125
0 0.72890625 0.1484375 0.0609375 0.06328125
0 0.0171875 0.2109375 0.034375 0.0625
0 0.57578125 0.421875 0.0609375 0.06171875
0 0.5765625 0.5375 0.0625 0.0625
0 0.1984375 0.97109375 0.0640625 0.0578125
0 0.3828125 0.4234375 0.06171875 0.06171875
0 0.5078125 0.2015625 0.06171875 0.06171875
0 0.5140625 0.75625 0.0625 0.0625
0 0.2890625 0.4796875 0.0609375 0.06171875
0 0.06640625 0.32109375 0.0609375 0.06171875
0 0.6046875 0.36953125 0.06171875 0.0625
0 0.13125 0.75703125 0.0609375 0.06015625
0 0.38203125 0.315625 0.06171875 0.0625
0 0.0984375 0.59296875 0.0625 0.0625
0 0.1921875 0.31953125 0.06171875 0.06171875
0 0.3859375 0.75546875 0.0609375 0.0609375
0 0.09609375 0.265625 0.06015625 0.0625
0 0.4125 0.15390625 0.0609375 0.06328125
0 0.259375 0.75703125 0.0625 0.06171875
0 0.13203125 0.971875 0.0625 0.05625
0 0.75859375 0.09375 0.0609375 0.0625
0 0.634375 0.2015625 0.06015625 0.0609375
0 0.60234375 0.0390625 0.06328125 0.06171875
0 0.22734375 0.70234375 0.06171875 0.06328125
0 0.4796875 0.48046875 0.06171875 0.0609375
0 0.475 0.15390625 0.059375 0.05859375
0 0.2578125 0.5390625 0.0625 0.0625
0 0.85546875 0.14453125 0.0609375 0.06171875
0 0.09921875 0.70390625 0.0609375 0.06328125
0 0.35625 0.7015625 0.06171875 0.06328125
0 0.0671875 0.209375 0.06015625 0.0625
0 0.38203125 0.20703125 0.06328125 0.0625
0 0.821875 0.08984375 0.0609375 0.06015625
0 0.4140625 0.25859375 0.0625 0.06328125
0 0.0359375 0.7 0.0625 0.0625
0 0.603125 0.14765625 0.0609375 0.0609375
0 0.19140625 0.20859375 0.0625 0.0625
0 0.4484375 0.42109375 0.0625 0.06328125
0 0.7625 0.31328125 0.0609375 0.06171875
0 0.0984375 0.15546875 0.0609375 0.0625
0 0.25546875 0.209375 0.0609375 0.0609375
0 0.259375 0.640625 0.06171875 0.0609375
0 0.51484375 0.640625 0.0625 0.06171875
0 0.36015625 0.92109375 0.0625 0.06328125
0 0.5375 0.0421875 0.0625 0.06171875
0 0.5359375 0.1515625 0.05859375 0.05859375
0 0.66484375 0.03671875 0.06171875 0.06328125
0 0.73046875 0.25703125 0.0625 0.0640625
0 0.6953125 0.2046875 0.0609375 0.06015625
0 0.23125 0.9203125 0.0625 0.0640625
0 0.41328125 0.37109375 0.06171875 0.06171875
0 0.13046875 0.4296875 0.0609375 0.06015625
0 0.540625 0.36875 0.06015625 0.06015625
0 0.01796875 0.97265625 0.0359375 0.0546875
0 0.8265625 0.31171875 0.06328125 0.06171875
0 0.7890625 0.04375 0.06015625 0.059375
0 0.4453125 0.203125 0.0609375 0.0609375
0 0.353125 0.47734375 0.06328125 0.06171875
0 0.1953125 0.75703125 0.06171875 0.059375
0 0.54375 0.58671875 0.06328125 0.06328125
0 0.57421875 0.2 0.0625 0.0625
0 0.1 0.48125 0.06328125 0.06328125
0 0.22578125 0.59140625 0.06171875 0.06171875
0 0.6984375 0.09296875 0.06328125 0.06484375
0 0.57578125 0.64140625 0.06171875 0.0625
0 0.67109375 0.3640625 0.0609375 0.059375
0 0.73515625 0.475 0.0609375 0.0625
0 0.42421875 0.9234375 0.06328125 0.0640625
0 0.06640625 0.7578125 0.0609375 0.0609375
0 0.06328125 0.0125 0.0609375 0.025
0 0.4546875 0.86640625 0.0625 0.06484375
0 0.19453125 0.64453125 0.0625 0.0625
0 0.4828125 0.809375 0.0640625 0.0625
0 0.91640625 0.1453125 0.06015625 0.059375
0 0.44765625 0.64609375 0.0609375 0.06171875
0 0.2609375 0.8640625 0.06171875 0.06328125
0 0.16171875 0.59296875 0.06328125 0.0609375
0 0.25546875 0.42578125 0.059375 0.0609375
0 0.0328125 0.37421875 0.06171875 0.06015625
0 0.41953125 0.8109375 0.0640625 0.0625
0 0.69921875 0.31328125 0.0625 0.0625
0 0.353125 0.37265625 0.0609375 0.06015625
0 0.5484375 0.81015625 0.06328125 0.06171875
0 0.85703125 0.2546875 0.06171875 0.0625
0 0.7328125 0.3640625 0.06015625 0.06015625
0 0.01796875 0.8546875 0.0359375 0.0640625
0 0.16328125 0.4765625 0.0625 0.0625
0 0.39375 0.9734375 0.0640625 0.053125
0 0.09921875 0.9234375 0.06328125 0.06484375
0 0.7015625 0.53203125 0.0625 0.06171875
0 0.88203125 0.09609375 0.06015625 0.0609375
0 0.41875 0.4796875 0.0625 0.0609375
0 0.31640625 0.21015625 0.06015625 0.059375
0 0.57734375 0.75390625 0.06328125 0.06328125
0 0.91953125 0.0328125 0.06328125 0.0640625
0 0.51875 0.865625 0.0640625 0.06484375
0 0.45703125 0.9734375 0.0625 0.053125
0 0.6109375 0.69765625 0.06328125 0.06328125
0 0.765625 0.41640625 0.06015625 0.0609375
0 0.7953125 0.3625 0.06328125 0.0609375
0 0.8875 0.1984375 0.06171875 0.06171875
0 0.3265625 0.97109375 0.0640625 0.0578125
0 0.30078125 0.915625 0.0640625 0.0640625
0 0.4890625 0.925 0.0640625 0.0640625
0 0.94609375 0.09453125 0.06015625 0.06015625
0 0.9765625 0.03359375 0.046875 0.0609375
0 0.259375 0.96953125 0.0625 0.0609375
0 0.60859375 0.5875 0.0609375 0.0609375
0 0.6375 0.6375 0.0640625 0.0609375
0 0.6734375 0.58671875 0.0640625 0.0625
0 0.4171875 0.58984375 0.06171875 0.0609375