0 0.43828125 0.62890625 0.0609375 0.0609375
0 0.909375 0.68515625 0.05859375 0.06015625
0 0.2453125 0.8453125 0.06171875 0.06328125
0 0.71640625 0.9046875 0.0609375 0.06171875
0 0.1265625 0.40859375 0.06015625 0.06171875
0 0.08671875 0.7890625 0.06171875 0.0609375
0 0.7546875 0.196875 0.06015625 0.059375
0 0.91328125 0.359375 0.06015625 0.0609375
0 0.440625 0.19375 0.059375 0.06015625
0 0.11875 0.84296875 0.06171875 0.06171875
0 0.59296875 0.68515625 0.06015625 0.06171875
0 0.71953125 0.68515625 0.0609375 0.0640625
0 0.59765625 0.03515625 0.059375 0.06015625
0 0.4734375 0.35625 0.0609375 0.06171875
0 0.6609375 0.2515625 0.06015625 0.06171875
0 0.30859375 0.84609375 0.06171875 0.0625
0 0.46640625 0.9015625 0.06171875 0.0625
0 0.62734375 0.63046875 0.0625 0.06171875
0 0.44140625 0.4125 0.06015625 0.0609375
0 0.75390625 0.63046875 0.0609375 0.06171875
0 0.63125 0.19765625 0.06015625 0.06015625
0 0.878125 0.1984375 0.0609375 0.06171875
0 0.27890625 0.790625 0.06171875 0.06171875
0 0.371875 0.8453125 0.0625 0.0640625
0 0.878125 0.63203125 0.06015625 0.0609375
0 0.3171875 0.196875 0.06015625 0.0609375
0 0.0359375 0.35390625 0.06171875 0.0609375
0 0.50234375 0.19609375 0.06171875 0.0609375
0 0.7828125 0.90234375 0.0640625 0.06328125
0 0.66015625 0.46953125 0.06171875 0.06171875
0 0.75390625 0.090625 0.06015625 0.0625
0 0.159375 0.3546875 0.0609375 0.06171875
0 0.875 0.95625 0.06171875 0.0625
0 0.5984375 0.25234375 0.0609375 0.0609375
0 0.1890625 0.515625 0.0609375 0.0609375
0 0.55859375 0.9578125 0.06015625 0.06171875
0 0.91015625 0.0375 0.0609375 0.06171875
0 0.5015625 0.6296875 0.06171875 0.06171875
0 0.0171875 0.08359375 0.034375 0.0609375
0 0.284375 0.24765625 0.0609375 0.0625
0 0.44296875 0.08671875 0.0609375 0.0625
0 0.78359375 0.471875 0.059375 0.06015625
0 0.19296875 0.08359375 0.0609375 0.0609375
0 0.409375 0.1375 0.06171875 0.06171875
0 0.93984375 0.85 0.0609375 0.0609375
0 0.94140625 0.63203125 0.0609375 0.06015625
0 0.12421875 0.62734375 0.0609375 0.0609375
0 0.15234375 0.7890625 0.0625 0.0609375
0 0.12578125 0.515625 0.06171875 0.06171875
0 0.47265625 0.24765625 0.06015625 0.0609375
0 0.18671875 0.62890625 0.06015625 0.06015625
0 0.440625 0.51875 0.06015625 0.0609375
0 0.6578125 0.0375 0.06015625 0.0609375
0 0.909375 0.46875 0.0609375 0.06171875
0 0.7828125 0.79453125 0.06171875 0.0609375
0 0.621875 0.9578125 0.06171875 0.0625
0 0.37890625 0.196875 0.06015625 0.0609375
0 0.31484375 0.409375 0.0609375 0.06328125
0 0.98671875 0.8484375 0.0265625 0.0609375
0 0.565625 0.4109375 0.0625 0.0640625
0 0.69296875 0.19765625 0.0609375 0.06015625
0 0.78515625 0.25 0.0609375 0.06171875
0 0.72265625 0.47109375 0.06015625 0.06015625
0 0.5359375 0.25078125 0.06171875 0.06328125
0 0.40625 0.57265625 0.0609375 0.0609375
0 0.97265625 0.2515625 0.0546875 0.0609375
0 0.75546875 0.41484375 0.0609375 0.0625
0 0.815625 0.525 0.06015625 0.0609375
0 0.409375 0.35859375 0.0609375 0.0625
0 0.91015625 0.79453125 0.0609375 0.0625
0 0.40546875 0.684375 0.0609375 0.0640625
0 0.01640625 0.4046875 0.0328125 0.0625
0 0.815625 0.0890625 0.06015625 0.0609375
0 0.4359375 0.84765625 0.0609375 0.0625
0 0.6296875 0.0890625 0.06015625 0.06171875
0 0.3421875 0.68359375 0.0609375 0.0625
0 0.06875 0.084375 0.06171875 0.06171875
0 0.91171875 0.25390625 0.06171875 0.0625
0 0.63046875 0.4125 0.0609375 0.0625
0 0.6859375 0.84765625 0.0625 0.0625
0 0.59609375 0.4671875 0.06171875 0.0625
0 0.5640625 0.62890625 0.0609375 0.0609375
0 0.346875 0.24921875 0.06015625 0.06015625
0 0.66015625 0.359375 0.0609375 0.06171875
0 0.59453125 0.79296875 0.06171875 0.06171875
0 0.8171875 0.4140625 0.06171875 0.0625
0 0.18203125 0.8453125 0.06171875 0.06328125
0 0.940625 0.08984375 0.06171875 0.0609375
0 0.28203125 0.46796875 0.06015625 0.06171875
0 0.1265625 0.2984375 0.0609375 0.06171875
0 0.878125 0.31015625 0.06015625 0.0609375
0 0.97109375 0.6890625 0.0578125 0.0625
0 0.94140625 0.30703125 0.0609375 0.06171875
0 0.8765625 0.8484375 0.06171875 0.06328125
0 0.09453125 0.57109375 0.06171875 0.0609375
0 0.34296875 0.7921875 0.06171875 0.06171875
0 0.621875 0.84765625 0.06171875 0.0625
0 0.2484375 0.62890625 0.06171875 0.0609375
0 0.62734375 0.52109375 0.06171875 0.06171875
0 0.01484375 0.51796875 0.0296875 0.0625
0 0.284375 0.13828125 0.06015625 0.06171875
0 0.3453125 0.46640625 0.0609375 0.0625
0 0.75078125 0.8515625 0.06171875 0.06171875
0 0.03125 0.46328125 0.0609375 0.0625
0 0.40625 0.46640625 0.06015625 0.06171875
0 0.5953125 0.57578125 0.06171875 0.0609375
0 0.13046875 0.08359375 0.06015625 0.0625
0 0.81484375 0.19921875 0.0609375 0.06171875
0 0.5921875 0.9046875 0.0609375 0.06171875
0 0.971875 0.36015625 0.05625 0.0609375
0 0.375 0.6296875 0.0625 0.0625
0 0.721875 0.2515625 0.059375 0.0625
0 0.0328125 0.246875 0.0609375 0.06015625
0 0.78203125 0.68515625 0.06171875 0.0625
0 0.284375 0.0328125 0.06015625 0.06171875
0 0.8484375 0.68515625 0.06171875 0.06171875
0 0.34765625 0.35703125 0.0609375 0.0609375
0 0.34609375 0.13828125 0.0609375 0.0625
0 0.40546875 0.7921875 0.0609375 0.0625
0 0.1578125 0.24453125 0.0609375 0.06171875
0 0.93828125 0.959375 0.06171875 0.06328125
0 0.65703125 0.68515625 0.0625 0.06484375
0 0.47421875 0.03203125 0.0625 0.06328125
0 0.0296875 0.6796875 0.059375 0.0625
0 0.721875 0.36015625 0.0609375 0.06328125
0 0.03359375 0.13515625 0.0609375 0.06171875
0 0.18984375 0.2984375 0.0625 0.06171875
0 0.31875 0.08671875 0.06015625 0.0609375
0 0.34296875 0.57265625 0.06171875 0.0625
0 0.6 0.14375 0.06015625 0.06015625
0 0.0140625 0.73203125 0.028125 0.0625
0 0.684375 0.95859375 0.06015625 0.06328125
0 0.9859375 0.415625 0.028125 0.0609375
0 0.78671875 0.359375 0.06171875 0.06171875
0 0.94140625 0.7421875 0.0609375 0.06015625
0 0.121875 0.73515625 0.06171875 0.06171875
0 0.940625 0.5234375 0.06171875 0.06171875
0 0.06171875 0.51796875 0.06171875 0.06171875
0 0.5375 0.03671875 0.059375 0.06015625
0 0.084375 0.896875 0.0609375 0.0625
0 0.16171875 0.03046875 0.0609375 0.0609375
0 0.38046875 0.08671875 0.06015625 0.0609375
0 0.22109375 0.24453125 0.0625 0.0625
0 0.01640625 0.3 0.0328125 0.0609375
0 0.06484375 0.409375 0.0609375 0.0625
0 0.02734375 0.78984375 0.0546875 0.0609375
0 0.06484375 0.29921875 0.059375 0.06171875
0 0.71953125 0.79375 0.06171875 0.0625
0 0.97109375 0.46953125 0.0578125 0.0609375
0 0.1546875 0.67890625 0.06171875 0.0625
0 0.30703125 0.95390625 0.06171875 0.0625
0 0.81640625 0.63203125 0.0625 0.06171875
0 0.278125 0.903125 0.0609375 0.0609375
0 0.0125 0.83984375 0.025 0.0625
0 0.97109375 0.79609375 0.0578125 0.0609375
0 0.97109375 0.03515625 0.0578125 0.0609375
0 0.53671875 0.359375 0.0609375 0.0625
0 0.46953125 0.57421875 0.06171875 0.06171875
0 0.56328125 0.521875 0.06015625 0.0625
0 0.37890625 0.4109375 0.06171875 0.06171875
0 0.659375 0.5765625 0.0625 0.06171875
0 0.01640625 0.190625 0.0328125 0.0609375
0 0.46796875 0.684375 0.06171875 0.06171875
0 0.9859375 0.521875 0.028125 0.0609375
0 0.84765625 0.0375 0.0625 0.06171875
0 0.5671875 0.1984375 0.06171875 0.06171875
0 0.49609375 0.9578125 0.06171875 0.06328125
0 0.2234375 0.03046875 0.059375 0.0609375
0 0.69140625 0.4140625 0.0609375 0.06171875
0 0.653125 0.90546875 0.0609375 0.0609375
0 0.7546875 0.30625 0.0609375 0.0625
0 0.72109375 0.03671875 0.06171875 0.06171875
0 0.50703125 0.08671875 0.0625 0.0625
0 0.221875 0.3578125 0.06171875 0.06171875
0 0.31328125 0.51953125 0.06171875 0.0609375
0 0.03046875 0.56953125 0.0609375 0.0609375
0 0.096875 0.35625 0.0609375 0.06171875
0 0.98671875 0.63125 0.0265625 0.0609375
0 0.53046875 0.68515625 0.0609375 0.0625
0 0.69140625 0.63046875 0.0625 0.06171875
0 0.18984375 0.19375 0.06171875 0.0609375
0 0.25625 0.08671875 0.06171875 0.0609375
0 0.846875 0.25234375 0.0609375 0.06171875
0 0.96953125 0.90625 0.0609375 0.0609375
0 0.2796875 0.57265625 0.06171875 0.06171875
0 0.6921875 0.08984375 0.0609375 0.0625
0 0.53671875 0.14140625 0.06171875 0.06171875
0 0.75390625 0.52265625 0.06171875 0.06015625
0 0.0640625 0.19140625 0.06015625 0.06171875
0 0.84765625 0.57578125 0.06171875 0.06171875
0 0.9078125 0.90234375 0.0609375 0.0625
0 0.12578125 0.18984375 0.06171875 0.0625
0 0.9078125 0.57890625 0.0609375 0.06171875
0 0.090625 0.67890625 0.06015625 0.06328125
0 0.284375 0.3578125 0.06171875 0.0609375
0 0.33984375 0.9046875 0.06171875 0.06171875
0 0.24375 0.95234375 0.06171875 0.06171875
0 0.74765625 0.96171875 0.0609375 0.06171875
0 0.68984375 0.52265625 0.0609375 0.06171875
0 0.5015625 0.52109375 0.0609375 0.0625
0 0.0546875 0.84296875 0.0609375 0.06328125
0 0.21796875 0.68125 0.06171875 0.06328125
0 0.3765625 0.521875 0.0609375 0.0609375
0 0.0515625 0.9515625 0.0609375 0.0625
0 0.40859375 0.24609375 0.06015625 0.0625
0 0.5609375 0.73984375 0.0609375 0.0609375
0 0.31484375 0.3 0.0609375 0.0609375
0 0.81328125 0.84765625 0.06015625 0.06171875
0 0.5328125 0.57734375 0.06171875 0.0609375
0 0.50234375 0.4125 0.06171875 0.06328125
0 0.14765625 0.9 0.0625 0.06328125
0 0.6609375 0.1453125 0.06015625 0.059375
0 0.65625 0.79609375 0.06015625 0.06171875
0 0.44140625 0.303125 0.06171875 0.06171875
0 0.6921875 0.3078125 0.0609375 0.0625
0 0.84609375 0.4703125 0.0609375 0.0609375
0 0.09375 0.24609375 0.059375 0.0609375
0 0.721875 0.14609375 0.059375 0.05859375
0 0.2171875 0.57265625 0.06171875 0.06171875
0 0.3796875 0.3015625 0.06015625 0.06171875
0 0.3734375 0.740625 0.06171875 0.0609375
0 0.52890625 0.903125 0.06171875 0.0625
0 0.784375 0.57578125 0.06015625 0.06015625
0 0.84609375 0.79375 0.0625 0.0625
0 0.81484375 0.73828125 0.0625 0.0625
0 0.43671875 0.7390625 0.06171875 0.0609375
0 0.97109375 0.5765625 0.0578125 0.0625
0 0.31171875 0.73515625 0.0609375 0.06015625
0 0.846875 0.14296875 0.06171875 0.06171875
0 0.53203125 0.79296875 0.0609375 0.0609375
0 0.4984375 0.846875 0.0625 0.0625
0 0.62890625 0.303125 0.06171875 0.0609375
0 0.56484375 0.303125 0.06171875 0.06171875
0 0.36875 0.953125 0.0609375 0.06328125
0 0.62578125 0.73984375 0.06015625 0.06015625
0 0.9421875 0.41640625 0.05859375 0.05859375
0 0.81640625 0.30703125 0.06015625 0.06171875
0 0.4703125 0.7921875 0.0625 0.06171875
0 0.85 0.3640625 0.0609375 0.0625
0 0.15625 0.459375 0.0609375 0.0609375
0 0.98671875 0.0921875 0.0265625 0.0609375
0 0.81171875 0.95859375 0.06171875 0.06328125
0 0.16015625 0.13828125 0.0609375 0.06015625
0 0.72578125 0.5765625 0.06015625 0.059375
0 0.59765625 0.3609375 0.06171875 0.0609375
0 0.115625 0.95390625 0.06171875 0.06171875
0 0.74921875 0.74375 0.06015625 0.0609375
0 0.18046875 0.953125 0.0625 0.06328125
0 0.059375 0.734375 0.06171875 0.06171875
0 0.98671875 0.30625 0.0265625 0.0609375
0 0.25390625 0.19453125 0.06171875 0.0609375
0 0.18515625 0.7375 0.0609375 0.06171875
0 0.97109375 0.14375 0.0578125 0.0625
0 0.40703125 0.0359375 0.06171875 0.0609375
0 0.24765625 0.73671875 0.06015625 0.0609375
0 0.01484375 0.62265625 0.0296875 0.0625
0 0.9859375 0.7421875 0.028125 0.0609375
0 0.46953125 0.46796875 0.06015625 0.06171875
0 0.78359375 0.1421875 0.0609375 0.0609375
0 0.190625 0.409375 0.0609375 0.0609375
0 0.2203125 0.4625 0.06015625 0.0625
0 0.49921875 0.74140625 0.059375 0.06015625
0 0.434375 0.95546875 0.0625 0.06328125
0 0.98671875 0.19921875 0.0265625 0.059375
0 0.09921875 0.03046875 0.059375 0.0609375
0 0.84609375 0.90703125 0.06171875 0.06171875
0 0.02578125 0.89921875 0.0515625 0.0609375
0 0.215625 0.7921875 0.06171875 0.0625
0 0.5328125 0.465625 0.06171875 0.06328125
0 0.221875 0.1359375 0.06171875 0.0625
0 0.2546875 0.30234375 0.06171875 0.06171875
0 0.06171875 0.62421875 0.0609375 0.06171875
0 0.87734375 0.740625 0.0609375 0.0625
0 0.6875 0.74296875 0.06171875 0.06171875
0 0.91015625 0.1453125 0.06171875 0.0609375
0 0.15546875 0.57734375 0.05859375 0.059375
0 0.2140625 0.9 0.0609375 0.0609375
0 0.87734375 0.09375 0.0609375 0.06171875
0 0.25390625 0.41015625 0.0625 0.0640625
0 0.56171875 0.846875 0.06171875 0.06171875
0 0.471875 0.1453125 0.06015625 0.059375
0 0.03515625 0.02890625 0.0609375 0.0578125
0 0.78203125 0.0390625 0.06015625 0.06015625
0 0.4015625 0.89921875 0.06171875 0.0609375
0 0.25078125 0.52265625 0.06015625 0.0609375
0 0.28125 0.684375 0.0625 0.06171875
0 0.3125 0.625 0.06171875 0.0625
0 0.87890625 0.5234375 0.0609375 0.0625
0 0.096875 0.13828125 0.06171875 0.0609375
0 0.94453125 0.2015625 0.0609375 0.06015625
0 0.09375 0.4640625 0.06171875 0.0625
0 0.87890625 0.41875 0.06171875 0.059375
0 0.57109375 0.0875 0.06015625 0.06171875
0 0.98671875 0.9578125 0.0265625 0.0640625
0 0.3453125 0.040625 0.059375 0.05859375
0 0.50234375 0.3 0.059375 0.05859375