0 0.89921875 0.7 0.0640625 0.0640625
0 0.053125 0.7796875 0.0640625 0.065625
0 0.7484375 0.63671875 0.0640625 0.065625
0 0.365625 0.43984375 0.065625 0.065625
0 0.615625 0.73359375 0.065625 0.065625
0 0.32734375 0.4890625 0.0640625 0.0671875
0 0.73984375 0.7453125 0.0640625 0.0640625
0 0.03671875 0.61484375 0.065625 0.0671875
0 0.596875 0.94375 0.065625 0.065625
0 0.546875 0.45703125 0.0671875 0.0671875
0 0.3453125 0.6484375 0.0640625 0.065625
0 0.7203125 0.953125 0.065625 0.0671875
0 0.8015625 0.75078125 0.065625 0.0640625
0 0.13125 0.94375 0.0640625 0.05625
0 0.75703125 0.903125 0.065625 0.065625
0 0.67890625 0.7390625 0.0640625 0.0640625
0 0.01953125 0.93359375 0.0390625 0.0546875
0 0.02890625 0.72421875 0.0578125 0.0640625
0 0.6265625 0.62578125 0.065625 0.0640625
0 0.6421875 0.78671875 0.065625 0.065625
0 0.765625 0.79765625 0.065625 0.065625
0 0.24375 0.4296875 0.065625 0.065625
0 0.47421875 0.5609375 0.0640625 0.065625
0 0.1765625 0.79375 0.065625 0.065625
0 0.465625 0.6609375 0.0640625 0.065625
0 0.66171875 0.58046875 0.065625 0.0640625
0 0.21171875 0.74453125 0.065625 0.065625
0 0.0421875 0.8875 0.065625 0.065625
0 0.0453125 0.509375 0.065625 0.065625
0 0.1203125 0.41015625 0.0671875 0.0671875
0 0.2234375 0.6390625 0.0640625 0.065625
0 0.809375 0.64140625 0.065625 0.0640625
0 0.3328125 0.7609375 0.0640625 0.0640625
0 0.88671875 0.81015625 0.0640625 0.0640625
0 0.95 0.44453125 0.065625 0.0671875
0 0.6578125 0.95078125 0.0640625 0.065625
0 0.08828125 0.73515625 0.065625 0.065625
0 0.36953125 0.71171875 0.065625 0.065625
0 0.42578125 0.44921875 0.065625 0.065625
0 0.90390625 0.96875 0.0640625 0.0625
0 0.84375 0.9640625 0.065625 0.0671875
0 0.51875 0.77734375 0.065625 0.0671875
0 0.9328125 0.6546875 0.0625 0.0625
0 0.571875 0.88984375 0.065625 0.0640625
0 0.79375 0.48203125 0.0671875 0.065625
0 0.14609375 0.46953125 0.065625 0.0671875
0 0.1046875 0.89609375 0.0671875 0.065625
0 0.409375 0.9234375 0.0640625 0.06875
0 0.084375 0.46171875 0.065625 0.0640625
0 0.28515625 0.64296875 0.065625 0.0671875
0 0.3046875 0.43671875 0.065625 0.065625
0 0.9375 0.9203125 0.059375 0.0640625
0 0.81875 0.91171875 0.065625 0.065625
0 0.5796875 0.7828125 0.0640625 0.0671875
0 0.59765625 0.57265625 0.065625 0.0640625
0 0.91640625 0.4953125 0.0640625 0.0640625
0 0.6328125 0.8953125 0.0640625 0.0640625
0 0.31484375 0.96015625 0.065625 0.05625
0 0.83671875 0.696875 0.065625 0.065625
0 0.65234375 0.68046875 0.065625 0.065625
0 0.15 0.73984375 0.065625 0.0671875
0 0.6359375 0.52265625 0.065625 0.0671875
0 0.45703125 0.7640625 0.065625 0.065625
0 0.69609375 0.528125 0.0640625 0.065625
0 0.2875 0.9125 0.065625 0.065625
0 0.5359375 0.56484375 0.0671875 0.065625
0 0.94609375 0.81171875 0.0609375 0.065625
0 0.5890625 0.675 0.065625 0.0671875
0 0.0734375 0.56328125 0.065625 0.065625
0 0.775 0.69296875 0.0640625 0.065625
0 0.87890625 0.91328125 0.065625 0.0640625
0 0.84453125 0.59140625 0.065625 0.065625
0 0.85390625 0.8578125 0.065625 0.0640625
0 0.6671875 0.84375 0.0640625 0.0640625
0 0.97109375 0.50234375 0.0578125 0.0671875
0 0.0984375 0.62421875 0.065625 0.0671875
0 0.3546875 0.54921875 0.0640625 0.0640625
0 0.6921875 0.9 0.065625 0.065625
0 0.00546875 0.88359375 0.0109375 0.0640625
0 0.60703125 0.83828125 0.0640625 0.065625
0 0.3 0.8078125 0.0640625 0.065625
0 0.78203125 0.59375 0.0640625 0.0640625
0 0.159375 0.6265625 0.065625 0.06875
0 0.446875 0.87109375 0.065625 0.0671875
0 0.325 0.86328125 0.0640625 0.065625
0 0.02578125 0.4578125 0.0515625 0.065625
0 0.7015625 0.79453125 0.0640625 0.065625
0 0.53515625 0.93828125 0.065625 0.0671875
0 0.38515625 0.8671875 0.065625 0.0671875
0 0.45234375 0.50625 0.065625 0.065625
0 0.06171875 0.675 0.065625 0.065625
0 0.509375 0.8828125 0.065625 0.0640625
0 0.74609375 0.98828125 0.0640625 0.0234375
0 0.54453125 0.8328125 0.0671875 0.065625
0 0.2671875 0.4859375 0.0640625 0.065625
0 0.4734375 0.9265625 0.0671875 0.06875
0 0.98359375 0.55625 0.03125 0.0609375
0 0.86875 0.9953125 0.0625 0.009375
0 0.05625 0.4078125 0.0640625 0.065625
0 0.18828125 0.6875 0.065625 0.065625
0 0.58515625 0.4140625 0.065625 0.065625
0 0.88046875 0.54375 0.065625 0.0640625
0 0.1984375 0.58515625 0.0640625 0.0640625
0 0.30859375 0.7046875 0.065625 0.065625
0 0.56328125 0.61953125 0.065625 0.065625
0 0.275 0.75234375 0.065625 0.0671875
0 0.5265625 0.665625 0.065625 0.06875
0 0.3890625 0.49453125 0.0671875 0.0671875
0 0.19140625 0.95 0.0671875 0.0546875
0 0.215625 0.36796875 0.0640625 0.065625
0 0.73125 0.47890625 0.065625 0.065625
0 0.35 0.921875 0.0640625 0.0640625
0 0.40546875 0.6578125 0.0671875 0.065625
0 0.85625 0.48984375 0.0640625 0.0640625
0 0.71328125 0.68984375 0.0640625 0.0640625
0 0.8078125 0.99296875 0.0625 0.0140625
0 0.17109375 0.52421875 0.065625 0.065625
0 0.0234375 0.8296875 0.046875 0.065625
0 0.91328125 0.86484375 0.0640625 0.0640625
0 0.7578125 0.53125 0.065625 0.065625
0 0.684375 0.9875 0.0625 0.025
0 0.6703125 0.4765625 0.065625 0.065625
0 0.31953125 0.590625 0.065625 0.0640625
0 0.07734375 0.834375 0.065625 0.065625
0 0.78984375 0.8515625 0.0671875 0.065625
0 0.5734375 0.515625 0.065625 0.065625
0 0.23671875 0.8 0.065625 0.0671875
0 0.4390625 0.60859375 0.0640625 0.065625
0 0.86171875 0.753125 0.065625 0.065625
0 0.01640625 0.67109375 0.0328125 0.0640625
0 0.48125 0.82734375 0.065625 0.065625
0 0.78125 0.96015625 0.065625 0.0671875
0 0.29375 0.54296875 0.0640625 0.0640625
0 0.39453125 0.765625 0.065625 0.065625
0 0.55390625 0.73046875 0.065625 0.065625
0 0.20859375 0.4765625 0.065625 0.0671875
0 0.51328125 0.51171875 0.0640625 0.0640625
0 0.20078125 0.84765625 0.0640625 0.0671875
0 0.109375 0.52265625 0.065625 0.065625
0 0.1359375 0.57734375 0.065625 0.0640625
0 0.1828125 0.42109375 0.065625 0.065625
0 0.253125 0.95703125 0.0640625 0.0515625
0 0.02109375 0.5609375 0.0421875 0.0625
0 0.49453125 0.71875 0.0671875 0.0671875
0 0.684375 0.63828125 0.0640625 0.0625
0 0.9078125 0.59609375 0.065625 0.065625
0 0.2328125 0.53515625 0.065625 0.0671875
0 0.25703125 0.59375 0.0640625 0.0625
0 0.56484375 0.98203125 0.0609375 0.0359375
0 0.88671875 0.44296875 0.0640625 0.065625
0 0.46484375 0.39921875 0.0640625 0.065625
0 0.06796875 0.940625 0.0640625 0.0515625
0 0.35859375 0.81484375 0.065625 0.0640625
0 0.1375 0.8421875 0.065625 0.0671875
0 0.7078125 0.425 0.0671875 0.0671875
0 0.26171875 0.85625 0.065625 0.065625
0 0.6125 0.46640625 0.065625 0.065625
0 0.52421875 0.3984375 0.065625 0.065625
0 0.7203125 0.58828125 0.065625 0.065625
0 0.9640625 0.60625 0.0609375 0.0625
0 0.4296875 0.7125 0.065625 0.065625
0 0.1125 0.7890625 0.0640625 0.065625
0 0.81875 0.53671875 0.065625 0.065625
0 0.415625 0.55390625 0.0640625 0.065625
0 0.72734375 0.853125 0.0640625 0.0625
0 0.484375 0.4625 0.0640625 0.0640625
0 0.925 0.7546875 0.065625 0.065625
0 0.1546875 0.36015625 0.0640625 0.065625
0 0.40390625 0.38984375 0.065625 0.065625
0 0.12421875 0.6828125 0.065625 0.065625
0 0.6234375 0.984375 0.0625 0.03125
0 0.95546875 0.70390625 0.0609375 0.065625
0 0.50078125 0.98046875 0.0640625 0.0390625
0 0.340625 0.38359375 0.065625 0.065625
0 0.49921875 0.62421875 0.0640625 0.0625
0 0.27578125 0.35625 0.0671875 0.071875
0 0.43671875 0.978125 0.0640625 0.040625
0 0.01015625 0.78125 0.0203125 0.0625
0 0.87109375 0.653125 0.0625 0.0640625
0 0.225 0.91328125 0.065625 0.065625
0 0.93828125 0.55859375 0.0640625 0.0625
0 0.2484375 0.696875 0.065625 0.0640625
0 0.37734375 0.61015625 0.0625 0.0609375
0 0.82734375 0.43828125 0.0640625 0.065625
0 0.825 0.809375 0.0640625 0.065625
0 0.37734375 0.97265625 0.0625 0.0421875
0 0.64375 0.42109375 0.0640625 0.065625
0 0.1640625 0.90546875 0.0671875 0.065625
0 0.0890625 0.3625 0.0640625 0.0609375
0 0.42265625 0.8265625 0.0625 0.0609375