0 0.275 0.84296875 0.065625 0.06875
0 0.12109375 0.8796875 0.065625 0.065625
0 0.45 0.97109375 0.065625 0.0578125
0 0.57421875 0.9765625 0.0640625 0.046875
0 0.15703125 0.83125 0.065625 0.0671875
0 0.3640625 0.9078125 0.06875 0.06875
0 0.42421875 0.91640625 0.065625 0.0671875
0 0.24296875 0.90078125 0.0640625 0.0640625
0 0.30078125 0.89921875 0.0671875 0.06875
0 0.1828125 0.88984375 0.065625 0.065625
0 0.75625 0.98828125 0.065625 0.0234375
0 0.3890625 0.96171875 0.065625 0.0640625
0 0.021875 0.76796875 0.04375 0.0671875
0 0.2046875 0.94453125 0.0640625 0.0609375
0 0.48515625 0.921875 0.0640625 0.0671875
0 0.0953125 0.82890625 0.065625 0.0671875
0 0.06015625 0.87265625 0.065625 0.0671875
0 0.0359375 0.8234375 0.0640625 0.0640625
0 0.340625 0.85078125 0.0703125 0.0703125
0 0.265625 0.95078125 0.0640625 0.0609375
0 0.02734375 0.91953125 0.0546875 0.0671875
0 0.79296875 0.95546875 0.0671875 0.0671875
0 0.1328125 0.7734375 0.0671875 0.065625
0 0.69296875 0.98046875 0.0671875 0.0390625
0 0.728125 0.9421875 0.06875 0.071875
0 0.3265625 0.95625 0.065625 0.0625
0 0.63359375 0.97890625 0.0640625 0.0421875
0 0.015625 0.86796875 0.03125 0.0671875
0 0.06953125 0.77265625 0.065625 0.0671875
0 0.14296875 0.93359375 0.0671875 0.0671875
0 0.2171875 0.8390625 0.0671875 0.0671875
0 0.5140625 0.97578125 0.0625 0.0484375
0 0.08125 0.928125 0.0671875 0.0671875
0 0.84609375 0.9234375 0.065625 0.065625
0 0.196875 0.79296875 0.065625 0.0671875
0 0.59921875 0.90078125 0.06875 0.0703125
0 0.00546875 0.81953125 0.0109375 0.0640625
0 0.81796875 0.9921875 0.0640625 0.015625
0 0.90546875 0.93984375 0.0671875 0.0671875
0 0.85234375 0.9703125 0.0640625 0.059375