0 0.97578125 0.97578125 0.0484375 0.0484375
0 0.8578125 0.97421875 0.059375 0.0515625
0 0.9203125 0.97421875 0.059375 0.0515625
0 0.3046875 0.97421875 0.059375 0.0515625
0 0.4921875 0.975 0.059375 0.05
0 0.1828125 0.97421875 0.0609375 0.0515625
0 0.55 0.97734375 0.0578125 0.0453125
0 0.42890625 0.9734375 0.0609375 0.053125
0 0.7359375 0.9734375 0.059375 0.053125
0 0.03046875 0.925 0.06015625 0.0609375
0 0.70234375 0.921875 0.06015625 0.0609375
0 0.67421875 0.9734375 0.0609375 0.053125
0 0.57734375 0.9203125 0.05859375 0.06015625
0 0.88828125 0.9234375 0.06015625 0.06015625
0 0.825 0.9265625 0.059375 0.06015625
0 0.79296875 0.9765625 0.0578125 0.046875
0 0.7625 0.9296875 0.05703125 0.05703125
0 0.95 0.9234375 0.05859375 0.059375
0 0.05546875 0.97890625 0.059375 0.0421875
0 0.2421875 0.975 0.0609375 0.05
0 0.36640625 0.9734375 0.059375 0.053125
0 0.11953125 0.9734375 0.059375 0.053125
0 0.63671875 0.925 0.059375 0.06015625
0 0.5171875 0.9265625 0.05859375 0.059375
0 0.0890625 0.93359375 0.05859375 0.05859375
0 0.60703125 0.9796875 0.0578125 0.040625