0 0.20546875 0.85390625 0.0671875 0.0671875
0 0.8171875 0.00703125 0.065625 0.0140625
0 0.47265625 0.0625 0.065625 0.065625
0 0.51015625 0.609375 0.0671875 0.0671875
0 0.18515625 0.0390625 0.0640625 0.040625
0 0.01171875 0.0515625 0.0234375 0.0375
0 0.4859375 0.28046875 0.065625 0.0640625
0 0.65078125 0.3234375 0.0671875 0.06875
0 0.5015625 0.01875 0.065625 0.0375
0 0.7 0.59375 0.065625 0.065625
0 0.3453125 0.565625 0.0671875 0.065625
0 0.09296875 0.58359375 0.0671875 0.0671875
0 0.30859375 0.03046875 0.0640625 0.040625
0 0.53984375 0.553125 0.0671875 0.0671875
0 0.06328125 0.63828125 0.065625 0.065625
0 0.078125 0.86328125 0.06875 0.0671875
0 0.665625 0.54453125 0.065625 0.065625
0 0.7296875 0.540625 0.0671875 0.0671875
0 0.5359375 0.05703125 0.065625 0.0671875
0 0.7171875 0.3171875 0.0671875 0.0671875
0 0.03203125 0.58671875 0.059375 0.0640625
0 0.84375 0.31015625 0.0671875 0.065625
0 0.5890625 0.82421875 0.0671875 0.0671875
0 0.31796875 0.625 0.0671875 0.06875
0 0.62734375 0.0140625 0.0640625 0.028125
0 0.2171875 0.07890625 0.065625 0.065625
0 0.5515625 0.27578125 0.0671875 0.065625
0 0.23984375 0.9046875 0.0671875 0.06875
0 0.04375 0.3109375 0.06875 0.0671875
0 0.87265625 0.2515625 0.0671875 0.0671875
0 0.52578125 0.83125 0.0671875 0.065625
0 0.565625 0.01796875 0.065625 0.0359375
0 0.15546875 0.08359375 0.0640625 0.0640625
0 0.78984375 0.03828125 0.0640625 0.0640625
0 0.71875 0.81640625 0.065625 0.065625
0 0.425 0.78125 0.065625 0.065625
0 0.690625 0.0125 0.065625 0.025
0 0.38203125 0.12109375 0.065625 0.065625
0 0.853125 0.034375 0.0671875 0.065625
0 0.74296875 0.26171875 0.065625 0.065625
0 0.3453125 0.06875 0.065625 0.0671875
0 0.82265625 0.475 0.065625 0.0671875
0 0.0484375 0.421875 0.0671875 0.0671875
0 0.7578125 0.86640625 0.065625 0.0671875
0 0.340625 0.45703125 0.065625 0.0671875
0 0.08359375 0.9703125 0.0671875 0.059375
0 0.51640625 0.7203125 0.065625 0.065625
0 0.19296875 0.6328125 0.0671875 0.0671875
0 0.890625 0.08515625 0.065625 0.065625
0 0.409375 0.0671875 0.065625 0.065625
0 0.1203125 0.04296875 0.0640625 0.040625
0 0.69375 0.48671875 0.065625 0.0671875
0 0.046875 0.80625 0.0578125 0.0671875
0 0.4046875 0.453125 0.0671875 0.0671875
0 0.58203125 0.7171875 0.06875 0.0671875
0 0.509375 0.11484375 0.0671875 0.0671875
0 0.5859375 0.32734375 0.0671875 0.0671875
0 0.05390625 0.91953125 0.05625 0.065625
0 0.31640625 0.1265625 0.065625 0.0671875
0 0.18515625 0.5203125 0.065625 0.065625
0 0.03125 0.0890625 0.0625 0.06875
0 0.80703125 0.25859375 0.0671875 0.0671875
0 0.6375 0.5984375 0.0640625 0.065625
0 0.16875 0.79609375 0.065625 0.0671875
0 0.834375 0.1984375 0.065625 0.0671875
0 0.7359375 0.64921875 0.0671875 0.0671875
0 0.88203125 0.00390625 0.0640625 0.0078125
0 0.26875 0.84765625 0.0671875 0.0671875
0 0.83203125 0.58671875 0.0671875 0.06875
0 0.2796875 0.07265625 0.065625 0.0671875
0 0.634375 0.10703125 0.065625 0.065625
0 0.56171875 0.8828125 0.0671875 0.06875
0 0.353125 0.678125 0.065625 0.0671875
0 0.02265625 0.36953125 0.0453125 0.0640625
0 0.13984375 0.359375 0.065625 0.06875
0 0.41015625 0.56171875 0.0671875 0.065625
0 0.11171875 0.9140625 0.0671875 0.0671875
0 0.37421875 0.98828125 0.0640625 0.0234375
0 0.4390625 0.984375 0.065625 0.03125
0 0.33828125 0.95859375 0.065625 0.0671875
0 0.24765625 0.03515625 0.0640625 0.0421875
0 0.071875 0.7484375 0.0671875 0.065625
0 0.21328125 0.96484375 0.0671875 0.0671875
0 0.36875 0.89453125 0.0671875 0.0671875
0 0.56484375 0.49453125 0.0671875 0.06875
0 0.57265625 0.1125 0.065625 0.065625
0 0.90859375 0.30703125 0.0671875 0.0671875
0 0.16796875 0.3015625 0.065625 0.0640625
0 0.6796875 0.265625 0.0671875 0.065625
0 0.8265625 0.090625 0.0671875 0.0671875
0 0.6171875 0.27109375 0.0671875 0.065625
0 0.8890625 0.47109375 0.06875 0.0671875
0 0.12578125 0.63671875 0.065625 0.0671875
0 0.15546875 0.57890625 0.065625 0.0671875
0 0.68828125 0.3765625 0.0671875 0.0671875
0 0.24765625 0.51484375 0.065625 0.0671875
0 0.08359375 0.47421875 0.065625 0.0671875
0 0.85859375 0.52890625 0.0671875 0.0671875
0 0.24609375 0.990625 0.0640625 0.01875
0 0.32421875 0.23671875 0.065625 0.065625
0 0.1640625 0.190625 0.065625 0.065625
0 0.95546875 0.190625 0.053125 0.0640625
0 0.55859375 0.3828125 0.0671875 0.06875
0 0.9265625 0.1390625 0.065625 0.0671875
0 0.09296875 0.0875 0.065625 0.0671875
0 0.1765625 0.41328125 0.065625 0.0671875
0 0.67109375 0.159375 0.065625 0.0671875
0 0.27734375 0.4609375 0.065625 0.06875
0 0.16171875 0.69140625 0.065625 0.0671875
0 0.2828125 0.5703125 0.0671875 0.0671875
0 0.0546875 0.53125 0.0671875 0.065625
0 0.33125 0.34765625 0.0671875 0.0671875
0 0.51640625 0.2234375 0.0671875 0.0671875
0 0.33203125 0.84296875 0.0671875 0.065625
0 0.1765625 0.91171875 0.065625 0.065625
0 0.5953125 0.4390625 0.065625 0.0671875
0 0.22578125 0.6875 0.0640625 0.0640625
0 0.625 0.878125 0.06875 0.06875
0 0.2328125 0.79453125 0.0671875 0.0671875
0 0.18203125 0.99296875 0.0640625 0.0140625
0 0.1421875 0.85625 0.0671875 0.0671875
0 0.79765625 0.14765625 0.065625 0.0671875
0 0.6328125 0.4921875 0.06875 0.0671875
0 0.07578125 0.36484375 0.0671875 0.0671875
0 0.3828125 0.61875 0.0671875 0.06875
0 0.56953125 0.97890625 0.0625 0.0390625
0 0.01640625 0.146875 0.0328125 0.065625
0 0.11796875 0.99609375 0.0640625 0.0078125
0 0.49375 0.38984375 0.065625 0.0671875
0 0.725 0.42734375 0.0671875 0.0671875
0 0.12109375 0.525 0.06875 0.0671875
0 0.44453125 0.12109375 0.065625 0.0671875
0 0.39375 0.3421875 0.065625 0.06875
0 0.4890625 0.77890625 0.0671875 0.065625
0 0.64296875 0.21484375 0.065625 0.0640625
0 0.30390625 0.40546875 0.065625 0.0671875
0 0.07109375 0.25390625 0.065625 0.0671875
0 0.5984375 0.05390625 0.0671875 0.0671875
0 0.48046875 0.66875 0.065625 0.0671875
0 0.76640625 0.590625 0.06875 0.06875
0 0.4453125 0.61484375 0.065625 0.0671875
0 0.23125 0.29765625 0.065625 0.065625
0 0.22421875 0.190625 0.065625 0.06875
0 0.10546875 0.803125 0.065625 0.0671875
0 0.896875 0.19609375 0.065625 0.065625
0 0.25390625 0.628125 0.065625 0.06875
0 0.0203125 0.25625 0.040625 0.065625
0 0.3875 0.23046875 0.0671875 0.0671875
0 0.2984375 0.78984375 0.0671875 0.0671875
0 0.77109375 0.20625 0.0671875 0.065625
0 0.4234375 0.2828125 0.0671875 0.0671875
0 0.54453125 0.66484375 0.0671875 0.06875
0 0.20390625 0.35234375 0.0671875 0.06875
0 0.59765625 0.9328125 0.0671875 0.065625
0 0.26796875 0.35078125 0.0671875 0.06875
0 0.65859375 0.4328125 0.065625 0.0671875
0 0.259375 0.24296875 0.0671875 0.065625
0 0.77265625 0.7 0.0671875 0.065625
0 0.3625 0.78671875 0.0671875 0.0671875
0 0.61015625 0.65703125 0.0671875 0.0671875
0 0.73515625 0.15390625 0.065625 0.0671875
0 0.05703125 0.046875 0.0640625 0.0390625
0 0.4390625 0.50390625 0.0671875 0.0671875
0 0.7546875 0.0109375 0.065625 0.021875
0 0.45078125 0.2265625 0.065625 0.065625
0 0.925 0.52578125 0.06875 0.0671875
0 0.75859375 0.48125 0.0671875 0.0671875
0 0.453125 0.72578125 0.065625 0.0671875
0 0.0265625 0.47578125 0.053125 0.0640625
0 0.28828125 0.1828125 0.065625 0.06875
0 0.4296875 0.39609375 0.065625 0.0671875
0 0.371875 0.02734375 0.065625 0.04375
0 0.60703125 0.1640625 0.065625 0.0671875
0 0.86328125 0.14375 0.065625 0.0671875
0 0.64765625 0.7109375 0.0671875 0.0671875
0 0.54375 0.16484375 0.0671875 0.0671875
0 0.14921875 0.46796875 0.065625 0.0671875
0 0.19921875 0.740625 0.065625 0.0640625
0 0.3140625 0.515625 0.0671875 0.065625
0 0.4359375 0.02109375 0.0640625 0.040625
0 0.3515625 0.178125 0.0671875 0.0671875
0 0.31015625 0.99140625 0.0640625 0.0171875
0 0.55234375 0.7734375 0.065625 0.065625
0 0.27578125 0.96015625 0.065625 0.0671875
0 0.690625 0.871875 0.0671875 0.06875
0 0.61640625 0.7671875 0.0671875 0.0671875
0 0.2953125 0.29296875 0.0671875 0.065625
0 0.10859375 0.30703125 0.0671875 0.0671875
0 0.240625 0.4109375 0.065625 0.065625
0 0.7625 0.08984375 0.065625 0.065625
0 0.475 0.55859375 0.0671875 0.0671875
0 0.13359375 0.24921875 0.065625 0.065625
0 0.8828125 0.3625 0.0671875 0.0671875
0 0.415625 0.178125 0.065625 0.065625
0 0.79453125 0.5359375 0.06875 0.06875
0 0.0984375 0.6953125 0.065625 0.0671875
0 0.0390625 0.6953125 0.0578125 0.0640625
0 0.63359375 0.975 0.065625 0.0390625
0 0.75390625 0.37109375 0.0671875 0.06875
0 0.09921875 0.196875 0.065625 0.065625
0 0.13359375 0.7484375 0.065625 0.0671875
0 0.41875 0.6703125 0.065625 0.065625
0 0.653125 0.82109375 0.0671875 0.0671875
0 0.68125 0.7625 0.0671875 0.0671875
0 0.53125 0.44296875 0.0671875 0.0671875
0 0.196875 0.2484375 0.065625 0.0640625
0 0.671875 0.65234375 0.0671875 0.0671875
0 0.45703125 0.3375 0.0671875 0.06875
0 0.70703125 0.2109375 0.065625 0.0640625
0 0.325 0.73359375 0.065625 0.0671875
0 0.3671875 0.4015625 0.065625 0.0671875
0 0.72578125 0.04296875 0.065625 0.065625
0 0.37578125 0.5109375 0.065625 0.065625
0 0.2609375 0.734375 0.065625 0.0640625
0 0.78125 0.8109375 0.0671875 0.065625
0 0.21328125 0.46484375 0.0671875 0.0671875
0 0.390625 0.72578125 0.065625 0.0671875
0 0.57265625 0.60390625 0.0671875 0.06875
0 0.81171875 0.75390625 0.06875 0.06875
0 0.74609375 0.7578125 0.0671875 0.0671875
0 0.471875 0.94453125 0.0703125 0.0703125
0 0.0625 0.14609375 0.0671875 0.0671875
0 0.46171875 0.8359375 0.0671875 0.065625
0 0.60234375 0.54921875 0.0671875 0.065625
0 0.66484375 0.92890625 0.06875 0.06875
0 0.14765625 0.96484375 0.0671875 0.0671875
0 0.946875 0.3609375 0.0671875 0.06875
0 0.578125 0.2203125 0.065625 0.065625
0 0.80078125 0.64453125 0.0671875 0.0671875
0 0.96484375 0.30234375 0.05 0.0671875
0 0.1109375 0.4203125 0.065625 0.065625
0 0.12734375 0.13984375 0.065625 0.0671875
0 0.89921875 0.584375 0.06875 0.06875
0 0.6984375 0.0984375 0.0671875 0.0671875
0 0.43125 0.88671875 0.065625 0.0671875
0 0.2890625 0.68203125 0.065625 0.065625
0 0.359375 0.29140625 0.065625 0.0640625
0 0.94609375 0.0828125 0.05625 0.065625
0 0.7796875 0.3125 0.065625 0.0671875
0 0.66171875 0.04921875 0.0671875 0.065625
0 0.40390625 0.94453125 0.0671875 0.065625
0 0.4796875 0.1734375 0.065625 0.065625
0 0.21875 0.5734375 0.065625 0.065625
0 0.934375 0.2484375 0.06875 0.0671875
0 0.70859375 0.70859375 0.065625 0.065625
0 0.49765625 0.8859375 0.0671875 0.06875
0 0.46640625 0.44765625 0.065625 0.0671875
0 0.52265625 0.32109375 0.0671875 0.0671875
0 0.9203125 0.41796875 0.06875 0.06875
0 0.62265625 0.38359375 0.0671875 0.06875
0 0.30625 0.9046875 0.06875 0.0671875
0 0.5015625 0.49921875 0.0671875 0.0671875
0 0.9546875 0.46875 0.0671875 0.065625
0 0.39765625 0.83671875 0.065625 0.065625
0 0.50390625 0.98125 0.0640625 0.0375
0 0.25390625 0.12890625 0.0671875 0.0671875
0 0.7 0.96953125 0.0671875 0.040625
0 0.8671875 0.6390625 0.06875 0.0703125
0 0.97421875 0.41484375 0.046875 0.0671875
0 0.83828125 0.69765625 0.0671875 0.0671875
0 0.034375 0.20546875 0.065625 0.0640625
0 0.7296875 0.92734375 0.0671875 0.0671875
0 0.853125 0.41640625 0.06875 0.0671875
0 0.8234375 0.36171875 0.06875 0.06875
0 0.190625 0.13203125 0.0671875 0.0640625
0 0.7859375 0.41875 0.0671875 0.0671875
0 0.53515625 0.94453125 0.065625 0.065625
0 0.915625 0.03046875 0.065625 0.0609375