0 0.75390625 0.46328125 0.0703125 0.06875
0 0.96796875 0.80390625 0.0640625 0.0703125
0 0.84453125 0.0671875 0.06875 0.06875
0 0.23515625 0.93125 0.0703125 0.071875
0 0.0484375 0.36328125 0.06875 0.0703125
0 0.6828125 0.04453125 0.06875 0.06875
0 0.628125 0.64765625 0.06875 0.0703125
0 0.58046875 0.17265625 0.0703125 0.0703125
0 0.703125 0.1515625 0.06875 0.06875
0 0.36328125 0.75 0.0671875 0.06875
0 0.665625 0.86171875 0.0703125 0.0703125
0 0.0125 0.2078125 0.025 0.071875
0 0.634375 0.484375 0.06875 0.06875
0 0.61640625 0.38046875 0.0703125 0.0703125
0 0.66796875 0.69296875 0.0703125 0.0703125
0 0.9171875 0.4890625 0.06875 0.0703125
0 0.3875 0.5234375 0.071875 0.071875
0 0.296875 0.1609375 0.06875 0.0703125
0 0.7375 0.35703125 0.0703125 0.071875
0 0.96953125 0.64453125 0.0609375 0.0703125
0 0.76328125 0.140625 0.0703125 0.06875
0 0.1671875 0.50625 0.06875 0.0703125
0 0.2640625 0.71015625 0.0703125 0.0703125
0 0.38046875 0.8515625 0.06875 0.0703125
0 0.76015625 0.29921875 0.0703125 0.0703125
0 0.64296875 0.16171875 0.06875 0.06875
0 0.04453125 0.528125 0.06875 0.0703125
0 0.93515625 0.5921875 0.0703125 0.0703125
0 0.02109375 0.3171875 0.0421875 0.06875
0 0.1140625 0.95078125 0.0703125 0.071875
0 0.0828125 0.90234375 0.0484375 0.0671875
0 0.5625 0.065625 0.0703125 0.06875
0 0.4890625 0.56015625 0.0703125 0.0703125
0 0.93203125 0.7578125 0.06875 0.0703125
0 0.6734375 0.53125 0.0703125 0.0703125
0 0.72734375 0.85 0.0703125 0.071875
0 0.91328125 0.65625 0.06875 0.06875
0 0.61875 0.2171875 0.0703125 0.0703125
0 0.6875 0.80078125 0.0703125 0.071875
0 0.74140625 0.1953125 0.0703125 0.0703125
0 0.20625 0.5578125 0.0703125 0.0703125
0 0.3984375 0.04296875 0.06875 0.0703125
0 0.17109375 0.34453125 0.0703125 0.0703125
0 0.69140625 0.634375 0.071875 0.0703125
0 0.41640625 0.14140625 0.06875 0.0703125
0 0.58359375 0.0234375 0.0703125 0.046875
0 0.8171875 0.4515625 0.071875 0.0703125
0 0.8484375 0.82734375 0.071875 0.071875
0 0.19296875 0.2875 0.0703125 0.0703125
0 0.065625 0.46953125 0.0703125 0.0703125
0 0.41796875 0.9 0.0703125 0.0703125
0 0.440625 0.84140625 0.071875 0.0703125
0 0.29765625 0.921875 0.071875 0.071875
0 0.68046875 0.9546875 0.0671875 0.0515625
0 0.54296875 0.88046875 0.0703125 0.071875
0 0.8265625 0.88828125 0.06875 0.06875
0 0.1765625 0.1828125 0.06875 0.0703125
0 0.74296875 0.03359375 0.0703125 0.0671875
0 0.3140625 0.271875 0.06875 0.06875
0 0.2578125 0.871875 0.071875 0.071875
0 0.303125 0.759375 0.0703125 0.0703125
0 0.86171875 0.17578125 0.06875 0.06875
0 0.78671875 0.83984375 0.0703125 0.071875
0 0.85625 0.50078125 0.0703125 0.0703125
0 0.74921875 0.790625 0.0703125 0.071875
0 0.67734375 0.37109375 0.06875 0.0703125
0 0.06015625 0.63671875 0.06875 0.06875
0 0.50625 0.6640625 0.0703125 0.071875
0 0.07109375 0.3109375 0.0703125 0.0703125
0 0.33671875 0.215625 0.0703125 0.0703125
0 0.853125 0.665625 0.0703125 0.071875
0 0.81015625 0.7796875 0.071875 0.071875
0 0.92109375 0.32734375 0.06875 0.0703125
0 0.4484375 0.51484375 0.0703125 0.0703125
0 0.86015625 0.3359375 0.0703125 0.071875
0 0.49765625 0.23984375 0.0703125 0.071875
0 0.86484375 0.0234375 0.0671875 0.046875
0 0.61171875 0.54375 0.06875 0.0703125
0 0.9109375 0.815625 0.0703125 0.0703125
0 0.578125 0.334375 0.0703125 0.06875
0 0.7953125 0.51015625 0.0703125 0.071875
0 0.79140625 0.67421875 0.0703125 0.071875
0 0.87734375 0.44375 0.0703125 0.0703125
0 0.87265625 0.76796875 0.0703125 0.0703125
0 0.3234375 0.70234375 0.06875 0.0703125
0 0.128125 0.46171875 0.071875 0.0703125
0 0.4296875 0.409375 0.06875 0.071875
0 0.325 0.53984375 0.06875 0.06875
0 0.2375 0.1703125 0.0703125 0.071875
0 0.9390625 0.26953125 0.0640625 0.06875
0 0.2015625 0.72109375 0.071875 0.0703125
0 0.56953125 0.65546875 0.0703125 0.0703125
0 0.821875 0.29140625 0.0703125 0.0703125
0 0.5453125 0.7125 0.0703125 0.071875
0 0.2421875 0.76484375 0.0703125 0.071875
0 0.5578125 0.2296875 0.06875 0.0703125
0 0.52109375 0.028125 0.0703125 0.05625
0 0.37265625 0.990625 0.0671875 0.01875
0 0.98125 0.5828125 0.0375 0.06875
0 0.63828125 0.32421875 0.06875 0.06875
0 0.3484375 0.4734375 0.0703125 0.071875
0 0.78359375 0.08046875 0.0703125 0.0703125
0 0.4234375 0.73828125 0.0703125 0.0703125
0 0.6015625 0.11171875 0.0703125 0.0703125
0 0.50390625 0.834375 0.0703125 0.071875
0 0.13125 0.29921875 0.0703125 0.071875
0 0.81484375 0.61640625 0.0703125 0.0703125
0 0.43515625 0.2421875 0.0703125 0.0703125
0 0.55703125 0.975 0.0671875 0.05
0 0.19453125 0.88359375 0.0703125 0.0703125
0 0.9890625 0.85546875 0.021875 0.0703125
0 0.69375 0.47109375 0.0703125 0.0703125
0 0.34296875 0.63984375 0.06875 0.0703125
0 0.309375 0.43046875 0.0703125 0.0703125
0 0.45859375 0.0328125 0.0703125 0.065625
0 0.55 0.55390625 0.0703125 0.071875
0 0.91953125 0.1625 0.065625 0.0703125
0 0.875 0.60546875 0.071875 0.0703125
0 0.5390625 0.12265625 0.0703125 0.071875
0 0.0234375 0.14765625 0.046875 0.0703125
0 0.65234375 0.5875 0.0703125 0.0703125
0 0.7234375 0.09140625 0.06875 0.0703125
0 0.8640625 0.9234375 0.0671875 0.0484375
0 0.88046875 0.278125 0.0703125 0.06875
0 0.1203125 0.6234375 0.0703125 0.0703125
0 0.8421875 0.23125 0.0703125 0.06875
0 0.97890625 0.74765625 0.0421875 0.0703125
0 0.4671875 0.6171875 0.071875 0.0703125
0 0.58125 0.9296875 0.0703125 0.0703125
0 0.65859375 0.265625 0.06875 0.06875
0 0.74140625 0.94453125 0.0671875 0.05
0 0.04765625 0.69296875 0.0515625 0.065625
0 0.05234375 0.20078125 0.0703125 0.071875
0 0.2796875 0.06171875 0.06875 0.06875
0 0.696875 0.3140625 0.0703125 0.0703125
0 0.01875 0.48046875 0.0375 0.0671875
0 0.5984375 0.27578125 0.06875 0.0703125
0 0.44453125 0.67890625 0.071875 0.0703125
0 0.29375 0.32578125 0.06875 0.0703125
0 0.7046875 0.0140625 0.06875 0.028125
0 0.11171875 0.18671875 0.0703125 0.0734375
0 0.3203125 0.8625 0.0703125 0.071875
0 0.95625 0.5328125 0.0703125 0.0703125
0 0.45234375 0.34921875 0.0703125 0.071875
0 0.3328125 0.3734375 0.06875 0.0703125
0 0.67890625 0.209375 0.06875 0.06875
0 0.52421875 0.77265625 0.071875 0.071875
0 0.26640625 0.546875 0.0703125 0.06875
0 0.98984375 0.69375 0.0203125 0.06875
0 0.1734375 0.940625 0.0703125 0.071875
0 0.77265625 0.56875 0.0703125 0.0703125
0 0.55546875 0.39140625 0.0703125 0.071875
0 0.3921875 0.3609375 0.0703125 0.071875
0 0.43671875 0.9875 0.0671875 0.025
0 0.225 0.6625 0.071875 0.071875
0 0.03203125 0.25859375 0.0640625 0.0703125
0 0.52109375 0.94140625 0.0703125 0.0703125
0 0.6265625 0.8109375 0.0703125 0.0703125
0 0.51640625 0.34375 0.0703125 0.06875
0 0.7765625 0.40625 0.0703125 0.0703125
0 0.72890625 0.6828125 0.0703125 0.071875
0 0.93984375 0.43125 0.06875 0.06875
0 0.53671875 0.28671875 0.071875 0.0703125
0 0.88671875 0.87578125 0.071875 0.071875
0 0.49296875 0.39609375 0.071875 0.0734375
0 0.5734375 0.49453125 0.0703125 0.0703125
0 0.1515625 0.98125 0.071875 0.0375
0 0.7328125 0.5234375 0.06875 0.0703125
0 0.02890625 0.584375 0.053125 0.06875
0 0.89921875 0.38671875 0.0703125 0.06875
0 0.92734375 0.91171875 0.06875 0.0515625
0 0.1546875 0.2390625 0.0703125 0.0703125
0 0.1390625 0.7328125 0.071875 0.0703125
0 0.13828125 0.13671875 0.06875 0.06875
0 0.27578125 0.2234375 0.0703125 0.0703125
0 0.5 0.07578125 0.0703125 0.0703125
0 0.70546875 0.9078125 0.0703125 0.0703125
0 0.25546875 0.27890625 0.0703125 0.071875
0 0.47578125 0.1296875 0.0703125 0.0734375
0 0.22734375 0.496875 0.071875 0.0703125
0 0.97265625 0.478125 0.0546875 0.06875
0 0.646875 0.753125 0.0703125 0.0703125
0 0.3046875 0.590625 0.0703125 0.0703125
0 0.371875 0.4234375 0.06875 0.06875
0 0.35703125 0.15390625 0.071875 0.0703125
0 0.459375 0.78359375 0.0703125 0.0703125
0 0.15859375 0.66796875 0.0734375 0.0734375
0 0.6625 0.1046875 0.06875 0.06875
0 0.8390625 0.39765625 0.06875 0.06875
0 0.096875 0.090625 0.06875 0.0625
0 0.02890625 0.42109375 0.0578125 0.0703125
0 0.95546875 0.7015625 0.0703125 0.0703125
0 0.340625 0.803125 0.0703125 0.0703125
0 0.834375 0.5578125 0.0703125 0.0703125
0 0.9015625 0.221875 0.06875 0.06875
0 0.4953125 0.98125 0.065625 0.0375
0 0.2171875 0.8234375 0.0703125 0.0703125
0 0.1 0.98828125 0.046875 0.0234375
0 0.51171875 0.50234375 0.0703125 0.071875
0 0.58671875 0.7609375 0.0703125 0.0703125
0 0.71640625 0.41875 0.0671875 0.0671875
0 0.25703125 0.1109375 0.0703125 0.06875
0 0.53046875 0.609375 0.0703125 0.0703125
0 0.3359375 0.9671875 0.071875 0.065625
0 0.396875 0.959375 0.0703125 0.071875
0 0.0859375 0.409375 0.0703125 0.0703125
0 0.590625 0.59921875 0.0703125 0.0703125
0 0.77890625 0.24140625 0.071875 0.0703125
0 0.23125 0.33515625 0.0703125 0.071875
0 0.3765625 0.09765625 0.06875 0.0703125
0 0.821875 0.12734375 0.0703125 0.0703125
0 0.0984375 0.68203125 0.0703125 0.071875
0 0.07734375 0.74296875 0.0703125 0.06875
0 0.80390625 0.93359375 0.065625 0.05
0 0.2453125 0.6046875 0.0703125 0.071875
0 0.60625 0.7046875 0.06875 0.0703125
0 0.403125 0.6265625 0.071875 0.0734375
0 0.47421875 0.29765625 0.0703125 0.0703125
0 0.7984375 0.3484375 0.0703125 0.071875
0 0.21953125 0.071875 0.0671875 0.06875
0 0.45859375 0.946875 0.0703125 0.071875
0 0.37421875 0.26015625 0.0703125 0.0703125
0 0.51953125 0.1859375 0.0703125 0.0703125
0 0.15546875 0.83125 0.0703125 0.0734375
0 0.89296875 0.7140625 0.06875 0.0703125
0 0.6421875 0.91875 0.0703125 0.071875
0 0.20859375 0.390625 0.06875 0.0703125
0 0.0359375 0.1015625 0.06875 0.0640625
0 0.07578125 0.1453125 0.0703125 0.06875
0 0.2796875 0.815625 0.071875 0.071875
0 0.95703125 0.37421875 0.065625 0.0703125
0 0.2890625 0.48984375 0.0703125 0.0703125
0 0.45859375 0.18984375 0.071875 0.071875
0 0.621875 0.0625 0.0671875 0.0671875
0 0.7078125 0.73984375 0.071875 0.0703125
0 0.15859375 0.08203125 0.0703125 0.0671875
0 0.19765625 0.13046875 0.06875 0.0671875
0 0.59765625 0.4390625 0.0671875 0.0671875
0 0.27265625 0.971875 0.0703125 0.05625
0 0.10546875 0.5203125 0.0703125 0.0703125
0 0.353125 0.3171875 0.0703125 0.06875
0 0.61875 0.9671875 0.0671875 0.0484375
0 0.14609375 0.4015625 0.0703125 0.071875
0 0.14453125 0.56328125 0.071875 0.071875
0 0.753125 0.628125 0.071875 0.071875
0 0.17890625 0.77734375 0.0703125 0.071875
0 0.26953125 0.3828125 0.0703125 0.0703125
0 0.21171875 0.978125 0.0703125 0.04375
0 0.7125 0.58359375 0.0671875 0.0671875
0 0.64296875 0.01953125 0.0703125 0.0390625
0 0.83125 0.72265625 0.0703125 0.071875
0 0.39453125 0.20078125 0.0703125 0.0703125
0 0.1078125 0.35625 0.06875 0.0703125
0 0.48203125 0.89140625 0.071875 0.071875
0 0.60546875 0.87109375 0.0703125 0.071875
0 0.33984375 0.05078125 0.06875 0.06875
0 0.08203125 0.57265625 0.0703125 0.0703125
0 0.71875 0.259375 0.0671875 0.0671875
0 0.88359375 0.1125 0.0703125 0.0703125
0 0.95078125 0.8671875 0.0703125 0.071875
0 0.09375 0.8484375 0.071875 0.071875
0 0.4 0.79375 0.06875 0.06875
0 0.4265625 0.57578125 0.0703125 0.0703125
0 0.0921875 0.25078125 0.0703125 0.0703125
0 0.565625 0.8234375 0.0703125 0.0703125
0 0.65625 0.4296875 0.06875 0.0671875
0 0.90078125 0.05546875 0.065625 0.0703125
0 0.484375 0.72578125 0.0703125 0.071875
0 0.5359375 0.4515625 0.0703125 0.06875
0 0.89453125 0.54921875 0.06875 0.06875
0 0.97734375 0.90234375 0.0453125 0.0484375
0 0.06640625 0.79921875 0.053125 0.06875
0 0.38359375 0.69609375 0.06875 0.0703125
0 0.7671875 0.90390625 0.0703125 0.06875
0 0.4390625 0.096875 0.06875 0.0671875
0 0.11796875 0.790625 0.0703125 0.071875
0 0.284375 0.65625 0.06875 0.06875
0 0.47265625 0.465625 0.0703125 0.06875
0 0.01015625 0.3796875 0.0203125 0.065625
0 0.80546875 0.03125 0.0671875 0.0625
0 0.2484375 0.44765625 0.0703125 0.0703125
0 0.215625 0.23203125 0.0703125 0.06875
0 0.359375 0.915625 0.06875 0.06875
0 0.3671875 0.5890625 0.0703125 0.06875
0 0.184375 0.61328125 0.071875 0.071875
0 0.31796875 0.11484375 0.0671875 0.065625
0 0.8015625 0.19140625 0.06875 0.0703125
0 0.41328125 0.47421875 0.06875 0.0671875
0 0.1375 0.8984375 0.0703125 0.06875
0 0.18828125 0.4546875 0.071875 0.0703125
0 0.76953125 0.73984375 0.06875 0.06875
0 0.41796875 0.3125 0.0671875 0.065625