0 0.78671875 0.20546875 0.071875 0.0734375
0 0.9140625 0.22578125 0.0703125 0.071875
0 0.88984375 0.1625 0.0703125 0.071875
0 0.7625 0.14765625 0.071875 0.071875
0 0.73828125 0.08671875 0.06875 0.0703125
0 0.96484375 0.3421875 0.0703125 0.071875
0 0.971875 0.23515625 0.05625 0.0734375
0 0.83984375 0.0625 0.06875 0.046875
0 0.8984375 0.33515625 0.0734375 0.071875
0 0.8734375 0.27578125 0.071875 0.071875
0 0.92734375 0.39296875 0.071875 0.0703125
0 0.903125 0.07109375 0.06875 0.0453125
0 0.80234375 0.09765625 0.071875 0.071875
0 0.86640625 0.1078125 0.0703125 0.071875
0 0.88515625 0.44296875 0.0734375 0.071875
0 0.7765625 0.05078125 0.0671875 0.040625
0 0.71484375 0.0421875 0.0671875 0.040625
0 0.96796875 0.078125 0.0640625 0.04375
0 0.71953125 0.2 0.06875 0.0703125
0 0.85 0.2171875 0.071875 0.0734375
0 0.92734375 0.11328125 0.06875 0.06875
0 0.80859375 0.26484375 0.071875 0.0703125
0 0.85625 0.3875 0.0734375 0.071875
0 0.978125 0.4015625 0.04375 0.06875
0 0.7921875 0.3765625 0.071875 0.071875
0 0.83359375 0.3296875 0.06875 0.0703125
0 0.825 0.153125 0.0703125 0.071875
0 0.6484375 0.034375 0.06875 0.04375
0 0.940625 0.2859375 0.071875 0.071875
0 0.740625 0.26015625 0.0703125 0.071875
0 0.76875 0.31875 0.0734375 0.075
0 0.953125 0.4484375 0.071875 0.071875
0 0.81484375 0.4390625 0.0734375 0.0734375
0 0.99296875 0.18359375 0.0140625 0.0734375
0 0.909375 0.51015625 0.0734375 0.0734375
0 0.696875 0.1375 0.0703125 0.0734375
0 0.840625 0.4953125 0.075 0.075
0 0.6734375 0.0796875 0.0703125 0.071875
0 0.95703125 0.15703125 0.071875 0.06875
0 0.85859375 0.590625 0.0828125 0.084375
0 0.9828125 0.11640625 0.034375 0.0671875