0 0.6515625 0.86484375 0.071875 0.0734375
0 0.82890625 0.06875 0.065625 0.0453125
0 0.559375 0.2859375 0.071875 0.071875
0 0.640625 0.034375 0.065625 0.04375
0 0.4609375 0.82890625 0.0734375 0.0734375
0 0.353125 0.528125 0.071875 0.071875
0 0.8578125 0.61875 0.071875 0.0703125
0 0.60859375 0.575 0.0734375 0.0734375
0 0.9515625 0.08984375 0.065625 0.0453125
0 0.565625 0.62109375 0.071875 0.071875
0 0.52578125 0.8421875 0.0734375 0.0734375
0 0.37578125 0.58828125 0.0734375 0.0734375
0 0.4515625 0.01171875 0.065625 0.0234375
0 0.54453125 0.5625 0.071875 0.0703125
0 0.3328125 0.13125 0.071875 0.071875
0 0.4359375 0.2625 0.0734375 0.0734375
0 0.81640625 0.66953125 0.0734375 0.0734375
0 0.24453125 0.22890625 0.071875 0.0734375
0 0.85 0.11484375 0.071875 0.071875
0 0.67265625 0.92265625 0.0734375 0.0734375
0 0.62578125 0.2984375 0.0734375 0.0734375
0 0.396875 0.65078125 0.071875 0.0734375
0 0.7890625 0.10546875 0.0703125 0.0703125
0 0.41015625 0.03515625 0.0734375 0.0703125
0 0.4828125 0.71796875 0.071875 0.071875
0 0.88203125 0.846875 0.071875 0.071875
0 0.28828125 0.1796875 0.071875 0.071875
0 0.98203125 0.1953125 0.0359375 0.071875
0 0.97109375 0.1359375 0.0578125 0.071875
0 0.60390625 0.40703125 0.0734375 0.0734375
0 0.47578125 0.0453125 0.071875 0.071875
0 0.87890625 0.51171875 0.0703125 0.0734375
0 0.39140625 0.3140625 0.071875 0.0734375
0 0.50546875 0.95234375 0.0734375 0.075
0 0.16484375 0.15390625 0.071875 0.071875
0 0.69296875 0.646875 0.071875 0.0734375
0 0.49765625 0.109375 0.071875 0.071875
0 0.765625 0.05703125 0.065625 0.0453125
0 0.50390625 0.77890625 0.0734375 0.0734375
0 0.41484375 0.19921875 0.071875 0.071875
0 0.18515625 0.04921875 0.071875 0.071875
0 0.94140625 0.52421875 0.071875 0.0734375
0 0.48359375 0.890625 0.0734375 0.0734375
0 0.93515625 0.1859375 0.071875 0.071875
0 0.7125 0.5359375 0.0703125 0.071875
0 0.665625 0.08046875 0.0734375 0.075
0 0.37421875 0.41875 0.0734375 0.0734375
0 0.63046875 0.8 0.071875 0.071875
0 0.390625 0.00625 0.065625 0.0125
0 0.50078125 0.6109375 0.0734375 0.0734375
0 0.71484375 0.8734375 0.071875 0.071875
0 0.9125 0.12421875 0.071875 0.0734375
0 0.22265625 0.3375 0.071875 0.071875
0 0.39609375 0.478125 0.0734375 0.0734375
0 0.83828125 0.7296875 0.071875 0.071875
0 0.33203125 0.63984375 0.071875 0.071875
0 0.58125 0.3484375 0.071875 0.0703125
0 0.7078125 0.36875 0.071875 0.0734375
0 0.92109375 0.63046875 0.071875 0.071875
0 0.54609375 0.9 0.0734375 0.0734375
0 0.3078125 0.24140625 0.0734375 0.0734375
0 0.7546875 0.98125 0.071875 0.0375
0 0.890625 0.08046875 0.0671875 0.046875
0 0.5375 0.05859375 0.0734375 0.0734375
0 0.54765625 0.7296875 0.071875 0.071875
0 0.63125 0.96875 0.071875 0.0625
0 0.8 0.94296875 0.071875 0.0734375
0 0.45703125 0.15390625 0.071875 0.0703125
0 0.44140625 0.9390625 0.071875 0.071875
0 0.74921875 0.31953125 0.0703125 0.0703125
0 0.35 0.0296875 0.071875 0.059375
0 0.5171875 0.0171875 0.06875 0.034375
0 0.62734375 0.634375 0.071875 0.071875
0 0.66953125 0.58515625 0.071875 0.071875
0 0.77421875 0.5453125 0.071875 0.071875
0 0.3515625 0.18984375 0.071875 0.071875
0 0.62578125 0.46640625 0.071875 0.071875
0 0.91640625 0.29453125 0.0703125 0.071875
0 0.77265625 0.2109375 0.071875 0.071875
0 0.28828125 0.02421875 0.0703125 0.0484375
0 0.35390625 0.7015625 0.0734375 0.075
0 0.728125 0.09375 0.071875 0.0734375
0 0.73046875 0.4296875 0.071875 0.071875
0 0.5390625 0.39609375 0.071875 0.0734375
0 0.33046875 0.30234375 0.0734375 0.071875
0 0.5796875 0.025 0.0671875 0.046875
0 0.81640625 0.5 0.071875 0.0734375
0 0.6484375 0.69609375 0.071875 0.071875
0 0.7953125 0.6078125 0.071875 0.071875
0 0.58359375 0.51484375 0.071875 0.071875
0 0.89609375 0.403125 0.0734375 0.0734375
0 0.478125 0.2140625 0.071875 0.071875
0 0.14453125 0.09765625 0.0671875 0.0671875
0 0.77734375 0.884375 0.0734375 0.071875
0 0.609375 0.91328125 0.071875 0.071875
0 0.71171875 0.7078125 0.0703125 0.0703125
0 0.16171875 0.0125 0.0734375 0.025
0 0.4796875 0.55234375 0.0734375 0.0734375
0 0.69296875 0.81328125 0.0734375 0.0734375
0 0.59140625 0.99140625 0.0671875 0.0171875
0 0.4375 0.5984375 0.0734375 0.0734375
0 0.58984375 0.8515625 0.0734375 0.0734375
0 0.64375 0.35859375 0.071875 0.0734375
0 0.88125 0.67890625 0.0734375 0.0734375
0 0.6234375 0.12890625 0.0703125 0.071875
0 0.52890625 0.98671875 0.0671875 0.0265625
0 0.52109375 0.503125 0.071875 0.071875
0 0.64921875 0.525 0.0734375 0.0734375
0 0.9578125 0.41328125 0.071875 0.075
0 0.9296875 0.85703125 0.040625 0.0671875
0 0.2890625 0.5203125 0.0734375 0.0734375
0 0.51953125 0.33359375 0.0734375 0.0734375
0 0.85546875 0.453125 0.071875 0.071875
0 0.66640625 0.24921875 0.071875 0.071875
0 0.41875 0.709375 0.0734375 0.0734375
0 0.9484375 0.74921875 0.040625 0.0671875
0 0.9421875 0.690625 0.071875 0.0734375
0 0.81171875 0.33125 0.071875 0.0703125
0 0.83125 0.225 0.071875 0.0734375
0 0.5671875 0.79140625 0.071875 0.071875
0 0.45859375 0.490625 0.071875 0.071875
0 0.41640625 0.5390625 0.071875 0.071875
0 0.753125 0.65703125 0.071875 0.075
0 0.603125 0.2375 0.0734375 0.071875
0 0.97109375 0.303125 0.0578125 0.071875
0 0.7578125 0.825 0.0734375 0.0734375
0 0.9828125 0.3625 0.034375 0.071875
0 0.771875 0.37734375 0.0734375 0.075
0 0.834375 0.39140625 0.0734375 0.0734375
0 0.85234375 0.284375 0.0734375 0.071875
0 0.8203125 0.8375 0.071875 0.071875
0 0.703125 0.0453125 0.0671875 0.0453125
0 0.9625 0.58125 0.0703125 0.071875
0 0.43515625 0.09921875 0.0703125 0.0703125
0 0.30703125 0.4109375 0.0734375 0.0734375
0 0.22890625 0.16640625 0.0734375 0.0734375
0 0.9234375 0.8 0.071875 0.071875
0 0.56484375 0.453125 0.071875 0.071875
0 0.89453125 0.2328125 0.071875 0.075
0 0.971875 0.4734375 0.05625 0.071875
0 0.9890625 0.1015625 0.021875 0.05
0 0.44140625 0.76875 0.0734375 0.075
0 0.22734375 0.01796875 0.0734375 0.0359375
0 0.690625 0.4765625 0.0703125 0.071875
0 0.43828125 0.43203125 0.0734375 0.0734375
0 0.67265625 0.75234375 0.071875 0.0703125
0 0.39765625 0.82109375 0.0734375 0.0734375
0 0.8390625 0.5625 0.071875 0.071875
0 0.95703125 0.24453125 0.071875 0.0734375
0 0.184375 0.2171875 0.071875 0.0734375
0 0.56171875 0.11875 0.071875 0.071875
0 0.121875 0.0421875 0.0703125 0.06875
0 0.69375 0.97421875 0.071875 0.0515625
0 0.875 0.34140625 0.071875 0.071875
0 0.68984375 0.31015625 0.0734375 0.071875
0 0.79296875 0.44296875 0.071875 0.071875
0 0.96875 0.640625 0.0390625 0.06875
0 0.2875 0.34921875 0.071875 0.071875
0 0.72890625 0.26015625 0.0703125 0.071875
0 0.5203125 0.165625 0.071875 0.0734375
0 0.9921875 0.259375 0.015625 0.071875
0 0.37265625 0.253125 0.0734375 0.0734375
0 0.4984375 0.27421875 0.0703125 0.071875
0 0.25 0.06171875 0.0734375 0.0734375
0 0.58671875 0.68515625 0.0703125 0.071875
0 0.4640625 0.98125 0.06875 0.0375
0 0.52421875 0.66953125 0.071875 0.071875
0 0.70703125 0.20078125 0.071875 0.071875
0 0.6078125 0.7453125 0.0703125 0.071875
0 0.903125 0.7375 0.071875 0.0703125
0 0.78984375 0.275 0.0703125 0.0703125
0 0.47890625 0.38359375 0.071875 0.071875
0 0.45625 0.32109375 0.0734375 0.075
0 0.2671875 0.11796875 0.0734375 0.0703125
0 0.9921875 0.421875 0.015625 0.06875
0 0.39296875 0.14375 0.0703125 0.071875
0 0.34921875 0.3625 0.071875 0.0734375
0 0.796875 0.7765625 0.0703125 0.071875
0 0.24140625 0.40078125 0.075 0.0765625
0 0.91796875 0.4640625 0.0703125 0.071875
0 0.5390625 0.225 0.071875 0.071875
0 0.9 0.57265625 0.071875 0.071875
0 0.734375 0.76171875 0.0703125 0.0703125
0 0.3765625 0.7609375 0.075 0.075
0 0.753125 0.4890625 0.071875 0.071875
0 0.503125 0.44375 0.071875 0.071875
0 0.8625 0.78515625 0.071875 0.071875
0 0.58203125 0.178125 0.071875 0.0734375
0 0.8859375 0.9890625 0.071875 0.021875
0 0.33125 0.47109375 0.0734375 0.0734375
0 0.684375 0.14296875 0.071875 0.0734375
0 0.203125 0.10859375 0.071875 0.0703125
0 0.90390625 0.909375 0.071875 0.071875
0 0.56953125 0.9578125 0.0734375 0.0734375
0 0.3109375 0.07265625 0.0703125 0.0703125
0 0.66484375 0.4203125 0.0703125 0.0703125
0 0.26640625 0.46171875 0.075 0.075
0 0.7484375 0.15234375 0.071875 0.0734375
0 0.4140625 0.371875 0.071875 0.0734375
0 0.86328125 0.95078125 0.071875 0.0734375
0 0.77421875 0.71796875 0.0703125 0.071875
0 0.9375 0.35546875 0.0703125 0.0703125
0 0.46171875 0.66015625 0.071875 0.071875
0 0.821875 0.98203125 0.071875 0.0359375
0 0.73203125 0.5953125 0.071875 0.071875
0 0.60234375 0.06953125 0.0703125 0.0734375
0 0.91171875 0.9640625 0.0390625 0.06875
0 0.98359375 0.5296875 0.0328125 0.06875
0 0.42109375 0.8796875 0.071875 0.0734375
0 0.7375 0.9375 0.0734375 0.0734375
0 0.37109375 0.0875 0.071875 0.0703125
0 0.8421875 0.89453125 0.0703125 0.0703125
0 0.87421875 0.17265625 0.0734375 0.071875
0 0.64296875 0.19375 0.0703125 0.0703125
0 0.3125 0.58203125 0.0703125 0.0703125
0 0.2671875 0.29375 0.071875 0.0703125
0 0.2046875 0.27734375 0.0734375 0.0734375
0 0.81171875 0.1609375 0.071875 0.06875