0 0.96015625 0.178125 0.059375 0.0609375
0 0.83359375 0.89375 0.0625 0.0625
0 0.50859375 0.68828125 0.0625 0.0640625
0 0.9734375 0.6125 0.053125 0.0625
0 0.515625 0.9046875 0.0625 0.0625
0 0.49453125 0.2515625 0.0609375 0.0625
0 0.384375 0.6890625 0.0609375 0.0625
0 0.978125 0.828125 0.04375 0.065625
0 0.19921875 0.915625 0.0625 0.0640625
0 0.5234375 0.196875 0.0625 0.0625
0 0.21328125 0.20703125 0.0625 0.0609375
0 0.87109375 0.2359375 0.0625 0.0640625
0 0.70703125 0.8984375 0.0625 0.0640625
0 0.825 0.67421875 0.0640625 0.065625
0 0.37734375 0.36328125 0.0625 0.0625
0 0.06875 0.7 0.0625 0.0640625
0 0.1953125 0.69609375 0.0625 0.065625
0 0.05078125 0.05078125 0.0609375 0.0625
0 0.12109375 0.26484375 0.0625 0.0640625
0 0.10078125 0.64453125 0.0640625 0.0640625
0 0.53984375 0.63046875 0.0640625 0.0640625
0 0.22734375 0.63984375 0.0625 0.0640625
0 0.08984375 0.21171875 0.0625 0.0625
0 0.33671875 0.20390625 0.0625 0.0640625
0 0.8546875 0.6171875 0.0640625 0.0640625
0 0.815625 0.4578125 0.0609375 0.0625
0 0.3515625 0.6375 0.0625 0.0625
0 0.49921875 0.36015625 0.0609375 0.0640625
0 0.65 0.1921875 0.0625 0.0625
0 0.265625 0.9109375 0.065625 0.065625
0 0.128125 0.4828125 0.0640625 0.0640625
0 0.81328125 0.3515625 0.0625 0.0640625
0 0.7265625 0.625 0.0640625 0.0625
0 0.82734375 0.78203125 0.0625 0.0640625
0 0.20859375 0.10078125 0.0625 0.0640625
0 0.36015625 0.96171875 0.0640625 0.0640625
0 0.75078125 0.353125 0.0625 0.0640625
0 0.05859375 0.26796875 0.0625 0.0625
0 0.0453125 0.97109375 0.059375 0.0578125
0 0.83515625 0.07734375 0.0609375 0.0625
0 0.3625 0.0421875 0.0625 0.0640625
0 0.646875 0.08203125 0.0625 0.065625
0 0.5015625 0.46953125 0.0609375 0.0625
0 0.2515625 0.48046875 0.0609375 0.0625
0 0.5296875 0.41328125 0.0609375 0.0625
0 0.6765625 0.03046875 0.0625 0.0609375
0 0.8921875 0.77890625 0.0640625 0.0640625
0 0.8375 0.18515625 0.0625 0.0625
0 0.9578125 0.06953125 0.05625 0.0625
0 0.571875 0.684375 0.0640625 0.0640625
0 0.42109375 0.853125 0.0625 0.0625
0 0.878125 0.45625 0.0609375 0.0609375
0 0.490625 0.14140625 0.0625 0.0625
0 0.41484375 0.63515625 0.0625 0.0625
0 0.55234375 0.03515625 0.0625 0.0625
0 0.6640625 0.63125 0.0625 0.0625
0 0.68828125 0.35234375 0.0640625 0.0640625
0 0.56484375 0.465625 0.0640625 0.0625
0 0.80078125 0.0265625 0.0609375 0.053125
0 0.1109375 0.05078125 0.0625 0.0625
0 0.37734375 0.47265625 0.0625 0.0640625
0 0.26171875 0.803125 0.0640625 0.0625
0 0.10703125 0.96953125 0.0640625 0.0609375
0 0.48515625 0.84921875 0.0625 0.0625
0 0.03125 0.4265625 0.0625 0.065625
0 0.1515625 0.209375 0.0625 0.0625
0 0.2453125 0.25859375 0.0625 0.0640625
0 0.190625 0.48203125 0.0625 0.0625
0 0.0140625 0.26796875 0.028125 0.0640625
0 0.43515625 0.25390625 0.0609375 0.0640625
0 0.97109375 0.5015625 0.0578125 0.0625
0 0.65703125 0.40859375 0.0625 0.0640625
0 0.22109375 0.42421875 0.0625 0.0640625
0 0.28515625 0.5328125 0.0625 0.0625
0 0.88828125 0.67109375 0.0640625 0.065625
0 0.3890625 0.7984375 0.0625 0.0640625
0 0.2703125 0.096875 0.0625 0.0625
0 0.5578125 0.24921875 0.0640625 0.0625
0 0.59453125 0.409375 0.0625 0.0640625
0 0.084375 0.103125 0.0625 0.0640625
0 0.6609375 0.515625 0.0640625 0.0640625
0 0.865625 0.94140625 0.0625 0.0625
0 0.371875 0.25859375 0.0640625 0.0640625
0 0.09609375 0.4265625 0.0625 0.0640625
0 0.1671875 0.859375 0.0640625 0.0640625
0 0.84375 0.403125 0.0625 0.0625
0 0.0640625 0.48203125 0.0640625 0.0640625
0 0.76015625 0.6765625 0.0640625 0.0640625
0 0.0375 0.6453125 0.0625 0.0625
0 0.12421875 0.37265625 0.0625 0.0640625
0 0.0734375 0.8078125 0.0640625 0.0640625
0 0.2828125 0.421875 0.0640625 0.0640625
0 0.9 0.184375 0.0640625 0.0640625
0 0.3953125 0.09296875 0.0640625 0.0625
0 0.9390625 0.45234375 0.0625 0.0625
0 0.77265625 0.078125 0.0625 0.0640625
0 0.76953125 0.896875 0.0625 0.0640625
0 0.77421875 0.18984375 0.0625 0.0625
0 0.60234375 0.6296875 0.0625 0.0640625
0 0.68359375 0.2421875 0.0625 0.0640625
0 0.97734375 0.23359375 0.028125 0.0625
0 0.340625 0.315625 0.0625 0.0625
0 0.446875 0.69140625 0.0625 0.0640625
0 0.403125 0.31015625 0.0625 0.0640625
0 0.3578125 0.85390625 0.0640625 0.065625
0 0.70234375 0.790625 0.0625 0.0640625
0 0.66875 0.7375 0.0625 0.0640625
0 0.103125 0.86171875 0.0640625 0.0640625
0 0.7390625 0.953125 0.0625 0.0625
0 0.096875 0.53515625 0.0640625 0.0640625
0 0.5671875 0.571875 0.0640625 0.0640625
0 0.8109375 0.23671875 0.0609375 0.0625
0 0.6734375 0.84453125 0.0625 0.0625
0 0.23203125 0.8609375 0.0640625 0.0640625
0 0.54765625 0.85 0.0640625 0.0640625
0 0.0671875 0.590625 0.0640625 0.0625
0 0.93515625 0.34375 0.0625 0.0640625
0 0.92890625 0.1265625 0.0625 0.0609375
0 0.2734375 0.20703125 0.0625 0.0640625
0 0.7453125 0.2421875 0.0625 0.0625
0 0.7390625 0.02890625 0.0625 0.0578125
0 0.075 0.91953125 0.0625 0.0640625
0 0.765625 0.7859375 0.0625 0.0640625
0 0.7234375 0.51484375 0.0625 0.0625
0 0.625 0.465625 0.0625 0.0640625
0 0.43828125 0.3625 0.0625 0.0625
0 0.18203125 0.2625 0.0609375 0.0640625
0 0.69296875 0.56875 0.0640625 0.0640625
0 0.7109375 0.0828125 0.0640625 0.0640625
0 0.25703125 0.69375 0.0640625 0.0640625
0 0.96953125 0.39609375 0.05625 0.0640625
0 0.3234375 0.69140625 0.0640625 0.0640625
0 0.55078125 0.95546875 0.0625 0.065625
0 0.71640625 0.2953125 0.0640625 0.0625
0 0.58828125 0.1953125 0.0625 0.0625
0 0.4234375 0.9625 0.0640625 0.065625
0 0.79921875 0.83828125 0.0640625 0.0640625
0 0.1328125 0.6984375 0.0640625 0.0671875
0 0.6125 0.9546875 0.0640625 0.0640625
0 0.1859375 0.37109375 0.0625 0.065625
0 0.94609375 0.55703125 0.0640625 0.0640625
0 0.58515625 0.08671875 0.0625 0.065625
0 0.05625 0.159375 0.0625 0.0625
0 0.16875 0.96875 0.0625 0.0625
0 0.78046875 0.40546875 0.0625 0.0625
0 0.46875 0.41640625 0.0625 0.0625
0 0.25078125 0.36796875 0.0640625 0.0640625
0 0.86328125 0.83515625 0.0640625 0.0671875
0 0.57578125 0.79296875 0.0625 0.0640625
0 0.41875 0.7453125 0.0625 0.0625
0 0.521875 0.090625 0.0625 0.0625
0 0.41015625 0.5265625 0.0640625 0.0640625
0 0.01015625 0.053125 0.0203125 0.0625
0 0.5359375 0.5203125 0.0625 0.0625
0 0.62890625 0.571875 0.0625 0.0625
0 0.1984375 0.8046875 0.0640625 0.0640625
0 0.696875 0.68125 0.0609375 0.0625
0 0.440625 0.471875 0.0625 0.0625
0 0.98515625 0.44921875 0.028125 0.0640625
0 0.28984375 0.6390625 0.0640625 0.0640625
0 0.7546875 0.459375 0.0625 0.0640625
0 0.690625 0.46171875 0.0625 0.0640625
0 0.45234375 0.79765625 0.0625 0.0640625
0 0.42578125 0.0375 0.0625 0.0640625
0 0.015625 0.37578125 0.03125 0.0640625
0 0.9328125 0.23203125 0.0625 0.065625
0 0.91640625 0.61640625 0.0625 0.0625
0 0.865625 0.12734375 0.0625 0.0640625
0 0.0328125 0.53828125 0.0625 0.0640625
0 0.8203125 0.56484375 0.0625 0.0640625
0 0.13125 0.58984375 0.0640625 0.0640625
0 0.79140625 0.62109375 0.0640625 0.0640625
0 0.653125 0.3 0.0625 0.0640625
0 0.471875 0.52265625 0.0625 0.0625
0 0.6125 0.0328125 0.0625 0.0625
0 0.3 0.04453125 0.0640625 0.0640625
0 0.02890625 0.21484375 0.0578125 0.0640625
0 0.15703125 0.42578125 0.0625 0.0640625
0 0.1359375 0.91875 0.0625 0.0625
0 0.2171875 0.31640625 0.0625 0.0640625
0 0.17421875 0.04765625 0.0640625 0.0640625
0 0.8828125 0.56171875 0.0640625 0.0640625
0 0.85 0.5078125 0.0625 0.0625
0 0.47734375 0.63203125 0.0640625 0.0625
0 0.7578125 0.5671875 0.0640625 0.0640625
0 0.021875 0.70234375 0.03125 0.0640625
0 0.16484375 0.6421875 0.0640625 0.0640625
0 0.6421875 0.9015625 0.0640625 0.0640625
0 0.30703125 0.25859375 0.0625 0.0640625
0 0.45234375 0.9078125 0.0625 0.0625
0 0.146875 0.1015625 0.0625 0.0640625
0 0.01171875 0.15859375 0.0234375 0.0640625
0 0.2234375 0.53203125 0.0640625 0.0625
0 0.54453125 0.740625 0.0640625 0.0640625
0 0.31953125 0.58203125 0.0640625 0.0640625
0 0.6234375 0.35390625 0.0625 0.0640625
0 0.390625 0.90625 0.0625 0.0640625
0 0.3796875 0.5828125 0.0625 0.0640625
0 0.9296875 0.93984375 0.0640625 0.0640625
0 0.2328125 0.96953125 0.0625 0.0609375
0 0.159375 0.534375 0.0625 0.0640625
0 0.61015625 0.8484375 0.0625 0.0640625
0 0.925 0.83203125 0.0640625 0.0640625
0 0.73515625 0.84296875 0.0640625 0.0640625
0 0.0390625 0.75625 0.0625 0.0625
0 0.29453125 0.8546875 0.0625 0.0640625
0 0.84140625 0.2921875 0.0625 0.0640625
0 0.01953125 0.59453125 0.034375 0.0625
0 0.8046875 0.13203125 0.0625 0.0625
0 0.6375 0.7921875 0.0625 0.0640625
0 0.1171875 0.15859375 0.0625 0.0609375
0 0.1359375 0.809375 0.0625 0.0640625
0 0.95 0.66953125 0.0625 0.065625
0 0.1546875 0.31953125 0.0625 0.0640625
0 0.3140625 0.4765625 0.0625 0.0625
0 0.178125 0.15703125 0.0609375 0.0609375
0 0.96328125 0.28828125 0.0609375 0.0625
0 0.9109375 0.50546875 0.0625 0.0625
0 0.778125 0.2953125 0.0625 0.0640625
0 0.028125 0.91953125 0.0296875 0.0640625
0 0.25625 0.584375 0.0625 0.0625
0 0.325 0.8 0.0640625 0.0640625
0 0.56015625 0.3578125 0.0625 0.0640625
0 0.2921875 0.7453125 0.0640625 0.0640625
0 0.71953125 0.40546875 0.0625 0.0625
0 0.44296875 0.57890625 0.0625 0.0640625
0 0.303125 0.15 0.0640625 0.0640625
0 0.02578125 0.809375 0.0328125 0.0625
0 0.09140625 0.3171875 0.0640625 0.0625
0 0.7140625 0.18984375 0.0625 0.0609375
0 0.87421875 0.35 0.0625 0.0625
0 0.0296875 0.31953125 0.059375 0.0640625
0 0.103125 0.75390625 0.0625 0.0625
0 0.4078125 0.41953125 0.0609375 0.0609375
0 0.27890625 0.31484375 0.0625 0.0640625
0 0.60703125 0.73671875 0.0625 0.0640625
0 0.9078125 0.39921875 0.0640625 0.0640625
0 0.92109375 0.7234375 0.065625 0.0640625
0 0.3140625 0.3703125 0.0625 0.0640625
0 0.95546875 0.77421875 0.0640625 0.065625
0 0.45703125 0.09375 0.0609375 0.0625
0 0.296875 0.965625 0.0640625 0.065625
0 0.73125 0.73203125 0.0640625 0.0640625
0 0.19765625 0.5875 0.0625 0.0609375
0 0.98125 0.934375 0.0375 0.065625
0 0.06171875 0.37578125 0.0640625 0.0625
0 0.2265625 0.753125 0.0625 0.0625
0 0.6359375 0.68203125 0.0625 0.0640625
0 0.528125 0.30390625 0.0625 0.0640625
0 0.465625 0.30703125 0.0625 0.0625
0 0.42890625 0.14609375 0.0625 0.0640625
0 0.7953125 0.73046875 0.0625 0.0625
0 0.59140625 0.30078125 0.0625 0.0640625
0 0.48046875 0.74296875 0.0625 0.0625
0 0.55546875 0.1390625 0.0640625 0.0625
0 0.50390625 0.5765625 0.0625 0.0625
0 0.74140625 0.13671875 0.0640625 0.0625
0 0.23984375 0.15078125 0.0625 0.0625
0 0.903125 0.29140625 0.0625 0.0640625
0 0.78671875 0.5125 0.0625 0.0625
0 0.95859375 0.88671875 0.0640625 0.0640625
0 0.67734375 0.9546875 0.0625 0.0625
0 0.61796875 0.1421875 0.0625 0.0625
0 0.925 0.02578125 0.0625 0.0515625
0 0.4609375 0.20078125 0.0609375 0.0609375
0 0.32890625 0.91328125 0.0640625 0.0640625
0 0.01640625 0.48203125 0.0328125 0.0640625
0 0.9765625 0.7171875 0.046875 0.0625
0 0.67578125 0.1453125 0.0609375 0.0625
0 0.3546875 0.74609375 0.0625 0.0640625
0 0.6203125 0.24765625 0.0609375 0.0625
0 0.16484375 0.7546875 0.0640625 0.0640625
0 0.36640625 0.15 0.0640625 0.0625
0 0.4890625 0.03671875 0.0625 0.0640625
0 0.33203125 0.09921875 0.0625 0.0640625
0 0.8625 0.0265625 0.0625 0.053125
0 0.5953125 0.521875 0.0625 0.0625
0 0.04296875 0.86328125 0.0625 0.0625
0 0.23515625 0.04765625 0.0625 0.0625
0 0.80234375 0.946875 0.0609375 0.0625
0 0.578125 0.903125 0.0640625 0.0625
0 0.8984375 0.890625 0.0625 0.0625
0 0.51328125 0.79453125 0.0640625 0.065625
0 0.85625 0.72890625 0.0625 0.0609375
0 0.3484375 0.52890625 0.0625 0.0640625
0 0.403125 0.2046875 0.0625 0.0625
0 0.34453125 0.42421875 0.0640625 0.0609375
0 0.028125 0.10390625 0.05625 0.0640625
0 0.4875 0.95859375 0.0625 0.0671875
0 0.98125 0.34765625 0.0296875 0.059375
0 0.8953125 0.0703125 0.059375 0.0609375