0 0.7125 0.3015625 0.0625 0.06328125
0 0.51875 0.29921875 0.06328125 0.06328125
0 0.36015625 0.0265625 0.0625 0.053125
0 0.87265625 0.0265625 0.0625 0.053125
0 0.61953125 0.02734375 0.0625 0.0546875
0 0.5859375 0.0765625 0.06171875 0.06171875
0 0.58515625 0.3015625 0.0640625 0.06328125
0 0.39296875 0.07734375 0.0625 0.0640625
0 0.5546875 0.0265625 0.0609375 0.053125
0 0.74296875 0.6875 0.0640625 0.06484375
0 0.840625 0.08046875 0.0625 0.0640625
0 0.74375 0.3546875 0.06328125 0.0640625
0 0.425 0.13515625 0.0625 0.06328125
0 0.52109375 0.18671875 0.06171875 0.06171875
0 0.93671875 0.24375 0.06171875 0.06171875
0 0.58359375 0.41328125 0.06328125 0.06484375
0 0.715625 0.0796875 0.0625 0.06328125
0 0.55234375 0.24296875 0.06328125 0.06328125
0 0.5515625 0.35625 0.06328125 0.06328125
0 0.68046875 0.24140625 0.06171875 0.0625
0 0.5203125 0.078125 0.0640625 0.06328125
0 0.7765625 0.29921875 0.0625 0.0625
0 0.871875 0.68984375 0.0625 0.06328125
0 0.87265625 0.1359375 0.06171875 0.0625
0 0.35859375 0.1359375 0.06171875 0.0625
0 0.9375 0.02734375 0.0625 0.0546875
0 0.61484375 0.3546875 0.06328125 0.06328125
0 0.871875 0.46953125 0.06171875 0.0640625
0 0.9375 0.4671875 0.06328125 0.06484375
0 0.83828125 0.41484375 0.06171875 0.0625
0 0.58671875 0.18671875 0.0625 0.06171875
0 0.7125 0.4125 0.0625 0.06328125
0 0.87265625 0.353125 0.0625 0.06328125
0 0.51875 0.4109375 0.0625 0.0625
0 0.6484375 0.07890625 0.06171875 0.0625
0 0.68203125 0.02734375 0.0625 0.0546875
0 0.8390625 0.63046875 0.06171875 0.06328125
0 0.74296875 0.465625 0.0625 0.06171875
0 0.39140625 0.1921875 0.0625 0.06484375
0 0.68046875 0.1359375 0.06171875 0.0625
0 0.809375 0.02734375 0.0625 0.0546875
0 0.7109375 0.63359375 0.06328125 0.06328125
0 0.83984375 0.29921875 0.06328125 0.06171875
0 0.6796875 0.35703125 0.06171875 0.06171875
0 0.678125 0.5765625 0.0609375 0.06171875
0 0.74453125 0.13671875 0.06015625 0.06015625
0 0.4890625 0.02734375 0.0640625 0.0546875
0 0.74453125 0.24375 0.06328125 0.06328125
0 0.67890625 0.46484375 0.0625 0.06171875
0 0.45546875 0.0765625 0.0625 0.0640625
0 0.64921875 0.29921875 0.06328125 0.06328125
0 0.93984375 0.79765625 0.06328125 0.06328125
0 0.90625 0.07890625 0.0625 0.0640625
0 0.61484375 0.46796875 0.0625 0.06328125
0 0.98515625 0.24609375 0.0296875 0.0625
0 0.29609375 0.028125 0.0640625 0.05625
0 0.45625 0.1890625 0.06328125 0.06328125
0 0.98515625 0.1359375 0.0296875 0.0625
0 0.96875 0.0796875 0.06171875 0.06328125
0 0.61640625 0.24375 0.06171875 0.0625
0 0.42421875 0.0265625 0.0625 0.053125
0 0.7765625 0.0796875 0.06171875 0.06484375
0 0.81015625 0.24375 0.06328125 0.06328125
0 0.93828125 0.68984375 0.0640625 0.06484375
0 0.87421875 0.2453125 0.0625 0.0625
0 0.96875 0.190625 0.06171875 0.0625
0 0.96875 0.521875 0.0625 0.0625
0 0.4890625 0.24375 0.06328125 0.06484375
0 0.77578125 0.525 0.06328125 0.06484375
0 0.7140625 0.1875 0.06171875 0.06015625
0 0.4546875 0.303125 0.0640625 0.06328125
0 0.871875 0.8 0.065625 0.0640625
0 0.80703125 0.4703125 0.06171875 0.06328125
0 0.98671875 0.8015625 0.0265625 0.0625
0 0.77578125 0.4125 0.06171875 0.0625
0 0.83828125 0.74453125 0.06328125 0.0640625
0 0.9859375 0.02890625 0.028125 0.0578125
0 0.90859375 0.853125 0.06328125 0.0625
0 0.6171875 0.1359375 0.0609375 0.0625
0 0.54921875 0.46875 0.06328125 0.06484375
0 0.553125 0.13125 0.06171875 0.06171875
0 0.6484375 0.19140625 0.0609375 0.0625
0 0.93828125 0.1328125 0.06171875 0.0609375
0 0.83984375 0.525 0.0640625 0.06328125
0 0.840625 0.18984375 0.0609375 0.0625
0 0.7765625 0.1859375 0.0609375 0.06015625
0 0.74375 0.578125 0.0640625 0.06328125
0 0.4234375 0.246875 0.0640625 0.065625
0 0.90625 0.18671875 0.06171875 0.0625
0 0.80859375 0.5796875 0.0625 0.06328125
0 0.8734375 0.90859375 0.065625 0.0640625
0 0.7109375 0.51953125 0.06171875 0.0625
0 0.64921875 0.52109375 0.0625 0.06171875
0 0.96953125 0.41015625 0.0609375 0.065625
0 0.90546875 0.525 0.0609375 0.059375
0 0.96875 0.3015625 0.0625 0.0625
0 0.64765625 0.4078125 0.06328125 0.06328125
0 0.67578125 0.69140625 0.0609375 0.06171875
0 0.80703125 0.68984375 0.06328125 0.06484375
0 0.9359375 0.35 0.06171875 0.06328125
0 0.8078125 0.1359375 0.0609375 0.06171875
0 0.48984375 0.1328125 0.0625 0.0625
0 0.9046875 0.40546875 0.0625 0.06171875
0 0.86953125 0.5765625 0.0609375 0.06015625
0 0.7453125 0.0265625 0.0625 0.053125
0 0.98515625 0.69375 0.0296875 0.0625
0 0.77265625 0.74296875 0.06328125 0.0625
0 0.9859375 0.35390625 0.028125 0.0640625
0 0.8375 0.8578125 0.06484375 0.06328125
0 0.48828125 0.35625 0.0625 0.06328125
0 0.97109375 0.85390625 0.0578125 0.0609375
0 0.81015625 0.35859375 0.0640625 0.06328125
0 0.771875 0.85625 0.06328125 0.06328125
0 0.80703125 0.80390625 0.0609375 0.06171875
0 0.7734375 0.6296875 0.0625 0.06328125
0 0.58203125 0.52265625 0.0640625 0.06484375
0 0.90546875 0.29765625 0.0609375 0.0609375
0 0.98515625 0.4640625 0.0296875 0.0625
0 0.984375 0.57734375 0.03125 0.0625
0 0.90625 0.7453125 0.0640625 0.0640625
0 0.7046875 0.74765625 0.0625 0.0640625
0 0.740625 0.8015625 0.06484375 0.06640625
0 0.94140625 0.9046875 0.0640625 0.06328125
0 0.803125 0.91484375 0.06484375 0.06484375
0 0.3296875 0.08203125 0.0609375 0.0609375
0 0.9703125 0.6328125 0.059375 0.065625
0 0.90703125 0.96953125 0.065625 0.0609375
0 0.64453125 0.63203125 0.06171875 0.06484375
0 0.83671875 0.96640625 0.065625 0.06640625
0 0.61328125 0.578125 0.0625 0.06328125
0 0.9046875 0.615625 0.06328125 0.0609375
0 0.940625 0.56953125 0.059375 0.06015625