0 0.2390625 0.13046875 0.0734375 0.0734375
0 0.49375 0.01875 0.06875 0.0375
0 0.68828125 0.11875 0.0734375 0.0734375
0 0.41875 0.08046875 0.0734375 0.0734375
0 0.01015625 0.25859375 0.0203125 0.0734375
0 0.38203125 0.6515625 0.0734375 0.075
0 0.37265625 0.4859375 0.071875 0.071875
0 0.346875 0.978125 0.075 0.04375
0 0.2453125 0.74453125 0.075 0.0734375
0 0.0703125 0.56484375 0.075 0.0734375
0 0.37421875 0.04140625 0.06875 0.0625
0 0.10859375 0.8375 0.071875 0.071875
0 0.11484375 0.6140625 0.0734375 0.0734375
0 0.6375 0.74296875 0.075 0.075
0 0.61953125 0.80546875 0.075 0.075
0 0.18125 0.971875 0.075 0.05625
0 0.31171875 0.27734375 0.0734375 0.0734375
0 0.56171875 0.5984375 0.075 0.075
0 0.48125 0.9015625 0.0734375 0.075
0 0.15 0.26640625 0.0734375 0.0734375
0 0.55078125 0.21015625 0.075 0.075
0 0.546875 0.66015625 0.0734375 0.0734375
0 0.0265625 0.1390625 0.053125 0.06875
0 0.7609375 0.25859375 0.0734375 0.0734375
0 0.253125 0.075 0.0703125 0.065625
0 0.05859375 0.18046875 0.071875 0.0734375
0 0.103125 0.2265625 0.071875 0.0734375
0 0.65625 0.45625 0.071875 0.0734375
0 0.0578125 0.403125 0.0734375 0.0734375
0 0.3546875 0.5421875 0.075 0.0765625
0 0.628125 0.13203125 0.0734375 0.0734375
0 0.190625 0.53359375 0.0734375 0.0734375
0 0.7296875 0.1578125 0.0734375 0.0734375
0 0.5765625 0.76328125 0.075 0.075
0 0.471875 0.7375 0.075 0.075
0 0.23671875 0.5734375 0.0734375 0.075
0 0.66875 0.17578125 0.0734375 0.075
0 0.43828125 0.85703125 0.0734375 0.075
0 0.4140625 0.528125 0.0734375 0.075
0 0.24296875 0.96640625 0.0734375 0.0671875
0 0.80390625 0.0796875 0.075 0.075
0 0.11875 0.16640625 0.0734375 0.0734375
0 0.553125 0.01015625 0.06875 0.0203125
0 0.1765625 0.3734375 0.0734375 0.0734375
0 0.38671875 0.1984375 0.0734375 0.0734375
0 0.1328125 0.3265625 0.0734375 0.0734375
0 0.0328125 0.3015625 0.065625 0.075
0 0.3234375 0.665625 0.075 0.075
0 0.746875 0.10390625 0.0734375 0.0734375
0 0.359375 0.09453125 0.0703125 0.071875
0 0.61015625 0.1890625 0.0734375 0.075
0 0.5359375 0.04296875 0.071875 0.0703125
0 0.32578125 0.440625 0.071875 0.071875
0 0.30234375 0.95 0.075 0.075
0 0.56796875 0.1484375 0.075 0.075
0 0.46796875 0.96171875 0.0734375 0.075
0 0.31640625 0.8875 0.0734375 0.0734375
0 0.19453125 0.09140625 0.0703125 0.065625
0 0.71640625 0.44296875 0.075 0.075
0 0.2671875 0.2375 0.071875 0.071875
0 0.47421875 0.50859375 0.0734375 0.075
0 0.1609375 0.43046875 0.0734375 0.075
0 0.17578125 0.59453125 0.0765625 0.0765625
0 0.33984375 0.37734375 0.0734375 0.0734375
0 0.4484375 0.18671875 0.0765625 0.0765625
0 0.01640625 0.4203125 0.0328125 0.075
0 0.6046875 0.86796875 0.0765625 0.0765625
0 0.5 0.6140625 0.0734375 0.075
0 0.5375 0.49140625 0.075 0.0765625
0 0.140625 0.7171875 0.075 0.075
0 0.65703125 0.02109375 0.0734375 0.0421875
0 0.13203125 0.55 0.0734375 0.075
0 0.15234375 0.8859375 0.0734375 0.0734375
0 0.26171875 0.68359375 0.075 0.075
0 0.25 0.2984375 0.071875 0.071875
0 0.421875 0.92109375 0.0734375 0.0734375
0 0.290625 0.78671875 0.075 0.0765625
0 0.09765625 0.66796875 0.075 0.075
0 0.27265625 0.84765625 0.071875 0.0734375
0 0.29765625 0.33515625 0.071875 0.071875
0 0.59765625 0.0296875 0.0734375 0.059375
0 0.7 0.05234375 0.071875 0.071875
0 0.41015625 0.7546875 0.0765625 0.0765625
0 0.21796875 0.63984375 0.0734375 0.075
0 0.07109375 0.3453125 0.0734375 0.0734375
0 0.80546875 0.29921875 0.075 0.075
0 0.10078125 0.4484375 0.0734375 0.075
0 0.29453125 0.56328125 0.075 0.075
0 0.6828125 0.559375 0.078125 0.078125
0 0.1359375 0.9421875 0.0734375 0.0734375
0 0.58359375 0.08125 0.075 0.075
0 0.6421875 0.29140625 0.0734375 0.0734375
0 0.3640625 0.934375 0.0765625 0.0765625
0 0.43203125 0.0265625 0.0703125 0.053125
0 0.18046875 0.15 0.075 0.075
0 0.2375 0.35390625 0.075 0.075
0 0.03046875 0.52578125 0.0609375 0.0734375
0 0.56015625 0.82578125 0.0734375 0.0734375
0 0.3734375 0.25703125 0.075 0.075
0 0.13828125 0.10703125 0.071875 0.0671875
0 0.19140625 0.3140625 0.0734375 0.0734375
0 0.01875 0.1953125 0.0375 0.075
0 0.60625 0.6390625 0.075 0.075
0 0.62734375 0.3515625 0.075 0.075
0 0.2796875 0.4 0.0734375 0.075
0 0.74296875 0.31796875 0.0734375 0.075
0 0.1625 0.209375 0.0734375 0.0734375
0 0.4625 0.11875 0.075 0.075
0 0.52265625 0.0984375 0.0734375 0.0734375
0 0.02265625 0.57890625 0.0453125 0.0671875
0 0.0875 0.28828125 0.071875 0.071875
0 0.12734375 0.7765625 0.0703125 0.0703125
0 0.315625 0.05703125 0.071875 0.0625
0 0.378125 0.87265625 0.0734375 0.075
0 0.30703125 0.7296875 0.0734375 0.0734375
0 0.79296875 0.13984375 0.075 0.075
0 0.34375 0.146875 0.075 0.075
0 0.2984375 0.11328125 0.071875 0.071875
0 0.05390625 0.628125 0.0734375 0.075
0 0.6703125 0.3984375 0.0734375 0.0734375
0 0.22265625 0.19140625 0.075 0.075
0 0.68359375 0.33515625 0.0734375 0.075
0 0.51875 0.55390625 0.075 0.075
0 0.078125 0.7390625 0.0734375 0.0734375
0 0.040625 0.46953125 0.0703125 0.071875
0 0.64375 0.06953125 0.071875 0.071875
0 0.3109375 0.5015625 0.0734375 0.0734375
0 0.51640625 0.78046875 0.075 0.075
0 0.85234375 0.12421875 0.075 0.075
0 0.4921875 0.45234375 0.075 0.0734375
0 0.2015625 0.7015625 0.0734375 0.075
0 0.20703125 0.475 0.0734375 0.0734375
0 0.28671875 0.9875 0.0734375 0.025
0 0.35390625 0.31796875 0.071875 0.071875
0 0.4 0.3578125 0.075 0.075
0 0.44140625 0.6328125 0.075 0.075
0 0.45546875 0.7984375 0.0734375 0.075
0 0.484375 0.67578125 0.075 0.075
0 0.5046875 0.38671875 0.0734375 0.0734375
0 0.73203125 0.60234375 0.078125 0.078125
0 0.77421875 0.42109375 0.0734375 0.0734375
0 0.57890625 0.53515625 0.0765625 0.0765625
0 0.50859375 0.9828125 0.0703125 0.034375
0 0.21953125 0.415625 0.0734375 0.0734375
0 0.05 0.69140625 0.0453125 0.065625
0 0.38203125 0.4234375 0.0734375 0.075
0 0.26640625 0.4578125 0.0734375 0.0734375
0 0.4578125 0.571875 0.0734375 0.0734375
0 0.0765625 0.125 0.071875 0.0703125
0 0.0796875 0.78984375 0.0515625 0.0671875
0 0.33359375 0.8328125 0.075 0.075
0 0.36640625 0.7109375 0.075 0.075
0 0.215625 0.86171875 0.075 0.0765625
0 0.50625 0.17109375 0.075 0.0765625
0 0.19921875 0.92109375 0.075 0.0734375
0 0.775 0.19921875 0.075 0.075
0 0.6515625 0.909375 0.0765625 0.0765625
0 0.51875 0.3265625 0.071875 0.071875
0 0.66796875 0.6265625 0.0765625 0.0765625
0 0.53125 0.7171875 0.075 0.075
0 0.44921875 0.9921875 0.0703125 0.015625
0 0.49921875 0.83984375 0.075 0.075
0 0.11796875 0.38828125 0.0734375 0.0734375
0 0.14609375 0.49140625 0.071875 0.0703125
0 0.596875 0.47578125 0.0734375 0.0734375
0 0.278125 0.621875 0.075 0.0734375
0 0.340625 0.60390625 0.075 0.075
0 0.35 0.7734375 0.0734375 0.0734375
0 0.02421875 0.36328125 0.0484375 0.0734375
0 0.4078125 0.96796875 0.075 0.0640625
0 0.40078125 0.590625 0.0734375 0.0734375
0 0.6078125 0.41328125 0.075 0.075
0 0.10546875 0.89453125 0.0484375 0.0671875
0 0.478125 0.284375 0.0734375 0.0734375
0 0.75859375 0.0390625 0.071875 0.071875
0 0.71328125 0.21796875 0.0734375 0.0734375
0 0.4765625 0.0640625 0.0703125 0.071875
0 0.18359375 0.76484375 0.0734375 0.0734375
0 0.5953125 0.2453125 0.071875 0.0703125
0 0.39609375 0.815625 0.0734375 0.075
0 0.42578125 0.69375 0.0734375 0.075
0 0.715625 0.01484375 0.071875 0.0296875
0 0.13203125 0.98359375 0.0453125 0.0328125
0 0.640625 0.51484375 0.075 0.075
0 0.43046875 0.4703125 0.075 0.075
0 0.56796875 0.36328125 0.075 0.078125
0 0.1578125 0.65703125 0.0734375 0.0734375
0 0.62265625 0.58046875 0.0765625 0.0765625
0 0.52890625 0.94296875 0.078125 0.078125
0 0.69921875 0.50234375 0.0734375 0.071875
0 0.328125 0.21875 0.0734375 0.0734375
0 0.08671875 0.50703125 0.0734375 0.071875
0 0.4 0.13984375 0.071875 0.071875
0 0.5890625 0.9296875 0.0734375 0.075
0 0.20859375 0.25546875 0.071875 0.071875
0 0.41484375 0.29921875 0.071875 0.071875
0 0.28203125 0.17109375 0.0734375 0.075
0 0.01015625 0.48046875 0.0203125 0.0671875
0 0.25859375 0.91015625 0.0703125 0.0703125
0 0.2515625 0.52578125 0.0734375 0.071875
0 0.865625 0.06796875 0.0734375 0.071875
0 0.48828125 0.23515625 0.071875 0.071875
0 0.2296875 0.80390625 0.075 0.075
0 0.5421875 0.8796875 0.075 0.0734375
0 0.5703125 0.975 0.06875 0.05
0 0.43203125 0.2484375 0.071875 0.0703125
0 0.7015625 0.275 0.0734375 0.0734375
0 0.53671875 0.2703125 0.0734375 0.0734375
0 0.7125 0.66796875 0.078125 0.078125
0 0.81875 0.2390625 0.075 0.075
0 0.6671875 0.8484375 0.0765625 0.0765625
0 0.7 0.7265625 0.075 0.075
0 0.6796875 0.78359375 0.0734375 0.0734375
0 0.44375 0.3953125 0.0765625 0.078125
0 0.83515625 0.1828125 0.0734375 0.0734375
0 0.86640625 0.021875 0.0515625 0.04375
0 0.65234375 0.6890625 0.0734375 0.0734375
0 0.746875 0.53984375 0.0765625 0.0765625
0 0.5921875 0.703125 0.075 0.0765625
0 0.55078125 0.43671875 0.0703125 0.0703125
0 0.7890625 0.3625 0.0734375 0.0734375
0 0.16640625 0.81953125 0.075 0.0734375
0 0.5875 0.2984375 0.075 0.0734375
0 0.46015625 0.35078125 0.071875 0.0703125
0 0.65078125 0.2421875 0.071875 0.0703125
0 0.63203125 0.9609375 0.06875 0.0546875
0 0.76171875 0.4828125 0.0734375 0.071875
0 0.7296875 0.3796875 0.0734375 0.071875
0 0.81875 0.028125 0.075 0.05625
0 0.04296875 0.2421875 0.0734375 0.075