0 0.96953125 0.62890625 0.0609375 0.0609375
0 0.2234375 0.078125 0.0609375 0.06015625
0 0.7765625 0.8453125 0.06171875 0.06328125
0 0.6578125 0.40859375 0.06015625 0.06171875
0 0.61796875 0.7890625 0.06171875 0.0609375
0 0.97109375 0.19375 0.0578125 0.0609375
0 0.65 0.84296875 0.06171875 0.06171875
0 0.0703125 0.025 0.0609375 0.05
0 0.83984375 0.84609375 0.06171875 0.0625
0 0.98359375 0.9015625 0.0328125 0.0625
0 0.97109375 0.4125 0.0578125 0.0609375
0 0.09140625 0.28984375 0.06328125 0.0640625
0 0.81015625 0.790625 0.06171875 0.06171875
0 0.903125 0.8453125 0.0625 0.0640625
0 0.8484375 0.196875 0.06015625 0.0609375
0 0.5671875 0.35390625 0.06171875 0.0609375
0 0.34140625 0.5125 0.0625 0.06171875
0 0.3796875 0.1359375 0.06015625 0.0625
0 0.48359375 0.98515625 0.0625 0.0296875
0 0.690625 0.3546875 0.0609375 0.06171875
0 0.7203125 0.515625 0.0609375 0.0609375
0 0.25390625 0.13203125 0.06015625 0.06171875
0 0.5359375 0.08359375 0.0609375 0.0609375
0 0.815625 0.24765625 0.0609375 0.0625
0 0.221875 0.29453125 0.06015625 0.0625
0 0.971875 0.08671875 0.05625 0.0625
0 0.4390625 0.353125 0.06171875 0.06171875
0 0.72421875 0.08359375 0.0609375 0.0609375
0 0.940625 0.1375 0.06171875 0.06171875
0 0.09921875 0.0765625 0.06171875 0.06171875
0 0.65546875 0.62734375 0.0609375 0.0609375
0 0.49375 0.7859375 0.0625 0.0625
0 0.68359375 0.7890625 0.0625 0.0609375
0 0.65703125 0.515625 0.06171875 0.06171875
0 0.371875 0.56875 0.0609375 0.06171875
0 0.98671875 0.24765625 0.0265625 0.0609375
0 0.71796875 0.62890625 0.06015625 0.06015625
0 0.97109375 0.51875 0.0578125 0.0609375
0 0.2875 0.07890625 0.06171875 0.0609375
0 0.91015625 0.196875 0.06015625 0.0609375
0 0.84609375 0.409375 0.0609375 0.06328125
0 0.9375 0.57265625 0.0609375 0.0609375
0 0.37421875 0.3515625 0.06171875 0.0625
0 0.940625 0.35859375 0.0609375 0.0625
0 0.93671875 0.684375 0.0609375 0.0640625
0 0.4046875 0.51484375 0.0625 0.06171875
0 0.5328125 0.4046875 0.0625 0.0625
0 0.9671875 0.84765625 0.0609375 0.0625
0 0.459375 0.84140625 0.06328125 0.06484375
0 0.46328125 0.73046875 0.06171875 0.06171875
0 0.8734375 0.68359375 0.0609375 0.0625
0 0.6 0.084375 0.06171875 0.06171875
0 0.21328125 0.51484375 0.06171875 0.06328125
0 0.878125 0.24921875 0.06015625 0.06015625
0 0.71328125 0.8453125 0.06171875 0.06328125
0 0.81328125 0.46796875 0.06015625 0.06171875
0 0.42734375 0.78671875 0.06328125 0.06328125
0 0.37890625 0.24375 0.06015625 0.0609375
0 0.6578125 0.2984375 0.0609375 0.06171875
0 0.62578125 0.57109375 0.06171875 0.0609375
0 0.87421875 0.7921875 0.06171875 0.06171875
0 0.503125 0.35546875 0.06171875 0.0609375
0 0.7796875 0.62890625 0.06171875 0.0609375
0 0.2859375 0.19140625 0.0609375 0.0609375
0 0.53046875 0.51796875 0.0609375 0.0625
0 0.815625 0.13828125 0.06015625 0.06171875
0 0.8765625 0.46640625 0.0609375 0.0625
0 0.34375 0.40703125 0.0609375 0.0625
0 0.5625 0.46328125 0.0609375 0.0625
0 0.9375 0.46640625 0.06015625 0.06171875
0 0.128125 0.12890625 0.06171875 0.06171875
0 0.66171875 0.08359375 0.06015625 0.0625
0 0.475 0.08515625 0.06015625 0.06171875
0 0.90625 0.6296875 0.0625 0.0625
0 0.5640625 0.246875 0.0609375 0.06015625
0 0.815625 0.0328125 0.06015625 0.06171875
0 0.87890625 0.35703125 0.0609375 0.0609375
0 0.2765625 0.5125 0.06328125 0.06328125
0 0.87734375 0.13828125 0.0609375 0.0625
0 0.93671875 0.7921875 0.0609375 0.0625
0 0.1328125 0.02578125 0.0609375 0.0515625
0 0.21796875 0.39921875 0.06171875 0.0625
0 0.6890625 0.24453125 0.0609375 0.06171875
0 0.56015625 0.6796875 0.0609375 0.0625
0 0.56484375 0.13515625 0.0609375 0.06171875
0 0.72109375 0.2984375 0.0625 0.06171875
0 0.85 0.08671875 0.06015625 0.0609375
0 0.2828125 0.29375 0.06171875 0.06171875
0 0.44375 0.02890625 0.0609375 0.0578125
0 0.87421875 0.57265625 0.06171875 0.0625
0 0.528125 0.73203125 0.06171875 0.0625
0 0.06015625 0.234375 0.0609375 0.06328125
0 0.653125 0.73515625 0.06171875 0.06171875
0 0.59296875 0.51796875 0.06171875 0.06171875
0 0.615625 0.896875 0.0609375 0.0625
0 0.69296875 0.03046875 0.0609375 0.0609375
0 0.18046875 0.453125 0.0625 0.06328125
0 0.40234375 0.621875 0.06171875 0.06328125
0 0.91171875 0.08671875 0.06015625 0.0609375
0 0.75234375 0.24453125 0.0625 0.0625
0 0.53359375 0.3 0.0609375 0.06171875
0 0.16171875 0.0765625 0.06171875 0.0609375
0 0.59609375 0.409375 0.0609375 0.0625
0 0.01875 0.025 0.0375 0.05
0 0.49921875 0.571875 0.059375 0.0609375
0 0.55625 0.78984375 0.06015625 0.06015625
0 0.59609375 0.29921875 0.059375 0.06171875
0 0.43984375 0.1359375 0.06171875 0.0625
0 0.6859375 0.67890625 0.06171875 0.0625
0 0.83828125 0.95390625 0.06171875 0.0625
0 0.809375 0.903125 0.0609375 0.0609375
0 0.525 0.83984375 0.06171875 0.06328125
0 0.51953125 0.9484375 0.0625 0.0625
0 0.98515625 0.57421875 0.0296875 0.0609375
0 0.91015625 0.4109375 0.06171875 0.06171875
0 0.40859375 0.29609375 0.0609375 0.0609375
0 0.4703125 0.51640625 0.06171875 0.06171875
0 0.43671875 0.56953125 0.0625 0.0625
0 0.53359375 0.190625 0.06015625 0.06171875
0 0.984375 0.684375 0.03125 0.0609375
0 0.7546875 0.03046875 0.059375 0.0609375
0 0.40703125 0.40625 0.0625 0.06171875
0 0.22265625 0.1859375 0.0609375 0.06171875
0 0.753125 0.3578125 0.06171875 0.06171875
0 0.31484375 0.134375 0.06171875 0.0625
0 0.84453125 0.51953125 0.06171875 0.0609375
0 0.56171875 0.56953125 0.06171875 0.0609375
0 0.628125 0.35625 0.0609375 0.06171875
0 0.19453125 0.02734375 0.0609375 0.0546875
0 0.72109375 0.19375 0.06171875 0.0609375
0 0.7875 0.08671875 0.06171875 0.0609375
0 0.38125 0.02890625 0.059375 0.0578125
0 0.8109375 0.57265625 0.06171875 0.06171875
0 0.30859375 0.56875 0.06171875 0.06328125
0 0.09609375 0.18359375 0.06171875 0.06171875
0 0.5953125 0.19140625 0.06015625 0.06171875
0 0.65703125 0.18984375 0.06171875 0.0625
0 0.621875 0.67890625 0.06015625 0.06328125
0 0.815625 0.3578125 0.06171875 0.0609375
0 0.87109375 0.9046875 0.06171875 0.06171875
0 0.346875 0.2953125 0.06015625 0.059375
0 0.775 0.95234375 0.06171875 0.06171875
0 0.24375 0.4546875 0.0640625 0.0640625
0 0.5859375 0.84296875 0.0609375 0.06328125
0 0.74921875 0.68125 0.06171875 0.06328125
0 0.33359375 0.728125 0.0625 0.0625
0 0.9078125 0.521875 0.0609375 0.0609375
0 0.5828125 0.9515625 0.0609375 0.0625
0 0.93984375 0.24609375 0.06015625 0.0625
0 0.5 0.459375 0.06171875 0.06171875
0 0.1921875 0.13046875 0.0609375 0.0625
0 0.19140625 0.240625 0.06171875 0.06328125
0 0.84609375 0.3 0.0609375 0.0609375
0 0.67890625 0.9 0.0625 0.06328125
0 0.97109375 0.303125 0.0578125 0.0609375
0 0.3734375 0.46015625 0.06171875 0.06171875
0 0.3703125 0.67734375 0.06328125 0.06328125
0 0.1578125 0.29375 0.0625 0.0625
0 0.503125 0.1375 0.06015625 0.06015625
0 0.625 0.24609375 0.059375 0.0609375
0 0.28125 0.403125 0.0609375 0.0640625
0 0.7484375 0.57265625 0.06171875 0.06171875
0 0.45625 0.94921875 0.05859375 0.05859375
0 0.47109375 0.29609375 0.06171875 0.06171875
0 0.9109375 0.3015625 0.06015625 0.06171875
0 0.12578125 0.240625 0.06328125 0.0625
0 0.9046875 0.740625 0.06171875 0.0609375
0 0.50390625 0.03203125 0.059375 0.0609375
0 0.96796875 0.7390625 0.06171875 0.0609375
0 0.34765625 0.19140625 0.06015625 0.06015625
0 0.84296875 0.73515625 0.0609375 0.06015625
0 0.9 0.953125 0.0609375 0.06328125
0 0.490625 0.89375 0.0625 0.0625
0 0.98515625 0.7921875 0.0296875 0.0609375
0 0.6875 0.459375 0.0609375 0.0609375
0 0.3515625 0.08203125 0.0625 0.06171875
0 0.31875 0.02890625 0.059375 0.0578125
0 0.69140625 0.13828125 0.0609375 0.06015625
0 0.065625 0.1296875 0.0625 0.06171875
0 0.41328125 0.084375 0.06015625 0.0609375
0 0.646875 0.95390625 0.06171875 0.06171875
0 0.71171875 0.953125 0.0625 0.06328125
0 0.590625 0.734375 0.06171875 0.06171875
0 0.409375 0.19453125 0.059375 0.06015625
0 0.78515625 0.19453125 0.06171875 0.0609375
0 0.31640625 0.24375 0.0609375 0.06171875
0 0.33671875 0.62265625 0.0609375 0.0609375
0 0.71640625 0.7375 0.0609375 0.06171875
0 0.24609375 0.56875 0.06171875 0.06171875
0 0.93828125 0.0359375 0.06171875 0.0609375
0 0.03359375 0.071875 0.06171875 0.0640625
0 0.77890625 0.73671875 0.06015625 0.0609375
0 0.43203125 0.67890625 0.0625 0.06328125
0 0.465625 0.62421875 0.0609375 0.0625
0 0.5296875 0.62265625 0.06171875 0.0625
0 0.98515625 0.46796875 0.0296875 0.0609375
0 0.3984375 0.73203125 0.0625 0.0625
0 0.4375 0.459375 0.0609375 0.0625
0 0.721875 0.409375 0.0609375 0.0609375
0 0.7515625 0.4625 0.06015625 0.0625
0 0.159375 0.18359375 0.06171875 0.06171875
0 0.25703125 0.02890625 0.0609375 0.0578125
0 0.965625 0.95546875 0.0625 0.06328125
0 0.63046875 0.03046875 0.059375 0.0609375
0 0.553125 0.89921875 0.06015625 0.06171875
0 0.746875 0.7921875 0.06171875 0.0625
0 0.125 0.34765625 0.0625 0.06328125
0 0.753125 0.1359375 0.06171875 0.0625
0 0.7859375 0.30234375 0.06171875 0.06171875
0 0.496875 0.678125 0.0625 0.06171875
0 0.59296875 0.62421875 0.0609375 0.06171875
0 0.3125 0.4609375 0.0609375 0.06015625
0 0.03046875 0.178125 0.0609375 0.0625
0 0.25546875 0.2421875 0.0609375 0.0625
0 0.47109375 0.19140625 0.06015625 0.06171875
0 0.68671875 0.57734375 0.05859375 0.059375
0 0.7453125 0.9 0.0609375 0.0609375
0 0.78515625 0.41015625 0.0625 0.0640625
0 0.42421875 0.896875 0.06171875 0.06171875
0 0.98671875 0.1453125 0.0265625 0.059375
0 0.56640625 0.02890625 0.0609375 0.0578125
0 0.25234375 0.34765625 0.0609375 0.06015625
0 0.9328125 0.89921875 0.06171875 0.0609375
0 0.78203125 0.52265625 0.06015625 0.0609375
0 0.2765625 0.625 0.0609375 0.0609375
0 0.39609375 0.840625 0.06171875 0.06328125
0 0.8125 0.684375 0.0625 0.06171875
0 0.46875 0.4078125 0.0609375 0.0625
0 0.84375 0.625 0.06171875 0.0625
0 0.3125 0.346875 0.059375 0.06015625
0 0.01640625 0.128125 0.0328125 0.059375
0 0.503125 0.24453125 0.06015625 0.06171875
0 0.628125 0.13828125 0.06171875 0.0609375
0 0.30625 0.67265625 0.0609375 0.06015625
0 0.18828125 0.34609375 0.06171875 0.06171875
0 0.625 0.4640625 0.06171875 0.0625
0 0.4390625 0.24609375 0.06015625 0.0609375
0 0.15390625 0.39765625 0.0640625 0.0609375
0 0.8765625 0.040625 0.059375 0.05859375
0 0.3640625 0.7890625 0.059375 0.059375