0 0.3296875 0.95703125 0.065625 0.053125
0 0.390625 0.9671875 0.065625 0.0515625
0 0.6375 0.98515625 0.06875 0.0296875
0 0.209375 0.9390625 0.065625 0.0515625
0 0.27109375 0.94765625 0.065625 0.053125
0 0.0875 0.91875 0.065625 0.053125
0 0.0625 0.8734375 0.06875 0.06875
0 0.45078125 0.97265625 0.0671875 0.0546875
0 0.49453125 0.9296875 0.06875 0.0703125
0 0.15078125 0.92734375 0.0671875 0.05625
0 0.02890625 0.91015625 0.0578125 0.0515625
0 0.12421875 0.88203125 0.06875 0.0703125
0 0.01875 0.8609375 0.0375 0.06875
0 0.37109375 0.91015625 0.06875 0.06875
0 0.18828125 0.88828125 0.0671875 0.0671875
0 0.5109375 0.98046875 0.065625 0.0390625
0 0.6953125 0.990625 0.06875 0.01875
0 0.30625 0.90234375 0.0703125 0.06875
0 0.24375 0.9046875 0.0671875 0.06875
0 0.57421875 0.9796875 0.0671875 0.040625
0 0.4296875 0.925 0.06875 0.06875
0 0.55078125 0.946875 0.0671875 0.0671875