0 0.7125 0.8328125 0.0625 0.06328125
0 0.74921875 0.01796875 0.0609375 0.0359375
0 0.52109375 0.27890625 0.0625 0.06171875
0 0.5578125 0.0171875 0.0609375 0.034375
0 0.51875 0.83046875 0.06328125 0.06328125
0 0.36015625 0.553125 0.06171875 0.06171875
0 0.87265625 0.5546875 0.0625 0.0609375
0 0.61953125 0.5546875 0.06328125 0.06328125
0 0.24296875 0.01796875 0.0609375 0.0359375
0 0.8734375 0.01796875 0.0609375 0.0359375
0 0.5859375 0.6078125 0.06171875 0.06171875
0 0.58515625 0.8328125 0.0640625 0.06328125
0 0.39296875 0.60859375 0.0625 0.0640625
0 0.36640625 0.0171875 0.0609375 0.034375
0 0.5546875 0.55390625 0.06171875 0.0609375
0 0.27109375 0.165625 0.06171875 0.06171875
0 0.3953125 0.27734375 0.06328125 0.06328125
0 0.840625 0.61171875 0.0625 0.0640625
0 0.2015625 0.27734375 0.06171875 0.06328125
0 0.778125 0.06015625 0.06171875 0.06171875
0 0.74375 0.8859375 0.06328125 0.0640625
0 0.5890625 0.2796875 0.0640625 0.06328125
0 0.425 0.66640625 0.0625 0.06328125
0 0.1140625 0.015625 0.0640625 0.03125
0 0.71640625 0.0609375 0.06015625 0.06015625
0 0.33125 0.05546875 0.0625 0.06484375
0 0.52109375 0.71796875 0.06171875 0.06171875
0 0.93671875 0.775 0.06171875 0.06171875
0 0.2359375 0.22109375 0.06171875 0.0625
0 0.93984375 0.1140625 0.06171875 0.06171875
0 0.90703125 0.059375 0.0609375 0.0625
0 0.5859375 0.390625 0.06328125 0.06328125
0 0.396875 0.05625 0.0625 0.0625
0 0.875 0.44609375 0.0609375 0.06328125
0 0.3609375 0.3359375 0.06171875 0.06328125
0 0.58359375 0.94453125 0.06328125 0.06484375
0 0.11015625 0.2171875 0.06171875 0.0625
0 0.715625 0.6109375 0.0625 0.06328125
0 0.4296875 0.115625 0.06171875 0.06171875
0 0.9703125 0.06171875 0.059375 0.0625
0 0.684375 0.01796875 0.0609375 0.0359375
0 0.55234375 0.77421875 0.06328125 0.06328125
0 0.3640625 0.21875 0.06171875 0.06171875
0 0.11171875 0.1109375 0.06171875 0.0625
0 0.9390625 0.446875 0.0625 0.06328125
0 0.5515625 0.8875 0.06328125 0.06328125
0 0.87421875 0.11484375 0.06171875 0.0625
0 0.715625 0.4984375 0.0609375 0.06171875
0 0.58984375 0.0578125 0.06328125 0.06484375
0 0.36171875 0.4421875 0.06328125 0.06328125
0 0.68046875 0.77265625 0.06171875 0.0625
0 0.30390625 0.0171875 0.0609375 0.034375
0 0.5203125 0.609375 0.0640625 0.06328125
0 0.7765625 0.83046875 0.0625 0.0625
0 0.84140625 0.05859375 0.06171875 0.06328125
0 0.1984375 0.38828125 0.0625 0.0625
0 0.39375 0.496875 0.0625 0.0640625
0 0.87265625 0.6671875 0.06171875 0.0625
0 0.35859375 0.6671875 0.06171875 0.0625
0 0.55390625 0.33671875 0.06171875 0.0609375
0 0.68203125 0.334375 0.06171875 0.0640625
0 0.9375 0.55546875 0.0625 0.06171875
0 0.61484375 0.8859375 0.06328125 0.06328125
0 0.871875 0.984375 0.0625 0.03125
0 0.265625 0.27890625 0.06328125 0.06328125
0 0.9375 0.9828125 0.0640625 0.034375
0 0.83828125 0.94609375 0.06171875 0.0625
0 0.81171875 0.01875 0.0609375 0.0375
0 0.46015625 0.05859375 0.06328125 0.06328125
0 0.58671875 0.71796875 0.0625 0.06171875
0 0.7125 0.94375 0.0625 0.06328125
0 0.87265625 0.884375 0.0625 0.06328125
0 0.39765625 0.16640625 0.06171875 0.0609375
0 0.51875 0.9421875 0.0625 0.0625
0 0.7140625 0.27890625 0.0609375 0.06015625
0 0.26953125 0.05625 0.06171875 0.0640625
0 0.43203125 0.0171875 0.0640625 0.034375
0 0.6484375 0.61015625 0.06171875 0.0625
0 0.68203125 0.5546875 0.06171875 0.0625
0 0.778125 0.496875 0.06171875 0.0625
0 0.3 0.2203125 0.0625 0.0625
0 0.61796875 0.4453125 0.06171875 0.0625
0 0.74296875 0.9828125 0.0625 0.034375
0 0.87421875 0.225 0.0609375 0.06171875
0 0.71796875 0.16796875 0.06171875 0.06171875
0 0.20703125 0.05546875 0.0609375 0.06328125
0 0.39140625 0.7234375 0.0625 0.06484375
0 0.65390625 0.06015625 0.06171875 0.06328125
0 0.71484375 0.390625 0.06171875 0.0625
0 0.5203125 0.390625 0.0625 0.06328125
0 0.2984375 0.33515625 0.06328125 0.0625
0 0.49609375 0.01875 0.0609375 0.0375
0 0.81171875 0.4453125 0.06171875 0.0640625
0 0.68046875 0.6671875 0.06171875 0.0625
0 0.809375 0.5546875 0.0625 0.0625
0 0.58515625 0.5 0.0625 0.06171875
0 0.8734375 0.3359375 0.06328125 0.06328125
0 0.42890625 0.221875 0.06171875 0.06171875
0 0.08046875 0.165625 0.05859375 0.05859375
0 0.83984375 0.83046875 0.06328125 0.06171875
0 0.6796875 0.88828125 0.06171875 0.06171875
0 0.74453125 0.66796875 0.06015625 0.06015625
0 0.07890625 0.05390625 0.06328125 0.06484375
0 0.4890625 0.5546875 0.06328125 0.06328125
0 0.74453125 0.775 0.06328125 0.06328125
0 0.67890625 0.9828125 0.0625 0.034375
0 0.45546875 0.6078125 0.0625 0.0640625
0 0.64921875 0.83046875 0.06328125 0.06328125
0 0.6171875 0.3359375 0.0625 0.06328125
0 0.90625 0.61015625 0.0625 0.0640625
0 0.55703125 0.11328125 0.0609375 0.0625
0 0.61484375 0.98359375 0.0625 0.0328125
0 0.52109375 0.49921875 0.06171875 0.0625
0 0.6515625 0.4984375 0.0640625 0.06328125
0 0.9859375 0.11796875 0.028125 0.0640625
0 0.9359375 0.33515625 0.0609375 0.06484375
0 0.98515625 0.77734375 0.0296875 0.0625
0 0.29609375 0.55625 0.0640625 0.06328125
0 0.490625 0.3328125 0.0625 0.0640625
0 0.8421875 0.3921875 0.06171875 0.0625
0 0.6203125 0.22421875 0.06171875 0.0625
0 0.45625 0.7203125 0.06328125 0.06328125
0 0.98515625 0.6671875 0.0296875 0.0625
0 0.96875 0.6109375 0.06171875 0.06328125
0 0.77734375 0.2796875 0.06171875 0.0609375
0 0.778125 0.171875 0.0609375 0.0640625
0 0.61640625 0.775 0.06171875 0.0625
0 0.4578125 0.49765625 0.06171875 0.0625
0 0.42421875 0.553125 0.0625 0.0625
0 0.7765625 0.6109375 0.06171875 0.06484375
0 0.55625 0.2234375 0.06328125 0.0625
0 0.9375 0.2234375 0.0625 0.0625
0 0.81015625 0.775 0.06328125 0.06328125
0 0.96953125 0.278125 0.0609375 0.0625
0 0.74609375 0.33203125 0.06328125 0.06484375
0 0.81015625 0.33515625 0.0625 0.0640625
0 0.809375 0.2265625 0.06328125 0.06171875
0 0.87421875 0.7765625 0.0625 0.0625
0 0.62109375 0.0171875 0.0625 0.034375
0 0.96953125 0.5 0.0609375 0.0625
0 0.36640625 0.11640625 0.0609375 0.0609375
0 0.29453125 0.44609375 0.06328125 0.0640625
0 0.98515625 0.2234375 0.0296875 0.0609375
0 0.175 0.21875 0.06328125 0.06328125
0 0.96875 0.721875 0.06171875 0.0625
0 0.55546875 0.44296875 0.06171875 0.06171875
0 0.8421875 0.16875 0.06171875 0.06484375
0 0.96875 0.39140625 0.06171875 0.0625
0 0.93671875 0.01953125 0.0625 0.0390625
0 0.4890625 0.775 0.06328125 0.06484375
0 0.14453125 0.0546875 0.06328125 0.06328125
0 0.68359375 0.44375 0.0609375 0.0625
0 0.42734375 0.44375 0.06328125 0.0640625
0 0.7140625 0.71875 0.06171875 0.06015625
0 0.4546875 0.834375 0.0640625 0.06328125
0 0.84453125 0.50234375 0.0625 0.06171875
0 0.90546875 0.16875 0.0625 0.06328125
0 0.80703125 0.98515625 0.0625 0.0296875
0 0.13984375 0.2765625 0.06171875 0.0640625
0 0.49453125 0.1140625 0.0625 0.0625
0 0.0484375 0.11484375 0.06171875 0.05859375
0 0.77578125 0.94375 0.06171875 0.0625
0 0.84140625 0.27890625 0.0625 0.06171875
0 0.65390625 0.28046875 0.06328125 0.0625
0 0.77890625 0.39296875 0.06171875 0.06171875
0 0.9859375 0.55703125 0.028125 0.0640625
0 0.26484375 0.38828125 0.0625 0.0625
0 0.68359375 0.22421875 0.0609375 0.06171875
0 0.46171875 0.1671875 0.0625 0.06328125
0 0.96953125 0.17265625 0.0609375 0.0625
0 0.33203125 0.27890625 0.0625 0.0640625
0 0.459375 0.278125 0.0609375 0.06171875
0 0.17734375 0.11171875 0.0640625 0.06328125
0 0.6171875 0.6671875 0.0609375 0.0625
0 0.54921875 0.98359375 0.0640625 0.0328125
0 0.553125 0.6625 0.06171875 0.06171875
0 0.65234375 0.16953125 0.06171875 0.06171875
0 0.6484375 0.72265625 0.0609375 0.0625
0 0.93828125 0.6640625 0.06171875 0.0609375
0 0.74609375 0.228125 0.0609375 0.06015625
0 0.459375 0.3890625 0.0625 0.0625
0 0.42578125 0.33125 0.0625 0.06484375
0 0.2046875 0.1640625 0.06328125 0.0609375
0 0.984375 0.33515625 0.03125 0.0640625
0 0.3328125 0.16796875 0.0609375 0.06171875
0 0.32734375 0.390625 0.06171875 0.0640625
0 0.840625 0.72109375 0.0609375 0.0625
0 0.228125 0.446875 0.0640625 0.06640625
0 0.90546875 0.3921875 0.0609375 0.0625
0 0.490625 0.22265625 0.06171875 0.06171875
0 0.90625 0.50234375 0.06171875 0.06171875
0 0.7765625 0.7171875 0.0609375 0.06015625
0 0.4234375 0.778125 0.0640625 0.065625
0 0.74765625 0.4453125 0.0625 0.0625
0 0.49296875 0.44375 0.0625 0.06171875
0 0.90625 0.71796875 0.06171875 0.0625
0 0.525 0.16875 0.0609375 0.0640625
0 0.05 0.01484375 0.0625 0.0296875
0 0.96953125 0.94140625 0.0609375 0.065625
0 0.32890625 0.50078125 0.06328125 0.06328125
0 0.61953125 0.11640625 0.0625 0.06328125
0 0.13984375 0.16640625 0.06171875 0.0609375
0 0.96875 0.8328125 0.0625 0.0625
0 0.64765625 0.9390625 0.06328125 0.06328125
0 0.23984375 0.11171875 0.0609375 0.06015625
0 0.6484375 0.39296875 0.0609375 0.0609375
0 0.26328125 0.503125 0.0640625 0.06484375
0 0.684375 0.11484375 0.06171875 0.06328125
0 0.39296875 0.3890625 0.0625 0.06328125
0 0.9359375 0.88125 0.06171875 0.06328125
0 0.8078125 0.6671875 0.0609375 0.06171875
0 0.90546875 0.28203125 0.0609375 0.06015625
0 0.48984375 0.6640625 0.0625 0.0625
0 0.9046875 0.93671875 0.0625 0.06171875
0 0.7453125 0.55390625 0.06171875 0.06171875
0 0.52578125 0.05859375 0.0609375 0.06328125
0 0.9859375 0.88515625 0.028125 0.0640625
0 0.98515625 0.4453125 0.0296875 0.0640625
0 0.48828125 0.8875 0.0625 0.06328125
0 0.178125 0.01875 0.0609375 0.0375
0 0.81015625 0.88984375 0.0640625 0.06328125
0 0.02265625 0.0515625 0.0453125 0.0640625
0 0.3015625 0.11640625 0.0625 0.0609375
0 0.90546875 0.82890625 0.0609375 0.0609375
0 0.81171875 0.1125 0.06328125 0.0625
0 0.5875 0.1734375 0.0609375 0.06015625
0 0.3296875 0.61328125 0.0609375 0.0609375
0 0.23515625 0.3375 0.0625 0.0609375
0 0.1703125 0.33203125 0.0625 0.0640625
0 0.7484375 0.11171875 0.0625 0.059375