0 0.38359375 0.66484375 0.059375 0.059375
0 0.228125 0.61484375 0.05859375 0.06015625
0 0.1046875 0.72265625 0.06015625 0.06015625
0 0.22890625 0.7234375 0.059375 0.059375
0 0.50625 0.665625 0.059375 0.06015625
0 0.10390625 0.93359375 0.06015625 0.0609375
0 0.02109375 0.453125 0.0421875 0.0609375
0 0.22734375 0.93203125 0.06015625 0.0625
0 0.290625 0.7234375 0.06015625 0.059375
0 0.84375 0.6125 0.06015625 0.059375
0 0.26015625 0.87890625 0.06015625 0.0609375
0 0.16796875 0.72265625 0.059375 0.059375
0 0.5375 0.50703125 0.06171875 0.0609375
0 0.84296875 0.72109375 0.05859375 0.05859375
0 0.10546875 0.6140625 0.06015625 0.059375
0 0.8765625 0.88046875 0.05859375 0.059375
0 0.13515625 0.7734375 0.0609375 0.0609375
0 0.259375 0.7734375 0.06015625 0.0609375
0 0.53828125 0.934375 0.06015625 0.0609375
0 0.934375 0.45546875 0.06015625 0.06015625
0 0.78359375 0.82109375 0.06015625 0.06171875
0 0.9828125 0.45546875 0.034375 0.059375
0 0.93359375 0.5640625 0.05859375 0.05859375
0 0.7234375 0.93046875 0.06015625 0.0609375
0 0.13671875 0.56640625 0.06015625 0.059375
0 0.690625 0.665625 0.05859375 0.059375
0 0.97109375 0.92265625 0.0578125 0.059375
0 0.56953125 0.88046875 0.059375 0.059375
0 0.5375 0.61484375 0.0609375 0.06015625
0 0.65859375 0.50859375 0.05859375 0.0609375
0 0.2890625 0.6140625 0.0609375 0.059375
0 0.81484375 0.66640625 0.05859375 0.06015625
0 0.38125 0.775 0.059375 0.059375
0 0.9421875 0.97734375 0.059375 0.0453125
0 0.4125 0.40546875 0.0609375 0.0625
0 0.165625 0.93515625 0.059375 0.0609375
0 0.5671875 0.4578125 0.0609375 0.06015625
0 0.66015625 0.60859375 0.059375 0.059375
0 0.8125 0.45625 0.059375 0.0609375
0 0.9859375 0.76796875 0.028125 0.059375
0 0.6265625 0.88046875 0.059375 0.06015625
0 0.41328125 0.934375 0.059375 0.0609375
0 0.3515625 0.93203125 0.06015625 0.0625
0 0.5984375 0.93203125 0.059375 0.0609375
0 0.02109375 0.775 0.0421875 0.0625
0 0.41328125 0.61640625 0.0578125 0.0578125
0 0.07421875 0.88203125 0.06015625 0.059375
0 0.26015625 0.45625 0.0625 0.0609375
0 0.81640625 0.875 0.059375 0.0609375
0 0.6265625 0.56640625 0.059375 0.059375
0 0.875 0.45546875 0.05859375 0.06015625
0 0.8171875 0.97578125 0.0625 0.0484375
0 0.44375 0.88046875 0.06015625 0.059375
0 0.321875 0.88203125 0.0609375 0.0609375
0 0.50546875 0.4578125 0.06015625 0.0625
0 0.07265625 0.775 0.059375 0.06171875
0 0.07265625 0.5640625 0.06015625 0.059375
0 0.3828125 0.459375 0.05859375 0.059375
0 0.6890625 0.4546875 0.059375 0.06015625
0 0.66015625 0.93671875 0.06171875 0.06015625
0 0.13515625 0.88203125 0.05859375 0.059375
0 0.32109375 0.6671875 0.06015625 0.0609375
0 0.1359375 0.66640625 0.0609375 0.0609375
0 0.88125 0.97578125 0.059375 0.0484375
0 0.9390625 0.76953125 0.0609375 0.06171875
0 0.10625 0.5109375 0.06015625 0.06171875
0 0.63203125 0.76875 0.0609375 0.0609375
0 0.50625 0.7703125 0.059375 0.0609375
0 0.6578125 0.40625 0.059375 0.0609375
0 0.5359375 0.72265625 0.059375 0.059375
0 0.16640625 0.5109375 0.059375 0.06015625
0 0.8109375 0.77421875 0.06015625 0.059375
0 0.6609375 0.821875 0.0609375 0.06171875
0 0.0203125 0.56171875 0.040625 0.0609375
0 0.47578125 0.93203125 0.06171875 0.06171875
0 0.44375 0.771875 0.0609375 0.0609375
0 0.07265625 0.66640625 0.06015625 0.06171875
0 0.259375 0.66796875 0.059375 0.0609375
0 0.8453125 0.934375 0.05859375 0.05859375
0 0.56796875 0.56328125 0.0609375 0.0609375
0 0.38203125 0.87890625 0.06015625 0.059375
0 0.96484375 0.5 0.06171875 0.0625
0 0.3203125 0.5609375 0.06015625 0.0609375
0 0.35234375 0.82578125 0.06015625 0.059375
0 0.165625 0.828125 0.05859375 0.059375
0 0.44296875 0.4609375 0.0609375 0.0625
0 0.56875 0.77265625 0.06015625 0.0609375
0 0.56796875 0.665625 0.0609375 0.06015625
0 0.1953125 0.88203125 0.06015625 0.06015625
0 0.1046875 0.82734375 0.059375 0.06015625
0 0.2578125 0.56875 0.05859375 0.059375
0 0.68984375 0.77265625 0.05859375 0.05859375
0 0.72109375 0.61328125 0.06015625 0.06015625
0 0.1953125 0.77578125 0.05859375 0.06015625
0 0.93515625 0.87890625 0.05859375 0.05859375
0 0.75390625 0.66015625 0.059375 0.06015625
0 0.753125 0.453125 0.06171875 0.0625
0 0.78125 0.51171875 0.05859375 0.059375
0 0.475 0.825 0.0609375 0.0609375
0 0.87578125 0.76875 0.06015625 0.0609375
0 0.0421875 0.93359375 0.0609375 0.06171875
0 0.753125 0.76796875 0.0609375 0.06015625
0 0.9015625 0.509375 0.059375 0.0609375
0 0.02109375 0.88046875 0.0421875 0.059375
0 0.50703125 0.878125 0.06015625 0.0609375
0 0.2578125 0.978125 0.0609375 0.04375
0 0.0421875 0.82734375 0.06171875 0.06015625
0 0.6921875 0.5578125 0.0609375 0.06015625
0 0.8734375 0.565625 0.059375 0.059375
0 0.471875 0.5140625 0.059375 0.059375
0 0.78359375 0.72265625 0.05859375 0.05859375
0 0.62734375 0.45703125 0.059375 0.0609375
0 0.721875 0.71796875 0.06015625 0.05859375
0 0.8421875 0.50546875 0.06015625 0.06015625
0 0.38125 0.9796875 0.059375 0.040625
0 0.81328125 0.56015625 0.059375 0.06015625
0 0.04609375 0.40703125 0.06015625 0.0609375
0 0.3515625 0.51015625 0.06015625 0.059375
0 0.0421875 0.61328125 0.0609375 0.0609375
0 0.6296875 0.66875 0.059375 0.05859375
0 0.01953125 0.6625 0.0390625 0.0625
0 0.93671875 0.66796875 0.059375 0.05859375
0 0.196875 0.45859375 0.06015625 0.06015625
0 0.9671875 0.6171875 0.059375 0.059375
0 0.7828125 0.61640625 0.059375 0.059375
0 0.32265625 0.45859375 0.05859375 0.059375
0 0.19765625 0.6703125 0.059375 0.05859375
0 0.3203125 0.9796875 0.059375 0.040625
0 0.71953125 0.4046875 0.06015625 0.0609375
0 0.90703125 0.61328125 0.06015625 0.0609375
0 0.56796875 0.97734375 0.0609375 0.0453125
0 0.69296875 0.978125 0.0609375 0.04375
0 0.6609375 0.715625 0.0578125 0.059375
0 0.784375 0.9296875 0.059375 0.06171875
0 0.4125 0.82734375 0.059375 0.059375
0 0.228125 0.50859375 0.0609375 0.0609375
0 0.19609375 0.9796875 0.059375 0.040625
0 0.13671875 0.46171875 0.06015625 0.06015625
0 0.28828125 0.825 0.06171875 0.0609375
0 0.04296875 0.509375 0.0609375 0.0609375
0 0.9046875 0.9296875 0.05859375 0.059375
0 0.98359375 0.55546875 0.0328125 0.0609375
0 0.4765625 0.71875 0.06015625 0.0609375
0 0.9640625 0.82890625 0.059375 0.059375
0 0.35078125 0.7203125 0.06015625 0.0609375
0 0.71953125 0.50625 0.059375 0.0609375
0 0.50546875 0.56015625 0.06171875 0.06171875
0 0.5390625 0.82734375 0.06015625 0.059375
0 0.69296875 0.86875 0.0625 0.06015625
0 0.6296875 0.978125 0.0609375 0.04375
0 0.2890625 0.93359375 0.0609375 0.0625
0 0.875 0.66796875 0.06015625 0.06015625
0 0.0421875 0.725 0.06015625 0.06015625
0 0.9078125 0.828125 0.0609375 0.06015625
0 0.5046875 0.97890625 0.059375 0.0421875
0 0.59765625 0.615625 0.059375 0.059375
0 0.4734375 0.6140625 0.059375 0.06015625
0 0.44296875 0.978125 0.059375 0.04375
0 0.59765625 0.40390625 0.059375 0.06015625
0 0.16484375 0.621875 0.05859375 0.0578125
0 0.96796875 0.39375 0.06015625 0.06015625
0 0.38359375 0.56015625 0.06015625 0.0609375
0 0.72265625 0.821875 0.05859375 0.06015625
0 0.784375 0.40078125 0.05859375 0.059375
0 0.07578125 0.9796875 0.0578125 0.040625
0 0.34921875 0.409375 0.05859375 0.06015625
0 0.16953125 0.40703125 0.0625 0.06171875
0 0.75234375 0.5640625 0.05703125 0.0578125
0 0.596875 0.828125 0.059375 0.06015625
0 0.078125 0.45703125 0.0609375 0.0609375
0 0.19609375 0.56875 0.06015625 0.0609375
0 0.6 0.71484375 0.059375 0.06015625
0 0.4421875 0.565625 0.05859375 0.0578125
0 0.84609375 0.8265625 0.059375 0.059375
0 0.28984375 0.50859375 0.0609375 0.06015625
0 0.9703125 0.7125 0.059375 0.059375
0 0.22578125 0.83203125 0.05859375 0.0578125
0 0.4140625 0.71640625 0.06015625 0.06015625
0 0.59765625 0.51640625 0.05859375 0.059375
0 0.903125 0.39609375 0.0609375 0.06015625
0 0.84140625 0.40859375 0.0578125 0.06015625
0 0.53671875 0.4015625 0.06015625 0.0609375
0 0.13515625 0.9796875 0.059375 0.040625
0 0.44296875 0.66328125 0.06015625 0.0609375
0 0.90390625 0.715625 0.06015625 0.06015625
0 0.021875 0.98046875 0.04375 0.0390625
0 0.98671875 0.87890625 0.0265625 0.0578125
0 0.475 0.40546875 0.0609375 0.0625
0 0.753125 0.88125 0.0578125 0.059375
0 0.3515625 0.6203125 0.0578125 0.05859375
0 0.41015625 0.5203125 0.05859375 0.0578125
0 0.75078125 0.9796875 0.059375 0.040625
0 0.984375 0.6625 0.03125 0.059375
0 0.28984375 0.41015625 0.059375 0.0609375
0 0.31953125 0.7796875 0.05859375 0.0609375
0 0.1046875 0.40859375 0.059375 0.0609375