0 0.44453125 0.0609375 0.071875 0.0734375
0 0.253125 0.34765625 0.0734375 0.0734375
0 0.2796875 0.07890625 0.0734375 0.071875
0 0.11484375 0.096875 0.0703125 0.0703125
0 0.62734375 0.26171875 0.0734375 0.0734375
0 0.20390625 0.72734375 0.075 0.0765625
0 0.58203125 0.3078125 0.0734375 0.0734375
0 0.1125 0.25859375 0.0734375 0.0734375
0 0.628125 0.0984375 0.0734375 0.0734375
0 0.03828125 0.74453125 0.075 0.075
0 0.41484375 0.328125 0.071875 0.0734375
0 0.1890625 0.496875 0.0703125 0.0703125
0 0.5859375 0.14609375 0.071875 0.071875
0 0.02734375 0.68671875 0.0546875 0.0734375
0 0.2296875 0.45390625 0.0734375 0.071875
0 0.56328125 0.25078125 0.0734375 0.0734375
0 0.48359375 0.17890625 0.0734375 0.0734375
0 0.396875 0.26875 0.071875 0.0734375
0 0.17265625 0.27578125 0.071875 0.071875
0 0.08125 0.6984375 0.075 0.075
0 0.3859375 0.0453125 0.0734375 0.0734375
0 0.23359375 0.28671875 0.0734375 0.0734375
0 0.13046875 0.32109375 0.0734375 0.075
0 0.37421875 0.375 0.071875 0.0734375
0 0.27578125 0.23828125 0.071875 0.071875
0 0.103125 0.59375 0.0734375 0.0734375
0 0.18359375 0.6640625 0.0734375 0.0734375
0 0.5390625 0.35625 0.075 0.075
0 0.0265625 0.85078125 0.053125 0.0734375
0 0.24609375 0.67734375 0.075 0.075
0 0.565625 0.0828125 0.071875 0.0734375
0 0.19921875 0.02109375 0.0734375 0.0421875
0 0.10859375 0.42890625 0.071875 0.071875
0 0.13125 0.16015625 0.071875 0.071875
0 0.32265625 0.034375 0.0734375 0.06875
0 0.353125 0.31796875 0.071875 0.071875
0 0.3 0.13671875 0.0734375 0.075
0 0.25546875 0.1828125 0.0703125 0.071875
0 0.42109375 0.16484375 0.075 0.075
0 0.753125 0.1203125 0.0765625 0.0765625
0 0.08984375 0.2015625 0.071875 0.071875
0 0.16875 0.44140625 0.071875 0.071875
0 0.2953125 0.30234375 0.0734375 0.075
0 0.51953125 0.2984375 0.071875 0.071875
0 0.64765625 0.1546875 0.0734375 0.0734375
0 0.08515625 0.534375 0.071875 0.0734375
0 0.228125 0.61953125 0.0734375 0.075
0 0.20859375 0.39609375 0.071875 0.071875
0 0.08046875 0.86171875 0.0734375 0.0734375
0 0.02890625 0.51953125 0.0578125 0.0734375
0 0.1609375 0.05234375 0.06875 0.06875
0 0.3375 0.25390625 0.071875 0.0734375
0 0.3109375 0.5265625 0.075 0.0734375
0 0.34140625 0.09453125 0.071875 0.071875
0 0.14921875 0.37890625 0.0734375 0.0734375
0 0.61015625 0.04140625 0.071875 0.06875
0 0.16484375 0.60703125 0.0734375 0.075
0 0.134375 0.015625 0.071875 0.03125
0 0.50234375 0.2375 0.0734375 0.0734375
0 0.2609375 0.028125 0.071875 0.05625
0 0.29140625 0.46875 0.075 0.0734375
0 0.015625 0.79375 0.03125 0.075
0 0.18984375 0.334375 0.071875 0.0734375
0 0.50546875 0.07265625 0.0734375 0.0734375
0 0.43984375 0.225 0.071875 0.0734375
0 0.5234375 0.13046875 0.0734375 0.0734375
0 0.20625 0.56015625 0.0734375 0.075
0 0.0609375 0.6375 0.071875 0.0734375
0 0.06640625 0.471875 0.075 0.075
0 0.08671875 0.3671875 0.075 0.0734375
0 0.7765625 0.18125 0.0765625 0.0765625
0 0.671875 0.0546875 0.0734375 0.0671875
0 0.39296875 0.434375 0.075 0.075
0 0.2890625 0.63203125 0.0734375 0.0734375
0 0.54765625 0.03125 0.0703125 0.0625
0 0.11171875 0.040625 0.05 0.065625
0 0.31640625 0.19765625 0.0734375 0.0734375
0 0.40234375 0.10625 0.0734375 0.0734375
0 0.26875 0.57109375 0.0734375 0.071875
0 0.19921875 0.16796875 0.0734375 0.075
0 0.046875 0.4125 0.075 0.075
0 0.15625 0.21328125 0.0734375 0.071875
0 0.04296875 0.578125 0.0734375 0.0734375
0 0.56171875 0.41484375 0.075 0.075
0 0.1609375 0.775 0.0734375 0.0734375
0 0.70859375 0.17265625 0.075 0.075
0 0.5453125 0.1890625 0.0734375 0.0734375
0 0.3328125 0.421875 0.075 0.075
0 0.45859375 0.28203125 0.0734375 0.0734375
0 0.365625 0.01015625 0.071875 0.0203125
0 0.42890625 0.01796875 0.0734375 0.0359375
0 0.35859375 0.153125 0.071875 0.071875
0 0.0640625 0.30859375 0.0734375 0.0734375
0 0.31640625 0.35859375 0.0734375 0.075
0 0.271875 0.4046875 0.0734375 0.071875
0 0.01953125 0.46328125 0.0390625 0.0671875
0 0.00546875 0.56875 0.0109375 0.065625
0 0.12734375 0.48359375 0.075 0.075
0 0.4890625 0.02578125 0.071875 0.0515625
0 0.1421875 0.71328125 0.075 0.0765625
0 0.11953125 0.6546875 0.0734375 0.071875
0 0.0859375 0.1453125 0.046875 0.0671875
0 0.215625 0.06796875 0.071875 0.071875
0 0.3796875 0.2125 0.071875 0.0734375
0 0.2234375 0.78828125 0.075 0.075
0 0.246875 0.51875 0.071875 0.071875
0 0.46328125 0.11875 0.071875 0.0734375
0 0.06015625 0.25234375 0.04375 0.065625
0 0.73515625 0.0671875 0.071875 0.0625
0 0.01953125 0.621875 0.0390625 0.075
0 0.68984375 0.1109375 0.075 0.0734375
0 0.4375 0.38671875 0.0765625 0.0765625
0 0.79296875 0.08125 0.06875 0.0640625
0 0.14765625 0.54609375 0.0765625 0.078125
0 0.0375 0.35625 0.046875 0.0671875
0 0.06015625 0.80390625 0.0734375 0.071875
0 0.34921875 0.48515625 0.071875 0.071875
0 0.496875 0.40390625 0.071875 0.0734375
0 0.4140625 0.4953125 0.0734375 0.0734375
0 0.3484375 0.64609375 0.071875 0.071875
0 0.2140625 0.23125 0.06875 0.06875
0 0.09921875 0.7609375 0.075 0.075
0 0.23828125 0.1234375 0.0734375 0.0734375
0 0.478125 0.33671875 0.0734375 0.071875
0 0.45546875 0.44921875 0.0734375 0.075
0 0.265625 0.7390625 0.0734375 0.075
0 0.1203125 0.81796875 0.071875 0.071875
0 0.32578125 0.590625 0.071875 0.0734375
0 0.728125 0.23046875 0.0765625 0.0765625
0 0.603125 0.36796875 0.075 0.075
0 0.68984375 0.27578125 0.0734375 0.0734375
0 0.64453125 0.3171875 0.071875 0.071875
0 0.3765625 0.5375 0.0765625 0.0765625
0 0.665625 0.2203125 0.071875 0.071875
0 0.81875 0.13359375 0.075 0.075
0 0.60546875 0.20546875 0.0734375 0.075
0 0.140625 0.8765625 0.071875 0.0734375
0 0.175 0.10859375 0.0734375 0.071875
0 0.18125 0.83046875 0.075 0.0734375
0 0.30859375 0.69140625 0.0734375 0.0734375
0 0.3890625 0.603125 0.071875 0.071875
0 0.4390625 0.55234375 0.0734375 0.0734375
0 0.5171875 0.4609375 0.0734375 0.071875
0 0.8578125 0.09453125 0.0703125 0.0609375
0 0.4765625 0.50546875 0.0703125 0.0703125