0 0.96953125 0.09765625 0.0609375 0.0609375
0 0.7765625 0.3140625 0.06171875 0.06328125
0 0.61796875 0.2578125 0.06171875 0.0609375
0 0.65 0.31171875 0.06171875 0.06171875
0 0.83984375 0.31484375 0.06171875 0.0625
0 0.98359375 0.3703125 0.0328125 0.0625
0 0.81015625 0.259375 0.06171875 0.06171875
0 0.903125 0.3140625 0.0625 0.0640625
0 0.77421875 0.5375 0.0609375 0.06015625
0 0.48359375 0.4703125 0.0625 0.06328125
0 0.89765625 0.53515625 0.0609375 0.0609375
0 0.80234375 0.696875 0.06171875 0.06171875
0 0.9265625 0.80859375 0.06328125 0.06328125
0 0.7328125 0.80859375 0.06171875 0.06328125
0 0.65546875 0.09609375 0.0609375 0.0609375
0 0.49375 0.2546875 0.0625 0.0625
0 0.68359375 0.2578125 0.0625 0.0609375
0 0.371875 0.0375 0.0609375 0.06171875
0 0.71796875 0.09765625 0.06015625 0.06015625
0 0.9375 0.04140625 0.0609375 0.0609375
0 0.6453125 0.53125 0.06328125 0.06328125
0 0.8625 0.58671875 0.0625 0.06484375
0 0.93671875 0.153125 0.0609375 0.0640625
0 0.7671875 0.75234375 0.06171875 0.0625
0 0.9671875 0.31640625 0.0609375 0.0625
0 0.459375 0.31015625 0.06328125 0.06484375
0 0.928125 0.5875 0.0625 0.0625
0 0.46328125 0.19921875 0.06171875 0.06171875
0 0.8734375 0.15234375 0.0609375 0.0625
0 0.8921875 0.8671875 0.06171875 0.06328125
0 0.64140625 0.7484375 0.06171875 0.0625
0 0.9609375 0.646875 0.06171875 0.06171875
0 0.71328125 0.3140625 0.06171875 0.06328125
0 0.61328125 0.47421875 0.06171875 0.0625
0 0.42734375 0.25546875 0.06328125 0.06328125
0 0.8953125 0.75 0.06171875 0.06171875
0 0.64296875 0.6421875 0.06171875 0.0625
0 0.62578125 0.03984375 0.06171875 0.0609375
0 0.80546875 0.47578125 0.06171875 0.06171875
0 0.87421875 0.2609375 0.06171875 0.06171875
0 0.7796875 0.09765625 0.06171875 0.0609375
0 0.89296875 0.97109375 0.0640625 0.0578125
0 0.83515625 0.53515625 0.06171875 0.0609375
0 0.9828125 0.4796875 0.034375 0.0625
0 0.90625 0.0984375 0.0625 0.0625
0 0.678125 0.475 0.0625 0.06328125
0 0.7296875 0.91953125 0.0625 0.0625
0 0.93671875 0.2609375 0.0609375 0.0625
0 0.796875 0.81015625 0.06328125 0.06328125
0 0.9796875 0.58984375 0.040625 0.0625
0 0.56015625 0.1484375 0.0609375 0.0625
0 0.87421875 0.04140625 0.06171875 0.0625
0 0.528125 0.20078125 0.06171875 0.0625
0 0.92890625 0.69765625 0.06171875 0.0609375
0 0.653125 0.20390625 0.06171875 0.06171875
0 0.615625 0.365625 0.0609375 0.0625
0 0.80078125 0.5875 0.06171875 0.0640625
0 0.96328125 0.53359375 0.0640625 0.0625
0 0.40234375 0.090625 0.06171875 0.06328125
0 0.49921875 0.040625 0.059375 0.0609375
0 0.83125 0.7515625 0.0625 0.0625
0 0.55625 0.25859375 0.06015625 0.06015625
0 0.6859375 0.14765625 0.06171875 0.0625
0 0.83828125 0.42265625 0.06171875 0.0625
0 0.73828125 0.58671875 0.0609375 0.06328125
0 0.809375 0.371875 0.0609375 0.0609375
0 0.525 0.30859375 0.06171875 0.06328125
0 0.51953125 0.4171875 0.0625 0.0625
0 0.8296875 0.86640625 0.06328125 0.0625
0 0.98515625 0.04296875 0.0296875 0.0609375
0 0.96015625 0.753125 0.06171875 0.06171875
0 0.61171875 0.696875 0.05859375 0.05859375
0 0.43671875 0.03828125 0.0625 0.0625
0 0.984375 0.153125 0.03125 0.0609375
0 0.61015625 0.58515625 0.06328125 0.06484375
0 0.56171875 0.03828125 0.06171875 0.0609375
0 0.8109375 0.04140625 0.06171875 0.06171875
0 0.30859375 0.0375 0.06171875 0.06328125
0 0.5484375 0.47421875 0.06328125 0.0625
0 0.74296875 0.47890625 0.06171875 0.0625
0 0.621875 0.14765625 0.06015625 0.06328125
0 0.87109375 0.3734375 0.06171875 0.06171875
0 0.775 0.42109375 0.06171875 0.06171875
0 0.5859375 0.31171875 0.0609375 0.06328125
0 0.74921875 0.15 0.06171875 0.06328125
0 0.33359375 0.196875 0.0625 0.0625
0 0.5828125 0.4203125 0.0609375 0.0625
0 0.93203125 0.47890625 0.0625 0.0625
0 0.67890625 0.36875 0.0625 0.06328125
0 0.3703125 0.14609375 0.06328125 0.06328125
0 0.7484375 0.04140625 0.06171875 0.06171875
0 0.45625 0.41796875 0.05859375 0.05859375
0 0.9046875 0.209375 0.06171875 0.0609375
0 0.89765625 0.64765625 0.0609375 0.0609375
0 0.82578125 0.97265625 0.0640625 0.0546875
0 0.96796875 0.2078125 0.06171875 0.0609375
0 0.70625 0.75 0.06328125 0.06328125
0 0.84296875 0.20390625 0.0609375 0.06015625
0 0.9 0.421875 0.0609375 0.06328125
0 0.490625 0.3625 0.0625 0.0625
0 0.67578125 0.5859375 0.06328125 0.06328125
0 0.98515625 0.2609375 0.0296875 0.0609375
0 0.95859375 0.971875 0.0640625 0.05625
0 0.646875 0.42265625 0.06171875 0.06171875
0 0.71171875 0.421875 0.0625 0.06328125
0 0.590625 0.203125 0.06171875 0.06171875
0 0.67109375 0.8078125 0.06171875 0.0640625
0 0.5796875 0.64609375 0.06171875 0.05859375
0 0.33671875 0.09140625 0.0609375 0.0609375
0 0.71640625 0.20625 0.0609375 0.06171875
0 0.24609375 0.0375 0.06171875 0.06171875
0 0.77890625 0.20546875 0.06015625 0.0609375
0 0.43203125 0.14765625 0.0625 0.06328125
0 0.465625 0.09296875 0.0609375 0.0625
0 0.5296875 0.09140625 0.06171875 0.0625
0 0.79609375 0.91953125 0.0625 0.0625
0 0.98125 0.6984375 0.0375 0.0625
0 0.3984375 0.20078125 0.0625 0.0625
0 0.86328125 0.81015625 0.0625 0.0640625
0 0.9796875 0.809375 0.040625 0.0609375
0 0.70859375 0.64296875 0.0640625 0.06328125
0 0.965625 0.42421875 0.0625 0.06328125
0 0.553125 0.36796875 0.06015625 0.06171875
0 0.746875 0.2609375 0.06171875 0.0625
0 0.9796875 0.9203125 0.040625 0.0625
0 0.95703125 0.8625 0.0625 0.06484375
0 0.7359375 0.6953125 0.06328125 0.0609375
0 0.496875 0.146875 0.0625 0.06171875
0 0.59296875 0.09296875 0.0609375 0.06171875
0 0.8640625 0.69921875 0.0609375 0.06171875
0 0.86875 0.48046875 0.0609375 0.0609375
0 0.85859375 0.921875 0.06171875 0.0640625
0 0.759375 0.97265625 0.0640625 0.0546875
0 0.58125 0.528125 0.0625 0.06328125
0 0.68671875 0.04609375 0.05859375 0.059375
0 0.7453125 0.36875 0.0609375 0.0609375
0 0.67109375 0.69765625 0.06171875 0.0609375
0 0.77109375 0.64296875 0.0609375 0.06015625
0 0.42421875 0.365625 0.06171875 0.06171875
0 0.92421875 0.9203125 0.0625 0.06328125
0 0.9328125 0.36796875 0.06171875 0.0609375
0 0.2765625 0.09375 0.0609375 0.0609375
0 0.515625 0.528125 0.06328125 0.06328125
0 0.39609375 0.309375 0.06171875 0.06328125
0 0.8125 0.153125 0.0625 0.06171875
0 0.84375 0.09375 0.06171875 0.0625
0 0.709375 0.5375 0.06171875 0.0625
0 0.5453125 0.5828125 0.06328125 0.06484375
0 0.8328125 0.64765625 0.0625 0.0609375
0 0.30625 0.14140625 0.0609375 0.06015625
0 0.76640625 0.86875 0.0625 0.0609375
0 0.7015625 0.86328125 0.0625 0.0640625
0 0.3640625 0.2578125 0.059375 0.059375