0 0.346875 0.084375 0.059375 0.0609375
0 0.225 0.40703125 0.0609375 0.06171875
0 0.190625 0.1390625 0.0609375 0.06015625
0 0.034375 0.19375 0.05859375 0.059375
0 0.5703125 0.2390625 0.06171875 0.0609375
0 0.2625 0.78828125 0.0625 0.0640625
0 0.53671875 0.29453125 0.0609375 0.06171875
0 0.06796875 0.35234375 0.06171875 0.06171875
0 0.534375 0.0796875 0.06171875 0.0609375
0 0.10546875 0.8421875 0.06171875 0.06328125
0 0.378125 0.3515625 0.06015625 0.06171875
0 0.19609375 0.5671875 0.05859375 0.059375
0 0.50390625 0.1359375 0.06015625 0.059375
0 0.0734375 0.78984375 0.06015625 0.06171875
0 0.0203125 0.78984375 0.040625 0.0625
0 0.2265625 0.515625 0.0609375 0.06015625
0 0.50546875 0.24296875 0.0609375 0.06171875
0 0.41171875 0.190625 0.0609375 0.06171875
0 0.34765625 0.29765625 0.059375 0.0609375
0 0.13046875 0.35546875 0.06015625 0.06015625
0 0.13671875 0.7875 0.0625 0.0625
0 0.28671875 0.0828125 0.0609375 0.06171875
0 0.1921875 0.35234375 0.06171875 0.0609375
0 0.1 0.40859375 0.0609375 0.0625
0 0.34921875 0.40625 0.059375 0.0609375
0 0.22265625 0.2953125 0.06015625 0.059375
0 0.134375 0.68046875 0.0609375 0.06171875
0 0.22890625 0.73125 0.0609375 0.06171875
0 0.50546875 0.3515625 0.0625 0.0625
0 0.10703125 0.9515625 0.0625 0.06171875
0 0.2921875 0.7296875 0.0625 0.0625
0 0.4703125 0.07890625 0.06015625 0.0609375
0 0.096875 0.0859375 0.06171875 0.0609375
0 0.10234375 0.51875 0.06015625 0.06015625
0 0.0640625 0.2515625 0.059375 0.059375
0 0.22265625 0.084375 0.0609375 0.06171875
0 0.315625 0.35546875 0.059375 0.06015625
0 0.2234375 0.19140625 0.0609375 0.0625
0 0.06796875 0.02890625 0.0609375 0.0578125
0 0.190625 0.24609375 0.05859375 0.0609375
0 0.34765625 0.19140625 0.0625 0.0625
0 0.19140625 0.03046875 0.06015625 0.0609375
0 0.6609375 0.0734375 0.06328125 0.06328125
0 0.03359375 0.3015625 0.059375 0.06015625
0 0.1640625 0.5171875 0.06015625 0.06015625
0 0.25625 0.353125 0.06171875 0.0625
0 0.4734375 0.29921875 0.059375 0.059375
0 0.56640625 0.13046875 0.0609375 0.06171875
0 0.103125 0.6265625 0.06015625 0.0609375
0 0.26171875 0.67734375 0.06171875 0.0625
0 0.19296875 0.4640625 0.059375 0.06015625
0 0.17265625 0.946875 0.0609375 0.0609375
0 0.03828125 0.62734375 0.0609375 0.06171875
0 0.06875 0.13984375 0.0578125 0.0578125
0 0.0421875 0.84765625 0.06171875 0.0625
0 0.2859375 0.296875 0.06015625 0.06171875
0 0.321875 0.56875 0.0625 0.06171875
0 0.25390625 0.140625 0.06015625 0.059375
0 0.13125 0.4609375 0.0609375 0.06171875
0 0.50390625 0.028125 0.0609375 0.05625
0 0.19765625 0.6796875 0.0609375 0.06328125
0 0.03046875 0.090625 0.059375 0.059375
0 0.44296875 0.24375 0.0609375 0.06171875
0 0.04453125 0.953125 0.0609375 0.06171875
0 0.159375 0.0859375 0.06015625 0.06171875
0 0.28984375 0.51640625 0.0625 0.06171875
0 0.0734375 0.90078125 0.06171875 0.0625
0 0.1609375 0.40859375 0.06015625 0.0609375
0 0.409375 0.08203125 0.0609375 0.0609375
0 0.3796875 0.2453125 0.06015625 0.0609375
0 0.43984375 0.134375 0.0609375 0.0609375
0 0.22734375 0.625 0.0609375 0.0625
0 0.103125 0.7328125 0.06015625 0.0609375
0 0.07109375 0.5703125 0.06328125 0.06171875
0 0.0671875 0.46328125 0.0625 0.06171875
0 0.69765625 0.12734375 0.0640625 0.06328125
0 0.5671875 0.02734375 0.0625 0.0546875
0 0.38125 0.46015625 0.0625 0.0625
0 0.32421875 0.67578125 0.0609375 0.06171875
0 0.015625 0.0375 0.03125 0.059375
0 0.440625 0.02890625 0.059375 0.0578125
0 0.01875 0.13984375 0.0375 0.059375
0 0.253125 0.246875 0.06171875 0.0609375
0 0.31640625 0.13828125 0.0609375 0.06171875
0 0.290625 0.62109375 0.0609375 0.06015625
0 0.13203125 0.24453125 0.0609375 0.0625
0 0.0390625 0.51640625 0.0625 0.06328125
0 0.10078125 0.29765625 0.06171875 0.06015625
0 0.071875 0.67890625 0.0609375 0.0609375
0 0.540625 0.403125 0.06328125 0.0625
0 0.23125 0.84453125 0.0609375 0.06171875
0 0.6296875 0.134375 0.0625 0.0625
0 0.47421875 0.18671875 0.06171875 0.06171875
0 0.31953125 0.46171875 0.0625 0.06328125
0 0.4109375 0.296875 0.06171875 0.0609375
0 0.25390625 0.02890625 0.0609375 0.0578125
0 0.31875 0.0296875 0.0609375 0.059375
0 0.284375 0.19375 0.06015625 0.06015625
0 0.03203125 0.41171875 0.06171875 0.0609375
0 0.2890625 0.40390625 0.0609375 0.0625
0 0.25625 0.45859375 0.0609375 0.06015625
0 0.01875 0.5734375 0.0375 0.0609375
0 0.0171875 0.6828125 0.034375 0.059375
0 0.13359375 0.56796875 0.06171875 0.06328125
0 0.38046875 0.03046875 0.06015625 0.06015625
0 0.19921875 0.78828125 0.0625 0.0640625
0 0.1640625 0.7359375 0.0609375 0.06015625
0 0.0171875 0.24765625 0.034375 0.0609375
0 0.12578125 0.14296875 0.06015625 0.059375
0 0.01953125 0.9 0.0390625 0.0609375
0 0.31796875 0.246875 0.06015625 0.06171875
0 0.2953125 0.84296875 0.06328125 0.06171875
0 0.2578125 0.575 0.06015625 0.059375
0 0.378125 0.13671875 0.06015625 0.0609375
0 0.015625 0.3578125 0.03125 0.0609375
0 0.63203125 0.025 0.0625 0.05
0 0.04296875 0.73125 0.0625 0.0625
0 0.12890625 0.03203125 0.059375 0.06015625
0 0.59765625 0.078125 0.0625 0.06171875
0 0.41328125 0.40390625 0.0640625 0.0640625
0 0.69140625 0.02578125 0.059375 0.0515625
0 0.1671875 0.62421875 0.06328125 0.06484375
0 0.0171875 0.4640625 0.034375 0.0609375
0 0.13984375 0.8953125 0.0609375 0.059375
0 0.35 0.51953125 0.059375 0.06015625
0 0.475 0.40703125 0.06015625 0.06171875
0 0.41484375 0.51484375 0.06171875 0.0609375
0 0.38515625 0.6765625 0.06015625 0.059375
0 0.1609375 0.30234375 0.0578125 0.0578125
0 0.16796875 0.84453125 0.0625 0.0625
0 0.16015625 0.1921875 0.0609375 0.0609375
0 0.4421875 0.34609375 0.0609375 0.06015625
0 0.4453125 0.46015625 0.06171875 0.0625
0 0.32578125 0.7859375 0.06171875 0.0625
0 0.2015625 0.8953125 0.06015625 0.06015625
0 0.35078125 0.62734375 0.06015625 0.0609375
0 0.66171875 0.1859375 0.0640625 0.0640625
0 0.57109375 0.3484375 0.0625 0.0625
0 0.634375 0.2390625 0.0609375 0.0609375
0 0.6 0.2890625 0.06015625 0.059375
0 0.38828125 0.5640625 0.06328125 0.0640625
0 0.5984375 0.190625 0.06015625 0.06015625
0 0.728125 0.07109375 0.06328125 0.0625
0 0.53671875 0.1890625 0.0609375 0.06328125
0 0.234375 0.94765625 0.06015625 0.0609375
0 0.0953125 0.19140625 0.06171875 0.06015625
0 0.2640625 0.89375 0.06328125 0.0609375
0 0.35625 0.7296875 0.06171875 0.06171875
0 0.41484375 0.62578125 0.06015625 0.06015625
0 0.45234375 0.56484375 0.06171875 0.06171875
0 0.5078125 0.4578125 0.06171875 0.06015625
0 0.75703125 0.02421875 0.0609375 0.0484375
0 0.478125 0.5109375 0.059375 0.05859375