0 0.02109375 0.9765625 0.0421875 0.046875
0 0.934375 0.978125 0.059375 0.04375
0 0.4125 0.93671875 0.0609375 0.0625
0 0.5671875 0.9796875 0.0609375 0.040625
0 0.8125 0.97890625 0.059375 0.0421875
0 0.26015625 0.978125 0.0625 0.04375
0 0.875 0.978125 0.059375 0.04375
0 0.50546875 0.97890625 0.059375 0.0421875
0 0.3828125 0.98046875 0.059375 0.0390625
0 0.6890625 0.978125 0.059375 0.04375
0 0.6578125 0.9375 0.059375 0.0609375
0 0.44296875 0.98046875 0.0609375 0.0390625
0 0.753125 0.9765625 0.0609375 0.046875
0 0.62734375 0.97890625 0.059375 0.0421875
0 0.04609375 0.93828125 0.06015625 0.0609375
0 0.196875 0.9796875 0.059375 0.040625
0 0.32265625 0.9796875 0.059375 0.040625
0 0.71953125 0.9359375 0.06015625 0.0609375
0 0.13671875 0.98125 0.059375 0.0375
0 0.59765625 0.93515625 0.059375 0.06015625
0 0.96796875 0.925 0.06015625 0.06015625
0 0.784375 0.93203125 0.05859375 0.059375
0 0.34921875 0.940625 0.05859375 0.06015625
0 0.16953125 0.93828125 0.0625 0.06171875
0 0.078125 0.97890625 0.0609375 0.0421875
0 0.903125 0.92734375 0.0609375 0.06015625
0 0.84140625 0.93984375 0.0578125 0.06015625
0 0.53671875 0.9328125 0.06015625 0.0609375
0 0.475 0.93671875 0.0609375 0.0625
0 0.28984375 0.94140625 0.059375 0.0609375
0 0.1046875 0.93984375 0.059375 0.0609375