0 0.76953125 0.0875 0.0625 0.0625
0 0.61796875 0.02890625 0.0625 0.0515625
0 0.6296875 0.29453125 0.065625 0.065625
0 0.871875 0.52578125 0.0640625 0.0640625
0 0.9234375 0.15078125 0.0625 0.0640625
0 0.79765625 0.1421875 0.0625 0.0640625
0 0.76015625 0.303125 0.0625 0.0640625
0 0.97109375 0.36953125 0.0578125 0.0640625
0 0.6453125 0.08125 0.0640625 0.0640625
0 0.90078125 0.5828125 0.0625 0.0640625
0 0.83359375 0.090625 0.0640625 0.0625
0 0.91015625 0.365625 0.0640625 0.0640625
0 0.93515625 0.5296875 0.0640625 0.0640625
0 0.9671875 0.8578125 0.0421875 0.0671875
0 0.9734375 0.746875 0.0375 0.0640625
0 0.74375 0.5234375 0.0640625 0.065625
0 0.9484375 0.80234375 0.065625 0.065625
0 0.91875 0.25859375 0.0625 0.0625
0 0.828125 0.20234375 0.0625 0.0625
0 0.878125 0.4203125 0.0625 0.0640625
0 0.671875 0.134375 0.0640625 0.0640625
0 0.80703125 0.5234375 0.065625 0.065625
0 0.68046875 0.03203125 0.0625 0.053125
0 0.75234375 0.4078125 0.0640625 0.0640625
0 0.82109375 0.3046875 0.0640625 0.0640625
0 0.98046875 0.0453125 0.0390625 0.059375
0 0.515625 0.07265625 0.0625 0.0640625
0 0.60078125 0.2375 0.0625 0.065625
0 0.71328125 0.46015625 0.0640625 0.065625
0 0.92890625 0.63671875 0.0640625 0.065625
0 0.7078125 0.08359375 0.0640625 0.0625
0 0.55390625 0.0265625 0.0640625 0.0515625
0 0.97578125 0.15234375 0.0484375 0.0640625
0 0.946875 0.31171875 0.0625 0.0625
0 0.984375 0.53359375 0.03125 0.0640625
0 0.965625 0.5859375 0.0640625 0.0640625
0 0.94140625 0.421875 0.0640625 0.0640625
0 0.76484375 0.1953125 0.0625 0.0640625
0 0.85859375 0.146875 0.0640625 0.0640625
0 0.7421875 0.03515625 0.0625 0.05625
0 0.92890625 0.04375 0.0609375 0.059375
0 0.8375 0.58046875 0.0640625 0.065625
0 0.63828125 0.18828125 0.0640625 0.0640625
0 0.88515625 0.30859375 0.0625 0.0609375
0 0.7765625 0.4640625 0.065625 0.065625
0 0.85703125 0.740625 0.0640625 0.0640625
0 0.7359375 0.13828125 0.0625 0.0640625
0 0.73125 0.2484375 0.0640625 0.065625
0 0.90546875 0.47421875 0.0640625 0.0640625
0 0.8953125 0.69140625 0.065625 0.065625
0 0.69609375 0.30078125 0.0640625 0.0640625
0 0.815625 0.4140625 0.0625 0.065625
0 0.96328125 0.965625 0.04375 0.0609375
0 0.9890625 0.3125 0.021875 0.0625
0 0.665625 0.24609375 0.065625 0.0640625
0 0.8890625 0.2046875 0.0625 0.0625
0 0.896875 0.0953125 0.0640625 0.0640625
0 0.86640625 0.04140625 0.0609375 0.059375
0 0.609375 0.13359375 0.0640625 0.0640625
0 0.95859375 0.1 0.0625 0.0625
0 0.95078125 0.21015625 0.0609375 0.0625
0 0.85625 0.25625 0.0625 0.0640625
0 0.86328125 0.63515625 0.0625 0.0625
0 0.775 0.578125 0.0640625 0.0640625
0 0.5796875 0.07421875 0.0640625 0.065625
0 0.95703125 0.6953125 0.0640625 0.065625
0 0.978125 0.640625 0.0359375 0.0640625
0 0.92109375 0.746875 0.0640625 0.0640625
0 0.96875 0.47578125 0.0625 0.0640625
0 0.7015625 0.190625 0.0640625 0.0640625
0 0.8046875 0.0390625 0.0625 0.059375
0 0.66171875 0.353125 0.0640625 0.065625
0 0.84453125 0.47265625 0.0625 0.0625
0 0.57109375 0.18046875 0.065625 0.0640625
0 0.7953125 0.25234375 0.0625 0.0640625
0 0.990625 0.2078125 0.01875 0.0625
0 0.94140625 0.9125 0.0640625 0.0640625
0 0.7890625 0.3578125 0.0625 0.0625
0 0.4890625 0.025 0.0625 0.05
0 0.803125 0.6359375 0.0625 0.0625
0 0.91484375 0.85546875 0.0640625 0.065625
0 0.9859375 0.42421875 0.028125 0.0640625
0 0.84921875 0.35859375 0.0609375 0.0625
0 0.54609375 0.1296875 0.0625 0.0625
0 0.83125 0.684375 0.0625 0.0625
0 0.725 0.35390625 0.0640625 0.0640625
0 0.97421875 0.2625 0.0515625 0.0625
0 0.68828125 0.40390625 0.065625 0.0625
0 0.88515625 0.80234375 0.0609375 0.0609375