0 0.28359375 0.11328125 0.06875 0.06875
0 0.2140625 0.4515625 0.0703125 0.0703125
0 0.13828125 0.1921875 0.0703125 0.06875
0 0.0125 0.26953125 0.025 0.0671875
0 0.52890625 0.23125 0.0703125 0.0703125
0 0.31015625 0.821875 0.071875 0.0734375
0 0.50390625 0.29140625 0.0703125 0.0703125
0 0.05 0.421875 0.0703125 0.0703125
0 0.46796875 0.0796875 0.0703125 0.0703125
0 0.1640625 0.9 0.0703125 0.071875
0 0.35625 0.37265625 0.06875 0.0703125
0 0.21015625 0.6140625 0.0671875 0.0671875
0 0.446875 0.13984375 0.06875 0.06875
0 0.12421875 0.853125 0.06875 0.0703125
0 0.071875 0.8609375 0.05 0.06875
0 0.23203125 0.55859375 0.0703125 0.06875
0 0.46484375 0.2453125 0.0703125 0.0703125
0 0.3640625 0.20859375 0.0703125 0.0703125
0 0.31796875 0.32421875 0.06875 0.06875
0 0.1125 0.41484375 0.06875 0.06875
0 0.1859375 0.840625 0.071875 0.071875
0 0.22421875 0.12109375 0.0703125 0.0703125
0 0.17265625 0.40234375 0.0703125 0.0703125
0 0.090625 0.47265625 0.0703125 0.071875
0 0.33671875 0.43125 0.06875 0.06875
0 0.19375 0.34140625 0.06875 0.06875
0 0.1671875 0.73515625 0.0703125 0.0703125
0 0.26875 0.77109375 0.0703125 0.0703125
0 0.48203125 0.35234375 0.071875 0.071875
0 0.1828125 0.9859375 0.071875 0.028125
0 0.33046875 0.759375 0.071875 0.071875
0 0.4046875 0.0890625 0.06875 0.0703125
0 0.03671875 0.15390625 0.0703125 0.0703125
0 0.11015625 0.58046875 0.06875 0.06875
0 0.03203125 0.32265625 0.0640625 0.0671875
0 0.1609375 0.1328125 0.0703125 0.0703125
0 0.2953125 0.3859375 0.06875 0.06875
0 0.17890625 0.23828125 0.0703125 0.071875
0 0.01640625 0.10234375 0.0328125 0.0671875
0 0.1546875 0.29765625 0.0671875 0.06875
0 0.3015625 0.21875 0.071875 0.071875
0 0.121875 0.084375 0.06875 0.0703125
0 0.5921875 0.053125 0.071875 0.071875
0 0.02109375 0.3765625 0.0421875 0.06875
0 0.17109375 0.56953125 0.06875 0.06875
0 0.2359375 0.39296875 0.0703125 0.071875
0 0.4421875 0.30546875 0.0671875 0.0671875
0 0.5078125 0.125 0.0703125 0.0703125
0 0.128125 0.68671875 0.06875 0.0703125
0 0.2921875 0.7125 0.0703125 0.071875
0 0.19140625 0.5125 0.06875 0.06875
0 0.24609375 0.97890625 0.0703125 0.0421875
0 0.0640625 0.69765625 0.0703125 0.0703125
0 0.025 0.2109375 0.05 0.065625
0 0.10234375 0.91484375 0.0703125 0.071875
0 0.25703125 0.3328125 0.06875 0.0703125
0 0.33515625 0.59609375 0.071875 0.0703125
0 0.20078125 0.18359375 0.06875 0.06875
0 0.1296875 0.51875 0.0703125 0.0703125
0 0.4296875 0.03359375 0.06875 0.065625
0 0.2296875 0.725 0.0703125 0.071875
0 0.40390625 0.25546875 0.0703125 0.0703125
0 0.12109375 0.99140625 0.0703125 0.0171875
0 0.0984375 0.14453125 0.06875 0.0703125
0 0.2953125 0.54921875 0.071875 0.0703125
0 0.14140625 0.9625 0.0703125 0.071875
0 0.15078125 0.4625 0.06875 0.0703125
0 0.3453125 0.1015625 0.0703125 0.0703125
0 0.34140625 0.2671875 0.06875 0.0703125
0 0.38359375 0.1484375 0.0703125 0.0703125
0 0.25 0.66640625 0.0703125 0.071875
0 0.14453125 0.7921875 0.06875 0.0703125
0 0.0875 0.63671875 0.071875 0.0703125
0 0.06640625 0.53125 0.071875 0.0703125
0 0.63671875 0.10078125 0.0734375 0.071875
0 0.49140625 0.02734375 0.0703125 0.0546875
0 0.3765625 0.47890625 0.071875 0.071875
0 0.35390625 0.70078125 0.0703125 0.0703125
0 0.36796875 0.04375 0.0671875 0.065625
0 0.21640625 0.28828125 0.0703125 0.0703125
0 0.26171875 0.17109375 0.0703125 0.0703125
0 0.3125 0.65234375 0.0703125 0.06875
0 0.096875 0.30546875 0.0703125 0.071875
0 0.04765625 0.58828125 0.071875 0.071875
0 0.07421875 0.3625 0.0703125 0.06875
0 0.10546875 0.74375 0.0703125 0.0703125
0 0.525 0.39765625 0.071875 0.071875
0 0.28828125 0.88203125 0.0703125 0.0703125
0 0.57109375 0.11875 0.071875 0.071875
0 0.42578125 0.19453125 0.0703125 0.0703125
0 0.315625 0.490625 0.071875 0.071875
0 0.38046875 0.31328125 0.0703125 0.0703125
0 0.18359375 0.0734375 0.06875 0.0671875
0 0.24765625 0.0640625 0.06875 0.06875
0 0.2390625 0.23125 0.06875 0.06875
0 0.0296875 0.48515625 0.059375 0.0703125
0 0.2765625 0.43828125 0.0703125 0.071875
0 0.253125 0.496875 0.0703125 0.06875
0 0.0359375 0.64765625 0.046875 0.065625
0 0.0515625 0.75625 0.04375 0.0640625
0 0.1484375 0.62421875 0.0703125 0.071875
0 0.30859375 0.0546875 0.06875 0.06875
0 0.24765625 0.83203125 0.071875 0.0734375
0 0.20546875 0.7859375 0.0703125 0.06875
0 0.07421875 0.20625 0.06875 0.06875
0 0.08828125 0.96875 0.0484375 0.0625
0 0.28046875 0.278125 0.06875 0.0703125
0 0.3515625 0.87109375 0.071875 0.0703125
0 0.27265625 0.61171875 0.06875 0.06875
0 0.32265625 0.16015625 0.06875 0.0703125
0 0.009375 0.434375 0.01875 0.065625
0 0.55546875 0.01953125 0.0703125 0.0390625
0 0.08515625 0.8 0.071875 0.071875
0 0.06015625 0.09609375 0.06875 0.06875
0 0.53046875 0.06796875 0.071875 0.0703125
0 0.39921875 0.41875 0.0734375 0.0734375
0 0.61484375 0.015625 0.0671875 0.03125
0 0.190625 0.675 0.071875 0.0734375
0 0.01953125 0.5390625 0.0390625 0.065625
0 0.20625 0.946875 0.06875 0.06875
0 0.3546875 0.54296875 0.06875 0.06875
0 0.4609375 0.41171875 0.06875 0.0703125
0 0.41796875 0.528125 0.0703125 0.0703125
0 0.4140625 0.6921875 0.06875 0.06875
0 0.134375 0.3578125 0.065625 0.065625
0 0.22578125 0.8921875 0.071875 0.071875
0 0.11640625 0.24921875 0.0703125 0.0703125
0 0.41875 0.35703125 0.0703125 0.06875
0 0.43984375 0.46953125 0.0703125 0.071875
0 0.37265625 0.809375 0.0703125 0.071875
0 0.2671875 0.9375 0.06875 0.06875
0 0.37265625 0.64921875 0.06875 0.0703125
0 0.6109375 0.16484375 0.0734375 0.0734375
0 0.546875 0.3390625 0.071875 0.071875
0 0.5921875 0.22109375 0.0703125 0.0703125
0 0.565625 0.27578125 0.06875 0.06875
0 0.4 0.58046875 0.071875 0.0734375
0 0.54921875 0.17890625 0.06875 0.06875
0 0.65859375 0.040625 0.071875 0.071875
0 0.4875 0.1875 0.0703125 0.071875
0 0.3078125 0.97421875 0.06875 0.0515625
0 0.05234375 0.25859375 0.0703125 0.06875
0 0.32890625 0.92578125 0.071875 0.0703125
0 0.39375 0.74921875 0.0703125 0.0703125
0 0.4359375 0.6375 0.06875 0.06875
0 0.46328125 0.571875 0.0703125 0.0703125
0 0.50078125 0.45703125 0.0703125 0.06875
0 0.67890625 0.009375 0.0671875 0.01875
0 0.48046875 0.5140625 0.0671875 0.0671875