0 0.465625 0.97578125 0.059375 0.0484375
0 0.7375 0.9125 0.0609375 0.0625
0 0.34296875 0.9765625 0.0609375 0.046875
0 0.40546875 0.97578125 0.0609375 0.0484375
0 0.040625 0.98515625 0.05 0.0296875
0 0.678125 0.9140625 0.0609375 0.0625
0 0.22109375 0.978125 0.0609375 0.04375
0 0.62109375 0.915625 0.0609375 0.0640625
0 0.1859375 0.9328125 0.0625 0.0625
0 0.159375 0.97890625 0.0625 0.0421875
0 0.52734375 0.97265625 0.0625 0.0546875
0 0.771875 0.9625 0.0609375 0.0578125
0 0.0609375 0.9359375 0.0609375 0.0625
0 0.371875 0.928125 0.0625 0.0625
0 0.5875 0.9734375 0.0609375 0.0484375
0 0.49453125 0.925 0.0625 0.0625
0 0.65 0.96953125 0.059375 0.053125
0 0.30859375 0.93359375 0.0609375 0.0625
0 0.278125 0.9796875 0.059375 0.040625
0 0.24609375 0.9390625 0.059375 0.059375
0 0.709375 0.96640625 0.0609375 0.0546875
0 0.43359375 0.92578125 0.0609375 0.0609375
0 0.7984375 0.90859375 0.0625 0.0640625
0 0.55625 0.92109375 0.0625 0.0640625
0 0.8625 0.91171875 0.0640625 0.065625
0 0.1203125 0.93828125 0.0609375 0.0625
0 0.8921875 0.96484375 0.0625 0.0453125
0 0.83046875 0.9640625 0.0625 0.0515625
0 0.925 0.90703125 0.0640625 0.0640625
0 0.0921875 0.98671875 0.059375 0.0265625