0 0.9 0.02890625 0.0609375 0.0453125
0 0.9640625 0.0296875 0.0625 0.0453125
0 0.80546875 0.07421875 0.0625 0.0625
0 0.89296875 0.2359375 0.0625 0.0625
0 0.8984375 0.12421875 0.0609375 0.0609375
0 0.93125 0.07578125 0.0609375 0.0609375
0 0.9796875 0.075 0.040625 0.0625
0 0.925 0.17890625 0.0640625 0.0640625
0 0.95859375 0.12734375 0.0609375 0.0625
0 0.83828125 0.02734375 0.0609375 0.0453125
0 0.8625 0.17890625 0.0625 0.0640625
0 0.7984375 0.1796875 0.0609375 0.0609375
0 0.86796875 0.07265625 0.0609375 0.0625
0 0.978125 0.184375 0.04375 0.0625
0 0.8828125 0.33515625 0.0625 0.0625
0 0.77578125 0.025 0.0640625 0.0421875
0 0.9234375 0.28359375 0.0625 0.0625
0 0.834375 0.1234375 0.0640625 0.0625
0 0.97734375 0.2890625 0.0453125 0.0625
0 0.85546875 0.28359375 0.0625 0.0609375
0 0.971875 0.39140625 0.05625 0.0640625
0 0.9859375 0.559375 0.028125 0.0609375
0 0.73984375 0.065625 0.065625 0.0640625
0 0.771875 0.125 0.0625 0.0625
0 0.934375 0.43828125 0.0671875 0.065625
0 0.8296875 0.23046875 0.0625 0.0625
0 0.95 0.3375 0.0625 0.0609375
0 0.70859375 0.021875 0.0625 0.0375
0 0.971875 0.50546875 0.05625 0.0609375
0 0.96171875 0.246875 0.0625 0.0625
0 0.91171875 0.3875 0.0609375 0.059375