0 0.11484375 0.75234375 0.075 0.075
0 0.9515625 0.109375 0.06875 0.0484375
0 0.6015625 0.0734375 0.0734375 0.0734375
0 0.47734375 0.6078125 0.075 0.075
0 0.55078125 0.2859375 0.0734375 0.071875
0 0.6953125 0.375 0.075 0.0765625
0 0.6421875 0.0390625 0.06875 0.05
0 0.6640625 0.6484375 0.0734375 0.0734375
0 0.3328125 0.51796875 0.075 0.0734375
0 0.08671875 0.4609375 0.0765625 0.0765625
0 0.45390625 0.009375 0.0671875 0.01875
0 0.52265625 0.5625 0.075 0.075
0 0.0421875 0.5046875 0.0734375 0.0734375
0 0.0140625 0.72421875 0.028125 0.0765625
0 0.64453125 0.59140625 0.0734375 0.0734375
0 0.7078125 0.60546875 0.075 0.075
0 0.66328125 0.0875 0.0734375 0.075
0 0.76171875 0.3890625 0.075 0.075
0 0.03046875 0.4453125 0.0609375 0.071875
0 0.884375 0.41875 0.075 0.0734375
0 0.490625 0.8359375 0.075 0.075
0 0.2890625 0.565625 0.075 0.0765625
0 0.76640625 0.0671875 0.0671875 0.0484375
0 0.35234375 0.02578125 0.0734375 0.0515625
0 0.61484375 0.30078125 0.075 0.0734375
0 0.1328125 0.81171875 0.0765625 0.0765625
0 0.11875 0.1859375 0.0765625 0.0765625
0 0.92890625 0.37109375 0.075 0.075
0 0.42734375 0.82421875 0.075 0.0734375
0 0.70546875 0.0546875 0.0703125 0.0515625
0 0.2921875 0.01875 0.071875 0.0375
0 0.91171875 0.14296875 0.071875 0.071875
0 0.61640625 0.8671875 0.0734375 0.0734375
0 0.34609375 0.746875 0.0734375 0.0734375
0 0.828125 0.08203125 0.06875 0.05
0 0.49765625 0.103125 0.0734375 0.0734375
0 0.96796875 0.1578125 0.0640625 0.075
0 0.80234375 0.34296875 0.0734375 0.0734375
0 0.478125 0.04296875 0.0734375 0.075
0 0.815625 0.5703125 0.0734375 0.075
0 0.090625 0.29296875 0.0765625 0.0765625
0 0.6390625 0.92578125 0.075 0.075
0 0.36015625 0.4125 0.0734375 0.075
0 0.45078125 0.715625 0.0734375 0.0734375
0 0.1671875 0.53671875 0.075 0.075
0 0.97890625 0.21640625 0.0421875 0.0734375
0 0.53984375 0.059375 0.0734375 0.0734375
0 0.68984375 0.54375 0.0734375 0.075
0 0.421875 0.42734375 0.075 0.075
0 0.51484375 0.73203125 0.0765625 0.0765625
0 0.62109375 0.134375 0.075 0.075
0 0.6328125 0.36015625 0.075 0.075
0 0.43359375 0.0890625 0.0734375 0.075
0 0.19296875 0.42734375 0.0734375 0.0734375
0 0.86484375 0.35859375 0.075 0.075
0 0.603125 0.634375 0.071875 0.0734375
0 0.096875 0.68671875 0.0734375 0.075
0 0.9078125 0.309375 0.0734375 0.075
0 0.68203125 0.71171875 0.075 0.075
0 0.98984375 0.1234375 0.0203125 0.046875
0 0.17734375 0.76484375 0.075 0.075
0 0.7921875 0.6796875 0.075 0.0765625
0 0.4140625 0.03203125 0.075 0.0640625
0 0.74375 0.16328125 0.0734375 0.0734375
0 0.44765625 0.88359375 0.075 0.0765625
0 0.3078125 0.62734375 0.0734375 0.075
0 0.07578125 0.234375 0.065625 0.071875
0 0.196875 0.26015625 0.075 0.0765625
0 0.39609375 0.5328125 0.075 0.0734375
0 0.02265625 0.78203125 0.0453125 0.0765625
0 0.2359375 0.9359375 0.0671875 0.04375
0 0.3 0.94921875 0.0703125 0.0484375
0 0.21171875 0.89140625 0.0734375 0.075
0 0.02734375 0.61171875 0.0546875 0.0734375
0 0.08984375 0.8609375 0.075 0.075
0 0.259375 0.8390625 0.075 0.075
0 0.56328125 0.5140625 0.0765625 0.078125
0 0.6828125 0.15078125 0.0734375 0.0734375
0 0.946875 0.43515625 0.075 0.075
0 0.240625 0.21328125 0.0734375 0.071875
0 0.73984375 0.328125 0.075 0.0734375
0 0.93203125 0.20390625 0.075 0.075
0 0.67890625 0.31484375 0.075 0.0734375
0 0.88046875 0.5859375 0.0765625 0.0765625
0 0.10234375 0.52109375 0.0734375 0.075
0 0.14765625 0.475 0.0734375 0.075
0 0.715625 0.43671875 0.075 0.075
0 0.25390625 0.43984375 0.0734375 0.075
0 0.109375 0.35390625 0.0734375 0.075
0 0.834375 0.6328125 0.075 0.075
0 0.11015625 0.90546875 0.06875 0.046875
0 0.40859375 0.196875 0.0734375 0.0734375
0 0.26953125 0.10625 0.0734375 0.0734375
0 0.58984375 0.40546875 0.0765625 0.0765625
0 0.9875 0.2796875 0.025 0.075
0 0.23125 0.01171875 0.075 0.0234375
0 0.21640625 0.321875 0.0734375 0.075
0 0.76328125 0.22421875 0.0734375 0.075
0 0.2984375 0.39765625 0.075 0.0765625
0 0.1203125 0.584375 0.0734375 0.075
0 0.271875 0.503125 0.075 0.075
0 0.065625 0.4 0.075 0.0734375
0 0.3828125 0.3046875 0.0765625 0.0765625
0 0.596875 0.23984375 0.075 0.075
0 0.2390625 0.77890625 0.075 0.075
0 0.0703125 0.79921875 0.0734375 0.0734375
0 0.60859375 0.46953125 0.0734375 0.075
0 0.1828125 0.59921875 0.071875 0.071875
0 0.509375 0.8984375 0.0765625 0.0765625
0 0.15859375 0.703125 0.0765625 0.0765625
0 0.0484375 0.89140625 0.06875 0.046875
0 0.053125 0.7359375 0.0765625 0.0765625
0 0.88828125 0.25078125 0.075 0.075
0 0.62890625 0.53125 0.0765625 0.0765625
0 0.13359375 0.246875 0.075 0.075
0 0.353125 0.57890625 0.075 0.0765625
0 0.42578125 0.97734375 0.0671875 0.0453125
0 0.1265625 0.0265625 0.06875 0.053125
0 0.009375 0.87734375 0.01875 0.0453125
0 0.5265625 0.39296875 0.0734375 0.075
0 0.73671875 0.49609375 0.0765625 0.0765625
0 0.13046875 0.41328125 0.0765625 0.0765625
0 0.5578125 0.12109375 0.075 0.075
0 0.44453125 0.31796875 0.0734375 0.0765625
0 0.4078125 0.76328125 0.075 0.0734375
0 0.7203125 0.26953125 0.0734375 0.071875
0 0.33984375 0.35234375 0.0734375 0.075
0 0.16171875 0.1390625 0.0734375 0.075
0 0.725 0.10234375 0.075 0.075
0 0.43203125 0.65625 0.0734375 0.075
0 0.728125 0.66484375 0.0765625 0.0765625
0 0.4140625 0.59375 0.075 0.075
0 0.30234375 0.228125 0.0734375 0.0734375
0 0.32734375 0.1234375 0.0734375 0.0765625
0 0.03515625 0.675 0.0703125 0.075
0 0.965625 0.32421875 0.06875 0.0734375
0 0.2265625 0.55078125 0.075 0.0765625
0 0.10234375 0.12421875 0.06875 0.0734375
0 0.47109375 0.209375 0.075 0.075
0 0.22265625 0.71796875 0.0765625 0.0765625
0 0.84453125 0.2984375 0.075 0.0734375
0 0.490625 0.2703125 0.075 0.075
0 0.49453125 0.6703125 0.0765625 0.078125
0 0.26015625 0.271875 0.0765625 0.078125
0 0.4671875 0.9421875 0.075 0.075
0 0.321875 0.28984375 0.075 0.0765625
0 0.671875 0.48203125 0.075 0.075
0 0.3453125 0.18359375 0.075 0.075
0 0.70234375 0.77109375 0.075 0.0734375
0 0.28515625 0.734375 0.075 0.075
0 0.56015625 0.68203125 0.0765625 0.0765625
0 0.82578125 0.2375 0.075 0.075
0 0.440625 0.4859375 0.075 0.075
0 0.88984375 0.096875 0.0703125 0.0515625
0 0.53359375 0.22421875 0.0734375 0.0734375
0 0.8984375 0.64921875 0.0765625 0.075
0 0.753125 0.5578125 0.075 0.075
0 0.3890625 0.70234375 0.0734375 0.075
0 0.05234375 0.33828125 0.0671875 0.071875
0 0.390625 0.134375 0.075 0.0765625
0 0.46328125 0.38046875 0.0734375 0.075
0 0.51484375 0.01796875 0.0703125 0.0359375
0 0.70078125 0.21015625 0.0734375 0.075
0 0.9515625 0.265625 0.075 0.075
0 0.5796875 0.7453125 0.075 0.075
0 0.63984375 0.1921875 0.075 0.075
0 0.17421875 0.3671875 0.0734375 0.075
0 0.14140625 0.64140625 0.0734375 0.071875
0 0.3171875 0.46015625 0.075 0.0734375
0 0.57890625 0.0234375 0.0671875 0.046875
0 0.45234375 0.14921875 0.075 0.075
0 0.17265625 0.92265625 0.0671875 0.04375
0 0.46953125 0.7765625 0.0734375 0.0734375
0 0.1515625 0.875 0.0734375 0.075
0 0.5734375 0.91171875 0.075 0.0765625
0 0.53359375 0.78984375 0.075 0.075
0 0.36484375 0.2421875 0.075 0.0734375
0 0.18203125 0.2015625 0.075 0.075
0 0.278125 0.3390625 0.0734375 0.0734375
0 0.87109375 0.184375 0.0734375 0.0734375
0 0.459375 0.54921875 0.075 0.075
0 0.2234375 0.153125 0.0734375 0.0734375
0 0.90625 0.48046875 0.075 0.075
0 0.51328125 0.1671875 0.0734375 0.0734375
0 0.77109375 0.6203125 0.0765625 0.0765625
0 0.05859375 0.56953125 0.0734375 0.075
0 0.0171875 0.5515625 0.034375 0.071875
0 0.48828125 0.984375 0.0703125 0.03125
0 0.78046875 0.45078125 0.075 0.0765625
0 0.20546875 0.09296875 0.0734375 0.0734375
0 0.0765625 0.63046875 0.0734375 0.075
0 0.37265625 0.6390625 0.0734375 0.0734375
0 0.55234375 0.85234375 0.0765625 0.0765625
0 0.596875 0.80390625 0.075 0.075
0 0.546875 0.4546875 0.075 0.075
0 0.28359375 0.17109375 0.0734375 0.071875
0 0.61953125 0.69609375 0.075 0.075
0 0.50625 0.33203125 0.075 0.0765625
0 0.7828125 0.28359375 0.0734375 0.071875
0 0.26484375 0.67265625 0.0734375 0.075
0 0.4015625 0.36640625 0.0734375 0.075
0 0.84921875 0.12890625 0.0734375 0.0734375
0 0.37734375 0.47421875 0.0734375 0.0734375
0 0.203125 0.6546875 0.0734375 0.071875
0 0.678125 0.8796875 0.075 0.0734375
0 0.2359375 0.3828125 0.075 0.075
0 0.32890625 0.684375 0.0734375 0.075
0 0.0984375 0.0671875 0.0375 0.0671875
0 0.53984375 0.6203125 0.075 0.0765625
0 0.7234375 0.83359375 0.0765625 0.0765625
0 0.66015625 0.81796875 0.0765625 0.0765625
0 0.34296875 0.91640625 0.078125 0.078125
0 0.184375 0.03515625 0.075 0.0703125
0 0.36484375 0.81015625 0.075 0.0734375
0 0.58359375 0.5765625 0.075 0.0734375
0 0.53203125 0.9578125 0.078125 0.0765625
0 0.0328125 0.84140625 0.065625 0.0765625
0 0.96484375 0.49765625 0.0703125 0.0765625
0 0.65703125 0.25546875 0.0734375 0.0734375
0 0.7453125 0.72578125 0.075 0.075
0 0.98671875 0.446875 0.0265625 0.071875
0 0.15078125 0.309375 0.0734375 0.0734375
0 0.2484375 0.046875 0.075 0.075
0 0.85703125 0.696875 0.0765625 0.0765625
0 0.80703125 0.17421875 0.075 0.075
0 0.32109375 0.85 0.075 0.075
0 0.24453125 0.6125 0.0734375 0.0734375
0 0.4265625 0.259375 0.0734375 0.071875
0 0.82265625 0.403125 0.075 0.075
0 0.78671875 0.11640625 0.075 0.0734375
0 0.278125 0.896875 0.075 0.0734375
0 0.57578125 0.18125 0.0734375 0.0734375
0 0.209375 0.48828125 0.0734375 0.0734375
0 0.975 0.3859375 0.05 0.075
0 0.6390625 0.76015625 0.0734375 0.0734375
0 0.38515625 0.86875 0.075 0.0765625
0 0.48359375 0.43984375 0.0734375 0.075
0 0.57421875 0.3359375 0.0765625 0.0765625
0 0.92578125 0.54453125 0.0765625 0.078125
0 0.6515625 0.42421875 0.0765625 0.078125
0 0.196875 0.83046875 0.0765625 0.0765625
0 0.5015625 0.49921875 0.075 0.075
0 0.94375 0.603125 0.075 0.0734375
0 0.303125 0.7921875 0.0734375 0.0734375
0 0.3625 0.96328125 0.0671875 0.0484375
0 0.3734375 0.0734375 0.075 0.075
0 0.55390625 0.990625 0.0703125 0.01875
0 0.81015625 0.73984375 0.078125 0.078125
0 0.975 0.5578125 0.05 0.071875
0 0.765625 0.78828125 0.075 0.075
0 0.14140625 0.08203125 0.0734375 0.071875
0 0.59453125 0.96875 0.0765625 0.0625
0 0.86171875 0.5234375 0.0765625 0.075
0 0.84921875 0.46171875 0.0765625 0.0765625
0 0.31171875 0.0578125 0.075 0.071875
0 0.796875 0.50625 0.075 0.075
0 0.403125 0.93515625 0.0734375 0.0734375