0 0.8296875 0.35234375 0.059375 0.059375
0 0.96640625 0.51484375 0.0625 0.0609375
0 0.93671875 0.1984375 0.0421875 0.05625
0 0.51171875 0.03203125 0.059375 0.059375
0 0.878125 0.48203125 0.0609375 0.0609375
0 0.725 0.01328125 0.059375 0.0265625
0 0.9390625 0.33125 0.059375 0.059375
0 0.86015625 0.1625 0.0609375 0.0609375
0 0.5875 0.00390625 0.05625 0.0078125
0 0.75546875 0.4046875 0.0578125 0.059375
0 0.67265625 0.01953125 0.0609375 0.0390625
0 0.7328125 0.2296875 0.059375 0.0609375
0 0.85234375 0.3015625 0.059375 0.0609375
0 0.56484375 0.02734375 0.0609375 0.0546875
0 0.9171875 0.38203125 0.0609375 0.0609375
0 0.68046875 0.23671875 0.059375 0.0609375
0 0.8390625 0.21015625 0.059375 0.0609375
0 0.659375 0.2859375 0.059375 0.059375
0 0.85703125 0.528125 0.0578125 0.0578125
0 0.7859375 0.2203125 0.059375 0.059375
0 0.93046875 0.4734375 0.0609375 0.0625
0 0.48046875 0.01171875 0.0546875 0.0234375
0 0.646875 0.19765625 0.0609375 0.0609375
0 0.9515625 0.28515625 0.04375 0.05625
0 0.9125 0.153125 0.059375 0.0625
0 0.76015625 0.03984375 0.0609375 0.0609375
0 0.54375 0.07421875 0.0609375 0.0609375
0 0.9078125 0.02265625 0.0375 0.0453125
0 0.94296875 0.56328125 0.0609375 0.0609375
0 0.91015625 0.52421875 0.0609375 0.059375
0 0.8453125 0.07265625 0.0609375 0.059375
0 0.7 0.1890625 0.0609375 0.059375
0 0.55703125 0.1640625 0.0609375 0.0609375
0 0.89921875 0.065625 0.0609375 0.059375
0 0.5328125 0.00703125 0.05625 0.0140625
0 0.6328125 0.109375 0.0609375 0.0609375
0 0.68671875 0.09765625 0.0625 0.0609375
0 0.6546875 0.059375 0.0609375 0.0609375
0 0.7640625 0.271875 0.059375 0.059375
0 0.74609375 0.3203125 0.0609375 0.059375
0 0.86953125 0.2515625 0.0609375 0.0609375
0 0.8640625 0.39140625 0.0609375 0.059375
0 0.83046875 0.00625 0.0609375 0.0125
0 0.77890625 0.359375 0.059375 0.059375
0 0.9234375 0.24375 0.0609375 0.0609375
0 0.69140625 0.33046875 0.059375 0.059375
0 0.75390625 0.18046875 0.059375 0.0609375
0 0.45859375 0.04453125 0.0609375 0.059375
0 0.99375 0.73515625 0.0125 0.0578125
0 0.9640625 0.37265625 0.05 0.059375
0 0.7921875 0.08046875 0.0578125 0.059375
0 0.42890625 0.01640625 0.0546875 0.0328125
0 0.8859375 0.34296875 0.0609375 0.059375
0 0.97109375 0.603125 0.0578125 0.0625
0 0.70625 0.04765625 0.0609375 0.0609375
0 0.6 0.06640625 0.0625 0.0625
0 0.7734375 0.12734375 0.059375 0.059375
0 0.7125 0.27890625 0.059375 0.0609375
0 0.8125 0.03515625 0.059375 0.059375
0 0.8859375 0.56875 0.0609375 0.0609375
0 0.86015625 0.025 0.0609375 0.05
0 0.83828125 0.43828125 0.0625 0.0609375
0 0.80390625 0.16875 0.0609375 0.059375
0 0.9890625 0.6453125 0.021875 0.059375
0 0.61796875 0.02265625 0.0609375 0.0453125
0 0.81875 0.26015625 0.059375 0.059375
0 0.74296875 0.0921875 0.059375 0.0578125
0 0.9046875 0.29375 0.0609375 0.059375
0 0.921875 0.1046875 0.040625 0.0578125
0 0.9765625 0.465625 0.046875 0.059375
0 0.665625 0.1484375 0.0609375 0.0609375
0 0.62734375 0.2484375 0.0609375 0.059375
0 0.5890625 0.2046875 0.0625 0.0625
0 0.95078125 0.42265625 0.0609375 0.0609375
0 0.6125 0.15703125 0.059375 0.059375
0 0.82578125 0.121875 0.0609375 0.059375
0 0.7859375 0.44765625 0.0609375 0.0609375
0 0.89453125 0.20546875 0.0609375 0.059375
0 0.98203125 0.55546875 0.0359375 0.0609375
0 0.89453125 0.43125 0.0609375 0.0609375
0 0.71953125 0.1390625 0.059375 0.059375
0 0.8 0.3109375 0.059375 0.059375
0 0.95859375 0.65625 0.059375 0.059375
0 0.778125 0.01015625 0.059375 0.0203125
0 0.8765625 0.11171875 0.0609375 0.059375
0 0.57890625 0.115625 0.0609375 0.0609375
0 0.52421875 0.12578125 0.059375 0.0609375
0 0.98203125 0.6921875 0.0359375 0.05625
0 0.8125 0.4 0.0609375 0.059375
0 0.4953125 0.0875 0.0578125 0.0578125
0 0.72578125 0.36640625 0.059375 0.059375
0 0.92421875 0.6171875 0.0578125 0.0609375
0 0.82421875 0.490625 0.059375 0.059375