0 0.6953125 0.6296875 0.0515625 0.05234375
0 0.28984375 0.57890625 0.053125 0.05390625
0 0.36640625 0.815625 0.05234375 0.053125
0 0.084375 0.021875 0.0515625 0.04375
0 0.12421875 0.57734375 0.05390625 0.05390625
0 0.5609375 0.58203125 0.05390625 0.05390625
0 0.9140625 0.72578125 0.05390625 0.05390625
0 0.81484375 0.07421875 0.0515625 0.05234375
0 0.3375 0.8609375 0.053125 0.05390625
0 0.971875 0.634375 0.0515625 0.05234375
0 0.7765625 0.8671875 0.05234375 0.053125
0 0.97421875 0.2609375 0.0515625 0.0546875
0 0.6515625 0.07265625 0.0515625 0.053125
0 0.83984375 0.3046875 0.05390625 0.05390625
0 0.8875 0.7765625 0.05234375 0.053125
0 0.76015625 0.25859375 0.053125 0.053125
0 0.984375 0.7796875 0.03125 0.053125
0 0.4171875 0.909375 0.05234375 0.05234375
0 0.40234375 0.3 0.0546875 0.05390625
0 0.859375 0.6328125 0.053125 0.05390625
0 0.83671875 0.49296875 0.05234375 0.05234375
0 0.48046875 0.534375 0.053125 0.053125
0 0.41953125 0.815625 0.05234375 0.05390625
0 0.0484375 0.3421875 0.05390625 0.053125
0 0.975 0.0765625 0.05 0.0515625
0 0.34296875 0.58046875 0.05234375 0.0546875
0 0.63828125 0.81875 0.0546875 0.053125
0 0.72421875 0.77578125 0.05234375 0.05234375
0 0.240625 0.2984375 0.05234375 0.05234375
0 0.16328125 0.0671875 0.05390625 0.053125
0 0.7328125 0.11796875 0.0515625 0.05234375
0 0.2453125 0.02421875 0.053125 0.0484375
0 0.25703125 0.81484375 0.053125 0.05390625
0 0.05625 0.065625 0.0515625 0.05234375
0 0.28203125 0.86171875 0.053125 0.053125
0 0.29921875 0.11484375 0.05234375 0.053125
0 0.09609375 0.62265625 0.05234375 0.053125
0 0.13125 0.2953125 0.053125 0.053125
0 0.71953125 0.96015625 0.05390625 0.05234375
0 0.375 0.34453125 0.053125 0.05390625
0 0.209375 0.53203125 0.053125 0.053125
0 0.81171875 0.353125 0.0515625 0.053125
0 0.63984375 0.725 0.05390625 0.05390625
0 0.9703125 0.53984375 0.0515625 0.05390625
0 0.91796875 0.44765625 0.05234375 0.05234375
0 0.34453125 0.38984375 0.05390625 0.053125
0 0.26328125 0.53203125 0.053125 0.05390625
0 0.30234375 0.025 0.0515625 0.05
0 0.5296875 0.81796875 0.05234375 0.053125
0 0.64453125 0.5375 0.05390625 0.0546875
0 0.51796875 0.0265625 0.05390625 0.053125
0 0.71875 0.86640625 0.053125 0.05234375
0 0.73125 0.3046875 0.05234375 0.05390625
0 0.5015625 0.7703125 0.053125 0.0546875
0 0.32734375 0.07109375 0.05234375 0.05234375
0 0.453125 0.58203125 0.05234375 0.053125
0 0.10390625 0.24921875 0.053125 0.053125
0 0.55859375 0.76953125 0.05390625 0.053125
0 0.6953125 0.725 0.053125 0.05390625
0 0.97265625 0.4484375 0.05234375 0.05390625
0 0.98515625 0.96796875 0.0296875 0.053125
0 0.10234375 0.4375 0.05234375 0.05234375
0 0.4625 0.0265625 0.0515625 0.0515625
0 0.97421875 0.35546875 0.0515625 0.053125
0 0.728125 0.49140625 0.05234375 0.05390625
0 0.56171875 0.4890625 0.053125 0.053125
0 0.8421875 0.02890625 0.05234375 0.05234375
0 0.91640625 0.63203125 0.0546875 0.05390625
0 0.1078125 0.15703125 0.05234375 0.05234375
0 0.98828125 0.4921875 0.0234375 0.053125
0 0.88984375 0.584375 0.0546875 0.0546875
0 0.29296875 0.2984375 0.05078125 0.05234375
0 0.53984375 0.25703125 0.05234375 0.05390625
0 0.9125 0.821875 0.05390625 0.05390625
0 0.03046875 0.021875 0.053125 0.04375
0 0.69296875 0.8203125 0.0515625 0.05234375
0 0.80234375 0.821875 0.053125 0.05390625
0 0.64765625 0.25703125 0.05234375 0.053125
0 0.02734375 0.109375 0.05234375 0.05390625
0 0.1859375 0.29453125 0.053125 0.05390625
0 0.91875 0.54375 0.0515625 0.05234375
0 0.884375 0.9625 0.053125 0.05390625
0 0.98828125 0.3109375 0.0234375 0.053125
0 0.83046875 0.77265625 0.05390625 0.053125
0 0.53828125 0.35078125 0.05078125 0.053125
0 0.83046875 0.96171875 0.053125 0.05390625
0 0.61640625 0.4875 0.053125 0.05390625
0 0.7609375 0.07421875 0.053125 0.05234375
0 0.3984375 0.48671875 0.05390625 0.05390625
0 0.13671875 0.02265625 0.0515625 0.0453125
0 0.13046875 0.38984375 0.053125 0.053125
0 0.44609375 0.7671875 0.05390625 0.05390625
0 0.26328125 0.4359375 0.05234375 0.05390625
0 0.3390625 0.76796875 0.0515625 0.053125
0 0.8953125 0.2125 0.05234375 0.053125
0 0.8140625 0.25859375 0.05234375 0.05390625
0 0.45546875 0.39609375 0.05390625 0.053125
0 0.046875 0.43359375 0.05234375 0.053125
0 0.565625 0.3953125 0.053125 0.0515625
0 0.57265625 0.02578125 0.0515625 0.0515625
0 0.40859375 0.02421875 0.0515625 0.0484375
0 0.48515625 0.35 0.053125 0.053125
0 0.2453125 0.1140625 0.05234375 0.05234375
0 0.56953125 0.11484375 0.053125 0.05234375
0 0.89453125 0.30859375 0.05234375 0.05390625
0 0.5015625 0.8640625 0.053125 0.05234375
0 0.65 0.35234375 0.05234375 0.05234375
0 0.6203125 0.39765625 0.05234375 0.0515625
0 0.4453125 0.86484375 0.053125 0.053125
0 0.17578125 0.6703125 0.053125 0.053125
0 0.4609375 0.21015625 0.05234375 0.05234375
0 0.67890625 0.11875 0.053125 0.05234375
0 0.5984375 0.0734375 0.05234375 0.05234375
0 0.83359375 0.584375 0.053125 0.0546875
0 0.478125 0.721875 0.053125 0.05234375
0 0.925 0.0765625 0.0515625 0.05234375
0 0.609375 0.8671875 0.053125 0.05234375
0 0.540625 0.16171875 0.05234375 0.05234375
0 0.5359375 0.62890625 0.0515625 0.05390625
0 0.1046875 0.34375 0.05234375 0.05390625
0 0.340625 0.6734375 0.0515625 0.05234375
0 0.05234375 0.25078125 0.0515625 0.05234375
0 0.15 0.6234375 0.05234375 0.053125
0 0.95078125 0.03359375 0.0515625 0.05234375
0 0.775 0.9625 0.053125 0.05390625
0 0.02265625 0.38984375 0.0453125 0.053125
0 0.92109375 0.2625 0.05234375 0.05234375
0 0.675 0.2109375 0.053125 0.053125
0 0.61484375 0.77265625 0.053125 0.05390625
0 0.88984375 0.49140625 0.05234375 0.053125
0 0.54375 0.0703125 0.053125 0.0546875
0 0.85703125 0.82109375 0.05390625 0.05390625
0 0.67421875 0.30390625 0.0546875 0.05390625
0 0.9875 0.58984375 0.025 0.0515625
0 0.93828125 0.8703125 0.053125 0.05234375
0 0.37890625 0.1625 0.05234375 0.05078125
0 0.36328125 0.91015625 0.05390625 0.053125
0 0.2125 0.34453125 0.053125 0.05390625
0 0.02265625 0.29453125 0.0453125 0.053125
0 0.7765625 0.77109375 0.05234375 0.05390625
0 0.396875 0.57890625 0.05390625 0.05390625
0 0.96875 0.8234375 0.05390625 0.05390625
0 0.4 0.3921875 0.053125 0.05390625
0 0.75390625 0.5390625 0.05234375 0.05234375
0 0.6359375 0.91015625 0.053125 0.053125
0 0.34375 0.48671875 0.05234375 0.05234375
0 0.3765625 0.253125 0.053125 0.05390625
0 0.3703125 0.628125 0.05390625 0.05234375
0 0.37265625 0.53515625 0.05234375 0.05234375
0 0.5828125 0.8171875 0.05234375 0.0546875
0 0.178125 0.57421875 0.053125 0.0546875
0 0.2875 0.7671875 0.053125 0.053125
0 0.89765625 0.02890625 0.05234375 0.05390625
0 0.21484375 0.25078125 0.05234375 0.053125
0 0.4203125 0.7203125 0.05390625 0.053125
0 0.75859375 0.353125 0.053125 0.05234375
0 0.70078125 0.54140625 0.05234375 0.05390625
0 0.8671875 0.26015625 0.053125 0.05390625
0 0.34609375 0.296875 0.053125 0.05390625
0 0.459375 0.11796875 0.053125 0.053125
0 0.66171875 0.96171875 0.05390625 0.05390625
0 0.21640625 0.1609375 0.05234375 0.0515625
0 0.225 0.85859375 0.053125 0.05390625
0 0.36640625 0.721875 0.05234375 0.053125
0 0.26953125 0.16171875 0.0515625 0.0515625
0 0.8078125 0.634375 0.0515625 0.0515625
0 0.13671875 0.1125 0.0515625 0.053125
0 0.94921875 0.21328125 0.05234375 0.05234375
0 0.97109375 0.728125 0.053125 0.05390625
0 0.25703125 0.62578125 0.05390625 0.05390625
0 0.896875 0.1234375 0.05234375 0.05
0 0.84140625 0.21171875 0.053125 0.05234375
0 0.64296875 0.6296875 0.05234375 0.0515625
0 0.22734375 0.76484375 0.0546875 0.053125
0 0.73046875 0.21015625 0.053125 0.05390625
0 0.0984375 0.53125 0.05234375 0.053125
0 0.484375 0.25234375 0.053125 0.053125
0 0.97578125 0.16875 0.0484375 0.053125
0 0.4875 0.06875 0.05390625 0.05390625
0 0.70234375 0.2578125 0.05390625 0.05390625
0 0.0140625 0.0640625 0.028125 0.0515625
0 0.59609375 0.1609375 0.053125 0.05234375
0 0.53203125 0.725 0.0515625 0.053125
0 0.67421875 0.396875 0.0515625 0.05234375
0 0.78203125 0.39921875 0.0515625 0.0515625
0 0.68125 0.03046875 0.053125 0.0515625
0 0.6203125 0.21015625 0.053125 0.053125
0 0.93984375 0.77421875 0.053125 0.0546875
0 0.72578125 0.3984375 0.053125 0.05234375
0 0.48125 0.62890625 0.05234375 0.05234375
0 0.51015625 0.396875 0.05234375 0.05234375
0 0.78125 0.5859375 0.0515625 0.05234375
0 0.78203125 0.49453125 0.053125 0.05234375
0 0.98515625 0.68125 0.0296875 0.053125
0 0.609375 0.96171875 0.0515625 0.053125
0 0.665625 0.8640625 0.05078125 0.05234375
0 0.4734375 0.81875 0.05390625 0.05390625
0 0.32421875 0.16171875 0.05390625 0.05234375
0 0.2671875 0.253125 0.0515625 0.05234375
0 0.38125 0.0703125 0.0515625 0.05234375
0 0.290625 0.48515625 0.05234375 0.053125
0 0.840625 0.1203125 0.05390625 0.05234375
0 0.40546875 0.2078125 0.053125 0.05390625
0 0.9390625 0.9640625 0.053125 0.05390625
0 0.78359375 0.30703125 0.053125 0.0546875
0 0.459375 0.30546875 0.053125 0.05390625
0 0.70546875 0.0703125 0.05234375 0.053125
0 0.42734375 0.53515625 0.053125 0.053125
0 0.72890625 0.58828125 0.0515625 0.05234375
0 0.8140625 0.165625 0.053125 0.05234375
0 0.05390625 0.1578125 0.053125 0.053125
0 0.40703125 0.11484375 0.05234375 0.05234375
0 0.8328125 0.6796875 0.0515625 0.05234375
0 0.55546875 0.865625 0.053125 0.053125
0 0.10859375 0.06484375 0.05234375 0.053125
0 0.98515625 0.87109375 0.0296875 0.053125
0 0.809375 0.44609375 0.053125 0.0546875
0 0.7859375 0.11953125 0.05234375 0.053125
0 0.30625 0.91015625 0.05390625 0.05234375
0 0.290625 0.38984375 0.053125 0.053125
0 0.01015625 0.34296875 0.0203125 0.0515625
0 0.5546875 0.9609375 0.0515625 0.05234375
0 0.18984375 0.1140625 0.05234375 0.05234375
0 0.36171875 0.98828125 0.0546875 0.0234375
0 0.80703125 0.72578125 0.05234375 0.053125
0 0.28515625 0.67265625 0.053125 0.053125
0 0.15859375 0.34296875 0.0515625 0.053125
0 0.8109375 0.54140625 0.053125 0.053125
0 0.51328125 0.21015625 0.05078125 0.05234375
0 0.16171875 0.16015625 0.05234375 0.05234375
0 0.5671875 0.20859375 0.05234375 0.053125
0 0.7546875 0.44609375 0.05234375 0.053125
0 0.5359375 0.5375 0.05234375 0.05390625
0 0.5015625 0.9609375 0.053125 0.05390625
0 0.5125 0.30234375 0.05234375 0.053125
0 0.6171875 0.584375 0.053125 0.053125
0 0.1265625 0.48359375 0.05234375 0.05234375
0 0.86875 0.0734375 0.053125 0.053125
0 0.4453125 0.9578125 0.05390625 0.05390625
0 0.4171875 0.98828125 0.053125 0.0234375
0 0.703125 0.16328125 0.0515625 0.053125
0 0.83828125 0.3984375 0.053125 0.05234375
0 0.45546875 0.4890625 0.053125 0.05390625
0 0.12109375 0.66796875 0.05234375 0.05234375
0 0.56171875 0.67734375 0.0515625 0.05234375
0 0.50625 0.58203125 0.05234375 0.05390625
0 0.59375 0.25546875 0.0515625 0.05234375
0 0.865625 0.3515625 0.053125 0.05390625
0 0.8609375 0.728125 0.05234375 0.053125
0 0.66875 0.7734375 0.05390625 0.05390625
0 0.146875 0.71484375 0.05234375 0.05234375
0 0.7 0.44453125 0.053125 0.053125
0 0.4828125 0.44140625 0.053125 0.05234375
0 0.303125 0.98671875 0.053125 0.0265625
0 0.190625 0.025 0.053125 0.05
0 0.39140625 0.86484375 0.0515625 0.053125
0 0.56953125 0.30703125 0.05234375 0.0515625
0 0.20546875 0.62578125 0.053125 0.053125
0 0.73671875 0.03046875 0.0515625 0.05234375
0 0.53671875 0.4421875 0.05234375 0.0515625
0 0.3171875 0.534375 0.0515625 0.05234375
0 0.58203125 0.91484375 0.0515625 0.0515625
0 0.52890625 0.9125 0.053125 0.05234375
0 0.31328125 0.6265625 0.05234375 0.053125
0 0.85703125 0.9140625 0.053125 0.05234375
0 0.4296875 0.34765625 0.053125 0.0546875
0 0.209375 0.43828125 0.05234375 0.05234375
0 0.0109375 0.25078125 0.021875 0.0515625
0 0.74453125 0.9140625 0.053125 0.053125
0 0.69140625 0.91328125 0.05234375 0.05234375
0 0.3203125 0.25234375 0.053125 0.05234375
0 0.31171875 0.8171875 0.05234375 0.053125
0 0.58515625 0.7234375 0.05390625 0.053125
0 0.6265625 0.1203125 0.05078125 0.0515625
0 0.18203125 0.48203125 0.05234375 0.05390625
0 0.075 0.29765625 0.05390625 0.053125
0 0.184375 0.39140625 0.05234375 0.05234375
0 0.1546875 0.4375 0.0515625 0.0515625
0 0.24140625 0.20703125 0.05078125 0.05
0 0.7515625 0.6328125 0.05234375 0.053125
0 0.70390625 0.3546875 0.0515625 0.0515625
0 0.23203125 0.675 0.05234375 0.05234375
0 0.39140625 0.76796875 0.05234375 0.053125
0 0.1875 0.20390625 0.053125 0.05234375
0 0.77890625 0.67890625 0.05234375 0.05234375
0 0.2671875 0.34765625 0.0515625 0.05234375
0 0.07578125 0.38984375 0.0515625 0.05234375
0 0.50625 0.6765625 0.0515625 0.0515625
0 0.92109375 0.35703125 0.053125 0.05234375
0 0.37265625 0.43828125 0.05234375 0.05234375
0 0.86953125 0.16640625 0.05234375 0.05234375
0 0.4875 0.16328125 0.0515625 0.05234375
0 0.67265625 0.58515625 0.053125 0.053125
0 0.3921875 0.6734375 0.05390625 0.05234375
0 0.7890625 0.0296875 0.05078125 0.0515625
0 0.58828125 0.63046875 0.0515625 0.053125
0 0.471875 0.9109375 0.05234375 0.05234375
0 0.4328125 0.16171875 0.05234375 0.0515625
0 0.94921875 0.12421875 0.05234375 0.0515625
0 0.925 0.16953125 0.0515625 0.05078125
0 0.9453125 0.30625 0.05390625 0.0546875
0 0.75 0.82421875 0.0515625 0.05234375
0 0.8296875 0.8671875 0.05390625 0.05390625
0 0.5140625 0.115625 0.053125 0.053125
0 0.271875 0.06953125 0.05234375 0.05390625
0 0.3484375 0.20703125 0.05234375 0.05234375
0 0.15234375 0.5296875 0.0546875 0.053125
0 0.61484375 0.678125 0.0515625 0.0515625
0 0.6265625 0.02734375 0.05078125 0.05234375
0 0.96484375 0.91640625 0.05234375 0.053125
0 0.45234375 0.67734375 0.053125 0.0515625
0 0.5890625 0.53359375 0.05234375 0.05390625
0 0.759375 0.165625 0.053125 0.053125
0 0.23203125 0.5765625 0.05390625 0.05390625
0 0.89296875 0.40234375 0.0515625 0.0515625
0 0.0703125 0.484375 0.05390625 0.053125
0 0.4328125 0.06875 0.0515625 0.053125
0 0.31875 0.440625 0.05234375 0.053125
0 0.0828125 0.115625 0.05234375 0.05234375
0 0.42734375 0.62734375 0.05234375 0.053125
0 0.21953125 0.071875 0.053125 0.0515625
0 0.671875 0.48984375 0.053125 0.053125
0 0.35390625 0.025 0.0515625 0.05
0 0.259375 0.71953125 0.053125 0.05234375
0 0.33359375 0.95625 0.053125 0.053125
0 0.65 0.16640625 0.0515625 0.05078125
0 0.0203125 0.47734375 0.040625 0.05
0 0.078125 0.20234375 0.0515625 0.05234375
0 0.2765625 0.953125 0.05234375 0.0515625
0 0.6234375 0.30859375 0.05 0.0515625
0 0.88828125 0.871875 0.0515625 0.0515625
0 0.66640625 0.67734375 0.05234375 0.05234375
0 0.43125 0.253125 0.05234375 0.053125
0 0.8015625 0.9140625 0.05390625 0.053125
0 0.8640625 0.446875 0.0515625 0.0515625
0 0.9125 0.91640625 0.0515625 0.05078125
0 0.42578125 0.4421875 0.05390625 0.05234375
0 0.1328125 0.20390625 0.05234375 0.05234375
0 0.5890625 0.4421875 0.0515625 0.0515625
0 0.88984375 0.6796875 0.0515625 0.0515625
0 0.02578125 0.20625 0.0515625 0.0515625
0 0.8640625 0.54296875 0.05234375 0.05234375
0 0.7515625 0.72890625 0.0515625 0.0515625
0 0.64375 0.44140625 0.053125 0.05234375
0 0.9875 0.39921875 0.025 0.053125
0 0.23515625 0.48515625 0.05234375 0.05234375
0 0.5921875 0.34921875 0.05234375 0.05234375
0 0.9421875 0.6828125 0.053125 0.05234375
0 0.9453125 0.49453125 0.05234375 0.05234375
0 0.946875 0.40078125 0.0515625 0.05234375
0 0.0140625 0.16015625 0.028125 0.053125
0 0.2953125 0.2078125 0.0515625 0.05078125
0 0.203125 0.71875 0.05234375 0.05078125
0 0.7859375 0.21171875 0.05234375 0.05234375
0 0.040625 0.52578125 0.053125 0.0515625
0 0.35390625 0.1171875 0.05078125 0.053125
0 0.509375 0.48984375 0.0515625 0.05234375
0 0.16015625 0.25078125 0.05390625 0.05234375
0 0.2359375 0.3890625 0.0515625 0.053125
0 0.721875 0.67890625 0.053125 0.05078125
0 0.38984375 0.95859375 0.05546875 0.0546875
0 0.31875 0.3453125 0.05390625 0.05234375
0 0.0703125 0.57578125 0.05078125 0.0515625
0 0.25234375 0.909375 0.0515625 0.0515625
0 0.946875 0.5890625 0.05234375 0.05234375
0 0.3125 0.72109375 0.05 0.0515625
0 0.19921875 0.81328125 0.05546875 0.05390625