0 0.98515625 0.48828125 0.0296875 0.0578125
0 0.6609375 0.7859375 0.0609375 0.059375
0 0.50078125 0.88984375 0.059375 0.0609375
0 0.36484375 0.0375 0.059375 0.059375
0 0.33125 0.67109375 0.059375 0.0609375
0 0.6796875 0.10234375 0.0609375 0.0609375
0 0.45078125 0.74140625 0.0609375 0.0609375
0 0.87109375 0.83046875 0.0609375 0.0625
0 0.81640625 0.8171875 0.0625 0.0625
0 0.9078125 0.78828125 0.0609375 0.0609375
0 0.5296875 0.52734375 0.0609375 0.0609375
0 0.25078125 0.42109375 0.059375 0.059375
0 0.9796875 0.1703125 0.040625 0.059375
0 0.38125 0.67890625 0.0609375 0.0609375
0 0.684375 0.55859375 0.059375 0.0609375
0 0.81328125 0.95390625 0.0609375 0.0609375
0 0.67578125 0.834375 0.059375 0.0609375
0 0.79921875 0.16953125 0.059375 0.059375
0 0.30078125 0.00703125 0.0609375 0.0140625
0 0.9125 0.51875 0.059375 0.0609375
0 0.71171875 0.79765625 0.059375 0.059375
0 0.40625 0.45234375 0.0609375 0.0609375
0 0.6640625 0.053125 0.0625 0.0625
0 0.60859375 0.7734375 0.0609375 0.0625
0 0.73046875 0.1125 0.0609375 0.0609375
0 0.64453125 0.1421875 0.0625 0.0625
0 0.57578125 0.0828125 0.0609375 0.0609375
0 0.39921875 0.7296875 0.0609375 0.0609375
0 0.503125 0.753125 0.0609375 0.0609375
0 0.37265625 0.49453125 0.0609375 0.0609375
0 0.3203125 0.48515625 0.0609375 0.0609375
0 0.53828125 0.71640625 0.059375 0.059375
0 0.4890625 0.7046875 0.0609375 0.0609375
0 0.47734375 0.515625 0.0609375 0.0609375
0 0.73046875 0.8453125 0.0625 0.0609375
0 0.59609375 0.5875 0.0609375 0.0609375
0 0.7765625 0.39609375 0.059375 0.059375
0 0.55546875 0.765625 0.0609375 0.0609375
0 0.746875 0.1640625 0.0609375 0.0609375
0 0.265625 0.4703125 0.0609375 0.0609375
0 0.66015625 0.190625 0.0609375 0.0609375
0 0.521875 0.07109375 0.0625 0.0609375
0 0.69453125 0.74765625 0.0609375 0.059375
0 0.94765625 0.47578125 0.0609375 0.0609375
0 0.5921875 0.12890625 0.0609375 0.0625
0 0.8515625 0.9171875 0.0609375 0.0609375
0 0.934375 0.29140625 0.059375 0.059375
0 0.84375 0.45546875 0.0609375 0.059375
0 0.2796875 0.06875 0.059375 0.059375
0 0.709375 0.1984375 0.059375 0.059375
0 0.21171875 0.01875 0.0609375 0.0375
0 0.740625 0.4328125 0.059375 0.0609375
0 0.35 0.5796875 0.0609375 0.059375
0 0.28515625 0.521875 0.0609375 0.0609375
0 0.390625 0.40546875 0.0609375 0.0609375
0 0.45859375 0.4625 0.0609375 0.0609375
0 0.46796875 0.79140625 0.0609375 0.0609375
0 0.3390625 0.39765625 0.059375 0.059375
0 0.88984375 0.87890625 0.0609375 0.0609375
0 0.946875 0.615625 0.059375 0.059375
0 0.72734375 0.2484375 0.0609375 0.059375
0 0.38046875 0.81953125 0.059375 0.0609375
0 0.55703125 0.16875 0.0609375 0.0609375
0 0.38828125 0.54296875 0.0609375 0.059375
0 0.3484375 0.12421875 0.0609375 0.059375
0 0.4109375 0.91328125 0.0609375 0.0609375
0 0.32421875 0.34765625 0.0609375 0.0609375
0 0.31171875 0.1640625 0.059375 0.059375
0 0.50625 0.02421875 0.059375 0.0484375
0 0.56484375 0.4890625 0.0625 0.0609375
0 0.58671875 0.26484375 0.059375 0.059375
0 0.88984375 0.740625 0.0609375 0.0609375
0 0.9328125 0.428125 0.0609375 0.0609375
0 0.5359375 0.85 0.0609375 0.0609375
0 0.8875 0.1453125 0.059375 0.0609375
0 0.8671875 0.22890625 0.0609375 0.0609375
0 0.9625 0.5265625 0.0609375 0.0609375
0 0.92890625 0.56640625 0.059375 0.059375
0 0.52265625 0.66953125 0.059375 0.059375
0 0.56875 0.9484375 0.059375 0.059375
0 0.29296875 0.7078125 0.0609375 0.0609375
0 0.7046875 0.475 0.0609375 0.0609375
0 0.7265625 0.97265625 0.059375 0.0546875
0 0.27265625 0.33828125 0.059375 0.059375
0 0.4796875 0.37734375 0.059375 0.059375
0 0.771875 0.53359375 0.059375 0.059375
0 0.43046875 0.83125 0.0609375 0.0609375
0 0.97109375 0.115625 0.0578125 0.0625
0 0.8953125 0.46640625 0.059375 0.0609375
0 0.7984375 0.90546875 0.0609375 0.0609375
0 0.23515625 0.37421875 0.059375 0.0609375
0 0.83828125 0.728125 0.059375 0.059375
0 0.77578125 0.25625 0.0578125 0.0578125
0 0.63515625 0.41640625 0.059375 0.0609375
0 0.87109375 0.96796875 0.0609375 0.059375
0 0.79140625 0.446875 0.059375 0.059375
0 0.4171875 0.78046875 0.0609375 0.0609375
0 0.625 0.825 0.059375 0.059375
0 0.7203125 0.521875 0.0609375 0.059375
0 0.8828125 0.99296875 0.059375 0.0140625
0 0.26328125 0.02421875 0.0609375 0.0484375
0 0.65703125 0.921875 0.059375 0.059375
0 0.2984375 0.5703125 0.059375 0.059375
0 0.18359375 0.36328125 0.0609375 0.0609375
0 0.4390625 0.55234375 0.059375 0.059375
0 0.3625 0.17265625 0.059375 0.059375
0 0.83515625 0.13828125 0.0578125 0.05625
0 0.6421875 0.73046875 0.0609375 0.0609375
0 0.953125 0.2078125 0.059375 0.059375
0 0.61171875 0.04609375 0.0609375 0.0609375
0 0.7 0.60703125 0.059375 0.059375
0 0.86015625 0.50390625 0.0609375 0.059375
0 0.5875 0.8625 0.0609375 0.059375
0 0.80703125 0.490625 0.059375 0.059375
0 0.671875 0.37734375 0.059375 0.0609375
0 0.3640625 0.76640625 0.0609375 0.059375
0 0.87578125 0.5515625 0.0625 0.0609375
0 0.9765625 0.43828125 0.046875 0.0609375
0 0.72421875 0.384375 0.0609375 0.059375
0 0.90390625 0.19765625 0.0609375 0.059375
0 0.67890625 0.6984375 0.0609375 0.0609375
0 0.31328125 0.6171875 0.059375 0.0609375
0 0.76171875 0.94296875 0.0609375 0.0609375
0 0.7640625 0.80625 0.0609375 0.0609375
0 0.74609375 0.896875 0.0609375 0.059375
0 0.259375 0.15546875 0.059375 0.059375
0 0.9765625 0.3015625 0.046875 0.059375
0 0.61640625 0.503125 0.0609375 0.0609375
0 0.88203125 0.28046875 0.0609375 0.059375
0 0.79921875 0.7625 0.0609375 0.0609375
0 0.84375 0.5875 0.0609375 0.059375
0 0.3515625 0.0109375 0.059375 0.021875
0 0.8203125 0.09140625 0.059375 0.059375
0 0.4 0.59453125 0.0578125 0.0578125
0 0.42890625 0.37265625 0.059375 0.059375
0 0.46953125 0.19140625 0.0578125 0.0578125
0 0.5828125 0.4 0.0609375 0.0609375
0 0.7828125 0.859375 0.0609375 0.0609375
0 0.8984375 0.3265625 0.059375 0.0609375
0 0.30078125 0.4296875 0.0609375 0.0609375
0 0.6375 0.9890625 0.0625 0.021875
0 0.13671875 0.0796875 0.0578125 0.0578125
0 0.82890625 0.40703125 0.059375 0.059375
0 0.69296875 0.28828125 0.059375 0.0609375
0 0.1109375 0.00859375 0.05 0.0171875
0 0.24453125 0.1046875 0.0609375 0.0609375
0 0.75625 0.48515625 0.0609375 0.0609375
0 0.76953125 0.0703125 0.0625 0.0625
0 0.9171875 0.3796875 0.0609375 0.0609375
0 0.97421875 0.575 0.05 0.0578125
0 0.6515625 0.4625 0.0609375 0.059375
0 0.63359375 0.55390625 0.059375 0.059375
0 0.7578125 0.34921875 0.059375 0.059375
0 0.99375 0.39609375 0.0125 0.0578125
0 0.6234375 0.2296875 0.0609375 0.059375
0 0.515625 0.9390625 0.059375 0.059375
0 0.3984375 0.1375 0.059375 0.059375
0 0.7078125 0.33984375 0.059375 0.059375
0 0.5203125 0.80234375 0.0609375 0.0609375
0 0.58515625 0.98359375 0.0609375 0.0328125
0 0.6953125 0.884375 0.0609375 0.059375
0 0.503125 0.15625 0.0640625 0.0625
0 0.96953125 0.25390625 0.0609375 0.059375
0 0.878125 0.415625 0.0625 0.0609375
0 0.63984375 0.278125 0.0609375 0.0609375
0 0.22421875 0.18984375 0.059375 0.0578125
0 0.95703125 0.6625 0.05 0.0578125
0 0.33046875 0.0734375 0.059375 0.0609375
0 0.61875 0.3625 0.0609375 0.059375
0 0.66328125 0.64296875 0.059375 0.0609375
0 0.371875 0.9484375 0.0625 0.0625
0 0.4328125 0.09609375 0.0625 0.0625
0 0.25625 0.28828125 0.0609375 0.059375
0 0.571875 0.8125 0.0609375 0.0609375
0 0.67578125 0.23828125 0.059375 0.0609375
0 0.85234375 0.78125 0.0625 0.0609375
0 0.74921875 0.6109375 0.059375 0.059375
0 0.246875 0.55859375 0.0609375 0.0625
0 0.675 0.96875 0.059375 0.059375
0 0.54375 0.57890625 0.0625 0.0609375
0 0.490625 0.5625 0.0609375 0.0609375
0 0.38046875 0.08828125 0.059375 0.059375
0 0.121875 0.03359375 0.059375 0.059375
0 0.4484375 0.88046875 0.0609375 0.0609375
0 0.4875 0.1046875 0.0625 0.0609375
0 0.16484375 0.30390625 0.05625 0.0578125
0 0.571875 0.21796875 0.0609375 0.0609375
0 0.83515625 0.86875 0.0609375 0.0609375
0 0.54609375 0.4359375 0.0625 0.0609375
0 0.68515625 0.421875 0.0609375 0.0609375
0 0.27578125 0.20546875 0.059375 0.059375
0 0.46640625 0.646875 0.0609375 0.0609375
0 0.496875 0.43046875 0.059375 0.059375
0 0.90234375 0.92890625 0.05625 0.059375
0 0.33671875 0.53359375 0.059375 0.0609375
0 0.94921875 0.340625 0.059375 0.059375
0 0.49921875 0.28984375 0.059375 0.0609375
0 0.31171875 0.75859375 0.059375 0.059375
0 0.315625 0.02890625 0.059375 0.0578125
0 0.8625 0.36796875 0.0609375 0.0609375
0 0.47890625 0.97109375 0.0609375 0.0578125
0 0.8296875 0.26484375 0.059375 0.059375
0 0.5203125 0.2046875 0.0609375 0.0609375
0 0.65546875 0.32890625 0.0609375 0.059375
0 0.89375 0.603125 0.0609375 0.0609375
0 0.20859375 0.14765625 0.059375 0.059375
0 0.48359375 0.23828125 0.0625 0.059375
0 0.415625 0.04296875 0.059375 0.059375
0 0.1921875 0.09375 0.0625 0.0609375
0 0.5671875 0.353125 0.0609375 0.059375
0 0.58828125 0.72109375 0.0609375 0.0609375
0 0.1578125 0.13359375 0.059375 0.059375
0 0.60078125 0.453125 0.0609375 0.0609375
0 0.434375 0.69140625 0.0625 0.0609375
0 0.36640625 0.62734375 0.0578125 0.059375
0 0.1734375 0.04140625 0.059375 0.0578125
0 0.17421875 0.1828125 0.0578125 0.0578125
0 0.9859375 0.346875 0.028125 0.059375
0 0.296875 0.11640625 0.059375 0.059375
0 0.2875 0.3828125 0.059375 0.059375
0 0.64140625 0.86953125 0.0609375 0.0609375
0 0.85703125 0.63828125 0.0609375 0.059375
0 0.3265625 0.2109375 0.059375 0.059375
0 0.603125 0.31328125 0.0609375 0.0609375
0 0.43125 0.2265625 0.059375 0.059375
0 0.3546875 0.44375 0.059375 0.0609375
0 0.846875 0.1796875 0.059375 0.059375
0 0.46328125 0.92890625 0.059375 0.059375
0 0.2296875 0.05234375 0.0609375 0.059375
0 0.92734375 0.70703125 0.0578125 0.059375
0 0.45234375 0.59921875 0.0640625 0.0625
0 0.690625 0.99375 0.059375 0.0125
0 0.34453125 0.7203125 0.0609375 0.059375
0 0.78046875 0.9828125 0.0609375 0.034375
0 0.7734375 0.665625 0.059375 0.0609375
0 0.58125 0.53828125 0.0609375 0.0609375
0 0.8140625 0.21796875 0.059375 0.059375
0 0.7484375 0.7609375 0.0578125 0.0578125
0 0.528125 0.38359375 0.059375 0.059375
0 0.83125 0.98671875 0.059375 0.0265625
0 0.71640625 0.0640625 0.0609375 0.0625
0 0.76171875 0.20859375 0.0609375 0.0609375
0 0.42421875 0.50234375 0.059375 0.0609375
0 0.55 0.3015625 0.059375 0.0609375
0 0.44375 0.4171875 0.059375 0.059375
0 0.91953125 0.1078125 0.0609375 0.059375
0 0.21875 0.325 0.0609375 0.059375
0 0.3390625 0.26015625 0.0578125 0.0578125
0 0.80703125 0.34921875 0.0609375 0.0609375
0 0.784375 0.12265625 0.059375 0.059375
0 0.4484375 0.28125 0.059375 0.0609375
0 0.66796875 0.509375 0.0609375 0.0609375
0 0.534375 0.2546875 0.0609375 0.0609375
0 0.559375 0.6296875 0.059375 0.0578125
0 0.96796875 0.3890625 0.059375 0.059375
0 0.55234375 0.9 0.059375 0.0609375
0 0.540625 0.11953125 0.0609375 0.0609375
0 0.23984375 0.2375 0.059375 0.0609375
0 0.39296875 0.8703125 0.059375 0.059375
0 0.428125 0.9625 0.0609375 0.0625
0 0.73203125 0.721875 0.059375 0.059375
0 0.7109375 0.653125 0.059375 0.059375
0 0.821875 0.53671875 0.059375 0.0609375
0 0.6203125 0.9578125 0.0609375 0.0609375
0 0.45078125 0.15234375 0.059375 0.059375
0 0.559375 0.0359375 0.0625 0.0609375
0 0.390625 0.26171875 0.0609375 0.0609375
0 0.0921875 0.07109375 0.04375 0.0546875
0 0.91171875 0.65703125 0.0609375 0.059375
0 0.375 0.221875 0.0609375 0.0578125
0 0.46953125 0.05390625 0.0625 0.059375
0 0.60546875 0.91015625 0.0625 0.0609375
0 0.93671875 0.15859375 0.0609375 0.0609375
0 0.41640625 0.18125 0.0625 0.059375
0 0.53359375 0.97734375 0.0609375 0.0453125
0 0.82109375 0.6796875 0.0578125 0.05625
0 0.41640625 0.64375 0.059375 0.059375
0 0.27890625 0.659375 0.0609375 0.059375
0 0.35546875 0.89921875 0.0625 0.0609375
0 0.2640625 0.60703125 0.059375 0.059375
0 0.41640625 0.32265625 0.05625 0.0578125
0 0.784375 0.7203125 0.0578125 0.0578125
0 0.628125 0.6828125 0.059375 0.059375
0 0.696875 0.15625 0.059375 0.059375
0 0.91796875 0.24609375 0.0578125 0.059375
0 0.4640625 0.33125 0.0578125 0.0578125
0 0.4828125 0.84140625 0.0609375 0.0609375
0 0.23046875 0.50703125 0.0625 0.059375
0 0.62890625 0.09375 0.059375 0.059375
0 0.57578125 0.6734375 0.059375 0.059375
0 0.39765625 0.01328125 0.0609375 0.0265625
0 0.1625 0.0140625 0.059375 0.028125
0 0.8484375 0.31875 0.0609375 0.059375
0 0.8671875 0.09921875 0.0578125 0.0578125
0 0.45859375 0.02109375 0.0578125 0.0421875
0 0.203125 0.27578125 0.059375 0.059375
0 0.359375 0.3046875 0.0609375 0.059375
0 0.6125 0.64140625 0.0578125 0.0578125
0 0.51015625 0.61953125 0.059375 0.059375
0 0.51171875 0.47890625 0.059375 0.0609375
0 0.91953125 0.84296875 0.0546875 0.059375
0 0.740625 0.3 0.059375 0.059375
0 0.9875 0.2140625 0.025 0.059375
0 0.803125 0.62109375 0.0609375 0.0625
0 0.51484375 0.3375 0.0578125 0.0578125
0 0.61015625 0.184375 0.059375 0.059375
0 0.9390625 0.75078125 0.0515625 0.0578125
0 0.70703125 0.92890625 0.0625 0.0609375
0 0.3296875 0.8359375 0.0609375 0.0609375
0 0.790625 0.57890625 0.059375 0.0578125
0 0.115625 0.153125 0.0578125 0.05625
0 0.30625 0.3 0.05625 0.0578125
0 0.375 0.3578125 0.059375 0.059375
0 0.64921875 0.6015625 0.0578125 0.0578125
0 0.7921875 0.30390625 0.059375 0.0609375
0 0.29296875 0.253125 0.059375 0.0578125
0 0.7359375 0.5703125 0.059375 0.059375
0 0.190625 0.23203125 0.0578125 0.0546875
0 0.87734375 0.69375 0.059375 0.0578125
0 0.21875 0.46484375 0.05625 0.0546875
0 0.2 0.41015625 0.0578125 0.0578125
0 0.12734375 0.196875 0.059375 0.059375
0 0.10078125 0.1140625 0.0578125 0.0546875
0 0.728125 0.68515625 0.0578125 0.0546875
0 0.33359375 0.80390625 0.0578125 0.0546875