0 0.3625 0.5640625 0.0578125 0.0578125
0 0.26796875 0.79921875 0.0578125 0.0578125
0 0.03359375 0.44375 0.05625 0.0578125
0 0.1625 0.5953125 0.0578125 0.0578125
0 0.26953125 0.17421875 0.0546875 0.05625
0 0.12421875 0.8390625 0.0578125 0.0578125
0 0.596875 0.2859375 0.05625 0.05625
0 0.0375 0.34921875 0.05625 0.0578125
0 0.48828125 0.18671875 0.05625 0.0578125
0 0.03203125 0.20546875 0.028125 0.0578125
0 0.8234375 0.203125 0.05625 0.0578125
0 0.13671875 0.64453125 0.0578125 0.0578125
0 0.1171875 0.93828125 0.0578125 0.0578125
0 0.05234375 0.590625 0.0578125 0.0578125
0 0.61953125 0.43046875 0.05625 0.0578125
0 0.3953125 0.41953125 0.05625 0.059375
0 0.30546875 0.55859375 0.0578125 0.059375
0 0.71328125 0.1984375 0.0578125 0.05625
0 0.40546875 0.22578125 0.0578125 0.0578125
0 0.771875 0.028125 0.0546875 0.0234375
0 0.4171875 0.03828125 0.05625 0.05625
0 0.60703125 0.01796875 0.0546875 0.0265625
0 0.1609375 0.165625 0.0578125 0.0578125
0 0.15546875 0.79453125 0.059375 0.059375
0 0.06875 0.8359375 0.0578125 0.059375
0 0.24296875 0.2171875 0.05625 0.05625
0 0.44453125 0.0109375 0.0546875 0.021875
0 0.025 0.6375 0.05 0.05625
0 0.54609375 0.18828125 0.05625 0.05625
0 0.32265625 0.80234375 0.0578125 0.0578125
0 0.41953125 0.565625 0.0578125 0.0578125
0 0.50078125 0.01171875 0.0546875 0.0234375
0 0.04921875 0.1578125 0.05625 0.0578125
0 0.37421875 0.36875 0.05625 0.05625
0 0.340625 0.4171875 0.0578125 0.0578125
0 0.44296875 0.61640625 0.05625 0.05625
0 0.55546875 0.61875 0.05625 0.05625
0 0.32109375 0.9 0.0578125 0.059375
0 0.29609375 0.7546875 0.0578125 0.0578125
0 0.25859375 0.36484375 0.05625 0.05625
0 0.45078125 0.41953125 0.0578125 0.0578125
0 0.3109375 0.46171875 0.05625 0.05625
0 0.0640625 0.93359375 0.05625 0.0578125
0 0.21875 0.0765625 0.0578125 0.0578125
0 0.2453125 0.6484375 0.059375 0.059375
0 0.63046875 0.14609375 0.0578125 0.05625
0 0.43515625 0.80859375 0.0578125 0.0578125
0 0.04375 0.78671875 0.0578125 0.0578125
0 0.15 0.35703125 0.0578125 0.0578125
0 0.45703125 0.33046875 0.0546875 0.0578125
0 0.23125 0.409375 0.05625 0.0578125
0 0.0765625 0.1140625 0.0578125 0.05625
0 0.51484375 0.2328125 0.0578125 0.0578125
0 0.31640625 0.36640625 0.0578125 0.0578125
0 0.42109375 0.46953125 0.0578125 0.05625
0 0.0203125 0.8296875 0.040625 0.059375
0 0.43359375 0.1828125 0.05625 0.05625
0 0.40625 0.85546875 0.0578125 0.0609375
0 0.353125 0.75546875 0.0578125 0.059375
0 0.53359375 0.4734375 0.0578125 0.0578125
0 0.49609375 0.09296875 0.0578125 0.05625
0 0.96875 0.06875 0.0578125 0.05625
0 0.1328125 0.2109375 0.0578125 0.0578125
0 0.6859375 0.15 0.05625 0.0578125
0 0.1203125 0.40234375 0.05625 0.0578125
0 0.0765625 0.2078125 0.059375 0.059375
0 0.56796875 0.2390625 0.05625 0.0578125
0 0.1875 0.646875 0.05625 0.0578125
0 0.32421875 0.178125 0.05625 0.05625
0 0.625 0.23984375 0.0578125 0.0578125
0 0.203125 0.3625 0.05625 0.0578125
0 0.440625 0.0890625 0.0578125 0.0578125
0 0.503125 0.51953125 0.0578125 0.0578125
0 0.7671875 0.20234375 0.05625 0.0578125
0 0.33359375 0.00703125 0.0546875 0.0140625
0 0.275 0.60390625 0.0578125 0.0578125
0 0.85078125 0.159375 0.05625 0.05625
0 0.13515625 0.115625 0.0578125 0.0578125
0 0.6 0.19375 0.05625 0.0578125
0 0.17578125 0.40703125 0.0578125 0.0578125
0 0.64375 0.48046875 0.059375 0.059375
0 0.85546875 0.0609375 0.0578125 0.0578125
0 0.7921875 0.25078125 0.05625 0.0578125
0 0.196875 0.45546875 0.05625 0.05625
0 0.35859375 0.659375 0.0578125 0.0578125
0 0.14453125 0.453125 0.0578125 0.0578125
0 0.38828125 0.009375 0.0546875 0.01875
0 0.06796875 0.30625 0.0578125 0.0578125
0 0.33125 0.6109375 0.0578125 0.0578125
0 0.67421875 0.4328125 0.0578125 0.0578125
0 0.25078125 0.553125 0.0578125 0.05625
0 0.59375 0.3828125 0.05625 0.05625
0 0.4640625 0.7625 0.05625 0.05625
0 0.58984375 0.4796875 0.05625 0.05625
0 0.73203125 0.4390625 0.05625 0.0546875
0 0.12265625 0.31015625 0.05625 0.0578125
0 0.21796875 0.60078125 0.0578125 0.0578125
0 0.0375 0.88046875 0.0578125 0.059375
0 0.3296875 0.7046875 0.0578125 0.0578125
0 0.509375 0.42578125 0.0578125 0.0578125
0 0.49765625 0.61875 0.0578125 0.0578125
0 0.02734375 0.54140625 0.0546875 0.0578125
0 0.16484375 0.0703125 0.05625 0.0578125
0 0.071875 0.740625 0.0578125 0.059375
0 0.36015625 0.03359375 0.0578125 0.0578125
0 0.63359375 0.04921875 0.05625 0.05625
0 0.52734375 0.04609375 0.0578125 0.0578125
0 0.66328125 0.021875 0.0546875 0.0265625
0 0.53984375 0.3765625 0.05625 0.05625
0 0.1390625 0.025 0.05625 0.05
0 0.22265625 0.003125 0.0546875 0.00625
0 0.40859375 0.13515625 0.05625 0.0578125
0 0.42890625 0.37265625 0.0546875 0.05625
0 0.49609375 0.7140625 0.0578125 0.0578125
0 0.34921875 0.85390625 0.0578125 0.0578125
0 0.215625 0.16953125 0.0578125 0.059375
0 0.14140625 0.5453125 0.05625 0.0578125
0 0.29765625 0.13046875 0.0546875 0.05625
0 0.0546875 0.06484375 0.0546875 0.0578125
0 0.7359375 0.24921875 0.0578125 0.05625
0 0.34921875 0.2234375 0.0578125 0.0578125
0 0.29296875 0.2234375 0.0546875 0.05625
0 0.021875 0.73046875 0.04375 0.0578125
0 0.525 0.6671875 0.0578125 0.0578125
0 0.03671875 0.11328125 0.025 0.053125
0 0.2359375 0.84609375 0.0578125 0.0578125
0 0.26328125 0.89609375 0.0578125 0.059375
0 0.40390625 0.32421875 0.0578125 0.0578125
0 0.36484375 0.4671875 0.05625 0.0578125
0 0.0203125 0.39453125 0.03125 0.0546875
0 0.18046875 0.3078125 0.05625 0.0546875
0 0.79921875 0.059375 0.0578125 0.05625
0 0.58359375 0.57265625 0.05625 0.05625
0 0.025 0.3 0.028125 0.0546875
0 0.1765625 0.940625 0.05625 0.05625
0 0.04453125 0.02109375 0.0265625 0.0421875
0 0.478125 0.46953125 0.0578125 0.0578125
0 0.30390625 0.03125 0.0578125 0.0578125
0 0.21015625 0.7984375 0.05625 0.0578125
0 0.678125 0.340625 0.05625 0.05625
0 0.07734375 0.64140625 0.0578125 0.0578125
0 0.71640625 0.0265625 0.0546875 0.028125
0 0.57890625 0.0484375 0.0546875 0.05625
0 0.3515625 0.12890625 0.0578125 0.0578125
0 0.30078125 0.65625 0.0578125 0.0578125
0 0.10859375 0.59765625 0.0578125 0.059375
0 0.1890625 0.11953125 0.05625 0.05625
0 0.88125 0.03671875 0.0546875 0.025
0 0.22734375 0.50390625 0.05625 0.0578125
0 0.52890625 0.5703125 0.0578125 0.0578125
0 0.5203125 0.1421875 0.05625 0.05625
0 0.68046875 0.24453125 0.05625 0.05625
0 0.796875 0.15625 0.05625 0.05625
0 0.01796875 0.9296875 0.0359375 0.059375
0 0.1296875 0.74375 0.059375 0.059375
0 0.76328125 0.29765625 0.05625 0.05625
0 0.3765625 0.90234375 0.0578125 0.059375
0 0.70859375 0.29375 0.0578125 0.05625
0 0.55 0.0953125 0.0546875 0.05625
0 0.6140625 0.52890625 0.0578125 0.05625
0 0.7046875 0.38828125 0.05625 0.05625
0 0.6890625 0.0546875 0.0578125 0.05625
0 0.40859375 0.75546875 0.05625 0.0578125
0 0.7703125 0.10546875 0.05625 0.05625
0 0.1859375 0.74765625 0.0578125 0.0578125
0 0.46015625 0.23125 0.05625 0.0578125
0 0.2328125 0.9421875 0.05625 0.0578125
0 0.34765625 0.3203125 0.0578125 0.0578125
0 0.20625 0.8921875 0.05625 0.05625
0 0.7421875 0.1515625 0.05625 0.0578125
0 0.10859375 0.06875 0.05625 0.05625
0 0.24921875 0.02734375 0.0578125 0.0546875
0 0.11328125 0.49609375 0.0578125 0.0578125
0 0.1046875 0.16328125 0.059375 0.059375
0 0.48515625 0.28203125 0.0546875 0.05625
0 0.4625 0.85703125 0.0578125 0.0578125
0 0.65234375 0.290625 0.05625 0.05625
0 0.3203125 0.271875 0.05625 0.05625
0 0.10390625 0.69140625 0.0578125 0.0578125
0 0.0046875 0.8796875 0.009375 0.059375
0 0.33046875 0.08125 0.05625 0.05625
0 0.1609375 0.6984375 0.059375 0.059375
0 0.4328125 0.27734375 0.0578125 0.0578125
0 0.06328125 0.39921875 0.0578125 0.05625
0 0.38515625 0.70703125 0.05625 0.0578125
0 0.171875 0.50234375 0.05625 0.0578125
0 0.23515625 0.31484375 0.0546875 0.05625
0 0.2703125 0.70390625 0.0578125 0.059375
0 0.46953125 0.66640625 0.05625 0.05625
0 0.009375 0.68203125 0.01875 0.0546875
0 0.44765625 0.51875 0.0578125 0.0578125
0 0.2921875 0.84765625 0.059375 0.059375
0 0.2109375 0.26484375 0.05625 0.05625
0 0.5578125 0.52265625 0.05625 0.05625
0 0.5109375 0.3265625 0.05625 0.0578125
0 0.046875 0.68828125 0.0578125 0.05625
0 0.28515625 0.94765625 0.05625 0.05625
0 0.0421875 0.2546875 0.05625 0.0578125
0 0.2421875 0.75 0.05625 0.0578125
0 0.4328125 0.90625 0.0578125 0.0578125
0 0.0875 0.44921875 0.05625 0.0578125
0 0.3921875 0.515625 0.0578125 0.0578125
0 0.01171875 0.5921875 0.0234375 0.05625
0 0.1 0.26171875 0.05625 0.05625
0 0.25546875 0.45625 0.0578125 0.05625
0 0.73203125 0.34296875 0.05625 0.0578125
0 0.28984375 0.3171875 0.0578125 0.0578125
0 0.82734375 0.11015625 0.05625 0.0578125
0 0.38515625 0.084375 0.0578125 0.0578125
0 0.47265625 0.5671875 0.0546875 0.05625
0 0.05625 0.49375 0.0578125 0.0578125
0 0.1953125 0.55078125 0.0578125 0.0578125
0 0.8765625 0.20625 0.0546875 0.05625
0 0.0140625 0.49453125 0.028125 0.0578125
0 0.56796875 0.3328125 0.05625 0.0578125
0 0.6546875 0.1953125 0.05625 0.0578125
0 0.246875 0.12421875 0.05625 0.05625
0 0.66015625 0.09921875 0.05625 0.05625
0 0.09140625 0.88828125 0.0578125 0.0578125
0 0.3875 0.61171875 0.0578125 0.0578125
0 0.56484375 0.42890625 0.05625 0.05625
0 0.1953125 0.025 0.05625 0.05
0 0.0078125 0.78125 0.015625 0.05625
0 0.575 0.1421875 0.05625 0.05625
0 0.37890625 0.80390625 0.0578125 0.0578125
0 0.71640625 0.10390625 0.05625 0.0578125
0 0.46484375 0.13671875 0.05625 0.05625
0 0.6390625 0.578125 0.0578125 0.05625
0 0.26484375 0.2703125 0.0546875 0.05625
0 0.484375 0.375 0.0578125 0.0578125
0 0.37734375 0.18046875 0.05625 0.0578125
0 0.34375 0.95078125 0.0578125 0.05625
0 0.41640625 0.66015625 0.05625 0.05625
0 0.0828125 0.54375 0.0578125 0.0578125
0 0.28203125 0.5078125 0.05625 0.05625
0 0.5390625 0.28359375 0.05625 0.05625
0 0.55234375 0.0140625 0.053125 0.0265625
0 0.43984375 0.7125 0.0578125 0.05625
0 0.88125 0.1125 0.05625 0.05625
0 0.37578125 0.275 0.0578125 0.0578125
0 0.70546875 0.4828125 0.059375 0.0578125
0 0.1796875 0.84296875 0.05625 0.05625
0 0.64765625 0.384375 0.05625 0.05625
0 0.27578125 0.0046875 0.0546875 0.009375
0 0.21640625 0.7015625 0.05625 0.0578125
0 0.27265625 0.08203125 0.05625 0.0578125
0 0.084375 0.02421875 0.05625 0.0484375
0 0.3375 0.5125 0.05625 0.05625
0 0.9078125 0.16015625 0.05625 0.0546875
0 0.6734375 0.528125 0.0578125 0.0578125
0 0.090625 0.359375 0.05625 0.05625
0 0.82109375 0.30234375 0.0546875 0.0546875
0 0.621875 0.33671875 0.05625 0.05625
0 0.6046875 0.09765625 0.05625 0.05625
0 0.47109375 0.04375 0.0578125 0.05625
0 0.90859375 0.06640625 0.05625 0.0578125
0 0.609375 0.62109375 0.0546875 0.05625
0 0.09921875 0.7875 0.05625 0.05625
0 0.74453125 0.05703125 0.0546875 0.05625
0 0.84453125 0.25546875 0.05625 0.05625
0 0.4 0.953125 0.05625 0.05625
0 0.55390625 0.721875 0.05625 0.05625
0 0.28515625 0.41484375 0.0546875 0.05625
0 0.7890625 0.3453125 0.0578125 0.05625
0 0.9375 0.1140625 0.0546875 0.0546875
0 0.521875 0.76484375 0.0578125 0.05625
0 0.4921875 0.81015625 0.05625 0.0578125
0 0.58125 0.66953125 0.05625 0.05625
0 0.18515625 0.215625 0.0578125 0.0578125
0 0.76015625 0.39375 0.05625 0.05625
0 0.153125 0.26484375 0.05625 0.0546875