0 0.85078125 0.11796875 0.0578125 0.0578125
0 0.8765625 0.7515625 0.059375 0.0578125
0 0.765625 0.4015625 0.0578125 0.0578125
0 0.6515625 0.390625 0.059375 0.059375
0 0.83125 0.984375 0.059375 0.03125
0 0.35 0.0734375 0.05625 0.0578125
0 0.48984375 0.37734375 0.0578125 0.059375
0 0.90546875 0.1234375 0.05625 0.0578125
0 0.39375 0.171875 0.059375 0.0609375
0 0.425 0.12578125 0.0578125 0.059375
0 0.38203125 0.02734375 0.0578125 0.0546875
0 0.796875 0.35703125 0.059375 0.059375
0 0.7828125 0.54921875 0.0578125 0.059375
0 0.62578125 0.0984375 0.0578125 0.059375
0 0.50703125 0.1828125 0.0578125 0.0578125
0 0.84609375 0.79609375 0.0578125 0.059375
0 0.73984375 0.10859375 0.0578125 0.0578125
0 0.73984375 0.69375 0.059375 0.0609375
0 0.5203125 0.33046875 0.0578125 0.059375
0 0.56328125 0.77265625 0.059375 0.059375
0 0.6703125 0.5421875 0.059375 0.059375
0 0.63125 0.34140625 0.0609375 0.0609375
0 0.81640625 0.1640625 0.0609375 0.0609375
0 0.4828125 0.715625 0.0578125 0.0578125
0 0.96953125 0.371875 0.0578125 0.059375
0 0.73125 0.78984375 0.0609375 0.0609375
0 0.71640625 0.29921875 0.059375 0.059375
0 0.89453125 0.559375 0.0609375 0.0609375
0 0.8640625 0.60703125 0.0609375 0.0609375
0 0.3625 0.46328125 0.0578125 0.059375
0 0.57421875 0.33515625 0.059375 0.059375
0 0.5140625 0.0859375 0.05625 0.0578125
0 0.59453125 0.14296875 0.05625 0.0578125
0 0.675 0.78203125 0.059375 0.059375
0 0.8609375 0.95234375 0.0609375 0.0609375
0 0.91171875 0.36875 0.059375 0.059375
0 0.32734375 0.025 0.0578125 0.05
0 0.765625 0.74375 0.059375 0.059375
0 0.99453125 0.13359375 0.0109375 0.0578125
0 0.7953125 0.115625 0.0578125 0.059375
0 0.70078125 0.490625 0.059375 0.059375
0 0.3875 0.5125 0.0578125 0.0578125
0 0.4796875 0.13203125 0.059375 0.059375
0 0.6859375 0.34375 0.059375 0.0609375
0 0.49453125 0.2796875 0.0578125 0.0578125
0 0.9296875 0.17265625 0.059375 0.059375
0 0.8203125 0.7484375 0.0578125 0.059375
0 0.8 0.03671875 0.0546875 0.0296875
0 0.1859375 0.053125 0.0578125 0.0578125
0 0.75625 0.49765625 0.0578125 0.059375
0 0.53828125 0.72109375 0.059375 0.059375
0 0.93515625 0.98984375 0.0484375 0.0203125
0 0.90390625 0.4671875 0.0609375 0.0609375
0 0.88203125 0.4125 0.0578125 0.0578125
0 0.62734375 0.68359375 0.059375 0.059375
0 0.97890625 0.178125 0.0421875 0.059375
0 0.59921875 0.3859375 0.0578125 0.059375
0 0.54609375 0.6234375 0.0578125 0.0578125
0 0.33828125 0.165625 0.059375 0.059375
0 0.96015625 0.4703125 0.0578125 0.059375
0 0.61015625 0.87578125 0.0609375 0.0609375
0 0.67265625 0.196875 0.0578125 0.059375
0 0.7734375 0.98125 0.059375 0.0375
0 0.725 0.8890625 0.0578125 0.059375
0 0.8546875 0.36328125 0.0578125 0.059375
0 0.3828125 0.26640625 0.0578125 0.0578125
0 0.87421875 0.16796875 0.059375 0.0609375
0 0.371875 0.1203125 0.0578125 0.059375
0 0.26015625 0.10859375 0.059375 0.0578125
0 0.684375 0.6859375 0.0578125 0.0578125
0 0.71484375 0.97578125 0.0609375 0.0484375
0 0.65703125 0.9734375 0.0609375 0.053125
0 0.60234375 0.04765625 0.059375 0.059375
0 0.97109375 0.61796875 0.0453125 0.059375
0 0.45 0.1765625 0.059375 0.059375
0 0.93359375 0.759375 0.059375 0.059375
0 0.803125 0.94375 0.0609375 0.0609375
0 0.95234375 0.5671875 0.059375 0.0609375
0 0.40859375 0.31875 0.059375 0.059375
0 0.9515625 0.809375 0.0515625 0.059375
0 0.8796875 0.07421875 0.0578125 0.0578125
0 0.29453125 0.309375 0.05625 0.0578125
0 0.65234375 0.73359375 0.0578125 0.059375
0 0.71484375 0.05703125 0.0578125 0.059375
0 0.66015625 0.05078125 0.0578125 0.0578125
0 0.97734375 0.51953125 0.0453125 0.0578125
0 0.6359375 0.9265625 0.059375 0.059375
0 0.92109375 0.275 0.059375 0.059375
0 0.98125 0.0828125 0.0375 0.059375
0 0.70625 0.1515625 0.0578125 0.0578125
0 0.790625 0.7921875 0.0578125 0.0578125
0 0.9171875 0.95546875 0.059375 0.0609375
0 0.7265625 0.5453125 0.059375 0.059375
0 0.64375 0.48671875 0.059375 0.059375
0 0.45546875 0.665625 0.059375 0.0609375
0 0.55390625 0.528125 0.059375 0.059375
0 0.89921875 0.80546875 0.059375 0.0609375
0 0.58203125 0.2390625 0.059375 0.0609375
0 0.43203125 0.371875 0.0578125 0.0578125
0 0.403125 0.0765625 0.0578125 0.059375
0 0.709375 0.39453125 0.059375 0.059375
0 0.9640625 0.128125 0.0578125 0.059375
0 0.44453125 0.51796875 0.059375 0.059375
0 0.92578125 0.85703125 0.059375 0.0578125
0 0.6484375 0.146875 0.059375 0.059375
0 0.94453125 0.9078125 0.0484375 0.059375
0 0.6171875 0.19453125 0.0578125 0.0578125
0 0.98125 0.421875 0.0375 0.05625
0 0.78671875 0.209375 0.0578125 0.0578125
0 0.57890625 0.57890625 0.0609375 0.0609375
0 0.6671875 0.88125 0.059375 0.059375
0 0.35234375 0.31484375 0.059375 0.059375
0 0.52734375 0.234375 0.0578125 0.059375
0 0.43984375 0.03046875 0.05625 0.0578125
0 0.7734375 0.3078125 0.0578125 0.059375
0 0.83515625 0.896875 0.0609375 0.0609375
0 0.93515625 0.078125 0.059375 0.059375
0 0.8359375 0.55546875 0.0609375 0.0625
0 0.88984375 0.31640625 0.0578125 0.059375
0 0.32890625 0.26171875 0.059375 0.0578125
0 0.828125 0.07109375 0.05625 0.05625
0 0.9875 0.32734375 0.025 0.0546875
0 0.47578125 0.47265625 0.059375 0.059375
0 0.53984375 0.1390625 0.0578125 0.0578125
0 0.9 0.22109375 0.0578125 0.0578125
0 0.4640625 0.325 0.059375 0.0609375
0 0.8703125 0.509375 0.0609375 0.0609375
0 0.6359375 0.58515625 0.0609375 0.0609375
0 0.74921875 0.93828125 0.05625 0.0578125
0 0.86171875 0.265625 0.059375 0.059375
0 0.61328125 0.534375 0.0609375 0.0609375
0 0.6390625 0.24453125 0.0578125 0.059375
0 0.490625 0.61796875 0.0578125 0.0578125
0 0.64375 0.83046875 0.059375 0.059375
0 0.94296875 0.6625 0.059375 0.059375
0 0.85234375 0.70078125 0.0609375 0.0609375
0 0.37578125 0.365625 0.0578125 0.059375
0 0.74921875 0.5921875 0.05625 0.05625
0 0.62109375 0.7796875 0.0578125 0.059375
0 0.84140625 0.21484375 0.059375 0.0578125
0 0.6046875 0.2890625 0.059375 0.059375
0 0.2421875 0.05703125 0.0578125 0.0578125
0 0.69609375 0.25 0.0578125 0.059375
0 0.821875 0.40546875 0.059375 0.059375
0 0.596875 0.73046875 0.0578125 0.0578125
0 0.27109375 0.02109375 0.0578125 0.0421875
0 0.29453125 0.0671875 0.0578125 0.0578125
0 0.46484375 0.57109375 0.059375 0.059375
0 0.55078125 0.871875 0.0625 0.0609375
0 0.92890625 0.51796875 0.059375 0.0578125
0 0.86953125 0.8515625 0.059375 0.059375
0 0.5125 0.6703125 0.059375 0.059375
0 0.9609375 0.7109375 0.05 0.05625
0 0.50078125 0.5234375 0.0578125 0.059375
0 0.4390625 0.27109375 0.0578125 0.0578125
0 0.66328125 0.29453125 0.0578125 0.0578125
0 0.6015625 0.97109375 0.059375 0.0578125
0 0.81171875 0.503125 0.0609375 0.0609375
0 0.31875 0.3546875 0.0578125 0.0578125
0 0.83125 0.309375 0.059375 0.059375
0 0.46171875 0.0796875 0.0578125 0.05625
0 0.6609375 0.634375 0.059375 0.059375
0 0.43203125 0.61484375 0.0578125 0.0578125
0 0.90703125 0.7078125 0.0578125 0.059375
0 0.21484375 0.01875 0.0578125 0.0375
0 0.9359375 0.41796875 0.0578125 0.059375
0 0.56796875 0.43359375 0.0578125 0.059375
0 0.5625 0.1890625 0.05625 0.0578125
0 0.3625 0.22265625 0.0578125 0.0578125
0 0.509375 0.428125 0.0609375 0.0609375
0 0.74140625 0.353125 0.0578125 0.059375
0 0.53125 0.815625 0.05625 0.05625
0 0.7796875 0.89140625 0.0578125 0.0578125
0 0.5875 0.48515625 0.059375 0.059375
0 0.4203125 0.4640625 0.059375 0.059375
0 0.3203125 0.1171875 0.05625 0.05625
0 0.91875 0.61015625 0.059375 0.059375
0 0.7 0.83515625 0.059375 0.0578125
0 0.7296875 0.2046875 0.0609375 0.0609375
0 0.8453125 0.45625 0.059375 0.0578125
0 0.990625 0.2296875 0.01875 0.05625
0 0.97421875 0.2796875 0.0515625 0.059375
0 0.52265625 0.5734375 0.0578125 0.0578125
0 0.471875 0.2296875 0.0578125 0.0578125
0 0.82734375 0.6515625 0.059375 0.0578125
0 0.54921875 0.03984375 0.05625 0.05625
0 0.4515625 0.421875 0.0578125 0.0578125
0 0.803125 0.603125 0.0609375 0.0609375
0 0.69296875 0.5859375 0.059375 0.0578125
0 0.76015625 0.15703125 0.0578125 0.059375
0 0.91171875 0.04453125 0.0546875 0.025
0 0.67734375 0.43984375 0.0578125 0.0578125
0 0.2265625 0.15703125 0.0578125 0.059375
0 0.30546875 0.21171875 0.0609375 0.0609375
0 0.75546875 0.840625 0.059375 0.059375
0 0.49375 0.03515625 0.0578125 0.0578125
0 0.5859375 0.82578125 0.0609375 0.0609375
0 0.70703125 0.73984375 0.059375 0.059375
0 0.771875 0.065625 0.0578125 0.0578125
0 0.88515625 0.6578125 0.059375 0.0578125
0 0.57265625 0.6734375 0.0578125 0.0578125
0 0.89453125 0.9015625 0.059375 0.059375
0 0.68359375 0.10625 0.059375 0.0609375
0 0.603125 0.62890625 0.0578125 0.059375
0 0.953125 0.22421875 0.0578125 0.0578125
0 0.8078125 0.25859375 0.0578125 0.0578125
0 0.753125 0.2546875 0.0578125 0.0578125
0 0.50390625 0.76953125 0.0578125 0.0578125
0 0.69375 0.93125 0.0578125 0.0578125
0 0.96875 0.05 0.05625 0.0265625
0 0.159375 0.01484375 0.05625 0.0296875
0 0.57578125 0.9234375 0.0609375 0.059375
0 0.24765625 0.20625 0.0578125 0.0578125
0 0.79453125 0.69375 0.0578125 0.0578125
0 0.621875 0.43671875 0.05625 0.0578125
0 0.771875 0.64296875 0.0578125 0.05625
0 0.88515625 0.9859375 0.0578125 0.028125
0 0.39765625 0.415625 0.059375 0.0578125
0 0.7890625 0.45 0.0578125 0.0578125
0 0.5328125 0.47890625 0.0578125 0.0578125
0 0.33828125 0.40703125 0.059375 0.0578125
0 0.26875 0.25625 0.0609375 0.0609375
0 0.28125 0.16328125 0.0578125 0.0578125
0 0.71953125 0.63828125 0.05625 0.0578125
0 0.81328125 0.84609375 0.0578125 0.0578125
0 0.20546875 0.10390625 0.0578125 0.0578125
0 0.54453125 0.38046875 0.0578125 0.059375
0 0.54921875 0.284375 0.0578125 0.0578125
0 0.41875 0.2234375 0.0578125 0.05625
0 0.7328125 0.446875 0.0578125 0.0578125
0 0.56953125 0.09140625 0.0578125 0.0578125
0 0.9453125 0.32109375 0.05625 0.05625
0 0.41015625 0.5609375 0.0578125 0.0609375