0 0.828125 0.88671875 0.05625 0.0578125
0 0.47265625 0.390625 0.059375 0.0578125
0 0.64609375 0.096875 0.05625 0.0578125
0 0.153125 0.709375 0.0578125 0.05625
0 0.53671875 0.66875 0.0578125 0.0578125
0 0.0140625 0.82421875 0.028125 0.0578125
0 0.63359375 0.54609375 0.05625 0.0578125
0 0.69453125 0.68984375 0.0578125 0.0578125
0 0.90703125 0.71953125 0.0578125 0.05625
0 0.71328125 0.375 0.0578125 0.0578125
0 0.51171875 0.8453125 0.0578125 0.0578125
0 0.821875 0.75703125 0.05625 0.05625
0 0.6828125 0.778125 0.0578125 0.0578125
0 0.68046875 0.41796875 0.05625 0.0578125
0 0.54375 0.44453125 0.05625 0.0578125
0 0.9828125 0.09921875 0.034375 0.0578125
0 0.76328125 0.97109375 0.05625 0.05625
0 0.52421875 0.7578125 0.05625 0.0578125
0 0.12421875 0.02734375 0.0578125 0.0546875
0 0.365625 0.7390625 0.0578125 0.059375
0 0.31015625 0.7296875 0.059375 0.059375
0 0.4 0.69453125 0.0578125 0.0578125
0 0.95078125 0.22578125 0.0578125 0.0578125
0 0.5109375 0.12578125 0.05625 0.0578125
0 0.76953125 0.74296875 0.0578125 0.0578125
0 0.97734375 0.54375 0.0453125 0.05625
0 0.4703125 0.7515625 0.059375 0.0578125
0 0.01640625 0.4609375 0.0328125 0.05625
0 0.4390625 0.07265625 0.0578125 0.05625
0 0.56953125 0.6296875 0.05625 0.0578125
0 0.7875 0.428125 0.0578125 0.0578125
0 0.74921875 0.6953125 0.0578125 0.0578125
0 0.71640625 0.7375 0.05625 0.05625
0 0.8703125 0.39765625 0.0578125 0.0578125
0 0.73125 0.990625 0.05625 0.01875
0 0.1609375 0.48125 0.05625 0.0578125
0 0.3171875 0.86640625 0.0578125 0.0578125
0 0.7015625 0.46328125 0.0578125 0.0578125
0 0.678125 0.05390625 0.0578125 0.0578125
0 0.171875 0.75625 0.05625 0.0578125
0 0.24765625 0.08515625 0.05625 0.0578125
0 0.43984375 0.79453125 0.05625 0.0578125
0 0.62890625 0.77109375 0.0578125 0.0578125
0 0.634375 0.18359375 0.05625 0.05625
0 0.56171875 0.13203125 0.05625 0.0578125
0 0.3859375 0.425 0.05625 0.0578125
0 0.2046875 0.7171875 0.05625 0.05625
0 0.1 0.70078125 0.0578125 0.059375
0 0.17578125 0.0328125 0.0578125 0.0578125
0 0.09140625 0.06796875 0.059375 0.059375
0 0.76640625 0.3796875 0.0578125 0.059375
0 0.93046875 0.53984375 0.0578125 0.05625
0 0.7546875 0.46640625 0.05625 0.0578125
0 0.01171875 0.6875 0.0234375 0.05625
0 0.478125 0.52734375 0.05625 0.05625
0 0.59375 0.09296875 0.0578125 0.0578125
0 0.67109375 0.865625 0.0578125 0.0578125
0 0.453125 0.70390625 0.0578125 0.0578125
0 0.0265625 0.6484375 0.053125 0.05625
0 0.59765625 0.8125 0.05625 0.0578125
0 0.55859375 0.71796875 0.05625 0.05625
0 0.2265625 0.7640625 0.059375 0.0578125
0 0.075 0.515625 0.0578125 0.0578125
0 0.8359375 0.078125 0.0578125 0.0578125
0 0.24140625 0.3125 0.05625 0.05625
0 0.609375 0.72421875 0.0578125 0.0578125
0 0.046875 0.69609375 0.0578125 0.0578125
0 0.67578125 0.9875 0.0578125 0.025
0 0.1953125 0.08359375 0.0578125 0.0578125
0 0.921875 0.4 0.0578125 0.0578125
0 0.54921875 0.21640625 0.0546875 0.0546875
0 0.853125 0.35078125 0.05625 0.0578125
0 0.86328125 0.8453125 0.05625 0.05625
0 0.1109375 0.115625 0.0578125 0.0578125
0 0.46328125 0.97265625 0.0578125 0.0546875
0 0.78203125 0.6546875 0.05625 0.05625
0 0.184375 0.66875 0.0578125 0.05625
0 0.41796875 0.3796875 0.0578125 0.0578125
0 0.353125 0.8265625 0.0578125 0.0578125
0 0.39140625 0.196875 0.05625 0.05625
0 0.77578125 0.88203125 0.05625 0.05625
0 0.85390625 0.71171875 0.05625 0.0578125
0 0.575 0.0421875 0.0578125 0.0578125
0 0.51015625 0.48359375 0.0578125 0.0578125
0 0.3125 0.36640625 0.0578125 0.05625
0 0.16015625 0.11953125 0.05625 0.05625
0 0.97734375 0.18515625 0.0453125 0.0578125
0 0.2078125 0.3515625 0.05625 0.0578125
0 0.70390625 0.8265625 0.0578125 0.05625
0 0.825 0.1671875 0.0578125 0.0578125
0 0.840625 0.440625 0.0578125 0.0578125
0 0.7515625 0.1109375 0.059375 0.0578125
0 0.91875 0.98125 0.053125 0.0375
0 0.62265625 0.63671875 0.0578125 0.0578125
0 0.8140625 0.9734375 0.05625 0.053125
0 0.3875 0.7859375 0.0578125 0.0578125
0 0.4265625 0.51953125 0.05625 0.05625
0 0.18203125 0.16796875 0.0578125 0.05625
0 0.89765625 0.21953125 0.0578125 0.0578125
0 0.8890625 0.0859375 0.0578125 0.0578125
0 0.9546875 0.725 0.0484375 0.05625
0 0.990625 0.3640625 0.01875 0.05625
0 0.93828125 0.67578125 0.059375 0.0578125
0 0.66875 0.50546875 0.0578125 0.0578125
0 0.5953125 0.45078125 0.0578125 0.0578125
0 0.5828125 0.53828125 0.0578125 0.0578125
0 0.740625 0.19921875 0.0578125 0.05625
0 0.628125 0.40703125 0.059375 0.0578125
0 0.03671875 0.41953125 0.059375 0.0578125
0 0.88671875 0.66953125 0.0578125 0.0578125
0 0.05 0.1953125 0.0390625 0.0546875
0 0.37890625 0.64765625 0.0578125 0.0578125
0 0.45859375 0.84140625 0.0578125 0.0578125
0 0.9625 0.13828125 0.0578125 0.0578125
0 0.39921875 0.33359375 0.0578125 0.0578125
0 0.58125 0.178125 0.0578125 0.05625
0 0.86015625 0.48671875 0.0578125 0.0578125
0 0.73046875 0.65 0.0578125 0.0578125
0 0.03359375 0.78203125 0.0578125 0.0578125
0 0.6171875 0.859375 0.0578125 0.0578125
0 0.95078125 0.5875 0.05625 0.05625
0 0.334375 0.0546875 0.05625 0.0578125
0 0.3203125 0.1390625 0.0578125 0.0578125
0 0.846875 0.575 0.0578125 0.0578125
0 0.4359375 0.42890625 0.0578125 0.0578125
0 0.4046875 0.471875 0.05625 0.05625
0 0.0171875 0.6015625 0.034375 0.05625
0 0.615625 0.49609375 0.059375 0.0578125
0 0.48515625 0.6609375 0.0578125 0.0578125
0 0.07265625 0.878125 0.05625 0.05625
0 0.175 0.39609375 0.0578125 0.0578125
0 0.52578125 0.02890625 0.05625 0.05625
0 0.23203125 0.89453125 0.05625 0.059375
0 0.60625 0.0203125 0.0515625 0.028125
0 0.24609375 0.45 0.05625 0.05625
0 0.8046875 0.11796875 0.05625 0.0578125
0 0.4171875 0.02421875 0.059375 0.0484375
0 0.8125 0.04453125 0.053125 0.0265625
0 0.3640625 0.37421875 0.05625 0.0578125
0 0.53046875 0.89296875 0.0578125 0.05625
0 0.2984375 0.81953125 0.0578125 0.0578125
0 0.3265625 0.6390625 0.05625 0.05625
0 0.23125 0.17265625 0.0546875 0.0546875
0 0.4265625 0.88203125 0.05625 0.0578125
0 0.1015625 0.3421875 0.05625 0.0578125
0 0.375 0.87578125 0.0578125 0.05625
0 0.94140625 0.09296875 0.0578125 0.0578125
0 0.8328125 0.659375 0.0578125 0.05625
0 0.259375 0.36171875 0.05625 0.05625
0 0.11953125 0.75078125 0.05625 0.05625
0 0.19375 0.4421875 0.0578125 0.05625
0 0.51640625 0.97578125 0.0578125 0.0484375
0 0.55625 0.35234375 0.05625 0.05625
0 0.39140625 0.9234375 0.05625 0.05625
0 0.93046875 0.90234375 0.053125 0.05625
0 0.4125 0.96875 0.0578125 0.0546875
0 0.7203125 0.1515625 0.0578125 0.0578125
0 0.15859375 0.8453125 0.05625 0.05625
0 0.28203125 0.0515625 0.0546875 0.0546875
0 0.78828125 0.79453125 0.0578125 0.0578125
0 0.59921875 0.2203125 0.0578125 0.05625
0 0.878125 0.5359375 0.05625 0.05625
0 0.13046875 0.65546875 0.0578125 0.0578125
0 0.8 0.3390625 0.0578125 0.05625
0 0.4046875 0.11171875 0.05625 0.05625
0 0.1796875 0.528125 0.05625 0.05625
0 0.3328125 0.4140625 0.0578125 0.05625
0 0.79375 0.209375 0.0578125 0.05625
0 0.58359375 0.9015625 0.0578125 0.05625
0 0.9015625 0.9421875 0.0578125 0.0578125
0 0.87890625 0.17421875 0.0578125 0.0578125
0 0.30625 0.95390625 0.0578125 0.0578125
0 0.82734375 0.5265625 0.0578125 0.0578125
0 0.08515625 0.790625 0.0578125 0.05625
0 0.278125 0.40390625 0.05625 0.05625
0 0.1359375 0.30078125 0.05625 0.0578125
0 0.3515625 0.46015625 0.059375 0.0578125
0 0.45078125 0.340625 0.0578125 0.0578125
0 0.18828125 0.30390625 0.0578125 0.05625
0 0.64375 0.6859375 0.05625 0.05625
0 0.9390625 0.3171875 0.0578125 0.0578125
0 0.5453125 0.809375 0.0578125 0.0578125
0 0.48984375 0.43515625 0.059375 0.059375
0 0.3546875 0.10546875 0.0578125 0.05625
0 0.47734375 0.16171875 0.0578125 0.0578125
0 0.73515625 0.78515625 0.05625 0.0578125
0 0.91171875 0.49609375 0.05625 0.05625
0 0.16484375 0.62109375 0.0578125 0.0578125
0 0.26484375 0.859375 0.0578125 0.0578125
0 0.95703125 0.3671875 0.05625 0.05625
0 0.2578125 0.721875 0.0578125 0.0578125
0 0.69140625 0.9125 0.0578125 0.0578125
0 0.24609375 0.8140625 0.0578125 0.05625
0 0.68828125 0.55390625 0.059375 0.0578125
0 0.91328125 0.8546875 0.05625 0.0546875
0 0.9875 0.234375 0.025 0.05625
0 0.6921875 0.325 0.05625 0.05625
0 0.5234375 0.3984375 0.05625 0.0578125
0 0.909375 0.1328125 0.0578125 0.059375
0 0.44140625 0.2046875 0.05625 0.05625
0 0.0890625 0.4296875 0.0578125 0.0578125
0 0.33828125 0.18984375 0.0578125 0.05625
0 0.2890625 0.6765625 0.0578125 0.0578125
0 0.4640625 0.6125 0.0578125 0.0578125
0 0.321875 0.4984375 0.0578125 0.05625
0 0.80234375 0.70390625 0.05625 0.0578125
0 0.50390625 0.346875 0.0578125 0.0578125
0 0.58984375 0.678125 0.0578125 0.0578125
0 0.2640625 0.01640625 0.05625 0.0328125
0 0.0484375 0.3296875 0.0578125 0.0578125
0 0.65703125 0.95546875 0.0578125 0.059375
0 0.2796875 0.77421875 0.0578125 0.0578125
0 0.3578125 0.234375 0.05625 0.0578125
0 0.72265625 0.5109375 0.05625 0.059375
0 0.14609375 0.9328125 0.059375 0.0578125
0 0.8734375 0.76171875 0.05625 0.05625
0 0.29453125 0.31953125 0.05625 0.0578125
0 0.15078125 0.2109375 0.05625 0.0578125
0 0.5296875 0.534375 0.0578125 0.0578125
0 0.5734375 0.39609375 0.0578125 0.0578125
0 0.50546875 0.7109375 0.0578125 0.0578125
0 0.22734375 0.40234375 0.0578125 0.0578125
0 0.2109375 0.00859375 0.059375 0.0171875
0 0.94765625 0.4578125 0.05625 0.0546875
0 0.38046875 0.2859375 0.0578125 0.0578125
0 0.63984375 0.321875 0.0578125 0.0578125
0 0.45703125 0.47734375 0.0578125 0.0578125
0 0.12109375 0.3875 0.0578125 0.05625
0 0.7296875 0.06953125 0.0578125 0.05625
0 0.56171875 0.49609375 0.0578125 0.0578125
0 0.70625 0.23984375 0.05625 0.0578125
0 0.109375 0.4796875 0.05625 0.05625
0 0.49765625 0.21328125 0.05625 0.0546875
0 0.775 0.5203125 0.0578125 0.059375
0 0.21953125 0.2671875 0.05625 0.05625
0 0.4828125 0.29765625 0.0578125 0.0578125
0 0.63671875 0.90859375 0.0578125 0.05625
0 0.0765625 0.15703125 0.0578125 0.05625
0 0.0234375 0.871875 0.046875 0.05625
0 0.67421875 0.64375 0.0578125 0.0578125
0 0.66171875 0.73125 0.05625 0.05625
0 0.16875 0.2609375 0.05625 0.05625
0 0.88515625 0.30859375 0.0578125 0.0578125
0 0.02109375 0.73515625 0.0421875 0.0578125
0 0.09296875 0.9265625 0.0578125 0.0578125
0 0.359375 0.9609375 0.0578125 0.05625
0 0.19453125 0.8046875 0.0578125 0.05625
0 0.60859375 0.36171875 0.05625 0.05625
0 0.42421875 0.15703125 0.0578125 0.05625
0 0.34453125 0.325 0.059375 0.0578125
0 0.74296875 0.921875 0.0578125 0.05625
0 0.096875 0.20390625 0.0578125 0.0578125
0 0.6609375 0.36796875 0.0578125 0.05625
0 0.66640625 0.14453125 0.0578125 0.0578125
0 0.44453125 0.56640625 0.05625 0.0578125
0 0.08203125 0.28984375 0.0578125 0.05625
0 0.1453125 0.56640625 0.05625 0.0578125
0 0.80625 0.4765625 0.0578125 0.0578125
0 0.53984375 0.08046875 0.05625 0.0578125
0 0.7578125 0.83515625 0.0578125 0.05625
0 0.06640625 0.7421875 0.0578125 0.0578125
0 0.1296875 0.16171875 0.05625 0.0578125
0 0.34375 0.690625 0.059375 0.0578125
0 0.22890625 0.52890625 0.05625 0.05625
0 0.92578125 0.76640625 0.0578125 0.05625
0 0.81796875 0.39140625 0.05625 0.0578125
0 0.1796875 0.890625 0.05625 0.0578125
0 0.02578125 0.5109375 0.0515625 0.059375
0 0.62265625 0.984375 0.0578125 0.03125
0 0.721875 0.87109375 0.05625 0.0578125
0 0.6015625 0.58984375 0.05625 0.0578125
0 0.603125 0.94765625 0.0578125 0.0578125
0 0.709375 0.6015625 0.0578125 0.0578125
0 0.56953125 0.97890625 0.0578125 0.0421875
0 0.8453125 0.2140625 0.05625 0.0578125
0 0.984375 0.45703125 0.03125 0.0546875
0 0.5140625 0.25625 0.0546875 0.0546875
0 0.7328125 0.42265625 0.0578125 0.0578125
0 0.490625 0.79921875 0.05625 0.0578125
0 0.91875 0.6296875 0.0578125 0.0578125
0 0.3328125 0.78046875 0.0578125 0.0578125
0 0.0265625 0.36953125 0.034375 0.0546875
0 0.75859375 0.24609375 0.0578125 0.0578125
0 0.15234375 0.34453125 0.0578125 0.0578125
0 0.55078125 0.58125 0.05625 0.05625
0 0.56640625 0.2625 0.0578125 0.0578125
0 0.5359375 0.31015625 0.05625 0.0578125
0 0.64921875 0.45625 0.0578125 0.059375
0 0.40546875 0.83515625 0.05625 0.05625
0 0.74453125 0.5640625 0.0578125 0.05625
0 0.809375 0.840625 0.05625 0.05625
0 0.81328125 0.2546875 0.05625 0.05625
0 0.57421875 0.76484375 0.05625 0.0578125
0 0.89921875 0.584375 0.05625 0.05625
0 0.41015625 0.2453125 0.05625 0.05625
0 0.86328125 0.2625 0.0578125 0.05625
0 0.325 0.27890625 0.0578125 0.0578125
0 0.846875 0.93515625 0.0578125 0.0578125
0 0.00625 0.9078125 0.0125 0.05625
0 0.784375 0.07109375 0.0578125 0.0578125
0 0.28515625 0.17734375 0.05625 0.05625
0 0.11640625 0.25390625 0.0578125 0.05625
0 0.89609375 0.809375 0.0578125 0.05625
0 0.6140625 0.1390625 0.0578125 0.05625
0 0.37265625 0.51015625 0.0578125 0.0578125
0 0.83984375 0.8015625 0.05625 0.05625
0 0.0390625 0.28515625 0.0390625 0.053125
0 0.85546875 0.1265625 0.0578125 0.059375
0 0.0765625 0.64921875 0.0578125 0.0578125
0 0.515625 0.62109375 0.0578125 0.0578125
0 0.06953125 0.38203125 0.0578125 0.0578125
0 0.9296875 0.18203125 0.0578125 0.0578125
0 0.8796875 0.89453125 0.0578125 0.0578125
0 0.78125 0.99453125 0.05625 0.0109375
0 0.79296875 0.9296875 0.05625 0.05625
0 0.4625 0.24765625 0.05625 0.05625
0 0.61875 0.265625 0.05625 0.0578125
0 0.13984375 0.79453125 0.0578125 0.0578125
0 0.33828125 0.5484375 0.0578125 0.05625
0 0.0625 0.24140625 0.0578125 0.0578125
0 0.44296875 0.928125 0.05625 0.05625
0 0.746875 0.3328125 0.0578125 0.0578125
0 0.8328125 0.30390625 0.05625 0.05625
0 0.9921875 0.146875 0.015625 0.05625
0 0.296875 0.09140625 0.0578125 0.05625
0 0.86484375 0.05234375 0.0546875 0.028125
0 0.9421875 0.81484375 0.0515625 0.0546875
0 0.86640625 0.62265625 0.05625 0.05625
0 0.9703125 0.27265625 0.05625 0.0578125
0 0.4140625 0.6125 0.0546875 0.05625
0 0.965625 0.634375 0.0484375 0.05625
0 0.90703125 0.3578125 0.05625 0.05625
0 0.19921875 0.93828125 0.05625 0.0578125
0 0.25390625 0.946875 0.0578125 0.059375
0 0.28671875 0.91015625 0.0578125 0.05625
0 0.77890625 0.29375 0.0578125 0.05625
0 0.25703125 0.58125 0.05625 0.0578125
0 0.05625 0.4671875 0.0578125 0.0578125
0 0.65 0.8171875 0.0578125 0.0578125
0 0.26640625 0.13203125 0.05625 0.05625
0 0.71015625 0.96328125 0.0578125 0.0578125
0 0.771875 0.159375 0.0578125 0.0578125
0 0.2390625 0.678125 0.05625 0.0546875
0 0.55 0.9421875 0.05625 0.05625
0 0.9171875 0.2671875 0.0578125 0.0578125
0 0.65625 0.23515625 0.05625 0.05625
0 0.3390625 0.91484375 0.05625 0.05625
0 0.15703125 0.00703125 0.0578125 0.0140625
0 0.2140625 0.1265625 0.0578125 0.0578125
0 0.36328125 0.02109375 0.0578125 0.0421875
0 0.26875 0.2640625 0.0578125 0.0578125
0 0.7609375 0.6078125 0.05625 0.05625
0 0.2296875 0.03828125 0.05625 0.05625
0 0.62578125 0.05078125 0.05625 0.05625
0 0.47734375 0.02734375 0.0578125 0.0546875
0 0.5875 0.3109375 0.0578125 0.05625
0 0.140625 0.4328125 0.0578125 0.0578125
0 0.496875 0.934375 0.0578125 0.05625
0 0.040625 0.5609375 0.0578125 0.0546875
0 0.47890625 0.88984375 0.05625 0.0546875
0 0.43203125 0.29140625 0.05625 0.05625
0 0.815625 0.61640625 0.05625 0.0546875
0 0.05234375 0.83046875 0.05625 0.0578125
0 0.21953125 0.640625 0.0578125 0.05625
0 0.49921875 0.5765625 0.05625 0.05625
0 0.19375 0.5734375 0.05625 0.05625
0 0.29609375 0.45 0.05625 0.0578125
0 0.125 0.88359375 0.0578125 0.0578125
0 0.98125 0.3234375 0.0375 0.05625
0 0.5640625 0.8578125 0.05625 0.05625
0 0.39453125 0.56328125 0.0578125 0.05625
0 0.65390625 0.59609375 0.0578125 0.0578125
0 0.8921875 0.44609375 0.05625 0.0578125
0 0.68828125 0.19375 0.0578125 0.0578125
0 0.10703125 0.8375 0.059375 0.0578125
0 0.384375 0.0640625 0.0578125 0.0578125
0 0.040625 0.9171875 0.0578125 0.0578125
0 0.72890625 0.28671875 0.05625 0.0578125
0 0.53046875 0.1734375 0.05625 0.05625
0 0.30546875 0.5921875 0.0546875 0.0546875
0 0.8671875 0.9765625 0.05625 0.046875
0 0.9734375 0.41015625 0.053125 0.0578125
0 0.271875 0.63515625 0.0546875 0.0546875
0 0.11328125 0.60859375 0.05625 0.05625
0 0.14453125 0.07890625 0.05625 0.05625
0 0.371875 0.153125 0.0546875 0.05625
0 0.0765625 0.02421875 0.05 0.0484375
0 0.0609375 0.60234375 0.05625 0.05625
0 0.67109375 0.28046875 0.05625 0.05625
0 0.3078125 0.2296875 0.0578125 0.05625
0 0.79609375 0.57109375 0.05625 0.0546875
0 0.31171875 0.01875 0.0546875 0.0375
0 0.09453125 0.56796875 0.05625 0.0546875
0 0.69765625 0.10234375 0.0578125 0.05625
0 0.009375 0.5546875 0.01875 0.053125
0 0.41875 0.7484375 0.05625 0.0578125
0 0.1984375 0.21875 0.05625 0.05625
0 0.9625 0.4953125 0.05625 0.05625
0 0.45703125 0.11484375 0.0578125 0.05625
0 0.28359375 0.53515625 0.0578125 0.059375
0 0.06484375 0.11328125 0.0484375 0.05625
0 0.43203125 0.65546875 0.05625 0.05625
0 0.49609375 0.071875 0.0546875 0.05625
0 0.209375 0.8484375 0.059375 0.0578125
0 0.26796875 0.49375 0.05625 0.0546875
0 0.76328125 0.03984375 0.0515625 0.028125
0 0.128125 0.52578125 0.0546875 0.0546875
0 0.25 0.21875 0.05625 0.0578125
0 0.21328125 0.4890625 0.05625 0.05625
0 0.3625 0.6015625 0.05625 0.0546875
0 0.21328125 0.60390625 0.0546875 0.053125