0 0.78046875 0.0796875 0.0515625 0.05234375
0 0.42734375 0.31015625 0.0515625 0.053125
0 0.3453125 0.82734375 0.05234375 0.05390625
0 0.425 0.59140625 0.05234375 0.053125
0 0.53984375 0.5921875 0.05234375 0.053125
0 0.21015625 0.5 0.053125 0.05234375
0 0.86328125 0.31171875 0.0515625 0.0515625
0 0.265625 0.59140625 0.053125 0.053125
0 0.26484375 0.3078125 0.053125 0.05390625
0 0.97421875 0.59140625 0.0515625 0.053125
0 0.64765625 0.5 0.0515625 0.05234375
0 0.17890625 0.825 0.05390625 0.0546875
0 0.2078125 0.68671875 0.053125 0.05390625
0 0.971875 0.3109375 0.053125 0.05390625
0 0.509375 0.078125 0.053125 0.053125
0 0.86328125 0.5921875 0.05234375 0.05234375
0 0.53828125 0.03359375 0.05234375 0.05234375
0 0.48125 0.78046875 0.053125 0.05390625
0 0.1 0.78046875 0.05078125 0.05234375
0 0.21328125 0.21796875 0.05234375 0.05234375
0 0.40234375 0.26640625 0.0515625 0.05234375
0 0.621875 0.8265625 0.053125 0.05390625
0 0.8390625 0.73515625 0.05390625 0.05390625
0 0.371875 0.59140625 0.053125 0.053125
0 0.29140625 0.73515625 0.05390625 0.05390625
0 0.98828125 0.82734375 0.0234375 0.0546875
0 0.0484375 0.30859375 0.05234375 0.05390625
0 0.48125 0.49921875 0.053125 0.053125
0 0.02421875 0.35625 0.0484375 0.053125
0 0.809375 0.50078125 0.05078125 0.05234375
0 0.91796875 0.21875 0.05390625 0.05234375
0 0.7 0.40625 0.05234375 0.05234375
0 0.70078125 0.496875 0.05234375 0.053125
0 0.10546875 0.03046875 0.05234375 0.053125
0 0.12578125 0.54453125 0.053125 0.053125
0 0.61875 0.26484375 0.0515625 0.053125
0 0.2328125 0.8265625 0.053125 0.05390625
0 0.34921875 0.07734375 0.05234375 0.05234375
0 0.26640625 0.03359375 0.0515625 0.05234375
0 0.1296875 0.2640625 0.053125 0.053125
0 0.5640625 0.7296875 0.05390625 0.05390625
0 0.70078125 0.31328125 0.05234375 0.05234375
0 0.45625 0.26484375 0.05234375 0.053125
0 0.9234375 0.97109375 0.053125 0.053125
0 0.89453125 0.921875 0.053125 0.0546875
0 0.81171875 0.78203125 0.05234375 0.05390625
0 0.18515625 0.2640625 0.05234375 0.05390625
0 0.9171875 0.49921875 0.05390625 0.05390625
0 0.45546875 0.0796875 0.05234375 0.05234375
0 0.1828125 0.35625 0.0515625 0.053125
0 0.6453125 0.96953125 0.05390625 0.05390625
0 0.26640625 0.21875 0.0515625 0.05234375
0 0.12578125 0.73046875 0.05234375 0.05234375
0 0.69921875 0.03515625 0.05234375 0.05234375
0 0.69921875 0.2203125 0.05234375 0.053125
0 0.20859375 0.7796875 0.05390625 0.05390625
0 0.88828125 0.08046875 0.05234375 0.053125
0 0.0734375 0.35625 0.05234375 0.053125
0 0.81171875 0.5921875 0.05234375 0.0515625
0 0.4265625 0.78203125 0.05234375 0.05390625
0 0.8890625 0.2671875 0.05234375 0.05234375
0 0.04921875 0.03359375 0.053125 0.053125
0 0.83671875 0.45625 0.0515625 0.0515625
0 0.13046875 0.1734375 0.05234375 0.053125
0 0.10234375 0.58984375 0.05234375 0.053125
0 0.8921875 0.5453125 0.05234375 0.053125
0 0.265625 0.49765625 0.05234375 0.053125
0 0.15390625 0.58984375 0.0515625 0.05234375
0 0.78203125 0.54765625 0.05234375 0.05234375
0 0.371875 0.77734375 0.053125 0.05390625
0 0.64609375 0.68828125 0.05234375 0.053125
0 0.64609375 0.78203125 0.05390625 0.05390625
0 0.37421875 0.9703125 0.05078125 0.05234375
0 0.89296875 0.82890625 0.05234375 0.053125
0 0.10234375 0.309375 0.053125 0.05390625
0 0.64609375 0.40703125 0.05234375 0.05234375
0 0.425 0.9671875 0.053125 0.053125
0 0.025 0.0765625 0.05 0.053125
0 0.56484375 0.26953125 0.0515625 0.05234375
0 0.0453125 0.4953125 0.05234375 0.053125
0 0.375 0.49921875 0.05234375 0.053125
0 0.09609375 0.96796875 0.053125 0.053125
0 0.53828125 0.50078125 0.05234375 0.053125
0 0.53828125 0.96953125 0.05234375 0.053125
0 0.48515625 0.21796875 0.05390625 0.053125
0 0.64609375 0.0328125 0.053125 0.053125
0 0.34375 0.5421875 0.053125 0.05390625
0 0.12890625 0.45078125 0.05234375 0.05234375
0 0.8125 0.96953125 0.053125 0.053125
0 0.48359375 0.034375 0.053125 0.053125
0 0.07109375 0.821875 0.0515625 0.05390625
0 0.04453125 0.77734375 0.053125 0.053125
0 0.37421875 0.3140625 0.0515625 0.0515625
0 0.534375 0.77890625 0.05390625 0.0546875
0 0.2625 0.78046875 0.05234375 0.0546875
0 0.61953125 0.5453125 0.05234375 0.053125
0 0.509375 0.8265625 0.05234375 0.053125
0 0.3453125 0.921875 0.05234375 0.05390625
0 0.64609375 0.22265625 0.0515625 0.0515625
0 0.98671875 0.45546875 0.0265625 0.0515625
0 0.01953125 0.91875 0.0390625 0.0546875
0 0.75390625 0.2203125 0.05234375 0.053125
0 0.72890625 0.7359375 0.05390625 0.0546875
0 0.9875 0.73671875 0.025 0.0515625
0 0.72578125 0.08046875 0.053125 0.05234375
0 0.0234375 0.2625 0.046875 0.053125
0 0.83828125 0.9234375 0.053125 0.05390625
0 0.12421875 0.92109375 0.05390625 0.0546875
0 0.64453125 0.3109375 0.053125 0.053125
0 0.80859375 0.2234375 0.0515625 0.05234375
0 0.9203125 0.68984375 0.053125 0.053125
0 0.48203125 0.96796875 0.05390625 0.053125
0 0.02265625 0.5421875 0.0453125 0.053125
0 0.1015625 0.5 0.05078125 0.0515625
0 0.86015625 0.034375 0.05078125 0.0515625
0 0.56484375 0.17421875 0.0515625 0.05234375
0 0.72734375 0.26953125 0.05234375 0.053125
0 0.81171875 0.6875 0.053125 0.0546875
0 0.56484375 0.453125 0.05234375 0.05234375
0 0.45546875 0.45390625 0.0515625 0.05234375
0 0.78046875 0.17578125 0.05234375 0.053125
0 0.2953125 0.07890625 0.05234375 0.0515625
0 0.45390625 0.7328125 0.0515625 0.05234375
0 0.78046875 0.35859375 0.0515625 0.0515625
0 0.9703125 0.034375 0.053125 0.053125
0 0.45625 0.828125 0.053125 0.053125
0 0.37578125 0.03515625 0.0515625 0.05234375
0 0.8625 0.5015625 0.0515625 0.05234375
0 0.9421875 0.08046875 0.053125 0.053125
0 0.61953125 0.45 0.0515625 0.053125
0 0.15078125 0.96796875 0.0546875 0.0546875
0 0.75625 0.97109375 0.053125 0.05234375
0 0.07265625 0.73203125 0.05234375 0.05234375
0 0.021875 0.7296875 0.04375 0.053125
0 0.5640625 0.5453125 0.053125 0.05390625
0 0.184375 0.45 0.05234375 0.05390625
0 0.86171875 0.22265625 0.0515625 0.053125
0 0.42890625 0.5 0.05078125 0.053125
0 0.18125 0.73046875 0.0515625 0.053125
0 0.54140625 0.221875 0.05234375 0.053125
0 0.26484375 0.40546875 0.053125 0.05390625
0 0.69921875 0.6859375 0.053125 0.05390625
0 0.72734375 0.1734375 0.05234375 0.05234375
0 0.1515625 0.77890625 0.053125 0.0546875
0 0.98515625 0.26875 0.0296875 0.053125
0 0.80859375 0.0375 0.05078125 0.0515625
0 0.26328125 0.684375 0.05390625 0.0546875
0 0.61875 0.359375 0.0515625 0.05234375
0 0.971875 0.40859375 0.05234375 0.0546875
0 0.2078125 0.590625 0.053125 0.05234375
0 0.75546875 0.68671875 0.05390625 0.05390625
0 0.75625 0.784375 0.05234375 0.053125
0 0.9859375 0.171875 0.028125 0.0515625
0 0.18203125 0.5453125 0.053125 0.05234375
0 0.91875 0.78046875 0.0546875 0.05390625
0 0.56484375 0.825 0.05390625 0.05390625
0 0.48203125 0.40859375 0.05234375 0.05234375
0 0.0984375 0.68515625 0.05234375 0.053125
0 0.1296875 0.35625 0.053125 0.053125
0 0.21328125 0.03515625 0.05234375 0.05234375
0 0.45546875 0.54609375 0.053125 0.05390625
0 0.40078125 0.54609375 0.05234375 0.053125
0 0.28984375 0.546875 0.05234375 0.05234375
0 0.01015625 0.215625 0.0203125 0.053125
0 0.04765625 0.21484375 0.053125 0.053125
0 0.97265625 0.221875 0.0515625 0.05234375
0 0.290625 0.9203125 0.053125 0.053125
0 0.18515625 0.17109375 0.05234375 0.053125
0 0.809375 0.31640625 0.05078125 0.05078125
0 0.34765625 0.178125 0.053125 0.05234375
0 0.5078125 0.73125 0.05390625 0.053125
0 0.61875 0.7359375 0.05234375 0.053125
0 0.32109375 0.03203125 0.05234375 0.05234375
0 0.428125 0.03046875 0.053125 0.05390625
0 0.8625 0.409375 0.05234375 0.05234375
0 0.42734375 0.6859375 0.053125 0.053125
0 0.40234375 0.0796875 0.05234375 0.053125
0 0.8359375 0.546875 0.053125 0.053125
0 0.40078125 0.45078125 0.05234375 0.053125
0 0.2671875 0.12421875 0.0515625 0.05234375
0 0.26484375 0.971875 0.05234375 0.053125
0 0.56328125 0.92109375 0.05234375 0.053125
0 0.89453125 0.7390625 0.05234375 0.053125
0 0.78359375 0.9234375 0.053125 0.053125
0 0.97421875 0.6859375 0.0515625 0.053125
0 0.071875 0.54453125 0.0515625 0.053125
0 0.58984375 0.31484375 0.05078125 0.05234375
0 0.346875 0.36015625 0.0515625 0.05078125
0 0.4265625 0.87421875 0.05234375 0.05234375
0 0.56640625 0.08125 0.053125 0.0515625
0 0.29375 0.45390625 0.0515625 0.05234375
0 0.7 0.12890625 0.05234375 0.05234375
0 0.10234375 0.21640625 0.053125 0.053125
0 0.29453125 0.26875 0.0515625 0.0515625
0 0.209375 0.30859375 0.05390625 0.05390625
0 0.39921875 0.7328125 0.05234375 0.053125
0 0.915625 0.3125 0.05234375 0.053125
0 0.05 0.40703125 0.05234375 0.0515625
0 0.45546875 0.171875 0.0515625 0.05234375
0 0.75625 0.5921875 0.05234375 0.05234375
0 0.7015625 0.59609375 0.0515625 0.0515625
0 0.72734375 0.5453125 0.05234375 0.05234375
0 0.0765625 0.07734375 0.05234375 0.05234375
0 0.48125 0.684375 0.053125 0.05234375
0 0.9171875 0.4078125 0.05390625 0.053125
0 0.3734375 0.68671875 0.0515625 0.05234375
0 0.75625 0.503125 0.0515625 0.05078125
0 0.31953125 0.40625 0.05078125 0.0515625
0 0.346875 0.734375 0.05234375 0.053125
0 0.51015625 0.5484375 0.05234375 0.05390625
0 0.02265625 0.63515625 0.0453125 0.053125
0 0.484375 0.59296875 0.05390625 0.053125
0 0.703125 0.7828125 0.05234375 0.053125
0 0.675 0.828125 0.05234375 0.053125
0 0.6171875 0.92109375 0.053125 0.05390625
0 0.8640625 0.78359375 0.05234375 0.05390625
0 0.37578125 0.2234375 0.0515625 0.0515625
0 0.04453125 0.6828125 0.05234375 0.053125
0 0.61875 0.63828125 0.053125 0.053125
0 0.290625 0.8265625 0.05390625 0.053125
0 0.61953125 0.08359375 0.0515625 0.05078125
0 0.97578125 0.96953125 0.0484375 0.053125
0 0.78515625 0.7359375 0.053125 0.0546875
0 0.35 0.26875 0.05078125 0.05234375
0 0.5375 0.8734375 0.05234375 0.0515625
0 0.88984375 0.453125 0.0515625 0.053125
0 0.32109375 0.21875 0.0515625 0.05234375
0 0.02265625 0.44765625 0.0453125 0.053125
0 0.9859375 0.08203125 0.028125 0.0515625
0 0.53828125 0.31640625 0.05234375 0.053125
0 0.7296875 0.92109375 0.053125 0.0546875
0 0.01015625 0.12265625 0.0203125 0.05
0 0.728125 0.45390625 0.05234375 0.05234375
0 0.31796875 0.971875 0.053125 0.053125
0 0.7546875 0.40546875 0.0515625 0.05234375
0 0.34765625 0.453125 0.05234375 0.05234375
0 0.91328125 0.03359375 0.053125 0.053125
0 0.04921875 0.121875 0.05234375 0.05234375
0 0.91640625 0.1296875 0.05234375 0.0515625
0 0.78203125 0.2703125 0.0515625 0.05234375
0 0.29453125 0.1734375 0.0515625 0.05234375
0 0.0109375 0.0328125 0.021875 0.053125
0 0.1546875 0.31015625 0.05234375 0.053125
0 0.48125 0.3109375 0.053125 0.05390625
0 0.0109375 0.31171875 0.021875 0.053125
0 0.97578125 0.8734375 0.0484375 0.0515625
0 0.59375 0.5 0.05234375 0.05234375
0 0.61875 0.1765625 0.05078125 0.05234375
0 0.5359375 0.68515625 0.053125 0.05390625
0 0.70234375 0.971875 0.053125 0.05390625
0 0.48125 0.87109375 0.053125 0.05234375
0 0.890625 0.36015625 0.05234375 0.053125
0 0.83828125 0.82890625 0.053125 0.05234375
0 0.153125 0.68359375 0.05234375 0.0515625
0 0.43046875 0.2171875 0.0515625 0.0515625
0 0.5359375 0.4046875 0.05078125 0.05234375
0 0.29375 0.35859375 0.05234375 0.05234375
0 0.590625 0.40703125 0.05234375 0.05234375
0 0.809375 0.409375 0.0515625 0.053125
0 0.8359375 0.3609375 0.053125 0.053125
0 0.6484375 0.59453125 0.053125 0.05234375
0 0.15546875 0.49921875 0.05234375 0.053125
0 0.0421875 0.96796875 0.05234375 0.053125
0 0.45546875 0.35859375 0.053125 0.053125
0 0.20703125 0.9671875 0.053125 0.053125
0 0.83359375 0.175 0.0515625 0.053125
0 0.0453125 0.58828125 0.05234375 0.053125
0 0.78203125 0.45625 0.05234375 0.05234375
0 0.75390625 0.03515625 0.05234375 0.0515625
0 0.5078125 0.92109375 0.053125 0.05390625
0 0.8875 0.17265625 0.05234375 0.053125
0 0.94375 0.359375 0.053125 0.05390625
0 0.3984375 0.82734375 0.05390625 0.0546875
0 0.1875 0.08203125 0.05234375 0.0515625
0 0.95 0.91796875 0.0515625 0.0515625
0 0.50703125 0.63671875 0.053125 0.053125
0 0.0734375 0.63671875 0.0515625 0.0515625
0 0.4 0.359375 0.053125 0.05390625
0 0.97265625 0.50546875 0.0515625 0.05234375
0 0.78359375 0.8296875 0.0515625 0.0515625
0 0.56640625 0.3609375 0.05078125 0.0515625
0 0.75234375 0.12890625 0.05078125 0.053125
0 0.1046875 0.12421875 0.0515625 0.0515625
0 0.86171875 0.12734375 0.05390625 0.053125
0 0.06875 0.9171875 0.053125 0.05390625
0 0.23359375 0.6375 0.053125 0.053125
0 0.675 0.9234375 0.053125 0.053125
0 0.428125 0.4046875 0.053125 0.053125
0 0.94375 0.26640625 0.0515625 0.053125
0 0.321875 0.12421875 0.05234375 0.053125
0 0.07578125 0.2625 0.05234375 0.05390625
0 0.31796875 0.68671875 0.053125 0.053125
0 0.890625 0.6375 0.05234375 0.05234375
0 0.07578125 0.453125 0.053125 0.05234375
0 0.18203125 0.92421875 0.05234375 0.05390625
0 0.8359375 0.640625 0.05234375 0.053125
0 0.94296875 0.17578125 0.053125 0.05234375
0 0.37421875 0.40703125 0.0515625 0.0515625
0 0.9484375 0.828125 0.05390625 0.053125
0 0.4828125 0.12578125 0.05234375 0.053125
0 0.12421875 0.825 0.05234375 0.05390625
0 0.75546875 0.87421875 0.05234375 0.053125
0 0.94453125 0.5484375 0.0515625 0.05390625
0 0.128125 0.6390625 0.0515625 0.05234375
0 0.72734375 0.359375 0.05078125 0.05078125
0 0.86484375 0.68828125 0.05234375 0.053125
0 0.51015625 0.45078125 0.053125 0.053125
0 0.67421875 0.54296875 0.0515625 0.053125
0 0.34609375 0.63984375 0.05234375 0.05234375
0 0.240625 0.265625 0.0515625 0.0515625
0 0.1546875 0.40625 0.0515625 0.05078125
0 0.96875 0.12890625 0.0515625 0.05234375
0 0.0953125 0.87109375 0.0546875 0.05390625
0 0.67265625 0.73515625 0.053125 0.05390625
0 0.565625 0.640625 0.05234375 0.05234375
0 0.31953125 0.3125 0.05234375 0.0515625
0 0.86484375 0.8734375 0.05234375 0.053125
0 0.13203125 0.0796875 0.053125 0.0515625
0 0.6453125 0.128125 0.05078125 0.0515625
0 0.26171875 0.87578125 0.05390625 0.05234375
0 0.51015625 0.3609375 0.053125 0.05234375
0 0.53828125 0.12734375 0.0515625 0.0515625
0 0.42890625 0.12578125 0.0515625 0.05234375
0 0.3703125 0.878125 0.0515625 0.05234375
0 0.21328125 0.12578125 0.0515625 0.0515625
0 0.5109375 0.17265625 0.053125 0.053125
0 0.6734375 0.08203125 0.05234375 0.053125
0 0.78359375 0.6390625 0.0515625 0.05234375
0 0.403125 0.17578125 0.0515625 0.0515625
0 0.23671875 0.4515625 0.053125 0.053125
0 0.70078125 0.8765625 0.05234375 0.0515625
0 0.159375 0.03046875 0.05234375 0.053125
0 0.9859375 0.54921875 0.028125 0.0515625
0 0.07578125 0.1703125 0.053125 0.05234375
0 0.3171875 0.59296875 0.0515625 0.053125
0 0.97421875 0.78046875 0.0515625 0.0515625
0 0.23515625 0.73203125 0.05390625 0.05390625
0 0.98671875 0.359375 0.0265625 0.053125
0 0.453125 0.91953125 0.053125 0.05390625
0 0.6734375 0.4515625 0.053125 0.05234375
0 0.290625 0.63828125 0.053125 0.05234375
0 0.67421875 0.26875 0.05234375 0.05234375
0 0.9453125 0.45546875 0.053125 0.053125
0 0.59296875 0.6875 0.05390625 0.053125
0 0.8671875 0.97265625 0.053125 0.0546875
0 0.39921875 0.6390625 0.05234375 0.05234375
0 0.209375 0.403125 0.053125 0.053125
0 0.94375 0.640625 0.053125 0.053125
0 0.23359375 0.92109375 0.053125 0.053125
0 0.590625 0.77734375 0.053125 0.05546875
0 0.51171875 0.26640625 0.05234375 0.0546875
0 0.1015625 0.403125 0.05078125 0.0515625
0 0.64765625 0.87421875 0.053125 0.053125
0 0.75390625 0.31484375 0.0515625 0.0515625
0 0.9859375 0.640625 0.028125 0.053125
0 0.23828125 0.5453125 0.0515625 0.05390625
0 0.15390625 0.87578125 0.05234375 0.0515625
0 0.81171875 0.8765625 0.0515625 0.05234375
0 0.92109375 0.87265625 0.053125 0.0515625
0 0.040625 0.8703125 0.05234375 0.05234375
0 0.31640625 0.78046875 0.05234375 0.05390625
0 0.37578125 0.12890625 0.0515625 0.05234375
0 0.73046875 0.83046875 0.05234375 0.0515625
0 0.4546875 0.6390625 0.0515625 0.0515625
0 0.2390625 0.359375 0.05234375 0.053125
0 0.675 0.6390625 0.0515625 0.05234375
0 0.0234375 0.165625 0.046875 0.053125
0 0.01015625 0.590625 0.0203125 0.0515625
0 0.2390625 0.171875 0.05234375 0.0515625
0 0.80625 0.128125 0.05234375 0.05390625
0 0.39921875 0.92265625 0.05 0.0515625
0 0.67265625 0.3609375 0.05234375 0.05234375
0 0.240625 0.0796875 0.0515625 0.05234375
0 0.20625 0.87578125 0.053125 0.053125
0 0.3171875 0.875 0.05390625 0.05390625
0 0.5921875 0.87421875 0.05234375 0.05234375
0 0.7296875 0.64140625 0.05234375 0.053125
0 0.83359375 0.08515625 0.0515625 0.0515625
0 0.59140625 0.03671875 0.05078125 0.053125
0 0.83515625 0.271875 0.0515625 0.05078125
0 0.59140625 0.12890625 0.05078125 0.05234375
0 0.31796875 0.5 0.0515625 0.05234375
0 0.021875 0.82578125 0.04375 0.0515625
0 0.59375 0.596875 0.05234375 0.0515625
0 0.94765625 0.7359375 0.05078125 0.05234375
0 0.91640625 0.59296875 0.05234375 0.053125
0 0.67265625 0.17421875 0.05078125 0.05234375
0 0.18046875 0.6421875 0.05 0.0515625
0 0.15859375 0.22109375 0.0515625 0.0515625
0 0.59296875 0.2234375 0.05 0.0515625
0 0.590625 0.9671875 0.05234375 0.05234375
0 0.1578125 0.12734375 0.05078125 0.05078125