0 0.67890625 0.334375 0.0515625 0.05234375
0 0.24765625 0.33515625 0.0515625 0.05234375
0 0.24921875 0.6109375 0.0515625 0.05234375
0 0.81953125 0.74765625 0.05234375 0.05234375
0 0.7390625 0.79296875 0.053125 0.05234375
0 0.0859375 0.33515625 0.05078125 0.0515625
0 0.6015625 0.56484375 0.05234375 0.05234375
0 0.33203125 0.84296875 0.0515625 0.0515625
0 0.95234375 0.61015625 0.0515625 0.0515625
0 0.54453125 0.2 0.0515625 0.05078125
0 0.440625 0.8421875 0.053125 0.05390625
0 0.328125 0.28828125 0.05078125 0.05234375
0 0.68359375 0.6109375 0.0515625 0.05234375
0 0.01640625 0.56484375 0.0328125 0.053125
0 0.97578125 0.5625 0.0484375 0.053125
0 0.55 0.75234375 0.05234375 0.05234375
0 0.8421875 0.33203125 0.0515625 0.05234375
0 0.97421875 0.1953125 0.0515625 0.05234375
0 0.76171875 0.56328125 0.0515625 0.05234375
0 0.5203125 0.88828125 0.05234375 0.05234375
0 0.5953125 0.0203125 0.0515625 0.040625
0 0.275 0.2015625 0.0515625 0.05234375
0 0.51796875 0.51796875 0.0515625 0.053125
0 0.86640625 0.19609375 0.0515625 0.0515625
0 0.38671875 0.75 0.05390625 0.05234375
0 0.95625 0.79609375 0.05234375 0.05390625
0 0.0171875 0.28671875 0.034375 0.053125
0 0.16875 0.9375 0.05234375 0.05234375
0 0.81640625 0.471875 0.0515625 0.05234375
0 0.9 0.79609375 0.053125 0.053125
0 0.03359375 0.5203125 0.0515625 0.05234375
0 0.1140625 0.47109375 0.053125 0.053125
0 0.62578125 0.428125 0.05234375 0.0515625
0 0.76171875 0.47421875 0.05234375 0.053125
0 0.67734375 0.15 0.0515625 0.05234375
0 0.0875 0.79609375 0.0515625 0.053125
0 0.9578125 0.97578125 0.053125 0.0484375
0 0.628125 0.521875 0.053125 0.05234375
0 0.16953125 0.84453125 0.05234375 0.05234375
0 0.46328125 0.246875 0.0515625 0.05234375
0 0.8375 0.15078125 0.0515625 0.053125
0 0.75859375 0.01953125 0.0515625 0.0390625
0 0.95703125 0.8875 0.05234375 0.05234375
0 0.91953125 0.19609375 0.0515625 0.05234375
0 0.08671875 0.24765625 0.05 0.0515625
0 0.97734375 0.74609375 0.0453125 0.053125
0 0.89921875 0.60859375 0.05234375 0.0515625
0 0.16796875 0.56640625 0.05234375 0.05234375
0 0.16796875 0.7515625 0.05234375 0.053125
0 0.246875 0.24609375 0.0515625 0.05234375
0 0.64921875 0.01953125 0.0515625 0.0390625
0 0.35703125 0.61171875 0.05234375 0.053125
0 0.38203125 0.2 0.05078125 0.0515625
0 0.975 0.46875 0.05 0.053125
0 0.3578125 0.7984375 0.05234375 0.05234375
0 0.7578125 0.19765625 0.0515625 0.053125
0 0.98671875 0.05625 0.0265625 0.0515625
0 0.01640625 0.4734375 0.0328125 0.053125
0 0.30546875 0.98046875 0.0515625 0.0390625
0 0.91875 0.2875 0.0515625 0.05234375
0 0.95078125 0.51953125 0.0515625 0.05234375
0 0.765625 0.74765625 0.05234375 0.0515625
0 0.89609375 0.51875 0.05234375 0.0515625
0 0.94609375 0.24375 0.05234375 0.053125
0 0.91875 0.01796875 0.0515625 0.0359375
0 0.6 0.2875 0.0515625 0.05234375
0 0.11484375 0.93828125 0.05234375 0.05234375
0 0.246875 0.15234375 0.0515625 0.053125
0 0.03359375 0.80078125 0.0515625 0.05234375
0 0.98515625 0.15078125 0.0296875 0.053125
0 0.4640625 0.51953125 0.05234375 0.053125
0 0.11484375 0.5640625 0.053125 0.053125
0 0.0328125 0.42734375 0.0515625 0.0515625
0 0.0875 0.51875 0.0515625 0.053125
0 0.8453125 0.6109375 0.05234375 0.05234375
0 0.603125 0.7515625 0.0515625 0.053125
0 0.521875 0.7984375 0.0515625 0.053125
0 0.83828125 0.059375 0.05234375 0.0515625
0 0.896875 0.703125 0.0515625 0.05234375
0 0.16953125 0.28828125 0.0515625 0.0515625
0 0.54609375 0.5671875 0.05234375 0.05234375
0 0.68515625 0.978125 0.053125 0.04375
0 0.25 0.42890625 0.05234375 0.05234375
0 0.16953125 0.475 0.05234375 0.053125
0 0.11484375 0.75390625 0.0515625 0.0515625
0 0.46796875 0.98046875 0.0515625 0.0390625
0 0.22265625 0.4734375 0.0515625 0.05234375
0 0.16796875 0.02109375 0.0515625 0.0421875
0 0.22265625 0.7515625 0.05234375 0.053125
0 0.40859375 0.15390625 0.0515625 0.05234375
0 0.16796875 0.1078125 0.05234375 0.053125
0 0.32890625 0.20234375 0.0515625 0.05234375
0 0.38515625 0.3875 0.05234375 0.0515625
0 0.60390625 0.9390625 0.05234375 0.05234375
0 0.7390625 0.978125 0.053125 0.04375
0 0.84140625 0.4265625 0.05234375 0.05234375
0 0.19453125 0.61171875 0.053125 0.05234375
0 0.19296875 0.24609375 0.0515625 0.0515625
0 0.83984375 0.24296875 0.0515625 0.05234375
0 0.0875 0.0609375 0.05078125 0.0515625
0 0.11328125 0.8421875 0.053125 0.053125
0 0.27734375 0.7546875 0.0515625 0.05234375
0 0.821875 0.84140625 0.05234375 0.053125
0 0.4359375 0.2 0.0515625 0.05234375
0 0.32890625 0.565625 0.05078125 0.0515625
0 0.52109375 0.70390625 0.05234375 0.053125
0 0.8734375 0.74921875 0.0515625 0.05234375
0 0.03359375 0.70546875 0.0515625 0.05234375
0 0.19609375 0.80078125 0.05234375 0.053125
0 0.32890625 0.47265625 0.0515625 0.0515625
0 0.765625 0.93828125 0.05234375 0.05234375
0 0.9484375 0.33359375 0.05234375 0.0515625
0 0.03359375 0.97890625 0.053125 0.0421875
0 0.5421875 0.47421875 0.05234375 0.05234375
0 0.68359375 0.79765625 0.05234375 0.053125
0 0.51953125 0.3359375 0.05078125 0.0515625
0 0.24921875 0.70703125 0.05234375 0.053125
0 0.35625 0.15390625 0.05078125 0.05234375
0 0.628125 0.70390625 0.05234375 0.05234375
0 0.24921875 0.88984375 0.0515625 0.0515625
0 0.4390625 0.565625 0.053125 0.053125
0 0.678125 0.428125 0.05078125 0.05234375
0 0.86328125 0.0203125 0.0515625 0.040625
0 0.4109375 0.61171875 0.053125 0.053125
0 0.08828125 0.97734375 0.0515625 0.0453125
0 0.703125 0.20078125 0.05234375 0.05234375
0 0.70859375 0.56796875 0.0515625 0.0515625
0 0.35390625 0.51953125 0.05234375 0.05234375
0 0.40859375 0.0609375 0.0515625 0.0515625
0 0.87578125 0.8421875 0.0515625 0.05234375
0 0.33046875 0.75390625 0.0515625 0.053125
0 0.1953125 0.51953125 0.053125 0.05390625
0 0.79140625 0.61171875 0.05234375 0.0515625
0 0.32890625 0.109375 0.0515625 0.0515625
0 0.784375 0.15234375 0.05234375 0.05234375
0 0.65859375 0.8421875 0.053125 0.05234375
0 0.01796875 0.753125 0.0359375 0.053125
0 0.5171875 0.24375 0.0515625 0.05234375
0 0.94453125 0.05625 0.053125 0.05234375
0 0.19609375 0.7046875 0.05234375 0.05234375
0 0.86953125 0.471875 0.0515625 0.05234375
0 0.6234375 0.334375 0.05234375 0.05234375
0 0.79375 0.79375 0.0515625 0.05234375
0 0.2765625 0.47734375 0.05078125 0.0515625
0 0.809375 0.0203125 0.05 0.040625
0 0.52109375 0.978125 0.0515625 0.04375
0 0.03359375 0.15546875 0.05234375 0.0515625
0 0.92265625 0.4734375 0.0515625 0.05234375
0 0.465625 0.8 0.05234375 0.05234375
0 0.27734375 0.56875 0.05078125 0.0515625
0 0.67890625 0.24609375 0.05078125 0.0515625
0 0.0875 0.890625 0.0515625 0.05234375
0 0.0859375 0.1546875 0.0515625 0.053125
0 0.440625 0.93984375 0.05234375 0.0546875
0 0.865625 0.28671875 0.05234375 0.05234375
0 0.434375 0.02109375 0.053125 0.0421875
0 0.5453125 0.2921875 0.0515625 0.0515625
0 0.01796875 0.19921875 0.0359375 0.053125
0 0.015625 0.1078125 0.03125 0.053125
0 0.56953125 0.4296875 0.0515625 0.0515625
0 0.4671875 0.703125 0.05234375 0.05234375
0 0.7890625 0.42734375 0.0515625 0.05234375
0 0.68203125 0.70390625 0.05234375 0.053125
0 0.16875 0.19921875 0.0515625 0.05234375
0 0.7609375 0.29140625 0.0515625 0.05078125
0 0.44140625 0.753125 0.0515625 0.05234375
0 0.7890625 0.52109375 0.0515625 0.05234375
0 0.5703125 0.2453125 0.0515625 0.053125
0 0.278125 0.84765625 0.05078125 0.05078125
0 0.9875 0.24296875 0.025 0.053125
0 0.70703125 0.47265625 0.0515625 0.05234375
0 0.8953125 0.42578125 0.0515625 0.05234375
0 0.9734375 0.2875 0.05234375 0.05234375
0 0.35625 0.2484375 0.0515625 0.0515625
0 0.7578125 0.1078125 0.05078125 0.0515625
0 0.95234375 0.70078125 0.05078125 0.05234375
0 0.328125 0.021875 0.0515625 0.04375
0 0.79453125 0.88828125 0.053125 0.05390625
0 0.33125 0.940625 0.05234375 0.05234375
0 0.43984375 0.2921875 0.0515625 0.05234375
0 0.03359375 0.24765625 0.0515625 0.0515625
0 0.79453125 0.9796875 0.0515625 0.040625
0 0.4109375 0.52109375 0.05234375 0.05390625
0 0.5984375 0.2015625 0.05078125 0.0515625
0 0.903125 0.97734375 0.053125 0.0453125
0 0.7875 0.33515625 0.05234375 0.0515625
0 0.70703125 0.28828125 0.053125 0.05234375
0 0.98828125 0.33125 0.0234375 0.0515625
0 0.54375 0.0203125 0.0515625 0.040625
0 0.56875 0.153125 0.05078125 0.0515625
0 0.9265625 0.75078125 0.05234375 0.053125
0 0.51796875 0.15625 0.05078125 0.05234375
0 0.63203125 0.9796875 0.0515625 0.040625
0 0.5484375 0.84296875 0.053125 0.05234375
0 0.78515625 0.24609375 0.0515625 0.0515625
0 0.51875 0.4265625 0.05 0.05078125
0 0.4390625 0.3859375 0.05 0.0515625
0 0.84296875 0.5203125 0.0515625 0.05234375
0 0.4890625 0.021875 0.053125 0.04375
0 0.89453125 0.3328125 0.0515625 0.05234375
0 0.97734375 0.84296875 0.0453125 0.053125
0 0.05859375 0.84609375 0.05078125 0.05234375
0 0.03515625 0.6125 0.053125 0.0515625
0 0.16875 0.66015625 0.05234375 0.05234375
0 0.70390625 0.10859375 0.0515625 0.05078125
0 0.6828125 0.51875 0.0515625 0.05390625
0 0.62890625 0.61171875 0.05390625 0.05234375
0 0.62109375 0.06015625 0.053125 0.053125
0 0.11171875 0.10859375 0.05234375 0.05390625
0 0.7375 0.70390625 0.0515625 0.05234375
0 0.30390625 0.428125 0.0515625 0.0515625
0 0.384375 0.84375 0.05234375 0.053125
0 0.4109375 0.24765625 0.05078125 0.05234375
0 0.4359375 0.47578125 0.05078125 0.05078125
0 0.22109375 0.20078125 0.0515625 0.0515625
0 0.275 0.290625 0.0515625 0.05234375
0 0.5484375 0.6609375 0.05078125 0.0515625
0 0.81796875 0.565625 0.053125 0.05234375
0 0.97578125 0.3765625 0.0484375 0.053125
0 0.3859375 0.9390625 0.05390625 0.053125
0 0.490625 0.29296875 0.05078125 0.05078125
0 0.7359375 0.51953125 0.0515625 0.0515625
0 0.01640625 0.02109375 0.0328125 0.0421875
0 0.6015625 0.66015625 0.0515625 0.0515625
0 0.19375 0.15 0.05234375 0.05234375
0 0.1125 0.290625 0.053125 0.05078125
0 0.90234375 0.8859375 0.05390625 0.053125
0 0.32890625 0.384375 0.05390625 0.053125
0 0.7625 0.65625 0.0515625 0.05234375
0 0.51953125 0.615625 0.05078125 0.05078125
0 0.71171875 0.93828125 0.0515625 0.05234375
0 0.08828125 0.61484375 0.0515625 0.05078125
0 0.79140625 0.703125 0.0515625 0.05234375
0 0.1140625 0.02109375 0.0515625 0.0421875
0 0.13984375 0.33515625 0.05234375 0.05234375
0 0.35625 0.06171875 0.05078125 0.0515625
0 0.38046875 0.1078125 0.05 0.05078125
0 0.60234375 0.8453125 0.05234375 0.0515625
0 0.875 0.93203125 0.053125 0.053125
0 0.35859375 0.97890625 0.0515625 0.0421875
0 0.3828125 0.2890625 0.053125 0.05234375
0 0.7609375 0.38046875 0.05234375 0.05234375
0 0.4671875 0.61328125 0.053125 0.05234375
0 0.01640625 0.84765625 0.0328125 0.053125
0 0.84453125 0.703125 0.0515625 0.05234375
0 0.846875 0.978125 0.053125 0.04375
0 0.65703125 0.753125 0.05078125 0.0515625
0 0.196875 0.9796875 0.0515625 0.040625
0 0.2234375 0.93671875 0.0515625 0.05234375
0 0.38203125 0.56484375 0.053125 0.053125
0 0.25078125 0.52421875 0.0515625 0.0515625
0 0.628125 0.80234375 0.0515625 0.0515625
0 0.38515625 0.6609375 0.05234375 0.0515625
0 0.25078125 0.8015625 0.0515625 0.05234375
0 0.35546875 0.4296875 0.05078125 0.0515625
0 0.7125 0.84453125 0.05234375 0.053125
0 0.71015625 0.753125 0.05078125 0.05078125
0 0.92265625 0.378125 0.0515625 0.05078125
0 0.65703125 0.9375 0.05078125 0.0515625
0 0.08671875 0.42578125 0.0515625 0.05234375
0 0.62109375 0.153125 0.0515625 0.0515625
0 0.92578125 0.565625 0.05078125 0.0515625
0 0.0875 0.7078125 0.05078125 0.05234375
0 0.16796875 0.38203125 0.05234375 0.053125
0 0.7828125 0.06015625 0.053125 0.05234375
0 0.24765625 0.06328125 0.0515625 0.05
0 0.5984375 0.471875 0.053125 0.05390625
0 0.359375 0.89140625 0.05234375 0.053125
0 0.8921875 0.2421875 0.0515625 0.05234375
0 0.490625 0.2015625 0.0515625 0.0515625
0 0.6328125 0.8890625 0.05234375 0.05234375
0 0.275 0.10703125 0.0515625 0.05234375
0 0.5421875 0.10859375 0.0515625 0.05078125
0 0.4625 0.06171875 0.0515625 0.0515625
0 0.01484375 0.9359375 0.0296875 0.053125
0 0.91796875 0.10546875 0.0515625 0.0515625
0 0.059375 0.93828125 0.05234375 0.05234375
0 0.70390625 0.0203125 0.053125 0.040625
0 0.81875 0.93671875 0.05234375 0.053125
0 0.278125 0.940625 0.0515625 0.053125
0 0.3046875 0.8921875 0.053125 0.053125
0 0.30234375 0.70625 0.0515625 0.053125
0 0.25078125 0.98046875 0.0515625 0.0390625
0 0.22265625 0.56640625 0.05234375 0.0515625
0 0.76796875 0.83984375 0.05234375 0.05390625
0 0.35625 0.70390625 0.05234375 0.053125
0 0.19609375 0.42890625 0.0515625 0.05234375
0 0.4125 0.890625 0.053125 0.05390625
0 0.971875 0.01796875 0.0515625 0.0359375
0 0.4921875 0.56484375 0.05234375 0.053125
0 0.059375 0.02109375 0.0515625 0.0421875
0 0.9765625 0.65625 0.046875 0.053125
0 0.928125 0.84140625 0.05078125 0.053125
0 0.51640625 0.0640625 0.0515625 0.05078125
0 0.27421875 0.0203125 0.053125 0.040625
0 0.46171875 0.15234375 0.05234375 0.05234375
0 0.94453125 0.153125 0.05078125 0.0515625
0 0.03515625 0.8921875 0.05078125 0.0515625
0 0.22109375 0.66015625 0.05078125 0.053125
0 0.9875 0.42421875 0.025 0.0515625
0 0.11484375 0.2046875 0.0515625 0.05
0 0.846875 0.7953125 0.0515625 0.053125
0 0.33046875 0.65859375 0.05390625 0.053125
0 0.1125 0.3796875 0.053125 0.05234375
0 0.871875 0.56953125 0.05234375 0.0515625
0 0.034375 0.0625 0.0515625 0.05078125
0 0.221875 0.38359375 0.0515625 0.05234375
0 0.4125 0.79765625 0.0515625 0.053125
0 0.35546875 0.3375 0.053125 0.05234375
0 0.05703125 0.10859375 0.0515625 0.0515625
0 0.41171875 0.42890625 0.0515625 0.0515625
0 0.221875 0.28984375 0.0515625 0.0515625
0 0.48828125 0.10546875 0.05234375 0.05234375
0 0.8125 0.19921875 0.0515625 0.0515625
0 0.6765625 0.06328125 0.0515625 0.0515625
0 0.19453125 0.0625 0.05078125 0.05078125
0 0.73046875 0.153125 0.0515625 0.0515625
0 0.94921875 0.42421875 0.0515625 0.053125
0 0.49140625 0.47421875 0.05 0.05
0 0.490625 0.38515625 0.05078125 0.0515625
0 0.41171875 0.70703125 0.053125 0.05234375
0 0.19609375 0.890625 0.05078125 0.05078125
0 0.19453125 0.33828125 0.05234375 0.05078125
0 0.6546875 0.56640625 0.0515625 0.05234375
0 0.68515625 0.89140625 0.0515625 0.0515625
0 0.1390625 0.246875 0.05078125 0.05234375
0 0.65078125 0.19765625 0.05 0.0515625
0 0.46484375 0.43125 0.05 0.05
0 0.3796875 0.0203125 0.0515625 0.040625
0 0.140625 0.06171875 0.0515625 0.05078125
0 0.4375 0.66015625 0.0515625 0.05234375
0 0.7375 0.88984375 0.05390625 0.0546875
0 0.30078125 0.5234375 0.05 0.05078125
0 0.65390625 0.471875 0.05234375 0.053125
0 0.49453125 0.9359375 0.0515625 0.053125
0 0.4109375 0.3375 0.05234375 0.05234375
0 0.1140625 0.659375 0.05078125 0.0515625
0 0.59609375 0.11171875 0.05078125 0.05234375
0 0.01640625 0.65859375 0.0328125 0.0515625
0 0.1421875 0.61328125 0.05234375 0.053125
0 0.434375 0.10859375 0.05234375 0.05234375
0 0.575 0.6125 0.05234375 0.053125
0 0.70703125 0.3828125 0.05078125 0.05234375
0 0.30078125 0.1546875 0.0515625 0.0515625
0 0.46796875 0.890625 0.05234375 0.053125
0 0.49609375 0.7515625 0.05234375 0.05234375
0 0.01640625 0.38203125 0.0328125 0.0515625
0 0.56875 0.0625 0.05078125 0.0515625
0 0.86484375 0.10703125 0.05078125 0.05234375
0 0.4640625 0.33828125 0.05078125 0.05234375
0 0.54921875 0.93515625 0.0515625 0.053125
0 0.1421875 0.978125 0.053125 0.04375
0 0.03359375 0.3375 0.0515625 0.05
0 0.14296875 0.8 0.05234375 0.05234375
0 0.4140625 0.98046875 0.053125 0.0390625
0 0.59921875 0.38125 0.05078125 0.05
0 0.8171875 0.6578125 0.053125 0.053125
0 0.73515625 0.6109375 0.0515625 0.05234375
0 0.0609375 0.20234375 0.05078125 0.053125
0 0.81328125 0.290625 0.05078125 0.0515625
0 0.653125 0.28984375 0.05 0.0515625
0 0.64921875 0.10625 0.0515625 0.0515625
0 0.7296875 0.0640625 0.0515625 0.0515625
0 0.22265625 0.84609375 0.0515625 0.0515625
0 0.709375 0.65703125 0.0515625 0.0515625
0 0.625 0.246875 0.05078125 0.05
0 0.73359375 0.33671875 0.05234375 0.05234375
0 0.890625 0.05859375 0.0515625 0.053125
0 0.81484375 0.38203125 0.05078125 0.0515625
0 0.2203125 0.1078125 0.05078125 0.0515625
0 0.8109375 0.10390625 0.05234375 0.05234375
0 0.56875 0.3421875 0.0515625 0.05
0 0.5765625 0.89140625 0.05234375 0.05234375
0 0.140625 0.52109375 0.05078125 0.053125
0 0.57578125 0.79921875 0.0515625 0.0515625
0 0.2765625 0.38515625 0.0515625 0.0515625
0 0.9796875 0.93046875 0.040625 0.0515625
0 0.275 0.659375 0.05234375 0.05390625
0 0.6546875 0.65703125 0.05234375 0.0515625
0 0.14140625 0.8921875 0.05234375 0.05234375
0 0.971875 0.1046875 0.05234375 0.05234375
0 0.92578125 0.65703125 0.0515625 0.05078125
0 0.14140625 0.428125 0.053125 0.05234375
0 0.13984375 0.15390625 0.0515625 0.05234375
0 0.57265625 0.5234375 0.0515625 0.05234375
0 0.30234375 0.0640625 0.05078125 0.0515625
0 0.93125 0.93203125 0.05234375 0.05234375
0 0.49296875 0.65859375 0.0515625 0.0515625
0 0.8921875 0.15078125 0.0515625 0.0515625
0 0.3015625 0.2484375 0.0515625 0.0515625
0 0.30234375 0.61640625 0.0515625 0.0515625
0 0.3015625 0.33828125 0.0515625 0.05234375
0 0.86875 0.3828125 0.05234375 0.0515625
0 0.57578125 0.7046875 0.05078125 0.0515625
0 0.546875 0.38515625 0.0484375 0.04921875
0 0.06015625 0.56796875 0.05078125 0.053125
0 0.05859375 0.38359375 0.0515625 0.05078125
0 0.30390625 0.803125 0.0515625 0.05078125
0 0.06015625 0.66015625 0.05078125 0.05234375
0 0.38203125 0.47890625 0.05078125 0.05
0 0.4953125 0.84609375 0.05078125 0.05390625
0 0.22109375 0.021875 0.0515625 0.04375
0 0.84765625 0.88984375 0.0515625 0.0515625
0 0.73125 0.24765625 0.0515625 0.05234375
0 0.65234375 0.38203125 0.05078125 0.0515625
0 0.0609375 0.29140625 0.04921875 0.05234375
0 0.871875 0.65859375 0.0515625 0.05078125
0 0.7328125 0.42890625 0.05234375 0.0515625
0 0.14140625 0.70546875 0.05078125 0.05234375
0 0.0609375 0.47890625 0.05078125 0.0515625
0 0.06171875 0.7546875 0.05 0.0515625
0 0.57578125 0.98125 0.0515625 0.0375