0 0.021875 0.475 0.04375 0.053125
0 0.053125 0.07890625 0.0515625 0.053125
0 0.103125 0.08125 0.053125 0.0546875
0 0.18203125 0.128125 0.053125 0.0546875
0 0.03359375 0.20703125 0.03125 0.0515625
0 0.0765625 0.2953125 0.0546875 0.0546875
0 0.21015625 0.0875 0.0546875 0.0546875
0 0.12890625 0.125 0.053125 0.053125
0 0.04765625 0.25703125 0.0515625 0.0515625
0 0.03828125 0.12265625 0.0296875 0.0515625
0 0.128125 0.03828125 0.053125 0.053125
0 0.075 0.03671875 0.0546875 0.053125
0 0.1 0.1703125 0.0546875 0.0546875
0 0.0484375 0.16875 0.053125 0.053125
0 0.10390625 0.009375 0.0546875 0.01875
0 0.05625 0.00859375 0.046875 0.0171875
0 0.075 0.2140625 0.053125 0.053125
0 0.1578125 0.01171875 0.053125 0.0234375
0 0.15390625 0.08671875 0.0546875 0.053125
0 0.20703125 0.01015625 0.0515625 0.0203125
0 0.0765625 0.12265625 0.053125 0.0546875
0 0.18203125 0.040625 0.0546875 0.0546875
0 0.16640625 0.24375 0.0515625 0.0515625
0 0.0421875 0.43125 0.053125 0.053125
0 0.23359375 0.1484375 0.0546875 0.0546875
0 0.24609375 0.03515625 0.0546875 0.0546875
0 0.02265625 0.39140625 0.0359375 0.0515625
0 0.0296875 0.29453125 0.0359375 0.053125
0 0.134375 0.20546875 0.05625 0.0546875
0 0.1546875 0.171875 0.0546875 0.0546875
0 0.275 0.00859375 0.05 0.0171875
0 0.04375 0.34765625 0.0515625 0.0515625
0 0.09921875 0.253125 0.05625 0.0515625
0 0.13984375 0.28671875 0.053125 0.0546875
0 0.0796875 0.37578125 0.0546875 0.0515625
0 0.11015625 0.33203125 0.0546875 0.053125
0 0.2 0.17578125 0.05 0.0484375
0 0.2828125 0.0609375 0.0515625 0.05
0 0.26171875 0.09375 0.053125 0.0546875
0 0.32109375 0.0171875 0.0515625 0.034375
0 0.18671875 0.20234375 0.0484375 0.0484375