0 0.23203125 0.97421875 0.0515625 0.0515625
0 0.88984375 0.46796875 0.0515625 0.0515625
0 0.64609375 0.42890625 0.05078125 0.05078125
0 0.80625 0.42734375 0.05078125 0.0515625
0 0.1734375 0.70390625 0.05078125 0.05078125
0 0.62421875 0.56328125 0.05078125 0.0515625
0 0.22890625 0.79296875 0.05078125 0.0515625
0 0.3453125 0.11953125 0.05234375 0.053125
0 0.29609375 0.390625 0.05234375 0.0515625
0 0.5046875 0.209375 0.0515625 0.0515625
0 0.4265625 0.16328125 0.05078125 0.05234375
0 0.453125 0.11953125 0.0515625 0.0515625
0 0.9421875 0.46796875 0.0515625 0.053125
0 0.62890625 0.7453125 0.0515625 0.0515625
0 0.57578125 0.74375 0.05078125 0.0515625
0 0.11953125 0.7015625 0.05234375 0.05234375
0 0.46875 0.74765625 0.05234375 0.05234375
0 0.8203125 0.78515625 0.05234375 0.053125
0 0.09453125 0.74765625 0.05234375 0.0515625
0 0.61171875 0.11328125 0.0515625 0.053125
0 0.35703125 0.5703125 0.05078125 0.05078125
0 0.3046875 0.56875 0.05078125 0.0515625
0 0.58359375 0.92421875 0.0515625 0.053125
0 0.39296875 0.97421875 0.0515625 0.0515625
0 0.15 0.7484375 0.0515625 0.05234375
0 0.55078125 0.78828125 0.05078125 0.0515625
0 0.21640625 0.34375 0.0515625 0.05234375
0 0.66015625 0.878125 0.05078125 0.0515625
0 0.846875 0.8296875 0.05234375 0.0515625
0 0.3390625 0.7890625 0.0515625 0.05234375
0 0.01171875 0.07578125 0.0234375 0.05
0 0.1359375 0.39375 0.0515625 0.0515625
0 0.040625 0.75 0.05078125 0.0515625
0 0.2734375 0.4359375 0.05234375 0.05234375
0 0.38203125 0.52265625 0.0515625 0.05234375
0 0.546875 0.70078125 0.0515625 0.05234375
0 0.06953125 0.79296875 0.0515625 0.05234375
0 0.0125 0.16796875 0.025 0.0515625
0 0.78984375 0.64765625 0.05234375 0.0515625
0 0.03203125 0.39140625 0.05078125 0.0515625
0 0.334375 0.70546875 0.05078125 0.05078125
0 0.465625 0.5671875 0.0515625 0.0515625
0 0.31015625 0.7421875 0.0515625 0.05234375
0 0.58671875 0.34296875 0.05078125 0.0515625
0 0.38671875 0.70234375 0.05078125 0.0515625
0 0.90859375 0.33359375 0.0515625 0.0515625
0 0.73828125 0.0703125 0.0515625 0.05234375
0 0.2203125 0.43671875 0.0515625 0.0515625
0 0.621875 0.4734375 0.05078125 0.0515625
0 0.0375 0.5703125 0.05078125 0.05
0 0.73515625 0.64765625 0.0515625 0.05078125
0 0.928125 0.78359375 0.05234375 0.05078125
0 0.4078125 0.48046875 0.05078125 0.0515625
0 0.59140625 0.4328125 0.0515625 0.05078125
0 0.22109375 0.52421875 0.0515625 0.0515625
0 0.47109375 0.83671875 0.05234375 0.05234375
0 0.23671875 0.12109375 0.05078125 0.053125
0 0.2640625 0.1640625 0.0515625 0.05234375
0 0.84765625 0.159375 0.0515625 0.0515625
0 0.73984375 0.83359375 0.0515625 0.053125
0 0.43515625 0.5234375 0.0515625 0.0515625
0 0.5046875 0.121875 0.05 0.05078125
0 0.92109375 0.60234375 0.0515625 0.0515625
0 0.14921875 0.83984375 0.05078125 0.0515625
0 0.88125 0.28984375 0.05078125 0.0515625
0 0.03359375 0.48046875 0.05078125 0.05234375
0 0.6859375 0.07421875 0.05 0.05
0 0.6625 0.11875 0.05078125 0.05234375
0 0.71015625 0.78984375 0.05234375 0.053125
0 0.115625 0.52578125 0.0515625 0.05078125
0 0.84375 0.740625 0.05234375 0.053125
0 0.26484375 0.07734375 0.05078125 0.05078125
0 0.9703125 0.51328125 0.0515625 0.0515625
0 0.18125 0.97421875 0.05078125 0.05078125
0 0.746875 0.2484375 0.0515625 0.05234375
0 0.54453125 0.51796875 0.0515625 0.0515625
0 0.0515625 0.16640625 0.0515625 0.0515625
0 0.72734375 0.47578125 0.05234375 0.0515625
0 0.98046875 0.2875 0.0390625 0.0515625
0 0.86640625 0.6015625 0.0515625 0.05234375
0 0.34609375 0.21171875 0.0515625 0.0515625
0 0.01953125 0.7015625 0.0390625 0.0515625
0 0.415625 0.74765625 0.0515625 0.0515625
0 0.41796875 0.83828125 0.0515625 0.05234375
0 0.78125 0.4734375 0.0515625 0.0515625
0 0.6859375 0.83515625 0.0515625 0.0515625
0 0.6578125 0.7875 0.0515625 0.05234375
0 0.078125 0.21484375 0.05 0.04921875
0 0.32890625 0.5234375 0.0515625 0.05234375
0 0.84453125 0.646875 0.0515625 0.053125
0 0.1859375 0.2109375 0.0515625 0.0515625
0 0.76796875 0.11640625 0.0515625 0.05078125
0 0.82734375 0.29375 0.05234375 0.05234375
0 0.584375 0.1640625 0.0515625 0.05234375
0 0.71015625 0.02890625 0.053125 0.0515625
0 0.8953125 0.64921875 0.0515625 0.05234375
0 0.7359375 0.740625 0.05234375 0.053125
0 0.97421875 0.60234375 0.0515625 0.0515625
0 0.07578125 0.034375 0.0515625 0.05234375
0 0.78984375 0.7421875 0.05234375 0.053125
0 0.93359375 0.28984375 0.0515625 0.05078125
0 0.2109375 0.0734375 0.05234375 0.0515625
0 0.7640625 0.78671875 0.05234375 0.0515625
0 0.58046875 0.83046875 0.05078125 0.05078125
0 0.6125 0.2078125 0.0515625 0.0515625
0 0.0375 0.66015625 0.05234375 0.0515625
0 0.35 0.3890625 0.0515625 0.0515625
0 0.18046875 0.0328125 0.0515625 0.05234375
0 0.17421875 0.79375 0.0515625 0.0515625
0 0.434375 0.43359375 0.05 0.0515625
0 0.49765625 0.78828125 0.0515625 0.05234375
0 0.10546875 0.16875 0.05078125 0.05078125
0 0.31796875 0.165625 0.05234375 0.05390625
0 0.52578125 0.83359375 0.05234375 0.0515625
0 0.49453125 0.70078125 0.0515625 0.0515625
0 0.33984375 0.8828125 0.05234375 0.0515625
0 0.8125 0.51171875 0.0515625 0.05078125
0 0.53828125 0.43125 0.0515625 0.0515625
0 0.7046875 0.51640625 0.0515625 0.05234375
0 0.96015625 0.14921875 0.053125 0.053125
0 0.36953125 0.07421875 0.0515625 0.05078125
0 0.41171875 0.65859375 0.05078125 0.05078125
0 0.865625 0.5125 0.05078125 0.05078125
0 0.1109375 0.440625 0.05078125 0.05234375
0 0.51328125 0.47734375 0.05078125 0.0515625
0 0.290625 0.121875 0.053125 0.05234375
0 0.78671875 0.55859375 0.05234375 0.0515625
0 0.840625 0.553125 0.0515625 0.0515625
0 0.60390625 0.7875 0.05078125 0.05078125
0 0.02109375 0.88046875 0.0421875 0.0515625
0 0.60859375 0.878125 0.05234375 0.05234375
0 0.38984375 0.79375 0.0515625 0.05234375
0 0.46015625 0.4765625 0.0515625 0.0515625
0 0.665625 0.20703125 0.05078125 0.05078125
0 0.96328125 0.33359375 0.0515625 0.05234375
0 0.25 0.66015625 0.0515625 0.05234375
0 0.61484375 0.3875 0.05078125 0.05234375
0 0.58515625 0.25390625 0.05 0.05078125
0 0.92890625 0.2015625 0.05234375 0.05234375
0 0.2578125 0.8390625 0.05234375 0.05234375
0 0.74453125 0.9234375 0.0515625 0.0515625
0 0.821875 0.11484375 0.05234375 0.05234375
0 0.94765625 0.64921875 0.0515625 0.05078125
0 0.103125 0.0796875 0.0515625 0.05234375
0 0.77578125 0.384375 0.0515625 0.05234375
0 0.76328125 0.60078125 0.05234375 0.05234375
0 0.02265625 0.0375 0.0453125 0.05
0 0.871875 0.7859375 0.05234375 0.05234375
0 0.5734375 0.5625 0.0515625 0.05234375
0 0.96484375 0.4234375 0.0515625 0.05234375
0 0.8984375 0.7421875 0.0515625 0.053125
0 0.2515625 0.5671875 0.05234375 0.0515625
0 0.5109375 0.3859375 0.05234375 0.0515625
0 0.37109375 0.16484375 0.053125 0.05234375
0 0.77421875 0.29453125 0.0515625 0.0515625
0 0.15859375 0.16328125 0.05078125 0.053125
0 0.225 0.70859375 0.05078125 0.05078125
0 0.86015625 0.425 0.05078125 0.0515625
0 0.35546875 0.47578125 0.05234375 0.05390625
0 0.10859375 0.3453125 0.0515625 0.05234375
0 0.771875 0.20078125 0.05234375 0.05234375
0 0.0953125 0.83828125 0.053125 0.05234375
0 0.70625 0.60859375 0.05078125 0.05078125
0 0.47578125 0.92265625 0.0515625 0.0515625
0 0.0265625 0.21328125 0.05078125 0.05234375
0 0.1453125 0.65859375 0.05078125 0.0515625
0 0.84609375 0.06953125 0.05234375 0.05234375
0 0.9046875 0.24921875 0.0515625 0.05078125
0 0.68203125 0.74296875 0.05234375 0.05234375
0 0.196875 0.65859375 0.05078125 0.05078125
0 0.39296875 0.8828125 0.0515625 0.05078125
0 0.4890625 0.5234375 0.0515625 0.0515625
0 0.64921875 0.51875 0.053125 0.05234375
0 0.47734375 0.16640625 0.05 0.05078125
0 0.66640625 0.3875 0.0515625 0.05234375
0 0.26875 0.34375 0.05078125 0.0515625
0 0.82421875 0.203125 0.0515625 0.05234375
0 0.07109375 0.88515625 0.05078125 0.05
0 0.85390625 0.2484375 0.0515625 0.05234375
0 0.128125 0.034375 0.0515625 0.05234375
0 0.20078125 0.7515625 0.04921875 0.05078125
0 0.421875 0.925 0.0515625 0.0515625
0 0.6546875 0.60703125 0.053125 0.0515625
0 0.76953125 0.87734375 0.05234375 0.0515625
0 0.69765625 0.43359375 0.05078125 0.05078125
0 0.0625 0.5265625 0.0515625 0.05078125
0 0.49140625 0.61015625 0.0515625 0.0515625
0 0.0203125 0.796875 0.040625 0.0515625
0 0.56328125 0.3859375 0.05078125 0.0515625
0 0.428125 0.253125 0.05078125 0.05
0 0.4546875 0.390625 0.05078125 0.05
0 0.26875 0.253125 0.05 0.0515625
0 0.82265625 0.871875 0.05234375 0.05078125
0 0.14375 0.57109375 0.0515625 0.05078125
0 0.4671875 0.65625 0.0515625 0.0515625
0 0.42890625 0.34375 0.05078125 0.0515625
0 0.75234375 0.428125 0.05234375 0.05234375
0 0.515625 0.5671875 0.05078125 0.0515625
0 0.2765625 0.52265625 0.05234375 0.0515625
0 0.52890625 0.1640625 0.053125 0.05234375
0 0.9890625 0.06640625 0.021875 0.0484375
0 0.059375 0.434375 0.05234375 0.053125
0 0.23984375 0.3921875 0.0515625 0.0515625
0 0.0671875 0.703125 0.0515625 0.053125
0 0.0546875 0.25546875 0.05078125 0.0515625
0 0.18828125 0.39609375 0.0515625 0.05234375
0 0.0796875 0.3015625 0.053125 0.0515625
0 0.5453125 0.6125 0.0515625 0.05
0 0.62578125 0.65625 0.0515625 0.0515625
0 0.65546875 0.6984375 0.0515625 0.05078125
0 0.74765625 0.33984375 0.05234375 0.05234375
0 0.39140625 0.03046875 0.0515625 0.05234375
0 0.6328125 0.83515625 0.0515625 0.05234375
0 0.7640625 0.0265625 0.0515625 0.0515625
0 0.53359375 0.2546875 0.0515625 0.0515625
0 0.80234375 0.91328125 0.0546875 0.05234375
0 0.32734375 0.43203125 0.05234375 0.0515625
0 0.10859375 0.25546875 0.04921875 0.05
0 0.0234375 0.9734375 0.046875 0.053125
0 0.5671875 0.47734375 0.0515625 0.05
0 0.79140625 0.07109375 0.053125 0.0515625
0 0.8578125 0.91328125 0.05078125 0.05078125
0 0.55546875 0.8765625 0.0515625 0.05234375
0 0.12421875 0.88359375 0.05078125 0.0515625
0 0.528125 0.9234375 0.0515625 0.053125
0 0.0890625 0.57109375 0.05078125 0.0515625
0 0.5078125 0.30078125 0.05234375 0.05078125
0 0.6921875 0.92109375 0.053125 0.05234375
0 0.27734375 0.6125 0.0515625 0.0515625
0 0.290625 0.21015625 0.05234375 0.053125
0 0.81484375 0.60234375 0.0515625 0.05234375
0 0.88125 0.38046875 0.0515625 0.05078125
0 0.1859375 0.125 0.05 0.05078125
0 0.9859375 0.55546875 0.028125 0.053125
0 0.21484375 0.25390625 0.0515625 0.05078125
0 0.07578125 0.9703125 0.05234375 0.0515625
0 0.72265625 0.296875 0.0515625 0.05234375
0 0.534375 0.34296875 0.0515625 0.0515625
0 0.74453125 0.16015625 0.05078125 0.0515625
0 0.1421875 0.48125 0.05234375 0.05234375
0 0.48515625 0.4328125 0.05078125 0.05078125
0 0.35078125 0.29140625 0.05234375 0.05234375
0 0.25390625 0.75078125 0.0515625 0.04921875
0 0.82890625 0.3859375 0.0515625 0.0515625
0 0.090625 0.659375 0.0515625 0.05078125
0 0.1171875 0.6140625 0.0515625 0.0515625
0 0.19609375 0.571875 0.05078125 0.05
0 0.76328125 0.69296875 0.0515625 0.053125
0 0.66875 0.29609375 0.0515625 0.05078125
0 0.69375 0.25078125 0.053125 0.05234375
0 0.4515625 0.209375 0.0515625 0.0515625
0 0.15859375 0.25625 0.05078125 0.05078125
0 0.5 0.88046875 0.05234375 0.0515625
0 0.12265625 0.79296875 0.05078125 0.053125
0 0.16875 0.5234375 0.05078125 0.0515625
0 0.38125 0.4296875 0.05234375 0.05234375
0 0.63671875 0.1640625 0.05078125 0.05234375
0 0.028125 0.30234375 0.05 0.05
0 0.24765625 0.47734375 0.05234375 0.0515625
0 0.359375 0.659375 0.05078125 0.05078125
0 0.05390625 0.346875 0.0515625 0.0515625
0 0.50078125 0.0359375 0.04921875 0.0484375
0 0.409375 0.5703125 0.0515625 0.0515625
0 0.6359375 0.92421875 0.0515625 0.05234375
0 0.33203125 0.61328125 0.05078125 0.05234375
0 0.94296875 0.55859375 0.0515625 0.0515625
0 0.26171875 0.9265625 0.0515625 0.0515625
0 0.31015625 0.840625 0.0515625 0.0515625
0 0.8 0.33984375 0.05078125 0.05234375
0 0.1296875 0.21171875 0.05078125 0.05078125
0 0.59765625 0.61015625 0.0515625 0.05078125
0 0.1796875 0.88125 0.05234375 0.0515625
0 0.55859375 0.20625 0.05078125 0.05234375
0 0.4484375 0.96875 0.05234375 0.05234375
0 0.28671875 0.97421875 0.0515625 0.0515625
0 0.77421875 0.96484375 0.053125 0.0515625
0 0.42734375 0.065625 0.05234375 0.0515625
0 0.36328125 0.7484375 0.0515625 0.05078125
0 0.225 0.61171875 0.05234375 0.0515625
0 0.3765625 0.25390625 0.05078125 0.05
0 0.04375 0.840625 0.05 0.05078125
0 0.12890625 0.975 0.0515625 0.05
0 0.67421875 0.471875 0.05234375 0.05234375
0 0.01796875 0.61328125 0.0359375 0.0515625
0 0.13203125 0.30625 0.0515625 0.0515625
0 0.31328125 0.928125 0.05078125 0.05078125
0 0.19140625 0.29296875 0.05078125 0.05078125
0 0.0796875 0.12578125 0.04921875 0.05078125
0 0.2375 0.2109375 0.0515625 0.05078125
0 0.61015625 0.96875 0.0515625 0.05078125
0 0.384375 0.61484375 0.05078125 0.05078125
0 0.9015625 0.83046875 0.05078125 0.0515625
0 0.5953125 0.521875 0.05078125 0.05078125
0 0.61484375 0.29453125 0.05234375 0.05234375
0 0.73125 0.5609375 0.053125 0.0515625
0 0.0484375 0.92421875 0.0515625 0.0515625
0 0.23125 0.8875 0.05078125 0.0484375
0 0.89921875 0.1609375 0.05078125 0.0515625
0 0.3421875 0.97265625 0.05078125 0.05234375
0 0.01484375 0.3484375 0.0296875 0.05
0 0.36640625 0.92734375 0.0515625 0.0515625
0 0.3078125 0.65625 0.0515625 0.05078125
0 0.4796875 0.2546875 0.0515625 0.05234375
0 0.47890625 0.34765625 0.05 0.0515625
0 0.3984375 0.209375 0.05078125 0.0515625
0 0.3203125 0.2546875 0.05 0.05078125
0 0.43828125 0.6125 0.05078125 0.05078125
0 0.79296875 0.83125 0.0515625 0.053125
0 0.91171875 0.4234375 0.0515625 0.0515625
0 0.6625 0.96875 0.053125 0.05078125
0 0.8203125 0.025 0.053125 0.05
0 0.15390625 0.92890625 0.05078125 0.05
0 0.71015625 0.69296875 0.05234375 0.05234375
0 0.1625 0.34765625 0.05078125 0.0515625
0 0.9296875 0.10546875 0.05234375 0.05078125
0 0.3015625 0.4796875 0.0515625 0.0515625
0 0.86953125 0.69453125 0.053125 0.0515625
0 0.97734375 0.20390625 0.0453125 0.05
0 0.44453125 0.8828125 0.05078125 0.0515625
0 0.28515625 0.78828125 0.05234375 0.05234375
0 0.01328125 0.2609375 0.0265625 0.0515625
0 0.7171875 0.96640625 0.05234375 0.0515625
0 0.15546875 0.08125 0.05234375 0.05234375
0 0.715625 0.115625 0.05078125 0.0515625
0 0.6765625 0.5625 0.0515625 0.05234375
0 0.75625 0.51796875 0.0515625 0.0515625
0 0.89140625 0.56171875 0.05078125 0.05078125
0 0.2375 0.02421875 0.0515625 0.0484375
0 0.875 0.20390625 0.05078125 0.0515625
0 0.7953125 0.15703125 0.05078125 0.0515625
0 0.440625 0.7 0.0515625 0.0515625
0 0.9375 0.37578125 0.05234375 0.05234375
0 0.915625 0.5125 0.05234375 0.05234375
0 0.55703125 0.96875 0.05234375 0.0515625
0 0.44375 0.79296875 0.05234375 0.05234375
0 0.7203125 0.38671875 0.05234375 0.05234375
0 0.834375 0.4703125 0.0515625 0.05078125
0 0.08515625 0.39375 0.0515625 0.0515625
0 0.81640625 0.69453125 0.0515625 0.0515625
0 0.3625 0.83828125 0.0515625 0.05234375
0 0.80625 0.9890625 0.05 0.021875
0 0.978125 0.1078125 0.04375 0.05
0 0.79921875 0.24765625 0.0515625 0.05234375
0 0.321875 0.34609375 0.05078125 0.05234375
0 0.31875 0.06953125 0.0515625 0.05234375
0 0.51953125 0.6578125 0.05078125 0.05078125
0 0.68828125 0.1625 0.05234375 0.05
0 0.98828125 0.6453125 0.0234375 0.0515625
0 0.984375 0.4671875 0.03125 0.0515625
0 0.87578125 0.11328125 0.0515625 0.05234375
0 0.10234375 0.9296875 0.0515625 0.05
0 0.28046875 0.70234375 0.0515625 0.0515625
0 0.0640625 0.615625 0.0515625 0.0515625
0 0.5265625 0.07421875 0.04921875 0.04921875
0 0.4078125 0.28984375 0.05078125 0.05078125
0 0.5625 0.29609375 0.0515625 0.05234375
0 0.16953125 0.6171875 0.05078125 0.05078125
0 0.97578125 0.0234375 0.0484375 0.046875
0 0.69375 0.33828125 0.053125 0.0515625
0 0.67890625 0.65390625 0.05234375 0.0515625
0 0.57421875 0.6546875 0.05078125 0.0515625
0 0.29453125 0.2984375 0.053125 0.05234375
0 0.4 0.115625 0.0515625 0.05234375
0 0.20625 0.92734375 0.05078125 0.0515625
0 0.015625 0.434375 0.03125 0.0515625
0 0.59921875 0.70078125 0.05234375 0.0515625
0 0.6390625 0.3390625 0.0515625 0.05234375
0 0.503125 0.9703125 0.0515625 0.0515625
0 0.19375 0.4859375 0.0515625 0.0484375
0 0.0171875 0.5296875 0.034375 0.05
0 0.9234375 0.69453125 0.0515625 0.05234375
0 0.98203125 0.37890625 0.0359375 0.0515625
0 0.7171875 0.2015625 0.0515625 0.05234375
0 0.85390625 0.3390625 0.0515625 0.0515625
0 0.9 0.06328125 0.0515625 0.05234375
0 0.521875 0.74921875 0.05078125 0.05
0 0.92734375 0.02265625 0.0484375 0.0453125
0 0.2828125 0.8859375 0.05078125 0.0515625
0 0.7125 0.88125 0.05234375 0.0515625
0 0.97578125 0.690625 0.0484375 0.0515625
0 0.55703125 0.02265625 0.05 0.0453125
0 0.653125 0.0375 0.05234375 0.05
0 0.478125 0.078125 0.0484375 0.05
0 0.9578125 0.2453125 0.05078125 0.05078125
0 0.4015625 0.3890625 0.05078125 0.05078125
0 0.37578125 0.340625 0.05234375 0.05234375
0 0.63828125 0.2546875 0.05078125 0.05078125
0 0.8703125 0.025 0.05 0.05
0 0.0265625 0.12109375 0.0515625 0.05078125
0 0.203125 0.83828125 0.05078125 0.0515625
0 0.16484375 0.4359375 0.05234375 0.05234375
0 0.28671875 0.03046875 0.04921875 0.05
0 0.55859375 0.1140625 0.05078125 0.0515625
0 0.5921875 0.05390625 0.0515625 0.04921875
0 0.209375 0.17109375 0.05078125 0.05
0 0.45546875 0.29921875 0.05234375 0.05078125
0 0.08671875 0.48359375 0.0515625 0.0515625
0 0.87890625 0.87109375 0.05078125 0.04921875
0 0.95078125 0.73671875 0.05 0.05
0 0.04921875 0.08203125 0.0515625 0.05
0 0.24296875 0.296875 0.05 0.0515625
0 0.45234375 0.025 0.05 0.04765625
0 0.33671875 0.03359375 0.05 0.05
0 0.8296875 0.96171875 0.05234375 0.05078125
0 0.63828125 0.065625 0.0484375 0.04921875
0 0.13203125 0.11484375 0.053125 0.05
0 0.9546875 0.0609375 0.0484375 0.05078125