0 0.02109375 0.509375 0.0421875 0.05
0 0.025 0.1109375 0.0484375 0.04921875
0 0.075 0.11015625 0.04921875 0.05078125
0 0.15703125 0.1515625 0.05 0.05078125
0 0.0140625 0.240625 0.028125 0.05
0 0.06328125 0.325 0.0515625 0.05078125
0 0.18203125 0.10859375 0.0515625 0.05078125
0 0.10390625 0.1515625 0.05 0.05
0 0.03203125 0.2890625 0.0484375 0.0484375
0 0.01328125 0.15546875 0.0265625 0.05
0 0.096875 0.065625 0.05 0.05
0 0.04375 0.0671875 0.0515625 0.05
0 0.078125 0.19921875 0.05078125 0.0515625
0 0.0265625 0.20078125 0.05 0.05
0 0.0703125 0.0234375 0.0515625 0.046875
0 0.021875 0.02421875 0.04375 0.0484375
0 0.05625 0.24453125 0.05 0.04921875
0 0.1234375 0.0234375 0.05 0.046875
0 0.12578125 0.11171875 0.05078125 0.04921875
0 0.1734375 0.0203125 0.0484375 0.040625
0 0.0515625 0.153125 0.05 0.05078125
0 0.15078125 0.0640625 0.05078125 0.05078125
0 0.14921875 0.26796875 0.0484375 0.04765625
0 0.03828125 0.46328125 0.04921875 0.05
0 0.209375 0.16796875 0.05078125 0.05078125
0 0.2140625 0.05390625 0.0515625 0.0515625
0 0.01640625 0.425 0.0328125 0.05
0 0.01640625 0.328125 0.0328125 0.0515625
0 0.11484375 0.23203125 0.05234375 0.05078125
0 0.1328125 0.196875 0.0515625 0.0515625
0 0.240625 0.01640625 0.0484375 0.0328125
0 0.034375 0.3796875 0.04765625 0.0484375
0 0.0828125 0.28203125 0.05234375 0.0484375
0 0.12578125 0.3125 0.05 0.0515625
0 0.071875 0.40546875 0.05078125 0.0484375
0 0.09921875 0.359375 0.05078125 0.04921875
0 0.178125 0.19765625 0.046875 0.0453125
0 0.25234375 0.07734375 0.0484375 0.04609375
0 0.234375 0.11171875 0.05 0.0515625
0 0.2875 0.0234375 0.0484375 0.046875
0 0.16640625 0.225 0.0453125 0.0453125