0 0.21640625 0.64453125 0.059375 0.0578125
0 0.0390625 0.08515625 0.05625 0.0578125
0 0.065625 0.26484375 0.0578125 0.0578125
0 0.0203125 0.26953125 0.040625 0.0578125
0 0.2609375 0.28125 0.0578125 0.059375
0 0.0265625 0.63046875 0.034375 0.05625
0 0.04296875 0.4484375 0.0578125 0.059375
0 0.0109375 0.3171875 0.021875 0.05625
0 0.11328125 0.39296875 0.05625 0.0578125
0 0.2921875 0.32265625 0.0578125 0.0578125
0 0.06875 0.62421875 0.0578125 0.059375
0 0.21328125 0.1484375 0.0578125 0.0578125
0 0.159375 0.15546875 0.0578125 0.05625
0 0.3671875 0.26640625 0.0578125 0.05625
0 0.17578125 0.6109375 0.0578125 0.0578125
0 0.18671875 0.3390625 0.0578125 0.059375
0 0.33828125 0.0875 0.0578125 0.0578125
0 0.0640625 0.9046875 0.0421875 0.0578125
0 0.1515625 0.29921875 0.0578125 0.059375
0 0.278125 0.234375 0.0578125 0.059375
0 0.46484375 0.02578125 0.0578125 0.0515625
0 0.284375 0.09375 0.0578125 0.0578125
0 0.13359375 0.34765625 0.0578125 0.0578125
0 0.1 0.30390625 0.0578125 0.0578125
0 0.26796875 0.14140625 0.0578125 0.059375
0 0.31875 0.1375 0.0578125 0.0578125
0 0.0875 0.5765625 0.0578125 0.0578125
0 0.17109375 0.24765625 0.0578125 0.059375
0 0.39140625 0.08125 0.0578125 0.0578125
0 0.225 0.2421875 0.0578125 0.059375
0 0.2046875 0.28984375 0.0578125 0.0578125
0 0.028125 0.35546875 0.05625 0.05625
0 0.10078125 0.66953125 0.0578125 0.0578125
0 0.2 0.0609375 0.0578125 0.0578125
0 0.253125 0.05078125 0.0578125 0.0546875
0 0.04609375 0.31015625 0.05625 0.05625
0 0.0390625 0.72265625 0.0375 0.0546875
0 0.06171875 0.39921875 0.0578125 0.0578125
0 0.015625 0.54140625 0.03125 0.0546875
0 0.05625 0.534375 0.0578125 0.0578125
0 0.1171875 0.75625 0.05625 0.05625
0 0.14140625 0.57109375 0.0578125 0.059375
0 0.20234375 0.428125 0.0578125 0.0578125
0 0.3703125 0.13125 0.0578125 0.05625
0 0.15625 0.65859375 0.0609375 0.0609375
0 0.18125 0.10546875 0.0578125 0.0578125
0 0.31171875 0.27578125 0.0578125 0.0578125
0 0.00859375 0.08984375 0.0171875 0.0578125
0 0.3328125 0.22890625 0.0578125 0.059375
0 0.12578125 0.1203125 0.05625 0.05625
0 0.11796875 0.25625 0.0578125 0.0578125
0 0.07421875 0.125 0.059375 0.0578125
0 0.22109375 0.37890625 0.0578125 0.0578125
0 0.2734375 0.3671875 0.0578125 0.05625
0 0.190625 0.69921875 0.059375 0.0578125
0 0.0515625 0.17734375 0.0578125 0.0578125
0 0.08671875 0.215625 0.0578125 0.05625
0 0.08046875 0.35390625 0.0578125 0.0578125
0 0.25859375 0.4109375 0.0609375 0.059375
0 0.06171875 0.7609375 0.0578125 0.0578125
0 0.31328125 0.40390625 0.05625 0.05625
0 0.01875 0.40390625 0.0375 0.0578125
0 0.00859375 0.4515625 0.0171875 0.05625
0 0.15 0.43203125 0.059375 0.0578125
0 0.2328125 0.10078125 0.0578125 0.0578125
0 0.409375 0.0328125 0.059375 0.05625
0 0.07734375 0.85234375 0.059375 0.059375
0 0.19296875 0.196875 0.0578125 0.059375
0 0.09453125 0.4421875 0.0578125 0.0578125
0 0.3546875 0.04140625 0.0578125 0.0578125
0 0.0234375 0.134375 0.046875 0.05625
0 0.23671875 0.465625 0.059375 0.0578125
0 0.053125 0.8078125 0.04375 0.0578125
0 0.07421875 0.4890625 0.0578125 0.05625
0 0.08125 0.7203125 0.0578125 0.0546875
0 0.346875 0.31640625 0.05625 0.0578125
0 0.14453125 0.06953125 0.059375 0.0578125
0 0.0765625 0.98359375 0.046875 0.0328125
0 0.04921875 0.67578125 0.0578125 0.0578125
0 0.2390625 0.33046875 0.0578125 0.059375
0 0.1265625 0.4828125 0.059375 0.05625
0 0.13984375 0.203125 0.0578125 0.0578125
0 0.2984375 0.18515625 0.059375 0.0578125
0 0.08828125 0.94140625 0.05625 0.05625
0 0.18046875 0.47421875 0.0578125 0.0578125
0 0.090625 0.078125 0.0578125 0.0578125
0 0.21484375 0.5125 0.0578125 0.0578125
0 0.30390625 0.05078125 0.05625 0.05625
0 0.134375 0.7078125 0.059375 0.0578125
0 0.025 0.49609375 0.05 0.0578125
0 0.24609375 0.1921875 0.0578125 0.0578125
0 0.2734375 0.4984375 0.05625 0.05625
0 0.425 0.1203125 0.0578125 0.0578125
0 0.03671875 0.58359375 0.0578125 0.0578125
0 0.153125 0.79375 0.0578125 0.0578125
0 0.10703125 0.53125 0.05625 0.0578125
0 0.0984375 0.8015625 0.0578125 0.0578125
0 0.10390625 0.16875 0.0578125 0.0578125
0 0.11953125 0.6203125 0.0578125 0.0578125
0 0.19609375 0.5609375 0.0578125 0.05625
0 0.1328125 0.84453125 0.059375 0.059375
0 0.0140625 0.18203125 0.028125 0.0578125
0 0.03125 0.225 0.0578125 0.0578125
0 0.16328125 0.5203125 0.0578125 0.0578125
0 0.35234375 0.17890625 0.0578125 0.0578125
0 0.16953125 0.746875 0.0578125 0.05625
0 0.165625 0.38984375 0.0578125 0.0578125
0 0.4046875 0.16875 0.0578125 0.0578125
0 0.11171875 0.89453125 0.0578125 0.059375
0 0.32890625 0.359375 0.05625 0.0546875
0 0.384375 0.2171875 0.05625 0.05625
0 0.25390625 0.546875 0.05625 0.05625
0 0.23359375 0.5921875 0.05625 0.05625
0 0.29140625 0.45546875 0.0578125 0.05625
0 0.44375 0.075 0.059375 0.0578125