0 0.80859375 0.60859375 0.0515625 0.0515625
0 0.7625 0.98984375 0.05 0.0203125
0 0.73671875 0.5671875 0.053125 0.053125
0 0.92109375 0.99140625 0.0515625 0.0171875
0 0.96953125 0.61484375 0.0546875 0.053125
0 0.5765625 0.5609375 0.053125 0.053125
0 0.73046875 0.65390625 0.0515625 0.0515625
0 0.65390625 0.60546875 0.053125 0.053125
0 0.8984375 0.96640625 0.053125 0.053125
0 0.84609375 0.96796875 0.0515625 0.0515625
0 0.8078125 0.696875 0.053125 0.0515625
0 0.82265625 0.92109375 0.053125 0.053125
0 0.778125 0.7421875 0.0515625 0.0515625
0 0.9453125 0.565625 0.0515625 0.0515625
0 0.7703125 0.9203125 0.0515625 0.0515625
0 0.97421875 0.9234375 0.0390625 0.0515625
0 0.73984375 0.9625 0.0515625 0.053125
0 0.70546875 0.60703125 0.053125 0.053125
0 0.68671875 0.9609375 0.053125 0.053125
0 0.8296875 0.74140625 0.0515625 0.0515625
0 0.72578125 0.74296875 0.0515625 0.0515625
0 0.7875 0.565625 0.0515625 0.053125
0 0.9296875 0.92734375 0.0515625 0.0515625
0 0.93828125 0.7421875 0.0515625 0.05
0 0.81328125 0.9890625 0.0515625 0.021875
0 0.59140625 0.68984375 0.0515625 0.05
0 0.546875 0.6046875 0.0515625 0.05
0 0.70234375 0.69609375 0.053125 0.053125
0 0.859375 0.70078125 0.0515625 0.0515625
0 0.62890625 0.5578125 0.053125 0.0515625
0 0.965625 0.70078125 0.05625 0.053125
0 0.696875 0.7828125 0.0515625 0.05
0 0.78125 0.64921875 0.0515625 0.053125
0 0.8859375 0.6546875 0.0546875 0.0546875
0 0.7453125 0.875 0.053125 0.0515625
0 0.70859375 0.51640625 0.053125 0.0546875
0 0.8328125 0.65546875 0.0515625 0.0515625
0 0.56875 0.646875 0.0515625 0.0515625
0 0.94140625 0.653125 0.0546875 0.053125
0 0.6578125 0.90546875 0.05 0.05
0 0.75 0.78984375 0.0515625 0.0515625
0 0.9734375 0.52578125 0.053125 0.0546875
0 0.97734375 0.83359375 0.0359375 0.0515625
0 0.75859375 0.6078125 0.0515625 0.0515625
0 0.5265625 0.4703125 0.0515625 0.053125
0 0.98046875 0.74609375 0.0328125 0.0515625
0 0.67421875 0.74375 0.053125 0.0515625
0 0.96015625 0.78515625 0.0546875 0.0515625
0 0.859375 0.6046875 0.0515625 0.0515625
0 0.6484375 0.69375 0.0546875 0.053125
0 0.621875 0.7390625 0.0515625 0.0515625
0 0.65546875 0.5109375 0.0515625 0.0546875
0 0.62109375 0.6453125 0.0515625 0.05
0 0.64609375 0.784375 0.0515625 0.05
0 0.75546875 0.6984375 0.0515625 0.053125
0 0.7921875 0.9625 0.053125 0.0515625
0 0.80078125 0.7859375 0.0515625 0.0515625
0 0.90703125 0.7828125 0.053125 0.0515625
0 0.8671875 0.5203125 0.053125 0.053125
0 0.678125 0.646875 0.053125 0.0515625
0 0.76484375 0.51875 0.053125 0.0546875
0 0.521875 0.55859375 0.0515625 0.0515625
0 0.60390625 0.51328125 0.053125 0.053125
0 0.68359375 0.56015625 0.0546875 0.053125
0 0.95234375 0.96875 0.0515625 0.0515625
0 0.71484375 0.9171875 0.053125 0.0515625
0 0.821875 0.83203125 0.05 0.05
0 0.5515625 0.5125 0.053125 0.053125
0 0.93359375 0.834375 0.0515625 0.053125
0 0.98359375 0.65859375 0.0296875 0.0515625
0 0.446875 0.4234375 0.0515625 0.053125
0 0.7203125 0.82734375 0.0515625 0.053125
0 0.9125 0.70625 0.0515625 0.0515625
0 0.9859375 0.57265625 0.0265625 0.0515625
0 0.87265625 0.82421875 0.053125 0.053125
0 0.5390625 0.6890625 0.05 0.05
0 0.92109375 0.51796875 0.053125 0.0546875
0 0.4203125 0.4671875 0.05 0.05
0 0.85078125 0.78828125 0.053125 0.05
0 0.91484375 0.60625 0.0546875 0.0515625
0 0.884375 0.74140625 0.0546875 0.05
0 0.39296875 0.42109375 0.0515625 0.053125
0 0.909375 0.88046875 0.05 0.05
0 0.9578125 0.88046875 0.0515625 0.05
0 0.83515625 0.56328125 0.053125 0.0515625
0 0.51484375 0.6421875 0.05 0.05
0 0.60234375 0.6046875 0.0515625 0.0515625
0 0.89765625 0.56875 0.05 0.0515625
0 0.690625 0.87109375 0.0515625 0.0515625
0 0.85 0.87265625 0.053125 0.0515625
0 0.81640625 0.51484375 0.05 0.0515625
0 0.5828125 0.765625 0.05 0.0484375
0 0.471875 0.46953125 0.05 0.0484375
0 0.796875 0.87734375 0.0484375 0.05
0 0.5 0.60078125 0.046875 0.0484375
0 0.49375 0.5109375 0.053125 0.0515625
0 0.87421875 0.921875 0.0515625 0.0515625
0 0.775 0.8328125 0.0515625 0.05
0 0.67109375 0.83046875 0.05 0.0484375
0 0.7109375 0.9890625 0.05 0.021875
0 0.46875 0.57890625 0.046875 0.0484375
0 0.60234375 0.80625 0.0515625 0.0515625
0 0.45703125 0.5421875 0.0515625 0.05
0 0.56171875 0.7296875 0.05 0.0484375
0 0.4359375 0.496875 0.05 0.0484375