0 0.8234375 0.01328125 0.0515625 0.0265625
0 0.01171875 0.5125 0.0234375 0.053125
0 0.49140625 0.87890625 0.053125 0.05390625
0 0.2953125 0.6484375 0.05234375 0.053125
0 0.20703125 0.23515625 0.05078125 0.0515625
0 0.62578125 0.83359375 0.05234375 0.0515625
0 0.246875 0.83671875 0.0515625 0.053125
0 0.52109375 0.925 0.05234375 0.05390625
0 0.8421875 0.6390625 0.053125 0.05390625
0 0.725 0.54921875 0.05234375 0.053125
0 0.79765625 0.13828125 0.0515625 0.0515625
0 0.60859375 0.09140625 0.05234375 0.05234375
0 0.1921875 0.8359375 0.05390625 0.05390625
0 0.6625 0.01171875 0.0515625 0.0234375
0 0.2921875 0.46640625 0.053125 0.05390625
0 0.13515625 0.64921875 0.053125 0.053125
0 0.74296875 0.04609375 0.0515625 0.0515625
0 0.76328125 0.87265625 0.053125 0.05390625
0 0.80390625 0.41015625 0.05 0.0515625
0 0.271875 0.7875 0.05390625 0.053125
0 0.16015625 0.5140625 0.05234375 0.05234375
0 0.90234375 0.0453125 0.0515625 0.0515625
0 0.01328125 0.79375 0.0265625 0.053125
0 0.1546875 0.2390625 0.0515625 0.05078125
0 0.57265625 0.9234375 0.05234375 0.053125
0 0.0484375 0.3328125 0.05234375 0.05234375
0 0.41015625 0.92890625 0.05390625 0.053125
0 0.67890625 0.82890625 0.0515625 0.05234375
0 0.53046875 0.23125 0.05234375 0.05234375
0 0.2484375 0.928125 0.0515625 0.05234375
0 0.51171875 0.5515625 0.05234375 0.05234375
0 0.83125 0.275 0.0515625 0.05234375
0 0.44765625 0.09609375 0.0515625 0.0515625
0 0.71640625 0.09140625 0.05234375 0.053125
0 0.803125 0.3203125 0.0515625 0.053125
0 0.6734375 0.55234375 0.0515625 0.0515625
0 0.7078125 0.87734375 0.05234375 0.05234375
0 0.8765625 0.08828125 0.0515625 0.05234375
0 0.4453125 0.01640625 0.0515625 0.0328125
0 0.5046875 0.27890625 0.05234375 0.05234375
0 0.7015625 0.59609375 0.05234375 0.05234375
0 0.284375 0.0171875 0.0515625 0.034375
0 0.02109375 0.01875 0.0421875 0.0375
0 0.7203125 0.27578125 0.05234375 0.053125
0 0.59921875 0.87734375 0.05234375 0.05234375
0 0.36640625 0.05078125 0.05234375 0.05234375
0 0.43203125 0.59921875 0.05390625 0.05390625
0 0.8828125 0.2734375 0.05234375 0.053125
0 0.64375 0.50703125 0.05234375 0.05390625
0 0.24296875 0.65 0.05234375 0.053125
0 0.6421875 0.41484375 0.05078125 0.05078125
0 0.05703125 0.884375 0.053125 0.05234375
0 0.609375 0.01484375 0.0515625 0.0296875
0 0.28671875 0.28125 0.0515625 0.0515625
0 0.28671875 0.09921875 0.0515625 0.0515625
0 0.05390625 0.6046875 0.05234375 0.05234375
0 0.44765625 0.19140625 0.05078125 0.05234375
0 0.4234375 0.23359375 0.0515625 0.053125
0 0.015625 0.8859375 0.03125 0.053125
0 0.5859375 0.32734375 0.0515625 0.0515625
0 0.684375 0.92109375 0.05234375 0.053125
0 0.39609375 0.28125 0.053125 0.053125
0 0.665625 0.2796875 0.05234375 0.0515625
0 0.92109375 0.59140625 0.05234375 0.05234375
0 0.875 0.0140625 0.05 0.028125
0 0.75859375 0.68984375 0.05234375 0.053125
0 0.36796875 0.23359375 0.053125 0.053125
0 0.67734375 0.64453125 0.0515625 0.053125
0 0.565625 0.55078125 0.053125 0.05390625
0 0.13046875 0.37578125 0.0515625 0.0515625
0 0.11171875 0.88359375 0.05234375 0.053125
0 0.95703125 0.04453125 0.0515625 0.05234375
0 0.34921875 0.559375 0.05234375 0.0515625
0 0.79609375 0.91640625 0.053125 0.053125
0 0.56953125 0.64453125 0.053125 0.05390625
0 0.165625 0.8828125 0.05234375 0.053125
0 0.72265625 0.3671875 0.05234375 0.05234375
0 0.72890625 0.6453125 0.05234375 0.053125
0 0.23359375 0.28515625 0.05078125 0.05078125
0 0.40234375 0.55546875 0.0515625 0.05234375
0 0.1265625 0.19140625 0.05078125 0.05234375
0 0.92734375 0.0125 0.0515625 0.025
0 0.32421875 0.60234375 0.0515625 0.053125
0 0.80078125 0.228125 0.053125 0.053125
0 0.32734375 0.7859375 0.0515625 0.05390625
0 0.23046875 0.01796875 0.0515625 0.0359375
0 0.784375 0.63984375 0.0546875 0.0546875
0 0.821875 0.86875 0.053125 0.0515625
0 0.76875 0.0140625 0.0515625 0.028125
0 0.35234375 0.8390625 0.05234375 0.05234375
0 0.61328125 0.3703125 0.05 0.0515625
0 0.45078125 0.28125 0.05234375 0.053125
0 0.9390625 0.36171875 0.053125 0.05390625
0 0.35234375 0.74140625 0.05234375 0.05234375
0 0.53203125 0.32421875 0.05234375 0.053125
0 0.8234375 0.090625 0.05234375 0.05234375
0 0.9828125 0.271875 0.034375 0.053125
0 0.7703125 0.090625 0.0515625 0.05234375
0 0.52578125 0.04921875 0.05234375 0.053125
0 0.0734375 0.28984375 0.0515625 0.0515625
0 0.31484375 0.32734375 0.05234375 0.05234375
0 0.83671875 0.5484375 0.0515625 0.05234375
0 0.0765625 0.465625 0.05234375 0.05234375
0 0.625 0.64375 0.053125 0.053125
0 0.07265625 0.1921875 0.05234375 0.05234375
0 0.178125 0.1015625 0.0515625 0.05078125
0 0.9109375 0.31953125 0.05234375 0.053125
0 0.68984375 0.04609375 0.05234375 0.05390625
0 0.40625 0.64921875 0.053125 0.053125
0 0.20546875 0.05546875 0.0515625 0.05234375
0 0.02265625 0.19375 0.0453125 0.0515625
0 0.434375 0.7859375 0.05234375 0.053125
0 0.39453125 0.09453125 0.05234375 0.05234375
0 0.453125 0.37109375 0.05234375 0.05234375
0 0.9609375 0.13671875 0.0515625 0.05234375
0 0.559375 0.278125 0.05234375 0.053125
0 0.13671875 0.83671875 0.05390625 0.0546875
0 0.01328125 0.6046875 0.0265625 0.053125
0 0.04921875 0.24140625 0.05234375 0.053125
0 0.053125 0.7 0.0515625 0.053125
0 0.21484375 0.603125 0.0515625 0.0515625
0 0.23984375 0.55703125 0.05234375 0.053125
0 0.5546875 0.0140625 0.053125 0.028125
0 0.4359375 0.88125 0.05390625 0.053125
0 0.796875 0.04453125 0.0515625 0.05234375
0 0.05390625 0.79296875 0.05234375 0.053125
0 0.50859375 0.37109375 0.053125 0.05234375
0 0.5171875 0.83515625 0.05234375 0.053125
0 0.7140625 0.96640625 0.0546875 0.053125
0 0.26953125 0.60390625 0.05390625 0.053125
0 0.48828125 0.7875 0.053125 0.05390625
0 0.24609375 0.7421875 0.053125 0.05390625
0 0.74453125 0.22890625 0.053125 0.053125
0 0.78125 0.55078125 0.05234375 0.0515625
0 0.74921875 0.31953125 0.053125 0.05390625
0 0.37578125 0.603125 0.0515625 0.053125
0 0.15546875 0.328125 0.053125 0.05234375
0 0.2578125 0.053125 0.05078125 0.05234375
0 0.265625 0.51171875 0.0515625 0.05234375
0 0.10859375 0.79296875 0.0515625 0.05234375
0 0.04296875 0.0578125 0.05234375 0.0515625
0 0.32578125 0.884375 0.0515625 0.05234375
0 0.63515625 0.046875 0.0515625 0.053125
0 0.6625 0.0921875 0.053125 0.053125
0 0.134375 0.74453125 0.05234375 0.05234375
0 0.18984375 0.64921875 0.0515625 0.053125
0 0.2390625 0.4671875 0.0515625 0.05234375
0 0.29453125 0.55703125 0.053125 0.05390625
0 0.9671875 0.3171875 0.05390625 0.05390625
0 0.29140625 0.37578125 0.0515625 0.05078125
0 0.1765625 0.01796875 0.053125 0.0359375
0 0.0125 0.69921875 0.025 0.053125
0 0.5140625 0.64609375 0.05390625 0.053125
0 0.121875 0.01875 0.0515625 0.0375
0 0.2125 0.5109375 0.0515625 0.05234375
0 0.4796875 0.3234375 0.05234375 0.05390625
0 0.06875 0.01796875 0.0515625 0.0359375
0 0.48125 0.50859375 0.05 0.0515625
0 0.078125 0.5625 0.05234375 0.05234375
0 0.75546875 0.59375 0.0515625 0.05234375
0 0.94453125 0.546875 0.05234375 0.05234375
0 0.6375 0.23125 0.0515625 0.053125
0 0.47578125 0.234375 0.05078125 0.0515625
0 0.3203125 0.509375 0.05234375 0.053125
0 0.390625 0.0171875 0.053125 0.034375
0 0.63984375 0.32734375 0.0515625 0.0515625
0 0.1625 0.7953125 0.05234375 0.05234375
0 0.909375 0.2265625 0.05234375 0.05234375
0 0.64765625 0.6 0.05234375 0.05234375
0 0.571875 0.83203125 0.05234375 0.053125
0 0.58984375 0.50625 0.05234375 0.05234375
0 0.4296875 0.5078125 0.05078125 0.0515625
0 0.2734375 0.88359375 0.05234375 0.05234375
0 0.85078125 0.1359375 0.0515625 0.05234375
0 0.7625 0.78203125 0.0546875 0.0546875
0 0.96171875 0.225 0.05234375 0.05234375
0 0.61171875 0.27890625 0.0515625 0.0515625
0 0.5875 0.41640625 0.05234375 0.0515625
0 0.05546875 0.97734375 0.0515625 0.0453125
0 0.65078125 0.78515625 0.05234375 0.05234375
0 0.36953125 0.32734375 0.05234375 0.0515625
0 0.56953125 0.73984375 0.05234375 0.053125
0 0.584375 0.23203125 0.05234375 0.05234375
0 0.42421875 0.32578125 0.053125 0.053125
0 0.528125 0.1421875 0.0515625 0.0515625
0 0.703125 0.690625 0.053125 0.05390625
0 0.7921875 0.825 0.053125 0.05390625
0 0.74375 0.13828125 0.05234375 0.053125
0 0.72421875 0.45859375 0.0515625 0.0515625
0 0.34765625 0.4640625 0.05234375 0.05234375
0 0.62265625 0.73984375 0.0515625 0.05234375
0 0.27578125 0.97421875 0.053125 0.0515625
0 0.465625 0.928125 0.053125 0.0546875
0 0.2390625 0.371875 0.053125 0.05234375
0 0.01484375 0.9765625 0.0296875 0.046875
0 0.59375 0.59921875 0.053125 0.053125
0 0.1328125 0.56171875 0.05234375 0.05234375
0 0.1515625 0.053125 0.053125 0.053125
0 0.64921875 0.69140625 0.05234375 0.05234375
0 0.19453125 0.928125 0.053125 0.053125
0 0.80859375 0.50390625 0.053125 0.053125
0 0.02265625 0.28671875 0.0453125 0.0546875
0 0.5546875 0.0921875 0.05234375 0.053125
0 0.209375 0.3296875 0.05078125 0.0515625
0 0.39609375 0.18671875 0.05234375 0.05234375
0 0.70546875 0.78203125 0.053125 0.053125
0 0.05078125 0.51484375 0.0515625 0.05234375
0 0.1234375 0.103125 0.0515625 0.05078125
0 0.715625 0.01328125 0.05 0.0265625
0 0.4859375 0.6015625 0.0515625 0.053125
0 0.07109375 0.1015625 0.0515625 0.05234375
0 0.471875 0.05234375 0.05234375 0.0515625
0 0.23203125 0.1921875 0.0515625 0.05234375
0 0.3984375 0.3734375 0.05234375 0.05234375
0 0.08046875 0.7484375 0.0515625 0.05234375
0 0.62890625 0.921875 0.053125 0.05234375
0 0.021875 0.10234375 0.04375 0.0515625
0 0.40546875 0.73828125 0.0515625 0.05390625
0 0.1890625 0.74375 0.053125 0.053125
0 0.12578125 0.28828125 0.0515625 0.0515625
0 0.6890625 0.140625 0.0515625 0.05234375
0 0.08203125 0.84296875 0.05234375 0.053125
0 0.21171875 0.41796875 0.0515625 0.0515625
0 0.48828125 0.69453125 0.05234375 0.05078125
0 0.88203125 0.365625 0.05234375 0.05234375
0 0.21875 0.88203125 0.0515625 0.05234375
0 0.0234375 0.37890625 0.046875 0.05
0 0.58203125 0.04609375 0.0515625 0.05234375
0 0.0796875 0.6515625 0.05234375 0.053125
0 0.97890625 0.08984375 0.0421875 0.0515625
0 0.13203125 0.46328125 0.0546875 0.05390625
0 0.35390625 0.92890625 0.05390625 0.05234375
0 0.9859375 0.453125 0.028125 0.053125
0 0.50625 0.46484375 0.05078125 0.0515625
0 0.5625 0.37421875 0.05078125 0.0515625
0 0.17890625 0.190625 0.05234375 0.05234375
0 0.61875 0.553125 0.05234375 0.05234375
0 0.909375 0.40859375 0.053125 0.05234375
0 0.04609375 0.1484375 0.05234375 0.053125
0 0.28515625 0.19140625 0.0515625 0.053125
0 0.1828125 0.3734375 0.0515625 0.05234375
0 0.59609375 0.7859375 0.05234375 0.053125
0 0.84921875 0.046875 0.0515625 0.05234375
0 0.16015625 0.6078125 0.05234375 0.05234375
0 0.32578125 0.69609375 0.05234375 0.05234375
0 0.109375 0.97734375 0.0515625 0.0453125
0 0.33671875 0.01796875 0.0515625 0.0359375
0 0.4625 0.740625 0.05234375 0.053125
0 0.07578125 0.37578125 0.05234375 0.05078125
0 0.9375 0.27109375 0.05234375 0.05234375
0 0.85625 0.3203125 0.053125 0.05234375
0 0.8140625 0.6890625 0.053125 0.05390625
0 0.5015625 0.0953125 0.05234375 0.05234375
0 0.58125 0.13828125 0.05234375 0.053125
0 0.375 0.51015625 0.05234375 0.05234375
0 0.10078125 0.240625 0.05078125 0.05234375
0 0.878125 0.18203125 0.0515625 0.05078125
0 0.1859375 0.56015625 0.0515625 0.0515625
0 0.32265625 0.41640625 0.05234375 0.05234375
0 0.653125 0.87578125 0.0515625 0.053125
0 0.02734375 0.74609375 0.05234375 0.05234375
0 0.1640625 0.975 0.0515625 0.05
0 0.21875 0.78828125 0.053125 0.053125
0 0.86640625 0.68671875 0.05390625 0.0515625
0 0.34921875 0.65078125 0.053125 0.053125
0 0.965625 0.4109375 0.053125 0.05234375
0 0.2328125 0.09921875 0.05234375 0.05234375
0 0.6359375 0.140625 0.05234375 0.05234375
0 0.90703125 0.13359375 0.053125 0.053125
0 0.1859375 0.4671875 0.0515625 0.05234375
0 0.9828125 0.3625 0.034375 0.053125
0 0.33046875 0.97421875 0.0515625 0.0515625
0 0.54609375 0.8796875 0.053125 0.05234375
0 0.31328125 0.23984375 0.05234375 0.0515625
0 0.84296875 0.734375 0.05234375 0.0515625
0 0.690625 0.228125 0.05234375 0.0515625
0 0.01171875 0.41953125 0.0234375 0.053125
0 0.609375 0.18515625 0.05234375 0.05234375
0 0.3109375 0.05625 0.05234375 0.05234375
0 0.75390625 0.503125 0.053125 0.053125
0 0.27109375 0.69375 0.05234375 0.05390625
0 0.66640625 0.36875 0.05390625 0.0515625
0 0.778125 0.45703125 0.0515625 0.0515625
0 0.6984375 0.4109375 0.053125 0.0515625
0 0.215625 0.6984375 0.053125 0.053125
0 0.0953125 0.05703125 0.0515625 0.05078125
0 0.93046875 0.08984375 0.0515625 0.05234375
0 0.15078125 0.14609375 0.05078125 0.05078125
0 0.475 0.1421875 0.0515625 0.0515625
0 0.434375 0.69296875 0.053125 0.05390625
0 0.34296875 0.28359375 0.05078125 0.05234375
0 0.02578125 0.653125 0.0515625 0.053125
0 0.1015625 0.33203125 0.05 0.0515625
0 0.91484375 0.5015625 0.053125 0.053125
0 0.5640625 0.459375 0.0515625 0.05234375
0 0.69296875 0.32109375 0.05234375 0.053125
0 0.025 0.559375 0.05 0.0546875
0 0.8859375 0.45703125 0.05078125 0.04921875
0 0.60390625 0.971875 0.05234375 0.0515625
0 0.98046875 0.18046875 0.0390625 0.0515625
0 0.1390625 0.93046875 0.0515625 0.05234375
0 0.36875 0.14375 0.0515625 0.05078125
0 0.4578125 0.64921875 0.05234375 0.053125
0 0.5953125 0.6921875 0.053125 0.05234375
0 0.3453125 0.37109375 0.05234375 0.053125
0 0.5171875 0.7390625 0.05234375 0.053125
0 0.55625 0.18828125 0.05234375 0.05234375
0 0.5359375 0.50625 0.0515625 0.05078125
0 0.7765625 0.36484375 0.0515625 0.05234375
0 0.5390625 0.5984375 0.053125 0.05390625
0 0.8890625 0.55 0.05234375 0.05234375
0 0.18125 0.28125 0.05234375 0.053125
0 0.7875 0.73359375 0.0546875 0.05390625
0 0.49375 0.971875 0.05390625 0.05390625
0 0.03125 0.934375 0.0515625 0.05234375
0 0.540625 0.6921875 0.0515625 0.053125
0 0.93203125 0.18046875 0.05234375 0.0515625
0 0.21953125 0.975 0.053125 0.05
0 0.3828125 0.97421875 0.0515625 0.0515625
0 0.8328125 0.4578125 0.0515625 0.0515625
0 0.084375 0.93359375 0.0515625 0.0515625
0 0.30078125 0.83359375 0.05234375 0.05390625
0 0.828125 0.3671875 0.0515625 0.05234375
0 0.29921875 0.73984375 0.053125 0.053125
0 0.38046875 0.8828125 0.05234375 0.05390625
0 0.340625 0.09921875 0.0515625 0.0515625
0 0.65625 0.96875 0.0515625 0.0515625
0 0.89453125 0.6375 0.05234375 0.05234375
0 0.54140625 0.7875 0.05078125 0.0515625
0 0.2609375 0.328125 0.05 0.05234375
0 0.0984375 0.146875 0.0515625 0.05078125
0 0.95234375 0.634375 0.05 0.05
0 0.7390625 0.921875 0.05234375 0.053125
0 0.38125 0.7859375 0.05234375 0.05234375
0 0.428125 0.4203125 0.05234375 0.05078125
0 0.50078125 0.18828125 0.0515625 0.0515625
0 0.265625 0.41953125 0.05078125 0.0515625
0 0.40390625 0.46015625 0.0515625 0.05234375
0 0.77109375 0.18359375 0.053125 0.05234375
0 0.75078125 0.4140625 0.05234375 0.05234375
0 0.73046875 0.7359375 0.053125 0.053125
0 0.4984375 0.01640625 0.0515625 0.0328125
0 0.90390625 0.721875 0.05390625 0.053125
0 0.85625 0.41015625 0.0515625 0.0515625
0 0.6609375 0.1890625 0.05078125 0.05078125
0 0.04765625 0.42109375 0.05 0.05078125
0 0.1046875 0.51484375 0.053125 0.05234375
0 0.20546875 0.14453125 0.05234375 0.0515625
0 0.67734375 0.73828125 0.0515625 0.05234375
0 0.3734375 0.41875 0.05078125 0.05078125
0 0.54765625 0.9734375 0.053125 0.053125
0 0.86015625 0.5 0.05078125 0.05078125
0 0.37890625 0.69453125 0.05234375 0.053125
0 0.48125 0.4203125 0.05 0.05
0 0.1015625 0.41875 0.0515625 0.0515625
0 0.45625 0.55234375 0.0515625 0.05234375
0 0.45546875 0.46484375 0.05 0.05
0 0.86328125 0.59609375 0.053125 0.05078125
0 0.025 0.465625 0.05 0.0515625
0 0.9375 0.45625 0.053125 0.05234375
0 0.30078125 0.93125 0.0515625 0.0515625
0 0.6703125 0.4578125 0.0515625 0.05234375
0 0.4078125 0.83828125 0.05234375 0.0515625
0 0.10625 0.60625 0.0515625 0.0515625
0 0.259375 0.2390625 0.04921875 0.04921875
0 0.82578125 0.18515625 0.05078125 0.0515625
0 0.26015625 0.14296875 0.053125 0.05234375
0 0.315625 0.14375 0.0515625 0.0515625
0 0.15859375 0.42109375 0.0515625 0.05078125
0 0.16171875 0.6984375 0.05234375 0.053125
0 0.971875 0.49453125 0.05390625 0.05390625
0 0.4609375 0.8359375 0.053125 0.05234375
0 0.98671875 0.5484375 0.0265625 0.0546875
0 0.77578125 0.2765625 0.053125 0.05234375
0 0.4375 0.97421875 0.053125 0.0515625
0 0.715625 0.18515625 0.0515625 0.0515625
0 0.534375 0.41875 0.05078125 0.05
0 0.41953125 0.05234375 0.05 0.05234375
0 0.6171875 0.46015625 0.05234375 0.053125
0 0.10625 0.7015625 0.05078125 0.0515625
0 0.696875 0.50546875 0.05078125 0.05234375
0 0.8546875 0.228125 0.05078125 0.0515625
0 0.34140625 0.18984375 0.05 0.0515625
0 0.4203125 0.1453125 0.0515625 0.0515625
0 0.97421875 0.590625 0.05 0.05
0 0.02734375 0.8421875 0.05234375 0.05234375
0 0.9265625 0.675 0.053125 0.0515625
0 0.7703125 0.965625 0.0546875 0.053125
0 0.81640625 0.78046875 0.0515625 0.05234375
0 0.73359375 0.82890625 0.05234375 0.0515625
0 0.85078125 0.8203125 0.053125 0.0515625
0 0.809375 0.58671875 0.05234375 0.05234375
0 0.875 0.77578125 0.0515625 0.0515625