0 0.82109375 0.04765625 0.053125 0.05390625
0 0.89765625 0.284375 0.05234375 0.053125
0 0.65546875 0.04609375 0.05390625 0.05390625
0 0.86875 0.3296875 0.053125 0.05390625
0 0.9734375 0.521875 0.053125 0.053125
0 0.9484375 0.378125 0.05234375 0.05234375
0 0.95078125 0.284375 0.05234375 0.05390625
0 0.87421875 0.04921875 0.05234375 0.0546875
0 0.78828125 0.28359375 0.053125 0.05390625
0 0.81328125 0.33046875 0.053125 0.053125
0 0.62734375 0.09140625 0.05234375 0.053125
0 0.740625 0.01328125 0.053125 0.0265625
0 0.79453125 0.0140625 0.053125 0.028125
0 0.97890625 0.05078125 0.0421875 0.053125
0 0.975 0.2359375 0.05 0.0546875
0 0.8703125 0.23671875 0.0515625 0.053125
0 0.98359375 0.665625 0.0328125 0.053125
0 0.94375 0.5671875 0.05234375 0.053125
0 0.975 0.33359375 0.05 0.053125
0 0.70703125 0.1390625 0.053125 0.053125
0 0.871875 0.1421875 0.0515625 0.05234375
0 0.68125 0.0921875 0.05234375 0.053125
0 0.89453125 0.37890625 0.05390625 0.053125
0 0.928125 0.04765625 0.05390625 0.05390625
0 0.9015625 0.096875 0.05390625 0.05234375
0 0.90390625 0.01484375 0.0515625 0.0296875
0 0.709375 0.04296875 0.053125 0.0546875
0 0.81875 0.2359375 0.053125 0.053125
0 0.9515625 0.1890625 0.05390625 0.053125
0 0.75625 0.32734375 0.053125 0.05390625
0 0.89765625 0.190625 0.05234375 0.053125
0 0.78828125 0.09453125 0.05390625 0.05390625
0 0.9828125 0.75546875 0.034375 0.053125
0 0.75859375 0.23359375 0.0546875 0.053125
0 0.984375 0.56796875 0.03125 0.0546875
0 0.6296875 0.01328125 0.053125 0.0265625
0 0.9203125 0.52109375 0.0515625 0.0515625
0 0.9703125 0.709375 0.053125 0.05234375
0 0.9703125 0.615625 0.05390625 0.05390625
0 0.95859375 0.01484375 0.053125 0.0296875
0 0.8375 0.37890625 0.05390625 0.05234375
0 0.89296875 0.471875 0.0546875 0.05390625
0 0.81640625 0.14140625 0.053125 0.053125
0 0.975 0.4265625 0.05 0.0546875
0 0.94140625 0.66328125 0.0515625 0.05234375
0 0.9484375 0.471875 0.053125 0.05390625
0 0.65234375 0.13671875 0.05234375 0.05234375
0 0.678125 0.18359375 0.05234375 0.05234375
0 0.834375 0.46875 0.053125 0.05234375
0 0.92265625 0.33359375 0.0515625 0.053125
0 0.73671875 0.09453125 0.053125 0.053125
0 0.8484375 0.01484375 0.0515625 0.0296875
0 0.84453125 0.0953125 0.05234375 0.053125
0 0.84296875 0.2859375 0.05234375 0.053125
0 0.76328125 0.14375 0.05234375 0.05234375
0 0.92265625 0.23671875 0.05234375 0.053125
0 0.91640625 0.61640625 0.05078125 0.0515625
0 0.9234375 0.1421875 0.05390625 0.05234375
0 0.98828125 0.3796875 0.0234375 0.053125
0 0.68359375 0.0125 0.0546875 0.025
0 0.978125 0.14609375 0.04375 0.0515625
0 0.86953125 0.52109375 0.05 0.05078125
0 0.76328125 0.0453125 0.05390625 0.05390625
0 0.95859375 0.09609375 0.05234375 0.053125
0 0.790625 0.18828125 0.053125 0.05234375
0 0.86484375 0.425 0.053125 0.053125
0 0.8078125 0.421875 0.05234375 0.0515625
0 0.8890625 0.5671875 0.05234375 0.05234375
0 0.734375 0.1875 0.05234375 0.05078125
0 0.98828125 0.47578125 0.0234375 0.053125
0 0.571875 0.01015625 0.053125 0.0203125
0 0.92109375 0.42734375 0.05546875 0.0546875
0 0.6015625 0.04453125 0.05078125 0.0515625
0 0.78359375 0.378125 0.0515625 0.0515625
0 0.84375 0.18984375 0.05 0.0515625
0 0.73046875 0.28203125 0.05546875 0.05390625