0 0.3640625 0.03046875 0.0578125 0.0578125
0 0.8046875 0.64765625 0.0578125 0.0578125
0 0.678125 0.4921875 0.0578125 0.0578125
0 0.63359375 0.390625 0.0578125 0.0578125
0 0.68671875 0.39453125 0.05625 0.0578125
0 0.71953125 0.93125 0.0578125 0.0578125
0 0.60546875 0.9203125 0.059375 0.059375
0 0.43125 0.42109375 0.0578125 0.0578125
0 0.30390625 0.603125 0.05625 0.0578125
0 0.44296875 0.90703125 0.0578125 0.059375
0 0.97578125 0.23046875 0.0484375 0.0578125
0 0.859375 0.653125 0.05625 0.0578125
0 0.9859375 0.05546875 0.028125 0.0328125
0 0.34765625 0.70078125 0.059375 0.0609375
0 0.37890625 0.6546875 0.0578125 0.059375
0 0.909375 0.4203125 0.059375 0.0578125
0 0.52109375 0.3796875 0.0578125 0.0578125
0 0.33671875 0.5546875 0.0578125 0.0578125
0 0.75078125 0.88671875 0.059375 0.059375
0 0.5609375 0.01484375 0.0546875 0.028125
0 0.43203125 0.17734375 0.0578125 0.059375
0 0.37578125 0.17578125 0.0578125 0.0578125
0 0.34453125 0.21796875 0.0578125 0.0578125
0 0.5796875 0.628125 0.0578125 0.059375
0 0.83125 0.36328125 0.0578125 0.059375
0 0.4609375 0.7125 0.0578125 0.0578125
0 0.621875 0.2453125 0.0578125 0.0578125
0 0.6515625 0.203125 0.0578125 0.0578125
0 0.10078125 0.14453125 0.0578125 0.0578125
0 0.15546875 0.39140625 0.059375 0.0578125
0 0.7296875 0.25625 0.0578125 0.0578125
0 0.69375 0.6375 0.0578125 0.0578125
0 0.47421875 0.86015625 0.0578125 0.059375
0 0.79921875 0.409375 0.0578125 0.059375
0 0.47421875 0.03984375 0.05625 0.05625
0 0.2015625 0.02109375 0.05625 0.0421875
0 0.58515625 0.8703125 0.0609375 0.0609375
0 0.66953125 0.02578125 0.0546875 0.0296875
0 0.7234375 0.03125 0.0546875 0.03125
0 0.63671875 0.05546875 0.0578125 0.0578125
0 0.7703125 0.69296875 0.0609375 0.0609375
0 0.78515625 0.26171875 0.0578125 0.0578125
0 0.7140625 0.1125 0.05625 0.0578125
0 0.3078125 0.0265625 0.059375 0.053125
0 0.83515625 0.040625 0.0546875 0.03125
0 0.92265625 0.90078125 0.0578125 0.059375
0 0.90234375 0.178125 0.0578125 0.059375
0 0.6703125 0.82890625 0.059375 0.059375
0 0.40234375 0.46484375 0.05625 0.0578125
0 0.89765625 0.27265625 0.05625 0.0578125
0 0.25234375 0.02265625 0.0578125 0.0453125
0 0.52734375 0.86484375 0.059375 0.059375
0 0.94296875 0.0515625 0.0578125 0.034375
0 0.46796875 0.61484375 0.05625 0.0578125
0 0.5484375 0.671875 0.05625 0.0578125
0 0.3234375 0.40859375 0.0578125 0.059375
0 0.57265625 0.1453125 0.059375 0.059375
0 0.9578125 0.5171875 0.059375 0.0578125
0 0.54140625 0.18828125 0.0578125 0.059375
0 0.35703125 0.36328125 0.059375 0.0578125
0 0.52734375 0.0453125 0.0578125 0.0578125
0 0.86484375 0.8984375 0.059375 0.059375
0 0.26875 0.1640625 0.0578125 0.0578125
0 0.28046875 0.55078125 0.0578125 0.0578125
0 0.603125 0.43515625 0.0578125 0.059375
0 0.96640625 0.6640625 0.046875 0.0578125
0 0.5125 0.4765625 0.059375 0.0578125
0 0.50546875 0.0125 0.0546875 0.025
0 0.4890625 0.42421875 0.0578125 0.059375
0 0.87734375 0.46640625 0.0578125 0.0578125
0 0.74921875 0.6453125 0.0578125 0.059375
0 0.43359375 0.6609375 0.059375 0.059375
0 0.346875 0.459375 0.0578125 0.0578125
0 0.63984375 0.87265625 0.059375 0.0609375
0 0.44765625 0.809375 0.0578125 0.0578125
0 0.8828125 0.70234375 0.059375 0.059375
0 0.51015625 0.2359375 0.0578125 0.0578125
0 0.75546875 0.55078125 0.0578125 0.059375
0 0.13984375 0.58203125 0.0578125 0.0578125
0 0.54375 0.43203125 0.059375 0.059375
0 0.25625 0.25859375 0.0578125 0.0578125
0 0.85703125 0.9828125 0.0609375 0.034375
0 0.83515625 0.9421875 0.0578125 0.0578125
0 0.09140625 0.01328125 0.0578125 0.0265625
0 0.92578125 0.2296875 0.05625 0.0578125
0 0.88515625 0.36796875 0.0578125 0.059375
0 0.940625 0.7078125 0.0578125 0.059375
0 0.3953125 0.00703125 0.053125 0.0140625
0 0.553125 0.91484375 0.0578125 0.059375
0 0.45625 0.23125 0.05625 0.0578125
0 0.2921875 0.6953125 0.059375 0.059375
0 0.91328125 0.98515625 0.0578125 0.0296875
0 0.62578125 0.72578125 0.0578125 0.059375
0 0.9796875 0.47109375 0.040625 0.0578125
0 0.99296875 0.1875 0.0140625 0.05625
0 0.29921875 0.35859375 0.059375 0.0578125
0 0.14609375 0.0171875 0.0578125 0.034375
0 0.80859375 0.8921875 0.0578125 0.059375
0 0.3359375 0.7953125 0.0578125 0.0578125
0 0.828125 0.69765625 0.059375 0.0609375
0 0.325 0.64921875 0.0578125 0.059375
0 0.2140625 0.63828125 0.059375 0.0578125
0 0.6609375 0.1078125 0.0578125 0.059375
0 0.55625 0.57734375 0.059375 0.059375
0 0.40390625 0.70546875 0.059375 0.059375
0 0.45390625 0.4703125 0.0578125 0.0578125
0 0.146875 0.24453125 0.0578125 0.0578125
0 0.04453125 0.37890625 0.0578125 0.0578125
0 0.51640625 0.13984375 0.0578125 0.0578125
0 0.2109375 0.1546875 0.059375 0.059375
0 0.3625 0.84765625 0.059375 0.059375
0 0.18046875 0.20234375 0.059375 0.059375
0 0.83359375 0.60390625 0.0578125 0.0578125
0 0.2484375 0.8390625 0.05625 0.0578125
0 0.61015625 0.34140625 0.05625 0.0578125
0 0.7890625 0.503125 0.0578125 0.0578125
0 0.15625 0.14921875 0.0578125 0.0578125
0 0.66875 0.5859375 0.0578125 0.059375
0 0.4640625 0.1328125 0.05625 0.0578125
0 0.6140625 0.5796875 0.0578125 0.0578125
0 0.965625 0.42421875 0.0578125 0.059375
0 0.57578125 0.38515625 0.0578125 0.059375
0 0.48671875 0.1859375 0.0578125 0.0578125
0 0.875 0.80390625 0.059375 0.059375
0 0.94609375 0.6125 0.059375 0.059375
0 0.66015625 0.68125 0.0578125 0.0578125
0 0.14921875 0.48515625 0.059375 0.059375
0 0.98046875 0.13828125 0.0390625 0.0578125
0 0.76953125 0.11640625 0.0578125 0.0578125
0 0.984375 0.37734375 0.03125 0.0578125
0 0.22265625 0.30390625 0.0578125 0.0578125
0 0.85 0.17734375 0.05625 0.0578125
0 0.56640625 0.240625 0.0578125 0.0578125
0 0.8875 0.04609375 0.0546875 0.0328125
0 0.55625 0.334375 0.0578125 0.0578125
0 0.62890625 0.15078125 0.0578125 0.059375
0 0.28828125 0.2140625 0.0578125 0.05625
0 0.84453125 0.5078125 0.05625 0.05625
0 0.76640625 0.4546875 0.05625 0.0578125
0 0.29921875 0.11640625 0.059375 0.0578125
0 0.6234375 0.48671875 0.0578125 0.0578125
0 0.45 0.01015625 0.053125 0.0203125
0 0.53515625 0.76796875 0.059375 0.0609375
0 0.0796875 0.3328125 0.059375 0.059375
0 0.23515625 0.44453125 0.059375 0.0578125
0 0.3859375 0.90078125 0.0578125 0.0578125
0 0.35625 0.60625 0.0578125 0.059375
0 0.934375 0.1328125 0.059375 0.059375
0 0.66328125 0.9234375 0.059375 0.059375
0 0.9171875 0.65703125 0.0578125 0.059375
0 0.5671875 0.48046875 0.0578125 0.0578125
0 0.60234375 0.67578125 0.059375 0.059375
0 0.425 0.27265625 0.0578125 0.0578125
0 0.12265625 0.4375 0.0578125 0.0578125
0 0.5703125 0.7234375 0.0578125 0.0578125
0 0.365625 0.26953125 0.059375 0.0578125
0 0.940625 0.9515625 0.0484375 0.05625
0 0.740625 0.73828125 0.0578125 0.0578125
0 0.16484375 0.05390625 0.0578125 0.0578125
0 0.77890625 0.0359375 0.0546875 0.03125
0 0.696875 0.303125 0.0578125 0.0578125
0 0.0796875 0.09453125 0.0578125 0.0578125
0 0.30625 0.84375 0.059375 0.059375
0 0.48125 0.76328125 0.0578125 0.059375
0 0.82109375 0.4578125 0.059375 0.0578125
0 0.9125 0.08203125 0.0578125 0.05625
0 0.278125 0.30703125 0.0578125 0.0578125
0 0.39375 0.559375 0.05625 0.0578125
0 0.72734375 0.83671875 0.0578125 0.059375
0 0.97109375 0.32734375 0.0578125 0.0578125
0 0.8890625 0.60703125 0.059375 0.059375
0 0.84375 0.8453125 0.0578125 0.059375
0 0.13203125 0.3421875 0.059375 0.059375
0 0.2828125 0.790625 0.059375 0.0578125
0 0.78203125 0.6 0.05625 0.05625
0 0.95078125 0.85703125 0.04375 0.0546875
0 0.49375 0.66796875 0.0578125 0.0578125
0 0.70703125 0.2046875 0.0578125 0.059375
0 0.85390625 0.75078125 0.0578125 0.0578125
0 0.95234375 0.2765625 0.05625 0.0578125
0 0.03203125 0.328125 0.0421875 0.0546875
0 0.29296875 0.4546875 0.0578125 0.0578125
0 0.41796875 0.8546875 0.059375 0.0609375
0 0.98828125 0.2796875 0.0234375 0.05625
0 0.178125 0.4421875 0.0578125 0.059375
0 0.815625 0.7953125 0.059375 0.059375
0 0.4796875 0.51953125 0.05625 0.05625
0 0.59296875 0.77421875 0.0578125 0.059375
0 0.68359375 0.1578125 0.05625 0.0578125
0 0.35625 0.12421875 0.0578125 0.0578125
0 0.77578125 0.35703125 0.0578125 0.0578125
0 0.41875 0.03515625 0.0578125 0.0578125
0 0.8265625 0.1203125 0.05625 0.0578125
0 0.5828125 0.05 0.059375 0.059375
0 0.3296875 0.89453125 0.0578125 0.059375
0 0.79453125 0.74375 0.059375 0.0578125
0 0.89921875 0.51328125 0.059375 0.059375
0 0.55859375 0.81796875 0.059375 0.059375
0 0.721875 0.35546875 0.05625 0.0578125
0 0.74140625 0.1625 0.05625 0.0578125
0 0.19609375 0.58671875 0.0578125 0.0578125
0 0.65 0.77890625 0.0578125 0.059375
0 0.77578125 0.93515625 0.059375 0.059375
0 0.234375 0.20625 0.0578125 0.059375
0 0.22578125 0.54375 0.0578125 0.0578125
0 0.2484375 0.59609375 0.0578125 0.0578125
0 0.79375 0.16953125 0.0578125 0.059375
0 0.4421875 0.084375 0.0578125 0.0578125
0 0.34140625 0.0046875 0.0546875 0.009375
0 0.31171875 0.26171875 0.05625 0.0578125
0 0.221875 0.0625 0.0578125 0.0578125
0 0.5 0.33046875 0.059375 0.0578125
0 0.21328125 0.396875 0.0578125 0.0578125
0 0.18984375 0.1046875 0.0578125 0.059375
0 0.7625 0.2109375 0.059375 0.0578125
0 0.084375 0.48046875 0.059375 0.059375
0 0.24453125 0.11171875 0.0578125 0.0578125
0 0.134375 0.1015625 0.05625 0.0578125
0 0.20078125 0.25390625 0.0578125 0.0578125
0 0.39296875 0.80078125 0.0578125 0.0578125
0 0.61640625 0.82421875 0.0578125 0.0578125
0 0.27265625 0.884375 0.0578125 0.0578125
0 0.78515625 0.83828125 0.059375 0.059375
0 0.103125 0.3875 0.05625 0.05625
0 0.06875 0.1921875 0.05625 0.05625
0 0.71015625 0.44765625 0.0578125 0.0578125
0 0.41484375 0.60859375 0.0578125 0.05625
0 0.31484375 0.503125 0.0578125 0.0578125
0 0.08984375 0.2359375 0.059375 0.0578125
0 0.41328125 0.3703125 0.0578125 0.0578125
0 0.16953125 0.53828125 0.0578125 0.0578125
0 0.88984375 0.94765625 0.0578125 0.059375
0 0.52109375 0.96328125 0.0578125 0.059375
0 0.64375 0.2953125 0.05625 0.0578125
0 0.81875 0.21953125 0.0578125 0.05625
0 0.1125 0.04921875 0.0578125 0.059375
0 0.3984375 0.22265625 0.059375 0.059375
0 0.51640625 0.71875 0.05625 0.0578125
0 0.31640625 0.75234375 0.0578125 0.0578125
0 0.47734375 0.278125 0.05625 0.0578125
0 0.73359375 0.49921875 0.05625 0.0578125
0 0.0609375 0.0453125 0.05 0.05625
0 0.46328125 0.95703125 0.0609375 0.0609375
0 0.69453125 0.8828125 0.0578125 0.059375
0 0.8546875 0.41640625 0.059375 0.0609375
0 0.275 0.06953125 0.0578125 0.05625
0 0.375 0.978125 0.05625 0.0296875
0 0.60703125 0.1015625 0.0578125 0.059375
0 0.27421875 0.64609375 0.05625 0.05625
0 0.55078125 0.0953125 0.0578125 0.0578125
0 0.65546875 0.44296875 0.05625 0.059375
0 0.49609375 0.08984375 0.05625 0.0578125
0 0.68359375 0.734375 0.0609375 0.0609375
0 0.7984375 0.978125 0.059375 0.04375
0 0.53359375 0.52578125 0.059375 0.059375
0 0.53515625 0.2875 0.0578125 0.05625
0 0.69296875 0.06015625 0.0578125 0.0578125
0 0.9578125 0.75859375 0.046875 0.05625
0 0.93203125 0.809375 0.059375 0.059375
0 0.378125 0.4171875 0.05625 0.059375
0 0.42578125 0.75859375 0.0578125 0.0578125
0 0.24609375 0.35234375 0.05625 0.0578125
0 0.2671875 0.4046875 0.0578125 0.0578125
0 0.42421875 0.515625 0.0578125 0.0578125
0 0.50234375 0.56953125 0.05625 0.05625
0 0.40546875 0.9515625 0.0578125 0.0578125
0 0.85859375 0.078125 0.0578125 0.0578125
0 0.04140625 0.2375 0.0453125 0.05625
0 0.6140625 0.0203125 0.0546875 0.0296875
0 0.74296875 0.40625 0.05625 0.0578125
0 0.75390625 0.30703125 0.0578125 0.059375
0 0.7140625 0.68671875 0.0578125 0.059375
0 0.74921875 0.06953125 0.0578125 0.05625
0 0.5953125 0.19609375 0.059375 0.0609375
0 0.12109375 0.1953125 0.059375 0.059375
0 0.590625 0.53125 0.0578125 0.0578125
0 0.8421875 0.26953125 0.0578125 0.0578125
0 0.86640625 0.55625 0.0578125 0.0578125
0 0.96796875 0.08984375 0.0578125 0.0578125
0 0.63046875 0.96953125 0.0578125 0.0578125
0 0.18046875 0.6859375 0.0578125 0.059375
0 0.25859375 0.49765625 0.05625 0.0578125
0 0.259375 0.740625 0.0609375 0.0609375
0 0.44765625 0.5640625 0.0578125 0.0578125
0 0.1890625 0.3484375 0.0578125 0.059375
0 0.940625 0.375 0.059375 0.0578125
0 0.36875 0.51015625 0.05625 0.0578125
0 0.1671875 0.29765625 0.0578125 0.0578125
0 0.20703125 0.49296875 0.0578125 0.05625
0 0.725 0.5953125 0.0578125 0.0578125
0 0.80859375 0.3125 0.05625 0.05625
0 0.3875 0.31875 0.0578125 0.0578125
0 0.6375 0.63515625 0.059375 0.0609375
0 0.9328125 0.4671875 0.059375 0.0578125
0 0.40859375 0.12890625 0.05625 0.0578125
0 0.33203125 0.075 0.05625 0.0578125
0 0.90703125 0.75390625 0.0578125 0.0578125
0 0.76171875 0.78828125 0.0578125 0.0578125
0 0.8625 0.3171875 0.0578125 0.0578125
0 0.70625 0.78359375 0.0578125 0.0578125
0 0.38671875 0.08203125 0.0578125 0.0578125
0 0.64609375 0.53515625 0.0578125 0.0578125
0 0.92421875 0.56328125 0.059375 0.0578125
0 0.7015625 0.540625 0.0578125 0.0578125
0 0.1140625 0.53046875 0.05625 0.05625
0 0.91875 0.32421875 0.05625 0.0578125
0 0.975 0.56875 0.046875 0.0578125
0 0.20078125 0.7359375 0.0578125 0.0578125
0 0.0578125 0.28671875 0.0578125 0.05625
0 0.5890625 0.29140625 0.05625 0.05625
0 0.575 0.96640625 0.05625 0.0578125
0 0.3515625 0.9453125 0.059375 0.0578125
0 0.46484375 0.375 0.0578125 0.0578125
0 0.74296875 0.975 0.0578125 0.05
0 0.87890625 0.128125 0.05625 0.0578125
0 0.29140625 0.93671875 0.059375 0.0578125
0 0.11328125 0.28984375 0.0578125 0.0578125
0 0.6640625 0.3453125 0.05625 0.05625
0 0.8125 0.5515625 0.05625 0.0578125
0 0.334375 0.3125 0.05625 0.05625
0 0.22265625 0.78515625 0.0609375 0.0609375
0 0.234375 0.6921875 0.0578125 0.0578125
0 0.0515625 0.14296875 0.0484375 0.05625
0 0.15859375 0.63359375 0.0578125 0.0578125
0 0.49765625 0.91015625 0.0578125 0.059375
0 0.503125 0.8140625 0.0578125 0.0578125
0 0.37265625 0.75234375 0.0578125 0.05625
0 0.9578125 0.18671875 0.0578125 0.05625
0 0.68671875 0.9734375 0.0578125 0.053125
0 0.87265625 0.22578125 0.05625 0.0578125
0 0.5234375 0.6203125 0.0578125 0.0578125
0 0.4453125 0.321875 0.05625 0.05625
0 0.32265625 0.16953125 0.05625 0.0578125
0 0.89921875 0.85 0.05625 0.05625
0 0.80390625 0.07421875 0.059375 0.0578125
0 0.06953125 0.428125 0.05625 0.05625
0 0.675 0.25234375 0.05625 0.0578125