0 0.71484375 0.85859375 0.0609375 0.0609375
0 0.9234375 0.81640625 0.059375 0.0609375
0 0.23046875 0.85546875 0.0609375 0.059375
0 0.40546875 0.64140625 0.059375 0.0609375
0 0.25078125 0.6703125 0.059375 0.0609375
0 0.159375 0.9109375 0.0609375 0.059375
0 0.853125 0.87578125 0.059375 0.0609375
0 0.43359375 0.95390625 0.0609375 0.0609375
0 0.10546875 0.92421875 0.059375 0.059375
0 0.903125 0.7296875 0.059375 0.059375
0 0.83359375 0.7890625 0.059375 0.059375
0 0.746875 0.59609375 0.059375 0.0609375
0 0.84921875 0.73828125 0.059375 0.0609375
0 0.471875 0.8546875 0.0609375 0.0609375
0 0.384375 0.9640625 0.0578125 0.0578125
0 0.33046875 0.97109375 0.0609375 0.0578125
0 0.98984375 0.84453125 0.0203125 0.0609375
0 0.7796875 0.79296875 0.0609375 0.0609375
0 0.1125 0.65390625 0.0609375 0.0609375
0 0.971875 0.53203125 0.05625 0.0609375
0 0.9203125 0.68046875 0.0609375 0.0609375
0 0.86875 0.8265625 0.0625 0.0609375
0 0.32109375 0.61640625 0.0609375 0.0609375
0 0.88671875 0.50078125 0.0609375 0.059375
0 0.36796875 0.8765625 0.059375 0.059375
0 0.3625 0.990625 0.059375 0.01875
0 0.80078125 0.8859375 0.0609375 0.0609375
0 0.6984375 0.90859375 0.059375 0.059375
0 0.6125 0.878125 0.0609375 0.059375
0 0.6296875 0.959375 0.059375 0.0578125
0 0.6421875 0.478125 0.0609375 0.0625
0 0.26796875 0.6234375 0.0609375 0.0609375
0 0.63046875 0.83046875 0.0609375 0.059375
0 0.728125 0.64453125 0.059375 0.0609375
0 0.5421875 0.79609375 0.0609375 0.0609375
0 0.52421875 0.84609375 0.059375 0.0609375
0 0.59140625 0.62890625 0.0625 0.0609375
0 0.33515625 0.7 0.059375 0.059375
0 0.76640625 0.846875 0.0609375 0.0609375
0 0.09765625 0.97109375 0.0390625 0.05625
0 0.4765625 0.58046875 0.059375 0.0609375
0 0.384375 0.825 0.0609375 0.0609375
0 0.7296875 0.9421875 0.0578125 0.053125
0 0.59609375 0.7890625 0.059375 0.0609375
0 0.93984375 0.49375 0.059375 0.0609375
0 0.54140625 0.9359375 0.0609375 0.059375
0 0.95703125 0.8546875 0.0609375 0.0609375
0 0.471875 0.9796875 0.059375 0.040625
0 0.86953125 0.546875 0.059375 0.059375
0 0.64375 0.6203125 0.0609375 0.0609375
0 0.07578125 0.61015625 0.0609375 0.0640625
0 0.4921875 0.67109375 0.059375 0.059375
0 0.13984375 0.9625 0.059375 0.0609375
0 0.159375 0.76953125 0.059375 0.0625
0 0.24453125 0.94453125 0.059375 0.059375
0 0.19765625 0.6828125 0.0609375 0.059375
0 0.28125 0.84609375 0.059375 0.059375
0 0.3171875 0.89140625 0.059375 0.0578125
0 0.45390625 0.90546875 0.0609375 0.0625
0 0.97890625 0.75390625 0.0421875 0.0609375
0 0.4390625 0.6796875 0.0609375 0.0609375
0 0.42265625 0.59453125 0.0625 0.0609375
0 0.26328125 0.8921875 0.059375 0.0609375
0 0.065625 0.7953125 0.04375 0.0578125
0 0.50859375 0.61953125 0.0609375 0.059375
0 0.1078125 0.78046875 0.0609375 0.0625
0 0.971875 0.66953125 0.05625 0.0609375
0 0.05 0.709375 0.0453125 0.05625
0 0.7625 0.68671875 0.059375 0.059375
0 0.79765625 0.5875 0.059375 0.059375
0 0.68203125 0.81640625 0.059375 0.0625
0 0.43984375 0.8171875 0.0609375 0.0609375
0 0.54140625 0.65546875 0.0609375 0.0609375
0 0.7828125 0.93359375 0.05625 0.05
0 0.45546875 0.7671875 0.0609375 0.059375
0 0.709375 0.55859375 0.059375 0.059375
0 0.18046875 0.728125 0.059375 0.059375
0 0.12421875 0.8765625 0.0609375 0.0609375
0 0.50859375 0.759375 0.059375 0.0609375
0 0.9046875 0.590625 0.0609375 0.0625
0 0.225 0.9796875 0.0625 0.040625
0 0.2125 0.90546875 0.059375 0.059375
0 0.55625 0.8859375 0.0609375 0.0609375
0 0.178125 0.86875 0.0609375 0.0609375
0 0.93984375 0.77109375 0.059375 0.059375
0 0.23125 0.71796875 0.059375 0.0609375
0 0.3546875 0.65390625 0.0609375 0.059375
0 0.3875 0.6921875 0.059375 0.059375
0 0.1921875 0.95703125 0.0609375 0.059375
0 0.33515625 0.55859375 0.0625 0.0640625
0 0.5234375 0.975 0.059375 0.05
0 0.90078125 0.446875 0.0578125 0.059375
0 0.48828125 0.9453125 0.0609375 0.059375
0 0.4015625 0.91640625 0.059375 0.059375
0 0.66015625 0.56953125 0.059375 0.059375
0 0.57578125 0.9703125 0.0609375 0.0578125
0 0.24609375 0.80859375 0.0609375 0.059375
0 0.64609375 0.915625 0.0609375 0.0609375
0 0.6453125 0.77578125 0.059375 0.0609375
0 0.2796875 0.9765625 0.059375 0.046875
0 0.88671875 0.909375 0.059375 0.0578125
0 0.57578125 0.83671875 0.0609375 0.0609375
0 0.81640625 0.8375 0.059375 0.0609375
0 0.6953125 0.74921875 0.0625 0.0625
0 0.62421875 0.5265625 0.0609375 0.0625
0 0.33203125 0.8359375 0.0609375 0.0609375
0 0.678125 0.65859375 0.0609375 0.0609375
0 0.14375 0.82734375 0.0609375 0.0609375
0 0.50625 0.89765625 0.0578125 0.0609375
0 0.16328125 0.64140625 0.0609375 0.0609375
0 0.3703125 0.7390625 0.0609375 0.0609375
0 0.0609375 0.66328125 0.059375 0.0609375
0 0.41796875 0.98671875 0.0609375 0.0265625
0 0.12265625 0.9921875 0.0609375 0.015625
0 0.41953125 0.8640625 0.0609375 0.059375
0 0.49140625 0.81015625 0.059375 0.059375
0 0.525 0.70859375 0.0609375 0.0625
0 0.74921875 0.896875 0.059375 0.059375
0 0.86875 0.68984375 0.059375 0.059375
0 0.29921875 0.796875 0.0609375 0.059375
0 0.55625 0.59296875 0.059375 0.0609375
0 0.84921875 0.59453125 0.059375 0.059375
0 0.940625 0.903125 0.0578125 0.05
0 0.29765625 0.9359375 0.0609375 0.059375
0 0.1796875 0.590625 0.0609375 0.0625
0 0.6625 0.71171875 0.0609375 0.0609375
0 0.08984375 0.8375 0.0609375 0.0609375
0 0.98046875 0.6203125 0.0390625 0.059375
0 0.353125 0.7890625 0.059375 0.059375
0 0.6921875 0.45625 0.0625 0.0640625
0 0.284375 0.7140625 0.059375 0.059375
0 0.26640625 0.75703125 0.059375 0.0609375
0 0.08125 0.88203125 0.040625 0.05625
0 0.93828125 0.63203125 0.0609375 0.0609375
0 0.95625 0.721875 0.059375 0.059375
0 0.42109375 0.72890625 0.0609375 0.0609375
0 0.21171875 0.76875 0.0609375 0.0625
0 0.38984375 0.5546875 0.0609375 0.0625
0 0.83515625 0.9203125 0.0578125 0.05625
0 0.31875 0.74921875 0.059375 0.059375
0 0.615625 0.73828125 0.0609375 0.0609375
0 0.74921875 0.7375 0.0625 0.0640625
0 0.98984375 0.71171875 0.0203125 0.0578125
0 0.6796875 0.9546875 0.05625 0.0484375
0 0.78203125 0.503125 0.0578125 0.05625
0 0.95390625 0.434375 0.0609375 0.0625
0 0.83359375 0.64375 0.059375 0.059375
0 0.03359375 0.6265625 0.0453125 0.0578125
0 0.88515625 0.64140625 0.0609375 0.0609375
0 0.4578125 0.63203125 0.059375 0.0609375
0 0.69375 0.60546875 0.059375 0.059375
0 0.778125 0.63203125 0.059375 0.0609375
0 0.79921875 0.74765625 0.059375 0.0609375
0 0.215625 0.634375 0.059375 0.0609375
0 0.371875 0.60234375 0.059375 0.0625
0 0.709375 0.69609375 0.0625 0.0625
0 0.62421875 0.66875 0.0609375 0.0609375
0 0.19609375 0.82109375 0.059375 0.059375
0 0.071875 0.75 0.059375 0.059375
0 0.35390625 0.928125 0.0578125 0.0578125
0 0.81640625 0.5390625 0.059375 0.059375
0 0.59375 0.92265625 0.059375 0.0609375
0 0.60625 0.57890625 0.0609375 0.059375
0 0.09296875 0.696875 0.0578125 0.0578125
0 0.90546875 0.86640625 0.059375 0.0609375
0 0.8171875 0.69296875 0.059375 0.059375
0 0.4046875 0.7796875 0.059375 0.059375
0 0.8859375 0.77578125 0.059375 0.059375
0 0.5609375 0.74921875 0.059375 0.059375
0 0.6765625 0.5203125 0.0609375 0.0625
0 0.9203125 0.53828125 0.0609375 0.0609375
0 0.971875 0.8078125 0.05625 0.059375
0 0.1296875 0.60546875 0.059375 0.0609375
0 0.76171875 0.54609375 0.0578125 0.0578125
0 0.17265625 0.9875 0.0609375 0.025
0 0.5796875 0.69765625 0.0625 0.0609375
0 0.14609375 0.6890625 0.0578125 0.0578125
0 0.79609375 0.44765625 0.0609375 0.0640625
0 0.6640625 0.86875 0.059375 0.059375
0 0.30546875 0.6671875 0.0609375 0.059375
0 0.85078125 0.44140625 0.059375 0.0609375
0 0.98125 0.890625 0.0375 0.053125
0 0.7265625 0.49296875 0.0578125 0.059375
0 0.125 0.72734375 0.0609375 0.0578125
0 0.4890625 0.5203125 0.059375 0.0578125
0 0.43984375 0.53515625 0.0609375 0.0640625
0 0.9796875 0.475 0.040625 0.05625
0 0.5203125 0.553125 0.059375 0.059375
0 0.95859375 0.5875 0.059375 0.059375
0 0.47421875 0.72109375 0.059375 0.059375
0 0.23359375 0.58984375 0.059375 0.059375
0 0.83046875 0.48828125 0.059375 0.059375
0 0.53359375 0.475 0.0625 0.0640625
0 0.284375 0.5703125 0.0625 0.0625
0 0.7296875 0.79609375 0.059375 0.0625
0 0.98984375 0.5765625 0.0203125 0.05625
0 0.590625 0.4859375 0.0609375 0.0640625
0 0.575 0.54453125 0.0578125 0.0578125
0 0.56640625 0.509375 0.0578125 0.0578125
0 0.76015625 0.46953125 0.0578125 0.05625
0 0.74375 0.44296875 0.059375 0.0609375