0 0.53046875 0.97578125 0.0609375 0.0484375
0 0.6859375 0.99375 0.0625 0.0125
0 0.31328125 0.60859375 0.0640625 0.0640625
0 0.2 0.86015625 0.0625 0.0625
0 0.44609375 0.734375 0.0625 0.0625
0 0.38203125 0.67109375 0.0625 0.0625
0 0.41796875 0.63515625 0.0625 0.0625
0 0.5734375 0.6671875 0.0625 0.0640625
0 0.134375 0.7953125 0.0625 0.0625
0 0.00859375 0.48515625 0.0171875 0.0546875
0 0.04375 0.82421875 0.0625 0.0625
0 0.1671875 0.8984375 0.0640625 0.0640625
0 0.49375 0.884375 0.0625 0.0625
0 0.8078125 0.953125 0.0625 0.0625
0 0.70625 0.65625 0.0625 0.0625
0 0.115625 0.88671875 0.0625 0.0625
0 0.4765625 0.9703125 0.0625 0.059375
0 0.2078125 0.584375 0.0625 0.0640625
0 0.2234375 0.6328125 0.0625 0.0625
0 0.79140625 0.76875 0.0625 0.0625
0 0.4671875 0.65 0.0609375 0.0609375
0 0.7921875 0.90390625 0.0625 0.0625
0 0.971875 0.62578125 0.0359375 0.0578125
0 0.6546875 0.64765625 0.0609375 0.0609375
0 0.62109375 0.68515625 0.0625 0.0625
0 0.2453125 0.5484375 0.0609375 0.0609375
0 0.671875 0.83125 0.0625 0.0625
0 0.02421875 0.5828125 0.0484375 0.0625
0 0.8890625 0.92578125 0.05 0.059375
0 0.2921875 0.6984375 0.0625 0.0625
0 0.03125 0.63671875 0.0609375 0.059375
0 0.13671875 0.659375 0.0625 0.0625
0 0.72421875 0.7078125 0.0625 0.0625
0 0.7390625 0.89453125 0.0640625 0.0640625
0 0.534375 0.71015625 0.0625 0.0625
0 0.6890625 0.609375 0.0640625 0.0625
0 0.07265625 0.4609375 0.0625 0.0625
0 0.84296875 0.91640625 0.0625 0.0625
0 0.19453125 0.53203125 0.0625 0.0625
0 0.5515625 0.759375 0.0625 0.0625
0 0.253125 0.871875 0.0625 0.0625
0 0.17421875 0.48515625 0.0625 0.0625
0 0.32421875 0.93515625 0.0609375 0.0625
0 0.06875 0.5984375 0.0609375 0.0609375
0 0.27578125 0.646875 0.0640625 0.065625
0 0.425 0.9578125 0.0625 0.0625
0 0.903125 0.78671875 0.0640625 0.0640625
0 0.34765625 0.57109375 0.0625 0.0625
0 0.01953125 0.8640625 0.0390625 0.0625
0 0.26015625 0.59765625 0.0640625 0.0640625
0 0.603125 0.77109375 0.0609375 0.0609375
0 0.8609375 0.96640625 0.0625 0.0625
0 0.51015625 0.934375 0.0625 0.0625
0 0.51328125 0.79765625 0.0609375 0.0609375
0 0.86015625 0.8296875 0.0640625 0.0640625
0 0.77734375 0.71953125 0.0640625 0.0640625
0 0.08828125 0.51171875 0.0625 0.0625
0 0.6671875 0.96953125 0.0625 0.0609375
0 0.02421875 0.4515625 0.0484375 0.059375
0 0.16015625 0.43125 0.0640625 0.065625
0 0.409375 0.9078125 0.0625 0.0625
0 0.32734375 0.659375 0.0640625 0.0640625
0 0.6875 0.8828125 0.0625 0.0625
0 0.121875 0.60625 0.0625 0.0640625
0 0.0296875 0.7703125 0.059375 0.0625
0 0.7078125 0.790625 0.0640625 0.0640625
0 0.00625 0.621875 0.0125 0.0625
0 0.81171875 0.68125 0.0640625 0.0640625
0 0.825 0.8703125 0.0625 0.0625
0 0.93359375 0.61875 0.0609375 0.0609375
0 0.43046875 0.6859375 0.0609375 0.0609375
0 0.56015625 0.946875 0.0625 0.0625
0 0.18515625 0.8078125 0.0625 0.0625
0 0.7578125 0.80546875 0.0625 0.0625
0 0.77578125 0.85703125 0.0625 0.0625
0 0.1234375 0.4734375 0.0625 0.0625
0 0.57890625 0.984375 0.0609375 0.03125
0 0.46015625 0.9203125 0.0625 0.0625
0 0.36171875 0.75859375 0.0609375 0.0609375
0 0.35390625 0.8984375 0.0609375 0.0609375
0 0.20703125 0.7203125 0.0609375 0.0625
0 0.340625 0.846875 0.0625 0.0625
0 0.63359375 0.9875 0.0640625 0.025
0 0.48046875 0.696875 0.0640625 0.0640625
0 0.95078125 0.71328125 0.0328125 0.0515625
0 0.1453125 0.84765625 0.0625 0.0625
0 0.01484375 0.6703125 0.0296875 0.0625
0 0.09453125 0.8390625 0.0625 0.0625
0 0.021875 0.7203125 0.04375 0.0625
0 0.65078125 0.9203125 0.0640625 0.0640625
0 0.3796875 0.53359375 0.0625 0.0625
0 0.7421875 0.6203125 0.0625 0.0625
0 0.46328125 0.7859375 0.0625 0.0625
0 0.2203125 0.9078125 0.0625 0.0625
0 0.05078125 0.68359375 0.059375 0.0609375
0 0.7578125 0.66953125 0.0640625 0.0625
0 0.42734375 0.82421875 0.0625 0.0625
0 0.23828125 0.68359375 0.0640625 0.0640625
0 0.7703125 0.9796875 0.0625 0.040625
0 0.1578125 0.57578125 0.0609375 0.0609375
0 0.1546875 0.7078125 0.0625 0.0625
0 0.63671875 0.871875 0.0625 0.0625
0 0.44296875 0.87109375 0.0625 0.0625
0 0.690625 0.74453125 0.0625 0.0625
0 0.3734375 0.946875 0.0609375 0.0609375
0 0.27734375 0.77734375 0.0640625 0.0640625
0 0.7171875 0.9765625 0.0625 0.046875
0 0.584375 0.85859375 0.0625 0.0625
0 0.61953125 0.8203125 0.0640625 0.0640625
0 0.39453125 0.721875 0.0625 0.0625
0 0.09921875 0.69609375 0.0609375 0.0609375
0 0.2734375 0.91875 0.0640625 0.0640625
0 0.58515625 0.72265625 0.0625 0.0625
0 0.484375 0.565625 0.059375 0.059375
0 0.10859375 0.42265625 0.0625 0.0640625
0 0.7015625 0.9328125 0.0625 0.0625
0 0.08203125 0.64609375 0.0609375 0.0609375
0 0.49921875 0.74453125 0.0625 0.0625
0 0.40625 0.5765625 0.0625 0.0625
0 0.3109375 0.746875 0.0609375 0.0609375
0 0.62109375 0.54765625 0.0640625 0.0640625
0 0.0609375 0.73828125 0.0625 0.0625
0 0.121875 0.73984375 0.0609375 0.0609375
0 0.05390625 0.55078125 0.059375 0.0609375
0 0.18671875 0.671875 0.0625 0.0625
0 0.5328125 0.84375 0.0640625 0.0640625
0 0.840625 0.7828125 0.0625 0.0625
0 0.4109375 0.77265625 0.0625 0.0625
0 0.3875 0.8625 0.0609375 0.0625
0 0.34296875 0.70859375 0.0625 0.0625
0 0.25625 0.73359375 0.0609375 0.0609375
0 0.79765625 0.63125 0.0625 0.0625
0 0.08125 0.7859375 0.0625 0.0625
0 0.83203125 0.59375 0.0609375 0.0609375
0 0.4234375 0.4890625 0.0640625 0.065625
0 0.88359375 0.73671875 0.0625 0.0625
0 0.90625 0.84375 0.05625 0.059375
0 0.13828125 0.52578125 0.0640625 0.0640625
0 0.6734375 0.69453125 0.0625 0.0625
0 0.23203125 0.48984375 0.0625 0.0609375
0 0.80703125 0.81875 0.0625 0.0625
0 0.315625 0.47265625 0.0609375 0.0609375
0 0.740625 0.75390625 0.0625 0.0625
0 0.82578125 0.984375 0.0640625 0.03125
0 0.6125 0.95859375 0.0640625 0.0640625
0 0.0125 0.8109375 0.025 0.0625
0 0.93046875 0.75078125 0.0546875 0.059375
0 0.72265625 0.84296875 0.0625 0.0625
0 0.2359375 0.82265625 0.0625 0.0625
0 0.3 0.55390625 0.0625 0.0625
0 0.6359375 0.73359375 0.0625 0.0609375
0 0.77890625 0.58359375 0.0625 0.0625
0 0.8296875 0.73125 0.0625 0.0625
0 0.5 0.60859375 0.059375 0.059375
0 0.3328125 0.7890625 0.0609375 0.0609375
0 0.48125 0.8328125 0.0625 0.0625
0 0.9484375 0.66640625 0.059375 0.0609375
0 0.5984375 0.90546875 0.0640625 0.0625
0 0.22109375 0.7703125 0.0640625 0.0640625
0 0.3671875 0.61796875 0.0625 0.0625
0 0.67578125 0.559375 0.0640625 0.065625
0 0.5453125 0.89296875 0.0625 0.0625
0 0.86875 0.9921875 0.046875 0.015625
0 0.6546875 0.778125 0.0625 0.0625
0 0.75390625 0.9453125 0.0625 0.0625
0 0.865625 0.68828125 0.0625 0.0625
0 0.9015625 0.6546875 0.059375 0.059375
0 0.05703125 0.40859375 0.0625 0.0625
0 0.54296875 0.5640625 0.059375 0.0609375
0 0.63203125 0.60390625 0.0625 0.0609375
0 0.45234375 0.60078125 0.059375 0.0609375
0 0.87734375 0.87890625 0.0609375 0.0609375
0 0.303125 0.884375 0.0609375 0.0609375
0 0.28984375 0.83046875 0.0640625 0.0640625
0 0.56484375 0.8109375 0.0609375 0.0609375
0 0.84609375 0.64453125 0.059375 0.0609375
0 0.0171875 0.5328125 0.034375 0.0625
0 0.06171875 0.871875 0.0640625 0.0640625
0 0.278125 0.50859375 0.059375 0.0609375
0 0.521875 0.65546875 0.0625 0.0625
0 0.56875 0.6046875 0.0625 0.0609375
0 0.16875 0.62578125 0.0609375 0.0609375
0 0.2140625 0.44140625 0.0640625 0.065625
0 0.3765625 0.81015625 0.0625 0.0625
0 0.7265625 0.5703125 0.0640625 0.0640625
0 0.025 0.39453125 0.0375 0.053125
0 0.03515625 0.50078125 0.0625 0.0609375
0 0.17109375 0.75625 0.0609375 0.0625
0 0.43984375 0.54296875 0.059375 0.0578125
0 0.32578125 0.5234375 0.0609375 0.0609375
0 0.5265625 0.5140625 0.0625 0.0640625
0 0.6109375 0.62734375 0.059375 0.059375
0 0.1078125 0.553125 0.0640625 0.0609375
0 0.26015625 0.46015625 0.059375 0.0609375
0 0.37109375 0.478125 0.0640625 0.065625
0 0.47109375 0.50859375 0.059375 0.0609375
0 0.88203125 0.60703125 0.059375 0.059375
0 0.91875 0.69921875 0.059375 0.0609375
0 0.575 0.53203125 0.0578125 0.0578125