0 0.615625 0.54921875 0.05078125 0.05234375
0 0.62265625 0.27734375 0.0515625 0.05234375
0 0.47265625 0.875 0.05078125 0.0515625
0 0.7828125 0.278125 0.0515625 0.05234375
0 0.31875 0.41171875 0.05078125 0.0515625
0 0.42578125 0.5953125 0.05390625 0.053125
0 0.36015625 0.0140625 0.0515625 0.028125
0 0.98359375 0.3703125 0.0328125 0.0515625
0 0.93359375 0.83125 0.0546875 0.05390625
0 0.4609375 0.27890625 0.053125 0.05234375
0 0.5796875 0.8734375 0.05390625 0.053125
0 0.753125 0.41328125 0.05078125 0.0515625
0 0.06171875 0.04140625 0.0515625 0.0515625
0 0.88984375 0.2796875 0.05234375 0.0515625
0 0.771875 0.8296875 0.05234375 0.05234375
0 0.67578125 0.3671875 0.05078125 0.05234375
0 0.89296875 0.015625 0.053125 0.03125
0 0.69453125 0.5984375 0.05390625 0.053125
0 0.7765625 0.553125 0.05390625 0.053125
0 0.5875 0.596875 0.0515625 0.05234375
0 0.83046875 0.64609375 0.05234375 0.053125
0 0.46796875 0.015625 0.0515625 0.03125
0 0.34453125 0.54765625 0.05234375 0.053125
0 0.94375 0.37109375 0.05078125 0.0515625
0 0.278125 0.04375 0.0515625 0.053125
0 0.6625 0.8265625 0.053125 0.053125
0 0.43046875 0.41015625 0.0515625 0.0515625
0 0.49921875 0.825 0.05234375 0.053125
0 0.90625 0.87578125 0.053125 0.05390625
0 0.8359375 0.278125 0.0515625 0.05234375
0 0.38203125 0.23046875 0.05234375 0.053125
0 0.14375 0.01328125 0.053125 0.0265625
0 0.675 0.27578125 0.05234375 0.053125
0 0.87578125 0.92109375 0.05390625 0.053125
0 0.83359375 0.5546875 0.05234375 0.053125
0 0.23671875 0.45078125 0.05 0.05078125
0 0.85859375 0.60234375 0.05234375 0.05234375
0 0.63515625 0.78046875 0.053125 0.053125
0 0.2 0.0140625 0.0515625 0.028125
0 0.63359375 0.96875 0.05234375 0.05234375
0 0.984375 0.5578125 0.03125 0.0515625
0 0.97265625 0.05234375 0.05234375 0.05234375
0 0.946875 0.01484375 0.05 0.0296875
0 0.22421875 0.046875 0.053125 0.05234375
0 0.59140625 0.4109375 0.053125 0.05234375
0 0.4734375 0.6859375 0.05390625 0.053125
0 0.6390625 0.68828125 0.05234375 0.05234375
0 0.89140625 0.190625 0.05234375 0.05234375
0 0.82421875 0.8296875 0.05078125 0.05234375
0 0.56171875 0.54921875 0.053125 0.05234375
0 0.98671875 0.0984375 0.0265625 0.0515625
0 0.55859375 0.640625 0.05234375 0.05390625
0 0.7171875 0.82578125 0.053125 0.05390625
0 0.30546875 0.01171875 0.053125 0.0234375
0 0.51171875 0.36640625 0.05078125 0.0515625
0 0.2453125 0.27421875 0.0515625 0.05234375
0 0.35 0.365625 0.0515625 0.05234375
0 0.66796875 0.55078125 0.0515625 0.053125
0 0.66171875 0.92109375 0.053125 0.053125
0 0.79453125 0.9671875 0.05234375 0.05390625
0 0.9796875 0.92734375 0.040625 0.053125
0 0.578125 0.96484375 0.05234375 0.053125
0 0.51640625 0.096875 0.05 0.0515625
0 0.93984375 0.5546875 0.0515625 0.0515625
0 0.7765625 0.6453125 0.05234375 0.05234375
0 0.73515625 0.01640625 0.053125 0.0328125
0 0.4390625 0.04609375 0.05234375 0.053125
0 0.11484375 0.04375 0.05234375 0.05234375
0 0.48203125 0.4125 0.05078125 0.05234375
0 0.4 0.45625 0.05234375 0.05234375
0 0.83515625 0.36875 0.05234375 0.0515625
0 0.1921875 0.271875 0.0515625 0.05234375
0 0.9828125 0.74140625 0.034375 0.053125
0 0.865625 0.05078125 0.05234375 0.053125
0 0.94765625 0.09921875 0.05078125 0.0515625
0 0.353125 0.2734375 0.0515625 0.05234375
0 0.7296875 0.278125 0.05 0.05078125
0 0.59609375 0.32265625 0.05234375 0.053125
0 0.1625 0.3171875 0.05078125 0.0515625
0 0.540625 0.3234375 0.053125 0.05234375
0 0.75546875 0.32421875 0.0515625 0.05234375
0 0.6359375 0.875 0.05234375 0.05390625
0 0.81015625 0.23203125 0.0515625 0.05234375
0 0.58359375 0.78203125 0.0515625 0.05234375
0 0.315625 0.58984375 0.05 0.05
0 0.55 0.92109375 0.05234375 0.05234375
0 0.57421875 0.01328125 0.05 0.0265625
0 0.75546875 0.13984375 0.05078125 0.0515625
0 0.29921875 0.27421875 0.0515625 0.0515625
0 0.86328125 0.32578125 0.0515625 0.05234375
0 0.6796875 0.0140625 0.0515625 0.028125
0 0.69765625 0.50546875 0.0515625 0.053125
0 0.39765625 0.5484375 0.05234375 0.05390625
0 0.83828125 0.1890625 0.05234375 0.05234375
0 0.03515625 0.01171875 0.0515625 0.0234375
0 0.596875 0.140625 0.05078125 0.05078125
0 0.59609375 0.23203125 0.05234375 0.053125
0 0.91015625 0.69375 0.05234375 0.05078125
0 0.75703125 0.2328125 0.05234375 0.05234375
0 0.165625 0.22734375 0.053125 0.05234375
0 0.74375 0.87578125 0.053125 0.05390625
0 0.55078125 0.82578125 0.05234375 0.053125
0 0.984375 0.28125 0.03125 0.053125
0 0.93125 0.9234375 0.053125 0.05390625
0 0.45859375 0.3671875 0.05234375 0.05078125
0 0.70234375 0.3234375 0.0515625 0.05234375
0 0.9078125 0.784375 0.053125 0.05390625
0 0.43515625 0.2296875 0.0515625 0.05390625
0 0.3046875 0.0921875 0.05234375 0.05234375
0 0.51484375 0.27890625 0.05234375 0.05234375
0 0.74609375 0.78203125 0.05234375 0.053125
0 0.87734375 0.828125 0.053125 0.05390625
0 0.4796875 0.503125 0.05390625 0.053125
0 0.0859375 0.08828125 0.05234375 0.05234375
0 0.98203125 0.64921875 0.0359375 0.053125
0 0.50703125 0.55234375 0.0515625 0.0515625
0 0.74765625 0.6921875 0.05234375 0.0515625
0 0.9453125 0.1890625 0.05078125 0.0515625
0 0.5421875 0.2328125 0.05234375 0.05234375
0 0.62265625 0.3671875 0.053125 0.05234375
0 0.80078125 0.69296875 0.0515625 0.0515625
0 0.865625 0.2328125 0.05234375 0.053125
0 0.66796875 0.64375 0.0515625 0.053125
0 0.70546875 0.05 0.05234375 0.05234375
0 0.9140625 0.50859375 0.05234375 0.053125
0 0.51640625 0.1859375 0.0515625 0.0515625
0 0.85703125 0.50703125 0.053125 0.053125
0 0.465625 0.0953125 0.05234375 0.0515625
0 0.4796875 0.5953125 0.05234375 0.05390625
0 0.94453125 0.2828125 0.05 0.05078125
0 0.734375 0.0953125 0.05078125 0.05078125
0 0.78828125 0.01875 0.05 0.0375
0 0.39375 0.6390625 0.05234375 0.05234375
0 0.36875 0.5953125 0.053125 0.0515625
0 0.5328125 0.5953125 0.05390625 0.05234375
0 0.98515625 0.190625 0.0296875 0.0515625
0 0.3828125 0.1390625 0.053125 0.0515625
0 0.70390625 0.140625 0.05078125 0.05078125
0 0.21953125 0.228125 0.05234375 0.0515625
0 0.59609375 0.04453125 0.0515625 0.0515625
0 0.08359375 0.17890625 0.05234375 0.05234375
0 0.4375 0.14140625 0.05234375 0.0515625
0 0.534375 0.50625 0.053125 0.053125
0 0.0890625 0.01171875 0.053125 0.0234375
0 0.85546875 0.69296875 0.05390625 0.05234375
0 0.7984375 0.784375 0.0515625 0.05234375
0 0.1671875 0.13828125 0.05234375 0.05234375
0 0.9125 0.6015625 0.0515625 0.05234375
0 0.22265625 0.1359375 0.05390625 0.053125
0 0.984375 0.4640625 0.03125 0.0515625
0 0.91875 0.2359375 0.0515625 0.0515625
0 0.93671875 0.7390625 0.053125 0.05390625
0 0.5890625 0.50390625 0.0515625 0.05234375
0 0.52265625 0.01484375 0.05 0.0296875
0 0.97265625 0.2375 0.05078125 0.05
0 0.98203125 0.83671875 0.0359375 0.053125
0 0.91640625 0.328125 0.05078125 0.05234375
0 0.58515625 0.6890625 0.053125 0.053125
0 0.93828125 0.64609375 0.05234375 0.05234375
0 0.63984375 0.59609375 0.05234375 0.053125
0 0.19765625 0.09296875 0.053125 0.053125
0 0.821875 0.92109375 0.053125 0.053125
0 0.52578125 0.87421875 0.05078125 0.0515625
0 0.26875 0.32109375 0.05078125 0.0515625
0 0.2421875 0.365625 0.053125 0.0515625
0 0.72109375 0.6453125 0.05234375 0.05234375
0 0.37578125 0.31953125 0.053125 0.053125
0 0.34609375 0.45625 0.05234375 0.05078125
0 0.7 0.4140625 0.05234375 0.0515625
0 0.384375 0.0484375 0.05234375 0.0515625
0 0.50703125 0.64375 0.05234375 0.053125
0 0.26796875 0.41015625 0.0515625 0.0515625
0 0.43046875 0.32109375 0.053125 0.053125
0 0.68984375 0.87421875 0.0515625 0.053125
0 0.83984375 0.015625 0.0515625 0.03125
0 0.69296875 0.69140625 0.05234375 0.05234375
0 0.78828125 0.0984375 0.05 0.05
0 0.65078125 0.04375 0.0515625 0.05234375
0 0.94140625 0.4640625 0.05234375 0.053125
0 0.18671875 0.36640625 0.0515625 0.0515625
0 0.89453125 0.09921875 0.053125 0.05234375
0 0.27421875 0.2296875 0.05078125 0.05234375
0 0.6421875 0.5046875 0.05234375 0.05234375
0 0.81171875 0.05078125 0.053125 0.05234375
0 0.70625 0.23515625 0.05078125 0.0515625
0 0.56328125 0.36640625 0.053125 0.053125
0 0.01640625 0.04453125 0.0328125 0.0515625
0 0.4390625 0.821875 0.053125 0.05
0 0.45390625 0.45546875 0.053125 0.05234375
0 0.3296875 0.1375 0.05 0.0515625
0 0.721875 0.5546875 0.05234375 0.05234375
0 0.5609375 0.4578125 0.05234375 0.053125
0 0.37578125 0.4125 0.05234375 0.0515625
0 0.41796875 0.684375 0.05390625 0.05390625
0 0.8875 0.46328125 0.05078125 0.0515625
0 0.759375 0.05234375 0.05078125 0.0515625
0 0.9609375 0.87890625 0.053125 0.0546875
0 0.7828125 0.371875 0.0515625 0.05
0 0.740625 0.96953125 0.05234375 0.05234375
0 0.5265625 0.78203125 0.05234375 0.0515625
0 0.615625 0.45703125 0.05234375 0.053125
0 0.8515625 0.78359375 0.053125 0.05234375
0 0.5078125 0.45703125 0.05234375 0.05234375
0 0.8625 0.41484375 0.05234375 0.05234375
0 0.25 0.090625 0.053125 0.053125
0 0.1421875 0.090625 0.0546875 0.05390625
0 0.60625 0.82890625 0.05390625 0.053125
0 0.715625 0.92265625 0.05234375 0.05234375
0 0.6859375 0.96875 0.0515625 0.0515625
0 0.77265625 0.73828125 0.05078125 0.05
0 0.54296875 0.05078125 0.0515625 0.05078125
0 0.303125 0.18046875 0.05078125 0.05078125
0 0.9734375 0.14296875 0.0515625 0.05234375
0 0.21640625 0.31953125 0.0515625 0.05234375
0 0.71875 0.73515625 0.053125 0.05234375
0 0.35703125 0.09609375 0.0515625 0.05078125
0 0.33671875 0.634375 0.053125 0.05234375
0 0.91875 0.053125 0.05234375 0.053125
0 0.6796875 0.0984375 0.05234375 0.05078125
0 0.7984375 0.87890625 0.0515625 0.05234375
0 0.60703125 0.92109375 0.0515625 0.05234375
0 0.4078125 0.090625 0.053125 0.053125
0 0.90390625 0.96953125 0.05234375 0.05234375
0 0.3125 0.49765625 0.05390625 0.05234375
0 0.2515625 0.0140625 0.0515625 0.028125
0 0.5 0.7328125 0.053125 0.05234375
0 0.49140625 0.04921875 0.05 0.05078125
0 0.32578125 0.2265625 0.053125 0.0515625
0 0.4453125 0.73203125 0.0515625 0.05078125
0 0.496875 0.9203125 0.0515625 0.0515625
0 0.16875 0.04296875 0.053125 0.05390625
0 0.67734375 0.1859375 0.0515625 0.0515625
0 0.72265625 0.4578125 0.05078125 0.0515625
0 0.9640625 0.69296875 0.05234375 0.0515625
0 0.32421875 0.31953125 0.05078125 0.0515625
0 0.66875 0.4578125 0.053125 0.0515625
0 0.80859375 0.32734375 0.0515625 0.0515625
0 0.47265625 0.77734375 0.05234375 0.053125
0 0.840625 0.1 0.05 0.05
0 0.9671875 0.509375 0.0515625 0.0515625
0 0.27890625 0.140625 0.0515625 0.05
0 0.6515625 0.14140625 0.05234375 0.0515625
0 0.803125 0.60078125 0.05234375 0.05390625
0 0.8796875 0.73828125 0.05234375 0.05234375
0 0.7828125 0.1859375 0.053125 0.05390625
0 0.52421875 0.9671875 0.04921875 0.0484375
0 0.86484375 0.14375 0.0515625 0.0515625
0 0.403125 0.3671875 0.053125 0.0515625
0 0.88828125 0.371875 0.05234375 0.05234375
0 0.56796875 0.278125 0.0515625 0.05234375
0 0.9640625 0.6 0.0515625 0.053125
0 0.85 0.971875 0.05234375 0.053125
0 0.6140625 0.646875 0.05234375 0.05234375
0 0.81015625 0.14140625 0.05078125 0.05078125
0 0.75078125 0.603125 0.053125 0.0515625
0 0.88515625 0.5546875 0.05078125 0.05234375
0 0.7484375 0.50234375 0.0515625 0.05234375
0 0.48671875 0.32109375 0.0515625 0.05390625
0 0.46328125 0.184375 0.05234375 0.05234375
0 0.64609375 0.41484375 0.0515625 0.0515625
0 0.915625 0.41875 0.0515625 0.05
0 0.609375 0.73359375 0.0515625 0.05234375
0 0.72890625 0.1859375 0.0515625 0.053125
0 0.53515625 0.41015625 0.0546875 0.05390625
0 0.96875 0.328125 0.05234375 0.05234375
0 0.96875 0.41875 0.0515625 0.0515625
0 0.9625 0.784375 0.05234375 0.053125
0 0.4515625 0.54921875 0.05390625 0.053125
0 0.56875 0.18515625 0.05078125 0.05078125
0 0.19296875 0.1828125 0.05234375 0.05234375
0 0.95703125 0.9734375 0.05390625 0.05234375
0 0.1375 0.27421875 0.053125 0.0515625
0 0.6640625 0.73515625 0.05234375 0.05234375
0 0.1078125 0.225 0.0546875 0.053125
0 0.55625 0.7375 0.0515625 0.05078125
0 0.42578125 0.50234375 0.053125 0.053125
0 0.80703125 0.41328125 0.0515625 0.0515625
0 0.91875 0.14375 0.05078125 0.0515625
0 0.6234375 0.18515625 0.0515625 0.0515625
0 0.1390625 0.18203125 0.0515625 0.0515625
0 0.56953125 0.0921875 0.0515625 0.05390625
0 0.7265625 0.3671875 0.0515625 0.05234375
0 0.54453125 0.14296875 0.0515625 0.04921875
0 0.49140625 0.14140625 0.0515625 0.0515625
0 0.35546875 0.184375 0.05234375 0.0515625
0 0.53203125 0.69140625 0.05234375 0.053125
0 0.628125 0.09609375 0.053125 0.053125
0 0.8265625 0.7390625 0.0515625 0.05078125
0 0.259375 0.4984375 0.05234375 0.05234375
0 0.48828125 0.2328125 0.053125 0.05234375
0 0.78046875 0.459375 0.05234375 0.0515625
0 0.64921875 0.32578125 0.0515625 0.0515625
0 0.40859375 0.278125 0.05234375 0.0515625
0 0.44765625 0.64140625 0.05390625 0.053125
0 0.36953125 0.50078125 0.053125 0.05234375
0 0.24765625 0.1828125 0.0515625 0.0515625
0 0.4125 0.01484375 0.0515625 0.0296875
0 0.296875 0.365625 0.05078125 0.05078125
0 0.88515625 0.6484375 0.05078125 0.053125
0 0.69140625 0.78203125 0.05390625 0.05234375
0 0.7671875 0.9203125 0.0515625 0.053125
0 0.39296875 0.73359375 0.05078125 0.0515625
0 0.85 0.8765625 0.05390625 0.05234375
0 0.65078125 0.2328125 0.05234375 0.05078125
0 0.33125 0.04609375 0.0515625 0.053125
0 0.8046875 0.50625 0.05078125 0.05234375
0 0.40703125 0.1828125 0.05234375 0.05078125
0 0.11328125 0.13515625 0.053125 0.053125
0 0.62890625 0.01640625 0.05 0.0328125
0 0.0578125 0.1359375 0.0515625 0.05234375
0 0.41953125 0.77578125 0.04921875 0.0484375
0 0.29375 0.45546875 0.05234375 0.0515625
0 0.0359375 0.09296875 0.04921875 0.05078125
0 0.2140625 0.4078125 0.05078125 0.0515625
0 0.36640625 0.6890625 0.05 0.053125
0 0.28984375 0.546875 0.05078125 0.0515625
0 0.8328125 0.459375 0.053125 0.0484375