0 0.025 0.6421875 0.0484375 0.04921875
0 0.075 0.64140625 0.04921875 0.05078125
0 0.15703125 0.6828125 0.05 0.05078125
0 0.0140625 0.771875 0.028125 0.05
0 0.06328125 0.85625 0.0515625 0.05078125
0 0.18203125 0.63984375 0.0515625 0.05078125
0 0.10390625 0.6828125 0.05 0.05
0 0.03203125 0.8203125 0.0484375 0.0484375
0 0.01328125 0.68671875 0.0265625 0.05
0 0.096875 0.596875 0.05 0.05
0 0.04375 0.5984375 0.0515625 0.05
0 0.078125 0.73046875 0.05078125 0.0515625
0 0.0265625 0.73203125 0.05 0.05
0 0.0703125 0.55234375 0.0515625 0.0515625
0 0.021875 0.55546875 0.04375 0.05
0 0.05625 0.77578125 0.05 0.04921875
0 0.04609375 0.509375 0.0515625 0.0515625
0 0.1234375 0.55234375 0.05078125 0.05
0 0.12578125 0.64296875 0.05078125 0.04921875
0 0.15078125 0.50859375 0.04921875 0.05078125
0 0.1 0.5078125 0.05078125 0.05234375
0 0.1734375 0.546875 0.0484375 0.05
0 0.0515625 0.684375 0.05 0.05078125
0 0.15078125 0.5953125 0.05078125 0.05078125
0 0.14921875 0.79921875 0.0484375 0.04765625
0 0.03828125 0.984375 0.05 0.03125
0 0.209375 0.69921875 0.05078125 0.05078125
0 0.2140625 0.58515625 0.0515625 0.0515625
0 0.01640625 0.95625 0.0328125 0.05
0 0.01640625 0.859375 0.0328125 0.0515625
0 0.11484375 0.76328125 0.05234375 0.05078125
0 0.1328125 0.728125 0.0515625 0.0515625
0 0.240625 0.540625 0.0484375 0.04921875
0 0.034375 0.9109375 0.04765625 0.0484375
0 0.0828125 0.81328125 0.05234375 0.0484375
0 0.2046875 0.50703125 0.0515625 0.05
0 0.12578125 0.84375 0.05 0.0515625
0 0.071875 0.93671875 0.05078125 0.0484375
0 0.09921875 0.890625 0.05078125 0.04921875
0 0.178125 0.72890625 0.046875 0.0453125
0 0.25234375 0.60859375 0.0484375 0.04609375
0 0.234375 0.64296875 0.05 0.0515625
0 0.2875 0.553125 0.04765625 0.04765625
0 0.30859375 0.50859375 0.04921875 0.04921875
0 0.16640625 0.75625 0.0453125 0.0453125
0 0.25625 0.5078125 0.0484375 0.0515625