0 0.67890625 0.865625 0.0515625 0.05234375
0 0.24765625 0.86640625 0.0515625 0.05234375
0 0.621875 0.1421875 0.05078125 0.05078125
0 0.0859375 0.86640625 0.05078125 0.0515625
0 0.16640625 0.18515625 0.05078125 0.05234375
0 0.70234375 0.45546875 0.05234375 0.0515625
0 0.984375 0.2234375 0.03125 0.0515625
0 0.5671875 0.40859375 0.0515625 0.05234375
0 0.08828125 0.228125 0.0515625 0.05234375
0 0.54453125 0.73125 0.0515625 0.05078125
0 0.54296875 0.4578125 0.05234375 0.0515625
0 0.328125 0.81953125 0.05078125 0.05234375
0 0.8421875 0.86328125 0.0515625 0.05234375
0 0.5671875 0.14296875 0.05078125 0.0515625
0 0.97421875 0.7265625 0.0515625 0.05234375
0 0.8375 0.49921875 0.05078125 0.05234375
0 0.62265625 0.41171875 0.05 0.05078125
0 0.08671875 0.14140625 0.0515625 0.05234375
0 0.5953125 0.54609375 0.0515625 0.05234375
0 0.246875 0.4109375 0.05078125 0.0515625
0 0.4078125 0.50390625 0.05 0.05
0 0.275 0.7328125 0.0515625 0.05234375
0 0.75625 0.45859375 0.05078125 0.0515625
0 0.86640625 0.72734375 0.0515625 0.0515625
0 0.35546875 0.41484375 0.0515625 0.0515625
0 0.67734375 0.503125 0.0515625 0.05234375
0 0.70078125 0.18359375 0.05078125 0.05078125
0 0.0171875 0.81796875 0.034375 0.053125
0 0.81640625 0.98828125 0.0515625 0.0234375
0 0.03125 0.140625 0.05234375 0.05234375
0 0.1140625 0.98828125 0.053125 0.0234375
0 0.62578125 0.959375 0.05234375 0.0515625
0 0.67734375 0.68125 0.0515625 0.05234375
0 0.78203125 0.40859375 0.0515625 0.05234375
0 0.11171875 0.096875 0.05078125 0.05078125
0 0.859375 0.09296875 0.05 0.05078125
0 0.67421875 0.228125 0.05078125 0.0515625
0 0.46328125 0.778125 0.0515625 0.05234375
0 0.8375 0.68203125 0.0515625 0.053125
0 0.4859375 0.36640625 0.05234375 0.05234375
0 0.75859375 0.54453125 0.05078125 0.053125
0 0.91953125 0.72734375 0.0515625 0.05234375
0 0.08671875 0.77890625 0.05 0.0515625
0 0.246875 0.77734375 0.0515625 0.05234375
0 0.64921875 0.54453125 0.05234375 0.053125
0 0.3265625 0.09765625 0.05 0.05078125
0 0.01640625 0.0953125 0.0328125 0.0515625
0 0.38203125 0.73125 0.05078125 0.0515625
0 0.0328125 0.41171875 0.05234375 0.0515625
0 0.975 0.98671875 0.05 0.0265625
0 0.7578125 0.72890625 0.0515625 0.053125
0 0.98671875 0.5875 0.0265625 0.0515625
0 0.16484375 0.09765625 0.05 0.05078125
0 0.62265625 0.50234375 0.05234375 0.05234375
0 0.91875 0.81875 0.0515625 0.05234375
0 0.16796875 0.45703125 0.05078125 0.0515625
0 0.94609375 0.775 0.05234375 0.053125
0 0.91875 0.54140625 0.0515625 0.0515625
0 0.6 0.81875 0.0515625 0.05234375
0 0.83671875 0.3171875 0.05078125 0.0515625
0 0.246875 0.68359375 0.0515625 0.053125
0 0.98515625 0.68203125 0.0296875 0.053125
0 0.8640625 0.4546875 0.05234375 0.05234375
0 0.56484375 0.0515625 0.0515625 0.0515625
0 0.0328125 0.95859375 0.0515625 0.0515625
0 0.940625 0.1390625 0.05 0.05
0 0.03359375 0.23125 0.05234375 0.0515625
0 0.08671875 0.0515625 0.0515625 0.0515625
0 0.83828125 0.590625 0.05234375 0.0515625
0 0.434375 0.46015625 0.05078125 0.0515625
0 0.16953125 0.81953125 0.0515625 0.0515625
0 0.25 0.96015625 0.05234375 0.05234375
0 0.1671875 0.36796875 0.05078125 0.05234375
0 0.03046875 0.5 0.053125 0.053125
0 0.91640625 0.18359375 0.05078125 0.05234375
0 0.40390625 0.05078125 0.0515625 0.05234375
0 0.16796875 0.546875 0.0515625 0.05234375
0 0.7265625 0.22890625 0.05078125 0.05078125
0 0.40859375 0.68515625 0.0515625 0.05234375
0 0.16796875 0.6390625 0.05234375 0.053125
0 0.35390625 0.50390625 0.0515625 0.05078125
0 0.56796875 0.50234375 0.0515625 0.05234375
0 0.32890625 0.73359375 0.0515625 0.05234375
0 0.38515625 0.91875 0.05234375 0.0515625
0 0.94375 0.49765625 0.053125 0.05234375
0 0.9109375 0.09453125 0.05 0.05078125
0 0.84140625 0.9578125 0.05234375 0.05234375
0 0.75390625 0.18359375 0.0515625 0.05234375
0 0.19296875 0.77734375 0.0515625 0.0515625
0 0.83984375 0.77421875 0.0515625 0.05234375
0 0.0875 0.5921875 0.05078125 0.0515625
0 0.015625 0.45859375 0.03125 0.0515625
0 0.675 0.409375 0.05 0.0515625
0 0.4359375 0.73125 0.0515625 0.05234375
0 0.27265625 0.18125 0.053125 0.05234375
0 0.4859375 0.1859375 0.05078125 0.05078125
0 0.40625 0.140625 0.05078125 0.0515625
0 0.246875 0.13671875 0.05078125 0.05234375
0 0.4875 0.27578125 0.05078125 0.05078125
0 0.53984375 0.09765625 0.05 0.05
0 0.9484375 0.86484375 0.05234375 0.0515625
0 0.51953125 0.8671875 0.05078125 0.0515625
0 0.35625 0.68515625 0.05078125 0.05234375
0 0.11484375 0.365625 0.0515625 0.0515625
0 0.515625 0.503125 0.0515625 0.053125
0 0.678125 0.959375 0.05078125 0.05234375
0 0.86328125 0.54609375 0.05234375 0.0515625
0 0.3265625 0.27578125 0.05078125 0.05078125
0 0.703125 0.73203125 0.05234375 0.05234375
0 0.40859375 0.5921875 0.0515625 0.0515625
0 0.4875 0.45546875 0.05234375 0.05390625
0 0.32890625 0.640625 0.0515625 0.0515625
0 0.35546875 0.23046875 0.05234375 0.0515625
0 0.784375 0.68359375 0.05234375 0.05234375
0 0.86171875 0.18203125 0.05234375 0.05234375
0 0.5171875 0.775 0.0515625 0.05234375
0 0.834375 0.40703125 0.05078125 0.05234375
0 0.94453125 0.5875 0.053125 0.05234375
0 0.4609375 0.41171875 0.05078125 0.0515625
0 0.86953125 0.98828125 0.0515625 0.0234375
0 0.6234375 0.865625 0.05234375 0.05234375
0 0.43359375 0.36640625 0.05078125 0.0515625
0 0.9359375 0.05078125 0.05078125 0.0515625
0 0.809375 0.54609375 0.05078125 0.05234375
0 0.03359375 0.68671875 0.05234375 0.0515625
0 0.940625 0.40703125 0.0515625 0.0515625
0 0.67890625 0.77734375 0.05078125 0.0515625
0 0.4328125 0.096875 0.0515625 0.0515625
0 0.0859375 0.6859375 0.0515625 0.053125
0 0.03125 0.05078125 0.05234375 0.0515625
0 0.865625 0.81796875 0.05234375 0.05234375
0 0.434375 0.5484375 0.05234375 0.0515625
0 0.5453125 0.8234375 0.0515625 0.0515625
0 0.01796875 0.73046875 0.0359375 0.053125
0 0.5953125 0.36796875 0.0515625 0.05234375
0 0.015625 0.6390625 0.03125 0.053125
0 0.56953125 0.9609375 0.0515625 0.0515625
0 0.91484375 0.3625 0.05 0.0515625
0 0.7890625 0.95859375 0.0515625 0.05234375
0 0.1953125 0.41171875 0.05 0.05078125
0 0.16875 0.73046875 0.0515625 0.05234375
0 0.275 0.4578125 0.0515625 0.05078125
0 0.271875 0.36796875 0.0515625 0.05234375
0 0.7609375 0.82265625 0.0515625 0.05078125
0 0.1125 0.0171875 0.05 0.034375
0 0.1125 0.18671875 0.05234375 0.05234375
0 0.46015625 0.23046875 0.05078125 0.0515625
0 0.5703125 0.7765625 0.0515625 0.053125
0 0.9875 0.77421875 0.025 0.053125
0 0.7828125 0.3140625 0.05234375 0.05234375
0 0.8953125 0.95703125 0.0515625 0.05234375
0 0.1125 0.4546875 0.053125 0.0515625
0 0.9734375 0.81875 0.05234375 0.05234375
0 0.015625 0.3640625 0.03125 0.0515625
0 0.35625 0.7796875 0.0515625 0.0515625
0 0.7578125 0.6390625 0.05078125 0.0515625
0 0.328125 0.55 0.0515625 0.0515625
0 0.43984375 0.8234375 0.0515625 0.05234375
0 0.51328125 0.23359375 0.05078125 0.05078125
0 0.03359375 0.77890625 0.0515625 0.0515625
0 0.24609375 0.0484375 0.05234375 0.0515625
0 0.5984375 0.7328125 0.05078125 0.0515625
0 0.753125 0.0984375 0.05078125 0.05078125
0 0.7875 0.86640625 0.05234375 0.0515625
0 0.98671875 0.49921875 0.0265625 0.0515625
0 0.70703125 0.81953125 0.053125 0.05234375
0 0.8625 0.3640625 0.05 0.05078125
0 0.98828125 0.8625 0.0234375 0.0515625
0 0.35078125 0.053125 0.0515625 0.0515625
0 0.54375 0.546875 0.0515625 0.0515625
0 0.56875 0.684375 0.05078125 0.0515625
0 0.2734375 0.09140625 0.05234375 0.0515625
0 0.596875 0.45859375 0.05078125 0.0515625
0 0.51796875 0.6875 0.05078125 0.05234375
0 0.98359375 0.13828125 0.0328125 0.0515625
0 0.05703125 0.45625 0.0515625 0.05234375
0 0.98515625 0.40546875 0.0296875 0.0515625
0 0.51328125 0.05390625 0.05 0.05078125
0 0.78515625 0.77734375 0.0515625 0.0515625
0 0.88359375 0.04921875 0.05078125 0.05
0 0.51875 0.9578125 0.05 0.05078125
0 0.4390625 0.9171875 0.05 0.0515625
0 0.5921875 0.09375 0.0515625 0.05234375
0 0.91484375 0.2734375 0.05078125 0.05078125
0 0.08671875 0.409375 0.05234375 0.053125
0 0.328125 0.1828125 0.0515625 0.053125
0 0.19296875 0.14375 0.0515625 0.05078125
0 0.35078125 0.14296875 0.0515625 0.05078125
0 0.4890625 0.55 0.05234375 0.05
0 0.89453125 0.8640625 0.0515625 0.05234375
0 0.9171875 0.453125 0.0515625 0.053125
0 0.80625 0.09140625 0.0515625 0.0515625
0 0.70390625 0.63984375 0.0515625 0.05078125
0 0.83359375 0.13671875 0.05078125 0.05078125
0 0.77890625 0.1375 0.05234375 0.05078125
0 0.540625 0.36484375 0.0515625 0.05078125
0 0.83359375 0.23046875 0.0515625 0.05078125
0 0.4328125 0.18671875 0.05078125 0.0515625
0 0.62109375 0.59140625 0.053125 0.053125
0 0.11171875 0.63984375 0.05234375 0.05390625
0 0.4078125 0.23125 0.0515625 0.05078125
0 0.30390625 0.959375 0.0515625 0.0515625
0 0.08671875 0.503125 0.05234375 0.05234375
0 0.67421875 0.14375 0.05 0.05
0 0.4109375 0.77890625 0.05078125 0.05234375
0 0.32734375 0.36875 0.053125 0.053125
0 0.86171875 0.27109375 0.0515625 0.05078125
0 0.22109375 0.73203125 0.0515625 0.0515625
0 0.275 0.821875 0.0515625 0.05234375
0 0.5953125 0.18828125 0.0515625 0.0515625
0 0.97578125 0.9078125 0.0484375 0.053125
0 0.4875 0.10078125 0.05078125 0.05078125
0 0.165625 0.2796875 0.05 0.04921875
0 0.490625 0.82421875 0.05078125 0.05078125
0 0.01640625 0.546875 0.0328125 0.053125
0 0.19375 0.68125 0.05234375 0.05234375
0 0.1125 0.821875 0.053125 0.05078125
0 0.64765625 0.365625 0.05078125 0.05078125
0 0.32890625 0.915625 0.05390625 0.053125
0 0.51484375 0.4109375 0.0515625 0.05234375
0 0.19375 0.50078125 0.053125 0.053125
0 0.984375 0.3171875 0.03125 0.05
0 0.78359375 0.50234375 0.0515625 0.0515625
0 0.0578125 0.096875 0.05078125 0.05078125
0 0.059375 0.27578125 0.0515625 0.0515625
0 0.64765625 0.1859375 0.05 0.05078125
0 0.1140625 0.54765625 0.05234375 0.0515625
0 0.13984375 0.86640625 0.05234375 0.05234375
0 0.35625 0.59296875 0.05078125 0.0515625
0 0.38046875 0.6390625 0.05 0.05078125
0 0.96640625 0.27265625 0.05078125 0.0515625
0 0.3828125 0.8203125 0.053125 0.05234375
0 0.7609375 0.91171875 0.05234375 0.05234375
0 0.7015625 0.3640625 0.0515625 0.0515625
0 0.4078125 0.41640625 0.0515625 0.05078125
0 0.77734375 0.04765625 0.0515625 0.05078125
0 0.72578125 0.1421875 0.05 0.05078125
0 0.40625 0.321875 0.0515625 0.0515625
0 0.35546875 0.9609375 0.05078125 0.0515625
0 0.725 0.05 0.0515625 0.05234375
0 0.1140625 0.27734375 0.0515625 0.05078125
0 0.92265625 0.909375 0.0515625 0.05078125
0 0.08671875 0.95703125 0.0515625 0.05234375
0 0.62109375 0.684375 0.0515625 0.0515625
0 0.16796875 0.91328125 0.05234375 0.053125
0 0.6453125 0.10078125 0.05 0.05
0 0.7828125 0.59140625 0.053125 0.05234375
0 0.24765625 0.59453125 0.0515625 0.05
0 0.5984375 0.98828125 0.053125 0.0234375
0 0.8921875 0.7734375 0.0515625 0.05234375
0 0.21796875 0.184375 0.0515625 0.053125
0 0.490625 0.7328125 0.0515625 0.0515625
0 0.275 0.63828125 0.0515625 0.05234375
0 0.6203125 0.2296875 0.0515625 0.0515625
0 0.5421875 0.63984375 0.0515625 0.05078125
0 0.08671875 0.32109375 0.0515625 0.0515625
0 0.728125 0.41171875 0.0515625 0.0515625
0 0.4625 0.59296875 0.0515625 0.0515625
0 0.91796875 0.63671875 0.0515625 0.0515625
0 0.70390625 0.54609375 0.05234375 0.05234375
0 0.43515625 0.27734375 0.0515625 0.05
0 0.2734375 0.27734375 0.053125 0.05078125
0 0.93984375 0.23203125 0.05078125 0.05078125
0 0.4828125 0.015625 0.0515625 0.03125
0 0.24765625 0.50625 0.05078125 0.05078125
0 0.7265625 0.31796875 0.05 0.05078125
0 0.27109375 0.01640625 0.05 0.0328125
0 0.19609375 0.96015625 0.0515625 0.05234375
0 0.8328125 0.046875 0.05 0.05078125
0 0.778125 0.23203125 0.05078125 0.05078125
0 0.971875 0.54140625 0.05234375 0.0515625
0 0.6703125 0.0484375 0.05234375 0.053125
0 0.809375 0.45625 0.05078125 0.05234375
0 0.059375 0.54765625 0.0515625 0.05234375
0 0.9421875 0.31796875 0.05078125 0.05
0 0.38046875 0.36640625 0.0515625 0.0515625
0 0.51640625 0.5953125 0.0515625 0.05078125
0 0.27421875 0.546875 0.053125 0.05234375
0 0.8890625 0.31640625 0.05078125 0.0515625
0 0.46171875 0.68359375 0.05234375 0.05234375
0 0.94453125 0.684375 0.05078125 0.0515625
0 0.65 0.45859375 0.05 0.0515625
0 0.46015625 0.053125 0.0515625 0.0515625
0 0.9875 0.95546875 0.025 0.0515625
0 0.96328125 0.01484375 0.0515625 0.0296875
0 0.11484375 0.7359375 0.0515625 0.05
0 0.1125 0.9109375 0.053125 0.05234375
0 0.30078125 0.4125 0.05078125 0.0515625
0 0.53984375 0.184375 0.05234375 0.0515625
0 0.034375 0.59375 0.0515625 0.05078125
0 0.221875 0.91484375 0.0515625 0.05234375
0 0.19140625 0.0546875 0.05078125 0.05078125
0 0.965625 0.09453125 0.05078125 0.05
0 0.35546875 0.86875 0.053125 0.05234375
0 0.05703125 0.63984375 0.0515625 0.0515625
0 0.24765625 0.23046875 0.05078125 0.0515625
0 0.41171875 0.96015625 0.0515625 0.0515625
0 0.753125 0.0140625 0.0515625 0.028125
0 0.221875 0.82109375 0.0515625 0.0515625
0 0.33125 0.4625 0.05 0.05
0 0.48828125 0.63671875 0.05234375 0.05234375
0 0.8125 0.73046875 0.0515625 0.0515625
0 0.6765625 0.59453125 0.0515625 0.0515625
0 0.015625 0.2796875 0.03125 0.05
0 0.51171875 0.146875 0.05078125 0.05
0 0.2171875 0.09609375 0.05 0.05078125
0 0.88671875 0.1390625 0.05078125 0.0515625
0 0.19453125 0.59375 0.05078125 0.05078125
0 0.91171875 0.01484375 0.0515625 0.0296875
0 0.73046875 0.684375 0.0515625 0.0515625
0 0.94921875 0.95546875 0.0515625 0.053125
0 0.490625 0.91640625 0.05078125 0.0515625
0 0.85859375 0.01484375 0.0515625 0.0296875
0 0.98203125 0.046875 0.0359375 0.0515625
0 0.19453125 0.86953125 0.05234375 0.05078125
0 0.1390625 0.778125 0.05078125 0.05234375
0 0.65078125 0.72890625 0.05 0.0515625
0 0.46484375 0.9625 0.05 0.05
0 0.3796875 0.54609375 0.0515625 0.0515625
0 0.2984375 0.22890625 0.0515625 0.053125
0 0.37890625 0.096875 0.05078125 0.05078125
0 0.22109375 0.45625 0.05078125 0.0515625
0 0.140625 0.59296875 0.0515625 0.05078125
0 0.325 0.015625 0.05 0.03125
0 0.59375 0.278125 0.05 0.05078125
0 0.6203125 0.325 0.05 0.05
0 0.65390625 0.98828125 0.053125 0.0234375
0 0.69921875 0.275 0.05 0.05078125
0 0.4109375 0.86875 0.05234375 0.05234375
0 0.59609375 0.64296875 0.05078125 0.05234375
0 0.434375 0.63984375 0.05234375 0.05234375
0 0.015625 0.1890625 0.03125 0.0515625
0 0.64453125 0.015625 0.0515625 0.03125
0 0.70703125 0.9140625 0.05078125 0.05234375
0 0.30078125 0.6859375 0.0515625 0.0515625
0 0.0328125 0.3203125 0.0515625 0.0515625
0 0.8046875 0.01328125 0.0515625 0.0265625
0 0.56640625 0.31953125 0.0515625 0.05078125
0 0.01640625 0.91328125 0.0328125 0.0515625
0 0.19453125 0.23359375 0.053125 0.05234375
0 0.56875 0.59375 0.05078125 0.0515625
0 0.86484375 0.63828125 0.05078125 0.05234375
0 0.75625 0.3625 0.0515625 0.05234375
0 0.4640625 0.86953125 0.05078125 0.05234375
0 0.246875 0.32109375 0.05078125 0.05078125
0 0.96796875 0.3625 0.05078125 0.05078125
0 0.3796875 0.2734375 0.05234375 0.053125
0 0.7296875 0.50078125 0.05078125 0.053125
0 0.53984375 0.278125 0.0515625 0.0515625
0 0.8890625 0.4078125 0.0515625 0.0515625
0 0.19375 0.32265625 0.05078125 0.0515625
0 0.03359375 0.86875 0.0515625 0.05
0 0.6953125 0.096875 0.05078125 0.05078125
0 0.8078125 0.27109375 0.05078125 0.05
0 0.5671875 0.2296875 0.05234375 0.0515625
0 0.7546875 0.27734375 0.05078125 0.05
0 0.59921875 0.9125 0.05078125 0.05
0 0.059375 0.18671875 0.05078125 0.053125
0 0.8890625 0.22734375 0.05 0.0515625
0 0.38046875 0.4625 0.05 0.05
0 0.0609375 0.73359375 0.05078125 0.053125
0 0.81328125 0.821875 0.05078125 0.0515625
0 0.653125 0.82109375 0.05 0.0515625
0 0.590625 0.01640625 0.0515625 0.0328125
0 0.21796875 0.275 0.053125 0.05234375
0 0.43046875 0.015625 0.0515625 0.03125
0 0.675 0.31875 0.05234375 0.0515625
0 0.64921875 0.6375 0.0515625 0.0515625
0 0.7296875 0.5953125 0.0515625 0.0515625
0 0.459375 0.32109375 0.05078125 0.0515625
0 0.05859375 0.015625 0.0515625 0.03125
0 0.29921875 0.31875 0.0515625 0.0515625
0 0.3 0.503125 0.05078125 0.05078125
0 0.625 0.778125 0.05078125 0.05
0 0.46015625 0.14609375 0.05 0.05
0 0.37890625 0.1859375 0.0515625 0.0515625
0 0.73359375 0.86796875 0.05234375 0.05234375
0 0.890625 0.58984375 0.0515625 0.053125
0 0.81484375 0.91328125 0.05078125 0.0515625
0 0.2203125 0.6390625 0.05078125 0.0515625
0 0.8109375 0.63515625 0.05234375 0.05234375
0 0.4609375 0.50625 0.05234375 0.0515625
0 0.56875 0.8734375 0.0515625 0.05
0 0.965625 0.18515625 0.05 0.05078125
0 0.2765625 0.91640625 0.0515625 0.0515625
0 0.01484375 0.015625 0.0296875 0.03125
0 0.140625 0.4125 0.05078125 0.0515625
0 0.5375 0.01640625 0.0484375 0.0328125
0 0.353125 0.31953125 0.0515625 0.0515625
0 0.971875 0.6359375 0.05234375 0.05234375
0 0.13984375 0.321875 0.05078125 0.05078125
0 0.6984375 0.0140625 0.05 0.028125
0 0.14140625 0.959375 0.053125 0.05234375
0 0.51328125 0.32109375 0.05234375 0.05078125
0 0.13984375 0.68515625 0.0515625 0.05234375
0 0.30234375 0.5953125 0.05078125 0.0515625
0 0.615625 0.05078125 0.05078125 0.05078125
0 0.8921875 0.68203125 0.0515625 0.0515625
0 0.1640625 0.01484375 0.05 0.0296875
0 0.13984375 0.4984375 0.05078125 0.05390625
0 0.3015625 0.7796875 0.0515625 0.0515625
0 0.3015625 0.86953125 0.0515625 0.05234375
0 0.86875 0.9140625 0.05234375 0.0515625
0 0.546875 0.91640625 0.0484375 0.04921875
0 0.05859375 0.91484375 0.0515625 0.05078125
0 0.96953125 0.45390625 0.05078125 0.0515625
0 0.2171875 0.015625 0.0515625 0.03125
0 0.13984375 0.05546875 0.05078125 0.05
0 0.37734375 0.01640625 0.0515625 0.0328125
0 0.140625 0.14296875 0.05078125 0.05078125
0 0.88984375 0.5015625 0.05078125 0.05234375
0 0.22109375 0.54921875 0.05234375 0.05234375
0 0.14140625 0.23359375 0.0515625 0.0515625
0 0.80859375 0.3609375 0.05234375 0.0515625
0 0.06015625 0.3671875 0.05234375 0.0515625
0 0.73125 0.77890625 0.0515625 0.05234375
0 0.2984375 0.1375 0.05078125 0.0515625
0 0.65234375 0.91328125 0.05078125 0.0515625
0 0.80859375 0.18203125 0.05078125 0.0515625
0 0.0609375 0.82265625 0.04921875 0.05234375
0 0.7328125 0.96015625 0.05234375 0.0515625
0 0.2203125 0.3671875 0.05 0.05078125
0 0.29921875 0.05234375 0.05078125 0.05
0 0.65546875 0.26875 0.0484375 0.05