0 0.17109375 0.44609375 0.0625 0.0625
0 0.490625 0.00390625 0.053125 0.0078125
0 0.3125 0.2984375 0.0625 0.0625
0 0.64921875 0.74765625 0.0609375 0.0609375
0 0.225 0.325 0.0625 0.0625
0 0.1203125 0.3 0.0625 0.0625
0 0.68125 0.846875 0.0625 0.0625
0 0.95703125 0.221875 0.0640625 0.0640625
0 0.84375 0.4734375 0.0625 0.0625
0 0.2609375 0.28515625 0.0625 0.0625
0 0.01640625 0.82421875 0.0328125 0.0640625
0 0.06953125 0.884375 0.0609375 0.05625
0 0.47421875 0.06171875 0.0609375 0.0625
0 0.0984375 0.52578125 0.0625 0.0625
0 0.34296875 0.4 0.0625 0.0625
0 0.121875 0.896875 0.0625 0.0578125
0 0.37890625 0.3625 0.0625 0.0625
0 0.2859375 0.65859375 0.0625 0.0625
0 0.59765625 0.73203125 0.0640625 0.0640625
0 0.9125 0.8578125 0.0375 0.05625
0 0.3203125 0.759375 0.0640625 0.065625
0 0.5625 0.77109375 0.0625 0.0625
0 0.859375 0.6625 0.0609375 0.0609375
0 0.809375 0.64765625 0.0625 0.0625
0 0.13046875 0.625 0.0625 0.0625
0 0.615625 0.78515625 0.0625 0.0625
0 0.778125 0.40859375 0.0625 0.0625
0 0.4390625 0.83203125 0.0609375 0.0609375
0 0.0203125 0.5484375 0.040625 0.0625
0 0.175 0.91015625 0.059375 0.0578125
0 0.2765625 0.3390625 0.0625 0.0625
0 0.1984375 0.6875 0.0625 0.0625
0 0.46015625 0.7453125 0.0625 0.0625
0 0.19375 0.2234375 0.0625 0.0625
0 0.7890625 0.8703125 0.0625 0.0625
0 0.40625 0.73359375 0.0609375 0.0609375
0 0.63125 0.0953125 0.0609375 0.0609375
0 0.68828125 0.4375 0.0625 0.0625
0 0.509375 0.76015625 0.0625 0.0625
0 0.8109375 0.51171875 0.0640625 0.0640625
0 0.8953125 0.621875 0.0625 0.0625
0 0.103125 0.38828125 0.0625 0.0625
0 0.1453125 0.07578125 0.0625 0.0625
0 0.3015625 0.1125 0.0625 0.0625
0 0.5265625 0.80859375 0.0625 0.0625
0 0.37265625 0.63671875 0.0625 0.0625
0 0.61015625 0.18515625 0.0625 0.0625
0 0.5875 0.41015625 0.0625 0.0625
0 0.8046875 0.7875 0.0609375 0.0609375
0 0.9546875 0.6828125 0.040625 0.0578125
0 0.46796875 0.334375 0.0640625 0.0640625
0 0.04296875 0.33046875 0.0421875 0.0578125
0 0.240625 0.37265625 0.0625 0.0625
0 0.77265625 0.81796875 0.0625 0.0625
0 0.0265625 0.73671875 0.053125 0.0609375
0 0.85625 0.79765625 0.0625 0.0625
0 0.48046875 0.5234375 0.0625 0.0625
0 0.2578125 0.421875 0.0609375 0.0609375
0 0.759375 0.49921875 0.0625 0.0625
0 0.08359375 0.33828125 0.0609375 0.0609375
0 0.32578125 0.484375 0.0609375 0.0609375
0 0.3546875 0.7203125 0.0625 0.0625
0 0.55 0.58515625 0.0609375 0.0609375
0 0.93046875 0.5875 0.0625 0.0625
0 0.02421875 0.871875 0.0484375 0.05625
0 0.278125 0.93515625 0.0625 0.059375
0 0.7390625 0.584375 0.0625 0.0625
0 0.26484375 0.75 0.0625 0.0625
0 0.8921875 0.94453125 0.0359375 0.05625
0 0.0796875 0.61015625 0.0625 0.0625
0 0.23515625 0.6453125 0.0625 0.0625
0 0.8515625 0.196875 0.0625 0.0640625
0 0.86796875 0.2453125 0.0625 0.0625
0 0.946875 0.6359375 0.0625 0.0625
0 0.59296875 0.8734375 0.0625 0.0625
0 0.56796875 0.496875 0.0625 0.0625
0 0.3890625 0.684375 0.0625 0.0625
0 0.415625 0.46015625 0.0625 0.0625
0 0.30234375 0.71015625 0.0625 0.0625
0 0.52421875 0.21015625 0.0625 0.0625
0 0.5421875 0.121875 0.0640625 0.065625
0 0.41484375 0.325 0.0625 0.0625
0 0.6359375 0.5609375 0.0625 0.0625
0 0.43984375 0.7 0.0625 0.0609375
0 0.88984375 0.16171875 0.0609375 0.0609375
0 0.23828125 0.5078125 0.0640625 0.0640625
0 0.1234375 0.1609375 0.0625 0.0625
0 0.38984375 0.08515625 0.0625 0.0625
0 0.14921875 0.5359375 0.0625 0.0625
0 0.43046875 0.37421875 0.0625 0.0625
0 0.178125 0.77265625 0.0609375 0.0609375
0 0.59140625 0.990625 0.0609375 0.01875
0 0.209375 0.27265625 0.0625 0.0625
0 0.3296875 0.9484375 0.059375 0.0578125
0 0.6609375 0.19609375 0.0625 0.0625
0 0.9359375 0.31171875 0.0625 0.0625
0 0.49375 0.70625 0.0640625 0.0640625
0 0.8734375 0.8484375 0.0625 0.0625
0 0.85390625 0.93671875 0.0625 0.0625
0 0.42109375 0.78515625 0.0609375 0.0625
0 0.675 0.25 0.0609375 0.059375
0 0.84375 0.61015625 0.0625 0.0625
0 0.21328125 0.7375 0.0625 0.0625
0 0.04140625 0.65078125 0.0625 0.0625
0 0.78046875 0.271875 0.0625 0.0625
0 0.371875 0.771875 0.0625 0.0625
0 0.1109375 0.7109375 0.0625 0.0625
0 0.71640625 0.07421875 0.0625 0.0625
0 0.5328125 0.3984375 0.0625 0.0625
0 0.3234375 0.025 0.0625 0.05
0 0.83828125 0.14453125 0.0625 0.0625
0 0.28671875 0.05859375 0.0625 0.0625
0 0.36171875 0.44765625 0.0640625 0.0640625
0 0.528125 0.671875 0.0625 0.0625
0 0.2453125 0.83671875 0.0609375 0.0609375
0 0.896875 0.484375 0.0625 0.0625
0 0.81875 0.09765625 0.0625 0.0625
0 0.628125 0.834375 0.0625 0.0625
0 0.96796875 0.5484375 0.0609375 0.0625
0 0.1578125 0.2578125 0.0625 0.0625
0 0.7125 0.21171875 0.0609375 0.0609375
0 0.91953125 0.26015625 0.0640625 0.065625
0 0.053125 0.83828125 0.0609375 0.0609375
0 0.7671875 0.9609375 0.0625 0.0625
0 0.16640625 0.58515625 0.0625 0.0625
0 0.01171875 0.50390625 0.0234375 0.0578125
0 0.98046875 0.1828125 0.0390625 0.0625
0 0.2046875 0.40859375 0.0625 0.0625
0 0.89140625 0.7609375 0.0609375 0.0609375
0 0.2796875 0.20078125 0.0625 0.0625
0 0.2171875 0.59921875 0.0640625 0.0640625
0 0.65234375 0.4765625 0.0625 0.0625
0 0.90390625 0.2109375 0.0640625 0.0640625
0 0.4546875 0.88125 0.0625 0.0625
0 0.8375 0.88671875 0.0625 0.0625
0 0.97421875 0.59375 0.0453125 0.0578125
0 0.553125 0.3125 0.0625 0.0625
0 0.3484375 0.26015625 0.0625 0.0625
0 0.734375 0.7234375 0.0625 0.0625
0 0.22421875 0.9234375 0.0609375 0.05625
0 0.2734375 0.47109375 0.0625 0.0625
0 0.33125 0.81328125 0.0625 0.0625
0 0.6984375 0.89921875 0.0640625 0.0640625
0 0.2296875 0.78515625 0.0625 0.0625
0 0.73203125 0.125 0.0625 0.0625
0 0.0609375 0.56484375 0.0609375 0.0609375
0 0.02265625 0.415625 0.04375 0.05625
0 0.66171875 0.0640625 0.059375 0.0609375
0 0.26796875 0.02265625 0.0640625 0.0453125
0 0.1453125 0.67265625 0.0640625 0.0640625
0 0.7578125 0.63359375 0.0625 0.0625
0 0.4234375 0.0515625 0.0609375 0.0609375
0 0.30546875 0.571875 0.0625 0.0625
0 0.96953125 0.27109375 0.0609375 0.0640625
0 0.20859375 0.875 0.0625 0.0625
0 0.765625 0.21953125 0.0625 0.0640625
0 0.6984375 0.7640625 0.0609375 0.0609375
0 0.88125 0.5703125 0.0640625 0.065625
0 0.6734375 0.38359375 0.0625 0.0625
0 0.24375 0.2359375 0.0609375 0.0609375
0 0.3375 0.071875 0.0640625 0.0640625
0 0.540625 0.85859375 0.0640625 0.0640625
0 0.51015625 0.02734375 0.0609375 0.0546875
0 0.11796875 0.43515625 0.0609375 0.0609375
0 0.52109375 0.346875 0.0625 0.0640625
0 0.59921875 0.128125 0.0625 0.0625
0 0.62578125 0.2359375 0.0625 0.0625
0 0.5609375 0.17109375 0.0640625 0.0640625
0 0.6328125 0.696875 0.0625 0.0625
0 0.5765625 0.21953125 0.0609375 0.0609375
0 0.6828125 0.709375 0.0609375 0.0609375
0 0.81875 0.97109375 0.0625 0.0578125
0 0.5796875 0.0875 0.0609375 0.0609375
0 0.153125 0.39921875 0.0625 0.0625
0 0.35 0.8625 0.0625 0.0625
0 0.10703125 0.24609375 0.0625 0.0625
0 0.2796875 0.8015625 0.0609375 0.0609375
0 0.24921875 0.6984375 0.0625 0.0625
0 0.08828125 0.79921875 0.0609375 0.0609375
0 0.82890625 0.42109375 0.0625 0.0625
0 0.50625 0.8984375 0.0609375 0.0609375
0 0.7671875 0.08671875 0.0625 0.0625
0 0.6640625 0.8 0.059375 0.0609375
0 0.3640625 0.3109375 0.0625 0.0640625
0 0.29765625 0.84765625 0.0625 0.0625
0 0.3265625 0.35234375 0.0625 0.0625
0 0.05 0.378125 0.0625 0.0625
0 0.434375 0.23828125 0.0625 0.0625
0 0.584375 0.5484375 0.0625 0.0625
0 0.17890625 0.03984375 0.0625 0.0625
0 0.47265625 0.79921875 0.0625 0.0625
0 0.45 0.4203125 0.0640625 0.0640625
0 0.9875 0.37109375 0.025 0.0609375
0 0.98359375 0.51015625 0.0328125 0.0578125
0 0.06328125 0.24375 0.0390625 0.05625
0 0.85078125 0.3328125 0.0609375 0.0625
0 0.65234375 0.6109375 0.0625 0.0625
0 0.36796875 0.175 0.0625 0.0625
0 0.934375 0.76953125 0.0375 0.05625
0 0.9765625 0.459375 0.046875 0.0625
0 0.253125 0.559375 0.0640625 0.0640625
0 0.79296875 0.59609375 0.0625 0.0625
0 0.1359375 0.34921875 0.0640625 0.0640625
0 0.60390625 0.45859375 0.0640625 0.0640625
0 0.478125 0.65703125 0.0625 0.0625
0 0.7890625 0.4609375 0.0625 0.0625
0 0.54609375 0.72109375 0.0625 0.0640625
0 0.5015625 0.29765625 0.0640625 0.0625
0 0.6421875 0.28359375 0.0625 0.0625
0 0.73828125 0.45234375 0.0625 0.0625
0 0.65546875 0.334375 0.0640625 0.0625
0 0.4703125 0.19921875 0.0640625 0.0640625
0 0.221875 0.46015625 0.0625 0.0625
0 0.06484375 0.4265625 0.0609375 0.059375
0 0.40234375 0.1375 0.0625 0.0625
0 0.3234375 0.61953125 0.0609375 0.0609375
0 0.1734375 0.3140625 0.0640625 0.0640625
0 0.8640625 0.52109375 0.0625 0.0625
0 0.69453125 0.296875 0.059375 0.0609375
0 0.434375 0.96953125 0.0625 0.0609375
0 0.41171875 0.015625 0.0609375 0.03125
0 0.2703125 0.609375 0.0625 0.0625
0 0.49609375 0.57109375 0.0625 0.0609375
0 0.5578125 0.91015625 0.0625 0.0625
0 0.45078125 0.28515625 0.0625 0.0625
0 0.515625 0.48671875 0.0625 0.0625
0 0.19296875 0.82265625 0.0625 0.0625
0 0.59921875 0.5984375 0.0625 0.0625
0 0.1046875 0.8484375 0.0625 0.0625
0 0.771875 0.68359375 0.0625 0.0625
0 0.8828125 0.296875 0.0640625 0.0640625
0 0.384375 0.82109375 0.0625 0.0625
0 0.425 0.64609375 0.0625 0.0625
0 0.228125 0.1890625 0.0625 0.0625
0 0.8015625 0.1890625 0.0609375 0.0609375
0 0.3984375 0.27265625 0.0609375 0.0609375
0 0.31640625 0.1609375 0.0625 0.0625
0 0.7984375 0.32109375 0.0625 0.0625
0 0.4890625 0.975 0.0625 0.05
0 0.16328125 0.72109375 0.0640625 0.0640625
0 0.21171875 0.1375 0.0609375 0.0609375
0 0.00859375 0.6390625 0.0171875 0.0625
0 0.12578125 0.7640625 0.0625 0.0625
0 0.67265625 0.5234375 0.0640625 0.0640625
0 0.92109375 0.38984375 0.0640625 0.0640625
0 0.71640625 0.8125 0.0625 0.0609375
0 0.2953125 0.2484375 0.0625 0.0625
0 0.5796875 0.684375 0.0625 0.0625
0 0.61640625 0.646875 0.0625 0.0625
0 0.703125 0.625 0.0609375 0.0609375
0 0.38125 0.96015625 0.0625 0.0609375
0 0.428125 0.51171875 0.0625 0.0625
0 0.74296875 0.309375 0.0609375 0.0609375
0 0.48828125 0.11328125 0.0625 0.0625
0 0.46015625 0.60859375 0.0625 0.0625
0 0.0828125 0.15703125 0.0375 0.05625
0 0.578125 0.821875 0.0625 0.0640625
0 0.68828125 0.57109375 0.0625 0.0625
0 0.9171875 0.53125 0.0640625 0.0640625
0 0.19765625 0.090625 0.0625 0.0625
0 0.3953125 0.4109375 0.0640625 0.0640625
0 0.065625 0.290625 0.0609375 0.0609375
0 0.60546875 0.32265625 0.0609375 0.0609375
0 0.77578125 0.5453125 0.0625 0.0625
0 0.840625 0.74921875 0.0609375 0.0609375
0 0.61953125 0.371875 0.0625 0.0625
0 0.03046875 0.4609375 0.0609375 0.0625
0 0.91015625 0.675 0.0625 0.0625
0 0.825 0.69765625 0.0625 0.0625
0 0.31171875 0.8984375 0.0625 0.0625
0 0.15859375 0.86015625 0.0625 0.0625
0 0.30703125 0.43671875 0.0609375 0.0609375
0 0.0734375 0.75 0.0625 0.0625
0 0.68125 0.9765625 0.0625 0.046875
0 0.090625 0.1984375 0.0609375 0.0609375
0 0.2 0.54921875 0.0625 0.0625
0 0.41875 0.1859375 0.0625 0.0640625
0 0.74921875 0.91328125 0.0625 0.0625
0 0.23125 0.053125 0.0625 0.0625
0 0.453125 0.1515625 0.0625 0.0609375
0 0.72578125 0.259375 0.0609375 0.0609375
0 0.2890625 0.390625 0.0609375 0.0609375
0 0.53046875 0.06875 0.0640625 0.0640625
0 0.6125 0.92109375 0.0625 0.0625
0 0.82265625 0.83671875 0.0625 0.0625
0 0.05859375 0.70234375 0.0625 0.0625
0 0.32890625 0.2140625 0.0609375 0.0609375
0 0.721875 0.6703125 0.0625 0.0625
0 0.95546875 0.36015625 0.0609375 0.0609375
0 0.490625 0.8484375 0.0609375 0.0609375
0 0.540625 0.984375 0.0625 0.03125
0 0.51328125 0.6203125 0.0625 0.0625
0 0.70546875 0.3515625 0.0625 0.0625
0 0.73046875 0.98359375 0.0609375 0.0328125
0 0.76640625 0.353125 0.0609375 0.0609375
0 0.6984375 0.1640625 0.059375 0.0609375
0 0.83046875 0.284375 0.0625 0.0625
0 0.13359375 0.484375 0.0625 0.0625
0 0.87578125 0.71171875 0.0609375 0.0609375
0 0.1875 0.36640625 0.0609375 0.059375
0 0.24921875 0.1015625 0.0625 0.0625
0 0.475 0.93125 0.0625 0.0625
0 0.6609375 0.93984375 0.0609375 0.059375
0 0.259375 0.88671875 0.0625 0.0625
0 0.57109375 0.36171875 0.0609375 0.0609375
0 0.7828125 0.98984375 0.0625 0.0203125
0 0.18125 0.6375 0.0625 0.0625
0 0.79140625 0.73359375 0.0625 0.0625
0 0.50546875 0.1609375 0.0640625 0.0640625
0 0.978125 0.321875 0.04375 0.0625
0 0.90078125 0.346875 0.0609375 0.0609375
0 0.36640625 0.9109375 0.0625 0.0640625
0 0.928125 0.72265625 0.0609375 0.0609375
0 0.34296875 0.5359375 0.0609375 0.0609375
0 0.1390625 0.81171875 0.0625 0.0625
0 0.46328125 0.471875 0.0625 0.0625
0 0.4828125 0.38671875 0.0625 0.0625
0 0.57578125 0.9609375 0.0609375 0.0609375
0 0.09375 0.659375 0.0640625 0.0640625
0 0.725 0.39921875 0.0625 0.0625
0 0.38046875 0.22890625 0.0625 0.0625
0 0.4390625 0.0984375 0.0625 0.0625
0 0.828125 0.5609375 0.0625 0.0625
0 0.215625 0.01640625 0.0625 0.0328125
0 0.86796875 0.97734375 0.0609375 0.0453125
0 0.575 0.0234375 0.05625 0.046875
0 0.40546875 0.86796875 0.0609375 0.0625
0 0.7375 0.85625 0.0640625 0.0640625
0 0.5890625 0.27578125 0.0625 0.0625
0 0.41953125 0.9234375 0.0625 0.0625
0 0.10625 0.06875 0.0375 0.05625
0 0.7828125 0.1390625 0.0640625 0.0640625
0 0.01796875 0.6859375 0.0359375 0.0625
0 0.54140625 0.2609375 0.0625 0.0625
0 0.00859375 0.77421875 0.0171875 0.0640625
0 0.4875 0.2515625 0.0625 0.0625
0 0.49765625 0.44140625 0.0625 0.0609375
0 0.87578125 0.103125 0.0625 0.059375
0 0.37578125 0.034375 0.0625 0.0625
0 0.35078125 0.12421875 0.0625 0.0625
0 0.909375 0.80859375 0.0625 0.0625
0 0.184375 0.49921875 0.0625 0.0625
0 0.8890625 0.89921875 0.0625 0.0625
0 0.10859375 0.1140625 0.0625 0.0609375
0 0.63828125 0.425 0.0625 0.0625
0 0.14453125 0.20625 0.0609375 0.0609375
0 0.26328125 0.14921875 0.0625 0.0625
0 0.0828125 0.47421875 0.0609375 0.0609375
0 0.8 0.9234375 0.0625 0.0625
0 0.45859375 0.021875 0.0609375 0.04375
0 0.8796875 0.4359375 0.0625 0.0625
0 0.94375 0.1671875 0.0625 0.0625
0 0.13046875 0.028125 0.0609375 0.05625
0 0.35625 0.5859375 0.0609375 0.0609375
0 0.52578125 0.94921875 0.0625 0.0609375
0 0.753125 0.771875 0.0625 0.0625
0 0.56484375 0.63515625 0.0625 0.0625
0 0.28984375 0.521875 0.0625 0.0625
0 0.97265625 0.40234375 0.0546875 0.0609375
0 0.66640625 0.6625 0.0609375 0.0609375
0 0.390625 0.55078125 0.0609375 0.059375
0 0.86484375 0.38359375 0.0640625 0.0640625
0 0.98984375 0.23125 0.0203125 0.0625
0 0.1140625 0.57421875 0.0609375 0.0609375
0 0.6265625 0.9703125 0.0625 0.059375
0 0.16015625 0.1265625 0.0625 0.0625
0 0.55234375 0.4453125 0.0609375 0.0625
0 0.028125 0.5984375 0.05625 0.0625
0 0.409375 0.596875 0.0625 0.0625
0 0.721875 0.540625 0.0625 0.059375
0 0.165625 0.0109375 0.0625 0.021875
0 0.53125 0.53828125 0.0625 0.0625
0 0.6265625 0.03515625 0.0578125 0.0484375
0 0.375 0.50078125 0.0609375 0.0609375
0 0.71171875 0.95078125 0.0625 0.0625
0 0.0453125 0.51484375 0.0625 0.0625
0 0.946875 0.496875 0.0609375 0.0609375
0 0.93359375 0.44375 0.0640625 0.0640625
0 0.64765625 0.14609375 0.0625 0.0625
0 0.03671875 0.78984375 0.0625 0.0625
0 0.6453125 0.88515625 0.0625 0.0625
0 0.70546875 0.48515625 0.0640625 0.0640625
0 0.921875 0.12109375 0.059375 0.0609375
0 0.81328125 0.2390625 0.0609375 0.0609375
0 0.99453125 0.42109375 0.0109375 0.0578125
0 0.61875 0.5125 0.0625 0.0625
0 0.33515625 0.6734375 0.0609375 0.0609375
0 0.44453125 0.5625 0.0625 0.0609375
0 0.67890625 0.1140625 0.0625 0.0609375
0 0.81484375 0.36953125 0.0609375 0.0625
0 0.96953125 0.13671875 0.0609375 0.0609375
0 0.17890625 0.17109375 0.0609375 0.0609375
0 0.7515625 0.165625 0.0640625 0.0609375