0 0.0390625 0.6828125 0.053125 0.053125
0 0.0890625 0.678125 0.053125 0.0546875
0 0.17421875 0.71171875 0.0546875 0.0546875
0 0.03984375 0.81328125 0.0328125 0.0515625
0 0.09609375 0.89296875 0.05625 0.0546875
0 0.1953125 0.6671875 0.05625 0.0546875
0 0.12109375 0.71640625 0.0546875 0.0546875
0 0.06171875 0.86015625 0.053125 0.053125
0 0.03125 0.728125 0.03125 0.0515625
0 0.10703125 0.63203125 0.0546875 0.0546875
0 0.05390625 0.6375 0.05625 0.0546875
0 0.1 0.76640625 0.0546875 0.05625
0 0.0484375 0.77265625 0.0546875 0.0546875
0 0.0765625 0.58984375 0.05625 0.05625
0 0.02890625 0.596875 0.0484375 0.053125
0 0.08203125 0.81328125 0.0546875 0.053125
0 0.0484375 0.54921875 0.05625 0.05625
0 0.1296875 0.58515625 0.0546875 0.0546875
0 0.13984375 0.675 0.0546875 0.053125
0 0.153125 0.5390625 0.053125 0.0546875
0 0.10234375 0.54296875 0.0546875 0.05625
0 0.17890625 0.575 0.053125 0.0546875
0 0.06953125 0.72265625 0.0546875 0.0546875
0 0.16015625 0.625 0.0546875 0.0546875
0 0.1765625 0.82890625 0.053125 0.0515625
0 0.228125 0.7234375 0.0546875 0.0546875
0 0.22265625 0.609375 0.05625 0.05625
0 0.0578125 0.98515625 0.0375 0.0296875
0 0.04921875 0.9 0.0375 0.0546875
0 0.1390625 0.79609375 0.05625 0.0546875
0 0.15390625 0.759375 0.05625 0.05625
0 0.2453125 0.56328125 0.053125 0.053125
0 0.071875 0.95 0.0515625 0.053125
0 0.11171875 0.8484375 0.05625 0.053125
0 0.20625 0.5328125 0.05625 0.0546875
0 0.15703125 0.875 0.0546875 0.05625
0 0.11171875 0.97265625 0.0546875 0.053125
0 0.13515625 0.92421875 0.0546875 0.053125
0 0.19921875 0.75625 0.05 0.05
0 0.2625 0.6296875 0.0515625 0.05
0 0.24765625 0.665625 0.0546875 0.05625
0 0.29296875 0.57109375 0.0515625 0.0515625
0 0.31015625 0.525 0.053125 0.053125
0 0.18984375 0.784375 0.0484375 0.0484375
0 0.2578125 0.52890625 0.053125 0.05625