0 0.04296875 0.7578125 0.0609375 0.059375
0 0.28984375 0.60390625 0.0609375 0.0625
0 0.18984375 0.4953125 0.0609375 0.0609375
0 0.3328125 0.103125 0.059375 0.059375
0 0.15390625 0.02734375 0.0609375 0.0546875
0 0.29375 0.01640625 0.059375 0.0328125
0 0.17109375 0.8203125 0.0609375 0.0625
0 0.521875 0.31640625 0.0609375 0.0609375
0 0.29140625 0.371875 0.0578125 0.059375
0 0.8015625 0.12421875 0.0609375 0.0609375
0 0.45234375 0.0296875 0.059375 0.059375
0 0.5359375 0.01328125 0.05625 0.0265625
0 0.09609375 0.7625 0.059375 0.0609375
0 0.06640625 0.15078125 0.034375 0.05625
0 0.3421875 0.24375 0.059375 0.0609375
0 0.2609375 0.04296875 0.0609375 0.0609375
0 0.30625 0.28359375 0.059375 0.0609375
0 0.13828125 0.4890625 0.059375 0.059375
0 0.115625 0.815625 0.0609375 0.0609375
0 0.41953125 0.06796875 0.059375 0.0609375
0 0.15859375 0.5375 0.0609375 0.0609375
0 0.2328125 0.225 0.0609375 0.0609375
0 0.01953125 0.79609375 0.0390625 0.0609375
0 0.39296875 0.25078125 0.0609375 0.0609375
0 0.1171875 0.43984375 0.0609375 0.0625
0 0.6125 0.053125 0.0609375 0.0609375
0 0.13125 0.3484375 0.059375 0.059375
0 0.09140625 0.25234375 0.059375 0.059375
0 0.08515625 0.8546875 0.0609375 0.0609375
0 0.178125 0.21953125 0.0609375 0.059375
0 0.37578125 0.57109375 0.0609375 0.0609375
0 0.43046875 0.00625 0.0546875 0.0125
0 0.5109375 0.40546875 0.0609375 0.0609375
0 0.1984375 0.63984375 0.0609375 0.0609375
0 0.1265625 0.58125 0.059375 0.0609375
0 0.0328125 0.46953125 0.0609375 0.0625
0 0.50625 0.03828125 0.059375 0.0609375
0 0.19609375 0.86953125 0.0609375 0.0609375
0 0.025 0.5625 0.05 0.0625
0 0.21953125 0.315625 0.0609375 0.0609375
0 0.17734375 0.590625 0.0609375 0.0609375
0 0.6671875 0.0625 0.059375 0.0609375
0 0.48203125 0.00859375 0.0546875 0.0171875
0 0.3203125 0.1921875 0.0609375 0.0609375
0 0.2328125 0.59453125 0.0640625 0.0640625
0 0.59296875 0.01875 0.05625 0.0296875
0 0.2296875 0.8265625 0.0609375 0.059375
0 0.1109375 0.3 0.0578125 0.059375
0 0.43359375 0.34765625 0.0609375 0.0625
0 0.0515625 0.2421875 0.0359375 0.05625
0 0.36640625 0.0609375 0.0609375 0.0609375
0 0.5 0.26875 0.0609375 0.0609375
0 0.7734375 0.08046875 0.059375 0.059375
0 0.3140625 0.0515625 0.059375 0.0609375
0 0.3 0.5140625 0.059375 0.0609375
0 0.075 0.57109375 0.0609375 0.0609375
0 0.4125 0.3015625 0.0609375 0.0609375
0 0.24296875 0.0125 0.0609375 0.025
0 0.57890625 0.096875 0.0609375 0.0609375
0 0.49375 0.1296875 0.059375 0.0609375
0 0.0734375 0.19921875 0.0609375 0.0609375
0 0.57265625 0.32734375 0.0609375 0.0609375
0 0.3484375 0.0203125 0.059375 0.040625
0 0.10703125 0.90390625 0.0625 0.0625
0 0.26484375 0.18359375 0.0609375 0.0609375
0 0.2453125 0.50625 0.0609375 0.059375
0 0.25390625 0.2734375 0.0609375 0.0625
0 0.1875 0.0078125 0.059375 0.015625
0 0.2078125 0.034375 0.0609375 0.0609375
0 0.69609375 0.0375 0.0546875 0.0296875
0 0.46875 0.30859375 0.0625 0.0625
0 0.2125 0.54453125 0.059375 0.0609375
0 0.40625 0.53125 0.0609375 0.0609375
0 0.15859375 0.1671875 0.059375 0.0609375
0 0.14453125 0.26171875 0.059375 0.059375
0 0.68359375 0.1140625 0.059375 0.0609375
0 0.42734375 0.209375 0.0609375 0.0609375
0 0.1046875 0.53203125 0.0609375 0.0609375
0 0.01015625 0.74609375 0.0203125 0.0609375
0 0.0640625 0.4296875 0.0609375 0.0609375
0 0.59921875 0.1453125 0.0609375 0.059375
0 0.38515625 0.11015625 0.059375 0.0609375
0 0.18671875 0.73125 0.0640625 0.0640625
0 0.47890625 0.2171875 0.0609375 0.0609375
0 0.675 0.20234375 0.059375 0.0578125
0 0.125 0.209375 0.059375 0.059375
0 0.07734375 0.340625 0.0609375 0.059375
0 0.7484375 0.046875 0.05625 0.03125
0 0.07578125 0.71484375 0.0609375 0.0609375
0 0.0171875 0.65546875 0.034375 0.0609375
0 0.740625 0.1203125 0.0625 0.0625
0 0.10625 0.15859375 0.0609375 0.0609375
0 0.08125 0.0625 0.0328125 0.0546875
0 0.14375 0.63046875 0.0609375 0.0625
0 0.2078125 0.77890625 0.0609375 0.0625
0 0.2796875 0.09375 0.0609375 0.0609375
0 0.2046875 0.40625 0.059375 0.059375
0 0.05625 0.665625 0.059375 0.0609375
0 0.0515625 0.521875 0.0609375 0.0609375
0 0.090625 0.621875 0.0609375 0.0609375
0 0.2796875 0.46484375 0.0609375 0.0609375
0 0.10234375 0.02265625 0.0578125 0.0453125
0 0.13046875 0.72109375 0.0609375 0.0609375
0 0.03046875 0.8453125 0.0609375 0.0609375
0 0.22578125 0.08671875 0.059375 0.0609375
0 0.3765625 0.34140625 0.0609375 0.0609375
0 0.525 0.08828125 0.0609375 0.059375
0 0.47578125 0.4484375 0.0625 0.0609375
0 0.06015625 0.29453125 0.059375 0.059375
0 0.084375 0.48046875 0.0609375 0.0609375
0 0.39609375 0.3890625 0.0609375 0.0609375
0 0.02578125 0.70546875 0.0515625 0.0609375
0 0.3984375 0.02578125 0.059375 0.0515625
0 0.76171875 0.16953125 0.0609375 0.0609375
0 0.44765625 0.25859375 0.0609375 0.0609375
0 0.35859375 0.29296875 0.0609375 0.0609375
0 0.253125 0.6484375 0.0609375 0.0625
0 0.11953125 0.065625 0.0609375 0.0609375
0 0.4046875 0.16015625 0.059375 0.059375
0 0.61953125 0.190625 0.059375 0.059375
0 0.0625 0.8046875 0.059375 0.0609375
0 0.30546875 0.65546875 0.0625 0.059375
0 0.45078125 0.40078125 0.0609375 0.0609375
0 0.1734375 0.07734375 0.0609375 0.0609375
0 0.44140625 0.11796875 0.0609375 0.0609375
0 0.48515625 0.3578125 0.0609375 0.0609375
0 0.6078125 0.2828125 0.0609375 0.0609375
0 0.27421875 0.6984375 0.0609375 0.059375
0 0.21171875 0.1734375 0.0609375 0.059375
0 0.1390625 0.11640625 0.0609375 0.0609375
0 0.2265625 0.4546875 0.0609375 0.0609375
0 0.16328125 0.30703125 0.0625 0.059375
0 0.2578125 0.4140625 0.059375 0.059375
0 0.1875 0.3546875 0.0609375 0.059375
0 0.471875 0.07890625 0.059375 0.0609375
0 0.38515625 0.48125 0.0609375 0.0609375
0 0.046875 0.37890625 0.059375 0.0609375
0 0.5546875 0.2734375 0.0625 0.0625
0 0.19765625 0.26484375 0.0609375 0.0609375
0 0.3640625 0.4328125 0.0578125 0.0578125
0 0.01328125 0.890625 0.0265625 0.059375
0 0.51171875 0.17734375 0.059375 0.059375
0 0.56328125 0.1875 0.059375 0.059375
0 0.0375 0.61328125 0.0609375 0.0609375
0 0.0875 0.1109375 0.059375 0.059375
0 0.02109375 0.421875 0.0375 0.05625
0 0.27265625 0.32265625 0.059375 0.0609375
0 0.01484375 0.51328125 0.0296875 0.0578125
0 0.3515625 0.52421875 0.0609375 0.0609375
0 0.21953125 0.6875 0.0625 0.0625
0 0.59140625 0.23125 0.0609375 0.0609375
0 0.00703125 0.60546875 0.0140625 0.0578125
0 0.4578125 0.16796875 0.0609375 0.059375
0 0.65078125 0.1578125 0.059375 0.0578125
0 0.31171875 0.42421875 0.059375 0.059375
0 0.5625 0.4171875 0.0578125 0.0578125
0 0.32265625 0.33359375 0.059375 0.0609375
0 0.6328125 0.10546875 0.0609375 0.059375
0 0.04921875 0.896875 0.059375 0.059375
0 0.34140625 0.61171875 0.0609375 0.0609375
0 0.39921875 0.61875 0.0578125 0.0578125
0 0.1390625 0.86484375 0.0609375 0.0609375
0 0.559375 0.04765625 0.0609375 0.0609375
0 0.5328125 0.228125 0.0609375 0.0609375
0 0.5921875 0.37109375 0.059375 0.0578125
0 0.2984375 0.14296875 0.0609375 0.0609375
0 0.2390625 0.36640625 0.0609375 0.0609375
0 0.1625 0.68046875 0.0609375 0.0609375
0 0.3359375 0.69609375 0.0625 0.0609375
0 0.34296875 0.38125 0.059375 0.059375
0 0.1890625 0.1296875 0.059375 0.059375
0 0.11015625 0.6734375 0.059375 0.0609375
0 0.53125 0.453125 0.059375 0.0578125
0 0.33125 0.4703125 0.059375 0.059375
0 0.546875 0.13515625 0.0609375 0.0609375
0 0.7046875 0.1609375 0.0609375 0.0609375
0 0.31796875 0.565625 0.0609375 0.059375
0 0.415625 0.440625 0.0609375 0.0609375
0 0.1515625 0.39609375 0.059375 0.0609375
0 0.6453125 0.02890625 0.0546875 0.03125
0 0.35234375 0.15390625 0.059375 0.059375
0 0.6984375 0.2484375 0.059375 0.059375
0 0.64296875 0.240625 0.059375 0.059375
0 0.71640625 0.0734375 0.059375 0.0609375
0 0.6640625 0.290625 0.0609375 0.0625
0 0.4421875 0.484375 0.0625 0.0625
0 0.46171875 0.5421875 0.0609375 0.0625
0 0.540625 0.3671875 0.059375 0.0609375
0 0.2875 0.2359375 0.0609375 0.0609375
0 0.72734375 0.20859375 0.059375 0.059375
0 0.24375 0.13515625 0.059375 0.059375
0 0.0359375 0.3359375 0.0359375 0.0546875
0 0.09921875 0.3890625 0.0609375 0.0609375
0 0.16953125 0.44765625 0.059375 0.0609375
0 0.50078125 0.4953125 0.059375 0.0609375
0 0.3734375 0.2015625 0.059375 0.059375
0 0.62890625 0.3328125 0.059375 0.0609375
0 0.428125 0.5796875 0.0578125 0.0578125
0 0.36640625 0.65390625 0.0609375 0.059375
0 0.1625 0.91328125 0.0625 0.0625
0 0.23984375 0.7390625 0.059375 0.0609375
0 0.15 0.771875 0.0609375 0.059375
0 0.26640625 0.784375 0.0609375 0.059375
0 0.26640625 0.546875 0.0609375 0.0609375
0 0.2984375 0.74453125 0.059375 0.059375
0 0.83359375 0.0796875 0.059375 0.0578125