0 0.15390625 0.6 0.05625 0.05625
0 0.97265625 0.35078125 0.0546875 0.0578125
0 0.846875 0.85859375 0.05625 0.0578125
0 0.946875 0.63046875 0.05625 0.0578125
0 0.740625 0.52109375 0.0578125 0.05625
0 0.7875 0.6171875 0.0578125 0.0578125
0 0.0265625 0.53984375 0.053125 0.0578125
0 0.81171875 0.334375 0.0578125 0.0578125
0 0.36328125 0.71484375 0.0578125 0.0578125
0 0.321875 0.05703125 0.05625 0.05625
0 0.42890625 0.62890625 0.05625 0.05625
0 0.2140625 0.84375 0.05625 0.0578125
0 0.68125 0.8421875 0.0578125 0.059375
0 0.721875 0.70703125 0.0578125 0.0578125
0 0.46484375 0.25703125 0.05625 0.0578125
0 0.159375 0.04140625 0.05625 0.0578125
0 0.3265625 0.2890625 0.0578125 0.0578125
0 0.4859375 0.8703125 0.05625 0.0578125
0 0.3328125 0.76328125 0.05625 0.0578125
0 0.60625 0.790625 0.0546875 0.05625
0 0.76796875 0.240625 0.05625 0.05625
0 0.95234375 0.30546875 0.05625 0.05625
0 0.25078125 0.2359375 0.0578125 0.0578125
0 0.440625 0.77578125 0.0578125 0.0578125
0 0.3171875 0.6171875 0.0578125 0.0578125
0 0.30703125 0.47578125 0.05625 0.05625
0 0.4828125 0.0734375 0.05625 0.05625
0 0.08046875 0.78359375 0.059375 0.0578125
0 0.89375 0.6265625 0.0578125 0.0578125
0 0.80078125 0.7625 0.0578125 0.0578125
0 0.59609375 0.31640625 0.05625 0.0578125
0 0.56640625 0.36171875 0.05625 0.05625
0 0.1703125 0.74765625 0.05625 0.05625
0 0.2359375 0.09375 0.05625 0.05625
0 0.67734375 0.04453125 0.05625 0.0578125
0 0.65234375 0.5578125 0.0578125 0.0578125
0 0.734375 0.8484375 0.0578125 0.0578125
0 0.915625 0.1125 0.05625 0.05625
0 0.8375 0.0609375 0.05625 0.05625
0 0.68125 0.27890625 0.0578125 0.0578125
0 0.98828125 0.3078125 0.0234375 0.05625
0 0.7359375 0.28359375 0.05625 0.0578125
0 0.5234375 0.49609375 0.05625 0.0578125
0 0.72578125 0.37578125 0.05625 0.0578125
0 0.82109375 0.24609375 0.05625 0.05625
0 0.63671875 0.74296875 0.05625 0.05625
0 0.14921875 0.93125 0.0578125 0.05625
0 0.71484375 0.79921875 0.0578125 0.0578125
0 0.6171875 0.365625 0.05625 0.0578125
0 0.29375 0.334375 0.05625 0.0578125
0 0.93125 0.82109375 0.05625 0.0578125
0 0.090625 0.68984375 0.0578125 0.0578125
0 0.4359375 0.534375 0.05625 0.0578125
0 0.39140625 0.43828125 0.05625 0.05625
0 0.515625 0.03125 0.05625 0.0578125
0 0.62109375 0.0421875 0.0578125 0.0578125
0 0.68984375 0.1890625 0.05625 0.0578125
0 0.625 0.60078125 0.05625 0.0578125
0 0.79609375 0.5234375 0.05625 0.0578125
0 0.6765625 0.60546875 0.05625 0.05625
0 0.11171875 0.50390625 0.0578125 0.059375
0 0.15703125 0.8375 0.0578125 0.05625
0 0.496875 0.7796875 0.0578125 0.059375
0 0.21796875 0.27890625 0.05625 0.0578125
0 0.87734375 0.81171875 0.0578125 0.0578125
0 0.86328125 0.9875 0.0546875 0.025
0 0.65 0.321875 0.0578125 0.0578125
0 0.91328125 0.98828125 0.0578125 0.0234375
0 0.59140625 0.0828125 0.05625 0.05625
0 0.0171875 0.72734375 0.034375 0.0578125
0 0.14609375 0.69453125 0.0578125 0.0578125
0 0.5765625 0.50234375 0.05625 0.0578125
0 0.44609375 0.44375 0.05625 0.0578125
0 0.425 0.96328125 0.0578125 0.05625
0 0.9046875 0.534375 0.05625 0.0578125
0 0.58515625 0.97421875 0.0578125 0.0515625
0 0.86953125 0.575 0.0578125 0.0578125
0 0.45625 0.35078125 0.05625 0.0578125
0 0.1984375 0.46484375 0.05625 0.0578125
0 0.6640625 0.46484375 0.05625 0.05625
0 0.03359375 0.4484375 0.0578125 0.0578125
0 0.57421875 0.8296875 0.05625 0.0578125
0 0.3515625 0.02109375 0.05625 0.0421875
0 0.5515625 0.7828125 0.0578125 0.0578125
0 0.37421875 0.621875 0.059375 0.0578125
0 0.9203125 0.35 0.05625 0.05625
0 0.47109375 0.48984375 0.05625 0.0578125
0 0.3515625 0.571875 0.059375 0.059375
0 0.76796875 0.8046875 0.05625 0.059375
0 0.03984375 0.215625 0.0390625 0.05625
0 0.35390625 0.81015625 0.0578125 0.0578125
0 0.83828125 0.953125 0.05625 0.0578125
0 0.13515625 0.78984375 0.05625 0.05625
0 0.24375 0.80078125 0.0578125 0.0578125
0 0.1390625 0.22421875 0.05625 0.0578125
0 0.384375 0.53359375 0.05625 0.05625
0 0.31328125 0.94765625 0.0578125 0.0578125
0 0.50703125 0.92109375 0.0578125 0.0578125
0 0.4875 0.309375 0.0578125 0.0578125
0 0.2765625 0.75390625 0.0578125 0.0578125
0 0.03125 0.309375 0.0375 0.05625
0 0.259375 0.9421875 0.0578125 0.0578125
0 0.0875 0.4515625 0.0578125 0.0578125
0 0.26796875 0.05234375 0.0578125 0.05625
0 0.57265625 0.26796875 0.05625 0.0578125
0 0.38984375 0.2015625 0.05625 0.0578125
0 0.3046875 0.240625 0.05625 0.0578125
0 0.61796875 0.9328125 0.0578125 0.059375
0 0.0453125 0.35546875 0.0578125 0.05625
0 0.084375 0.0078125 0.05625 0.015625
0 0.5453125 0.54609375 0.0578125 0.0578125
0 0.63203125 0.51171875 0.0546875 0.05625
0 0.0734375 0.07578125 0.0578125 0.05625
0 0.38046875 0.29765625 0.05625 0.0578125
0 0.98046875 0.4953125 0.0390625 0.05625
0 0.86171875 0.10859375 0.05625 0.05625
0 0.9578125 0.7734375 0.0453125 0.05625
0 0.1328125 0.31953125 0.05625 0.05625
0 0.09921875 0.3625 0.05625 0.05625
0 0.95 0.86875 0.04375 0.05625
0 0.94609375 0.07265625 0.05625 0.05625
0 0.18203125 0.08984375 0.0578125 0.05625
0 0.640625 0.97578125 0.059375 0.0484375
0 0.58359375 0.73984375 0.05625 0.05625
0 0.528125 0.7328125 0.05625 0.0578125
0 0.10625 0.0375 0.05625 0.05625
0 0.29609375 0.5671875 0.0578125 0.059375
0 0.71953125 0.46875 0.05625 0.0578125
0 0.43125 0.06875 0.05625 0.05625
0 0.478125 0.96484375 0.05625 0.0578125
0 0.95859375 0.53984375 0.0546875 0.0578125
0 0.04765625 0.82890625 0.0578125 0.05625
0 0.04921875 0.12109375 0.040625 0.0546875
0 0.69140625 0.7484375 0.05625 0.0578125
0 0.01171875 0.5859375 0.0234375 0.05625
0 0.803125 0.43125 0.0578125 0.0578125
0 0.49765625 0.215625 0.05625 0.05625
0 0.46015625 0.028125 0.05625 0.05625
0 0.2046875 0.93828125 0.0578125 0.0578125
0 0.6578125 0.79375 0.0578125 0.059375
0 0.4109375 0.25390625 0.05625 0.05625
0 0.77734375 0.709375 0.0578125 0.059375
0 0.1703125 0.18125 0.0578125 0.0578125
0 0.73046875 0.6109375 0.0578125 0.05625
0 0.06171875 0.73515625 0.0578125 0.0578125
0 0.70859375 0.5640625 0.0578125 0.05625
0 0.36015625 0.47890625 0.05625 0.0578125
0 0.05859375 0.0296875 0.04375 0.0578125
0 0.51875 0.26640625 0.05625 0.05625
0 0.2984375 0.8046875 0.0578125 0.0578125
0 0.61328125 0.69609375 0.05625 0.0578125
0 0.67265625 0.37109375 0.0578125 0.0578125
0 0.784375 0.05859375 0.05625 0.05625
0 0.97421875 0.5875 0.0453125 0.05625
0 0.16171875 0.2734375 0.059375 0.0578125
0 0.9265625 0.58359375 0.05625 0.0578125
0 0.815625 0.575 0.05625 0.05625
0 0.55 0.21875 0.05625 0.05625
0 0.46171875 0.58671875 0.05625 0.05625
0 0.603125 0.22265625 0.0578125 0.0578125
0 0.375 0.8609375 0.0578125 0.05625
0 0.784375 0.946875 0.0578125 0.0578125
0 0.74453125 0.19140625 0.05625 0.0578125
0 0.50546875 0.6828125 0.0578125 0.059375
0 0.90546875 0.2125 0.0578125 0.05625
0 0.89140625 0.06484375 0.05625 0.05625
0 0.984375 0.07265625 0.03125 0.0578125
0 0.22265625 0.74765625 0.05625 0.0578125
0 0.409375 0.81640625 0.0578125 0.0578125
0 0.2203125 0.51484375 0.05625 0.05625
0 0.0703125 0.87421875 0.0578125 0.0578125
0 0.940625 0.725 0.0578125 0.0578125
0 0.96875 0.11875 0.05625 0.0578125
0 0.0265625 0.7765625 0.053125 0.059375
0 0.934375 0.48828125 0.05625 0.0578125
0 0.4078125 0.0234375 0.05625 0.046875
0 0.8296875 0.1515625 0.05625 0.05625
0 0.50078125 0.446875 0.05625 0.05625
0 0.753125 0.98359375 0.05625 0.0328125
0 0.24140625 0.3296875 0.0578125 0.05625
0 0.1671875 0.5125 0.05625 0.0578125
0 0.3578125 0.246875 0.0578125 0.0578125
0 0.09140625 0.928125 0.0578125 0.0578125
0 0.265625 0.6140625 0.05625 0.05625
0 0.59921875 0.553125 0.05625 0.0578125
0 0.8890625 0.39375 0.05625 0.0546875
0 0.9234375 0.9125 0.05625 0.05625
0 0.44296875 0.20703125 0.05625 0.05625
0 0.828125 0.48203125 0.05625 0.05625
0 0.4203125 0.721875 0.0578125 0.0578125
0 0.6578125 0.22890625 0.0578125 0.0578125
0 0.39921875 0.11328125 0.05625 0.0546875
0 0.84453125 0.29765625 0.05625 0.05625
0 0.75625 0.33046875 0.0578125 0.0578125
0 0.90859375 0.76953125 0.05625 0.0578125
0 0.3359375 0.19609375 0.0578125 0.05625
0 0.1015625 0.5953125 0.05625 0.05625
0 0.5890625 0.41484375 0.05625 0.05625
0 0.9921875 0.2140625 0.015625 0.05625
0 0.22578125 0.18515625 0.0578125 0.0578125
0 0.475 0.165625 0.05625 0.05625
0 0.64453125 0.08828125 0.05625 0.05625
0 0.19375 0.2296875 0.0578125 0.0578125
0 0.09609375 0.12421875 0.0578125 0.05625
0 0.00546875 0.68203125 0.0109375 0.0546875
0 0.153125 0.36640625 0.05625 0.05625
0 0.88671875 0.72109375 0.05625 0.05625
0 0.26015625 0.378125 0.05625 0.05625
0 0.19140625 0.01484375 0.0578125 0.0296875
0 0.115625 0.17578125 0.0578125 0.0578125
0 0.8578125 0.4375 0.0546875 0.05625
0 0.38515625 0.76484375 0.0578125 0.059375
0 0.2046875 0.371875 0.0578125 0.05625
0 0.85625 0.76640625 0.05625 0.0578125
0 0.53828125 0.6390625 0.0578125 0.0578125
0 0.9296875 0.26015625 0.05625 0.05625
0 0.559375 0.6890625 0.05625 0.0578125
0 0.24375 0.5640625 0.05625 0.05625
0 0.25234375 0.47265625 0.0578125 0.05625
0 0.45 0.67734375 0.0578125 0.0578125
0 0.03984375 0.9234375 0.05625 0.0578125
0 0.7921875 0.853125 0.0578125 0.0578125
0 0.10390625 0.83046875 0.0546875 0.05625
0 0.9 0.303125 0.0546875 0.05625
0 0.87578125 0.25078125 0.05625 0.05625
0 0.55546875 0.45234375 0.05625 0.0578125
0 0.34296875 0.10546875 0.0578125 0.05625
0 0.36796875 0.95390625 0.0578125 0.0578125
0 0.559375 0.1265625 0.0546875 0.0546875
0 0.2703125 0.2859375 0.0578125 0.059375
0 0.80703125 0.9859375 0.0578125 0.028125
0 0.88125 0.4859375 0.05625 0.05625
0 0.21328125 0.04375 0.05625 0.0578125
0 0.19140625 0.56171875 0.05625 0.05625
0 0.3125 0.14765625 0.0578125 0.05625
0 0.61328125 0.13046875 0.05625 0.05625
0 0.853125 0.203125 0.05625 0.05625
0 0.56796875 0.03671875 0.05625 0.0578125
0 0.28671875 0.66171875 0.05625 0.05625
0 0.0109375 0.82265625 0.021875 0.0578125
0 0.4328125 0.86640625 0.05625 0.0578125
0 0.7015625 0.32734375 0.05625 0.0578125
0 0.28359375 0.42734375 0.0578125 0.059375
0 0.2890625 0.09921875 0.05625 0.0578125
0 0.528125 0.1703125 0.05625 0.05625
0 0.54296875 0.31484375 0.05625 0.05625
0 0.00625 0.91796875 0.0125 0.0578125
0 0.25703125 0.70546875 0.05625 0.0578125
0 0.66796875 0.69921875 0.05625 0.05625
0 0.2765625 0.521875 0.0578125 0.0578125
0 0.978125 0.2578125 0.04375 0.05625
0 0.8359375 0.3875 0.05625 0.05625
0 0.06328125 0.16953125 0.05625 0.0578125
0 0.22890625 0.421875 0.05625 0.0578125
0 0.015625 0.4953125 0.03125 0.05625
0 0.6859375 0.515625 0.05625 0.0578125
0 0.53125 0.971875 0.05625 0.05625
0 0.08046875 0.54765625 0.0578125 0.0578125
0 0.984375 0.4 0.03125 0.05625
0 0.69609375 0.978125 0.0578125 0.04375
0 0.375 0.0609375 0.0578125 0.0578125
0 0.56875 0.59453125 0.05625 0.0578125
0 0.20234375 0.1359375 0.05625 0.0578125
0 0.31640625 0.38203125 0.0578125 0.05625
0 0.5328125 0.403125 0.05625 0.0546875
0 0.89921875 0.86328125 0.0578125 0.059375
0 0.02265625 0.6359375 0.0453125 0.05625
0 0.48984375 0.540625 0.0578125 0.0578125
0 0.08515625 0.21796875 0.05625 0.05625
0 0.7546875 0.10234375 0.05625 0.05625
0 0.5921875 0.6453125 0.05625 0.05625
0 0.5359375 0.078125 0.05625 0.0578125
0 0.9421875 0.39765625 0.0578125 0.0578125
0 0.34765625 0.3375 0.0578125 0.0578125
0 0.31015625 0.7125 0.05625 0.0578125
0 0.11484375 0.740625 0.0578125 0.0578125
0 0.175 0.415625 0.0578125 0.0578125
0 0.66796875 0.1375 0.05625 0.05625
0 0.56328125 0.92421875 0.0578125 0.0578125
0 0.7515625 0.66015625 0.0578125 0.0578125
0 0.965625 0.4453125 0.0578125 0.0578125
0 0.884375 0.15625 0.05625 0.0578125
0 0.05703125 0.2671875 0.05625 0.05625
0 0.62734375 0.27265625 0.05625 0.0578125
0 0.83125 0.71640625 0.0578125 0.0578125
0 0.246875 0.0171875 0.05625 0.034375
0 0.02265625 0.4 0.0359375 0.0546875
0 0.021875 0.8734375 0.04375 0.05625
0 0.6109375 0.4625 0.0578125 0.05625
0 0.67578125 0.94140625 0.05625 0.0578125
0 0.290625 0.89765625 0.0578125 0.05625
0 0.91171875 0.44296875 0.05625 0.05625
0 0.6265625 0.8375 0.05625 0.0578125
0 0.178125 0.8875 0.0578125 0.0578125
0 0.646875 0.65234375 0.05625 0.05625
0 0.12578125 0.88203125 0.05625 0.05625
0 0.0359375 0.68359375 0.0578125 0.0578125
0 0.453125 0.91875 0.05625 0.0578125
0 0.8640625 0.671875 0.05625 0.05625
0 0.79140625 0.28984375 0.05625 0.05625
0 0.1296875 0.08671875 0.0546875 0.05625
0 0.69375 0.42265625 0.05625 0.0546875
0 0.4640625 0.821875 0.05625 0.0578125
0 0.21015625 0.6078125 0.05625 0.0578125
0 0.59375 0.88046875 0.059375 0.0578125
0 0.18671875 0.3265625 0.05625 0.05625
0 0.5109375 0.35703125 0.05625 0.05625
0 0.865625 0.34375 0.05625 0.05625
0 0.69921875 0.0953125 0.0578125 0.05625
0 0.2328125 0.65625 0.05625 0.05625
0 0.759375 0.9 0.0578125 0.05625
0 0.98125 0.1671875 0.0375 0.05625
0 0.8671875 0.91171875 0.05625 0.05625
0 0.7765625 0.1484375 0.05625 0.05625
0 0.48125 0.63203125 0.05625 0.05625
0 0.40234375 0.34765625 0.0578125 0.05625
0 0.9609375 0.21484375 0.05625 0.05625
0 0.77109375 0.475 0.0578125 0.0578125
0 0.36796875 0.15390625 0.05625 0.05625
0 0.73046875 0.04921875 0.05625 0.0578125
0 0.63515625 0.18125 0.0578125 0.05625
0 0.13515625 0.55390625 0.0578125 0.0578125
0 0.8390625 0.62265625 0.05625 0.0578125
0 0.29921875 0.01875 0.0546875 0.0375
0 0.7453125 0.7546875 0.0578125 0.0578125
0 0.04765625 0.59140625 0.05625 0.0578125
0 0.940625 0.959375 0.046875 0.0578125
0 0.45078125 0.11875 0.05625 0.05625
0 0.42265625 0.16171875 0.05625 0.0546875
0 0.43125 0.29921875 0.0578125 0.059375
0 0.80859375 0.665625 0.0578125 0.05625
0 0.19140625 0.7984375 0.05625 0.05625
0 0.2671875 0.8484375 0.0578125 0.0578125
0 0.06953125 0.64140625 0.05625 0.05625
0 0.13828125 0.0109375 0.0546875 0.021875
0 0.39765625 0.909375 0.05625 0.0578125
0 0.91640625 0.67578125 0.05625 0.05625
0 0.7484375 0.42421875 0.0578125 0.0578125
0 0.05625 0.4953125 0.05625 0.0578125
0 0.25859375 0.14296875 0.0578125 0.0578125
0 0.72734375 0.9421875 0.0578125 0.0578125
0 0.37109375 0.390625 0.05625 0.05625
0 0.14296875 0.45859375 0.0578125 0.0578125
0 0.640625 0.41484375 0.0546875 0.05625
0 0.76484375 0.56875 0.05625 0.0578125
0 0.14921875 0.134375 0.05625 0.0546875
0 0.6515625 0.890625 0.05625 0.05625
0 0.11015625 0.2734375 0.0546875 0.05625
0 0.325 0.8578125 0.05625 0.05625
0 0.12109375 0.64453125 0.05625 0.05625
0 0.5390625 0.875 0.05625 0.05625
0 0.821875 0.809375 0.05625 0.0578125
0 0.23515625 0.8921875 0.0578125 0.0578125
0 0.33828125 0.4328125 0.05625 0.05625
0 0.9375 0.165625 0.05625 0.05625
0 0.3453125 0.9046875 0.05625 0.0546875
0 0.96640625 0.68046875 0.04375 0.0546875
0 0.78125 0.38359375 0.05625 0.0578125
0 0.06484375 0.40390625 0.05625 0.05625
0 0.58125 0.17109375 0.05625 0.05625
0 0.51796875 0.5921875 0.05625 0.05625
0 0.34375 0.66640625 0.05625 0.05625
0 0.3296875 0.528125 0.05625 0.05625
0 0.2015625 0.70390625 0.05625 0.05625
0 0.11875 0.4078125 0.0578125 0.05625
0 0.79765625 0.196875 0.05625 0.05625
0 0.478125 0.396875 0.05625 0.0578125
0 0.8921875 0.95859375 0.0546875 0.05625
0 0.07578125 0.31171875 0.05625 0.05625
0 0.3953125 0.67421875 0.0578125 0.05625
0 0.8078125 0.1046875 0.05625 0.05625
0 0.70390625 0.8953125 0.0578125 0.0578125
0 0.8140625 0.90390625 0.0578125 0.0578125
0 0.41484375 0.48671875 0.05625 0.05625
0 0.42421875 0.39375 0.05625 0.05625
0 0.28046875 0.19140625 0.05625 0.05625
0 0.47265625 0.7296875 0.05625 0.0578125
0 0.50625 0.125 0.05625 0.0546875
0 0.1765625 0.6515625 0.0578125 0.0546875
0 0.84765625 0.53046875 0.05625 0.05625
0 0.51953125 0.82890625 0.0578125 0.05625
0 0.4078125 0.58125 0.05625 0.05625
0 0.6984375 0.66015625 0.0546875 0.05625
0 0.71328125 0.2390625 0.05625 0.05625
0 0.72109375 0.1453125 0.0546875 0.0546875