0 0.16796875 0.52734375 0.05078125 0.0515625
0 0.76328125 0.97421875 0.0515625 0.0515625
0 0.36796875 0.01015625 0.05 0.0203125
0 0.26953125 0.35 0.0515625 0.05234375
0 0.7046875 0.70390625 0.05078125 0.05078125
0 0.190625 0.396875 0.0515625 0.05078125
0 0.0828125 0.39765625 0.0515625 0.0515625
0 0.76015625 0.79296875 0.05078125 0.0515625
0 0.8765625 0.11953125 0.05234375 0.053125
0 0.82734375 0.390625 0.05234375 0.0515625
0 0.215625 0.34921875 0.0515625 0.0515625
0 0.09453125 0.9359375 0.05390625 0.053125
0 0.175 0.97734375 0.0515625 0.0453125
0 0.9578125 0.16328125 0.05078125 0.05234375
0 0.36875 0.08125 0.05 0.0515625
0 0.11640625 0.621875 0.05078125 0.0515625
0 0.3234375 0.440625 0.0515625 0.05234375
0 0.97890625 0.11953125 0.0421875 0.0515625
0 0.22890625 0.9765625 0.053125 0.046875
0 0.34921875 0.39609375 0.0515625 0.0515625
0 0.01796875 0.8015625 0.0359375 0.0515625
0 0.33046875 0.70546875 0.0515625 0.05234375
0 0.65078125 0.7015625 0.05234375 0.05234375
0 0.98671875 0.74765625 0.0265625 0.0515625
0 0.38828125 0.7953125 0.053125 0.05390625
0 0.62578125 0.74765625 0.05234375 0.0515625
0 0.88828125 0.5703125 0.05078125 0.05078125
0 0.8359375 0.56875 0.05078125 0.0515625
0 0.171875 0.7109375 0.05078125 0.0515625
0 0.92421875 0.97421875 0.0515625 0.0515625
0 0.68125 0.7484375 0.0515625 0.05234375
0 0.74765625 0.34375 0.0515625 0.05234375
0 0.52109375 0.83671875 0.05078125 0.05
0 0.03671875 0.665625 0.0515625 0.0515625
0 0.28359375 0.9765625 0.05 0.046875
0 0.24453125 0.39765625 0.05078125 0.0515625
0 0.25234375 0.7546875 0.0515625 0.05234375
0 0.5203125 0.74765625 0.05078125 0.0515625
0 0.1359375 0.30546875 0.05234375 0.0515625
0 0.8703125 0.7890625 0.0515625 0.05234375
0 0.1296875 0.0375 0.0515625 0.05234375
0 0.465625 0.74921875 0.05078125 0.05
0 0.5296875 0.07578125 0.05 0.05
0 0.6671875 0.39375 0.0515625 0.0515625
0 0.571875 0.75 0.05078125 0.0515625
0 0.8046875 0.4359375 0.05234375 0.05234375
0 0.91328125 0.52265625 0.0515625 0.05234375
0 0.0875 0.4875 0.05078125 0.0515625
0 0.053125 0.17421875 0.05078125 0.0515625
0 0.21328125 0.171875 0.0515625 0.05234375
0 0.60078125 0.79296875 0.0515625 0.05234375
0 0.409375 0.66328125 0.0515625 0.05234375
0 0.53046875 0.16796875 0.05078125 0.0515625
0 0.56328125 0.39140625 0.05078125 0.0515625
0 0.865625 0.70546875 0.05078125 0.05078125
0 0.98515625 0.5671875 0.0296875 0.0515625
0 0.42890625 0.346875 0.05234375 0.05234375
0 0.015625 0.44609375 0.03125 0.0515625
0 0.2171875 0.4390625 0.05078125 0.05234375
0 0.84140625 0.7421875 0.0515625 0.05234375
0 0.09375 0.8453125 0.05078125 0.05078125
0 0.91796875 0.70234375 0.05078125 0.0515625
0 0.48671875 0.52734375 0.05078125 0.0515625
0 0.24609375 0.4828125 0.05078125 0.05078125
0 0.7515625 0.43671875 0.0515625 0.0515625
0 0.05703125 0.44375 0.05078125 0.05078125
0 0.32734375 0.52734375 0.05078125 0.05078125
0 0.4125 0.74921875 0.0515625 0.0515625
0 0.56875 0.5703125 0.05078125 0.05
0 0.01875 0.978125 0.0375 0.04375
0 0.9390625 0.48046875 0.05078125 0.0515625
0 0.12265625 0.97734375 0.0515625 0.0453125
0 0.38984375 0.97578125 0.0515625 0.0484375
0 0.75234375 0.52421875 0.0515625 0.0515625
0 0.33203125 0.79921875 0.0515625 0.0515625
0 0.98828125 0.83671875 0.0234375 0.0515625
0 0.11875 0.70859375 0.0515625 0.0515625
0 0.278125 0.7046875 0.0515625 0.05234375
0 0.76796875 0.12109375 0.05078125 0.053125
0 0.7953125 0.1640625 0.0515625 0.05234375
0 0.96640625 0.5234375 0.0515625 0.0515625
0 0.68046875 0.83984375 0.05078125 0.0515625
0 0.56484375 0.48046875 0.05078125 0.05234375
0 0.43671875 0.70546875 0.05078125 0.0515625
0 0.40859375 0.48203125 0.0515625 0.05234375
0 0.359375 0.7515625 0.0515625 0.05234375
0 0.453125 0.21328125 0.0515625 0.05234375
0 0.44921875 0.12265625 0.053125 0.05390625
0 0.375 0.35078125 0.0515625 0.0515625
0 0.646875 0.52578125 0.0515625 0.05078125
0 0.48984375 0.70859375 0.0515625 0.05
0 0.79609375 0.07734375 0.05078125 0.05078125
0 0.24765625 0.57109375 0.05234375 0.05234375
0 0.05234375 0.2625 0.0515625 0.0515625
0 0.29296875 0.12421875 0.05078125 0.05234375
0 0.16796875 0.61953125 0.05078125 0.05234375
0 0.40234375 0.39453125 0.05078125 0.0515625
0 0.25390625 0.8421875 0.05078125 0.05078125
0 0.03984375 0.93671875 0.0515625 0.05234375
0 0.7125 0.97421875 0.05078125 0.05078125
0 0.16328125 0.35 0.05078125 0.05234375
0 0.44296875 0.9765625 0.05 0.046875
0 0.5828125 0.16640625 0.0515625 0.0515625
0 0.87734375 0.21171875 0.0515625 0.0515625
0 0.54375 0.7015625 0.05234375 0.05234375
0 0.946875 0.74765625 0.0515625 0.0515625
0 0.94921875 0.83828125 0.0515625 0.05234375
0 0.4921875 0.79609375 0.05 0.0515625
0 0.609375 0.21484375 0.05 0.04921875
0 0.86015625 0.5234375 0.0515625 0.05234375
0 0.2796875 0.8 0.05078125 0.0515625
0 0.09140625 0.75703125 0.0515625 0.05234375
0 0.7171875 0.2109375 0.0515625 0.0515625
0 0.44140625 0.79453125 0.05078125 0.05234375
0 0.1734375 0.7984375 0.05078125 0.0515625
0 0.60703125 0.034375 0.0515625 0.05234375
0 0.50703125 0.39375 0.0515625 0.0515625
0 0.21328125 0.07578125 0.0515625 0.0515625
0 0.7421875 0.0734375 0.05234375 0.0515625
0 0.1859375 0.1234375 0.05078125 0.05234375
0 0.353125 0.4828125 0.05234375 0.05234375
0 0.56875 0.66015625 0.05234375 0.0515625
0 0.334375 0.88828125 0.05078125 0.05
0 0.88125 0.3890625 0.0515625 0.0515625
0 0.71171875 0.0328125 0.0515625 0.05234375
0 0.70546875 0.79375 0.0515625 0.0515625
0 0.965625 0.43359375 0.05 0.0515625
0 0.109375 0.34765625 0.05078125 0.0515625
0 0.63671875 0.16875 0.05078125 0.05078125
0 0.84921875 0.165625 0.05234375 0.05390625
0 0.1484375 0.9359375 0.05 0.05078125
0 0.87109375 0.8828125 0.05234375 0.0515625
0 0.01953125 0.7125 0.0390625 0.053125
0 0.196875 0.66328125 0.0515625 0.0515625
0 0.0171875 0.62421875 0.034375 0.0515625
0 0.90078125 0.07421875 0.0515625 0.05078125
0 0.19140625 0.4828125 0.0515625 0.0515625
0 0.94296875 0.65859375 0.05078125 0.05078125
0 0.2140625 0.26328125 0.05234375 0.0515625
0 0.25 0.66484375 0.05234375 0.05234375
0 0.6421875 0.440625 0.05078125 0.05234375
0 0.821875 0.121875 0.053125 0.05234375
0 0.5484375 0.88046875 0.0515625 0.05078125
0 0.92109375 0.79375 0.0515625 0.05234375
0 0.9828125 0.4765625 0.034375 0.0515625
0 0.50625 0.30546875 0.0515625 0.05078125
0 0.29453125 0.30390625 0.05234375 0.05078125
0 0.78125 0.66015625 0.0515625 0.05234375
0 0.33515625 0.97734375 0.0515625 0.0453125
0 0.2734375 0.5265625 0.05234375 0.0515625
0 0.41171875 0.84453125 0.0515625 0.0515625
0 0.7890625 0.8390625 0.05234375 0.05234375
0 0.30703125 0.8421875 0.0515625 0.05078125
0 0.634375 0.0796875 0.0515625 0.05234375
0 0.08984375 0.66875 0.05078125 0.05078125
0 0.01640625 0.53359375 0.0328125 0.05
0 0.5515625 0.0375 0.04921875 0.05
0 0.15703125 0.08359375 0.053125 0.05234375
0 0.19765625 0.753125 0.05234375 0.05234375
0 0.7828125 0.5671875 0.05234375 0.0515625
0 0.3171875 0.08359375 0.05 0.05
0 0.32890625 0.61640625 0.0515625 0.0515625
0 0.90234375 0.16484375 0.053125 0.05234375
0 0.3078125 0.934375 0.05078125 0.0515625
0 0.68984375 0.16328125 0.05078125 0.053125
0 0.75625 0.70859375 0.05078125 0.05078125
0 0.88671875 0.47578125 0.05234375 0.05390625
0 0.63984375 0.3453125 0.0515625 0.05234375
0 0.1875 0.30546875 0.05078125 0.05078125
0 0.2390625 0.12421875 0.05234375 0.053125
0 0.6265625 0.83828125 0.053125 0.05234375
0 0.39453125 0.0359375 0.05 0.05
0 0.11328125 0.5296875 0.05078125 0.05078125
0 0.48359375 0.34609375 0.0515625 0.053125
0 0.50625 0.11484375 0.0515625 0.0515625
0 0.5578125 0.21328125 0.05078125 0.05234375
0 0.4796875 0.16640625 0.05234375 0.053125
0 0.6765625 0.65859375 0.05078125 0.0515625
0 0.50625 0.209375 0.05078125 0.05078125
0 0.728125 0.65859375 0.05078125 0.05078125
0 0.92421875 0.8828125 0.0515625 0.05078125
0 0.47734375 0.08046875 0.05 0.05
0 0.1390625 0.4859375 0.05078125 0.0515625
0 0.4421875 0.88828125 0.0515625 0.0515625
0 0.05703125 0.3484375 0.05078125 0.0515625
0 0.359375 0.84609375 0.05078125 0.05078125
0 0.3046875 0.753125 0.0515625 0.05234375
0 0.07890625 0.03671875 0.05 0.05078125
0 0.17265625 0.88984375 0.05078125 0.05
0 0.8 0.34375 0.05078125 0.0515625
0 0.60234375 0.88515625 0.05078125 0.05
0 0.659375 0.034375 0.0515625 0.05234375
0 0.73203125 0.7515625 0.04921875 0.05078125
0 0.953125 0.925 0.0515625 0.0515625
0 0.32265625 0.34921875 0.05078125 0.053125
0 0.3875 0.88671875 0.05078125 0.0515625
0 0.29609375 0.3984375 0.05078125 0.05234375
0 0.03359375 0.490625 0.05078125 0.0515625
0 0.37265625 0.26171875 0.05234375 0.05078125
0 0.59375 0.5265625 0.0515625 0.05078125
0 0.07734375 0.13125 0.0515625 0.05078125
0 0.54609375 0.796875 0.0515625 0.05078125
0 0.43203125 0.43515625 0.053125 0.05234375
0 0.959375 0.253125 0.05078125 0.05
0 0.98046875 0.390625 0.0390625 0.05
0 0.0140625 0.35703125 0.028125 0.0515625
0 0.8 0.253125 0.05 0.0515625
0 0.675 0.57109375 0.0515625 0.05078125
0 0.29296875 0.21640625 0.05078125 0.0515625
0 0.98671875 0.65625 0.0265625 0.0515625
0 0.96015625 0.34375 0.05078125 0.0515625
0 0.275 0.6171875 0.05234375 0.05234375
0 0.8078125 0.52265625 0.05234375 0.0515625
0 0.11015625 0.4421875 0.053125 0.05234375
0 0.590625 0.434375 0.05234375 0.053125
0 0.5171875 0.6578125 0.0515625 0.0515625
0 0.77109375 0.3921875 0.0515625 0.0515625
0 0.5984375 0.703125 0.0515625 0.053125
0 0.45234375 0.303125 0.053125 0.0515625
0 0.5859375 0.25546875 0.05078125 0.0515625
0 0.71953125 0.39609375 0.0515625 0.05234375
0 0.6109375 0.3015625 0.053125 0.0515625
0 0.0390625 0.84921875 0.05234375 0.05078125
0 0.3984375 0.215625 0.05234375 0.053125
0 0.0203125 0.89453125 0.040625 0.0515625
0 0.2203125 0.52890625 0.05078125 0.05234375
0 0.06015625 0.534375 0.05078125 0.04921875
0 0.3171875 0.171875 0.05234375 0.0515625
0 0.92265625 0.03046875 0.0515625 0.05234375
0 0.3578125 0.65859375 0.05078125 0.05078125
0 0.13828125 0.3984375 0.05234375 0.05234375
0 0.85859375 0.43203125 0.05234375 0.0515625
0 0.63984375 0.25546875 0.04921875 0.05
0 0.5515625 0.9734375 0.0515625 0.053125
0 0.29375 0.0375 0.05 0.05078125
0 0.30390625 0.66171875 0.0515625 0.0515625
0 0.51328125 0.5703125 0.0515625 0.05
0 0.65546875 0.88359375 0.05078125 0.0515625
0 0.4 0.303125 0.0515625 0.0515625
0 0.51171875 0.48359375 0.0515625 0.05078125
0 0.28046875 0.8875 0.0515625 0.0515625
0 0.6203125 0.57109375 0.05078125 0.0515625
0 0.20078125 0.93359375 0.0515625 0.05234375
0 0.80859375 0.6125 0.0515625 0.0515625
0 0.821875 0.21015625 0.05234375 0.053125
0 0.465625 0.83984375 0.0515625 0.0515625
0 0.4625 0.66015625 0.0515625 0.0515625
0 0.01328125 0.08515625 0.0265625 0.0515625
0 0.1609375 0.2640625 0.05078125 0.0515625
0 0.7171875 0.125 0.05 0.05078125
0 0.34609375 0.30390625 0.05078125 0.05078125
0 0.23984375 0.215625 0.0515625 0.05234375
0 0.74609375 0.25390625 0.0515625 0.05078125
0 0.60703125 0.9703125 0.05234375 0.0515625
0 0.2265625 0.79609375 0.05234375 0.05234375
0 0.1328125 0.21796875 0.05078125 0.05
0 0.03515625 0.76015625 0.05234375 0.0515625
0 0.20078125 0.846875 0.0515625 0.05078125
0 0.6734375 0.48125 0.05234375 0.05234375
0 0.88203125 0.29140625 0.05234375 0.05234375
0 0.78515625 0.75078125 0.0515625 0.04921875
0 0.240625 0.30546875 0.0515625 0.0515625
0 0.621875 0.659375 0.0515625 0.05078125
0 0.6484375 0.6140625 0.0515625 0.0515625
0 0.72734375 0.571875 0.05078125 0.05
0 0.49609375 0.975 0.0515625 0.05
0 0.4328125 0.52890625 0.0515625 0.05078125
0 0.97890625 0.209375 0.0421875 0.0515625
0 0.68984375 0.25625 0.05078125 0.05078125
0 0.3953125 0.12734375 0.0515625 0.0515625
0 0.4875 0.61484375 0.0515625 0.05234375
0 0.0125 0.26796875 0.025 0.0515625
0 0.65390625 0.79296875 0.05078125 0.053125
0 0.7 0.5234375 0.05078125 0.0515625
0 0.9125 0.4296875 0.05234375 0.05234375
0 0.1078125 0.17578125 0.0515625 0.0515625
0 0.3765625 0.4390625 0.05234375 0.05234375
0 0.028125 0.4015625 0.05078125 0.05078125
0 0.559375 0.30234375 0.05 0.05
0 0.77890625 0.47734375 0.05234375 0.0515625
0 0.890625 0.659375 0.05078125 0.05078125
0 0.58515625 0.346875 0.0515625 0.0515625
0 0.034375 0.57578125 0.0515625 0.05234375
0 0.940625 0.5703125 0.0515625 0.0515625
0 0.86328125 0.61328125 0.05078125 0.05234375
0 0.41328125 0.93203125 0.05234375 0.0515625
0 0.25546875 0.93203125 0.05234375 0.0515625
0 0.29765625 0.48515625 0.05 0.05078125
0 0.240625 0.02734375 0.05234375 0.05
0 0.146875 0.8453125 0.05078125 0.0515625
0 0.79296875 0.9265625 0.0515625 0.0515625
0 0.0296875 0.30625 0.05 0.05
0 0.22109375 0.6203125 0.0515625 0.05234375
0 0.3453125 0.21484375 0.0515625 0.053125
0 0.84140625 0.840625 0.0515625 0.0515625
0 0.13125 0.13125 0.05234375 0.05078125
0 0.3703125 0.1734375 0.0515625 0.05
0 0.6609375 0.21171875 0.05078125 0.05078125
0 0.26875 0.4453125 0.05078125 0.05078125
0 0.425 0.07421875 0.05234375 0.05234375
0 0.7109375 0.88125 0.05234375 0.0515625
0 0.97734375 0.96875 0.0453125 0.053125
0 0.81796875 0.97421875 0.0515625 0.0515625
0 0.95859375 0.065625 0.05234375 0.0515625
0 0.89453125 0.7484375 0.0515625 0.05078125
0 0.1203125 0.803125 0.0515625 0.0515625
0 0.26484375 0.2640625 0.05 0.05
0 0.75625 0.61171875 0.05234375 0.0515625
0 0.9078125 0.25390625 0.05078125 0.05
0 0.575 0.840625 0.05 0.05078125
0 0.66015625 0.975 0.0515625 0.05
0 0.5421875 0.61328125 0.05078125 0.0515625
0 0.66328125 0.30625 0.0515625 0.0515625
0 0.84453125 0.928125 0.05078125 0.05078125
0 0.72265625 0.29296875 0.05078125 0.05078125
0 0.6109375 0.12578125 0.04921875 0.05078125
0 0.76875 0.2109375 0.0515625 0.05078125
0 0.140625 0.5734375 0.05078125 0.0515625
0 0.915625 0.61484375 0.05078125 0.05078125
0 0.16484375 0.44609375 0.05078125 0.04921875
0 0.16015625 0.17421875 0.0515625 0.0515625
0 0.5796875 0.92421875 0.0515625 0.0515625
0 0.7625 0.8875 0.05078125 0.0484375
0 0.06640625 0.97890625 0.0515625 0.0421875
0 0.8734375 0.97265625 0.05078125 0.05234375
0 0.36015625 0.93359375 0.05078125 0.05234375
0 0.53515625 0.3484375 0.05078125 0.05078125
0 0.89765625 0.92734375 0.0515625 0.0515625
0 0.22421875 0.71015625 0.0515625 0.0515625
0 0.8390625 0.65625 0.0515625 0.05078125
0 0.4234375 0.16953125 0.053125 0.05234375
0 0.9296875 0.209375 0.05078125 0.0515625
0 0.8515625 0.2546875 0.05 0.05078125
0 0.46953125 0.93125 0.0515625 0.053125
0 0.96953125 0.6125 0.05078125 0.05078125
0 0.35625 0.57265625 0.05078125 0.05078125
0 0.225 0.88984375 0.0515625 0.05078125
0 0.4578125 0.48125 0.05078125 0.0515625
0 0.45625 0.39453125 0.0515625 0.05234375
0 0.68515625 0.92890625 0.05078125 0.05
0 0.046875 0.01015625 0.05 0.0203125
0 0.14453125 0.753125 0.05234375 0.053125
0 0.69375 0.34765625 0.05078125 0.0515625
0 0.31875 0.265625 0.05078125 0.0515625
0 0.34375 0.125 0.0515625 0.0515625
0 0.8328125 0.4796875 0.0515625 0.0515625
0 0.10390625 0.0859375 0.05078125 0.05234375
0 0.975 0.8828125 0.05 0.0515625
0 0.45703125 0.01875 0.0484375 0.0375
0 0.496875 0.8796875 0.05 0.0515625
0 0.81640625 0.78828125 0.05234375 0.05234375
0 0.53203125 0.2609375 0.0515625 0.0515625
0 0.52421875 0.93046875 0.0515625 0.0515625
0 0.01328125 0.1765625 0.0265625 0.0515625
0 0.68671875 0.08125 0.05234375 0.05234375
0 0.06484375 0.80078125 0.05078125 0.05234375
0 0.48203125 0.2578125 0.05078125 0.0515625
0 0.06640625 0.890625 0.05234375 0.05234375
0 0.10078125 0.01015625 0.0484375 0.0203125
0 0.42734375 0.26171875 0.0515625 0.05234375
0 0.48359375 0.44375 0.0515625 0.05
0 0.76875 0.02421875 0.0515625 0.0484375
0 0.2671875 0.078125 0.0515625 0.05078125
0 0.2640625 0.171875 0.05078125 0.05234375
0 0.971875 0.7 0.0515625 0.0515625
0 0.19375 0.57578125 0.0515625 0.0515625
0 0.97421875 0.79296875 0.0515625 0.0515625
0 0.0265625 0.2203125 0.0515625 0.05
0 0.61640625 0.39375 0.0515625 0.0515625
0 0.084375 0.30078125 0.05078125 0.05
0 0.18515625 0.2171875 0.05078125 0.0515625
0 0.0890625 0.57578125 0.05078125 0.05078125
0 0.89375 0.83828125 0.0515625 0.05234375
0 0.3421875 0.0375 0.05078125 0.05078125
0 0.853125 0.34609375 0.05078125 0.05234375
0 0.1859375 0.0328125 0.05234375 0.0515625
0 0.85 0.06953125 0.0515625 0.05234375
0 0.0265625 0.12890625 0.05 0.05078125
0 0.38125 0.61796875 0.05078125 0.05078125
0 0.63359375 0.9296875 0.0515625 0.05
0 0.81171875 0.70234375 0.0515625 0.0515625
0 0.5953125 0.615625 0.0515625 0.0515625
0 0.3015625 0.571875 0.0515625 0.0515625
0 0.9390625 0.28984375 0.05078125 0.05078125
0 0.70078125 0.6171875 0.05078125 0.05078125
0 0.40625 0.57578125 0.05078125 0.0484375
0 0.82578125 0.2984375 0.053125 0.05234375
0 0.93125 0.115625 0.0515625 0.05234375
0 0.14375 0.665625 0.05078125 0.05078125
0 0.7375 0.92734375 0.05078125 0.0515625
0 0.0796875 0.21953125 0.0515625 0.05078125
0 0.5375 0.434375 0.05 0.05234375
0 0.0640625 0.71015625 0.05078125 0.05234375
0 0.43515625 0.615625 0.05078125 0.0515625
0 0.725 0.4859375 0.0515625 0.0484375
0 0.053125 0.08828125 0.0515625 0.04921875
0 0.53984375 0.5296875 0.0515625 0.05078125
0 0.02421875 0.0375 0.0484375 0.05
0 0.51015625 0.01875 0.05 0.0375
0 0.37890625 0.53125 0.05078125 0.05078125
0 0.8140625 0.8859375 0.05078125 0.0515625
0 0.0625 0.62421875 0.05078125 0.0515625
0 0.9328125 0.3890625 0.05078125 0.05078125
0 0.90703125 0.340625 0.05234375 0.05234375
0 0.5578125 0.12109375 0.0515625 0.05078125
0 0.1203125 0.89375 0.0515625 0.0515625
0 0.734375 0.83828125 0.05078125 0.0515625
0 0.69609375 0.4359375 0.05234375 0.05234375
0 0.81796875 0.03046875 0.04921875 0.05
0 0.740625 0.17109375 0.05078125 0.05
0 0.98046875 0.29921875 0.0390625 0.05
0 0.61796875 0.48359375 0.0515625 0.0515625
0 0.38203125 0.7078125 0.05 0.05
0 0.4609375 0.57421875 0.0515625 0.05
0 0.58046875 0.08203125 0.0515625 0.05
0 0.77421875 0.296875 0.05 0.0515625
0 0.97890625 0.025 0.0421875 0.046875
0 0.86796875 0.03359375 0.05 0.05
0 0.10859375 0.25859375 0.05 0.05078125
0 0.2625 0.0109375 0.05 0.021875
0 0.66328125 0.11484375 0.053125 0.05