0 0.14765625 0.334375 0.0515625 0.05234375
0 0.28828125 0.74765625 0.05234375 0.05234375
0 0.2078125 0.79296875 0.053125 0.05234375
0 0.0703125 0.56484375 0.05234375 0.05234375
0 0.528125 0.5125 0.053125 0.053125
0 0.8265625 0.6484375 0.05234375 0.053125
0 0.73828125 0.23515625 0.05078125 0.0515625
0 0.42109375 0.61015625 0.0515625 0.0515625
0 0.01953125 0.2 0.0390625 0.05
0 0.15234375 0.6109375 0.0515625 0.05234375
0 0.446875 0.5625 0.053125 0.053125
0 0.778125 0.83671875 0.0515625 0.053125
0 0.02265625 0.75234375 0.0453125 0.0515625
0 0.3109375 0.33203125 0.0515625 0.05234375
0 0.7234375 0.8359375 0.05390625 0.05390625
0 0.8234375 0.46640625 0.053125 0.05390625
0 0.66640625 0.64921875 0.053125 0.053125
0 0.44296875 0.1953125 0.0515625 0.05234375
0 0.23046875 0.56328125 0.0515625 0.05234375
0 0.0640625 0.0203125 0.0515625 0.040625
0 0.33515625 0.19609375 0.0515625 0.0515625
0 0.803125 0.7875 0.05390625 0.053125
0 0.69140625 0.5140625 0.05234375 0.05234375
0 0.425 0.79609375 0.05234375 0.05390625
0 0.28515625 0.471875 0.0515625 0.05234375
0 0.53203125 0.79375 0.0515625 0.053125
0 0.36875 0.79609375 0.053125 0.053125
0 0.6859375 0.2390625 0.0515625 0.05078125
0 0.09453125 0.428125 0.05234375 0.0515625
0 0.5796875 0.3328125 0.05234375 0.05234375
0 0.23046875 0.47421875 0.05234375 0.053125
0 0.14609375 0.15 0.0515625 0.05234375
0 0.4265625 0.97578125 0.053125 0.0484375
0 0.096875 0.521875 0.053125 0.05234375
0 0.94140625 0.92890625 0.05390625 0.053125
0 0.30625 0.15078125 0.0515625 0.053125
0 0.7796875 0.928125 0.0515625 0.05234375
0 0.22734375 0.01953125 0.0515625 0.0390625
0 0.42578125 0.8875 0.05234375 0.05234375
0 0.38828125 0.19609375 0.0515625 0.05234375
0 0.45078125 0.74609375 0.053125 0.05234375
0 0.36796875 0.60859375 0.05234375 0.0515625
0 0.50390625 0.7453125 0.05234375 0.053125
0 0.11796875 0.01953125 0.0515625 0.0390625
0 0.9765625 0.09609375 0.046875 0.0515625
0 0.44609375 0.46875 0.053125 0.05234375
0 0.50078125 0.56171875 0.05234375 0.053125
0 0.2265625 0.19765625 0.0515625 0.053125
0 0.4671875 0.05625 0.0515625 0.05234375
0 0.3875 0.2875 0.0515625 0.05234375
0 0.41953125 0.51953125 0.0515625 0.05234375
0 0.97578125 0.01640625 0.0484375 0.0328125
0 0.234375 0.74765625 0.05234375 0.0515625
0 0.36484375 0.51875 0.05234375 0.0515625
0 0.815625 0.0171875 0.0515625 0.034375
0 0.41484375 0.24375 0.05234375 0.053125
0 0.54765625 0.01875 0.0515625 0.0375
0 0.3875 0.01796875 0.0515625 0.0359375
0 0.06875 0.2875 0.0515625 0.05234375
0 0.89765625 0.05078125 0.05234375 0.05234375
0 0.96328125 0.59921875 0.05390625 0.05390625
0 0.465625 0.15078125 0.05234375 0.053125
0 0.77421875 0.65 0.05234375 0.053125
0 0.3140625 0.6109375 0.05234375 0.05234375
0 0.071875 0.7515625 0.0515625 0.053125
0 0.58828125 0.884375 0.053125 0.05234375
0 0.81796875 0.28125 0.0515625 0.0515625
0 0.81796875 0.09921875 0.0515625 0.0515625
0 0.58515625 0.6046875 0.05234375 0.05234375
0 0.49453125 0.01875 0.0515625 0.0375
0 0.9765625 0.19140625 0.046875 0.0515625
0 0.30703125 0.059375 0.05234375 0.0515625
0 0.365625 0.703125 0.0515625 0.05234375
0 0.9546875 0.23359375 0.0515625 0.053125
0 0.5359375 0.8859375 0.053125 0.05234375
0 0.0203125 0.5671875 0.040625 0.0515625
0 0.15390625 0.978125 0.053125 0.04375
0 0.92734375 0.28125 0.053125 0.053125
0 0.47421875 0.6078125 0.0515625 0.05234375
0 0.89921875 0.23359375 0.053125 0.053125
0 0.66171875 0.37578125 0.0515625 0.0515625
0 0.64296875 0.88359375 0.05234375 0.053125
0 0.07265625 0.9390625 0.05234375 0.05234375
0 0.2078125 0.978125 0.053125 0.04375
0 0.31015625 0.4265625 0.05234375 0.05234375
0 0.88046875 0.559375 0.05234375 0.0515625
0 0.696875 0.8828125 0.05234375 0.053125
0 0.76484375 0.28515625 0.05078125 0.05078125
0 0.30859375 0.24296875 0.0515625 0.05234375
0 0.93359375 0.55546875 0.0515625 0.05234375
0 0.290625 0.84140625 0.05234375 0.053125
0 0.6578125 0.19140625 0.05078125 0.05234375
0 0.85546875 0.60234375 0.0515625 0.053125
0 0.3421875 0.74921875 0.0515625 0.05234375
0 0.234375 0.93828125 0.05234375 0.05234375
0 0.4171875 0.33359375 0.05234375 0.0515625
0 0.85859375 0.7859375 0.0515625 0.05390625
0 0.01875 0.47421875 0.0375 0.053125
0 0.15234375 0.79765625 0.05234375 0.053125
0 0.76171875 0.01796875 0.0515625 0.0359375
0 0.52265625 0.23984375 0.05234375 0.053125
0 0.88359375 0.8390625 0.05234375 0.05234375
0 0.096875 0.70390625 0.05234375 0.05234375
0 0.978125 0.28125 0.04375 0.053125
0 0.146875 0.428125 0.05078125 0.05234375
0 0.33203125 0.0203125 0.0515625 0.040625
0 0.88359375 0.74140625 0.05234375 0.05234375
0 0.6046875 0.28984375 0.0515625 0.0515625
0 0.171875 0.20078125 0.05234375 0.05234375
0 0.17734375 0.56796875 0.0515625 0.0515625
0 0.84609375 0.32734375 0.05234375 0.05234375
0 0.34453125 0.8421875 0.0515625 0.05234375
0 0.6078125 0.465625 0.05234375 0.05234375
0 0.60390625 0.1921875 0.05234375 0.05234375
0 0.709375 0.1015625 0.0515625 0.05078125
0 0.50234375 0.6546875 0.053125 0.05234375
0 0.26015625 0.61171875 0.05234375 0.0515625
0 0.9375 0.64921875 0.053125 0.053125
0 0.73671875 0.05546875 0.0515625 0.05234375
0 0.55 0.19375 0.05234375 0.05234375
0 0.253125 0.15234375 0.05234375 0.05234375
0 0.965625 0.7859375 0.05234375 0.053125
0 0.92578125 0.09453125 0.05234375 0.05234375
0 0.97890625 0.37109375 0.0421875 0.053125
0 0.12734375 0.8421875 0.053125 0.05234375
0 0.41328125 0.05625 0.053125 0.05234375
0 0.33828125 0.471875 0.0515625 0.05234375
0 0.0921875 0.334375 0.05234375 0.05234375
0 0.2625 0.79375 0.0515625 0.05234375
0 0.66796875 0.83671875 0.05390625 0.0546875
0 0.53125 0.6046875 0.05390625 0.053125
0 0.278125 0.0203125 0.05 0.040625
0 0.58046875 0.24140625 0.05234375 0.053125
0 0.584375 0.7 0.0515625 0.053125
0 0.74609375 0.603125 0.0515625 0.0515625
0 0.77109375 0.55703125 0.05234375 0.053125
0 0.39140625 0.4734375 0.0515625 0.05234375
0 0.14765625 0.24609375 0.05078125 0.0515625
0 0.9671875 0.88125 0.05390625 0.053125
0 0.334375 0.28671875 0.05234375 0.05234375
0 0.0203125 0.2921875 0.040625 0.0515625
0 0.50625 0.840625 0.05234375 0.05234375
0 0.58515625 0.79296875 0.05234375 0.053125
0 0.03828125 0.4296875 0.0515625 0.0515625
0 0.2578125 0.42734375 0.0515625 0.05234375
0 0.15078125 0.70390625 0.05234375 0.053125
0 0.80078125 0.60390625 0.05390625 0.053125
0 0.77734375 0.7421875 0.053125 0.05390625
0 0.2296875 0.29140625 0.0515625 0.05078125
0 0.90703125 0.603125 0.0515625 0.053125
0 0.2578125 0.52109375 0.0515625 0.05234375
0 0.50078125 0.4703125 0.05078125 0.053125
0 0.0390625 0.2453125 0.0515625 0.053125
0 0.68671875 0.328125 0.053125 0.05234375
0 0.46953125 0.24296875 0.0515625 0.053125
0 0.7890625 0.053125 0.05078125 0.05234375
0 0.796875 0.51171875 0.0515625 0.05234375
0 0.17578125 0.47265625 0.0515625 0.05234375
0 0.3640625 0.42578125 0.0515625 0.05234375
0 0.63984375 0.79296875 0.0515625 0.05234375
0 0.4421875 0.2875 0.05234375 0.05234375
0 0.57421875 0.0578125 0.05234375 0.0515625
0 0.85703125 0.884375 0.0515625 0.05234375
0 0.2265625 0.1078125 0.05078125 0.0515625
0 0.42109375 0.70078125 0.05078125 0.05234375
0 0.496875 0.28984375 0.0515625 0.05234375
0 0.26328125 0.88828125 0.053125 0.05390625
0 0.665625 0.74453125 0.05234375 0.05234375
0 0.26328125 0.9796875 0.0515625 0.040625
0 0.72109375 0.64921875 0.0515625 0.053125
0 0.0671875 0.2015625 0.05078125 0.0515625
0 0.7703125 0.4671875 0.0515625 0.05234375
0 0.371875 0.97734375 0.053125 0.0453125
0 0.49765625 0.19453125 0.05078125 0.05234375
0 0.25625 0.33515625 0.05234375 0.0515625
0 0.17578125 0.28828125 0.053125 0.05234375
0 0.4703125 0.33125 0.0515625 0.05078125
0 0.82578125 0.55703125 0.053125 0.05390625
0 0.82265625 0.37578125 0.0515625 0.05078125
0 0.7078125 0.01796875 0.053125 0.0359375
0 0.53046875 0.69921875 0.053125 0.05390625
0 0.01875 0.0203125 0.0375 0.040625
0 0.0375 0.153125 0.05078125 0.0515625
0 0.3953125 0.75078125 0.05234375 0.053125
0 0.653125 0.01875 0.0515625 0.0375
0 0.74375 0.5109375 0.0515625 0.05234375
0 0.6 0.01796875 0.0515625 0.0359375
0 0.10078125 0.9796875 0.0515625 0.040625
0 0.021875 0.84296875 0.04375 0.053125
0 0.25390625 0.24609375 0.0515625 0.0515625
0 0.609375 0.5625 0.05234375 0.05234375
0 0.31171875 0.5203125 0.0515625 0.05234375
0 0.36328125 0.3328125 0.0515625 0.05234375
0 0.45 0.84296875 0.053125 0.05234375
0 0.17265625 0.10859375 0.0515625 0.05078125
0 0.8515625 0.509375 0.05234375 0.053125
0 0.921875 0.0171875 0.053125 0.034375
0 0.69375 0.7953125 0.05234375 0.05234375
0 0.1515625 0.51875 0.0515625 0.05390625
0 0.09765625 0.61171875 0.05390625 0.05234375
0 0.08984375 0.06015625 0.053125 0.053125
0 0.20625 0.70390625 0.0515625 0.05234375
0 0.02109375 0.6609375 0.0421875 0.0515625
0 0.9609375 0.5078125 0.05078125 0.0515625
0 0.28671875 0.565625 0.053125 0.05234375
0 0.8046875 0.88359375 0.05234375 0.05234375
0 0.44609375 0.3765625 0.0515625 0.05234375
0 0.58671875 0.97734375 0.0515625 0.0453125
0 0.90078125 0.32734375 0.05234375 0.0515625
0 0.95546875 0.32578125 0.053125 0.053125
0 0.2046875 0.51953125 0.0515625 0.0515625
0 0.0703125 0.66015625 0.0515625 0.0515625
0 0.37109375 0.8859375 0.05390625 0.053125
0 0.87890625 0.4640625 0.05234375 0.05234375
0 0.80703125 0.97421875 0.053125 0.0515625
0 0.98515625 0.928125 0.0296875 0.0546875
0 0.7703125 0.371875 0.053125 0.05234375
0 0.53515625 0.9765625 0.0515625 0.046875
0 0.23125 0.65625 0.0515625 0.05234375
0 0.6640625 0.56171875 0.05234375 0.05234375
0 0.6828125 0.053125 0.053125 0.053125
0 0.72578125 0.928125 0.053125 0.053125
0 0.55078125 0.28671875 0.053125 0.0546875
0 0.18046875 0.93828125 0.0515625 0.05234375
0 0.740625 0.3296875 0.05078125 0.0515625
0 0.92734375 0.18671875 0.05234375 0.05234375
0 0.58203125 0.51484375 0.0515625 0.05234375
0 0.6546875 0.103125 0.0515625 0.05078125
0 0.26015625 0.703125 0.0515625 0.05234375
0 0.60234375 0.1015625 0.0515625 0.05234375
0 0.98828125 0.05234375 0.0234375 0.0515625
0 0.07109375 0.8453125 0.05234375 0.0515625
0 0.34375 0.93203125 0.053125 0.053125
0 0.76328125 0.1921875 0.0515625 0.05234375
0 0.2296875 0.38046875 0.05234375 0.05234375
0 0.9296875 0.3734375 0.05234375 0.05234375
0 0.31328125 0.703125 0.0515625 0.05234375
0 0.61171875 0.7484375 0.0515625 0.05234375
0 0.315625 0.978125 0.053125 0.04375
0 0.478125 0.79453125 0.05234375 0.053125
0 0.54921875 0.10234375 0.0515625 0.0515625
0 0.93671875 0.73828125 0.0515625 0.05390625
0 0.4734375 0.51484375 0.05234375 0.053125
0 0.12578125 0.753125 0.05078125 0.0515625
0 0.7203125 0.74375 0.053125 0.053125
0 0.65703125 0.28828125 0.0515625 0.0515625
0 0.61328125 0.84296875 0.05234375 0.053125
0 0.096875 0.80234375 0.0515625 0.0515625
0 0.74296875 0.41796875 0.0515625 0.0515625
0 0.18125 0.84453125 0.05234375 0.053125
0 0.75 0.88203125 0.0515625 0.05234375
0 0.55234375 0.37890625 0.0515625 0.05
0 0.6109375 0.6515625 0.05234375 0.053125
0 0.48125 0.97578125 0.0515625 0.0484375
0 0.17890625 0.753125 0.05078125 0.05078125
0 0.39140625 0.378125 0.0515625 0.05078125
0 0.66328125 0.46328125 0.0546875 0.05390625
0 0.12578125 0.9375 0.05078125 0.0515625
0 0.88515625 0.92890625 0.05390625 0.05234375
0 0.08984375 0.153125 0.0515625 0.0515625
0 0.39453125 0.565625 0.05078125 0.0515625
0 0.2515625 0.06015625 0.053125 0.05234375
0 0.71015625 0.190625 0.05234375 0.05234375
0 0.0671875 0.471875 0.053125 0.05390625
0 0.3609375 0.2421875 0.0515625 0.05234375
0 0.57734375 0.1484375 0.05234375 0.053125
0 0.81640625 0.19140625 0.0515625 0.053125
0 0.7140625 0.3734375 0.0515625 0.05234375
0 0.1015625 0.8890625 0.05234375 0.05234375
0 0.01796875 0.10859375 0.0359375 0.0515625
0 0.69140625 0.6078125 0.05234375 0.05234375
0 0.85703125 0.69609375 0.05234375 0.05234375
0 0.38671875 0.10546875 0.0515625 0.0515625
0 0.640625 0.97734375 0.0515625 0.0453125
0 0.17265625 0.0203125 0.053125 0.040625
0 0.2875 0.93671875 0.05234375 0.053125
0 0.86796875 0.01796875 0.0515625 0.0359375
0 0.98359375 0.740625 0.0328125 0.053125
0 0.60703125 0.37578125 0.05234375 0.05078125
0 0.23671875 0.83984375 0.05234375 0.05390625
0 0.90625 0.51015625 0.05234375 0.05234375
0 0.440625 0.01796875 0.0515625 0.0359375
0 0.63203125 0.240625 0.05078125 0.05234375
0 0.7171875 0.56015625 0.0515625 0.0515625
0 0.44765625 0.65625 0.05234375 0.053125
0 0.396875 0.84140625 0.05078125 0.053125
0 0.41328125 0.153125 0.05078125 0.0515625
0 0.85390625 0.41640625 0.05234375 0.05234375
0 0.521875 0.14921875 0.0515625 0.0515625
0 0.4703125 0.42421875 0.05234375 0.05078125
0 0.55859375 0.74609375 0.05234375 0.05234375
0 0.6953125 0.975 0.0515625 0.05
0 0.75 0.78828125 0.053125 0.053125
0 0.315625 0.7953125 0.0515625 0.053125
0 0.5078125 0.93125 0.053125 0.05234375
0 0.88046875 0.65078125 0.053125 0.053125
0 0.496875 0.37890625 0.0515625 0.0515625
0 0.340625 0.56953125 0.05234375 0.0515625
0 0.7640625 0.09921875 0.05234375 0.05234375
0 0.7171875 0.4671875 0.0515625 0.05234375
0 0.86171875 0.97421875 0.0515625 0.0515625
0 0.5234375 0.33515625 0.05234375 0.05234375
0 0.84453125 0.23984375 0.05234375 0.0515625
0 0.28125 0.19921875 0.0515625 0.0515625
0 0.1453125 0.06328125 0.0515625 0.0515625
0 0.19921875 0.153125 0.0515625 0.0515625
0 0.41796875 0.42421875 0.0515625 0.053125
0 0.52734375 0.41953125 0.053125 0.053125
0 0.8421875 0.05625 0.05234375 0.05234375
0 0.80234375 0.69375 0.05234375 0.05390625
0 0.1234375 0.56640625 0.0515625 0.05234375
0 0.15390625 0.89140625 0.0515625 0.0515625
0 0.11953125 0.19765625 0.05 0.0515625
0 0.746875 0.6984375 0.053125 0.053125
0 0.6265625 0.05703125 0.0515625 0.05078125
0 0.51953125 0.05546875 0.0515625 0.05234375
0 0.68203125 0.14609375 0.05078125 0.05078125
0 0.965625 0.69296875 0.053125 0.05390625
0 0.20625 0.88984375 0.05390625 0.0546875
0 0.87421875 0.28359375 0.05078125 0.05234375
0 0.55703125 0.65390625 0.05234375 0.05234375
0 0.6328125 0.33203125 0.05 0.0515625
0 0.12265625 0.471875 0.05234375 0.053125
0 0.5546875 0.559375 0.05234375 0.05390625
0 0.06484375 0.11171875 0.05078125 0.05234375
0 0.6703125 0.93046875 0.0515625 0.05234375
0 0.9 0.14375 0.0515625 0.05078125
0 0.98125 0.64921875 0.0375 0.053125
0 0.04375 0.6125 0.05234375 0.053125
0 0.8765625 0.37109375 0.05234375 0.053125
0 0.17578125 0.3828125 0.05078125 0.05234375
0 0.7125 0.28125 0.05234375 0.053125
0 0.0375 0.0625 0.05078125 0.0515625
0 0.33359375 0.10703125 0.05078125 0.05234375
0 0.5625 0.934375 0.0515625 0.05234375
0 0.021875 0.93515625 0.04375 0.053125
0 0.75078125 0.975 0.053125 0.05
0 0.47421875 0.70234375 0.05234375 0.05234375
0 0.9140625 0.97421875 0.0515625 0.0515625
0 0.49453125 0.103125 0.05234375 0.0515625
0 0.615625 0.93359375 0.0515625 0.0515625
0 0.83203125 0.83359375 0.05234375 0.05390625
0 0.06796875 0.38125 0.05078125 0.05
0 0.83046875 0.73984375 0.053125 0.053125
0 0.2859375 0.6578125 0.053125 0.053125
0 0.20390625 0.6109375 0.0515625 0.05234375
0 0.91171875 0.8828125 0.05234375 0.05390625
0 0.28203125 0.290625 0.05078125 0.0515625
0 0.121875 0.28984375 0.05 0.0515625
0 0.871875 0.09921875 0.0515625 0.0515625
0 0.7921875 0.328125 0.05 0.05234375
0 0.6296875 0.146875 0.0515625 0.05078125
0 0.9125 0.7859375 0.05234375 0.05234375
0 0.959375 0.4203125 0.05234375 0.05078125
0 0.11796875 0.10625 0.0515625 0.0515625
0 0.796875 0.41953125 0.05078125 0.0515625
0 0.1984375 0.0640625 0.0515625 0.0515625
0 0.93515625 0.46015625 0.0515625 0.05234375
0 0.178125 0.65703125 0.0515625 0.0515625
0 0.09375 0.246875 0.05078125 0.05
0 0.57890625 0.42109375 0.05 0.05078125
0 0.6359375 0.51484375 0.053125 0.05234375
0 0.73671875 0.14453125 0.05234375 0.0515625
0 0.9046875 0.41875 0.05078125 0.05078125
0 0.20234375 0.33671875 0.05234375 0.05234375
0 0.359375 0.05859375 0.0515625 0.053125
0 0.28359375 0.38203125 0.05078125 0.0515625
0 0.2796875 0.10390625 0.05234375 0.05234375
0 0.0375 0.3421875 0.0515625 0.05
0 0.0453125 0.89140625 0.05234375 0.05234375
0 0.91015625 0.69453125 0.05234375 0.053125
0 0.04453125 0.79921875 0.0515625 0.0515625
0 0.6328125 0.41875 0.0515625 0.0515625
0 0.98046875 0.55234375 0.0390625 0.0515625
0 0.45390625 0.93046875 0.0515625 0.0515625
0 0.98125 0.46484375 0.0375 0.05
0 0.5546875 0.465625 0.0515625 0.0515625
0 0.1234375 0.65703125 0.05234375 0.0515625
0 0.83203125 0.93125 0.0515625 0.0515625
0 0.440625 0.1046875 0.05234375 0.05234375
0 0.39453125 0.65703125 0.0515625 0.05078125
0 0.9390625 0.83828125 0.05234375 0.0515625
0 0.4796875 0.88984375 0.05234375 0.05234375
0 0.6375 0.60625 0.0515625 0.0515625
0 0.790625 0.2390625 0.04921875 0.04921875
0 0.04140625 0.5234375 0.0515625 0.05234375
0 0.79140625 0.14296875 0.053125 0.05234375
0 0.4 0.93203125 0.05234375 0.05234375
0 0.846875 0.14375 0.0515625 0.0515625
0 0.68984375 0.42109375 0.0515625 0.05078125
0 0.3609375 0.15078125 0.0515625 0.0515625
0 0.69296875 0.6984375 0.05234375 0.053125
0 0.3375 0.3828125 0.05234375 0.0515625
0 0.04453125 0.7046875 0.05078125 0.0515625
0 0.01953125 0.38515625 0.0390625 0.0484375
0 0.9828125 0.8359375 0.034375 0.0515625
0 0.96875 0.97421875 0.053125 0.0515625
0 0.31640625 0.88984375 0.0515625 0.0515625
0 0.95078125 0.05234375 0.05 0.05234375
0 0.6375 0.7015625 0.05078125 0.0515625
0 0.2 0.24765625 0.0515625 0.05234375
0 0.12109375 0.38203125 0.05078125 0.0515625
0 0.87265625 0.18984375 0.05 0.0515625
0 0.340625 0.65859375 0.0515625 0.05078125
0 0.2015625 0.42890625 0.05234375 0.0515625
0 0.9515625 0.1453125 0.0515625 0.0515625
0 0.55859375 0.8421875 0.05234375 0.05234375
0 0.04453125 0.98125 0.0515625 0.0375