0 0.2921875 0.01328125 0.0515625 0.0265625
0 0.09453125 0.83359375 0.05234375 0.0515625
0 0.3109375 0.6390625 0.053125 0.05390625
0 0.19375 0.54921875 0.05234375 0.053125
0 0.26640625 0.13828125 0.0515625 0.0515625
0 0.07734375 0.09140625 0.05234375 0.05234375
0 0.13125 0.01171875 0.0515625 0.0234375
0 0.21171875 0.04609375 0.0515625 0.0515625
0 0.23203125 0.87265625 0.053125 0.05390625
0 0.48984375 0.315625 0.05234375 0.05234375
0 0.27265625 0.41015625 0.05 0.0515625
0 0.73203125 0.07734375 0.053125 0.05234375
0 0.37109375 0.0453125 0.0515625 0.0515625
0 0.04140625 0.9234375 0.05234375 0.053125
0 0.4515625 0.01171875 0.053125 0.0234375
0 0.14765625 0.82890625 0.0515625 0.05234375
0 0.0125 0.23125 0.025 0.053125
0 0.3 0.275 0.0515625 0.05234375
0 0.18515625 0.09140625 0.05234375 0.053125
0 0.271875 0.3203125 0.0515625 0.053125
0 0.1421875 0.55234375 0.0515625 0.0515625
0 0.1765625 0.87734375 0.05234375 0.05234375
0 0.3453125 0.08828125 0.0515625 0.05234375
0 0.1703125 0.59609375 0.05234375 0.05234375
0 0.1890625 0.27578125 0.05234375 0.053125
0 0.06796875 0.87734375 0.05234375 0.05234375
0 0.3515625 0.2734375 0.05234375 0.053125
0 0.1125 0.50703125 0.05234375 0.05390625
0 0.53359375 0.040625 0.053125 0.05234375
0 0.1109375 0.41484375 0.05078125 0.05078125
0 0.078125 0.01484375 0.0515625 0.0296875
0 0.0546875 0.32734375 0.0515625 0.0515625
0 0.153125 0.92109375 0.05234375 0.053125
0 0.134375 0.2796875 0.05234375 0.0515625
0 0.38984375 0.59140625 0.05234375 0.05234375
0 0.34375 0.0140625 0.05 0.028125
0 0.49453125 0.4046875 0.053125 0.053125
0 0.22734375 0.68984375 0.05234375 0.053125
0 0.14609375 0.64453125 0.0515625 0.053125
0 0.034375 0.55078125 0.053125 0.05390625
0 0.42578125 0.04453125 0.0515625 0.05234375
0 0.26484375 0.91640625 0.053125 0.053125
0 0.03828125 0.64453125 0.053125 0.05390625
0 0.19140625 0.3671875 0.05234375 0.05234375
0 0.19765625 0.6453125 0.05234375 0.053125
0 0.58828125 0.03984375 0.0515625 0.053125
0 0.39609375 0.0125 0.0515625 0.025
0 0.26953125 0.228125 0.053125 0.053125
0 0.253125 0.63984375 0.0546875 0.0546875
0 0.5078125 0.01015625 0.053125 0.0203125
0 0.290625 0.86875 0.053125 0.0515625
0 0.2375 0.0140625 0.0515625 0.028125
0 0.08203125 0.3703125 0.05 0.0515625
0 0.4078125 0.36171875 0.053125 0.05390625
0 0.01328125 0.32421875 0.0265625 0.053125
0 0.2921875 0.090625 0.05234375 0.05234375
0 0.46015625 0.271875 0.05234375 0.053125
0 0.69609375 0.0390625 0.0515625 0.0515625
0 0.2390625 0.090625 0.0515625 0.05234375
0 0.01015625 0.04921875 0.0203125 0.053125
0 0.30546875 0.5484375 0.0515625 0.05234375
0 0.09375 0.64375 0.053125 0.053125
0 0.3796875 0.31953125 0.05234375 0.053125
0 0.15859375 0.04609375 0.05234375 0.05390625
0 0.5078125 0.0890625 0.05234375 0.053125
0 0.4296875 0.13671875 0.0515625 0.05234375
0 0.028125 0.278125 0.05234375 0.053125
0 0.54140625 0.3171875 0.05234375 0.05234375
0 0.025 0.0140625 0.05 0.028125
0 0.265625 0.04453125 0.0515625 0.05234375
0 0.1828125 0.96640625 0.0546875 0.053125
0 0.21328125 0.22890625 0.053125 0.053125
0 0.25 0.55078125 0.05234375 0.0515625
0 0.21796875 0.31953125 0.053125 0.05390625
0 0.10390625 0.046875 0.0515625 0.053125
0 0.13125 0.0921875 0.053125 0.053125
0 0.6125 0.01015625 0.0515625 0.0203125
0 0.4359375 0.3171875 0.05390625 0.05390625
0 0.22421875 0.59375 0.0515625 0.05234375
0 0.41328125 0.546875 0.05234375 0.05234375
0 0.10625 0.23125 0.0515625 0.053125
0 0.10859375 0.32734375 0.0515625 0.0515625
0 0.6140625 0.08828125 0.0515625 0.05234375
0 0.378125 0.2265625 0.05234375 0.05234375
0 0.11640625 0.6 0.05234375 0.05234375
0 0.040625 0.83203125 0.05234375 0.053125
0 0.05859375 0.50625 0.05234375 0.05234375
0 0.5359375 0.13359375 0.05234375 0.0515625
0 0.31953125 0.1359375 0.0515625 0.05234375
0 0.23125 0.78203125 0.0546875 0.0546875
0 0.43046875 0.225 0.05234375 0.05234375
0 0.6203125 0.1765625 0.05078125 0.05
0 0.08046875 0.27890625 0.0515625 0.0515625
0 0.05625 0.41640625 0.05234375 0.0515625
0 0.66640625 0.0109375 0.053125 0.021875
0 0.11953125 0.78515625 0.05234375 0.05234375
0 0.03828125 0.73984375 0.05234375 0.053125
0 0.67109375 0.084375 0.0546875 0.05390625
0 0.053125 0.23203125 0.05234375 0.05234375
0 0.01171875 0.1421875 0.0234375 0.0515625
0 0.171875 0.690625 0.053125 0.05390625
0 0.2609375 0.825 0.053125 0.05390625
0 0.2125 0.13828125 0.05234375 0.053125
0 0.19296875 0.45859375 0.0515625 0.0515625
0 0.09140625 0.73984375 0.0515625 0.05234375
0 0.0625 0.59921875 0.053125 0.053125
0 0.11796875 0.69140625 0.05234375 0.05234375
0 0.27734375 0.50390625 0.053125 0.053125
0 0.025 0.0921875 0.05 0.053125
0 0.17421875 0.78203125 0.053125 0.053125
0 0.184375 0.01328125 0.05 0.0265625
0 0.09765625 0.921875 0.053125 0.05234375
0 0.1578125 0.140625 0.0515625 0.05234375
0 0.35078125 0.365625 0.05234375 0.05234375
0 0.05078125 0.04609375 0.0515625 0.05234375
0 0.453125 0.08984375 0.05234375 0.0515625
0 0.4671875 0.453125 0.05390625 0.05234375
0 0.03125 0.37421875 0.05078125 0.0515625
0 0.0875 0.553125 0.05234375 0.05234375
0 0.378125 0.40859375 0.053125 0.05234375
0 0.06484375 0.7859375 0.05234375 0.053125
0 0.31796875 0.046875 0.0515625 0.05234375
0 0.7 0.12890625 0.053125 0.05234375
0 0.40625 0.27109375 0.05234375 0.05234375
0 0.325 0.3203125 0.053125 0.05234375
0 0.2828125 0.6890625 0.053125 0.05390625
0 0.05 0.13828125 0.05234375 0.053125
0 0.346875 0.18203125 0.0515625 0.05078125
0 0.5640625 0.17421875 0.0515625 0.0515625
0 0.121875 0.87578125 0.0515625 0.053125
0 0.33515625 0.68671875 0.05390625 0.0515625
0 0.434375 0.4109375 0.053125 0.05234375
0 0.1046875 0.140625 0.05234375 0.05234375
0 0.37578125 0.13359375 0.053125 0.053125
0 0.4609375 0.3625 0.053125 0.053125
0 0.0203125 0.8796875 0.040625 0.053125
0 0.56875 0.2671875 0.053125 0.053125
0 0.31171875 0.734375 0.05234375 0.0515625
0 0.159375 0.228125 0.05234375 0.0515625
0 0.078125 0.18515625 0.05234375 0.05234375
0 0.22265625 0.503125 0.053125 0.053125
0 0.13515625 0.36875 0.05390625 0.0515625
0 0.246875 0.45703125 0.0515625 0.0515625
0 0.1671875 0.4109375 0.053125 0.0515625
0 0.39921875 0.08984375 0.0515625 0.05234375
0 0.38359375 0.5015625 0.053125 0.053125
0 0.0328125 0.459375 0.0515625 0.05234375
0 0.51484375 0.2671875 0.0546875 0.053125
0 0.16171875 0.32109375 0.05234375 0.053125
0 0.3546875 0.45703125 0.05078125 0.04921875
0 0.07265625 0.971875 0.05234375 0.0515625
0 0.45546875 0.18046875 0.0515625 0.0515625
0 0.5078125 0.18125 0.0515625 0.05078125
0 0.0640625 0.6921875 0.053125 0.05234375
0 0.02578125 0.18828125 0.0515625 0.0515625
0 0.01484375 0.50625 0.0296875 0.0515625
0 0.2453125 0.36484375 0.0515625 0.05234375
0 0.0171875 0.5984375 0.034375 0.053125
0 0.3578125 0.55 0.05234375 0.05234375
0 0.25625 0.73359375 0.0546875 0.05390625
0 0.54296875 0.21953125 0.053125 0.053125
0 0.01796875 0.6921875 0.0359375 0.053125
0 0.40078125 0.18046875 0.05234375 0.0515625
0 0.5890625 0.13671875 0.0515625 0.04921875
0 0.3015625 0.4578125 0.0515625 0.0515625
0 0.546875 0.4078125 0.05 0.04921875
0 0.296875 0.3671875 0.0515625 0.05234375
0 0.5625 0.08828125 0.05234375 0.0515625
0 0.125 0.96875 0.0515625 0.0515625
0 0.36328125 0.6375 0.05234375 0.05234375
0 0.01796875 0.7875 0.0359375 0.0515625
0 0.42109375 0.634375 0.05 0.05
0 0.2078125 0.921875 0.05234375 0.053125
0 0.4796875 0.04453125 0.05234375 0.053125
0 0.48515625 0.2265625 0.05234375 0.05234375
0 0.56875 0.35703125 0.05078125 0.05
0 0.23984375 0.18359375 0.053125 0.05234375
0 0.21953125 0.4140625 0.05234375 0.05234375
0 0.19921875 0.7359375 0.053125 0.053125
0 0.37265625 0.721875 0.05390625 0.053125
0 0.325 0.41015625 0.0515625 0.0515625
0 0.1296875 0.1890625 0.05078125 0.05078125
0 0.14609375 0.73828125 0.0515625 0.05234375
0 0.52265625 0.4484375 0.05078125 0.05
0 0.021875 0.9734375 0.04375 0.053125
0 0.32890625 0.5 0.05078125 0.05078125
0 0.4828125 0.1328125 0.053125 0.05234375
0 0.64296875 0.13046875 0.053125 0.05234375
0 0.33203125 0.59609375 0.053125 0.05078125
0 0.40625 0.45625 0.053125 0.05234375
0 0.1390625 0.4578125 0.0515625 0.05234375
0 0.5609375 0.0109375 0.0515625 0.021875
0 0.29453125 0.18515625 0.05078125 0.0515625
0 0.6515625 0.21796875 0.0515625 0.0515625
0 0.59609375 0.21953125 0.0515625 0.0515625
0 0.6390625 0.0421875 0.0515625 0.05234375
0 0.625 0.265625 0.053125 0.05390625
0 0.440625 0.49453125 0.05390625 0.05390625
0 0.46953125 0.5484375 0.053125 0.05390625
0 0.5171875 0.3625 0.0515625 0.05234375
0 0.24453125 0.2765625 0.053125 0.05234375
0 0.6734375 0.1734375 0.0515625 0.05078125
0 0.184375 0.18515625 0.0515625 0.0515625
0 0.0140625 0.41875 0.028125 0.05
0 0.0859375 0.46015625 0.05234375 0.053125
0 0.165625 0.50546875 0.05078125 0.05234375
0 0.5 0.4953125 0.0515625 0.053125
0 0.3234375 0.228125 0.05078125 0.0515625
0 0.59765625 0.31328125 0.0515625 0.053125
0 0.44296875 0.590625 0.05 0.05
0 0.3953125 0.675 0.053125 0.0515625
0 0.2390625 0.965625 0.0546875 0.053125
0 0.28515625 0.78046875 0.0515625 0.05234375
0 0.20234375 0.82890625 0.05234375 0.0515625
0 0.31953125 0.8203125 0.053125 0.0515625
0 0.278125 0.58671875 0.05234375 0.05234375
0 0.34375 0.77578125 0.0515625 0.0515625
0 0.75546875 0.028125 0.05078125 0.05