0 0.896875 0.76953125 0.05234375 0.05390625
0 0.0921875 0.9109375 0.053125 0.053125
0 0.975 0.5328125 0.05 0.053125
0 0.1453125 0.91015625 0.05234375 0.053125
0 0.5359375 0.5328125 0.053125 0.053125
0 0.50625 0.77109375 0.05390625 0.053125
0 0.3453125 0.29609375 0.05234375 0.05390625
0 0.425 0.06015625 0.05234375 0.053125
0 0.61796875 0.484375 0.053125 0.0546875
0 0.53984375 0.0609375 0.05234375 0.053125
0 0.56328125 0.48515625 0.05390625 0.0546875
0 0.6484375 0.915625 0.05390625 0.0546875
0 0.42421875 0.721875 0.053125 0.05390625
0 0.265625 0.06015625 0.053125 0.053125
0 0.428125 0.53125 0.0546875 0.05546875
0 0.83984375 0.67578125 0.0546875 0.05546875
0 0.97421875 0.06015625 0.0515625 0.053125
0 0.36953125 0.91640625 0.0546875 0.05390625
0 0.17890625 0.29375 0.05390625 0.0546875
0 0.2078125 0.15546875 0.053125 0.05390625
0 0.02109375 0.48203125 0.0421875 0.053125
0 0.86328125 0.0609375 0.05234375 0.05234375
0 0.48125 0.24921875 0.053125 0.05390625
0 0.1 0.24921875 0.05078125 0.05234375
0 0.61953125 0.7703125 0.05234375 0.053125
0 0.28671875 0.86640625 0.05390625 0.0546875
0 0.72890625 0.48671875 0.05234375 0.053125
0 0.7578125 0.915625 0.0546875 0.05546875
0 0.06796875 0.7671875 0.053125 0.05390625
0 0.621875 0.2953125 0.053125 0.05390625
0 0.09375 0.72265625 0.053125 0.05390625
0 0.1765625 0.76875 0.05390625 0.05390625
0 0.97578125 0.72109375 0.0484375 0.053125
0 0.8390625 0.20390625 0.05390625 0.05390625
0 0.53671875 0.91484375 0.053125 0.05390625
0 0.371875 0.06015625 0.053125 0.053125
0 0.5640625 0.86484375 0.05390625 0.05390625
0 0.25859375 0.91484375 0.05390625 0.0546875
0 0.29140625 0.20390625 0.05390625 0.05390625
0 0.98828125 0.29609375 0.0234375 0.0546875
0 0.92734375 0.91796875 0.05234375 0.053125
0 0.81640625 0.915625 0.05390625 0.0546875
0 0.09609375 0.5296875 0.05390625 0.053125
0 0.15078125 0.53046875 0.053125 0.053125
0 0.06640625 0.5765625 0.053125 0.053125
0 0.23203125 0.76875 0.05390625 0.05390625
0 0.1484375 0.6265625 0.05234375 0.053125
0 0.2625 0.53046875 0.05234375 0.05390625
0 0.5375 0.72265625 0.053125 0.0546875
0 0.34140625 0.67578125 0.053125 0.0546875
0 0.12578125 0.01953125 0.053125 0.0390625
0 0.3453125 0.7703125 0.05234375 0.053125
0 0.81328125 0.7234375 0.0546875 0.05546875
0 0.2328125 0.2953125 0.053125 0.05390625
0 0.5640625 0.1984375 0.05390625 0.05390625
0 0.9234375 0.43984375 0.053125 0.053125
0 0.89453125 0.390625 0.053125 0.0546875
0 0.81171875 0.25078125 0.05234375 0.05390625
0 0.7828125 0.484375 0.05390625 0.0546875
0 0.48046875 0.91796875 0.0546875 0.0546875
0 0.62109375 0.9640625 0.053125 0.0546875
0 0.6453125 0.43828125 0.05390625 0.05390625
0 0.8125 0.53203125 0.05390625 0.05390625
0 0.48125 0.628125 0.05390625 0.05390625
0 0.1796875 0.4859375 0.05234375 0.05390625
0 0.12578125 0.19921875 0.05234375 0.05234375
0 0.20859375 0.2484375 0.05390625 0.05390625
0 0.89453125 0.48515625 0.053125 0.0546875
0 0.81171875 0.0609375 0.05234375 0.0515625
0 0.565625 0.9609375 0.0546875 0.0546875
0 0.78515625 0.77109375 0.0546875 0.0546875
0 0.4265625 0.25078125 0.05234375 0.05390625
0 0.56171875 0.675 0.0546875 0.0546875
0 0.37109375 0.53359375 0.0546875 0.0546875
0 0.89765625 0.67421875 0.05390625 0.0546875
0 0.01875 0.671875 0.0375 0.0546875
0 0.10234375 0.05859375 0.05234375 0.053125
0 0.8921875 0.0203125 0.053125 0.040625
0 0.15390625 0.05859375 0.0515625 0.05234375
0 0.78203125 0.02109375 0.0515625 0.0421875
0 0.371875 0.24609375 0.053125 0.05390625
0 0.64609375 0.15703125 0.05234375 0.053125
0 0.64609375 0.25078125 0.05390625 0.05390625
0 0.37421875 0.4390625 0.05078125 0.05234375
0 0.89296875 0.29765625 0.05234375 0.053125
0 0.425 0.4359375 0.053125 0.053125
0 0.065625 0.9578125 0.05390625 0.05546875
0 0.61953125 0.675 0.053125 0.0546875
0 0.09609375 0.43671875 0.053125 0.053125
0 0.53828125 0.43828125 0.05234375 0.053125
0 0.34140625 0.96484375 0.053125 0.05390625
0 0.34375 0.01875 0.053125 0.0375
0 0.8125 0.43828125 0.053125 0.053125
0 0.75546875 0.72265625 0.0546875 0.05546875
0 0.07109375 0.290625 0.0515625 0.05390625
0 0.73125 0.6765625 0.053125 0.05390625
0 0.04453125 0.24609375 0.053125 0.053125
0 0.7296875 0.96484375 0.05390625 0.05390625
0 0.534375 0.24765625 0.05390625 0.0546875
0 0.0171875 0.959375 0.034375 0.0546875
0 0.2625 0.24921875 0.05234375 0.0546875
0 0.61953125 0.0203125 0.0515625 0.040625
0 0.509375 0.2953125 0.05234375 0.053125
0 0.4 0.484375 0.053125 0.05390625
0 0.3453125 0.390625 0.05234375 0.05390625
0 0.50546875 0.865625 0.0546875 0.0546875
0 0.36953125 0.725 0.05234375 0.053125
0 0.340625 0.86640625 0.053125 0.05546875
0 0.01953125 0.3875 0.0390625 0.0546875
0 0.72890625 0.2046875 0.05390625 0.0546875
0 0.9875 0.20546875 0.025 0.0515625
0 0.45546875 0.48359375 0.053125 0.0546875
0 0.840625 0.8671875 0.0546875 0.0546875
0 0.45390625 0.9609375 0.05390625 0.05546875
0 0.45390625 0.6765625 0.05234375 0.053125
0 0.83828125 0.3921875 0.053125 0.05390625
0 0.12421875 0.38984375 0.05390625 0.0546875
0 0.64609375 0.63046875 0.053125 0.05390625
0 0.9203125 0.15859375 0.053125 0.053125
0 0.2875 0.484375 0.0546875 0.05390625
0 0.48203125 0.43671875 0.05390625 0.053125
0 0.02265625 0.01875 0.0453125 0.0375
0 0.81171875 0.15625 0.053125 0.0546875
0 0.09453125 0.6265625 0.053125 0.0546875
0 0.5078125 0.9609375 0.05390625 0.05546875
0 0.7015625 0.53515625 0.05390625 0.053125
0 0.45390625 0.2015625 0.0515625 0.05234375
0 0.45625 0.296875 0.053125 0.053125
0 0.925 0.62734375 0.0515625 0.05234375
0 0.06484375 0.86328125 0.05234375 0.05390625
0 0.15078125 0.43671875 0.0546875 0.0546875
0 0.75625 0.43984375 0.053125 0.05234375
0 0.07265625 0.20078125 0.05234375 0.05234375
0 0.021875 0.1984375 0.04375 0.053125
0 0.5640625 0.0203125 0.053125 0.040625
0 0.42578125 0.91484375 0.05390625 0.0546875
0 0.034375 0.91015625 0.05390625 0.0546875
0 0.5078125 0.6765625 0.053125 0.05390625
0 0.590625 0.53359375 0.05390625 0.0546875
0 0.18125 0.19921875 0.0515625 0.053125
0 0.64609375 0.5328125 0.05390625 0.05390625
0 0.69921875 0.1546875 0.053125 0.05390625
0 0.42578125 0.62890625 0.053125 0.05390625
0 0.8421875 0.771875 0.0546875 0.0546875
0 0.20390625 0.62578125 0.053125 0.053125
0 0.4546875 0.86640625 0.05234375 0.0546875
0 0.7015625 0.62890625 0.05390625 0.05390625
0 0.1515625 0.24765625 0.053125 0.0546875
0 0.2890625 0.6796875 0.05234375 0.053125
0 0.26328125 0.153125 0.05390625 0.0546875
0 0.01953125 0.7671875 0.0390625 0.0546875
0 0.31484375 0.53203125 0.05234375 0.05390625
0 0.01875 0.86171875 0.0375 0.053125
0 0.2078125 0.059375 0.053125 0.05234375
0 0.9234375 0.72421875 0.05234375 0.053125
0 0.75546875 0.15546875 0.05390625 0.05390625
0 0.75625 0.253125 0.05234375 0.053125
0 0.18203125 0.0203125 0.053125 0.040625
0 0.91875 0.24921875 0.0546875 0.05390625
0 0.06640625 0.671875 0.053125 0.0546875
0 0.75703125 0.62890625 0.05390625 0.05390625
0 0.56484375 0.29375 0.05390625 0.05390625
0 0.0984375 0.15390625 0.05234375 0.053125
0 0.45546875 0.02109375 0.053125 0.0421875
0 0.40078125 0.0203125 0.053125 0.040625
0 0.23046875 0.9625 0.05234375 0.05390625
0 0.675 0.67734375 0.0546875 0.05546875
0 0.28984375 0.02109375 0.0515625 0.0421875
0 0.72890625 0.771875 0.0546875 0.0546875
0 0.290625 0.3890625 0.053125 0.053125
0 0.5078125 0.2 0.05390625 0.053125
0 0.61875 0.2046875 0.05234375 0.053125
0 0.646875 0.725 0.05390625 0.05390625
0 0.75546875 0.53203125 0.0546875 0.0546875
0 0.61953125 0.86640625 0.05390625 0.0546875
0 0.42734375 0.1546875 0.053125 0.053125
0 0.896875 0.86640625 0.05390625 0.0546875
0 0.36953125 0.62734375 0.0546875 0.0546875
0 0.8359375 0.02109375 0.053125 0.0421875
0 0.5078125 0.48671875 0.05234375 0.0546875
0 0.97734375 0.9140625 0.0453125 0.0546875
0 0.73046875 0.86640625 0.0515625 0.05390625
0 0.26484375 0.440625 0.05234375 0.053125
0 0.97578125 0.62734375 0.0484375 0.053125
0 0.53671875 0.62890625 0.05234375 0.05390625
0 0.56328125 0.38984375 0.05234375 0.053125
0 0.675 0.86796875 0.053125 0.053125
0 0.8140625 0.6296875 0.053125 0.0546875
0 0.89453125 0.2078125 0.05234375 0.053125
0 0.78359375 0.3921875 0.053125 0.053125
0 0.97421875 0.1546875 0.0515625 0.053125
0 0.071875 0.01953125 0.0515625 0.0390625
0 0.4265625 0.34296875 0.05234375 0.05234375
0 0.20625 0.53125 0.053125 0.053125
0 0.14765625 0.81796875 0.053125 0.053125
0 0.39921875 0.2015625 0.05234375 0.053125
0 0.78359375 0.865625 0.05546875 0.0546875
0 0.28515625 0.9609375 0.0546875 0.05390625
0 0.34296875 0.57890625 0.053125 0.05234375
0 0.48125 0.534375 0.05234375 0.053125
0 0.75625 0.0609375 0.05234375 0.05234375
0 0.7015625 0.8203125 0.053125 0.05390625
0 0.7015625 0.06484375 0.0515625 0.0515625
0 0.42421875 0.81875 0.053125 0.05390625
0 0.97578125 0.8203125 0.0484375 0.0546875
0 0.72734375 0.0203125 0.0515625 0.040625
0 0.48125 0.153125 0.053125 0.05234375
0 0.14921875 0.71875 0.053125 0.0546875
0 0.3734375 0.15546875 0.0515625 0.05234375
0 0.7015625 0.72265625 0.05234375 0.05390625
0 0.70390625 0.91328125 0.0515625 0.05390625
0 0.9234375 0.82109375 0.05234375 0.0546875
0 0.346875 0.203125 0.05234375 0.053125
0 0.51015625 0.021875 0.053125 0.04375
0 0.02265625 0.10390625 0.0453125 0.053125
0 0.484375 0.06171875 0.05390625 0.053125
0 0.4 0.76953125 0.05234375 0.053125
0 0.07109375 0.484375 0.0515625 0.053125
0 0.675 0.96328125 0.05234375 0.05390625
0 0.703125 0.2515625 0.05234375 0.053125
0 0.675 0.296875 0.05234375 0.053125
0 0.6171875 0.38984375 0.053125 0.05390625
0 0.8640625 0.25234375 0.05234375 0.05390625
0 0.45234375 0.76875 0.05234375 0.05234375
0 0.04453125 0.1515625 0.05234375 0.053125
0 0.61875 0.10703125 0.053125 0.053125
0 0.290625 0.2953125 0.05390625 0.053125
0 0.12421875 0.484375 0.05390625 0.05390625
0 0.5640625 0.76953125 0.0546875 0.05390625
0 0.121875 0.67421875 0.05234375 0.053125
0 0.97578125 0.43828125 0.0484375 0.053125
0 0.78515625 0.2046875 0.053125 0.0546875
0 0.23125 0.86484375 0.05390625 0.05390625
0 0.5375 0.3421875 0.05234375 0.0515625
0 0.2609375 0.62421875 0.05234375 0.05390625
0 0.34609375 0.48515625 0.053125 0.05390625
0 0.92109375 0.534375 0.05234375 0.05234375
0 0.01953125 0.57578125 0.0390625 0.0546875
0 0.7296875 0.38984375 0.053125 0.0546875
0 0.31796875 0.440625 0.053125 0.053125
0 0.7828125 0.5796875 0.0546875 0.0546875
0 0.17734375 0.86796875 0.05234375 0.053125
0 0.1796875 0.67421875 0.05234375 0.053125
0 0.97578125 0.3421875 0.0484375 0.0515625
0 0.87109375 0.91640625 0.05390625 0.05390625
0 0.5359375 0.15390625 0.053125 0.05390625
0 0.70234375 0.440625 0.053125 0.05390625
0 0.48125 0.33984375 0.053125 0.05234375
0 0.83828125 0.29765625 0.053125 0.05234375
0 0.153125 0.15234375 0.05234375 0.0515625
0 0.2328125 0.6765625 0.05390625 0.0546875
0 0.6484375 0.06328125 0.053125 0.05234375
0 0.0421875 0.43671875 0.05234375 0.053125
0 0.2046875 0.7203125 0.0546875 0.05390625
0 0.20703125 0.4359375 0.053125 0.053125
0 0.0453125 0.05703125 0.05234375 0.053125
0 0.5078125 0.38984375 0.053125 0.05390625
0 0.3984375 0.29609375 0.05390625 0.0546875
0 0.95 0.38671875 0.0515625 0.0515625
0 0.50703125 0.10546875 0.053125 0.053125
0 0.0734375 0.10546875 0.0515625 0.0515625
0 0.50859375 0.58125 0.053125 0.05390625
0 0.1734375 0.9609375 0.05390625 0.053125
0 0.78359375 0.2984375 0.0515625 0.0515625
0 0.06875 0.3859375 0.053125 0.05390625
0 0.23359375 0.10625 0.053125 0.053125
0 0.23515625 0.48828125 0.05234375 0.05546875
0 0.675 0.3921875 0.053125 0.053125
0 0.09375 0.81484375 0.05234375 0.053125
0 0.26171875 0.72421875 0.053125 0.05234375
0 0.31796875 0.15546875 0.053125 0.053125
0 0.890625 0.10625 0.05234375 0.05234375
0 0.31484375 0.9171875 0.05390625 0.05625
0 0.95234375 0.86640625 0.05234375 0.053125
0 0.8390625 0.48984375 0.053125 0.053125
0 0.58984375 0.72265625 0.053125 0.05625
0 0.18203125 0.39296875 0.05234375 0.05390625
0 0.8359375 0.109375 0.05234375 0.053125
0 0.9484375 0.296875 0.05390625 0.053125
0 0.040625 0.625 0.053125 0.0546875
0 0.12421875 0.29375 0.05234375 0.05390625
0 0.75546875 0.34296875 0.05234375 0.053125
0 0.94453125 0.021875 0.0515625 0.04375
0 0.128125 0.1078125 0.0515625 0.05234375
0 0.89921875 0.9625 0.05390625 0.05390625
0 0.11875 0.9609375 0.05234375 0.0546875
0 0.8953125 0.58203125 0.05234375 0.0515625
0 0.86484375 0.15703125 0.05234375 0.053125
0 0.67421875 0.01953125 0.0515625 0.0390625
0 0.34609375 0.10859375 0.05234375 0.05234375
0 0.78671875 0.67734375 0.05234375 0.053125
0 0.12265625 0.5765625 0.053125 0.05390625
0 0.0953125 0.33984375 0.0546875 0.05390625
0 0.67265625 0.20390625 0.053125 0.05390625
0 0.565625 0.109375 0.05234375 0.05234375
0 0.5640625 0.58203125 0.053125 0.05390625
0 0.58984375 0.6296875 0.053125 0.05390625
0 0.86484375 0.3421875 0.05234375 0.053125
0 0.7578125 0.81796875 0.05390625 0.0546875
0 0.4796875 0.7234375 0.053125 0.053125
0 0.6203125 0.58125 0.053125 0.053125
0 0.67265625 0.771875 0.053125 0.0546875
0 0.26171875 0.34453125 0.05390625 0.05234375
0 0.78671875 0.96171875 0.0546875 0.05546875
0 0.3703125 0.346875 0.0515625 0.05234375
0 0.2890625 0.5796875 0.05390625 0.053125
0 0.78359375 0.1078125 0.0515625 0.05234375
0 0.040625 0.52890625 0.053125 0.0546875
0 0.20234375 0.91640625 0.05234375 0.053125
0 0.70078125 0.3453125 0.05234375 0.0515625
0 0.2046875 0.8171875 0.05390625 0.0546875
0 0.9859375 0.021875 0.028125 0.04375
0 0.1796875 0.58046875 0.053125 0.05234375
0 0.3171875 0.06171875 0.0515625 0.053125
0 0.0375 0.7203125 0.05390625 0.05625
0 0.86875 0.53671875 0.05234375 0.053125
0 0.97421875 0.24921875 0.0515625 0.0515625
0 0.23515625 0.20078125 0.05390625 0.05390625
0 0.45390625 0.584375 0.053125 0.05390625
0 0.453125 0.38828125 0.053125 0.05390625
0 0.95 0.77109375 0.05234375 0.0546875
0 0.28984375 0.771875 0.05390625 0.053125
0 0.290625 0.10703125 0.053125 0.05234375
0 0.39921875 0.58203125 0.053125 0.053125
0 0.81484375 0.81875 0.05390625 0.0546875
0 0.59296875 0.15625 0.05390625 0.053125
0 0.6734375 0.4875 0.05390625 0.053125
0 0.86796875 0.628125 0.053125 0.053125
0 0.8671875 0.4421875 0.05390625 0.0546875
0 0.39921875 0.1078125 0.05234375 0.05234375
0 0.396875 0.86796875 0.0546875 0.05390625
0 0.95 0.675 0.05 0.0515625
0 0.94375 0.109375 0.053125 0.053125
0 0.23359375 0.38984375 0.053125 0.053125
0 0.590625 0.24609375 0.053125 0.05546875
0 0.26015625 0.8171875 0.05234375 0.05234375
0 0.64765625 0.34296875 0.053125 0.053125
0 0.396875 0.9609375 0.0546875 0.05390625
0 0.9859375 0.109375 0.028125 0.053125
0 0.23828125 0.02109375 0.0515625 0.0421875
0 0.15390625 0.34453125 0.05234375 0.0515625
0 0.59140625 0.91484375 0.053125 0.0546875
0 0.81171875 0.3453125 0.0515625 0.05234375
0 0.4796875 0.81640625 0.05234375 0.05234375
0 0.9546875 0.96171875 0.053125 0.05390625
0 0.92109375 0.34140625 0.053125 0.0515625
0 0.8703125 0.81796875 0.05234375 0.053125
0 0.3140625 0.8171875 0.053125 0.053125
0 0.86953125 0.72421875 0.05234375 0.05390625
0 0.040625 0.3390625 0.05234375 0.05234375
0 0.31640625 0.24921875 0.05234375 0.05390625
0 0.53671875 0.81953125 0.053125 0.053125
0 0.84140625 0.58203125 0.05234375 0.053125
0 0.675 0.584375 0.05234375 0.053125
0 0.73046875 0.29921875 0.05234375 0.0515625
0 0.4546875 0.1078125 0.0515625 0.0515625
0 0.675 0.1078125 0.0515625 0.05234375
0 0.01015625 0.059375 0.0203125 0.0515625
0 0.728125 0.58203125 0.053125 0.053125
0 0.3703125 0.81953125 0.05234375 0.05390625
0 0.39921875 0.39140625 0.05 0.0515625
0 0.0390625 0.815625 0.05234375 0.05234375
0 0.20625 0.34453125 0.053125 0.053125
0 0.3171875 0.34375 0.05390625 0.05390625
0 0.5921875 0.34296875 0.05234375 0.05234375
0 0.9484375 0.5796875 0.0515625 0.0515625
0 0.5921875 0.8171875 0.053125 0.05390625
0 0.7296875 0.11015625 0.05234375 0.053125
0 0.3140625 0.628125 0.05234375 0.053125
0 0.646875 0.81796875 0.053125 0.05234375
0 0.11875 0.8625 0.0515625 0.05234375
0 0.84296875 0.96328125 0.0546875 0.053125
0 0.39765625 0.67890625 0.053125 0.0515625
0 0.021875 0.29453125 0.04375 0.0515625
0 0.59375 0.065625 0.05234375 0.0515625
0 0.31640625 0.72578125 0.0515625 0.05390625
0 0.94765625 0.2046875 0.05078125 0.05234375
0 0.91640625 0.06171875 0.05234375 0.053125
0 0.234375 0.58046875 0.0546875 0.05390625
0 0.18046875 0.1109375 0.05 0.0515625
0 0.94765625 0.4890625 0.05390625 0.053125
0 0.590625 0.4359375 0.05234375 0.05234375
0 0.121875 0.76953125 0.05234375 0.05390625