0 0.75234375 0.88515625 0.0546875 0.05625
0 0.1625 0.8421875 0.0546875 0.0578125
0 0.34609375 0.17265625 0.0546875 0.0546875
0 0.59140625 0.8734375 0.0546875 0.0546875
0 0.18125 0.56328125 0.0546875 0.05625
0 0.0578125 0.4203125 0.0546875 0.0546875
0 0.71875 0.2 0.0546875 0.05625
0 0.02421875 0.5515625 0.0484375 0.05625
0 0.3421875 0.575 0.0546875 0.05625
0 0.25234375 0.7109375 0.05625 0.05625
0 0.63828125 0.2375 0.0546875 0.05625
0 0.8359375 0.84375 0.0546875 0.05625
0 0.1171875 0.7453125 0.0546875 0.05625
0 0.1484375 0.703125 0.0546875 0.0546875
0 0.125 0.24140625 0.053125 0.0546875
0 0.08515625 0.7890625 0.0546875 0.05625
0 0.17578125 0.6609375 0.0546875 0.05625
0 0.4328125 0.86328125 0.0546875 0.0546875
0 0.64296875 0.15078125 0.0546875 0.05625
0 0.38359375 0.7671875 0.05625 0.05625
0 0.78359375 0.43046875 0.0546875 0.0546875
0 0.9375 0.534375 0.053125 0.053125
0 0.215625 0.11328125 0.0546875 0.05625
0 0.41015625 0.403125 0.0546875 0.0546875
0 0.32265625 0.853125 0.0546875 0.05625
0 0.7890625 0.75390625 0.0546875 0.05625
0 0.334375 0.67421875 0.05625 0.05625
0 0.89140625 0.4421875 0.0546875 0.0546875
0 0.19375 0.3859375 0.0546875 0.05625
0 0.5171875 0.8203125 0.05625 0.05625
0 0.5046875 0.18203125 0.0546875 0.0546875
0 0.5875 0.14609375 0.05625 0.05625
0 0.61015625 0.99140625 0.0546875 0.0171875
0 0.16953125 0.74921875 0.0546875 0.05625
0 0.48359375 0.8671875 0.0546875 0.0546875
0 0.67109375 0.1078125 0.0546875 0.0546875
0 0.3078125 0.71640625 0.05625 0.0546875
0 0.4828125 0.134375 0.0546875 0.0546875
0 0.3703125 0.9515625 0.05625 0.05625
0 0.446875 0.26875 0.05625 0.05625
0 0.9640625 0.8109375 0.034375 0.053125
0 0.5984375 0.78671875 0.053125 0.0546875
0 0.1046875 0.51484375 0.0546875 0.05625
0 0.7578125 0.79609375 0.0546875 0.05625
0 0.88515625 0.1234375 0.053125 0.0546875
0 0.56640625 0.09921875 0.0546875 0.0546875
0 0.28984375 0.575 0.0546875 0.0546875
0 0.89609375 0.759375 0.0546875 0.0546875
0 0.02890625 0.4640625 0.0546875 0.05625
0 0.5703125 0.41640625 0.05625 0.0546875
0 0.37421875 0.13125 0.053125 0.0546875
0 0.7234375 0.1125 0.053125 0.0546875
0 0.7015625 0.47109375 0.0546875 0.0546875
0 0.4234375 0.53984375 0.0546875 0.05625
0 0.76484375 0.70234375 0.0546875 0.05625
0 0.07265625 0.9578125 0.0546875 0.0296875
0 0.48671875 0.45546875 0.0546875 0.0546875
0 0.4046875 0.48984375 0.0546875 0.0546875
0 0.53203125 0.96171875 0.0546875 0.0546875
0 0.03828125 0.69375 0.05625 0.0546875
0 0.58359375 0.23671875 0.05625 0.0546875
0 0.64921875 0.0609375 0.0546875 0.0546875
0 0.2875 0.975 0.053125 0.0265625
0 0.1625 0.11171875 0.0546875 0.0546875
0 0.9671875 0.49296875 0.0546875 0.0546875
0 0.678125 0.8328125 0.0546875 0.0546875
0 0.03125 0.7859375 0.05625 0.05625
0 0.7484375 0.975 0.05625 0.05
0 0.3953125 0.98203125 0.0546875 0.0265625
0 0.70703125 0.38203125 0.0546875 0.05625
0 0.22265625 0.7546875 0.05625 0.05625
0 0.27265625 0.4390625 0.0546875 0.0546875
0 0.56171875 0.5046875 0.05625 0.05625
0 0.2984375 0.08046875 0.0546875 0.0546875
0 0.965625 0.08203125 0.0546875 0.05625
0 0.6953125 0.5609375 0.0546875 0.05625
0 0.46796875 0.7265625 0.0578125 0.05625
0 0.35078125 0.084375 0.053125 0.053125
0 0.2421875 0.48046875 0.0546875 0.0546875
0 0.92578125 0.715625 0.0546875 0.05625
0 0.6890625 0.65234375 0.05625 0.05625
0 0.88359375 0.53046875 0.0546875 0.0546875
0 0.84296875 0.7578125 0.0546875 0.05625
0 0.8859375 0.946875 0.05625 0.0546875
0 0.23828125 0.16328125 0.0546875 0.05625
0 0.05546875 0.10390625 0.05625 0.05625
0 0.7046875 0.7921875 0.0546875 0.0546875
0 0.26328125 0.94375 0.0546875 0.05625
0 0.37265625 0.534375 0.0546875 0.05625
0 0.01796875 0.73984375 0.0359375 0.0546875
0 0.42734375 0.95546875 0.0546875 0.05625
0 0.61171875 0.6 0.0546875 0.0546875
0 0.315625 0.21484375 0.05625 0.05625
0 0.540625 0.4609375 0.0546875 0.0546875
0 0.95 0.76328125 0.0546875 0.05625
0 0.82578125 0.203125 0.05625 0.05625
0 0.96171875 0.171875 0.0546875 0.0546875
0 0.27890625 0.759375 0.0546875 0.05625
0 0.803125 0.15703125 0.0546875 0.05625
0 0.39296875 0.26796875 0.05625 0.0546875
0 0.0203125 0.6453125 0.040625 0.05625
0 0.8734375 0.71171875 0.0546875 0.05625
0 0.65546875 0.37578125 0.0546875 0.0546875
0 0.4609375 0.8203125 0.05625 0.05625
0 0.45078125 0.58828125 0.0546875 0.0546875
0 0.34296875 0.978125 0.053125 0.0265625
0 0.32578125 0.4421875 0.05625 0.0546875
0 0.87265625 0.3015625 0.0546875 0.0546875
0 0.13671875 0.465625 0.0546875 0.05625
0 0.2015625 0.2953125 0.0546875 0.0546875
0 0.109375 0.41875 0.0546875 0.05625
0 0.465625 0.40859375 0.0546875 0.05625
0 0.21875 0.43359375 0.0546875 0.0546875
0 0.93203125 0.62265625 0.0546875 0.0546875
0 0.35390625 0.81171875 0.05625 0.05625
0 0.40703125 0.815625 0.05625 0.05625
0 0.33046875 0.7640625 0.0546875 0.05625
0 0.84921875 0.665625 0.0546875 0.0546875
0 0.5015625 0.59140625 0.05625 0.0546875
0 0.9046875 0.2578125 0.05625 0.0546875
0 0.49296875 0.36875 0.0546875 0.0546875
0 0.28515625 0.259375 0.0546875 0.0546875
0 0.3796875 0.446875 0.053125 0.053125
0 0.98515625 0.4453125 0.0296875 0.053125
0 0.97265625 0.39921875 0.0546875 0.0546875
0 0.5515625 0.690625 0.05625 0.0546875
0 0.5109375 0.09609375 0.0546875 0.053125
0 0.98203125 0.13046875 0.0359375 0.0546875
0 0.12421875 0.65703125 0.0546875 0.0546875
0 0.60390625 0.69375 0.0546875 0.05625
0 0.2125 0.52265625 0.05625 0.05625
0 0.59375 0.05625 0.05625 0.0546875
0 0.9609375 0.58046875 0.05625 0.0546875
0 0.52421875 0.7328125 0.05625 0.05625
0 0.52734375 0.64140625 0.0546875 0.05625
0 0.47734375 0.22734375 0.05625 0.05625
0 0.30390625 0.39453125 0.0546875 0.05625
0 0.73203125 0.428125 0.053125 0.0546875
0 0.68359375 0.74375 0.0546875 0.05625
0 0.31640625 0.946875 0.05625 0.05625
0 0.80859375 0.47890625 0.0546875 0.0546875
0 0.81171875 0.3890625 0.0546875 0.05625
0 0.2078125 0.2078125 0.0546875 0.0546875
0 0.67734375 0.028125 0.0515625 0.0375
0 0.665625 0.19765625 0.05625 0.05625
0 0.4375 0.7703125 0.05625 0.0578125
0 0.19296875 0.8 0.05625 0.05625
0 0.990625 0.2640625 0.01875 0.053125
0 0.27890625 0.34765625 0.05625 0.0546875
0 0.02265625 0.95546875 0.0453125 0.0265625
0 0.35703125 0.396875 0.05625 0.05625
0 0.29296875 0.1671875 0.0546875 0.05625
0 0.13828125 0.06640625 0.0546875 0.0546875
0 0.29453125 0.48828125 0.0546875 0.0546875
0 0.646875 0.46484375 0.05625 0.0546875
0 0.54609375 0.3671875 0.0546875 0.0546875
0 0.8671875 0.80625 0.0546875 0.0546875
0 0.8546875 0.575 0.0546875 0.0546875
0 0.45703125 0.5 0.053125 0.0546875
0 0.94765625 0.85546875 0.0546875 0.05625
0 0.5453125 0.7828125 0.0546875 0.0546875
0 0.8078125 0.06875 0.05625 0.0546875
0 0.534375 0.13984375 0.0546875 0.0546875
0 0.38984375 0.67578125 0.0546875 0.0546875
0 0.9125 0.08125 0.0546875 0.0546875
0 0.8328125 0.11328125 0.05625 0.0546875
0 0.05078125 0.5140625 0.0546875 0.0546875
0 0.39921875 0.1765625 0.0546875 0.0546875
0 0.45703125 0.0875 0.05625 0.0546875
0 0.36171875 0.71875 0.0546875 0.05625
0 0.59140625 0.4625 0.0546875 0.05625
0 0.11015625 0.1109375 0.053125 0.053125
0 0.04375 0.28515625 0.05625 0.0546875
0 0.93984375 0.94921875 0.053125 0.0546875
0 0.62421875 0.41796875 0.05625 0.05625
0 0.88046875 0.20859375 0.0546875 0.05625
0 0.02578125 0.87578125 0.0515625 0.0546875
0 0.7484375 0.16015625 0.0546875 0.0546875
0 0.90625 0.1703125 0.0546875 0.0546875
0 0.07265625 0.24296875 0.0546875 0.0546875
0 0.14296875 0.38203125 0.0546875 0.0546875
0 0.97890625 0.21953125 0.0421875 0.0546875
0 0.35 0.4859375 0.05625 0.05625
0 0.08359375 0.46875 0.0546875 0.05625
0 0.13203125 0.15859375 0.0546875 0.0546875
0 0.6328125 0.64921875 0.05625 0.0578125
0 0.28046875 0.6671875 0.0546875 0.05625
0 0.27421875 0.03125 0.0546875 0.05625
0 0.4265625 0.12578125 0.0546875 0.0546875
0 0.95703125 0.2625 0.0546875 0.0546875
0 0.09375 0.70078125 0.0546875 0.0546875
0 0.80234375 0.9765625 0.0546875 0.046875
0 0.07890625 0.1484375 0.05625 0.05625
0 0.6171875 0.51171875 0.05625 0.05625
0 0.47265625 0.63671875 0.05625 0.05625
0 0.921875 0.809375 0.0546875 0.05625
0 0.8671875 0.39375 0.05625 0.05625
0 0.73515625 0.74921875 0.0546875 0.0546875
0 0.7828125 0.8421875 0.0546875 0.05625
0 0.37890625 0.8578125 0.05625 0.05625
0 0.71171875 0.29375 0.053125 0.053125
0 0.01015625 0.92265625 0.0203125 0.0546875
0 0.53359375 0.54921875 0.05625 0.05625
0 0.71171875 0.696875 0.05625 0.05625
0 0.62109375 0.83125 0.05625 0.0546875
0 0.5015625 0.27421875 0.0546875 0.05625
0 0.83046875 0.93984375 0.0578125 0.05625
0 0.2703125 0.121875 0.053125 0.053125
0 0.0546875 0.8328125 0.0546875 0.05625
0 0.72421875 0.51640625 0.05625 0.05625
0 0.42265625 0.22265625 0.05625 0.05625
0 0.321875 0.12578125 0.0546875 0.0546875
0 0.11015625 0.8390625 0.05625 0.05625
0 0.05 0.19453125 0.05625 0.0546875
0 0.6171875 0.10390625 0.0546875 0.0546875
0 0.4625 0.0125 0.053125 0.025
0 0.08515625 0.06171875 0.0546875 0.0546875
0 0.246875 0.80234375 0.0546875 0.0546875
0 0.60625 0.2828125 0.0546875 0.0546875
0 0.24453125 0.075 0.0546875 0.0546875
0 0.64140625 0.5578125 0.05625 0.0546875
0 0.6453125 0.87734375 0.05625 0.05625
0 0.8796875 0.61953125 0.0546875 0.0546875
0 0.90078125 0.6671875 0.053125 0.0546875
0 0.890625 0.8484375 0.05625 0.05625
0 0.03515625 0.3703125 0.05625 0.05625
0 0.2328125 0.25546875 0.0546875 0.0546875
0 0.94375 0.446875 0.0546875 0.0546875
0 0.94921875 0.353125 0.0546875 0.0546875
0 0.2203125 0.0265625 0.05625 0.053125
0 0.1578125 0.93828125 0.0546875 0.05625
0 0.1890625 0.478125 0.0546875 0.0546875
0 0.85390625 0.9796875 0.0546875 0.040625
0 0.66015625 0.28828125 0.0546875 0.0546875
0 0.48984375 0.046875 0.0546875 0.0546875
0 0.32890625 0.03515625 0.0546875 0.0546875
0 0.31875 0.52890625 0.05625 0.0546875
0 0.3359375 0.2625 0.05625 0.05625
0 0.4390625 0.36015625 0.05625 0.0546875
0 0.51796875 0.01640625 0.0515625 0.0328125
0 0.44296875 0.678125 0.05625 0.05625
0 0.5859375 0.9640625 0.0546875 0.05625
0 0.2265625 0.34375 0.053125 0.053125
0 0.66953125 0.92578125 0.05625 0.05625
0 0.771875 0.6140625 0.0546875 0.053125
0 0.7703125 0.20234375 0.0546875 0.05625
0 0.79609375 0.659375 0.0546875 0.05625
0 0.63046875 0.3296875 0.0546875 0.0546875
0 0.29921875 0.8078125 0.05625 0.05625
0 0.265625 0.52890625 0.0546875 0.0546875
0 0.97578125 0.6265625 0.0359375 0.053125
0 0.2015625 0.70859375 0.053125 0.053125
0 0.9765625 0.309375 0.046875 0.053125
0 0.81953125 0.29921875 0.05625 0.0546875
0 0.2578125 0.62109375 0.0546875 0.0546875
0 0.778125 0.52578125 0.0546875 0.0546875
0 0.83515625 0.0390625 0.0515625 0.0359375
0 0.69453125 0.9734375 0.0546875 0.053125
0 0.14921875 0.2921875 0.0546875 0.053125
0 0.38125 0.03984375 0.0546875 0.0546875
0 0.58671875 0.55390625 0.0546875 0.05625
0 0.9203125 0.3953125 0.0546875 0.0546875
0 0.43359375 0.45 0.0546875 0.0546875
0 0.8015625 0.56796875 0.05625 0.05625
0 0.96953125 0.7171875 0.0359375 0.0546875
0 0.05859375 0.01953125 0.0546875 0.0390625
0 0.62890625 0.7453125 0.0546875 0.053125
0 0.403125 0.08828125 0.053125 0.053125
0 0.61484375 0.9203125 0.05625 0.05625
0 0.8375 0.4359375 0.0546875 0.0546875
0 0.55859375 0.5984375 0.0546875 0.0546875
0 0.7234375 0.93125 0.0546875 0.05625
0 0.3109375 0.625 0.0546875 0.05625
0 0.753125 0.07109375 0.0546875 0.0546875
0 0.415625 0.721875 0.0546875 0.0546875
0 0.86015625 0.89453125 0.05625 0.05625
0 0.578125 0.6453125 0.0546875 0.0546875
0 0.796875 0.25078125 0.0546875 0.0546875
0 0.01328125 0.8328125 0.0265625 0.053125
0 0.91015625 0.98125 0.0546875 0.0375
0 0.1390625 0.79296875 0.05625 0.05625
0 0.73046875 0.83828125 0.0546875 0.0546875
0 0.8640625 0.4875 0.053125 0.053125
0 0.553125 0.2828125 0.053125 0.053125
0 0.77578125 0.1140625 0.053125 0.0546875
0 0.71875 0.609375 0.0546875 0.0546875
0 0.47890625 0.96171875 0.0546875 0.05625
0 0.47109375 0.3171875 0.0546875 0.0546875
0 0.21640625 0.846875 0.05625 0.05625
0 0.17890625 0.24921875 0.0546875 0.0546875
0 0.69921875 0.884375 0.05625 0.0546875
0 0.41640625 0.315625 0.05625 0.0546875
0 0.65078125 0.7890625 0.0546875 0.05625
0 0.33046875 0.3515625 0.053125 0.0546875
0 0.95078125 0.984375 0.0328125 0.03125
0 0.90703125 0.575 0.0546875 0.0546875
0 0.84765625 0.25234375 0.0546875 0.05625
0 0.9375 0.1265625 0.0546875 0.0546875
0 0.7546875 0.47421875 0.0546875 0.0546875
0 0.66484375 0.6046875 0.0546875 0.0546875
0 0.3046875 0.0078125 0.053125 0.015625
0 0.8890625 0.04140625 0.0515625 0.034375
0 0.15625 0.20390625 0.053125 0.053125
0 0.23515625 0.5703125 0.0546875 0.05625
0 0.16796875 0.02421875 0.0546875 0.0484375
0 0.1265625 0.56640625 0.05625 0.05625
0 0.45546875 0.909375 0.0546875 0.05625
0 0.41796875 0.6296875 0.0546875 0.05625
0 0.07421875 0.5578125 0.0546875 0.05625
0 0.23828125 0.8953125 0.0546875 0.0546875
0 0.915625 0.8984375 0.05625 0.05625
0 0.25 0.0046875 0.053125 0.009375
0 0.03046875 0.23671875 0.0296875 0.053125
0 0.9546875 0.671875 0.05625 0.05625
0 0.0453125 0.6015625 0.05625 0.05625
0 0.0046875 0.6921875 0.009375 0.053125
0 0.26015625 0.2109375 0.05625 0.05625
0 0.55859375 0.1921875 0.05625 0.0546875
0 0.51015625 0.50390625 0.053125 0.0546875
0 0.81796875 0.70859375 0.0546875 0.0546875
0 0.5765625 0.325 0.0546875 0.0546875
0 0.1203125 0.334375 0.0546875 0.0546875
0 0.13359375 0.890625 0.0546875 0.0546875
0 0.50859375 0.91484375 0.0546875 0.0546875
0 0.74375 0.25 0.05625 0.05625
0 0.4921875 0.77578125 0.0546875 0.0578125
0 0.9578125 0.90234375 0.0328125 0.0546875
0 0.78984375 0.340625 0.0546875 0.0546875
0 0.11484375 0.0234375 0.0546875 0.046875
0 0.92578125 0.30234375 0.05625 0.05625
0 0.246875 0.3875 0.05625 0.0546875
0 0.73671875 0.3390625 0.0546875 0.0546875
0 0.5390625 0.87265625 0.0546875 0.053125
0 0.165625 0.4265625 0.053125 0.0546875
0 0.38515625 0.353125 0.0546875 0.05625
0 0.39375 0.58359375 0.05625 0.05625
0 0.25703125 0.303125 0.0546875 0.053125
0 0.35546875 0.0109375 0.0515625 0.021875
0 0.43359375 0.03984375 0.0546875 0.0546875
0 0.1828125 0.159375 0.0546875 0.05625
0 0.6125 0.19375 0.0546875 0.05625
0 0.51796875 0.415625 0.053125 0.053125
0 0.91328125 0.49140625 0.053125 0.053125
0 0.57578125 0.73984375 0.0546875 0.05625
0 0.49765625 0.68671875 0.05625 0.05625
0 0.7640625 0.29296875 0.05625 0.05625
0 0.2921875 0.8984375 0.0546875 0.05625
0 0.98359375 0.0484375 0.0328125 0.034375
0 0.47578125 0.54375 0.0546875 0.0546875
0 0.453125 0.1734375 0.0546875 0.05625
0 0.9875 0.3546875 0.025 0.053125
0 0.10078125 0.6125 0.0546875 0.0546875
0 0.6234375 0.0234375 0.053125 0.034375
0 0.271875 0.8546875 0.0546875 0.0546875
0 0.40078125 0.90703125 0.05625 0.05625
0 0.209375 0.93671875 0.05625 0.0546875
0 0.8421875 0.3421875 0.0546875 0.0546875
0 0.3703125 0.22265625 0.0546875 0.05625
0 0.83046875 0.5265625 0.0546875 0.0546875
0 0.5421875 0.05234375 0.053125 0.0546875
0 0.090625 0.37890625 0.05625 0.0546875
0 0.5234375 0.32421875 0.053125 0.0546875
0 0.5296875 0.2296875 0.0546875 0.0546875
0 0.99375 0.18046875 0.0125 0.0515625
0 0.93125 0.215625 0.0546875 0.0546875
0 0.12734375 0.96328125 0.053125 0.0265625
0 0.74140625 0.65625 0.0546875 0.0546875
0 0.3625 0.31015625 0.0546875 0.0546875
0 0.98125 0.53984375 0.0375 0.053125
0 0.08125 0.884375 0.05625 0.0546875
0 0.171875 0.33671875 0.053125 0.0546875
0 0.309375 0.30859375 0.0546875 0.0546875
0 0.01328125 0.50859375 0.0265625 0.0546875
0 0.778125 0.93671875 0.0546875 0.0546875
0 0.365625 0.62890625 0.05625 0.05625
0 0.56953125 0.01953125 0.053125 0.034375
0 0.346875 0.903125 0.05625 0.05625
0 0.67734375 0.425 0.0546875 0.0546875
0 0.046875 0.925 0.05625 0.05625
0 0.89609375 0.346875 0.0546875 0.0546875
0 0.02421875 0.328125 0.0296875 0.053125
0 0.6828125 0.334375 0.0546875 0.0546875
0 0.63984375 0.9703125 0.05625 0.05625
0 0.6578125 0.696875 0.0546875 0.05625
0 0.18984375 0.06953125 0.0546875 0.0546875
0 0.03671875 0.14765625 0.0296875 0.053125
0 0.82578125 0.61796875 0.0546875 0.0546875
0 0.1515625 0.609375 0.05625 0.05625
0 0.09453125 0.2875 0.0546875 0.0546875
0 0.0078125 0.6 0.015625 0.053125
0 0.72890625 0.0296875 0.0515625 0.0328125
0 0.67109375 0.51015625 0.0546875 0.0578125
0 0.8125 0.80234375 0.0546875 0.0546875
0 0.80625 0.8921875 0.0546875 0.05625
0 0.20546875 0.6171875 0.0546875 0.0546875
0 0.5609375 0.9203125 0.0546875 0.0546875
0 0.06640625 0.328125 0.05625 0.0546875
0 0.78125 0.034375 0.053125 0.034375
0 0.7015625 0.06875 0.0546875 0.053125
0 0.94140625 0.04609375 0.053125 0.0359375
0 0.06328125 0.74609375 0.0546875 0.0546875
0 0.0671875 0.6515625 0.0546875 0.0546875
0 0.69609375 0.15546875 0.0546875 0.0546875
0 0.7484375 0.56640625 0.05625 0.05625
0 0.690625 0.24609375 0.0546875 0.0546875
0 0.60078125 0.37421875 0.05625 0.0546875
0 0.103125 0.19921875 0.0546875 0.053125
0 0.85390625 0.16171875 0.0546875 0.0546875
0 0.56953125 0.828125 0.053125 0.05625
0 0.228125 0.66171875 0.05625 0.05625
0 0.0171875 0.421875 0.0296875 0.0515625
0 0.40859375 0.0125 0.0515625 0.025
0 0.09921875 0.9359375 0.0546875 0.0546875
0 0.15625 0.51875 0.0546875 0.0578125
0 0.04375 0.059375 0.03125 0.0515625
0 0.1875 0.8953125 0.053125 0.053125
0 0.76015625 0.38515625 0.053125 0.0546875
0 0.196875 0.00625 0.053125 0.0125
0 0.8609375 0.0765625 0.0546875 0.053125