0 0.3671875 0.5734375 0.0546875 0.0546875
0 0.2890625 0.81484375 0.0546875 0.053125
0 0.03046875 0.4765625 0.053125 0.0546875
0 0.1703125 0.61875 0.053125 0.0546875
0 0.24765625 0.19140625 0.0515625 0.053125
0 0.1484375 0.86484375 0.053125 0.0546875
0 0.58203125 0.2796875 0.053125 0.053125
0 0.028125 0.38203125 0.053125 0.053125
0 0.46640625 0.18828125 0.053125 0.0546875
0 0.0125 0.2390625 0.025 0.05625
0 0.8015625 0.18125 0.053125 0.053125
0 0.14765625 0.66953125 0.053125 0.0546875
0 0.1484375 0.9640625 0.053125 0.0546875
0 0.06015625 0.621875 0.053125 0.0546875
0 0.6140625 0.42265625 0.053125 0.053125
0 0.38984375 0.42734375 0.053125 0.05625
0 0.31015625 0.571875 0.053125 0.05625
0 0.69140625 0.184375 0.053125 0.053125
0 0.38671875 0.2328125 0.053125 0.053125
0 0.73828125 0.01015625 0.053125 0.0203125
0 0.38515625 0.0453125 0.053125 0.053125
0 0.5734375 0.01171875 0.053125 0.0234375
0 0.13828125 0.18984375 0.053125 0.0546875
0 0.1765625 0.81796875 0.05625 0.05625
0 0.09296875 0.86484375 0.0546875 0.05625
0 0.22421875 0.2359375 0.053125 0.053125
0 0.4109375 0.0125 0.053125 0.025
0 0.0328125 0.6703125 0.053125 0.053125
0 0.52421875 0.1859375 0.053125 0.053125
0 0.34453125 0.8140625 0.053125 0.0546875
0 0.42421875 0.57109375 0.053125 0.0546875
0 0.46640625 0.01171875 0.053125 0.0234375
0 0.0265625 0.18984375 0.053125 0.0546875
0 0.365625 0.378125 0.053125 0.053125
0 0.33515625 0.428125 0.053125 0.0546875
0 0.4515625 0.6203125 0.053125 0.053125
0 0.56328125 0.61484375 0.053125 0.053125
0 0.34921875 0.91171875 0.0546875 0.05625
0 0.3140625 0.76796875 0.0546875 0.0546875
0 0.25 0.38203125 0.053125 0.053125
0 0.4453125 0.4234375 0.053125 0.053125
0 0.30859375 0.475 0.053125 0.053125
0 0.0953125 0.96328125 0.053125 0.053125
0 0.18984375 0.096875 0.053125 0.053125
0 0.25625 0.665625 0.05625 0.05625
0 0.60546875 0.1375 0.053125 0.053125
0 0.45703125 0.8125 0.053125 0.053125
0 0.06484375 0.81796875 0.053125 0.053125
0 0.140625 0.38203125 0.053125 0.053125
0 0.4453125 0.33359375 0.0515625 0.053125
0 0.22578125 0.428125 0.053125 0.053125
0 0.05078125 0.14453125 0.053125 0.053125
0 0.49609375 0.2328125 0.053125 0.0546875
0 0.3078125 0.3796875 0.0546875 0.053125
0 0.41953125 0.475 0.053125 0.053125
0 0.02734375 0.0140625 0.053125 0.028125
0 0.03671875 0.8625 0.053125 0.05625
0 0.41171875 0.18828125 0.053125 0.053125
0 0.43125 0.8609375 0.0546875 0.05625
0 0.37109375 0.76484375 0.0546875 0.05625
0 0.53203125 0.47109375 0.053125 0.053125
0 0.46796875 0.09453125 0.053125 0.053125
0 0.9375 0.03671875 0.0546875 0.053125
0 0.11328125 0.2375 0.053125 0.0546875
0 0.6609375 0.1375 0.053125 0.0546875
0 0.1140625 0.42890625 0.053125 0.053125
0 0.05703125 0.23828125 0.05625 0.05625
0 0.55 0.23515625 0.053125 0.053125
0 0.1984375 0.66796875 0.053125 0.053125
0 0.30234375 0.19140625 0.053125 0.053125
0 0.60625 0.23203125 0.053125 0.0546875
0 0.19453125 0.38359375 0.053125 0.053125
0 0.4125 0.09453125 0.053125 0.0546875
0 0.5046875 0.51953125 0.053125 0.053125
0 0.74609375 0.184375 0.053125 0.053125
0 0.3 0.0125 0.053125 0.025
0 0.2828125 0.61953125 0.0546875 0.0546875
0 0.8265625 0.1359375 0.053125 0.053125
0 0.109375 0.1421875 0.053125 0.053125
0 0.578125 0.1875 0.053125 0.053125
0 0.1703125 0.4296875 0.053125 0.053125
0 0.6421875 0.4703125 0.05625 0.05625
0 0.82421875 0.0375 0.053125 0.053125
0 0.77421875 0.23125 0.053125 0.0546875
0 0.19453125 0.4765625 0.053125 0.053125
0 0.3703125 0.66875 0.0546875 0.053125
0 0.1421875 0.478125 0.053125 0.0546875
0 0.3546875 0.01328125 0.053125 0.0265625
0 0.05546875 0.33671875 0.053125 0.053125
0 0.3390625 0.62265625 0.053125 0.053125
0 0.66875 0.42109375 0.053125 0.0546875
0 0.25546875 0.5703125 0.053125 0.053125
0 0.58515625 0.3765625 0.053125 0.053125
0 0.4828125 0.7640625 0.053125 0.053125
0 0.58828125 0.4734375 0.053125 0.053125
0 0.72734375 0.42265625 0.053125 0.0515625
0 0.11015625 0.33671875 0.053125 0.053125
0 0.22578125 0.6203125 0.053125 0.0546875
0 0.06484375 0.91171875 0.053125 0.05625
0 0.34453125 0.71640625 0.0546875 0.0546875
0 0.50390625 0.425 0.053125 0.053125
0 0.50625 0.61875 0.053125 0.053125
0 0.03125 0.57421875 0.053125 0.053125
0 0.1359375 0.09453125 0.053125 0.053125
0 0.08984375 0.76953125 0.0546875 0.05625
0 0.328125 0.04453125 0.053125 0.0546875
0 0.6015625 0.040625 0.053125 0.053125
0 0.4953125 0.0453125 0.053125 0.053125
0 0.6296875 0.01171875 0.053125 0.0234375
0 0.53125 0.37421875 0.053125 0.053125
0 0.10625 0.0484375 0.053125 0.053125
0 0.1890625 0.0125 0.053125 0.025
0 0.07890625 0.01484375 0.053125 0.0296875
0 0.38359375 0.1421875 0.053125 0.0546875
0 0.4203125 0.378125 0.0515625 0.053125
0 0.5109375 0.7140625 0.053125 0.053125
0 0.37421875 0.86328125 0.0546875 0.0546875
0 0.19296875 0.18984375 0.053125 0.05625
0 0.1453125 0.5703125 0.053125 0.053125
0 0.27265625 0.1453125 0.05 0.053125
0 0.02578125 0.096875 0.0515625 0.053125
0 0.71796875 0.23359375 0.053125 0.053125
0 0.33046875 0.234375 0.0546875 0.053125
0 0.27421875 0.23828125 0.0515625 0.053125
0 0.0328125 0.76484375 0.053125 0.0546875
0 0.53671875 0.66484375 0.053125 0.0546875
0 0.0109375 0.146875 0.021875 0.0515625
0 0.2609375 0.86328125 0.053125 0.0546875
0 0.29140625 0.91171875 0.0546875 0.05625
0 0.3921875 0.33125 0.053125 0.053125
0 0.3625 0.4765625 0.053125 0.053125
0 0.0140625 0.428125 0.028125 0.053125
0 0.16796875 0.33046875 0.053125 0.0515625
0 0.76796875 0.03984375 0.053125 0.053125
0 0.58828125 0.56640625 0.053125 0.053125
0 0.0125 0.33359375 0.025 0.053125
0 0.2078125 0.9625 0.053125 0.053125
0 0.01171875 0.04765625 0.0234375 0.053125
0 0.47578125 0.47109375 0.053125 0.0546875
0 0.271875 0.04609375 0.053125 0.053125
0 0.23203125 0.81796875 0.053125 0.0546875
0 0.66640625 0.32890625 0.053125 0.053125
0 0.08828125 0.6703125 0.0546875 0.0546875
0 0.6828125 0.0125 0.053125 0.025
0 0.546875 0.04375 0.0515625 0.053125
0 0.32578125 0.13984375 0.053125 0.0546875
0 0.3125 0.66953125 0.053125 0.053125
0 0.11640625 0.625 0.053125 0.05625
0 0.16328125 0.1421875 0.053125 0.053125
0 0.84765625 0.0109375 0.053125 0.021875
0 0.228125 0.52265625 0.053125 0.0546875
0 0.53359375 0.56796875 0.053125 0.0546875
0 0.4953125 0.14140625 0.053125 0.053125
0 0.6625 0.2328125 0.053125 0.053125
0 0.771875 0.13671875 0.053125 0.053125
0 0.03828125 0.96328125 0.0546875 0.05625
0 0.14765625 0.76875 0.05625 0.05625
0 0.7484375 0.2796875 0.053125 0.053125
0 0.4046875 0.91015625 0.0546875 0.05625
0 0.1328125 0.01328125 0.053125 0.0265625
0 0.69375 0.2796875 0.053125 0.053125
0 0.521875 0.09296875 0.0515625 0.053125
0 0.615625 0.52109375 0.053125 0.053125
0 0.69609375 0.37421875 0.053125 0.053125
0 0.6578125 0.0421875 0.053125 0.053125
0 0.4265625 0.7609375 0.053125 0.053125
0 0.7421875 0.0875 0.053125 0.053125
0 0.20390625 0.76875 0.053125 0.0546875
0 0.44140625 0.234375 0.053125 0.053125
0 0.2640625 0.96015625 0.053125 0.053125
0 0.33515625 0.33125 0.053125 0.053125
0 0.234375 0.91171875 0.053125 0.053125
0 0.7171875 0.13515625 0.053125 0.053125
0 0.0796875 0.096875 0.053125 0.053125
0 0.2171875 0.04453125 0.053125 0.053125
0 0.1140625 0.5234375 0.0546875 0.053125
0 0.08203125 0.19140625 0.05625 0.05625
0 0.4703125 0.28359375 0.0515625 0.053125
0 0.4875 0.85859375 0.053125 0.053125
0 0.6375 0.28046875 0.053125 0.053125
0 0.3046875 0.28515625 0.053125 0.053125
0 0.11796875 0.71875 0.0546875 0.0546875
0 0.01796875 0.91484375 0.0359375 0.05625
0 0.3015625 0.09375 0.053125 0.053125
0 0.17578125 0.721875 0.05625 0.05625
0 0.4171875 0.2828125 0.053125 0.0546875
0 0.05703125 0.4296875 0.0546875 0.053125
0 0.4 0.71484375 0.053125 0.053125
0 0.17265625 0.525 0.053125 0.0546875
0 0.22265625 0.33359375 0.0515625 0.053125
0 0.28515625 0.71953125 0.053125 0.05625
0 0.48125 0.66796875 0.053125 0.053125
0 0.015625 0.71640625 0.03125 0.053125
0 0.44921875 0.52265625 0.0546875 0.0546875
0 0.3171875 0.8609375 0.05625 0.05625
0 0.1953125 0.2859375 0.053125 0.053125
0 0.559375 0.51875 0.053125 0.053125
0 0.49921875 0.3265625 0.053125 0.0546875
0 0.0609375 0.71953125 0.0546875 0.053125
0 0.3171875 0.96171875 0.053125 0.053125
0 0.0265625 0.2875 0.053125 0.0546875
0 0.26015625 0.7671875 0.053125 0.053125
0 0.46171875 0.91015625 0.053125 0.0546875
0 0.08515625 0.478125 0.053125 0.053125
0 0.39375 0.5234375 0.053125 0.053125
0 0.01484375 0.62734375 0.0296875 0.0546875
0 0.084375 0.28984375 0.053125 0.053125
0 0.253125 0.4734375 0.053125 0.053125
0 0.7203125 0.32734375 0.053125 0.053125
0 0.27734375 0.33203125 0.053125 0.053125
0 0.79921875 0.08828125 0.053125 0.053125
0 0.35625 0.09375 0.0546875 0.053125
0 0.47734375 0.56875 0.0515625 0.053125
0 0.05703125 0.525 0.053125 0.0546875
0 0.19921875 0.571875 0.053125 0.053125
0 0.85546875 0.18046875 0.0515625 0.053125
0 0.0140625 0.52890625 0.028125 0.05625
0 0.55625 0.328125 0.053125 0.0546875
0 0.6328125 0.18515625 0.053125 0.053125
0 0.22109375 0.14296875 0.053125 0.053125
0 0.63203125 0.0890625 0.053125 0.053125
0 0.11953125 0.915625 0.053125 0.053125
0 0.3953125 0.61953125 0.053125 0.0546875
0 0.559375 0.42421875 0.053125 0.053125
0 0.1625 0.0453125 0.053125 0.053125
0 0.01796875 0.81640625 0.0359375 0.053125
0 0.55 0.1375 0.053125 0.053125
0 0.40078125 0.81171875 0.0546875 0.0546875
0 0.68828125 0.08984375 0.053125 0.053125
0 0.43984375 0.13984375 0.053125 0.053125
0 0.64453125 0.56796875 0.0546875 0.053125
0 0.24921875 0.2875 0.0515625 0.053125
0 0.47578125 0.3765625 0.053125 0.053125
0 0.35546875 0.18984375 0.053125 0.053125
0 0.37578125 0.9609375 0.053125 0.053125
0 0.428125 0.665625 0.053125 0.053125
0 0.08671875 0.57265625 0.053125 0.053125
0 0.2828125 0.52265625 0.053125 0.053125
0 0.52421875 0.28125 0.053125 0.053125
0 0.51796875 0.01171875 0.0515625 0.0234375
0 0.4546875 0.71640625 0.053125 0.053125
0 0.853125 0.08671875 0.053125 0.053125
0 0.36015625 0.284375 0.053125 0.0546875
0 0.70390625 0.46875 0.05625 0.0546875
0 0.2046875 0.86484375 0.053125 0.053125
0 0.6390625 0.37421875 0.053125 0.053125
0 0.2421875 0.0125 0.053125 0.025
0 0.23125 0.72109375 0.053125 0.053125
0 0.24375 0.09921875 0.053125 0.053125
0 0.053125 0.0515625 0.053125 0.0515625
0 0.3390625 0.5234375 0.053125 0.053125
0 0.8828125 0.1328125 0.053125 0.0515625
0 0.675 0.515625 0.0546875 0.0546875
0 0.08203125 0.38828125 0.053125 0.053125
0 0.80625 0.28046875 0.0515625 0.0515625
0 0.61015625 0.32890625 0.053125 0.053125
0 0.5765625 0.09140625 0.053125 0.053125
0 0.4390625 0.046875 0.053125 0.053125
0 0.87734375 0.0390625 0.053125 0.053125
0 0.6171875 0.61328125 0.05 0.053125
0 0.1203125 0.81484375 0.053125 0.053125
0 0.71328125 0.04140625 0.0515625 0.053125
0 0.8265625 0.23203125 0.053125 0.053125
0 0.43203125 0.959375 0.053125 0.053125
0 0.56953125 0.7171875 0.053125 0.053125
0 0.2796875 0.4296875 0.0515625 0.053125
0 0.77734375 0.32578125 0.053125 0.053125
0 0.909375 0.084375 0.05 0.05
0 0.540625 0.7625 0.053125 0.053125
0 0.5140625 0.81015625 0.053125 0.053125
0 0.59296875 0.66328125 0.053125 0.053125
0 0.16640625 0.23828125 0.053125 0.0546875
0 0.75234375 0.37578125 0.053125 0.053125
0 0.1375 0.28984375 0.053125 0.0515625