0 0.01875 0.58359375 0.0375 0.0546875
0 0.0609375 0.58828125 0.0546875 0.05625
0 0.1375 0.63984375 0.05625 0.05625
0 0.02578125 0.8 0.0515625 0.05625
0 0.1671875 0.6 0.0578125 0.05625
0 0.084375 0.6328125 0.05625 0.05625
0 0.01171875 0.76015625 0.0234375 0.0546875
0 0.00546875 0.625 0.0109375 0.053125
0 0.08828125 0.546875 0.05625 0.05625
0 0.03515625 0.5421875 0.0578125 0.05625
0 0.053125 0.67734375 0.05625 0.0578125
0 0.01484375 0.671875 0.0296875 0.05625
0 0.0671875 0.49921875 0.0578125 0.0578125
0 0.021875 0.49609375 0.04375 0.0546875
0 0.0265625 0.71953125 0.053125 0.0546875
0 0.0484375 0.45390625 0.0578125 0.0578125
0 0.11953125 0.50625 0.05625 0.05625
0 0.1109375 0.59609375 0.05625 0.0546875
0 0.15234375 0.465625 0.0546875 0.05625
0 0.10234375 0.459375 0.05625 0.0578125
0 0.1703125 0.50703125 0.0546875 0.05625
0 0.0328125 0.628125 0.05625 0.05625
0 0.14140625 0.55234375 0.05625 0.05625
0 0.115625 0.75390625 0.053125 0.053125
0 0.1875 0.6625 0.05625 0.05625
0 0.20546875 0.55 0.0578125 0.0578125
0 0.0859375 0.7140625 0.0578125 0.05625
0 0.1078125 0.68203125 0.0578125 0.0578125
0 0.2375 0.50859375 0.0546875 0.0546875
0 0.00703125 0.85 0.0140625 0.053125
0 0.04765625 0.76015625 0.0578125 0.0546875
0 0.20625 0.47109375 0.0578125 0.05625
0 0.08671875 0.7953125 0.05625 0.0578125
0 0.025 0.88046875 0.05 0.0546875
0 0.0546875 0.8390625 0.05625 0.0546875
0 0.15234375 0.68828125 0.0515625 0.05
0 0.240625 0.57734375 0.053125 0.0515625
0 0.21875 0.609375 0.05625 0.0578125
0 0.2828125 0.5265625 0.053125 0.053125
0 0.30859375 0.48515625 0.0546875 0.0546875
0 0.1375 0.7140625 0.05 0.05
0 0.25703125 0.478125 0.0546875 0.0578125