0 0.36796875 0.5265625 0.05 0.0515625
0 0.26953125 0.88125 0.0515625 0.05234375
0 0.190625 0.928125 0.0515625 0.05078125
0 0.0828125 0.92890625 0.0515625 0.0515625
0 0.8765625 0.65078125 0.05234375 0.053125
0 0.82734375 0.921875 0.05234375 0.0515625
0 0.215625 0.88046875 0.0515625 0.0515625
0 0.9578125 0.69453125 0.05078125 0.05234375
0 0.36875 0.6125 0.05 0.0515625
0 0.3234375 0.971875 0.0515625 0.05234375
0 0.97890625 0.65078125 0.0421875 0.0515625
0 0.34921875 0.92734375 0.0515625 0.0515625
0 0.74765625 0.875 0.0515625 0.05234375
0 0.24453125 0.92890625 0.05078125 0.0515625
0 0.1359375 0.83671875 0.05234375 0.0515625
0 0.1296875 0.56875 0.0515625 0.05234375
0 0.5296875 0.60703125 0.05 0.05
0 0.6671875 0.925 0.0515625 0.0515625
0 0.8046875 0.9671875 0.05234375 0.05234375
0 0.053125 0.70546875 0.05078125 0.0515625
0 0.21328125 0.703125 0.0515625 0.05234375
0 0.53046875 0.69921875 0.05078125 0.0515625
0 0.56328125 0.92265625 0.05078125 0.0515625
0 0.42890625 0.878125 0.05234375 0.05234375
0 0.015625 0.97578125 0.03125 0.0484375
0 0.2171875 0.9703125 0.05078125 0.05234375
0 0.7515625 0.96796875 0.0515625 0.0515625
0 0.05703125 0.975 0.05 0.05
0 0.76796875 0.65234375 0.05078125 0.053125
0 0.7953125 0.6953125 0.0515625 0.05234375
0 0.453125 0.74453125 0.0515625 0.05234375
0 0.44921875 0.65390625 0.053125 0.05390625
0 0.375 0.88203125 0.0515625 0.0515625
0 0.79609375 0.60859375 0.05078125 0.05078125
0 0.05234375 0.79375 0.0515625 0.0515625
0 0.29296875 0.65546875 0.05078125 0.05234375
0 0.40234375 0.92578125 0.05078125 0.0515625
0 0.16328125 0.88125 0.05078125 0.05234375
0 0.5828125 0.69765625 0.0515625 0.0515625
0 0.87734375 0.74296875 0.0515625 0.0515625
0 0.609375 0.74609375 0.05 0.04921875
0 0.7171875 0.7421875 0.0515625 0.0515625
0 0.60703125 0.565625 0.0515625 0.05234375
0 0.50703125 0.925 0.0515625 0.0515625
0 0.21328125 0.60703125 0.0515625 0.0515625
0 0.7421875 0.6046875 0.05234375 0.0515625
0 0.1859375 0.6546875 0.05078125 0.05234375
0 0.88125 0.9203125 0.0515625 0.0515625
0 0.71171875 0.5640625 0.0515625 0.05234375
0 0.965625 0.96484375 0.05 0.0515625
0 0.109375 0.87890625 0.05078125 0.0515625
0 0.63671875 0.7 0.05078125 0.05078125
0 0.84921875 0.696875 0.05234375 0.05390625
0 0.90078125 0.60546875 0.0515625 0.05078125
0 0.2140625 0.79453125 0.05234375 0.0515625
0 0.6421875 0.971875 0.05078125 0.05234375
0 0.821875 0.653125 0.053125 0.05234375
0 0.50625 0.83671875 0.0515625 0.05078125
0 0.29453125 0.83515625 0.05234375 0.05078125
0 0.634375 0.6109375 0.0515625 0.05234375
0 0.209375 0.52109375 0.0515625 0.053125
0 0.5515625 0.56875 0.04921875 0.05
0 0.15703125 0.61484375 0.053125 0.05234375
0 0.3171875 0.61484375 0.05 0.05
0 0.68515625 0.515625 0.053125 0.05390625
0 0.90234375 0.69609375 0.053125 0.05234375
0 0.68984375 0.69453125 0.05078125 0.053125
0 0.63984375 0.8765625 0.0515625 0.05234375
0 0.1875 0.83671875 0.05078125 0.05078125
0 0.2390625 0.65546875 0.05234375 0.053125
0 0.39453125 0.5671875 0.05 0.05
0 0.48359375 0.87734375 0.0515625 0.053125
0 0.50625 0.64609375 0.0515625 0.0515625
0 0.5578125 0.74453125 0.05078125 0.05234375
0 0.4796875 0.69765625 0.05234375 0.053125
0 0.50625 0.740625 0.05078125 0.05078125
0 0.47734375 0.61171875 0.05 0.05
0 0.05703125 0.8796875 0.05078125 0.0515625
0 0.07890625 0.56796875 0.05 0.05078125
0 0.8 0.875 0.05078125 0.0515625
0 0.659375 0.565625 0.0515625 0.05234375
0 0.32265625 0.88046875 0.05078125 0.053125
0 0.29609375 0.9296875 0.05078125 0.05234375
0 0.37265625 0.79296875 0.05234375 0.05078125
0 0.07734375 0.6625 0.0515625 0.05078125
0 0.43203125 0.96640625 0.053125 0.05234375
0 0.959375 0.784375 0.05078125 0.05
0 0.98046875 0.921875 0.0390625 0.05
0 0.0140625 0.88828125 0.028125 0.0515625
0 0.8 0.784375 0.05 0.0515625
0 0.29296875 0.74765625 0.05078125 0.0515625
0 0.96015625 0.875 0.05078125 0.0515625
0 0.11015625 0.9734375 0.053125 0.05234375
0 0.590625 0.965625 0.05234375 0.053125
0 0.77109375 0.9234375 0.0515625 0.0515625
0 0.45234375 0.834375 0.053125 0.0515625
0 0.5859375 0.78671875 0.05078125 0.0515625
0 0.71953125 0.92734375 0.0515625 0.05234375
0 0.6109375 0.8328125 0.053125 0.0515625
0 0.3984375 0.746875 0.05234375 0.053125
0 0.3171875 0.703125 0.05234375 0.0515625
0 0.92265625 0.56171875 0.0515625 0.05234375
0 0.13828125 0.9296875 0.05234375 0.05234375
0 0.85859375 0.96328125 0.05234375 0.0515625
0 0.63984375 0.78671875 0.04921875 0.05
0 0.29375 0.56875 0.05 0.05078125
0 0.4 0.834375 0.0515625 0.0515625
0 0.821875 0.74140625 0.05234375 0.053125
0 0.01328125 0.61640625 0.0265625 0.0515625
0 0.1609375 0.7953125 0.05078125 0.0515625
0 0.7171875 0.65625 0.05 0.05078125
0 0.34609375 0.83515625 0.05078125 0.05078125
0 0.23984375 0.746875 0.0515625 0.05234375
0 0.74609375 0.78515625 0.0515625 0.05078125
0 0.1328125 0.74921875 0.05078125 0.05
0 0.88203125 0.82265625 0.05234375 0.05234375
0 0.240625 0.83671875 0.0515625 0.0515625
0 0.97890625 0.740625 0.0421875 0.0515625
0 0.68984375 0.7875 0.05078125 0.05078125
0 0.3953125 0.65859375 0.0515625 0.0515625
0 0.0125 0.79921875 0.025 0.0515625
0 0.9125 0.9609375 0.05234375 0.05234375
0 0.1078125 0.70703125 0.0515625 0.0515625
0 0.3765625 0.9703125 0.05234375 0.05234375
0 0.028125 0.9328125 0.05078125 0.05078125
0 0.559375 0.83359375 0.05 0.05
0 0.3171875 0.52109375 0.05078125 0.053125
0 0.58515625 0.878125 0.0515625 0.0515625
0 0.240625 0.55859375 0.05234375 0.05
0 0.0296875 0.8375 0.05 0.05
0 0.3453125 0.74609375 0.0515625 0.053125
0 0.6328125 0.51953125 0.0515625 0.053125
0 0.13125 0.6625 0.05234375 0.05078125
0 0.3703125 0.7046875 0.0515625 0.05
0 0.6609375 0.74296875 0.05078125 0.05078125
0 0.26875 0.97578125 0.0515625 0.0484375
0 0.425 0.60546875 0.05234375 0.05234375
0 0.95859375 0.596875 0.05234375 0.0515625
0 0.26484375 0.7953125 0.05 0.05
0 0.9078125 0.78515625 0.05078125 0.05
0 0.66328125 0.8375 0.0515625 0.0515625
0 0.72265625 0.82421875 0.05078125 0.05078125
0 0.6109375 0.65703125 0.04921875 0.05078125
0 0.76875 0.7421875 0.0515625 0.05078125
0 0.16484375 0.97578125 0.0515625 0.0484375
0 0.16015625 0.70546875 0.0515625 0.0515625
0 0.53515625 0.8796875 0.05078125 0.05078125
0 0.4234375 0.70078125 0.053125 0.05234375
0 0.9296875 0.740625 0.05078125 0.0515625
0 0.8515625 0.7859375 0.05 0.05078125
0 0.45625 0.92578125 0.0515625 0.05234375
0 0.046875 0.52734375 0.04921875 0.04921875
0 0.69375 0.87890625 0.05078125 0.0515625
0 0.31875 0.796875 0.05078125 0.0515625
0 0.34375 0.65625 0.0515625 0.0515625
0 0.95390625 0.5078125 0.05234375 0.05390625
0 0.10390625 0.6171875 0.05078125 0.05234375
0 0.45703125 0.54453125 0.0484375 0.05
0 0.53203125 0.7921875 0.0515625 0.0515625
0 0.01328125 0.7078125 0.0265625 0.0515625
0 0.68671875 0.6125 0.05234375 0.05234375
0 0.48203125 0.7890625 0.05078125 0.0515625
0 0.10078125 0.5265625 0.04921875 0.05
0 0.42734375 0.79296875 0.0515625 0.05234375
0 0.48359375 0.975 0.0515625 0.05
0 0.76875 0.5546875 0.0515625 0.05
0 0.8453125 0.51796875 0.05 0.05
0 0.2671875 0.609375 0.0515625 0.05078125
0 0.2640625 0.703125 0.05078125 0.05234375
0 0.0265625 0.7515625 0.0515625 0.05
0 0.61640625 0.925 0.0515625 0.0515625
0 0.084375 0.83203125 0.05078125 0.05
0 0.18515625 0.7484375 0.05078125 0.0515625
0 0.3421875 0.56875 0.05078125 0.05078125
0 0.15390625 0.5234375 0.0515625 0.053125
0 0.853125 0.87734375 0.05078125 0.05234375
0 0.1859375 0.5640625 0.05234375 0.0515625
0 0.85 0.60078125 0.0515625 0.05234375
0 0.0265625 0.66015625 0.05 0.05078125
0 0.9390625 0.82109375 0.05078125 0.05078125
0 0.82578125 0.8296875 0.053125 0.05234375
0 0.93125 0.646875 0.0515625 0.05234375
0 0.0796875 0.75078125 0.0515625 0.05078125
0 0.5375 0.965625 0.05 0.05234375
0 0.053125 0.61953125 0.0515625 0.04921875
0 0.02421875 0.56875 0.0484375 0.05
0 0.51015625 0.54453125 0.05 0.0484375
0 0.5796875 0.51875 0.05078125 0.0515625
0 0.9328125 0.9203125 0.05078125 0.05078125
0 0.90703125 0.871875 0.05234375 0.05234375
0 0.5578125 0.65234375 0.0515625 0.05078125
0 0.69609375 0.9671875 0.05234375 0.05234375
0 0.81796875 0.56171875 0.04921875 0.05
0 0.48203125 0.503125 0.05 0.04921875
0 0.740625 0.70234375 0.05078125 0.05
0 0.73984375 0.5125 0.05234375 0.05390625
0 0.98046875 0.83046875 0.0390625 0.05
0 0.42421875 0.5078125 0.0515625 0.0515625
0 0.534375 0.5125 0.04765625 0.0484375
0 0.58046875 0.61328125 0.0515625 0.05
0 0.77421875 0.828125 0.05 0.0515625
0 0.97890625 0.55625 0.0421875 0.046875
0 0.86796875 0.56484375 0.05 0.05
0 0.10859375 0.78984375 0.05 0.05078125
0 0.2625 0.52734375 0.05078125 0.05078125
0 0.66328125 0.64609375 0.053125 0.05
0 0.7890625 0.51953125 0.04921875 0.05078125
0 0.90078125 0.51015625 0.05234375 0.05390625
0 0.01328125 0.5 0.0265625 0.05