0 0.2453125 0.93828125 0.05625 0.0375
0 0.02265625 0.85234375 0.0453125 0.0609375
0 0.17109375 0.890625 0.0625 0.0625
0 0.29609375 0.95 0.05625 0.0390625
0 0.0578125 0.5390625 0.0625 0.0640625
0 0.5203125 0.6515625 0.059375 0.059375
0 0.39921875 0.84765625 0.0625 0.0625
0 0.29296875 0.82421875 0.0625 0.0625
0 0.19140625 0.52734375 0.0625 0.0625
0 0.27578125 0.640625 0.0625 0.0625
0 0.2765625 0.775 0.0625 0.0625
0 0.4703125 0.50078125 0.0625 0.0640625
0 0.1390625 0.51875 0.0609375 0.0609375
0 0.10625 0.55625 0.0625 0.0625
0 0.15625 0.70234375 0.0625 0.0625
0 0.38046875 0.7984375 0.0625 0.0625
0 0.20859375 0.5796875 0.0625 0.0625
0 0.2234375 0.76640625 0.0640625 0.0640625
0 0.025 0.58125 0.05 0.0625
0 0.17421875 0.48046875 0.0640625 0.0625
0 0.32734375 0.78828125 0.0625 0.0625
0 0.0359375 0.63046875 0.0625 0.0625
0 0.56875 0.66328125 0.059375 0.0609375
0 0.3875 0.6578125 0.0640625 0.0640625
0 0.63828125 0.72265625 0.0609375 0.0609375
0 0.0875 0.64296875 0.0609375 0.0609375
0 0.34609375 0.8375 0.0625 0.0625
0 0.0125 0.8046875 0.025 0.0625
0 0.0140625 0.66796875 0.028125 0.0609375
0 0.34453125 0.70078125 0.0640625 0.0640625
0 0.26171875 0.59140625 0.0640625 0.0640625
0 0.40234375 0.975 0.0578125 0.0421875
0 0.1515625 0.84140625 0.0625 0.0625
0 0.32578125 0.925 0.0625 0.0625
0 0.415625 0.7609375 0.0625 0.0625
0 0.171875 0.75390625 0.0625 0.0625
0 0.2234375 0.9015625 0.0625 0.0625
0 0.1921875 0.6625 0.0640625 0.0640625
0 0.29609375 0.553125 0.0640625 0.0640625
0 0.309375 0.74140625 0.0625 0.0625
0 0.41796875 0.48984375 0.0609375 0.0609375
0 0.04453125 0.81796875 0.0625 0.0625
0 0.2421875 0.67734375 0.0625 0.0625
0 0.26015625 0.728125 0.0625 0.0625
0 0.0640625 0.8703125 0.0609375 0.0609375
0 0.37890625 0.934375 0.0625 0.0625
0 0.11796875 0.878125 0.0640625 0.0640625
0 0.52109375 0.5140625 0.0625 0.0640625
0 0.46796875 0.771875 0.0625 0.0609375
0 0.4484375 0.5875 0.059375 0.059375
0 0.50546875 0.86875 0.0625 0.0625
0 0.6734375 0.6875 0.0625 0.0625
0 0.58671875 0.71015625 0.0609375 0.0609375
0 0.13515625 0.79140625 0.0640625 0.0640625
0 0.2265625 0.49140625 0.0625 0.0625
0 0.2421875 0.54140625 0.0640625 0.0625
0 0.2546875 0.86328125 0.0625 0.0625
0 0.12109375 0.74375 0.0625 0.0625
0 0.17578125 0.61640625 0.0625 0.0625
0 0.203125 0.85546875 0.0625 0.0625
0 0.06875 0.7296875 0.0625 0.0625
0 0.10390625 0.6921875 0.0640625 0.0640625
0 0.48359375 0.82578125 0.059375 0.059375
0 0.4859375 0.6890625 0.0609375 0.0609375
0 0.60078125 0.625 0.0609375 0.0609375
0 0.0703125 0.59375 0.0625 0.0625
0 0.54921875 0.61328125 0.0625 0.0609375
0 0.55 0.75 0.0625 0.0625
0 0.43515625 0.81015625 0.0625 0.0625
0 0.1859375 0.80390625 0.0625 0.0625
0 0.5 0.7390625 0.0609375 0.0609375
0 0.00703125 0.615625 0.0140625 0.0625
0 0.10546875 0.41953125 0.0640625 0.0640625
0 0.03515625 0.8875 0.0578125 0.0359375
0 0.02421875 0.71484375 0.0484375 0.0640625
0 0.5 0.60078125 0.059375 0.0609375
0 0.32578125 0.6546875 0.0625 0.0625
0 0.5859375 0.575 0.0625 0.0625
0 0.27421875 0.9125 0.0625 0.0625
0 0.28203125 0.503125 0.0625 0.0625
0 0.440625 0.6703125 0.0609375 0.0609375
0 0.31640625 0.465625 0.0609375 0.0609375
0 0.36875 0.6078125 0.0625 0.0625
0 0.39375 0.715625 0.0609375 0.0609375
0 0.534375 0.565625 0.0609375 0.0609375
0 0.15859375 0.56640625 0.0625 0.0625
0 0.4828125 0.553125 0.0625 0.0625
0 0.51796875 0.7890625 0.0609375 0.059375
0 0.29140625 0.690625 0.0625 0.0625
0 0.22578125 0.62578125 0.0625 0.0625
0 0.3109375 0.871875 0.0640625 0.0640625
0 0.096875 0.83046875 0.0640625 0.0640625
0 0.190625 0.92578125 0.05625 0.0359375
0 0.57265625 0.528125 0.0625 0.0625
0 0.41875 0.62265625 0.0609375 0.0609375
0 0.20703125 0.71484375 0.0625 0.0625
0 0.4171875 0.8953125 0.0625 0.0625
0 0.1203125 0.6046875 0.0625 0.0609375
0 0.26328125 0.45546875 0.0625 0.0625
0 0.346875 0.9625 0.05625 0.0390625
0 0.6375 0.58828125 0.0609375 0.0609375
0 0.3140625 0.60234375 0.0625 0.0625
0 0.61796875 0.6765625 0.0609375 0.059375
0 0.67421875 0.55234375 0.059375 0.0609375
0 0.00703125 0.48359375 0.0140625 0.0515625
0 0.434375 0.53828125 0.0609375 0.0609375
0 0.0828125 0.7765625 0.0640625 0.0625
0 0.62578125 0.5390625 0.0625 0.0625
0 0.1609375 0.43046875 0.0640625 0.065625
0 0.03046875 0.7640625 0.0609375 0.0625
0 0.3609375 0.88828125 0.0625 0.0625
0 0.1390625 0.65 0.0625 0.0625
0 0.23828125 0.81640625 0.0625 0.0625
0 0.35 0.56015625 0.0625 0.0625
0 0.3859375 0.5265625 0.059375 0.059375
0 0.44609375 0.725 0.0609375 0.0609375
0 0.028125 0.43515625 0.05625 0.0609375
0 0.11640625 0.475 0.0625 0.0609375
0 0.6875 0.5953125 0.059375 0.0609375
0 0.5359375 0.69921875 0.0609375 0.0609375
0 0.36171875 0.75078125 0.0609375 0.0609375
0 0.04921875 0.68203125 0.0609375 0.0609375
0 0.33046875 0.515625 0.059375 0.0609375
0 0.65390625 0.63671875 0.0609375 0.0609375
0 0.60234375 0.834375 0.0578125 0.0578125
0 0.45 0.9828125 0.05625 0.034375
0 0.01875 0.5265625 0.0375 0.0625
0 0.053125 0.4765625 0.0625 0.0609375
0 0.68515625 0.7515625 0.0609375 0.0609375
0 0.7171875 0.6421875 0.0625 0.0625
0 0.2109375 0.44140625 0.0640625 0.0640625
0 0.42734375 0.95234375 0.059375 0.0609375
0 0.45 0.8578125 0.0625 0.0625
0 0.578125 0.790625 0.0625 0.0625
0 0.60390625 0.7609375 0.0625 0.0625
0 0.75390625 0.60546875 0.059375 0.059375
0 0.4640625 0.91484375 0.0578125 0.0578125
0 0.53515625 0.83125 0.0625 0.059375
0 0.02421875 0.3890625 0.0359375 0.0578125
0 0.72734375 0.5640625 0.0625 0.0609375
0 0.47578125 0.6359375 0.059375 0.0578125
0 0.0953125 0.49921875 0.059375 0.059375
0 0.56953125 0.871875 0.0609375 0.0625
0 0.49453125 0.9484375 0.0609375 0.059375
0 0.36640625 0.47890625 0.059375 0.059375
0 0.53203125 0.9109375 0.0609375 0.059375
0 0.403125 0.57109375 0.059375 0.0609375
0 0.64765625 0.77265625 0.05625 0.0546875
0 0.059375 0.40390625 0.0578125 0.0578125
0 0.74921875 0.67421875 0.0578125 0.05625
0 0.7234375 0.703125 0.0609375 0.0625
0 0.79609375 0.62890625 0.0578125 0.0578125
0 0.82734375 0.590625 0.059375 0.059375
0 0.6296875 0.79609375 0.0546875 0.0546875
0 0.77734375 0.57734375 0.059375 0.0625