0 0.459375 0.92578125 0.053125 0.0515625
0 0.59609375 0.61328125 0.05 0.0515625
0 0.69609375 0.88125 0.05234375 0.05234375
0 0.66953125 0.928125 0.05078125 0.0515625
0 0.53671875 0.97109375 0.05078125 0.0515625
0 0.9421875 0.5734375 0.0515625 0.0515625
0 0.06953125 0.60625 0.0515625 0.05234375
0 0.9140625 0.70390625 0.0515625 0.0515625
0 0.465625 0.65859375 0.05078125 0.0515625
0 0.984375 0.6578125 0.03125 0.0515625
0 0.3875 0.61484375 0.05234375 0.05078125
0 0.7765625 0.925 0.05234375 0.0515625
0 0.8546875 0.884375 0.0515625 0.0515625
0 0.6953125 0.9703125 0.0515625 0.0515625
0 0.62265625 0.56640625 0.0515625 0.0515625
0 0.19921875 0.65 0.05 0.0515625
0 0.59453125 0.70078125 0.05078125 0.05
0 0.51640625 0.65859375 0.05 0.0515625
0 0.37734375 0.97109375 0.05078125 0.0515625
0 0.1234375 0.509375 0.053125 0.05390625
0 0.04453125 0.5609375 0.053125 0.053125
0 0.12109375 0.60703125 0.0515625 0.05234375
0 0.0421875 0.65234375 0.053125 0.053125
0 0.75 0.8796875 0.05234375 0.053125
0 0.7484375 0.9671875 0.05078125 0.0515625
0 0.54375 0.615625 0.05234375 0.05234375
0 0.78203125 0.571875 0.0515625 0.0515625
0 0.2203125 0.8765625 0.05 0.05078125
0 0.146875 0.6546875 0.0515625 0.0515625
0 0.90625 0.88046875 0.0515625 0.0515625
0 0.5140625 0.74375 0.04921875 0.04921875
0 0.83203125 0.83984375 0.05078125 0.0515625
0 0.0671875 0.696875 0.0515625 0.0515625
0 0.40390625 0.921875 0.0515625 0.0515625
0 0.35546875 0.74375 0.05078125 0.05078125
0 0.51875 0.56796875 0.0515625 0.05234375
0 0.29765625 0.921875 0.0515625 0.05078125
0 0.11640625 0.6953125 0.05078125 0.05078125
0 0.94140625 0.6609375 0.0515625 0.0515625
0 0.1921875 0.91953125 0.05078125 0.0515625
0 0.78203125 0.6609375 0.05234375 0.05234375
0 0.83046875 0.93046875 0.0515625 0.0515625
0 0.70234375 0.6140625 0.053125 0.05234375
0 0.14375 0.740625 0.05234375 0.05078125
0 0.8609375 0.7046875 0.0515625 0.0515625
0 0.8359375 0.57265625 0.05234375 0.0515625
0 0.98203125 0.83515625 0.0359375 0.0515625
0 0.58828125 0.97109375 0.0515625 0.05234375
0 0.70234375 0.703125 0.0515625 0.05078125
0 0.615625 0.9234375 0.053125 0.0515625
0 0.01640625 0.78359375 0.0328125 0.0515625
0 0.9140625 0.52421875 0.05234375 0.0546875
0 0.91484375 0.615625 0.0515625 0.05234375
0 0.3796875 0.878125 0.05234375 0.0515625
0 0.54140625 0.7015625 0.0515625 0.05
0 0.85625 0.97421875 0.05234375 0.0515625
0 0.28125 0.609375 0.05078125 0.0515625
0 0.27734375 0.6953125 0.0515625 0.0515625
0 0.428125 0.96875 0.0515625 0.05234375
0 0.16484375 0.96796875 0.0515625 0.05234375
0 0.46796875 0.5609375 0.05 0.05078125
0 0.546875 0.52578125 0.05078125 0.053125
0 0.75546875 0.61484375 0.05078125 0.0515625
0 0.36015625 0.5640625 0.053125 0.05390625
0 0.7546875 0.52578125 0.05078125 0.05390625
0 0.35 0.92265625 0.05078125 0.0515625
0 0.19296875 0.7390625 0.04921875 0.04921875
0 0.08515625 0.9234375 0.05078125 0.0515625
0 0.88828125 0.5734375 0.0515625 0.0515625
0 0.24453125 0.9234375 0.05078125 0.05
0 0.5375 0.878125 0.05078125 0.05078125
0 0.6765625 0.65859375 0.0515625 0.0515625
0 0.38828125 0.50625 0.05234375 0.053125
0 0.22890625 0.6125 0.04921875 0.0484375
0 0.5640625 0.74140625 0.0515625 0.05
0 0.778125 0.83515625 0.05234375 0.05078125
0 0.59765625 0.52421875 0.0515625 0.053125
0 0.3578125 0.6578125 0.05078125 0.05078125
0 0.3234375 0.96640625 0.0515625 0.05078125
0 0.75625 0.70703125 0.0515625 0.05
0 0.83671875 0.66171875 0.05234375 0.0515625
0 0.26796875 0.96328125 0.05078125 0.05078125
0 0.1140625 0.878125 0.05078125 0.0515625
0 0.43203125 0.87890625 0.0515625 0.05234375
0 0.16640625 0.875 0.05234375 0.05
0 0.91328125 0.79609375 0.05234375 0.05234375
0 0.48203125 0.96796875 0.053125 0.053125
0 0.3078125 0.65703125 0.0515625 0.05078125
0 0.4359375 0.6984375 0.05234375 0.0515625
0 0.9078125 0.97578125 0.05 0.0484375
0 0.9375 0.84375 0.05078125 0.05078125
0 0.96875 0.70625 0.0515625 0.05078125
0 0.66953125 0.834375 0.05078125 0.05078125
0 0.5109375 0.92734375 0.05078125 0.0515625
0 0.86171875 0.6171875 0.05234375 0.053125
0 0.40546875 0.7453125 0.05078125 0.05
0 0.3015625 0.74296875 0.0515625 0.05078125
0 0.48515625 0.87890625 0.05234375 0.0515625
0 0.20546875 0.56875 0.05 0.05
0 0.03125 0.9171875 0.05234375 0.05234375
0 0.3265625 0.78515625 0.05078125 0.0515625
0 0.27421875 0.87734375 0.05 0.0515625
0 0.11796875 0.78671875 0.05 0.05234375
0 0.56015625 0.91953125 0.0515625 0.05234375
0 0.2171875 0.96796875 0.0515625 0.0515625
0 0.1515625 0.55703125 0.05390625 0.053125
0 0.9390625 0.93515625 0.05078125 0.04921875
0 0.35546875 0.83359375 0.0515625 0.0515625
0 0.6171875 0.8375 0.05234375 0.05234375
0 0.11015625 0.965625 0.0515625 0.05078125
0 0.67578125 0.57578125 0.05234375 0.05078125
0 0.67265625 0.74765625 0.05078125 0.0515625
0 0.4625 0.746875 0.05078125 0.04921875
0 0.19296875 0.834375 0.05 0.05
0 0.45859375 0.8328125 0.0515625 0.0515625
0 0.03828125 0.7421875 0.0515625 0.05078125
0 0.1421875 0.834375 0.05078125 0.05078125
0 0.859375 0.79453125 0.05234375 0.05234375
0 0.590625 0.88046875 0.05078125 0.05078125
0 0.3828125 0.7 0.0515625 0.05078125
0 0.23046875 0.52265625 0.05 0.053125
0 0.32421875 0.8765625 0.053125 0.05234375
0 0.0640625 0.78671875 0.05234375 0.05234375
0 0.64375 0.88046875 0.0515625 0.05078125
0 0.621875 0.6578125 0.05234375 0.0515625
0 0.059375 0.8734375 0.0515625 0.05078125
0 0.80078125 0.9703125 0.05234375 0.05234375
0 0.48828125 0.61015625 0.05078125 0.05234375
0 0.49453125 0.51015625 0.053125 0.0546875
0 0.09140625 0.740625 0.05078125 0.0515625
0 0.80234375 0.884375 0.05078125 0.0515625
0 0.65078125 0.5234375 0.053125 0.05546875
0 0.8078125 0.70546875 0.05078125 0.0515625
0 0.98203125 0.92890625 0.0359375 0.05
0 0.484375 0.7875 0.04921875 0.04921875
0 0.721875 0.92578125 0.05234375 0.05234375
0 0.28203125 0.51953125 0.0515625 0.053125
0 0.0140625 0.959375 0.028125 0.0515625
0 0.72578125 0.74765625 0.05234375 0.0515625
0 0.1359375 0.91953125 0.05234375 0.05234375
0 0.53671875 0.7875 0.0515625 0.0515625
0 0.5125 0.83828125 0.05078125 0.05234375
0 0.64296875 0.96953125 0.05234375 0.053125
0 0.78125 0.74921875 0.05078125 0.05078125
0 0.3796875 0.7890625 0.05078125 0.05078125
0 0.83203125 0.7515625 0.0515625 0.05078125
0 0.29921875 0.8328125 0.05234375 0.0515625
0 0.7296875 0.57109375 0.0515625 0.0515625
0 0.24765625 0.7375 0.05078125 0.05
0 0.0890625 0.83359375 0.0515625 0.05078125
0 0.56953125 0.659375 0.0515625 0.05078125
0 0.01640625 0.87421875 0.0328125 0.05
0 0.80703125 0.6171875 0.05234375 0.053125
0 0.05859375 0.96640625 0.05234375 0.0515625
0 0.8875 0.66328125 0.0515625 0.0515625
0 0.17890625 0.51171875 0.05234375 0.05234375
0 0.9671875 0.525 0.0515625 0.0546875
0 0.43203125 0.78515625 0.05078125 0.05078125
0 0.5890625 0.784375 0.05078125 0.05234375
0 0.8609375 0.52421875 0.0515625 0.0546875
0 0.034375 0.828125 0.0515625 0.05234375
0 0.725 0.83515625 0.05234375 0.0515625
0 0.80625 0.79609375 0.05078125 0.05078125
0 0.9671875 0.61875 0.0515625 0.05078125
0 0.2484375 0.65078125 0.0515625 0.05
0 0.8078125 0.525 0.05234375 0.05546875
0 0.9390625 0.7484375 0.05078125 0.0515625
0 0.88671875 0.840625 0.05078125 0.05078125
0 0.3328125 0.52265625 0.0515625 0.05390625
0 0.7515625 0.7921875 0.0515625 0.05
0 0.2234375 0.69453125 0.05078125 0.05
0 0.728125 0.66015625 0.0515625 0.0515625
0 0.8859375 0.74921875 0.0515625 0.05234375
0 0.98359375 0.75546875 0.0328125 0.0515625
0 0.62265625 0.74921875 0.05 0.05
0 0.021875 0.51484375 0.04375 0.053125
0 0.09765625 0.56171875 0.0515625 0.053125
0 0.1703125 0.6953125 0.0515625 0.0515625
0 0.30546875 0.56640625 0.05234375 0.05078125
0 0.24140625 0.825 0.0515625 0.05234375
0 0.17578125 0.60625 0.05078125 0.05
0 0.5703125 0.5703125 0.05 0.05
0 0.41953125 0.5640625 0.0515625 0.05234375
0 0.5640625 0.8328125 0.0515625 0.05078125
0 0.40703125 0.8328125 0.05078125 0.05
0 0.98515625 0.57734375 0.0296875 0.05
0 0.96640625 0.796875 0.0515625 0.05
0 0.07109375 0.515625 0.05234375 0.053125
0 0.8828125 0.9296875 0.05078125 0.0515625
0 0.64921875 0.7046875 0.0515625 0.0515625
0 0.33203125 0.6125 0.0515625 0.05234375
0 0.7015625 0.79140625 0.05078125 0.0515625
0 0.490625 0.703125 0.05 0.05078125
0 0.96171875 0.88515625 0.0515625 0.0515625
0 0.09609375 0.65625 0.05 0.05
0 0.33046875 0.70234375 0.04921875 0.05078125
0 0.021875 0.6078125 0.04375 0.05
0 0.64296875 0.7921875 0.05078125 0.05078125
0 0.2765625 0.78671875 0.0515625 0.05078125
0 0.253125 0.56796875 0.04921875 0.05
0 0.64765625 0.6125 0.0515625 0.05078125
0 0.16640625 0.7890625 0.05 0.05
0 0.95859375 0.9703125 0.05078125 0.05078125
0 0.41015625 0.65390625 0.0515625 0.05078125
0 0.02109375 0.70078125 0.0421875 0.0515625
0 0.44375 0.60703125 0.04921875 0.05
0 0.70546875 0.52734375 0.05 0.05234375
0 0.21796875 0.7828125 0.05078125 0.0515625
0 0.44375 0.51484375 0.04921875 0.05