0 0.028125 0.725 0.05625 0.0625
0 0.2828125 0.5890625 0.0640625 0.065625
0 0.190625 0.4734375 0.0640625 0.0640625
0 0.3609375 0.0921875 0.0625 0.0625
0 0.18828125 0.01640625 0.0640625 0.0328125
0 0.3296875 0.01015625 0.0625 0.0203125
0 0.15 0.796875 0.0640625 0.065625
0 0.534375 0.31875 0.0640625 0.0640625
0 0.30078125 0.3578125 0.0609375 0.0625
0 0.82734375 0.14609375 0.0640625 0.0640625
0 0.484375 0.02890625 0.0625 0.0578125
0 0.57109375 0.01640625 0.0578125 0.0328125
0 0.07890625 0.73359375 0.0625 0.0625
0 0.0921875 0.12109375 0.0375 0.0578125
0 0.36015625 0.23359375 0.0625 0.0625
0 0.29296875 0.0296875 0.0640625 0.059375
0 0.321875 0.2703125 0.0625 0.0640625
0 0.13984375 0.4640625 0.0625 0.0625
0 0.09453125 0.7875 0.0640625 0.0640625
0 0.44921875 0.06328125 0.0625 0.0625
0 0.15703125 0.51328125 0.0640625 0.0640625
0 0.25234375 0.20703125 0.0640625 0.0640625
0 0.0109375 0.76171875 0.021875 0.0640625
0 0.4109375 0.24453125 0.0640625 0.0640625
0 0.12265625 0.41328125 0.0640625 0.065625
0 0.64375 0.0625 0.0640625 0.0640625
0 0.14296875 0.3234375 0.0609375 0.0609375
0 0.109375 0.225 0.0625 0.0625
0 0.06171875 0.825 0.0640625 0.0640625
0 0.1984375 0.19765625 0.0625 0.0625
0 0.37109375 0.56171875 0.0640625 0.0640625
0 0.46484375 0.0046875 0.0546875 0.009375
0 0.51796875 0.40625 0.0640625 0.0640625
0 0.18984375 0.61796875 0.0640625 0.0640625
0 0.121875 0.5546875 0.0625 0.0640625
0 0.0359375 0.43671875 0.0640625 0.065625
0 0.53828125 0.03984375 0.0625 0.0625
0 0.17109375 0.846875 0.0640625 0.0640625
0 0.02421875 0.528125 0.0484375 0.065625
0 0.2328125 0.29609375 0.0640625 0.0640625
0 0.17109375 0.56796875 0.0640625 0.0640625
0 0.696875 0.075 0.0625 0.0640625
0 0.5171875 0.01015625 0.05625 0.0203125
0 0.3421875 0.18046875 0.0640625 0.0640625
0 0.2265625 0.57578125 0.065625 0.065625
0 0.62578125 0.0265625 0.05625 0.0328125
0 0.2078125 0.80703125 0.0640625 0.0625
0 0.12578125 0.2734375 0.0609375 0.0625
0 0.44375 0.34375 0.0640625 0.065625
0 0.0703125 0.21171875 0.0390625 0.0578125
0 0.39765625 0.05234375 0.0640625 0.0640625
0 0.51640625 0.26875 0.0640625 0.0640625
0 0.8015625 0.1 0.0625 0.0625
0 0.34609375 0.03984375 0.0625 0.0625
0 0.29921875 0.5 0.0625 0.0625
0 0.07109375 0.54140625 0.0640625 0.0640625
0 0.4265625 0.29609375 0.0640625 0.0640625
0 0.60703125 0.103125 0.0640625 0.0640625
0 0.51953125 0.13046875 0.0625 0.0625
0 0.09609375 0.1703125 0.0640625 0.0640625
0 0.584375 0.3328125 0.0640625 0.0640625
0 0.3828125 0.01640625 0.0625 0.0328125
0 0.0796875 0.87578125 0.065625 0.0640625
0 0.2875 0.16796875 0.0640625 0.0640625
0 0.2453125 0.4890625 0.0625 0.0625
0 0.2703125 0.25703125 0.0640625 0.065625
0 0.23984375 0.0234375 0.0640625 0.046875
0 0.72734375 0.0515625 0.0546875 0.0328125
0 0.48203125 0.30703125 0.065625 0.065625
0 0.209375 0.52421875 0.0625 0.0625
0 0.4046875 0.52421875 0.0640625 0.0640625
0 0.1828125 0.14375 0.0625 0.0640625
0 0.16171875 0.2375 0.0625 0.0625
0 0.71015625 0.128125 0.0625 0.0625
0 0.44765625 0.20546875 0.0640625 0.0640625
0 0.10390625 0.50390625 0.0640625 0.0640625
0 0.0703125 0.39921875 0.0640625 0.0640625
0 0.6234375 0.153125 0.0625 0.0625
0 0.41328125 0.103125 0.0625 0.0625
0 0.17109375 0.70859375 0.065625 0.065625
0 0.49921875 0.21640625 0.0640625 0.0640625
0 0.6953125 0.215625 0.0609375 0.0609375
0 0.14609375 0.18359375 0.0625 0.0625
0 0.08984375 0.31171875 0.0625 0.0625
0 0.7796875 0.065625 0.05625 0.034375
0 0.06171875 0.684375 0.0640625 0.0640625
0 0.0125 0.62109375 0.025 0.0640625
0 0.76640625 0.13828125 0.065625 0.065625
0 0.13125 0.13203125 0.0640625 0.0640625
0 0.1125 0.034375 0.0359375 0.05625
0 0.13515625 0.60546875 0.0640625 0.065625
0 0.1890625 0.7578125 0.0640625 0.065625
0 0.30859375 0.0796875 0.0640625 0.0640625
0 0.21171875 0.38515625 0.0625 0.0625
0 0.0453125 0.63359375 0.0625 0.0625
0 0.0515625 0.490625 0.0640625 0.0640625
0 0.0828125 0.59296875 0.0640625 0.0640625
0 0.2828125 0.45 0.0640625 0.0640625
0 0.13671875 0.01015625 0.0609375 0.0203125
0 0.115625 0.69453125 0.0640625 0.0640625
0 0.01953125 0.81171875 0.0390625 0.0640625
0 0.2546875 0.06875 0.0625 0.0625
0 0.3875 0.33359375 0.0640625 0.0640625
0 0.55390625 0.090625 0.0625 0.0625
0 0.4796875 0.446875 0.065625 0.0640625
0 0.07578125 0.26484375 0.0625 0.0625
0 0.08671875 0.4515625 0.0640625 0.0640625
0 0.40390625 0.38203125 0.0640625 0.0640625
0 0.0203125 0.67109375 0.040625 0.0640625
0 0.4328125 0.0234375 0.0625 0.046875
0 0.78359375 0.18828125 0.0640625 0.0640625
0 0.4640625 0.25546875 0.0640625 0.0640625
0 0.3734375 0.28359375 0.0640625 0.0640625
0 0.24375 0.63125 0.0640625 0.065625
0 0.15078125 0.03984375 0.0640625 0.0640625
0 0.428125 0.1546875 0.0625 0.0625
0 0.640625 0.19921875 0.0625 0.0625
0 0.0421875 0.7734375 0.0625 0.0640625
0 0.29453125 0.64140625 0.0640625 0.0625
0 0.4578125 0.39765625 0.0640625 0.0640625
0 0.203125 0.05546875 0.0640625 0.0640625
0 0.46796875 0.1140625 0.0640625 0.0640625
0 0.4953125 0.35703125 0.0640625 0.0640625
0 0.62265625 0.290625 0.0640625 0.0640625
0 0.2609375 0.68203125 0.0625 0.0625
0 0.23515625 0.15390625 0.0625 0.0625
0 0.1671875 0.0921875 0.0640625 0.0640625
0 0.23046875 0.4359375 0.0640625 0.0640625
0 0.178125 0.284375 0.0640625 0.0625
0 0.26484375 0.396875 0.0625 0.0625
0 0.1984375 0.3328125 0.0640625 0.0625
0 0.5015625 0.07734375 0.0625 0.0625
0 0.38671875 0.4734375 0.0640625 0.0640625
0 0.05625 0.34765625 0.0625 0.0625
0 0.57109375 0.27734375 0.065625 0.0640625
0 0.21484375 0.24453125 0.0640625 0.0640625
0 0.36953125 0.4234375 0.0609375 0.059375
0 0.534375 0.17890625 0.0625 0.0625
0 0.584375 0.19296875 0.0625 0.0625
0 0.03125 0.58046875 0.0625 0.0640625
0 0.115625 0.0828125 0.0625 0.0625
0 0.028125 0.3890625 0.040625 0.0578125
0 0.2859375 0.30703125 0.0625 0.0625
0 0.015625 0.478125 0.03125 0.059375
0 0.35 0.5140625 0.0640625 0.0640625
0 0.20703125 0.66796875 0.065625 0.065625
0 0.609375 0.23828125 0.0640625 0.0640625
0 0.48125 0.165625 0.0625 0.0625
0 0.67421875 0.16875 0.0625 0.0609375
0 0.31796875 0.4109375 0.0625 0.0625
0 0.56796875 0.421875 0.0609375 0.059375
0 0.33515625 0.321875 0.0625 0.0625
0 0.66015625 0.115625 0.0625 0.0625
0 0.0265625 0.8640625 0.053125 0.0625
0 0.334375 0.6 0.0640625 0.0640625
0 0.390625 0.6109375 0.0609375 0.0609375
0 0.1140625 0.83828125 0.0640625 0.0640625
0 0.590625 0.053125 0.0640625 0.0640625
0 0.5515625 0.23125 0.0640625 0.0640625
0 0.6015625 0.378125 0.0609375 0.0609375
0 0.32421875 0.1296875 0.0640625 0.0640625
0 0.2484375 0.3484375 0.0640625 0.0640625
0 0.15078125 0.65625 0.0640625 0.0640625
0 0.32265625 0.684375 0.065625 0.0640625
0 0.3515625 0.3703125 0.0625 0.0625
0 0.215625 0.10859375 0.0609375 0.0609375
0 0.09921875 0.6453125 0.0625 0.0625
0 0.534375 0.45546875 0.0609375 0.0609375
0 0.334375 0.45859375 0.0609375 0.0609375
0 0.571875 0.13984375 0.0640625 0.0640625
0 0.728125 0.17578125 0.0640625 0.0640625
0 0.3140625 0.55234375 0.0640625 0.0625
0 0.41953125 0.43515625 0.0640625 0.0640625
0 0.16015625 0.371875 0.0625 0.0625
0 0.67734375 0.03984375 0.0546875 0.034375
0 0.3765625 0.14453125 0.0625 0.0625
0 0.715625 0.26328125 0.0625 0.0625
0 0.6609375 0.25078125 0.0625 0.0625
0 0.7453125 0.0890625 0.0625 0.0625
0 0.678125 0.303125 0.0640625 0.065625
0 0.44375 0.48046875 0.065625 0.065625
0 0.45859375 0.53984375 0.0640625 0.065625
0 0.55 0.37109375 0.0625 0.0625
0 0.30625 0.22109375 0.0640625 0.0640625
0 0.74765625 0.225 0.0625 0.0625
0 0.26953125 0.11796875 0.0625 0.0625
0 0.0484375 0.30390625 0.0390625 0.0546875
0 0.1078125 0.3609375 0.0640625 0.0640625
0 0.17421875 0.42421875 0.0625 0.0625
0 0.50078125 0.4953125 0.0625 0.0640625
0 0.39453125 0.19375 0.0625 0.0625
0 0.63984375 0.3421875 0.0625 0.0640625
0 0.42265625 0.57421875 0.0609375 0.0609375
0 0.35625 0.64453125 0.0640625 0.0625
0 0.134375 0.88828125 0.065625 0.0640625
0 0.2234375 0.7203125 0.0625 0.0625
0 0.13125 0.746875 0.0625 0.0625
0 0.24765625 0.7671875 0.0640625 0.0625
0 0.2640625 0.53046875 0.0640625 0.0640625
0 0.28203125 0.7296875 0.0625 0.0625
0 0.86171875 0.10390625 0.0609375 0.0609375