0 0.36015625 0.60546875 0.0609375 0.0609375
0 0.89609375 0.44296875 0.059375 0.0609375
0 0.8734375 0.81015625 0.0609375 0.0625
0 0.80625 0.87265625 0.0609375 0.0609375
0 0.33515625 0.83984375 0.0609375 0.0609375
0 0.70078125 0.89609375 0.0609375 0.0609375
0 0.228125 0.728125 0.0609375 0.0609375
0 0.4234375 0.8671875 0.0609375 0.0609375
0 0.8203125 0.82109375 0.0609375 0.0609375
0 0.35546875 0.9265625 0.0609375 0.0625
0 0.91484375 0.5265625 0.059375 0.0609375
0 0.5578125 0.74921875 0.0609375 0.0609375
0 0.48984375 0.80703125 0.0609375 0.0609375
0 0.9453125 0.8875 0.0609375 0.0625
0 0.9609375 0.8390625 0.0609375 0.0609375
0 0.56328125 0.8796875 0.0609375 0.0609375
0 0.39140625 0.965625 0.0609375 0.0609375
0 0.28671875 0.97890625 0.0609375 0.0421875
0 0.14140625 0.70234375 0.059375 0.0609375
0 0.85859375 0.8625 0.0609375 0.0609375
0 0.73359375 0.79453125 0.0625 0.0609375
0 0.19609375 0.82734375 0.0609375 0.0609375
0 0.1140625 0.93515625 0.0609375 0.0625
0 0.671875 0.53359375 0.0609375 0.0625
0 0.625 0.68359375 0.0609375 0.0609375
0 0.78125 0.64765625 0.0609375 0.0625
0 0.57890625 0.834375 0.0609375 0.0609375
0 0.6359375 0.9578125 0.059375 0.0578125
0 0.840625 0.90859375 0.0609375 0.0625
0 0.18046875 0.8765625 0.0609375 0.0609375
0 0.159375 0.6546875 0.0578125 0.0578125
0 0.68515625 0.94609375 0.059375 0.059375
0 0.37578125 0.99140625 0.0609375 0.0171875
0 0.26875 0.90390625 0.0609375 0.0609375
0 0.2171875 0.91484375 0.059375 0.059375
0 0.44140625 0.95703125 0.0609375 0.0609375
0 0.24296875 0.67734375 0.0609375 0.0609375
0 0.2 0.96171875 0.0609375 0.0609375
0 0.2828125 0.8515625 0.0609375 0.0609375
0 0.303125 0.93984375 0.0609375 0.0609375
0 0.51875 0.571875 0.059375 0.059375
0 0.2484375 0.815625 0.0609375 0.0609375
0 0.45859375 0.90703125 0.0609375 0.0609375
0 0.47890625 0.98046875 0.0609375 0.0390625
0 0.09375 0.84921875 0.0609375 0.0609375
0 0.98515625 0.5515625 0.0296875 0.0625
0 0.97265625 0.78828125 0.0546875 0.0609375
0 0.07265625 0.76015625 0.0609375 0.0609375
0 0.2953125 0.66796875 0.0609375 0.0609375
0 0.64296875 0.7703125 0.0609375 0.0609375
0 0.53984375 0.65546875 0.0609375 0.0609375
0 0.84921875 0.584375 0.0609375 0.0625
0 0.990625 0.82578125 0.01875 0.0609375
0 0.17734375 0.7390625 0.0625 0.0625
0 0.76953125 0.8328125 0.0609375 0.0625
0 0.52734375 0.84296875 0.0609375 0.0609375
0 0.23515625 0.9828125 0.0609375 0.034375
0 0.3828125 0.69453125 0.059375 0.0609375
0 0.12734375 0.88359375 0.0625 0.0609375
0 0.14765625 0.97265625 0.0609375 0.0546875
0 0.46640625 0.578125 0.059375 0.059375
0 0.76171875 0.55390625 0.0609375 0.0609375
0 0.74453125 0.60625 0.0609375 0.0625
0 0.4015625 0.78125 0.059375 0.0609375
0 0.71640625 0.84140625 0.0609375 0.0609375
0 0.8015625 0.73671875 0.0625 0.0609375
0 0.88828125 0.76015625 0.0625 0.0609375
0 0.48671875 0.6671875 0.0625 0.0640625
0 0.73984375 0.4703125 0.0609375 0.0625
0 0.7078125 0.5734375 0.0625 0.0625
0 0.41171875 0.59296875 0.0609375 0.0625
0 0.45078125 0.6296875 0.0625 0.0625
0 0.86484375 0.53984375 0.059375 0.059375
0 0.4765625 0.85859375 0.0609375 0.0609375
0 0.37265625 0.88046875 0.059375 0.059375
0 0.78359375 0.78359375 0.0609375 0.0609375
0 0.796875 0.59609375 0.0625 0.0625
0 0.5828125 0.96796875 0.0625 0.059375
0 0.51328125 0.89921875 0.0609375 0.0609375
0 0.93046875 0.47734375 0.059375 0.059375
0 0.30859375 0.62109375 0.0609375 0.0609375
0 0.53046875 0.975 0.0609375 0.05
0 0.27421875 0.57890625 0.0609375 0.0625
0 0.665625 0.853125 0.0609375 0.0609375
0 0.621875 0.54375 0.059375 0.059375
0 0.1234375 0.7484375 0.0625 0.0625
0 0.925 0.7984375 0.0609375 0.0625
0 0.909375 0.85234375 0.0609375 0.0625
0 0.95625 0.70234375 0.0625 0.0609375
0 0.07265625 0.625 0.059375 0.059375
0 0.63984375 0.63671875 0.0609375 0.0609375
0 0.61484375 0.87265625 0.059375 0.059375
0 0.86875 0.675 0.0609375 0.0609375
0 0.73671875 0.93359375 0.0625 0.0625
0 0.35234375 0.7921875 0.059375 0.059375
0 0.19140625 0.69296875 0.0609375 0.0609375
0 0.33828125 0.9734375 0.0609375 0.053125
0 0.08984375 0.70546875 0.0625 0.0625
0 0.9703125 0.6515625 0.059375 0.0625
0 0.8828125 0.6265625 0.0625 0.0609375
0 0.75546875 0.88515625 0.0625 0.0625
0 0.83203125 0.5 0.059375 0.059375
0 0.98046875 0.73671875 0.0390625 0.0609375
0 0.47109375 0.7203125 0.0625 0.0609375
0 0.321875 0.89140625 0.059375 0.059375
0 0.3875 0.82890625 0.0609375 0.0609375
0 0.40703125 0.91796875 0.059375 0.0609375
0 0.55546875 0.60703125 0.0609375 0.0609375
0 0.74921875 0.74921875 0.0609375 0.0609375
0 0.9390625 0.74921875 0.0609375 0.0609375
0 0.81640625 0.68515625 0.0609375 0.0625
0 0.7125 0.709375 0.059375 0.059375
0 0.50703125 0.75703125 0.0609375 0.0609375
0 0.8359375 0.77265625 0.0609375 0.0609375
0 0.95 0.56640625 0.0609375 0.0609375
0 0.59296875 0.7859375 0.0609375 0.0609375
0 0.67890625 0.6734375 0.0609375 0.0609375
0 0.3984375 0.64453125 0.0625 0.0625
0 0.9828125 0.875 0.034375 0.0625
0 0.6484375 0.9109375 0.0609375 0.0609375
0 0.8453125 0.4484375 0.0609375 0.0625
0 0.778125 0.50078125 0.0609375 0.059375
0 0.6296875 0.8171875 0.059375 0.059375
0 0.91953125 0.6625 0.0609375 0.0625
0 0.69296875 0.625 0.0625 0.0609375
0 0.93515625 0.61640625 0.0609375 0.059375
0 0.37890625 0.55859375 0.059375 0.059375
0 0.8921875 0.903125 0.0609375 0.0578125
0 0.96796875 0.50859375 0.0625 0.0625
0 0.1078125 0.79921875 0.0609375 0.0625
0 0.85078125 0.72734375 0.059375 0.059375
0 0.49375 0.94375 0.0609375 0.0609375
0 0.4171875 0.7328125 0.059375 0.059375
0 0.1078125 0.97734375 0.040625 0.0453125
0 0.42578125 0.98671875 0.0609375 0.0265625
0 0.790625 0.925 0.0609375 0.0578125
0 0.7296875 0.6609375 0.0609375 0.0609375
0 0.2046875 0.63046875 0.0609375 0.0625
0 0.16171875 0.78984375 0.0609375 0.0609375
0 0.97734375 0.6015625 0.0453125 0.0625
0 0.33203125 0.7078125 0.0609375 0.059375
0 0.3453125 0.6546875 0.059375 0.0609375
0 0.4296875 0.5453125 0.059375 0.059375
0 0.04921875 0.71875 0.0359375 0.0546875
0 0.58203125 0.51015625 0.0578125 0.0578125
0 0.18203125 0.9890625 0.0609375 0.021875
0 0.90390625 0.71796875 0.0609375 0.0609375
0 0.89921875 0.575 0.0609375 0.0609375
0 0.440625 0.821875 0.059375 0.059375
0 0.65625 0.58671875 0.0609375 0.0625
0 0.315625 0.75625 0.059375 0.059375
0 0.05546875 0.675 0.059375 0.059375
0 0.97890625 0.4421875 0.0421875 0.05625
0 0.36484375 0.74375 0.0578125 0.059375
0 0.57421875 0.696875 0.0609375 0.0609375
0 0.634375 0.4984375 0.0578125 0.059375
0 0.9890625 0.690625 0.021875 0.0625
0 0.45390625 0.77109375 0.059375 0.059375
0 0.81484375 0.5453125 0.0609375 0.0609375
0 0.83125 0.6375 0.0609375 0.0625
0 0.2796875 0.71953125 0.0609375 0.0609375
0 0.16875 0.58671875 0.0578125 0.059375
0 0.60859375 0.734375 0.0609375 0.059375
0 0.68203125 0.80078125 0.059375 0.059375
0 0.76328125 0.69765625 0.0609375 0.0609375
0 0.125 0.6125 0.0578125 0.059375
0 0.8796875 0.48984375 0.0609375 0.0609375
0 0.6859375 0.484375 0.0609375 0.0625
0 0.72578125 0.5171875 0.0625 0.0609375
0 0.58984375 0.64453125 0.059375 0.059375
0 0.25703125 0.628125 0.0609375 0.0625
0 0.265625 0.76796875 0.059375 0.059375
0 0.54140625 0.79921875 0.059375 0.059375
0 0.6609375 0.721875 0.0609375 0.0609375
0 0.60703125 0.59921875 0.0609375 0.059375
0 0.22109375 0.57109375 0.0640625 0.0640625
0 0.56875 0.55546875 0.0578125 0.059375
0 0.50234375 0.6171875 0.0609375 0.0625
0 0.23125 0.8640625 0.0609375 0.0609375
0 0.2515625 0.953125 0.0609375 0.0609375
0 0.08828125 0.8953125 0.0390625 0.05625
0 0.3234375 0.55078125 0.0609375 0.0609375
0 0.30078125 0.80625 0.059375 0.059375
0 0.546875 0.934375 0.0625 0.0609375
0 0.165625 0.925 0.059375 0.059375
0 0.14453125 0.8390625 0.0609375 0.0609375
0 0.52265625 0.709375 0.0609375 0.0625
0 0.48203125 0.5359375 0.05625 0.0578125
0 0.2125 0.778125 0.059375 0.059375
0 0.946875 0.41328125 0.0609375 0.0609375
0 0.60078125 0.92578125 0.059375 0.0578125
0 0.06875 0.8109375 0.0359375 0.05625
0 0.696875 0.7546875 0.059375 0.059375
0 0.10859375 0.6578125 0.059375 0.059375
0 0.79296875 0.465625 0.0609375 0.0609375
0 0.03203125 0.62890625 0.040625 0.05625
0 0.52734375 0.52421875 0.059375 0.05625
0 0.434375 0.68828125 0.059375 0.0578125
0 0.53125 0.49296875 0.0609375 0.059375