0 0.8984375 0.16875 0.05 0.05234375
0 0.94921875 0.1671875 0.05234375 0.05234375
0 0.975 0.21328125 0.05 0.0515625
0 0.89921875 0.07578125 0.0515625 0.05078125
0 0.82421875 0.03125 0.0515625 0.0515625
0 0.975 0.30546875 0.05 0.0515625
0 0.9296875 0.03203125 0.0515625 0.05078125
0 0.86796875 0.2125 0.0515625 0.0515625
0 0.9890625 0.26015625 0.021875 0.0515625
0 0.846875 0.0765625 0.05078125 0.05078125
0 0.978125 0.03203125 0.04375 0.05
0 0.9484375 0.25625 0.0515625 0.05078125
0 0.8703125 0.11953125 0.05078125 0.0515625
0 0.95078125 0.08046875 0.05 0.04921875
0 0.98203125 0.43359375 0.0359375 0.053125
0 0.79375 0.07421875 0.05234375 0.053125
0 0.87734375 0.0328125 0.05078125 0.05234375
0 0.89609375 0.25859375 0.05 0.05
0 0.98828125 0.16953125 0.0234375 0.0515625
0 0.92421875 0.11953125 0.04921875 0.05078125
0 0.98828125 0.075 0.0234375 0.0515625
0 0.92109375 0.21484375 0.0515625 0.05078125
0 0.9859375 0.35234375 0.028125 0.05
0 0.97578125 0.12578125 0.0484375 0.0515625
0 0.84453125 0.1671875 0.0515625 0.05078125
0 0.965625 0.38828125 0.05390625 0.05234375
0 0.8203125 0.11875 0.05 0.0515625
0 0.76796875 0.02734375 0.053125 0.05078125
0 0.928125 0.33125 0.0515625 0.0515625
0 0.92578125 0.29921875 0.04921875 0.04609375