0 0.79296875 0.6453125 0.05625 0.0578125
0 0.7265625 0.59609375 0.0578125 0.0578125
0 0.9515625 0.67109375 0.059375 0.059375
0 0.56796875 0.56953125 0.0578125 0.0578125
0 0.709375 0.68125 0.0578125 0.0578125
0 0.63984375 0.6234375 0.0578125 0.0578125
0 0.83828125 0.99140625 0.0578125 0.0171875
0 0.7859375 0.98828125 0.05625 0.0234375
0 0.78125 0.7328125 0.0578125 0.0578125
0 0.76875 0.9578125 0.0578125 0.0578125
0 0.74609375 0.77421875 0.05625 0.0578125
0 0.93359375 0.61953125 0.0578125 0.0578125
0 0.7171875 0.95 0.0578125 0.0578125
0 0.91875 0.975 0.04375 0.05
0 0.68046875 0.9796875 0.0578125 0.040625
0 0.690625 0.63125 0.0578125 0.0578125
0 0.62890625 0.97578125 0.0578125 0.0484375
0 0.79765625 0.7796875 0.05625 0.05625
0 0.69453125 0.76875 0.0578125 0.0578125
0 0.77734375 0.60078125 0.0578125 0.0578125
0 0.8734375 0.9734375 0.05625 0.053125
0 0.90546875 0.79375 0.05625 0.05625
0 0.5671875 0.69921875 0.05625 0.05625
0 0.53359375 0.609375 0.05625 0.05625
0 0.6765625 0.71875 0.0578125 0.059375
0 0.83203125 0.74296875 0.0578125 0.05625
0 0.62109375 0.57265625 0.059375 0.0578125
0 0.9375 0.75625 0.0609375 0.059375
0 0.6609375 0.8046875 0.0578125 0.05625
0 0.7609375 0.6828125 0.0578125 0.0578125
0 0.8640625 0.7 0.059375 0.0609375
0 0.69765625 0.9015625 0.059375 0.0578125
0 0.7046875 0.54140625 0.059375 0.059375
0 0.8109375 0.6953125 0.05625 0.05625
0 0.55 0.65390625 0.0578125 0.05625
0 0.91953125 0.70546875 0.059375 0.059375
0 0.60703125 0.92109375 0.0546875 0.05625
0 0.7125 0.81796875 0.0578125 0.05625
0 0.9671875 0.5828125 0.0578125 0.059375
0 0.9328125 0.8890625 0.040625 0.05625
0 0.74296875 0.63828125 0.05625 0.05625
0 0.5296875 0.4734375 0.0578125 0.0578125
0 0.946875 0.80234375 0.0375 0.0546875
0 0.64296875 0.76328125 0.0578125 0.05625
0 0.921875 0.8390625 0.059375 0.0578125
0 0.84375 0.64765625 0.05625 0.0578125
0 0.6234375 0.7109375 0.059375 0.0578125
0 0.59140625 0.7515625 0.05625 0.05625
0 0.653125 0.53046875 0.0578125 0.059375
0 0.60234375 0.65859375 0.0578125 0.05625
0 0.61015625 0.8 0.05625 0.05625
0 0.72890625 0.728125 0.05625 0.0578125
0 0.73359375 0.9828125 0.0578125 0.034375
0 0.76328125 0.8203125 0.0578125 0.05625
0 0.86953125 0.83046875 0.0578125 0.05625
0 0.86171875 0.56484375 0.0578125 0.0578125
0 0.65859375 0.6671875 0.0578125 0.0578125
0 0.76015625 0.55078125 0.059375 0.059375
0 0.5140625 0.5609375 0.0578125 0.0578125
0 0.6015625 0.52578125 0.0578125 0.0578125
0 0.675 0.58203125 0.059375 0.059375
0 0.6625 0.93984375 0.059375 0.05625
0 0.77890625 0.86875 0.05625 0.05625
0 0.54921875 0.51875 0.059375 0.0578125
0 0.8890625 0.884375 0.05625 0.059375
0 0.96015625 0.71640625 0.034375 0.0546875
0 0.45625 0.4171875 0.0578125 0.0578125
0 0.67890625 0.8515625 0.0578125 0.0578125
0 0.884375 0.75546875 0.05625 0.05625
0 0.97421875 0.63125 0.03125 0.0546875
0 0.83046875 0.8671875 0.059375 0.0578125
0 0.515625 0.6921875 0.0546875 0.0546875
0 0.915625 0.56953125 0.0578125 0.0609375
0 0.425 0.4578125 0.05625 0.05625
0 0.8125 0.82890625 0.0578125 0.0546875
0 0.8984375 0.65625 0.059375 0.0578125
0 0.8515625 0.7859375 0.0609375 0.05625
0 0.403125 0.40859375 0.0578125 0.0578125
0 0.859375 0.92734375 0.0546875 0.05625
0 0.9078125 0.93359375 0.05625 0.05625
0 0.825 0.60390625 0.0578125 0.0578125
0 0.496875 0.64296875 0.05625 0.0546875
0 0.58828125 0.61640625 0.0578125 0.05625
0 0.8859375 0.61640625 0.0546875 0.05625
0 0.64375 0.89140625 0.05625 0.05625
0 0.8015625 0.9125 0.0578125 0.0578125
0 0.81171875 0.553125 0.0546875 0.05625
0 0.55 0.7734375 0.0546875 0.0546875
0 0.47578125 0.46640625 0.0546875 0.0546875
0 0.7484375 0.91015625 0.0546875 0.0546875
0 0.4875 0.6 0.0515625 0.053125
0 0.4921875 0.51015625 0.059375 0.0578125
0 0.81953125 0.96484375 0.0578125 0.05625
0 0.73203125 0.8640625 0.0578125 0.05625
0 0.62890625 0.8484375 0.0546875 0.053125
0 0.459375 0.575 0.0515625 0.053125
0 0.5640625 0.81640625 0.05625 0.05625
0 0.45234375 0.53671875 0.0578125 0.05625
0 0.5328125 0.7359375 0.0546875 0.053125
0 0.43671875 0.4890625 0.0546875 0.0546875