0 0.065625 0.57578125 0.05390625 0.05546875
0 0.0203125 0.96796875 0.040625 0.0546875
0 0.3671875 0.0421875 0.0546875 0.0546875
0 0.2890625 0.28359375 0.0546875 0.05390625
0 0.06640625 0.9671875 0.053125 0.0546875
0 0.1703125 0.0875 0.05390625 0.0546875
0 0.1484375 0.33359375 0.05390625 0.0546875
0 0.0953125 0.91796875 0.0546875 0.0546875
0 0.34453125 0.478125 0.053125 0.05390625
0 0.15078125 0.71953125 0.05390625 0.05546875
0 0.18203125 0.57578125 0.0546875 0.0546875
0 0.14765625 0.13828125 0.05390625 0.0546875
0 0.1484375 0.4328125 0.05390625 0.0546875
0 0.06015625 0.090625 0.05390625 0.0546875
0 0.01953125 0.86875 0.0390625 0.053125
0 0.31015625 0.040625 0.05390625 0.05546875
0 0.09453125 0.7203125 0.0546875 0.0546875
0 0.1765625 0.28671875 0.05546875 0.05625
0 0.09296875 0.33359375 0.0546875 0.05546875
0 0.01875 0.67265625 0.0375 0.05625
0 0.06875 0.67265625 0.05390625 0.05546875
0 0.06796875 0.76953125 0.0546875 0.05625
0 0.09453125 0.525 0.05546875 0.05546875
0 0.0328125 0.1390625 0.053125 0.053125
0 0.34453125 0.2828125 0.05390625 0.0546875
0 0.42421875 0.03984375 0.05390625 0.0546875
0 0.4515625 0.0890625 0.053125 0.053125
0 0.56328125 0.08359375 0.053125 0.053125
0 0.2671875 0.52734375 0.0546875 0.05625
0 0.34921875 0.38046875 0.0546875 0.05625
0 0.3140625 0.23671875 0.0546875 0.0546875
0 0.20859375 0.5296875 0.05546875 0.0546875
0 0.0953125 0.43203125 0.053125 0.05390625
0 0.25625 0.134375 0.05546875 0.05546875
0 0.18046875 0.77265625 0.05390625 0.05390625
0 0.45703125 0.28125 0.05390625 0.05390625
0 0.06484375 0.28671875 0.05390625 0.05390625
0 0.03671875 0.33125 0.05390625 0.05546875
0 0.43125 0.3296875 0.0546875 0.05703125
0 0.29140625 0.47890625 0.05390625 0.053125
0 0.37109375 0.23359375 0.0546875 0.05546875
0 0.1984375 0.13671875 0.05234375 0.05390625
0 0.2828125 0.08828125 0.0546875 0.0546875
0 0.0671875 0.86875 0.05234375 0.0546875
0 0.3703125 0.1375 0.0546875 0.05390625
0 0.0390625 0.9171875 0.053125 0.0546875
0 0.3390625 0.09140625 0.05390625 0.05390625
0 0.25546875 0.0390625 0.05390625 0.053125
0 0.4828125 0.2328125 0.053125 0.053125
0 0.22578125 0.0890625 0.05390625 0.0546875
0 0.06484375 0.38046875 0.05390625 0.05546875
0 0.34453125 0.18515625 0.0546875 0.0546875
0 0.50625 0.0875 0.05390625 0.05390625
0 0.03125 0.04296875 0.053125 0.05390625
0 0.08984375 0.23828125 0.0546875 0.05546875
0 0.1515625 0.52734375 0.05390625 0.0546875
0 0.26484375 0.725 0.053125 0.0546875
0 0.1515625 0.8171875 0.05390625 0.05390625
0 0.01796875 0.575 0.0359375 0.0546875
0 0.03671875 0.52578125 0.05390625 0.05546875
0 0.5109375 0.1828125 0.05390625 0.05390625
0 0.37421875 0.33203125 0.0546875 0.0546875
0 0.1453125 0.0390625 0.053125 0.05390625
0 0.234375 0.47890625 0.0546875 0.05390625
0 0.0328125 0.23359375 0.05390625 0.0546875
0 0.53671875 0.13359375 0.05390625 0.0546875
0 0.2609375 0.33203125 0.05390625 0.0546875
0 0.2375 0.578125 0.0546875 0.053125
0 0.06875 0.48046875 0.05390625 0.0546875
0 0.29140625 0.38046875 0.0546875 0.05546875
0 0.03828125 0.72265625 0.0546875 0.05703125
0 0.58828125 0.03515625 0.05234375 0.05234375
0 0.2078125 0.43125 0.053125 0.053125
0 0.23203125 0.28671875 0.053125 0.0546875
0 0.08828125 0.1390625 0.0546875 0.0546875
0 0.3125 0.13828125 0.05390625 0.05390625
0 0.11640625 0.09375 0.05390625 0.05546875
0 0.53359375 0.03671875 0.05390625 0.0546875
0 0.01875 0.7671875 0.0375 0.0546875
0 0.03828125 0.43203125 0.0546875 0.05546875
0 0.14765625 0.2375 0.05625 0.05625
0 0.4046875 0.37890625 0.0546875 0.05625
0 0.4265625 0.2296875 0.053125 0.05390625
0 0.20390625 0.2375 0.05390625 0.0546875
0 0.15390625 0.62578125 0.05625 0.05703125
0 0.2640625 0.42890625 0.05234375 0.05390625
0 0.234375 0.38046875 0.053125 0.05234375
0 0.125 0.47578125 0.05390625 0.05390625
0 0.37734375 0.52421875 0.05234375 0.05390625
0 0.2109375 0.62109375 0.053125 0.053125
0 0.4875 0.32734375 0.05390625 0.05390625
0 0.18203125 0.67265625 0.053125 0.05390625
0 0.01796875 0.4796875 0.0359375 0.053125
0 0.11796875 0.1875 0.0546875 0.0546875
0 0.01796875 0.38359375 0.0359375 0.05625
0 0.17578125 0.190625 0.05546875 0.05546875
0 0.4 0.18359375 0.05234375 0.05390625
0 0.12265625 0.5765625 0.0546875 0.05546875
0 0.17265625 0.01015625 0.053125 0.0203125
0 0.18046875 0.478125 0.05234375 0.053125
0 0.28515625 0.18828125 0.05390625 0.05546875
0 0.48125 0.13671875 0.05234375 0.053125
0 0.32265625 0.52890625 0.05546875 0.0546875
0 0.015625 0.18515625 0.03125 0.053125
0 0.26640625 0.6234375 0.053125 0.05234375
0 0.3171875 0.3296875 0.05546875 0.05546875
0 0.29453125 0.5765625 0.0546875 0.05390625
0 0.0609375 0.18828125 0.0546875 0.053125
0 0.3171875 0.43046875 0.053125 0.053125
0 0.0390625 0.621875 0.0546875 0.0546875
0 0.26015625 0.2359375 0.053125 0.05390625
0 0.0953125 0.81796875 0.05546875 0.05546875
0 0.46171875 0.37890625 0.05390625 0.0546875
0 0.01484375 0.09609375 0.0296875 0.0546875
0 0.23828125 0.67421875 0.053125 0.0546875
0 0.29296875 0.67265625 0.0515625 0.05078125
0 0.20703125 0.7203125 0.0546875 0.05390625
0 0.47734375 0.0375 0.0515625 0.053125
0 0.05703125 0.0109375 0.053125 0.021875
0 0.19921875 0.040625 0.05390625 0.05390625
0 0.0375 0.81953125 0.053125 0.053125
0 0.11953125 0.384375 0.05390625 0.05390625
0 0.3953125 0.08828125 0.05390625 0.0546875
0 0.01796875 0.28515625 0.0359375 0.053125
0 0.121875 0.86875 0.053125 0.0546875
0 0.40078125 0.28046875 0.0546875 0.0546875
0 0.64453125 0.03671875 0.0546875 0.053125
0 0.35 0.5765625 0.05390625 0.05390625
0 0.125 0.76796875 0.053125 0.05390625
0 0.37578125 0.4296875 0.05390625 0.053125
0 0.428125 0.134375 0.053125 0.05234375
0 0.08671875 0.04140625 0.05390625 0.05390625
0 0.09609375 0.6234375 0.05625 0.05546875
0 0.4546875 0.18515625 0.05390625 0.05234375
0 0.2046875 0.33359375 0.053125 0.053125
0 0.2078125 0.81484375 0.05390625 0.053125
0 0.23125 0.18984375 0.053125 0.05390625
0 0.2359375 0.76953125 0.05234375 0.0515625
0 0.125 0.96328125 0.05234375 0.053125
0 0.12421875 0.67109375 0.05234375 0.053125
0 0.6171875 0.08203125 0.05078125 0.05234375
0 0.1203125 0.28359375 0.053125 0.053125
0 0.15234375 0.91796875 0.05390625 0.0546875
0 0.43203125 0.428125 0.053125 0.053125
0 0.40078125 0.47421875 0.0515625 0.05078125
0 0.56953125 0.1859375 0.053125 0.053125
0 0.3203125 0.62890625 0.04921875 0.05234375
0 0.540625 0.23125 0.05390625 0.053125
0 0.5140625 0.27890625 0.05234375 0.05390625
0 0.59296875 0.13203125 0.05234375 0.053125
0 0.18125 0.8671875 0.05234375 0.053125