0 0.11796875 0.42421875 0.0625 0.0625
0 0.3546875 0.79140625 0.0640625 0.0640625
0 0.2875 0.8546875 0.0640625 0.0640625
0 0.0984375 0.6671875 0.0640625 0.0640625
0 0.53046875 0.50546875 0.0640625 0.0640625
0 0.853125 0.56484375 0.0640625 0.0640625
0 0.6671875 0.18515625 0.0625 0.0625
0 0.45 0.62578125 0.0625 0.0625
0 0.18984375 0.69140625 0.0625 0.0625
0 0.46328125 0.5734375 0.0640625 0.0640625
0 0.8515625 0.759375 0.0625 0.0640625
0 0.09765625 0.86015625 0.05625 0.0609375
0 0.27578125 0.3828125 0.0625 0.0625
0 0.7984375 0.771875 0.065625 0.065625
0 0.80546875 0.3890625 0.0640625 0.065625
0 0.69765625 0.6046875 0.0640625 0.0640625
0 0.37109375 0.21796875 0.0625 0.0625
0 0.25390625 0.6265625 0.0625 0.0625
0 0.26640625 0.2453125 0.0625 0.0625
0 0.8640625 0.70546875 0.065625 0.0640625
0 0.6890625 0.4671875 0.0640625 0.0640625
0 0.49921875 0.80546875 0.0640625 0.065625
0 0.284375 0.525 0.0625 0.0625
0 0.60234375 0.77734375 0.0625 0.0640625
0 0.44453125 0.81875 0.0640625 0.0640625
0 0.6171875 0.2015625 0.0625 0.0625
0 0.0890625 0.528125 0.0625 0.0625
0 0.53671875 0.31875 0.0640625 0.0640625
0 0.23203125 0.53984375 0.0640625 0.0640625
0 0.071875 0.24609375 0.0625 0.0625
0 0.54375 0.975 0.0625 0.05
0 0.1140625 0.61875 0.0640625 0.0640625
0 0.22734375 0.2078125 0.0625 0.0640625
0 0.875 0.84765625 0.0625 0.0625
0 0.11953125 0.1 0.059375 0.05
0 0.521875 0.89375 0.0640625 0.0640625
0 0.31796875 0.23203125 0.0625 0.0625
0 0.51171875 0.75078125 0.0640625 0.0640625
0 0.3984375 0.6375 0.0625 0.0625
0 0.56328125 0.73671875 0.0640625 0.0640625
0 0.02109375 0.1265625 0.0421875 0.05
0 0.86484375 0.01171875 0.0578125 0.0234375
0 0.43984375 0.4828125 0.0640625 0.0640625
0 0.515625 0.559375 0.0640625 0.0640625
0 0.16171875 0.27265625 0.0625 0.0640625
0 0.3609375 0.07734375 0.0625 0.0625
0 0.3390625 0.32109375 0.0625 0.0625
0 0.4265625 0.53828125 0.0625 0.0625
0 0.30234375 0.8046875 0.0625 0.0625
0 0.3734375 0.55078125 0.0625 0.0625
0 0.35546875 0.271875 0.0640625 0.0640625
0 0.4296875 0.02265625 0.059375 0.0453125
0 0.27421875 0.059375 0.059375 0.046875
0 0.03046875 0.3984375 0.0609375 0.0625
0 0.9703125 0.484375 0.059375 0.065625
0 0.38203125 0.16953125 0.0640625 0.0640625
0 0.80234375 0.57890625 0.0640625 0.0640625
0 0.34609375 0.65234375 0.0640625 0.0640625
0 0.1453125 0.84765625 0.0625 0.0640625
0 0.67890625 0.8515625 0.0640625 0.0640625
0 0.75546875 0.2109375 0.0625 0.0625
0 0.71171875 0.034375 0.0625 0.0625
0 0.6078125 0.58125 0.0640625 0.0640625
0 0.378125 0.034375 0.059375 0.0484375
0 0.8875 0.08515625 0.0578125 0.0609375
0 0.20625 0.11953125 0.0625 0.0625
0 0.41875 0.7296875 0.0625 0.0625
0 0.8765625 0.13125 0.0625 0.0640625
0 0.628125 0.865625 0.0640625 0.0640625
0 0.05078125 0.68125 0.0515625 0.059375
0 0.86171875 0.184375 0.0640625 0.0640625
0 0.50078125 0.6109375 0.0625 0.0625
0 0.82265625 0.1453125 0.0640625 0.0640625
0 0.6265625 0.340625 0.0625 0.0625
0 0.73125 0.8375 0.0640625 0.0640625
0 0.29765625 0.475 0.0640625 0.0640625
0 0.88359375 0.465625 0.0625 0.0625
0 0.78359375 0.8234375 0.0640625 0.0640625
0 0.7046875 0.22734375 0.0609375 0.0609375
0 0.25234375 0.296875 0.0625 0.0625
0 0.934375 0.44921875 0.0625 0.0625
0 0.3796875 0.88203125 0.0640625 0.0640625
0 0.578125 0.1625 0.0625 0.0625
0 0.86953125 0.51328125 0.0625 0.0640625
0 0.40703125 0.7796875 0.0625 0.0625
0 0.34765625 0.97890625 0.0640625 0.0421875
0 0.3796875 0.35859375 0.0625 0.0625
0 0.9171875 0.690625 0.0625 0.0640625
0 0.0265625 0.59140625 0.05 0.0609375
0 0.234375 0.87265625 0.0640625 0.0640625
0 0.459375 0.2421875 0.0640625 0.0640625
0 0.95390625 0.7359375 0.0640625 0.0640625
0 0.1578125 0.7953125 0.0640625 0.0640625
0 0.9109375 0.171875 0.0546875 0.0625
0 0.13984375 0.515625 0.0625 0.0625
0 0.22109375 0.075 0.059375 0.0515625
0 0.93046875 0.64140625 0.0640625 0.0640625
0 0.55078125 0.27109375 0.0625 0.0625
0 0.109375 0.2890625 0.0640625 0.0640625
0 0.203125 0.64375 0.0625 0.0625
0 0.79375 0.2484375 0.0640625 0.0640625
0 0.43203125 0.86953125 0.0625 0.0625
0 0.59609375 0.440625 0.0640625 0.0640625
0 0.5265625 0.1765625 0.0640625 0.0640625
0 0.60703125 0.0625 0.0625 0.0625
0 0.53984375 0.64921875 0.0640625 0.0640625
0 0.29453125 0.66640625 0.0625 0.0625
0 0.9609375 0.5390625 0.0640625 0.0640625
0 0.621875 0.02109375 0.0625 0.0421875
0 0.47421875 0.190625 0.0640625 0.0640625
0 0.1765625 0.22265625 0.0640625 0.0640625
0 0.81484375 0.01796875 0.0640625 0.0359375
0 0.93359375 0.259375 0.053125 0.0625
0 0.22109375 0.921875 0.0640625 0.0640625
0 0.30859375 0.090625 0.0640625 0.0640625
0 0.3359375 0.51171875 0.0625 0.0625
0 0.0640625 0.43828125 0.0640625 0.0640625
0 0.340625 0.8421875 0.0625 0.0625
0 0.74453125 0.7859375 0.065625 0.065625
0 0.55546875 0.59375 0.065625 0.0640625
0 0.16875 0.08828125 0.0578125 0.0515625
0 0.515625 0.2296875 0.0640625 0.0640625
0 0.63046875 0.6734375 0.0625 0.0640625
0 0.7640625 0.540625 0.0625 0.0625
0 0.7765625 0.48984375 0.0640625 0.0640625
0 0.38828125 0.50078125 0.0625 0.0625
0 0.096875 0.3390625 0.0625 0.0625
0 0.2875 0.3328125 0.0640625 0.0640625
0 0.58828125 0.82890625 0.0640625 0.0640625
0 0.653125 0.76328125 0.0640625 0.0640625
0 0.03515625 0.54375 0.0625 0.0625
0 0.24765625 0.48828125 0.0625 0.0625
0 0.21015625 0.78203125 0.0640625 0.0640625
0 0.8171875 0.528125 0.065625 0.0640625
0 0.82734375 0.66796875 0.0640625 0.065625
0 0.1875 0.36328125 0.0625 0.0625
0 0.91953125 0.5015625 0.0625 0.0640625
0 0.2703125 0.57890625 0.0625 0.0625
0 0.49375 0.47109375 0.0625 0.0640625
0 0.0109375 0.36328125 0.021875 0.0640625
0 0.63984375 0.28828125 0.0640625 0.0640625
0 0.40859375 0.2578125 0.0625 0.0640625
0 0.671875 0.01328125 0.0625 0.0265625
0 0.790625 0.43984375 0.0625 0.0625
0 0.17890625 0.5515625 0.0625 0.0625
0 0.35 0.4609375 0.0625 0.0625
0 0.70625 0.75078125 0.0625 0.0625
0 0.3921875 0.3078125 0.0640625 0.0640625
0 0.46484375 0.053125 0.0625 0.0625
0 0.9390625 0.78671875 0.0625 0.0625
0 0.13984375 0.1859375 0.0625 0.0625
0 0.471875 0.7140625 0.0625 0.0625
0 0.44609375 0.296875 0.0625 0.0625
0 0.3640625 0.934375 0.0640625 0.065625
0 0.71953125 0.696875 0.0640625 0.0640625
0 0.75078125 0.59140625 0.0625 0.0640625
0 0.01953125 0.3140625 0.0390625 0.0625
0 0.7546875 0.403125 0.0625 0.0625
0 0.490625 0.9828125 0.0625 0.034375
0 0.4234375 0.20390625 0.0625 0.0625
0 0.2234375 0.39921875 0.0625 0.0625
0 0.134375 0.37265625 0.0640625 0.0640625
0 0.43046875 0.34375 0.0625 0.0625
0 0.8296875 0.4765625 0.0640625 0.065625
0 0.7828125 0.3015625 0.0625 0.0625
0 0.578125 0.6859375 0.0640625 0.065625
0 0.459375 0.76875 0.0640625 0.0640625
0 0.53125 0.01015625 0.059375 0.0203125
0 0.7390625 0.4515625 0.0625 0.0625
0 0.4796875 0.015625 0.059375 0.03125
0 0.11875 0.9484375 0.0546875 0.0625
0 0.2 0.31328125 0.0625 0.0625
0 0.62109375 0.534375 0.0640625 0.0640625
0 0.321875 0.565625 0.0625 0.0625
0 0.3265625 0.37109375 0.0625 0.0625
0 0.534375 0.84453125 0.0640625 0.0640625
0 0.0875 0.19921875 0.0625 0.0625
0 0.84375 0.42421875 0.0640625 0.0640625
0 0.759375 0.73984375 0.0640625 0.0640625
0 0.16640625 0.60234375 0.0625 0.0640625
0 0.13671875 0.70546875 0.065625 0.0640625
0 0.01328125 0.17265625 0.0265625 0.0640625
0 0.2640625 0.76875 0.0625 0.0625
0 0.07421875 0.771875 0.053125 0.0609375
0 0.94921875 0.39609375 0.0625 0.0625
0 0.30859375 0.615625 0.0640625 0.0640625
0 0.88828125 0.7984375 0.0640625 0.0640625
0 0.41796875 0.39296875 0.0625 0.0625
0 0.7 0.9421875 0.0609375 0.05625
0 0.846875 0.23515625 0.0625 0.0625
0 0.9 0.22109375 0.0640625 0.0640625
0 0.21796875 0.590625 0.0625 0.0625
0 0.121875 0.759375 0.0625 0.0625
0 0.46796875 0.90546875 0.065625 0.0640625
0 0.85859375 0.3734375 0.0640625 0.0640625
0 0.9125 0.8859375 0.0640625 0.0625
0 0.73125 0.31015625 0.0640625 0.0640625
0 0.64921875 0.95390625 0.0609375 0.0578125
0 0.27734375 0.71640625 0.0625 0.0625
0 0.67421875 0.5203125 0.0640625 0.0640625
0 0.56953125 0.0265625 0.0640625 0.053125
0 0.82265625 0.8609375 0.0640625 0.0640625
0 0.49765625 0.28046875 0.0640625 0.065625
0 0.2953125 0.98515625 0.0625 0.0296875
0 0.6921875 0.2765625 0.0625 0.0625
0 0.8390625 0.09296875 0.0640625 0.0640625
0 0.5828125 0.49453125 0.0625 0.0625
0 0.55390625 0.07734375 0.0625 0.0625
0 0.31640625 0.75546875 0.0625 0.0625
0 0.503125 0.08828125 0.0625 0.0625
0 0.1671875 0.9390625 0.0625 0.0625
0 0.453125 0.95703125 0.0640625 0.0640625
0 0.68125 0.1375 0.0625 0.0625
0 0.20859375 0.44921875 0.0640625 0.0640625
0 0.8859375 0.2734375 0.0640625 0.0640625
0 0.36796875 0.7421875 0.0625 0.0625
0 0.66875 0.7140625 0.0625 0.0625
0 0.4359375 0.990625 0.0625 0.01875
0 0.55 0.79140625 0.0640625 0.0640625
0 0.4515625 0.10234375 0.0625 0.0625
0 0.975 0.62578125 0.05 0.0640625
0 0.478125 0.52109375 0.0640625 0.0640625
0 0.1984375 0.8359375 0.0625 0.0625
0 0.77265625 0.68359375 0.0640625 0.0640625
0 0.60078125 0.25625 0.0625 0.0625
0 0.69296875 0.80546875 0.0640625 0.0640625
0 0.18203125 0.890625 0.0625 0.0625
0 0.715625 0.36171875 0.0625 0.0625
0 0.27421875 0.91171875 0.0640625 0.0640625
0 0.83515625 0.81015625 0.0625 0.0625
0 0.521875 0.36953125 0.0625 0.0609375
0 0.64453125 0.6203125 0.0640625 0.0640625
0 0.596875 0.96640625 0.0625 0.059375
0 0.25 0.8234375 0.0609375 0.0609375
0 0.36484375 0.4078125 0.0625 0.0625
0 0.64921875 0.425 0.065625 0.065625
0 0.2421875 0.99140625 0.0625 0.0171875
0 0.971875 0.82265625 0.05625 0.0640625
0 0.02421875 0.2625 0.0484375 0.0625
0 0.41328125 0.5890625 0.0625 0.0625
0 0.15234375 0.13359375 0.0640625 0.0640625
0 0.62890625 0.14921875 0.0640625 0.0640625
0 0.0734375 0.57734375 0.0640625 0.065625
0 0.30234375 0.28359375 0.0625 0.0625
0 0.48984375 0.13984375 0.0640625 0.0640625
0 0.73203125 0.12421875 0.0625 0.0640625
0 0.67734375 0.32578125 0.0625 0.0625
0 0.20703125 0.97109375 0.0640625 0.0578125
0 0.71171875 0.55859375 0.0640625 0.0640625
0 0.89375 0.60390625 0.0640625 0.0640625
0 0.29453125 0.14453125 0.0625 0.0625
0 0.7515625 0.92890625 0.0609375 0.05625
0 0.06640625 0.1140625 0.0609375 0.0515625
0 0.39921875 0.97109375 0.0640625 0.0578125
0 0.5734375 0.35390625 0.0625 0.0625
0 0.3265625 0.89375 0.0640625 0.065625
0 0.896875 0.41171875 0.0640625 0.0640625
0 0.32578125 0.046875 0.059375 0.046875
0 0.565625 0.21640625 0.0625 0.0625
0 0.725 0.50546875 0.0625 0.0625
0 0.48671875 0.6640625 0.0640625 0.0640625
0 0.4828125 0.85625 0.0625 0.0640625
0 0.33203125 0.184375 0.0625 0.0625
0 0.8234375 0.33359375 0.0640625 0.0640625
0 0.43671875 0.1546875 0.0625 0.0625
0 0.453125 0.43359375 0.0625 0.0625
0 0.61640625 0.72421875 0.0640625 0.0640625
0 0.8046875 0.91328125 0.0625 0.0609375
0 0.8125 0.71953125 0.0640625 0.0640625
0 0.3921875 0.83125 0.0625 0.0640625
0 0.61171875 0.91640625 0.0640625 0.0640625
0 0.90546875 0.55390625 0.0640625 0.0640625
0 0.46796875 0.38359375 0.0625 0.0625
0 0.3625 0.60625 0.0625 0.0625
0 0.659375 0.046875 0.0640625 0.0640625
0 0.703125 0.415625 0.0625 0.0625
0 0.965625 0.87265625 0.0625 0.0625
0 0.4828125 0.334375 0.0640625 0.0640625
0 0.77109375 0.1640625 0.0625 0.0625
0 0.21484375 0.2609375 0.0625 0.0625
0 0.05 0.16171875 0.0625 0.0625
0 0.12421875 0.2359375 0.0625 0.0625
0 0.40234375 0.44609375 0.0625 0.0640625
0 0.50703125 0.415625 0.0640625 0.0640625
0 0.72421875 0.009375 0.0640625 0.01875
0 0.840625 0.61484375 0.0640625 0.065625
0 0.15078125 0.65546875 0.0625 0.0625
0 0.25859375 0.96328125 0.0625 0.0625
0 0.0578125 0.2984375 0.0609375 0.0625
0 0.7875 0.6328125 0.0640625 0.0640625
0 0.515625 0.03984375 0.0625 0.0625
0 0.41171875 0.0640625 0.0625 0.0625
0 0.590625 0.1125 0.0609375 0.0609375
0 0.9828125 0.5734375 0.034375 0.065625
0 0.309375 0.94921875 0.065625 0.065625
0 0.8109375 0.19921875 0.0625 0.0625
0 0.5921875 0.63515625 0.0640625 0.0640625
0 0.58828125 0.3046875 0.0609375 0.0625
0 0.12734375 0.5640625 0.0640625 0.0640625
0 0.5671875 0.54453125 0.0640625 0.065625
0 0.00703125 0.228125 0.0140625 0.0625
0 0.76953125 0.8765625 0.0625 0.0625
0 0.8015625 0.0578125 0.0625 0.0625
0 0.9890625 0.52734375 0.021875 0.0609375
0 0.084375 0.71953125 0.0640625 0.0640625
0 0.834375 0.28359375 0.0640625 0.0640625
0 0.15703125 0.46484375 0.0625 0.0625
0 0.653125 0.23671875 0.0640625 0.0640625
0 0.24375 0.15859375 0.0625 0.0625
0 0.665625 0.90625 0.0625 0.0625
0 0.85859375 0.9 0.0640625 0.0609375
0 0.52421875 0.70234375 0.0640625 0.0640625
0 0.9921875 0.859375 0.015625 0.0625
0 0.3984375 0.11640625 0.0625 0.0625
0 0.7171875 0.89296875 0.0625 0.0625
0 0.903125 0.74296875 0.0640625 0.065625
0 0.05234375 0.4890625 0.0609375 0.0609375
0 0.87890625 0.653125 0.0640625 0.0640625
0 0.33046875 0.7046875 0.0640625 0.0640625
0 0.23984375 0.67890625 0.0625 0.0625
0 0.9796875 0.771875 0.040625 0.065625
0 0.2375 0.34921875 0.0625 0.0625
0 0.08203125 0.3875 0.0609375 0.0625
0 0.7640625 0.02578125 0.0625 0.0515625
0 0.7421875 0.2625 0.0609375 0.0625
0 0.540625 0.12578125 0.0625 0.0625
0 0.96875 0.67734375 0.0625 0.0640625
0 0.9265625 0.31171875 0.0625 0.0625
0 0.034375 0.21015625 0.0625 0.0625
0 0.76875 0.35 0.0625 0.0625
0 0.1015625 0.15 0.0625 0.0625
0 0.9125 0.35625 0.0625 0.0625
0 0.22578125 0.73046875 0.0625 0.0625
0 0.04453125 0.35234375 0.0609375 0.0609375
0 0.5578125 0.4046875 0.0609375 0.0609375
0 0.63515625 0.48125 0.0640625 0.0640625
0 0.64375 0.09765625 0.0625 0.0625
0 0.87265625 0.3234375 0.0609375 0.0609375
0 0.171875 0.41328125 0.0640625 0.0640625
0 0.25703125 0.10546875 0.0625 0.0640625
0 0.26171875 0.4375 0.0625 0.0625
0 0.190625 0.16875 0.0640625 0.0640625
0 0.021875 0.45859375 0.04375 0.0609375
0 0.15234375 0.97890625 0.0640625 0.0421875
0 0.9453125 0.58984375 0.0640625 0.0640625
0 0.13046875 0.90078125 0.0625 0.0625
0 0.609375 0.3890625 0.0625 0.0625
0 0.9765625 0.434375 0.046875 0.059375
0 0.559375 0.92890625 0.0625 0.0625
0 0.95859375 0.34921875 0.0484375 0.0578125
0 0.54453125 0.453125 0.0625 0.0625
0 0.17265625 0.74375 0.0625 0.0625
0 0.9265625 0.83828125 0.0625 0.0625
0 0.346875 0.13046875 0.0640625 0.0640625
0 0.4359375 0.678125 0.0625 0.0625
0 0.98828125 0.721875 0.0234375 0.0625
0 0.57421875 0.8828125 0.0640625 0.0640625
0 0.659375 0.56953125 0.0625 0.0625
0 0.71875 0.1765625 0.059375 0.059375
0 0.0609375 0.63359375 0.0625 0.0625
0 0.69609375 0.0828125 0.0640625 0.0640625
0 0.5078125 0.94375 0.0640625 0.0640625
0 0.75 0.0703125 0.0625 0.0625
0 0.66484375 0.37734375 0.0625 0.0625
0 0.28046875 0.19453125 0.0625 0.0625
0 0.73515625 0.64609375 0.0640625 0.0640625
0 0.3140625 0.42578125 0.0625 0.0625
0 0.1078125 0.80859375 0.0625 0.0625
0 0.015625 0.5046875 0.03125 0.05625
0 0.41640625 0.92265625 0.0625 0.0625
0 0.68203125 0.6625 0.0625 0.0625
0 0.14765625 0.32734375 0.0625 0.0625
0 0.10390625 0.47734375 0.0625 0.0625
0 0.78671875 0.10859375 0.0609375 0.0625
0 0.38359375 0.6921875 0.0625 0.0625
0 0.19296875 0.503125 0.0625 0.0625
0 0.85234375 0.046875 0.0625 0.0625
0 0.63984375 0.81796875 0.0640625 0.0640625