0 0.23359375 0.5 0.0578125 0.0578125
0 0.0796875 0.84921875 0.0578125 0.0578125
0 0.28984375 0.73203125 0.0578125 0.0578125
0 0.12421875 0.9796875 0.0578125 0.040625
0 0.34453125 0.25078125 0.05625 0.0578125
0 0.18125 0.2671875 0.05625 0.05625
0 0.59609375 0.03671875 0.0578125 0.0578125
0 0.18046875 0.74453125 0.0578125 0.0578125
0 0.21015625 0.55078125 0.05625 0.0578125
0 0.28671875 0.49296875 0.05625 0.0578125
0 0.04609375 0.56875 0.0578125 0.0578125
0 0.23671875 0.0390625 0.05625 0.040625
0 0.06953125 0.5140625 0.0578125 0.0578125
0 0.26796875 0.30703125 0.05625 0.0578125
0 0.290625 0.25625 0.0578125 0.05625
0 0.5625 0.01171875 0.053125 0.0234375
0 0.41015625 0.10078125 0.05625 0.0578125
0 0.21328125 0.31171875 0.0578125 0.0578125
0 0.021875 0.28515625 0.04375 0.0578125
0 0.50859375 0.0140625 0.0546875 0.028125
0 0.0484375 0.0921875 0.05625 0.0578125
0 0.090625 0.70546875 0.0578125 0.0578125
0 0.4984375 0.13984375 0.05625 0.0578125
0 0.44296875 0.38125 0.0578125 0.0578125
0 0.12421875 0.5109375 0.05625 0.0578125
0 0.01171875 0.334375 0.0234375 0.05625
0 0.3984375 0.0234375 0.0546875 0.0375
0 0.246875 0.11953125 0.0578125 0.0578125
0 0.00546875 0.240625 0.0109375 0.05625
0 0.4125 0.57578125 0.059375 0.0578125
0 0.14609375 0.7 0.0578125 0.059375
0 0.01171875 0.09921875 0.0234375 0.0578125
0 0.3765625 0.2953125 0.0578125 0.0578125
0 0.04765625 0.80703125 0.05 0.05625
0 0.09921875 0.79921875 0.0578125 0.059375
0 0.10390625 0.32265625 0.0578125 0.059375
0 0.01796875 0.19609375 0.0359375 0.0578125
0 0.19375 0.3625 0.05625 0.0578125
0 0.30078125 0.1140625 0.05625 0.0578125
0 0.4875 0.0484375 0.05625 0.0578125
0 0.32109375 0.06640625 0.05625 0.05625
0 0.203125 0.21640625 0.05625 0.05625
0 0.234375 0.73984375 0.0578125 0.0578125
0 0.4328125 0.05234375 0.0578125 0.0578125
0 0.3109375 0.684375 0.0578125 0.0578125
0 0.06796875 0.75703125 0.0578125 0.0578125
0 0.3 0.58671875 0.0578125 0.0578125
0 0.15703125 0.084375 0.0578125 0.05625
0 0.2671875 0.78359375 0.0578125 0.059375
0 0.07109375 0.28046875 0.0578125 0.059375
0 0.0828125 0.37265625 0.0578125 0.0578125
0 0.17734375 0.97578125 0.0578125 0.0484375
0 0.09140625 0.9453125 0.05625 0.0578125
0 0.1359375 0.13203125 0.0578125 0.0578125
0 0.43125 0.28984375 0.05625 0.05625
0 0.23671875 0.975 0.0578125 0.05
0 0.09296875 0.2296875 0.0578125 0.0578125
0 0.078125 0.609375 0.0578125 0.0578125
0 0.36484375 0.43828125 0.059375 0.059375
0 0.4015625 0.48046875 0.059375 0.059375
0 0.10234375 0.5625 0.05625 0.0578125
0 0.05078125 0.94609375 0.03125 0.0546875
0 0.14765625 0.2265625 0.0578125 0.0578125
0 0.4328125 0.52265625 0.0578125 0.05625
0 0.365625 0.2046875 0.05625 0.0578125
0 0.07265625 0.05390625 0.0546875 0.0421875
0 0.5703125 0.0859375 0.05625 0.05625
0 0.50625 0.23671875 0.0578125 0.0578125
0 0.2109375 0.79140625 0.0578125 0.0578125
0 0.146875 0.46171875 0.0578125 0.0578125
0 0.1390625 0.36640625 0.0578125 0.0578125
0 0.3765625 0.5328125 0.059375 0.0609375
0 0.1265625 0.05 0.0546875 0.04375
0 0.02265625 0.0578125 0.0453125 0.040625
0 0.45078125 0.240625 0.0578125 0.0578125
0 0.24375 0.59375 0.0578125 0.0578125
0 0.17734375 0.50546875 0.05625 0.0578125
0 0.25703125 0.21640625 0.0546875 0.0578125
0 0.16796875 0.890625 0.0578125 0.0578125
0 0.15546875 0.5609375 0.05625 0.05625
0 0.0359375 0.47109375 0.05625 0.05625
0 0.0296875 0.61640625 0.046875 0.0546875
0 0.53671875 0.278125 0.05625 0.05625
0 0.31953125 0.54140625 0.0578125 0.0578125
0 0.290625 0.0328125 0.0546875 0.0375
0 0.15546875 0.7953125 0.0578125 0.0578125
0 0.2796875 0.4 0.0578125 0.0578125
0 0.615625 0.00859375 0.053125 0.0171875
0 0.38828125 0.3875 0.0578125 0.0578125
0 0.02734375 0.38046875 0.0546875 0.0578125
0 0.34375 0.02734375 0.05625 0.0359375
0 0.25625 0.68984375 0.05625 0.0578125
0 0.2453125 0.834375 0.05625 0.05625
0 0.190625 0.8390625 0.0578125 0.05625
0 0.0625 0.1875 0.0578125 0.0578125
0 0.2015625 0.9328125 0.05625 0.0578125
0 0.134375 0.60546875 0.0578125 0.05625
0 0.41875 0.19453125 0.0578125 0.059375
0 0.22265625 0.64375 0.05625 0.05625
0 0.29921875 0.35078125 0.0578125 0.0578125
0 0.24609375 0.35703125 0.0578125 0.0578125
0 0.2015625 0.69296875 0.0578125 0.0578125
0 0.26953125 0.0703125 0.0578125 0.05625
0 0.21015625 0.08203125 0.0578125 0.05625
0 0.02890625 0.140625 0.05625 0.0578125
0 0.13515625 0.84453125 0.0578125 0.0578125
0 0.2546875 0.45 0.05625 0.05625
0 0.16015625 0.3140625 0.05625 0.059375
0 0.453125 0.01875 0.05625 0.0375
0 0.26328125 0.54375 0.0578125 0.059375
0 0.06015625 0.4234375 0.05625 0.0578125
0 0.20078125 0.45703125 0.05625 0.0578125
0 0.1671875 0.41171875 0.05625 0.05625
0 0.35546875 0.109375 0.0578125 0.0578125
0 0.0921875 0.46640625 0.0578125 0.0578125
0 0.309375 0.44453125 0.05625 0.05625
0 0.53984375 0.04140625 0.0578125 0.0578125
0 0.37421875 0.0609375 0.0578125 0.0578125
0 0.0828125 0.1390625 0.0578125 0.05625
0 0.51640625 0.09296875 0.05625 0.05625
0 0.221875 0.4078125 0.0578125 0.0578125
0 0.22421875 0.1671875 0.05625 0.05625
0 0.6703125 0.00625 0.053125 0.0125
0 0.10234375 0.08515625 0.0578125 0.0578125
0 0.115625 0.17890625 0.0578125 0.059375
0 0.278125 0.16640625 0.05625 0.05625
0 0.1265625 0.27578125 0.05625 0.05625
0 0.3875 0.1515625 0.05625 0.05625
0 0.221875 0.884375 0.0578125 0.0578125
0 0.4421875 0.14609375 0.0578125 0.0578125
0 0.475 0.18984375 0.05625 0.05625
0 0.27890625 0.6390625 0.0578125 0.0578125
0 0.34296875 0.7265625 0.05625 0.0578125
0 0.48359375 0.2859375 0.05625 0.05625
0 0.05859375 0.89921875 0.05625 0.059375
0 0.121875 0.75 0.0578125 0.0578125
0 0.1125 0.6546875 0.0578125 0.0578125
0 0.321875 0.30078125 0.05625 0.0578125
0 0.06875 0.9828125 0.05625 0.034375
0 0.0171875 0.4265625 0.034375 0.05625
0 0.56015625 0.23046875 0.0546875 0.0546875
0 0.115625 0.415625 0.05625 0.0578125
0 0.31015625 0.209375 0.05625 0.05625
0 0.0390625 0.709375 0.05 0.05625
0 0.46484375 0.334375 0.05625 0.05625
0 0.0484375 0.3296875 0.0578125 0.0578125
0 0.60625 0.13046875 0.0578125 0.0578125
0 0.16875 0.65078125 0.05625 0.0578125
0 0.55 0.1375 0.0578125 0.0578125
0 0.4203125 0.43203125 0.0578125 0.0578125
0 0.353125 0.34609375 0.05625 0.0578125
0 0.234375 0.26640625 0.0578125 0.05625
0 0.33359375 0.16015625 0.05625 0.05625
0 0.49765625 0.37890625 0.0546875 0.05625
0 0.46328125 0.09765625 0.05625 0.0578125
0 0.03828125 0.2390625 0.0578125 0.0578125
0 0.3421875 0.4875 0.0578125 0.0578125
0 0.3328125 0.6328125 0.0578125 0.0578125
0 0.396875 0.2484375 0.05625 0.05625
0 0.18203125 0.04296875 0.05625 0.0390625
0 0.14453125 0.93828125 0.05625 0.05625
0 0.17109375 0.17265625 0.0578125 0.0578125
0 0.02265625 0.5265625 0.0453125 0.05625
0 0.5265625 0.1859375 0.05625 0.0578125
0 0.40859375 0.3359375 0.0578125 0.0578125
0 0.33203125 0.3953125 0.05625 0.05625
0 0.36640625 0.6765625 0.05625 0.05625
0 0.303125 0.83046875 0.05625 0.05625
0 0.11171875 0.8953125 0.05625 0.0578125
0 0.0578125 0.66171875 0.0578125 0.0578125
0 0.19140625 0.13046875 0.05625 0.0546875
0 0.4765625 0.42421875 0.059375 0.0578125
0 0.353125 0.58359375 0.0578125 0.0578125
0 0.653125 0.03203125 0.05625 0.0578125
0 0.18984375 0.6 0.05625 0.0578125
0 0.31875 0.78046875 0.0578125 0.0578125
0 0.5171875 0.32890625 0.05625 0.05625
0 0.278125 0.878125 0.0578125 0.0578125
0 0.38828125 0.62578125 0.0546875 0.0546875
0 0.6234375 0.08125 0.05625 0.05625
0 0.578125 0.18203125 0.0546875 0.05625
0 0.2578125 0.9296875 0.05625 0.0578125
0 0.45546875 0.47421875 0.0546875 0.05625