0 0.3140625 0.075 0.0578125 0.0578125
0 0.59375 0.09609375 0.0578125 0.0578125
0 0.4859375 0.76875 0.059375 0.059375
0 0.35078125 0.7078125 0.059375 0.0578125
0 0.8953125 0.60078125 0.0578125 0.059375
0 0.234375 0.36015625 0.05625 0.0578125
0 0.11953125 0.3515625 0.0578125 0.0578125
0 0.31015625 0.95546875 0.0578125 0.059375
0 0.36875 0.0796875 0.05625 0.05625
0 0.7453125 0.73984375 0.059375 0.0578125
0 0.7015625 0.97734375 0.05625 0.0453125
0 0.7328125 0.9375 0.059375 0.059375
0 0.26484375 0.31484375 0.0578125 0.0578125
0 0.53515625 0.534375 0.0578125 0.059375
0 0.84921875 0.94296875 0.0609375 0.0609375
0 0.25390625 0.50703125 0.0578125 0.059375
0 0.60390625 0.77734375 0.0578125 0.059375
0 0.0890625 0.059375 0.0578125 0.0578125
0 0.8015625 0.74140625 0.0578125 0.059375
0 0.57890625 0.28984375 0.059375 0.0578125
0 0.9765625 0.12421875 0.046875 0.0578125
0 0.9140625 0.7515625 0.0578125 0.059375
0 0.9 0.50703125 0.0578125 0.0578125
0 0.928125 0.55546875 0.0578125 0.059375
0 0.32109375 0.753125 0.05625 0.0578125
0 0.5140625 0.37734375 0.05625 0.0578125
0 0.203125 0.0671875 0.0578125 0.05625
0 0.21328125 0.65234375 0.0578125 0.059375
0 0.03828125 0.734375 0.059375 0.0578125
0 0.14140625 0.50234375 0.0578125 0.059375
0 0.0984375 0.30234375 0.059375 0.059375
0 0.88203125 0.79609375 0.059375 0.059375
0 0.76015625 0.5453125 0.059375 0.059375
0 0.28046875 0.12109375 0.059375 0.059375
0 0.43671875 0.3265625 0.0578125 0.059375
0 0.50703125 0.91953125 0.0578125 0.059375
0 0.58984375 0.9734375 0.0609375 0.053125
0 0.20625 0.74921875 0.059375 0.059375
0 0.18359375 0.25859375 0.0578125 0.0578125
0 0.365625 0.515625 0.0609375 0.059375
0 0.7171875 0.7859375 0.05625 0.0578125
0 0.3359375 0.5640625 0.059375 0.059375
0 0.9546875 0.171875 0.0578125 0.0578125
0 0.78046875 0.253125 0.0578125 0.059375
0 0.04140625 0.296875 0.0578125 0.059375
0 0.7078125 0.88515625 0.0578125 0.0609375
0 0.646875 0.10078125 0.05625 0.0578125
0 0.90625 0.94453125 0.0578125 0.059375
0 0.56640625 0.48203125 0.0578125 0.0578125
0 0.83984375 0.5984375 0.0578125 0.0578125
0 0.05859375 0.10390625 0.05625 0.0578125
0 0.15 0.7421875 0.0578125 0.059375
0 0.3390625 0.909375 0.059375 0.059375
0 0.48359375 0.43046875 0.05625 0.059375
0 0.728125 0.15625 0.0578125 0.0578125
0 0.94140625 0.36328125 0.0578125 0.0609375
0 0.55859375 0.1421875 0.059375 0.059375
0 0.37890625 0.325 0.0578125 0.0578125
0 0.621875 0.4875 0.0578125 0.0578125
0 0.4796875 0.525 0.059375 0.059375
0 0.77265625 0.35078125 0.059375 0.0578125
0 0.88515625 0.36015625 0.0578125 0.059375
0 0.54609375 0.7765625 0.059375 0.059375
0 0.87265625 0.11796875 0.05625 0.05625
0 0.23984375 0.7015625 0.0578125 0.059375
0 0.4828125 0.0890625 0.05625 0.0578125
0 0.9265625 0.121875 0.05625 0.0578125
0 0.634375 0.73515625 0.0578125 0.0609375
0 0.70390625 0.10625 0.059375 0.059375
0 0.25859375 0.0734375 0.05625 0.0578125
0 0.1703125 0.45 0.0578125 0.0578125
0 0.72890625 0.590625 0.0578125 0.0578125
0 0.153125 0.303125 0.0578125 0.059375
0 0.39375 0.128125 0.0578125 0.0578125
0 0.4984375 0.2359375 0.05625 0.0578125
0 0.29453125 0.70546875 0.0578125 0.059375
0 0.26171875 0.00390625 0.0546875 0.0078125
0 0.56015625 0.58125 0.059375 0.059375
0 0.22578125 0.45546875 0.05625 0.0578125
0 0.9140625 0.31015625 0.0578125 0.0578125
0 0.0203125 0.68359375 0.040625 0.0578125
0 0.66484375 0.68828125 0.0578125 0.0578125
0 0.41953125 0.9640625 0.0578125 0.0578125
0 0.37265625 0.42265625 0.059375 0.059375
0 0.721875 0.2515625 0.0578125 0.0578125
0 0.81484375 0.54921875 0.05625 0.0578125
0 0.35 0.36875 0.0578125 0.0578125
0 0.10078125 0.64453125 0.0578125 0.0578125
0 0.81484375 0.9796875 0.0578125 0.040625
0 0.52109375 0.72265625 0.0578125 0.0578125
0 0.4515625 0.13359375 0.0578125 0.0578125
0 0.0671875 0.346875 0.0578125 0.0578125
0 0.95625 0.075 0.05625 0.0578125
0 0.0234375 0.58515625 0.046875 0.0578125
0 0.42890625 0.425 0.0578125 0.0578125
0 0.08671875 0.83671875 0.059375 0.059375
0 0.1375 0.15703125 0.0578125 0.0578125
0 0.64609375 0.53515625 0.05625 0.0578125
0 0.253125 0.95 0.0578125 0.059375
0 0.2015625 0.84765625 0.0578125 0.0578125
0 0.9609375 0.51015625 0.0578125 0.0578125
0 0.32265625 0.3203125 0.0578125 0.059375
0 0.6921875 0.29765625 0.0578125 0.0578125
0 0.33828125 0.12421875 0.0578125 0.059375
0 0.503125 0.57890625 0.0578125 0.0578125
0 0.621875 0.9296875 0.059375 0.0609375
0 0.7890625 0.93984375 0.059375 0.0609375
0 0.5703125 0.3859375 0.0609375 0.059375
0 0.1578125 0.64609375 0.0578125 0.0578125
0 0.19453125 0.9421875 0.059375 0.0609375
0 0.97109375 0.31484375 0.0578125 0.05625
0 0.13671875 0.93828125 0.059375 0.0609375
0 0.06328125 0.01875 0.0578125 0.0375
0 0.45 0.5734375 0.059375 0.059375
0 0.934375 0.8984375 0.0578125 0.059375
0 0.40859375 0.7140625 0.0578125 0.0578125
0 0.28046875 0.9015625 0.059375 0.059375
0 0.4234375 0.521875 0.0578125 0.0609375
0 0.43046875 0.76484375 0.0578125 0.059375
0 0.3421875 0.03046875 0.05625 0.0578125
0 0.82109375 0.45390625 0.0578125 0.059375
0 0.46328125 0.71875 0.059375 0.0578125
0 0.1265625 0.69375 0.0578125 0.0578125
0 0.17734375 0.02265625 0.0578125 0.0453125
0 0.12265625 0.01953125 0.0578125 0.0390625
0 0.740625 0.3984375 0.0578125 0.05625
0 0.6421875 0.196875 0.05625 0.0578125
0 0.9390625 0.8 0.059375 0.0578125
0 0.45546875 0.475 0.0578125 0.0578125
0 0.11328125 0.8875 0.059375 0.059375
0 0.53984375 0.871875 0.0578125 0.0578125
0 0.3875 0.23046875 0.0578125 0.059375
0 0.53671875 0.09375 0.0578125 0.059375
0 0.83515625 0.25703125 0.05625 0.0578125
0 0.4546875 0.03828125 0.0578125 0.059375
0 0.1703125 0.1109375 0.0578125 0.0578125
0 0.73359375 0.0578125 0.059375 0.059375
0 0.7484375 0.30234375 0.05625 0.0578125
0 0.7015625 0.53984375 0.059375 0.0609375
0 0.7140625 0.34609375 0.0578125 0.059375
0 0.546875 0.3359375 0.0578125 0.059375
0 0.978125 0.56171875 0.040625 0.059375
0 0.47265625 0.62578125 0.05625 0.05625
0 0.265625 0.75 0.0578125 0.0578125
0 0.3953125 0.9109375 0.0578125 0.059375
0 0.8578125 0.309375 0.0578125 0.0578125
0 0.678125 0.4890625 0.0578125 0.0578125
0 0.9484375 0.70390625 0.059375 0.0578125
0 0.19765625 0.50390625 0.0578125 0.0578125
0 0.1140625 0.446875 0.059375 0.059375
0 0.68046875 0.05546875 0.0578125 0.0578125
0 0.63671875 0.29375 0.0578125 0.059375
0 0.0265625 0.490625 0.053125 0.059375
0 0.4921875 0.33125 0.0578125 0.059375
0 0.37421875 0.76171875 0.0578125 0.059375
0 0.89296875 0.2640625 0.0578125 0.05625
0 0.046875 0.20078125 0.0578125 0.059375
0 0.60859375 0.6828125 0.0578125 0.059375
0 0.5515625 0.67734375 0.059375 0.0578125
0 0.53359375 0.96875 0.0578125 0.0578125
0 0.7609375 0.11171875 0.0578125 0.059375
0 0.17734375 0.35390625 0.0578125 0.0578125
0 0.98359375 0.365625 0.0328125 0.059375
0 0.42734375 0.0828125 0.0578125 0.0578125
0 0.675 0.15234375 0.0578125 0.05625
0 0.61796875 0.58046875 0.0578125 0.0578125
0 0.76328125 0.44921875 0.0578125 0.0578125
0 0.8890625 0.7 0.0578125 0.0578125
0 0.40234375 0.8125 0.0578125 0.0578125
0 0.6890625 0.7390625 0.0578125 0.0609375
0 0.1125 0.10703125 0.059375 0.059375
0 0.84453125 0.16484375 0.0578125 0.0578125
0 0.4265625 0.86328125 0.0578125 0.059375
0 0.6515625 0.0203125 0.053125 0.025
0 0.92890625 0.98359375 0.0578125 0.0328125
0 0.7328125 0.4921875 0.059375 0.059375
0 0.08125 0.15546875 0.0578125 0.0578125
0 0.84765625 0.065625 0.0578125 0.0578125
0 0.46015625 0.37734375 0.0578125 0.05625
0 0.790625 0.0625 0.0578125 0.0578125
0 0.2515625 0.1671875 0.0578125 0.05625
0 0.871875 0.553125 0.0578125 0.0578125
0 0.05 0.540625 0.059375 0.059375
0 0.14375 0.840625 0.059375 0.0578125
0 0.95078125 0.6078125 0.059375 0.0609375
0 0.5125 0.04609375 0.0578125 0.0578125
0 0.5046875 0.13671875 0.05625 0.0578125
0 0.7859375 0.15703125 0.059375 0.0578125
0 0.93046875 0.040625 0.0546875 0.0265625
0 0.65859375 0.3453125 0.0578125 0.05625
0 0.23984375 0.265625 0.0578125 0.0578125
0 0.5265625 0.1875 0.0578125 0.0578125
0 0.3125 0.85390625 0.059375 0.0609375
0 0.39765625 0.0328125 0.0578125 0.0578125
0 0.30703125 0.5125 0.059375 0.0625
0 0.35703125 0.27265625 0.0578125 0.0578125
0 0.290625 0.028125 0.0546875 0.05625
0 0.4703125 0.2828125 0.0546875 0.05625
0 0.59609375 0.87578125 0.059375 0.059375
0 0.36484375 0.17734375 0.0578125 0.0578125
0 0.8109375 0.6453125 0.0578125 0.0578125
0 0.340625 0.46640625 0.059375 0.059375
0 0.1078125 0.5453125 0.059375 0.059375
0 0.83046875 0.35546875 0.05625 0.0578125
0 0.69453125 0.64140625 0.059375 0.059375
0 0.49609375 0.67265625 0.0578125 0.0578125
0 0.22734375 0.896875 0.05625 0.0578125
0 0.84609375 0.503125 0.05625 0.05625
0 0.32734375 0.22265625 0.059375 0.059375
0 0.08359375 0.4953125 0.059375 0.059375
0 0.51015625 0.4796875 0.0578125 0.0578125
0 0.56875 0.04609375 0.05625 0.0578125
0 0.1046875 0.20546875 0.0578125 0.0578125
0 0.11953125 0.790625 0.0578125 0.0578125
0 0.415625 0.61796875 0.0578125 0.0578125
0 0.834375 0.69453125 0.0578125 0.0578125
0 0.32578125 0.6578125 0.059375 0.059375
0 0.22109375 0.55078125 0.05625 0.05625
0 0.09609375 0.740625 0.05625 0.0578125
0 0.30625 0.171875 0.0578125 0.0578125
0 0.90703125 0.84609375 0.0578125 0.0578125
0 0.5859375 0.19609375 0.0578125 0.059375
0 0.6671875 0.2484375 0.05625 0.0578125
0 0.98984375 0.1734375 0.0203125 0.05625
0 0.55390625 0.23984375 0.05625 0.0578125
0 0.89765625 0.16640625 0.0578125 0.059375
0 0.79140625 0.5015625 0.059375 0.0578125
0 0.878125 0.03671875 0.0546875 0.0265625
0 0.07109375 0.25 0.059375 0.059375
0 0.94609375 0.265625 0.0546875 0.05625
0 0.9859375 0.2671875 0.028125 0.05625
0 0.16171875 0.209375 0.0578125 0.0578125
0 0.290625 0.36328125 0.0578125 0.0578125
0 0.8234375 0.89140625 0.059375 0.0609375
0 0.07109375 0.69140625 0.0578125 0.0578125
0 0.671875 0.5859375 0.0578125 0.059375
0 0.721875 0.6890625 0.0578125 0.0578125
0 0.5234375 0.28671875 0.05625 0.05625
0 0.878125 0.45703125 0.0578125 0.0578125
0 0.63046875 0.3890625 0.0578125 0.05625
0 0.85390625 0.40234375 0.059375 0.0578125
0 0.6015625 0.3359375 0.0578125 0.059375
0 0.02890625 0.834375 0.0578125 0.059375
0 0.39921875 0.4734375 0.0578125 0.0578125
0 0.3453125 0.8078125 0.059375 0.059375
0 0.4578125 0.81328125 0.0578125 0.0578125
0 0.00703125 0.634375 0.0140625 0.05625
0 0.578125 0.728125 0.0578125 0.059375
0 0.78359375 0.59453125 0.05625 0.0578125
0 0.4390625 0.66640625 0.0578125 0.05625
0 0.8265625 0.7890625 0.0578125 0.0578125
0 0.1296875 0.2546875 0.0578125 0.0578125
0 0.9015625 0.07265625 0.05625 0.0578125
0 0.91015625 0.4109375 0.059375 0.059375
0 0.08046875 0.9328125 0.0578125 0.059375
0 0.28203125 0.46015625 0.059375 0.059375
0 0.66015625 0.78203125 0.0578125 0.0578125
0 0.4828125 0.8671875 0.059375 0.059375
0 0.5984375 0.01640625 0.0546875 0.025
0 0.29765625 0.26640625 0.0578125 0.0578125
0 0.515625 0.82265625 0.059375 0.0578125
0 0.1328125 0.59453125 0.0578125 0.0578125
0 0.93671875 0.46171875 0.0578125 0.0578125
0 0.92265625 0.653125 0.0578125 0.059375
0 0.7953125 0.4015625 0.0578125 0.0578125
0 0.38046875 0.6640625 0.0578125 0.0578125
0 0.803125 0.30546875 0.0578125 0.0578125
0 0.8640625 0.6515625 0.0578125 0.059375
0 0.95078125 0.95390625 0.040625 0.0578125
0 0.4046875 0.3734375 0.0578125 0.0578125
0 0.03671875 0.3953125 0.0578125 0.0578125
0 0.03828125 0.15234375 0.0328125 0.0546875
0 0.6234375 0.05234375 0.05625 0.05625
0 0.61796875 0.1453125 0.0578125 0.0578125
0 0.99140625 0.078125 0.0171875 0.05625
0 0.5421875 0.01328125 0.05625 0.0265625
0 0.92421875 0.21640625 0.05625 0.0578125
0 0.20859375 0.31171875 0.05625 0.059375
0 0.0171875 0.778125 0.034375 0.05625
0 0.25625 0.84921875 0.05625 0.0578125
0 0.05703125 0.44609375 0.0578125 0.0578125
0 0.390625 0.565625 0.0578125 0.059375
0 0.17578125 0.79453125 0.0578125 0.0578125
0 0.75078125 0.6390625 0.059375 0.059375
0 0.79609375 0.8421875 0.0578125 0.0578125
0 0.19453125 0.1640625 0.059375 0.059375
0 0.68359375 0.83125 0.05625 0.0578125
0 0.7546875 0.20234375 0.05625 0.05625
0 0.97421875 0.22109375 0.0515625 0.0578125
0 0.3140625 0.41328125 0.0578125 0.0578125
0 0.87890625 0.89296875 0.0578125 0.0578125
0 0.47421875 0.184375 0.05625 0.05625
0 0.709375 0.44140625 0.05625 0.05625
0 0.44453125 0.234375 0.0578125 0.059375
0 0.0109375 0.53671875 0.021875 0.0546875
0 0.96875 0.415625 0.059375 0.0578125
0 0.8703125 0.98203125 0.059375 0.0359375
0 0.3 0.60859375 0.0578125 0.05625
0 0.859375 0.7453125 0.0578125 0.0578125
0 0.59140625 0.5328125 0.05625 0.05625
0 0.275 0.5609375 0.059375 0.059375
0 0.16484375 0.5453125 0.0578125 0.0578125
0 0.65390625 0.440625 0.0578125 0.059375
0 0.625 0.8328125 0.0578125 0.059375
0 0.58515625 0.6328125 0.05625 0.0578125
0 0.6828125 0.3921875 0.05625 0.0578125
0 0.22421875 0.115625 0.0578125 0.0578125
0 0.528125 0.62734375 0.05625 0.0578125
0 0.37265625 0.00546875 0.0546875 0.0109375
0 0.14609375 0.4 0.0578125 0.0578125
0 0.4484375 0.915625 0.059375 0.059375
0 0.86875 0.2140625 0.0578125 0.0578125
0 0.8515625 0.8421875 0.05625 0.0578125
0 0.23125 0.79921875 0.0578125 0.0578125
0 0.06171875 0.7875 0.059375 0.059375
0 0.18125 0.69921875 0.059375 0.059375
0 0.9578125 0.85078125 0.040625 0.0578125
0 0.81796875 0.11171875 0.0578125 0.0578125
0 0.7578125 0.97890625 0.059375 0.0421875
0 0.68046875 0.93359375 0.0578125 0.059375
0 0.234375 0.02578125 0.05625 0.0515625
0 0.3578125 0.6140625 0.059375 0.0578125
0 0.9796875 0.04453125 0.040625 0.0265625
0 0.04609375 0.63515625 0.0578125 0.05625
0 0.371875 0.8578125 0.0578125 0.059375
0 0.146875 0.065625 0.0578125 0.059375
0 0.69765625 0.20078125 0.05625 0.05625
0 0.9703125 0.6578125 0.0421875 0.0578125
0 0.98203125 0.46328125 0.0359375 0.0578125
0 0.07578125 0.58984375 0.0578125 0.0578125
0 0.41796875 0.1796875 0.05625 0.0578125
0 0.27421875 0.21640625 0.0578125 0.0578125
0 0.64921875 0.97421875 0.0578125 0.0515625
0 0.740625 0.83671875 0.0578125 0.0578125
0 0.21875 0.21328125 0.05625 0.0578125
0 0.96484375 0.75390625 0.040625 0.05625
0 0.8203125 0.03203125 0.0546875 0.025
0 0.00390625 0.73359375 0.0078125 0.0546875
0 0.17109375 0.890625 0.0578125 0.0578125
0 0.765625 0.8890625 0.0578125 0.059375
0 0.43125 0.00859375 0.05625 0.0171875
0 0.76640625 0.02890625 0.05625 0.0265625
0 0.5703125 0.82578125 0.05625 0.0578125
0 0.8125 0.20859375 0.0578125 0.0578125
0 0.5421875 0.42890625 0.05625 0.0578125
0 0.7765625 0.69140625 0.0578125 0.059375
0 0.053125 0.884375 0.059375 0.0578125
0 0.596875 0.4359375 0.0578125 0.059375
0 0.48671875 0.0109375 0.0546875 0.021875
0 0.61015625 0.24375 0.059375 0.0578125
0 0.6390625 0.63359375 0.0578125 0.0578125
0 0.26796875 0.6515625 0.0578125 0.0578125
0 0.090625 0.39765625 0.05625 0.0578125
0 0.24453125 0.6015625 0.0578125 0.05625
0 0.70859375 0.0234375 0.0546875 0.0234375
0 0.47890625 0.9671875 0.05625 0.0578125
0 0.36484375 0.95859375 0.05625 0.059375
0 0.2578125 0.4078125 0.0578125 0.05625
0 0.01640625 0.4421875 0.0296875 0.0546875
0 0.65234375 0.87890625 0.0578125 0.0578125
0 0.19140625 0.59765625 0.05625 0.05625
0 0.2890625 0.803125 0.0578125 0.05625
0 0.0234375 0.34375 0.03125 0.05625
0 0.0296875 0.24765625 0.0296875 0.0546875
0 0.20234375 0.40546875 0.05625 0.05625
0 0.771875 0.7859375 0.0578125 0.0578125
0 0.04375 0.05390625 0.03125 0.0546875
0 0.56328125 0.9203125 0.0578125 0.059375
0 0.4125 0.27578125 0.0546875 0.05625