0 0.20078125 0.60859375 0.053125 0.05234375
0 0.09296875 0.03203125 0.05078125 0.0515625
0 0.09765625 0.2140625 0.0515625 0.0515625
0 0.04453125 0.2125 0.05078125 0.0515625
0 0.2890625 0.25390625 0.05234375 0.053125
0 0.0140625 0.571875 0.028125 0.053125
0 0.05234375 0.39296875 0.0515625 0.053125
0 0.02265625 0.25703125 0.0453125 0.0515625
0 0.12890625 0.346875 0.05078125 0.0515625
0 0.315625 0.2984375 0.05234375 0.0515625
0 0.0203125 0.16953125 0.040625 0.053125
0 0.05703125 0.57109375 0.0515625 0.053125
0 0.25859375 0.11640625 0.05234375 0.0515625
0 0.20390625 0.11640625 0.0515625 0.05078125
0 0.396875 0.25234375 0.05234375 0.05078125
0 0.16484375 0.5703125 0.0515625 0.0515625
0 0.20859375 0.30234375 0.0515625 0.053125
0 0.38984375 0.07109375 0.0515625 0.0515625
0 0.01796875 0.8484375 0.0359375 0.053125
0 0.17890625 0.25859375 0.05234375 0.053125
0 0.3125 0.209375 0.05234375 0.053125
0 0.52265625 0.02421875 0.0515625 0.0484375
0 0.33515625 0.0703125 0.0515625 0.05234375
0 0.1546875 0.30390625 0.0515625 0.0515625
0 0.1265625 0.25625 0.0515625 0.05234375
0 0.31328125 0.115625 0.0515625 0.053125
0 0.3640625 0.11796875 0.0515625 0.05234375
0 0.08125 0.52578125 0.0515625 0.0515625
0 0.2046875 0.209375 0.05234375 0.053125
0 0.44296875 0.07109375 0.05234375 0.05234375
0 0.25859375 0.2109375 0.05234375 0.053125
0 0.2328125 0.25546875 0.05234375 0.0515625
0 0.04921875 0.29921875 0.05078125 0.05078125
0 0.01015625 0.30234375 0.0203125 0.0515625
0 0.0828125 0.61953125 0.0515625 0.05234375
0 0.25546875 0.02734375 0.05234375 0.0515625
0 0.309375 0.02421875 0.0515625 0.0484375
0 0.07265625 0.25625 0.05078125 0.05078125
0 0.015625 0.66484375 0.03125 0.0515625
0 0.07734375 0.346875 0.05234375 0.05234375
0 0.01328125 0.48203125 0.0265625 0.0515625
0 0.05546875 0.4796875 0.0515625 0.0515625
0 0.0890625 0.7078125 0.05078125 0.05
0 0.13515625 0.5265625 0.05234375 0.053125
0 0.21328125 0.3921875 0.0515625 0.0515625
0 0.41640625 0.11796875 0.0515625 0.05078125
0 0.13984375 0.615625 0.0546875 0.05390625
0 0.23203125 0.06953125 0.05234375 0.05234375
0 0.340625 0.2546875 0.05234375 0.05234375
0 0.0421875 0.03125 0.0515625 0.05234375
0 0.3671875 0.2109375 0.0515625 0.053125
0 0.175 0.07734375 0.05078125 0.05078125
0 0.15078125 0.21171875 0.05234375 0.05234375
0 0.1234375 0.07578125 0.053125 0.0515625
0 0.23828125 0.34609375 0.05234375 0.0515625
0 0.29140625 0.340625 0.05234375 0.05078125
0 0.16875 0.66015625 0.053125 0.05234375
0 0.01953125 0.08125 0.0390625 0.05
0 0.09453125 0.125 0.0515625 0.0515625
0 0.12421875 0.1671875 0.0515625 0.05078125
0 0.1015625 0.30390625 0.0515625 0.05234375
0 0.27109375 0.38203125 0.0546875 0.05234375
0 0.0328125 0.70546875 0.0515625 0.0515625
0 0.3265625 0.38203125 0.05078125 0.05078125
0 0.025 0.3453125 0.05 0.0515625
0 0.01171875 0.3921875 0.0234375 0.053125
0 0.1609375 0.38984375 0.053125 0.05234375
0 0.28359375 0.07109375 0.0515625 0.05234375
0 0.4671875 0.025 0.053125 0.05
0 0.0375 0.7984375 0.053125 0.053125
0 0.23203125 0.16171875 0.0515625 0.053125
0 0.1046875 0.39296875 0.0515625 0.05234375
0 0.41171875 0.02734375 0.0515625 0.0515625
0 0.06640625 0.07890625 0.0515625 0.05078125
0 0.24296875 0.43359375 0.053125 0.0515625
0 0.01875 0.75078125 0.0375 0.053125
0 0.07890625 0.4375 0.0515625 0.05078125
0 0.0578125 0.66796875 0.0515625 0.04921875
0 0.3703125 0.29921875 0.05078125 0.0515625
0 0.2 0.0296875 0.053125 0.0515625
0 0.0203125 0.9390625 0.040625 0.05
0 0.03125 0.61953125 0.05234375 0.0515625
0 0.26171875 0.3 0.0515625 0.053125
0 0.13125 0.4375 0.053125 0.05078125
0 0.17890625 0.16171875 0.05234375 0.05234375
0 0.33828125 0.16328125 0.053125 0.0515625
0 0.0375 0.88828125 0.05078125 0.05
0 0.1859375 0.43515625 0.05234375 0.0515625
0 0.1453125 0.03125 0.0515625 0.05234375
0 0.215625 0.47734375 0.0515625 0.0515625
0 0.36015625 0.03046875 0.05078125 0.05078125
0 0.11171875 0.66171875 0.053125 0.05234375
0 0.02578125 0.4375 0.0515625 0.0515625
0 0.28515625 0.16328125 0.0515625 0.0515625
0 0.275 0.47109375 0.05 0.05
0 0.471875 0.1140625 0.05234375 0.0515625
0 0.0296875 0.5265625 0.0515625 0.0515625
0 0.1203125 0.74921875 0.0515625 0.0515625
0 0.10625 0.4828125 0.05078125 0.0515625
0 0.06484375 0.75078125 0.0515625 0.0515625
0 0.14765625 0.12265625 0.05234375 0.0515625
0 0.1078125 0.5734375 0.0515625 0.05234375
0 0.190625 0.5234375 0.0515625 0.05078125
0 0.09375 0.796875 0.053125 0.05390625
0 0.04296875 0.1234375 0.05078125 0.0515625
0 0.06796875 0.16953125 0.05234375 0.0515625
0 0.16328125 0.47890625 0.05234375 0.05234375
0 0.3921875 0.16328125 0.0515625 0.05234375
0 0.1421875 0.7046875 0.0515625 0.05078125
0 0.18125 0.35 0.05234375 0.0515625
0 0.44609375 0.159375 0.05234375 0.0515625
0 0.06640625 0.84453125 0.0515625 0.053125
0 0.34765625 0.33984375 0.05078125 0.04921875
0 0.41953125 0.20546875 0.05 0.05
0 0.25 0.51640625 0.05078125 0.05078125
0 0.22421875 0.559375 0.05078125 0.05
0 0.2984375 0.43046875 0.05234375 0.05078125
0 0.49609375 0.07109375 0.053125 0.0515625