0 0.47421875 0.9265625 0.0546875 0.053125
0 0.6 0.61015625 0.0515625 0.053125
0 0.709375 0.87421875 0.0546875 0.0546875
0 0.684375 0.921875 0.053125 0.053125
0 0.553125 0.96953125 0.053125 0.053125
0 0.94453125 0.5578125 0.053125 0.053125
0 0.0734375 0.62109375 0.053125 0.0546875
0 0.92109375 0.6890625 0.053125 0.053125
0 0.47109375 0.659375 0.053125 0.053125
0 0.98671875 0.640625 0.0265625 0.053125
0 0.39140625 0.61875 0.0546875 0.053125
0 0.79140625 0.91484375 0.0546875 0.053125
0 0.86796875 0.871875 0.053125 0.053125
0 0.71171875 0.96328125 0.053125 0.053125
0 0.625 0.56171875 0.053125 0.053125
0 0.2046875 0.66015625 0.0515625 0.053125
0 0.6015625 0.69765625 0.053125 0.0515625
0 0.521875 0.6578125 0.0515625 0.053125
0 0.39375 0.97421875 0.053125 0.0515625
0 0.12421875 0.52265625 0.0546875 0.05625
0 0.046875 0.5765625 0.0546875 0.0546875
0 0.125 0.6203125 0.053125 0.0546875
0 0.04765625 0.66796875 0.0546875 0.0546875
0 0.76328125 0.87109375 0.0546875 0.0546875
0 0.76484375 0.95859375 0.053125 0.053125
0 0.54765625 0.6140625 0.0546875 0.0546875
0 0.784375 0.56171875 0.053125 0.053125
0 0.23359375 0.8859375 0.0515625 0.053125
0 0.15234375 0.6671875 0.053125 0.053125
0 0.91953125 0.86640625 0.053125 0.053125
0 0.52265625 0.74296875 0.0515625 0.0515625
0 0.84375 0.828125 0.053125 0.053125
0 0.07421875 0.71171875 0.053125 0.053125
0 0.41875 0.925 0.053125 0.053125
0 0.3640625 0.7484375 0.053125 0.053125
0 0.52109375 0.5671875 0.053125 0.0546875
0 0.3125 0.92890625 0.053125 0.053125
0 0.1234375 0.70859375 0.053125 0.053125
0 0.946875 0.6453125 0.053125 0.053125
0 0.20703125 0.9296875 0.053125 0.053125
0 0.7875 0.65078125 0.0546875 0.0546875
0 0.8453125 0.91875 0.053125 0.053125
0 0.70625 0.60703125 0.0546875 0.0546875
0 0.15234375 0.753125 0.0546875 0.053125
0 0.86796875 0.6921875 0.053125 0.053125
0 0.83828125 0.5609375 0.0546875 0.053125
0 0.9875 0.8171875 0.025 0.053125
0 0.6046875 0.96796875 0.053125 0.0546875
0 0.709375 0.69609375 0.053125 0.053125
0 0.63046875 0.91953125 0.0546875 0.053125
0 0.0265625 0.8 0.034375 0.053125
0 0.91484375 0.509375 0.0546875 0.05625
0 0.91875 0.60078125 0.053125 0.0546875
0 0.39296875 0.88203125 0.0546875 0.053125
0 0.5484375 0.7 0.053125 0.0515625
0 0.87265625 0.96171875 0.0546875 0.053125
0 0.28515625 0.6171875 0.053125 0.053125
0 0.284375 0.703125 0.053125 0.053125
0 0.44453125 0.97109375 0.053125 0.0546875
0 0.18125 0.97578125 0.053125 0.0484375
0 0.4703125 0.56171875 0.0515625 0.053125
0 0.54765625 0.52421875 0.053125 0.0546875
0 0.759375 0.60546875 0.053125 0.053125
0 0.3625 0.56875 0.0546875 0.05625
0 0.75546875 0.5171875 0.053125 0.05625
0 0.36484375 0.92734375 0.053125 0.053125
0 0.2015625 0.75 0.0515625 0.0515625
0 0.1 0.9375 0.053125 0.053125
0 0.890625 0.56015625 0.053125 0.053125
0 0.259375 0.93203125 0.053125 0.0515625
0 0.55078125 0.8765625 0.053125 0.053125
0 0.68203125 0.65234375 0.053125 0.053125
0 0.38828125 0.51015625 0.0546875 0.0546875
0 0.2328125 0.621875 0.0515625 0.05
0 0.57265625 0.7390625 0.053125 0.0515625
0 0.78984375 0.825 0.0546875 0.053125
0 0.5984375 0.52109375 0.053125 0.0546875
0 0.36328125 0.6625 0.053125 0.053125
0 0.33984375 0.97265625 0.053125 0.053125
0 0.76328125 0.69765625 0.053125 0.0515625
0 0.8421875 0.65 0.0546875 0.053125
0 0.284375 0.97109375 0.053125 0.053125
0 0.12734375 0.89140625 0.053125 0.053125
0 0.4453125 0.88125 0.053125 0.0546875
0 0.1796875 0.88671875 0.0546875 0.0515625
0 0.9234375 0.78125 0.0546875 0.0546875
0 0.4984375 0.96796875 0.0546875 0.0546875
0 0.31328125 0.66328125 0.053125 0.053125
0 0.44296875 0.70078125 0.0546875 0.053125
0 0.92421875 0.9609375 0.0515625 0.05
0 0.94921875 0.828125 0.053125 0.053125
0 0.97421875 0.6890625 0.0515625 0.053125
0 0.68125 0.828125 0.053125 0.053125
0 0.52578125 0.9265625 0.053125 0.053125
0 0.865625 0.6046875 0.0546875 0.0546875
0 0.4140625 0.7484375 0.053125 0.0515625
0 0.31015625 0.75 0.053125 0.053125
0 0.4984375 0.87890625 0.0546875 0.053125
0 0.2078125 0.57890625 0.0515625 0.0515625
0 0.04609375 0.93359375 0.0546875 0.0546875
0 0.33671875 0.79140625 0.053125 0.053125
0 0.2875 0.88515625 0.0515625 0.053125
0 0.128125 0.8 0.0515625 0.0546875
0 0.575 0.9171875 0.053125 0.0546875
0 0.2328125 0.975 0.053125 0.05
0 0.15390625 0.56953125 0.05625 0.0546875
0 0.95390625 0.91953125 0.053125 0.0515625
0 0.3671875 0.83828125 0.053125 0.053125
0 0.62890625 0.83359375 0.0546875 0.0546875
0 0.1265625 0.97578125 0.053125 0.0484375
0 0.678125 0.56953125 0.0546875 0.053125
0 0.68125 0.74140625 0.053125 0.053125
0 0.47109375 0.74765625 0.053125 0.0515625
0 0.2046875 0.84453125 0.0515625 0.0515625
0 0.4703125 0.834375 0.053125 0.053125
0 0.046875 0.7578125 0.053125 0.053125
0 0.15390625 0.846875 0.053125 0.053125
0 0.86953125 0.78203125 0.0546875 0.0546875
0 0.60390625 0.87734375 0.053125 0.053125
0 0.38984375 0.70390625 0.053125 0.053125
0 0.23125 0.53203125 0.0515625 0.0546875
0 0.3375 0.8828125 0.0546875 0.0546875
0 0.07421875 0.8015625 0.0546875 0.0546875
0 0.65703125 0.875 0.053125 0.053125
0 0.62734375 0.653125 0.0546875 0.053125
0 0.07265625 0.88828125 0.053125 0.053125
0 0.8171875 0.959375 0.0546875 0.0546875
0 0.4921875 0.61015625 0.053125 0.0546875
0 0.49453125 0.51015625 0.0546875 0.05625
0 0.1 0.7546875 0.053125 0.053125
0 0.815625 0.8734375 0.053125 0.053125
0 0.6515625 0.51796875 0.0546875 0.0578125
0 0.81484375 0.69453125 0.053125 0.053125
0 0.9890625 0.91171875 0.021875 0.0515625
0 0.49453125 0.7875 0.0515625 0.0515625
0 0.73671875 0.91796875 0.0546875 0.0546875
0 0.2828125 0.52734375 0.053125 0.0546875
0 0.03046875 0.97421875 0.0296875 0.0515625
0 0.734375 0.73984375 0.0546875 0.053125
0 0.15078125 0.93203125 0.0546875 0.0546875
0 0.546875 0.7859375 0.053125 0.053125
0 0.52421875 0.8375 0.053125 0.0546875
0 0.659375 0.9640625 0.0546875 0.0546875
0 0.78984375 0.7390625 0.053125 0.053125
0 0.38984375 0.79296875 0.053125 0.053125
0 0.840625 0.73984375 0.053125 0.053125
0 0.3109375 0.83984375 0.0546875 0.053125
0 0.73203125 0.56328125 0.053125 0.053125
0 0.25625 0.74609375 0.053125 0.0515625
0 0.10078125 0.84765625 0.053125 0.053125
0 0.575 0.65703125 0.053125 0.053125
0 0.0296875 0.890625 0.034375 0.0515625
0 0.8109375 0.60625 0.0546875 0.0546875
0 0.07421875 0.97734375 0.0546875 0.0453125
0 0.89296875 0.65 0.053125 0.053125
0 0.1796875 0.52265625 0.0546875 0.0546875
0 0.96796875 0.50859375 0.053125 0.05625
0 0.4421875 0.7875 0.053125 0.053125
0 0.59921875 0.78125 0.053125 0.0546875
0 0.86171875 0.51171875 0.053125 0.05625
0 0.04609375 0.84453125 0.053125 0.0546875
0 0.73671875 0.82734375 0.0546875 0.053125
0 0.81640625 0.78515625 0.053125 0.053125
0 0.97109375 0.60234375 0.053125 0.053125
0 0.25390625 0.659375 0.053125 0.0515625
0 0.80859375 0.5140625 0.0546875 0.0578125
0 0.94765625 0.7328125 0.053125 0.053125
0 0.8984375 0.8265625 0.053125 0.053125
0 0.33359375 0.528125 0.053125 0.05625
0 0.76171875 0.78359375 0.053125 0.0515625
0 0.23046875 0.70390625 0.053125 0.0515625
0 0.73359375 0.65234375 0.053125 0.053125
0 0.89453125 0.7359375 0.053125 0.0546875
0 0.9875 0.7375 0.025 0.053125
0 0.63125 0.74453125 0.0515625 0.0515625
0 0.02265625 0.53125 0.0453125 0.0546875
0 0.1 0.57578125 0.053125 0.0546875
0 0.17734375 0.70703125 0.053125 0.053125
0 0.3078125 0.5734375 0.0546875 0.053125
0 0.253125 0.83359375 0.053125 0.0546875
0 0.1796875 0.6171875 0.053125 0.0515625
0 0.57265625 0.56796875 0.0515625 0.0515625
0 0.421875 0.5671875 0.053125 0.0546875
0 0.57578125 0.83046875 0.053125 0.053125
0 0.41875 0.8359375 0.053125 0.0515625
0 0.9859375 0.56015625 0.028125 0.0515625
0 0.975 0.78046875 0.05 0.0515625
0 0.071875 0.53046875 0.0546875 0.0546875
0 0.89765625 0.91640625 0.053125 0.053125
0 0.65625 0.69921875 0.053125 0.053125
0 0.3359375 0.61796875 0.053125 0.0546875
0 0.71171875 0.784375 0.053125 0.053125
0 0.49765625 0.703125 0.0515625 0.053125
0 0.97421875 0.86875 0.0515625 0.053125
0 0.1015625 0.6703125 0.0515625 0.0515625
0 0.3375 0.7078125 0.0515625 0.053125
0 0.02578125 0.62421875 0.0453125 0.0515625
0 0.653125 0.78671875 0.053125 0.053125
0 0.28671875 0.79453125 0.053125 0.053125
0 0.25546875 0.5765625 0.0515625 0.0515625
0 0.6515625 0.60703125 0.053125 0.053125
0 0.1765625 0.80078125 0.0515625 0.0515625
0 0.97421875 0.953125 0.0515625 0.053125
0 0.415625 0.65703125 0.053125 0.053125
0 0.028125 0.7171875 0.04375 0.053125
0 0.44765625 0.60859375 0.0515625 0.0515625
0 0.70625 0.5203125 0.0515625 0.0546875
0 0.228125 0.7921875 0.053125 0.053125
0 0.44453125 0.5171875 0.0515625 0.0515625