0 0.796875 0.03125 0.05625 0.05625
0 0.8859375 0.2640625 0.0546875 0.05625
0 0.63125 0.03828125 0.05625 0.05625
0 0.859375 0.3109375 0.05625 0.05625
0 0.97265625 0.496875 0.0546875 0.05625
0 0.94140625 0.3546875 0.0546875 0.0546875
0 0.9390625 0.2609375 0.0546875 0.05625
0 0.85 0.03046875 0.0546875 0.0578125
0 0.7765625 0.26875 0.05625 0.05625
0 0.80390625 0.3140625 0.05625 0.05625
0 0.60546875 0.08515625 0.0546875 0.05625
0 0.71484375 0.0078125 0.0546875 0.015625
0 0.76796875 0.00703125 0.0546875 0.0140625
0 0.95390625 0.0265625 0.0453125 0.053125
0 0.96015625 0.21171875 0.053125 0.0578125
0 0.85625 0.21796875 0.0546875 0.05625
0 0.98671875 0.63984375 0.0265625 0.0546875
0 0.946875 0.54375 0.0546875 0.05625
0 0.965625 0.30859375 0.053125 0.05625
0 0.6875 0.12890625 0.05625 0.05625
0 0.85234375 0.1234375 0.0546875 0.0546875
0 0.659375 0.08359375 0.0546875 0.05625
0 0.8875 0.35859375 0.05625 0.05625
0 0.903125 0.0265625 0.05625 0.053125
0 0.8796875 0.0765625 0.05625 0.0546875
0 0.878125 0.00546875 0.053125 0.0109375
0 0.68515625 0.0328125 0.05625 0.0578125
0 0.8046875 0.21953125 0.05625 0.05625
0 0.934375 0.165625 0.05625 0.05625
0 0.746875 0.3140625 0.05625 0.05625
0 0.88125 0.1703125 0.0546875 0.05625
0 0.76640625 0.0796875 0.05625 0.05625
0 0.98828125 0.72890625 0.0234375 0.0546875
0 0.74453125 0.2203125 0.0578125 0.05625
0 0.98515625 0.5421875 0.0296875 0.05625
0 0.60390625 0.0109375 0.0546875 0.021875
0 0.92109375 0.49921875 0.0546875 0.0546875
0 0.97578125 0.68359375 0.0484375 0.0546875
0 0.9734375 0.590625 0.053125 0.05625
0 0.93203125 0.00390625 0.0546875 0.0078125
0 0.83046875 0.36171875 0.05625 0.0546875
0 0.890625 0.4515625 0.0578125 0.05625
0 0.796875 0.125 0.05625 0.05625
0 0.9703125 0.4015625 0.053125 0.0578125
0 0.94921875 0.63984375 0.0546875 0.0546875
0 0.94609375 0.4484375 0.05625 0.05625
0 0.6328125 0.12890625 0.0546875 0.0546875
0 0.6609375 0.175 0.0546875 0.0546875
0 0.83203125 0.4515625 0.05625 0.0546875
0 0.91328125 0.31171875 0.0546875 0.05625
0 0.71484375 0.0828125 0.05625 0.05625
0 0.821875 0.00703125 0.053125 0.0140625
0 0.82265625 0.078125 0.0546875 0.05625
0 0.83125 0.26796875 0.0546875 0.05625
0 0.74453125 0.13046875 0.0546875 0.0546875
0 0.90859375 0.21484375 0.0546875 0.05625
0 0.921875 0.59453125 0.053125 0.0546875
0 0.90390625 0.1203125 0.05625 0.0546875
0 0.98125 0.3546875 0.0265625 0.0546875
0 0.6578125 0.00859375 0.05625 0.0171875
0 0.95859375 0.121875 0.046875 0.053125
0 0.8703125 0.5015625 0.053125 0.053125
0 0.7390625 0.03203125 0.05625 0.05625
0 0.93671875 0.07265625 0.0546875 0.05625
0 0.77421875 0.1734375 0.05625 0.0546875
0 0.86015625 0.40625 0.05625 0.05625
0 0.803125 0.40625 0.0546875 0.0546875
0 0.8921875 0.546875 0.0546875 0.0546875
0 0.71796875 0.17578125 0.0546875 0.053125
0 0.98671875 0.45 0.0265625 0.0546875
0 0.54609375 0.009375 0.0546875 0.01875
0 0.91640625 0.40546875 0.0578125 0.0578125
0 0.57734375 0.03984375 0.053125 0.0546875
0 0.7765625 0.36328125 0.0546875 0.0546875
0 0.82734375 0.17265625 0.053125 0.0546875
0 0.71875 0.2703125 0.0578125 0.05625