0 0.6703125 0.02734375 0.0625 0.0546875
0 0.38359375 0.33359375 0.0625 0.0640625
0 0.42890625 0.8546875 0.0640625 0.065625
0 0.44921875 0.60703125 0.0640625 0.0640625
0 0.5609375 0.5796875 0.0640625 0.0640625
0 0.21875 0.5703125 0.0640625 0.0640625
0 0.80703125 0.2296875 0.0625 0.0625
0 0.29453125 0.6453125 0.0640625 0.0640625
0 0.225 0.3703125 0.0640625 0.065625
0 0.975 0.47421875 0.05 0.0640625
0 0.64296875 0.4640625 0.0625 0.0625
0 0.2671875 0.89296875 0.065625 0.065625
0 0.26171875 0.7515625 0.0640625 0.065625
0 0.9125 0.20234375 0.0640625 0.065625
0 0.40703125 0.08828125 0.0640625 0.0640625
0 0.875 0.5015625 0.0640625 0.0640625
0 0.42421875 0.03828125 0.0640625 0.0640625
0 0.55 0.7765625 0.0640625 0.065625
0 0.1796875 0.86875 0.0625 0.0625
0 0.15390625 0.29609375 0.0640625 0.0640625
0 0.3484375 0.296875 0.0625 0.0625
0 0.696875 0.7875 0.0640625 0.065625
0 0.8859375 0.64609375 0.065625 0.065625
0 0.39765625 0.61953125 0.0640625 0.0640625
0 0.3546875 0.77890625 0.065625 0.065625
0 0.0234375 0.4234375 0.046875 0.065625
0 0.48125 0.50390625 0.0640625 0.0640625
0 0.01640625 0.475 0.0328125 0.0625
0 0.8 0.42578125 0.0625 0.0625
0 0.8375 0.12578125 0.065625 0.0640625
0 0.67109375 0.3609375 0.0640625 0.0640625
0 0.69375 0.4484375 0.0640625 0.0640625
0 0.01796875 0.13984375 0.0359375 0.0640625
0 0.14765625 0.63359375 0.0640625 0.0640625
0 0.55859375 0.24296875 0.0625 0.0640625
0 0.31953125 0.88125 0.0640625 0.065625
0 0.2515625 0.1265625 0.0640625 0.0640625
0 0.16015625 0.10390625 0.0625 0.0625
0 0.08359375 0.3609375 0.0640625 0.0640625
0 0.61796875 0.70703125 0.065625 0.065625
0 0.65 0.2703125 0.0640625 0.0640625
0 0.40078125 0.28203125 0.0640625 0.0640625
0 0.9765625 0.8140625 0.046875 0.065625
0 0.8703125 0.6984375 0.0640625 0.065625
0 0.1375 0.346875 0.0640625 0.065625
0 0.9046875 0.3984375 0.065625 0.065625
0 0.35546875 0.103125 0.0640625 0.0640625
0 0.1578125 0.4375 0.0625 0.0640625
0 0.7546875 0.9203125 0.065625 0.065625
0 0.20546875 0.28359375 0.0625 0.0625
0 0.19296875 0.8140625 0.0640625 0.0640625
0 0.58046875 0.01640625 0.0640625 0.0328125
0 0.62578125 0.18046875 0.0640625 0.0640625
0 0.28515625 0.8421875 0.065625 0.065625
0 0.77421875 0.015625 0.0640625 0.03125
0 0.0515625 0.4640625 0.0640625 0.0640625
0 0.825 0.5140625 0.0625 0.0625
0 0.496875 0.79140625 0.0640625 0.065625
0 0.82109375 0.1796875 0.0640625 0.0640625
0 0.81640625 0.37578125 0.0625 0.0625
0 0.0625 0.27265625 0.0640625 0.0640625
0 0.1359375 0.68359375 0.0640625 0.0640625
0 0.89140625 0.44921875 0.0640625 0.0640625
0 0.271875 0.5546875 0.0640625 0.0640625
0 0.1859375 0.67109375 0.0625 0.0625
0 0.78515625 0.478125 0.0640625 0.0640625
0 0.44296875 0.8 0.0640625 0.065625
0 0.6875 0.64765625 0.0640625 0.0640625
0 0.71015625 0.73828125 0.065625 0.065625
0 0.490625 0.97734375 0.0625 0.0453125
0 0.9609375 0.72421875 0.0640625 0.0640625
0 0.06796875 0.4109375 0.0640625 0.065625
0 0.61953125 0.37421875 0.0640625 0.0640625
0 0.53984375 0.96953125 0.0640625 0.0609375
0 0.50703125 0.2609375 0.0625 0.0625
0 0.0578125 0.60546875 0.0640625 0.0640625
0 0.37890625 0.5296875 0.0640625 0.0640625
0 0.5375 0.49140625 0.0640625 0.0640625
0 0.65078125 0.94609375 0.0640625 0.0640625
0 0.4171875 0.2296875 0.065625 0.0640625
0 0.52890625 0.021875 0.0640625 0.04375
0 0.35859375 0.57890625 0.0640625 0.065625
0 0.128125 0.5421875 0.0640625 0.0640625
0 0.9171875 0.8796875 0.0640625 0.0640625
0 0.37109375 0.05234375 0.0640625 0.0640625
0 0.16171875 0.91640625 0.0625 0.0640625
0 0.125 0.87890625 0.0640625 0.0640625
0 0.3328125 0.35 0.0625 0.0625
0 0.60078125 0.7625 0.065625 0.065625
0 0.3375 0.8296875 0.0640625 0.065625
0 0.6265625 0.51484375 0.0640625 0.0640625
0 0.58828125 0.81484375 0.0640625 0.0640625
0 0.45234375 0.946875 0.0640625 0.065625
0 0.575 0.1953125 0.0625 0.0625
0 0.96171875 0.3390625 0.0375 0.05625
0 0.67890625 0.1671875 0.0640625 0.0640625
0 0.77890625 0.6734375 0.065625 0.065625
0 0.61796875 0.03828125 0.0640625 0.0640625
0 0.93046875 0.82890625 0.0640625 0.065625
0 0.2375 0.9828125 0.065625 0.034375
0 0.59453125 0.28125 0.0640625 0.0640625
0 0.7328125 0.15703125 0.0625 0.0625
0 0.95390625 0.5828125 0.0640625 0.0640625
0 0.59609375 0.95859375 0.065625 0.0640625
0 0.046875 0.65625 0.05625 0.0625
0 0.11328125 0.59609375 0.0625 0.0625
0 0.484375 0.16796875 0.0625 0.0625
0 0.66484375 0.22109375 0.0640625 0.0640625
0 0.84765625 0.60625 0.0640625 0.065625
0 0.5515625 0.4390625 0.0640625 0.0640625
0 0.4453125 0.46640625 0.0625 0.0625
0 0.69375 0.1171875 0.0640625 0.0640625
0 0.19921875 0.140625 0.0625 0.0625
0 0.51171875 0.73671875 0.0625 0.0625
0 0.73828125 0.2953125 0.0625 0.0625
0 0.53671875 0.82890625 0.0640625 0.0640625
0 0.2671875 0.07890625 0.0625 0.0625
0 0.85234375 0.4140625 0.0625 0.0625
0 0.82734375 0.00859375 0.0640625 0.0171875
0 0.60390625 0.42265625 0.0625 0.0640625
0 0.8625 0.8953125 0.0640625 0.0640625
0 0.14140625 0.82890625 0.0640625 0.0640625
0 0.09140625 0.83828125 0.0546875 0.0625
0 0.5734375 0.528125 0.0640625 0.065625
0 0.18203125 0.528125 0.0640625 0.065625
0 0.78359375 0.14375 0.0625 0.0640625
0 0.43125 0.5171875 0.0625 0.0640625
0 0.24609375 0.80078125 0.0625 0.0640625
0 0.47265625 0.2203125 0.0640625 0.0640625
0 0.24921875 0.46484375 0.0640625 0.065625
0 0.73828125 0.63203125 0.0640625 0.065625
0 0.64140625 0.128125 0.0640625 0.0640625
0 0.2296875 0.8546875 0.0640625 0.065625
0 0.91484375 0.15859375 0.0421875 0.059375
0 0.31484375 0.7359375 0.065625 0.065625
0 0.58125 0.33515625 0.0625 0.0625
0 0.9359375 0.296875 0.0640625 0.065625
0 0.23828125 0.65859375 0.0640625 0.0640625
0 0.79296875 0.61953125 0.065625 0.065625
0 0.8171875 0.7140625 0.0640625 0.0640625
0 0.8921875 0.0640625 0.0390625 0.05625
0 0.20234375 0.62109375 0.0640625 0.0640625
0 0.9703125 0.6703125 0.059375 0.065625
0 0.64140625 0.8 0.065625 0.065625
0 0.46015625 0.415625 0.0640625 0.0640625
0 0.15546875 0.7765625 0.0640625 0.0640625
0 0.10625 0.45 0.0640625 0.0640625
0 0.109375 0.11796875 0.0640625 0.0640625
0 0.46796875 0.55546875 0.0640625 0.065625
0 0.41484375 0.56875 0.0640625 0.0640625
0 0.3078125 0.59609375 0.0640625 0.0640625
0 0.01171875 0.33203125 0.0234375 0.0640625
0 0.89140625 0.115625 0.0625 0.0625
0 0.3984375 0.95859375 0.0640625 0.0640625
0 0.11484375 0.25703125 0.0640625 0.0640625
0 0.75546875 0.246875 0.0609375 0.0609375
0 0.27421875 0.22421875 0.0640625 0.0640625
0 0.56328125 0.72265625 0.065625 0.0640625
0 0.67265625 0.7 0.0640625 0.0640625
0 0.21328125 0.0890625 0.0640625 0.0640625
0 0.31640625 0.06171875 0.0640625 0.065625
0 0.8296875 0.32421875 0.0640625 0.0640625
0 0.47421875 0.69765625 0.0640625 0.0640625
0 0.30390625 0.115625 0.0640625 0.0640625
0 0.8375 0.4640625 0.0640625 0.0640625
0 0.3921875 0.4765625 0.0640625 0.0640625
0 0.1828125 0.19140625 0.0625 0.0625
0 0.38515625 0.99140625 0.0640625 0.0171875
0 0.66328125 0.89296875 0.0640625 0.0640625
0 0.940625 0.63671875 0.0640625 0.0640625
0 0.87734375 0.8421875 0.0640625 0.0640625
0 0.98671875 0.56484375 0.0265625 0.0640625
0 0.0953125 0.646875 0.0625 0.0640625
0 0.5421875 0.2984375 0.0625 0.0625
0 0.31796875 0.4015625 0.0625 0.0625
0 0.51953125 0.88125 0.0640625 0.0640625
0 0.46328125 0.07734375 0.0640625 0.0625
0 0.2890625 0.50546875 0.0625 0.0625
0 0.60390625 0.09140625 0.0640625 0.0640625
0 0.0453125 0.32109375 0.0640625 0.0640625
0 0.24453125 0.325 0.0625 0.0625
0 0.171875 0.384375 0.065625 0.065625
0 0.45859375 0.75 0.0640625 0.0640625
0 0.8578125 0.2171875 0.0640625 0.0640625
0 0.040625 0.51875 0.0625 0.0625
0 0.37734375 0.1921875 0.0625 0.0625
0 0.77109375 0.52734375 0.0640625 0.0640625
0 0.71875 0.54453125 0.0625 0.0625
0 0.73125 0.4890625 0.0640625 0.0640625
0 0.009375 0.19140625 0.01875 0.0640625
0 0.5265625 0.68359375 0.0640625 0.0640625
0 0.8828125 0.309375 0.065625 0.0640625
0 0.42265625 0.71171875 0.0625 0.0625
0 0.74921875 0.44140625 0.0625 0.0625
0 0.30234375 0.45234375 0.0625 0.0625
0 0.4078125 0.76484375 0.0640625 0.0640625
0 0.521875 0.54453125 0.0640625 0.065625
0 0.06953125 0.746875 0.05625 0.0625
0 0.50703125 0.59375 0.065625 0.0640625
0 0.765625 0.725 0.0640625 0.0640625
0 0.74921875 0.77578125 0.0640625 0.0640625
0 0.715625 0.88046875 0.0640625 0.065625
0 0.921875 0.68671875 0.0640625 0.065625
0 0.3125 0.26171875 0.0625 0.0625
0 0.10234375 0.7875 0.0640625 0.0640625
0 0.6484375 0.60546875 0.0640625 0.0640625
0 0.37578125 0.8671875 0.065625 0.0640625
0 0.515625 0.0671875 0.0625 0.0625
0 0.83359375 0.66015625 0.0640625 0.065625
0 0.2984375 0.31171875 0.0625 0.0625
0 0.6265625 0.853125 0.0625 0.0625
0 0.8671875 0.36015625 0.0625 0.0640625
0 0.25859375 0.2703125 0.0625 0.0625
0 0.02578125 0.5640625 0.0515625 0.0625
0 0.49296875 0.3125 0.0640625 0.0640625
0 0.825 0.853125 0.0640625 0.065625
0 0.71015625 0.4 0.0640625 0.0640625
0 0.43671875 0.984375 0.0640625 0.03125
0 0.72421875 0.346875 0.0625 0.0625
0 0.340625 0.49140625 0.0640625 0.0640625
0 0.8140625 0.03984375 0.0625 0.0625
0 0.71796875 0.20859375 0.0625 0.0625
0 0.221875 0.2328125 0.0625 0.0625
0 0.11875 0.39921875 0.0640625 0.0640625
0 0.4359375 0.32109375 0.0640625 0.065625
0 0.590625 0.47734375 0.0640625 0.0640625
0 0.53671875 0.1578125 0.0625 0.0625
0 0.5796875 0.67109375 0.0640625 0.065625
0 0.81015625 0.90859375 0.0640625 0.065625
0 0.571875 0.86484375 0.0640625 0.0640625
0 0.8453125 0.26953125 0.0640625 0.0640625
0 0.9078125 0.7375 0.0640625 0.0640625
0 0.2078125 0.76171875 0.0625 0.0625
0 0.3640625 0.2421875 0.0625 0.0625
0 0.51171875 0.3984375 0.0625 0.0625
0 0.265625 0.4125 0.0640625 0.0640625
0 0.565625 0.3875 0.0640625 0.0640625
0 0.778125 0.3375 0.0625 0.0640625
0 0.7921875 0.28359375 0.0640625 0.0640625
0 0.6671875 0.55546875 0.0640625 0.0640625
0 0.165625 0.5828125 0.0640625 0.0640625
0 0.42265625 0.3734375 0.0640625 0.0640625
0 0.7453125 0.10390625 0.0625 0.0640625
0 0.08046875 0.6953125 0.0640625 0.0640625
0 0.76328125 0.3890625 0.0640625 0.0640625
0 0.6328125 0.009375 0.0625 0.01875
0 0.609375 0.90703125 0.0640625 0.065625
0 0.796875 0.08828125 0.0640625 0.0640625
0 0.896875 0.25625 0.0640625 0.065625
0 0.48046875 0.8421875 0.065625 0.065625
0 0.0953125 0.1703125 0.0625 0.0625
0 0.53984375 0.63125 0.0640625 0.0640625
0 0.11953125 0.7359375 0.0625 0.0625
0 0.36875 0.3875 0.0640625 0.065625
0 0.96015625 0.390625 0.0625 0.0625
0 0.8546875 0.7515625 0.0625 0.0625
0 0.53046875 0.34921875 0.0625 0.0625
0 0.6546875 0.07890625 0.0625 0.0640625
0 0.028125 0.23125 0.05625 0.0625
0 0.7609375 0.05078125 0.065625 0.0640625
0 0.18203125 0.98828125 0.0640625 0.0234375
0 0.275 0.69765625 0.0640625 0.0640625
0 0.771875 0.86875 0.0640625 0.0640625
0 0.40703125 0.425 0.0640625 0.0640625
0 0.87421875 0.165625 0.0625 0.0640625
0 0.2359375 0.178125 0.0640625 0.0640625
0 0.03125 0.371875 0.0625 0.065625
0 0.36875 0.725 0.0640625 0.0640625
0 0.9125 0.5390625 0.0640625 0.0640625
0 0.07734375 0.55703125 0.0640625 0.0640625
0 0.29296875 0.97734375 0.0640625 0.0453125
0 0.86015625 0.55546875 0.0640625 0.0640625
0 0.8515625 0.078125 0.0640625 0.0640625
0 0.35546875 0.43984375 0.0625 0.0625
0 0.990625 0.71015625 0.01875 0.0640625
0 0.39296875 0.14140625 0.0640625 0.0640625
0 0.2140625 0.90625 0.0640625 0.065625
0 0.83828125 0.8015625 0.0640625 0.0640625
0 0.94296875 0.43984375 0.0625 0.0640625
0 0.17265625 0.725 0.0625 0.0625
0 0.68671875 0.30859375 0.0609375 0.0609375
0 0.89921875 0.59453125 0.0640625 0.0640625
0 0.49765625 0.45 0.0640625 0.0640625
0 0.6796875 0.49921875 0.0625 0.0640625
0 0.384375 0.67265625 0.0640625 0.0640625
0 0.19140625 0.33515625 0.0625 0.0625
0 0.1421875 0.4921875 0.0625 0.0625
0 0.8640625 0.02890625 0.0625 0.0578125
0 0.196875 0.9578125 0.065625 0.065625
0 0.72421875 0.68671875 0.0640625 0.065625
0 0.59765625 0.6203125 0.0640625 0.0640625
0 0.2796875 0.36171875 0.0625 0.0625
0 0.94453125 0.77421875 0.0640625 0.0640625
0 0.04140625 0.18125 0.0640625 0.0625
0 0.55078125 0.10390625 0.0625 0.0625
0 0.359375 0.921875 0.065625 0.0640625
0 0.4765625 0.3625 0.0640625 0.0640625
0 0.446875 0.12890625 0.0625 0.0625
0 0.340625 0.15390625 0.0625 0.0625
0 0.465625 0.8984375 0.0625 0.0625
0 0.13125 0.20625 0.0625 0.0625
0 0.43125 0.1796875 0.0640625 0.0640625
0 0.5671875 0.05234375 0.0640625 0.0640625
0 0.80859375 0.56640625 0.0625 0.0625
0 0.32734375 0.20859375 0.0625 0.0625
0 0.2328125 0.51640625 0.0640625 0.0640625
0 0.7859375 0.8171875 0.0625 0.0625
0 0.05625 0.1265625 0.0640625 0.0640625
0 0.98203125 0.4296875 0.0359375 0.05625
0 0.0203125 0.28203125 0.040625 0.0640625
0 0.3453125 0.634375 0.0625 0.0640625
0 0.29921875 0.7890625 0.065625 0.065625
0 0.93828125 0.24609375 0.0390625 0.0578125
0 0.55625 0.91875 0.0640625 0.065625
0 0.65625 0.4109375 0.0640625 0.0640625
0 0.33046875 0.68515625 0.0640625 0.0640625
0 0.61328125 0.23359375 0.0640625 0.0640625
0 0.92109375 0.34921875 0.0640625 0.0640625
0 0.6359375 0.659375 0.065625 0.0640625
0 0.96875 0.86875 0.0625 0.065625
0 0.4359375 0.659375 0.0640625 0.0640625
0 0.19453125 0.4765625 0.0640625 0.0640625
0 0.96484375 0.52890625 0.0640625 0.0640625
0 0.34296875 0.9703125 0.0640625 0.059375
0 0.6546875 0.746875 0.065625 0.0671875
0 0.4546875 0.2703125 0.0640625 0.065625
0 0.08984375 0.50234375 0.0625 0.0625
0 0.73359375 0.82734375 0.0640625 0.0640625
0 0.7015625 0.25859375 0.0625 0.0625
0 0.9921875 0.51796875 0.015625 0.0578125
0 0.25703125 0.60703125 0.0625 0.0640625
0 0.25546875 0.9484375 0.0625 0.0625
0 0.89375 0.78984375 0.0625 0.0625
0 0.9828125 0.759375 0.034375 0.0625
0 0.14296875 0.96875 0.0640625 0.0625
0 0.38984375 0.81640625 0.0640625 0.065625
0 0.28984375 0.1703125 0.0625 0.0625
0 0.80390625 0.76484375 0.0625 0.0625
0 0.48984375 0.64609375 0.0625 0.0625
0 0.2125 0.4265625 0.0640625 0.0640625
0 0.703125 0.59296875 0.0625 0.0625
0 0.046875 0.70625 0.0328125 0.0546875
0 0.1671875 0.24453125 0.0625 0.0625
0 0.70703125 0.06484375 0.0640625 0.065625
0 0.5046875 0.934375 0.0609375 0.0625
0 0.63359375 0.3234375 0.0640625 0.0640625
0 0.146875 0.1546875 0.0625 0.0625
0 0.30625 0.9359375 0.0640625 0.0640625
0 0.41328125 0.9078125 0.065625 0.065625
0 0.6796875 0.840625 0.0640625 0.0640625
0 0.75703125 0.58125 0.0640625 0.0640625
0 0.7234375 0.0234375 0.0625 0.046875
0 0.4765625 0.0296875 0.0625 0.059375
0 0.7703125 0.19765625 0.0625 0.0625
0 0.49921875 0.11796875 0.0625 0.0625
0 0.3234375 0.54375 0.0625 0.0625
0 0.11484375 0.93203125 0.0546875 0.0609375
0 0.6140625 0.57109375 0.0625 0.0625
0 0.9796875 0.6203125 0.040625 0.0625
0 0.9265625 0.48984375 0.0640625 0.0640625
0 0.5890625 0.1421875 0.0625 0.0625
0 0.22421875 0.715625 0.0609375 0.0625
0 0.1015625 0.31171875 0.0625 0.0625
0 0.5234375 0.209375 0.0609375 0.0625
0 0.70078125 0.93125 0.0640625 0.0640625
0 0.078125 0.22109375 0.0609375 0.0609375