0 0.77890625 0.86640625 0.0515625 0.05234375
0 0.1875 0.86484375 0.0515625 0.05390625
0 0.3234375 0.184375 0.05078125 0.0515625
0 0.6171875 0.86640625 0.05078125 0.0515625
0 0.18671875 0.58515625 0.0515625 0.05234375
0 0.053125 0.4515625 0.0515625 0.0515625
0 0.69765625 0.18515625 0.05078125 0.05234375
0 0.0265625 0.5859375 0.0515625 0.05234375
0 0.34765625 0.5859375 0.0515625 0.05234375
0 0.26796875 0.72734375 0.05234375 0.05234375
0 0.61953125 0.228125 0.0515625 0.05234375
0 0.859375 0.81953125 0.05078125 0.05234375
0 0.13515625 0.77109375 0.0515625 0.05234375
0 0.16328125 0.72734375 0.05078125 0.05078125
0 0.1078125 0.26796875 0.05 0.05078125
0 0.10625 0.8171875 0.0515625 0.05234375
0 0.1875 0.6828125 0.0515625 0.05234375
0 0.45859375 0.8671875 0.0515625 0.0515625
0 0.61796875 0.14140625 0.0515625 0.05234375
0 0.40234375 0.775 0.05234375 0.05234375
0 0.778125 0.4109375 0.05078125 0.0515625
0 0.9390625 0.50390625 0.05 0.05
0 0.1890625 0.134375 0.0515625 0.053125
0 0.40390625 0.409375 0.0515625 0.0515625
0 0.34765625 0.86484375 0.05078125 0.05234375
0 0.80625 0.7328125 0.0515625 0.05234375
0 0.346875 0.68515625 0.053125 0.05234375
0 0.88671875 0.41484375 0.0515625 0.0515625
0 0.18671875 0.4078125 0.05078125 0.05234375
0 0.53984375 0.81796875 0.05234375 0.05234375
0 0.4828125 0.1828125 0.05078125 0.0515625
0 0.5625 0.140625 0.05234375 0.05234375
0 0.6453125 0.98828125 0.053125 0.0234375
0 0.1875 0.771875 0.0515625 0.053125
0 0.509375 0.8671875 0.0515625 0.0515625
0 0.64296875 0.096875 0.05078125 0.05078125
0 0.3234375 0.72890625 0.05234375 0.0515625
0 0.45703125 0.13671875 0.05078125 0.0515625
0 0.40234375 0.959375 0.053125 0.05234375
0 0.43046875 0.27265625 0.05234375 0.053125
0 0.984375 0.778125 0.03125 0.0515625
0 0.61796875 0.77890625 0.05 0.0515625
0 0.10703125 0.5421875 0.05078125 0.05234375
0 0.778125 0.77734375 0.0515625 0.05234375
0 0.8578125 0.09765625 0.05 0.05078125
0 0.53828125 0.0953125 0.05078125 0.0515625
0 0.2953125 0.58984375 0.0515625 0.0515625
0 0.91328125 0.73125 0.05078125 0.0515625
0 0.02734375 0.496875 0.0515625 0.05234375
0 0.5640625 0.41171875 0.05234375 0.0515625
0 0.3484375 0.140625 0.05 0.05078125
0 0.69609375 0.09765625 0.05 0.05078125
0 0.69921875 0.45703125 0.05078125 0.0515625
0 0.4265625 0.5453125 0.05078125 0.05234375
0 0.778125 0.68359375 0.0515625 0.053125
0 0.10546875 0.98671875 0.053125 0.0265625
0 0.48359375 0.45625 0.0515625 0.0515625
0 0.40390625 0.496875 0.05078125 0.05078125
0 0.5640625 0.95859375 0.0515625 0.0515625
0 0.053125 0.72578125 0.05234375 0.0515625
0 0.56484375 0.23125 0.05234375 0.0515625
0 0.61796875 0.0515625 0.0515625 0.0515625
0 0.32109375 0.98828125 0.0515625 0.0234375
0 0.1359375 0.1359375 0.05078125 0.0515625
0 0.965625 0.46015625 0.05078125 0.0515625
0 0.70078125 0.81953125 0.0515625 0.0515625
0 0.05234375 0.81796875 0.05234375 0.05234375
0 0.78125 0.96015625 0.05234375 0.05234375
0 0.42890625 0.98828125 0.053125 0.0234375
0 0.6984375 0.36796875 0.05078125 0.05234375
0 0.24140625 0.7734375 0.05234375 0.05234375
0 0.26875 0.45546875 0.0515625 0.0515625
0 0.56171875 0.5 0.053125 0.053125
0 0.26953125 0.0953125 0.0515625 0.05078125
0 0.93515625 0.05078125 0.0515625 0.05234375
0 0.69921875 0.546875 0.0515625 0.05234375
0 0.48359375 0.728125 0.05390625 0.053125
0 0.321875 0.09609375 0.05 0.05
0 0.24140625 0.4984375 0.0515625 0.0515625
0 0.93984375 0.68515625 0.0515625 0.05234375
0 0.69921875 0.6390625 0.05234375 0.053125
0 0.88515625 0.50390625 0.0515625 0.05078125
0 0.86015625 0.73359375 0.0515625 0.05234375
0 0.91640625 0.91875 0.05234375 0.0515625
0 0.215625 0.18203125 0.0515625 0.05234375
0 0.02890625 0.1359375 0.05234375 0.05234375
0 0.72421875 0.77734375 0.0515625 0.0515625
0 0.29453125 0.959375 0.0515625 0.05234375
0 0.375 0.54296875 0.0515625 0.05234375
0 0.02734375 0.77421875 0.05078125 0.0515625
0 0.459375 0.959375 0.0515625 0.053125
0 0.61875 0.5921875 0.05078125 0.0515625
0 0.29609375 0.228125 0.053125 0.053125
0 0.5375 0.45859375 0.05078125 0.0515625
0 0.9671875 0.73125 0.0515625 0.05234375
0 0.80390625 0.18125 0.053125 0.05234375
0 0.9375 0.140625 0.05078125 0.0515625
0 0.29765625 0.77421875 0.0515625 0.05234375
0 0.778125 0.13671875 0.05078125 0.05234375
0 0.37734375 0.27578125 0.05234375 0.0515625
0 0.02578125 0.6796875 0.0515625 0.05234375
0 0.8875 0.68515625 0.05078125 0.05234375
0 0.64609375 0.365625 0.0515625 0.0515625
0 0.48359375 0.821875 0.053125 0.05234375
0 0.45703125 0.59140625 0.0515625 0.0515625
0 0.3765625 0.98828125 0.0515625 0.0234375
0 0.321875 0.4546875 0.05234375 0.05078125
0 0.8578125 0.27578125 0.05078125 0.05078125
0 0.13515625 0.49140625 0.0515625 0.05234375
0 0.18828125 0.31640625 0.05078125 0.05078125
0 0.1046875 0.44609375 0.0515625 0.05234375
0 0.459375 0.4109375 0.0515625 0.05234375
0 0.21484375 0.453125 0.05078125 0.0515625
0 0.93984375 0.5921875 0.0515625 0.0515625
0 0.37578125 0.82109375 0.05234375 0.053125
0 0.42890625 0.82109375 0.053125 0.05234375
0 0.34921875 0.775 0.05078125 0.053125
0 0.86015625 0.640625 0.0515625 0.0515625
0 0.5078125 0.59140625 0.05234375 0.0515625
0 0.88671875 0.23046875 0.05234375 0.0515625
0 0.48359375 0.36953125 0.0515625 0.0515625
0 0.26875 0.275 0.05078125 0.05078125
0 0.3765625 0.45546875 0.05 0.05
0 0.98359375 0.41171875 0.0328125 0.0515625
0 0.96484375 0.36640625 0.05078125 0.0515625
0 0.56484375 0.68671875 0.05234375 0.0515625
0 0.4828125 0.09609375 0.0515625 0.05
0 0.9640625 0.096875 0.0515625 0.0515625
0 0.1359375 0.6828125 0.05078125 0.0515625
0 0.6171875 0.6859375 0.0515625 0.053125
0 0.21484375 0.54296875 0.053125 0.05234375
0 0.5625 0.05078125 0.05234375 0.0515625
0 0.965625 0.5484375 0.05234375 0.0515625
0 0.540625 0.73046875 0.05234375 0.053125
0 0.5375 0.6390625 0.05078125 0.053125
0 0.45859375 0.2296875 0.05234375 0.05234375
0 0.296875 0.40859375 0.05078125 0.05234375
0 0.7265625 0.41171875 0.05 0.05078125
0 0.7 0.73046875 0.0515625 0.05234375
0 0.34765625 0.95859375 0.053125 0.053125
0 0.80625 0.4578125 0.0515625 0.05078125
0 0.803125 0.36796875 0.0515625 0.05234375
0 0.18828125 0.22890625 0.05078125 0.05078125
0 0.64375 0.0171875 0.05 0.034375
0 0.64375 0.18671875 0.05234375 0.05234375
0 0.45625 0.77421875 0.053125 0.05390625
0 0.21484375 0.8203125 0.05234375 0.05234375
0 0.9828125 0.23046875 0.034375 0.0515625
0 0.26875 0.36328125 0.05234375 0.0515625
0 0.05078125 0.98828125 0.053125 0.0234375
0 0.35 0.40703125 0.05234375 0.05234375
0 0.2703125 0.1828125 0.0515625 0.05234375
0 0.10859375 0.09296875 0.0515625 0.0515625
0 0.29453125 0.50234375 0.05078125 0.05078125
0 0.64375 0.4546875 0.053125 0.0515625
0 0.53671875 0.3640625 0.0515625 0.0515625
0 0.8875 0.7796875 0.0515625 0.0515625
0 0.859375 0.55 0.0515625 0.0515625
0 0.45703125 0.503125 0.05 0.05078125
0 0.97109375 0.8234375 0.0515625 0.05234375
0 0.56484375 0.77890625 0.0515625 0.0515625
0 0.77734375 0.0484375 0.05234375 0.0515625
0 0.509375 0.13828125 0.05078125 0.0515625
0 0.40234375 0.6828125 0.0515625 0.0515625
0 0.88203125 0.053125 0.0515625 0.0515625
0 0.8046875 0.09140625 0.05234375 0.0515625
0 0.053125 0.5453125 0.0515625 0.0515625
0 0.3765625 0.184375 0.05078125 0.0515625
0 0.428125 0.09140625 0.05234375 0.0515625
0 0.37734375 0.728125 0.0515625 0.05234375
0 0.58828125 0.45625 0.0515625 0.05234375
0 0.08359375 0.1390625 0.05 0.05
0 0.0296875 0.3171875 0.05234375 0.05078125
0 0.9703125 0.9171875 0.05 0.0515625
0 0.61796875 0.409375 0.05234375 0.053125
0 0.859375 0.1828125 0.0515625 0.053125
0 0.0515625 0.9078125 0.05234375 0.0515625
0 0.72421875 0.14375 0.0515625 0.05078125
0 0.88203125 0.14296875 0.0515625 0.05078125
0 0.05546875 0.2734375 0.0515625 0.05078125
0 0.1359375 0.40703125 0.05078125 0.0515625
0 0.9640625 0.18671875 0.05078125 0.0515625
0 0.34921875 0.49609375 0.05234375 0.053125
0 0.08203125 0.49765625 0.0515625 0.05234375
0 0.109375 0.18515625 0.0515625 0.0515625
0 0.64296875 0.63984375 0.05234375 0.05390625
0 0.29296875 0.68203125 0.0515625 0.05234375
0 0.2421875 0.0484375 0.0515625 0.05234375
0 0.40078125 0.13203125 0.0515625 0.0515625
0 0.9390625 0.23125 0.0515625 0.05078125
0 0.10859375 0.72890625 0.0515625 0.0515625
0 0.83515625 0.959375 0.0515625 0.0515625
0 0.05546875 0.17890625 0.05234375 0.053125
0 0.61796875 0.503125 0.05234375 0.05234375
0 0.48203125 0.63828125 0.053125 0.053125
0 0.9421875 0.77890625 0.05078125 0.05234375
0 0.85859375 0.36875 0.053125 0.053125
0 0.75234375 0.73203125 0.0515625 0.0515625
0 0.80625 0.821875 0.0515625 0.05234375
0 0.40390625 0.865625 0.05234375 0.053125
0 0.696875 0.2796875 0.05 0.04921875
0 0.025 0.95703125 0.05 0.0515625
0 0.53671875 0.546875 0.05234375 0.05234375
0 0.725 0.68125 0.05234375 0.05234375
0 0.64375 0.821875 0.053125 0.05078125
0 0.4859375 0.275 0.0515625 0.05234375
0 0.86015625 0.915625 0.05390625 0.053125
0 0.24453125 0.1390625 0.05 0.05
0 0.07890625 0.86328125 0.0515625 0.05234375
0 0.725 0.50078125 0.053125 0.053125
0 0.403125 0.22890625 0.053125 0.053125
0 0.29609375 0.1390625 0.05078125 0.0515625
0 0.13515625 0.865625 0.05234375 0.05234375
0 0.0296875 0.2265625 0.05234375 0.0515625
0 0.5890625 0.096875 0.05078125 0.05078125
0 0.42890625 0.0140625 0.0515625 0.028125
0 0.05546875 0.09140625 0.0515625 0.0515625
0 0.26875 0.81953125 0.0515625 0.0515625
0 0.590625 0.27578125 0.0515625 0.0515625
0 0.215625 0.09375 0.0515625 0.0515625
0 0.6453125 0.54765625 0.05234375 0.0515625
0 0.67109375 0.86640625 0.05234375 0.05234375
0 0.8875 0.59296875 0.05078125 0.0515625
0 0.91171875 0.6390625 0.05 0.05078125
0 0.9140625 0.8203125 0.053125 0.05234375
0 0.02734375 0.403125 0.05234375 0.05234375
0 0.21640625 0.275 0.05078125 0.05078125
0 0.9390625 0.41640625 0.0515625 0.05078125
0 0.9375 0.321875 0.0515625 0.0515625
0 0.1890625 0.046875 0.05234375 0.0515625
0 0.1890625 0.9609375 0.0515625 0.05234375
0 0.18828125 0.5 0.0515625 0.0515625
0 0.88671875 0.9609375 0.05078125 0.0515625
0 0.6453125 0.27734375 0.0515625 0.05078125
0 0.45859375 0.0484375 0.05078125 0.05078125
0 0.296875 0.0484375 0.0515625 0.0515625
0 0.32109375 0.54140625 0.05234375 0.0515625
0 0.31953125 0.27421875 0.05234375 0.053125
0 0.4296875 0.36484375 0.05234375 0.0515625
0 0.484375 0.015625 0.05 0.03125
0 0.45546875 0.68203125 0.05234375 0.053125
0 0.61796875 0.95703125 0.0515625 0.05234375
0 0.21640625 0.36328125 0.05 0.05
0 0.69921875 0.91328125 0.05234375 0.053125
0 0.77890625 0.59453125 0.0515625 0.05
0 0.74921875 0.184375 0.0515625 0.053125
0 0.80625 0.63828125 0.0515625 0.05234375
0 0.61796875 0.32109375 0.0515625 0.0515625
0 0.32109375 0.82109375 0.05234375 0.053125
0 0.26796875 0.5453125 0.0515625 0.05078125
0 0.98359375 0.59296875 0.0328125 0.0515625
0 0.2171875 0.72890625 0.05 0.05
0 0.96640625 0.27734375 0.0515625 0.05
0 0.8046875 0.27734375 0.053125 0.05078125
0 0.2671875 0.6375 0.05078125 0.0515625
0 0.77890625 0.50625 0.05078125 0.05078125
0 0.80234375 0.01640625 0.05 0.0328125
0 0.72734375 0.96015625 0.0515625 0.05234375
0 0.1359375 0.3171875 0.05078125 0.05
0 0.34921875 0.04921875 0.05078125 0.05078125
0 0.590625 0.54765625 0.0515625 0.05234375
0 0.91171875 0.36640625 0.0515625 0.0515625
0 0.43046875 0.4546875 0.05078125 0.0515625
0 0.80546875 0.546875 0.053125 0.05234375
0 0.98359375 0.68359375 0.0328125 0.053125
0 0.0265625 0.04375 0.0515625 0.0515625
0 0.9828125 0.053125 0.034375 0.0515625
0 0.64609375 0.7359375 0.0515625 0.05
0 0.375 0.09609375 0.05 0.05
0 0.64375 0.9109375 0.053125 0.05234375
0 0.83203125 0.4125 0.05078125 0.0515625
0 0.565625 0.59375 0.0515625 0.05078125
0 0.753125 0.91484375 0.0515625 0.05234375
0 0.3203125 0.6375 0.0515625 0.05234375
0 0.72265625 0.0546875 0.05078125 0.05078125
0 0.43125 0.72734375 0.0515625 0.0515625
0 0.88671875 0.86875 0.053125 0.05234375
0 0.58828125 0.63984375 0.0515625 0.0515625
0 0.77890625 0.23046875 0.05078125 0.0515625
0 0.025 0.8671875 0.05 0.05
0 0.94296875 0.96015625 0.0515625 0.0515625
0 0.16015625 0.8171875 0.05234375 0.05234375
0 0.753125 0.82109375 0.0515625 0.0515625
0 0.8625 0.4625 0.05 0.05
0 0.5375 0.2796875 0.05 0.05
0 0.7484375 0.09609375 0.05 0.05078125
0 0.72578125 0.59375 0.05078125 0.05078125
0 0.5109375 0.96171875 0.0515625 0.05234375
0 0.45859375 0.31953125 0.0515625 0.0515625
0 0.24140625 0.865625 0.053125 0.053125
0 0.1625 0.271875 0.05078125 0.05078125
0 0.72578125 0.86953125 0.05234375 0.05078125
0 0.40390625 0.321875 0.05234375 0.05078125
0 0.6703125 0.778125 0.05078125 0.05234375
0 0.3203125 0.3640625 0.05 0.05078125
0 0.98515625 0.9625 0.0296875 0.05
0 0.9109375 0.54609375 0.0515625 0.0515625
0 0.8296875 0.22890625 0.0515625 0.053125
0 0.91015625 0.096875 0.05078125 0.05078125
0 0.75234375 0.45625 0.05078125 0.0515625
0 0.671875 0.59296875 0.0515625 0.05078125
0 0.2703125 0.01484375 0.0515625 0.0296875
0 0.85625 0.015625 0.05 0.03125
0 0.13671875 0.22890625 0.05 0.05
0 0.240625 0.58828125 0.0515625 0.05234375
0 0.1359375 0.04609375 0.05078125 0.0515625
0 0.13203125 0.5921875 0.053125 0.05234375
0 0.484375 0.91171875 0.0515625 0.05234375
0 0.42734375 0.63515625 0.0515625 0.05234375
0 0.0796875 0.5875 0.0515625 0.053125
0 0.26640625 0.9125 0.0515625 0.0515625
0 0.9421875 0.86875 0.05234375 0.05234375
0 0.21640625 0.01328125 0.0515625 0.0265625
0 0.01328125 0.2703125 0.0265625 0.0515625
0 0.965625 0.63984375 0.05234375 0.05234375
0 0.053125 0.6328125 0.053125 0.053125
0 0.01171875 0.7265625 0.0234375 0.0515625
0 0.240625 0.228125 0.05234375 0.05234375
0 0.53671875 0.1890625 0.05234375 0.0515625
0 0.51015625 0.503125 0.04921875 0.0515625
0 0.83203125 0.6859375 0.0515625 0.0515625
0 0.5640625 0.3203125 0.0515625 0.0515625
0 0.109375 0.3609375 0.0515625 0.0515625
0 0.16171875 0.91484375 0.05078125 0.0515625
0 0.5375 0.91328125 0.05078125 0.0515625
0 0.72578125 0.23359375 0.053125 0.05234375
0 0.51171875 0.77578125 0.0515625 0.05390625
0 0.98515625 0.86953125 0.0296875 0.053125
0 0.778125 0.32109375 0.05078125 0.05078125
0 0.08203125 0.04765625 0.05078125 0.05078125
0 0.9109375 0.2734375 0.05234375 0.053125
0 0.23984375 0.40546875 0.05234375 0.0515625
0 0.725 0.32265625 0.05078125 0.0515625
0 0.56484375 0.86875 0.0515625 0.05
0 0.1609375 0.45 0.05 0.05078125
0 0.375 0.36171875 0.0515625 0.05234375
0 0.4 0.590625 0.05234375 0.053125
0 0.24375 0.3203125 0.05078125 0.05
0 0.321875 0.015625 0.05 0.03125
0 0.4015625 0.0453125 0.0515625 0.05078125
0 0.16015625 0.18203125 0.05078125 0.05234375
0 0.01171875 0.815625 0.0234375 0.053125
0 0.590625 0.18671875 0.05078125 0.053125
0 0.51171875 0.41484375 0.05 0.05
0 0.05859375 0.0140625 0.0515625 0.028125
0 0.91171875 0.4625 0.05 0.05
0 0.5921875 0.73359375 0.05078125 0.053125
0 0.5109375 0.68671875 0.053125 0.05234375
0 0.74921875 0.275 0.053125 0.05234375
0 0.3203125 0.91171875 0.0515625 0.05234375
0 0.96171875 0.015625 0.0515625 0.03125
0 0.47890625 0.5453125 0.0515625 0.0515625
0 0.43046875 0.17734375 0.0515625 0.05234375
0 0.9828125 0.32109375 0.034375 0.0515625
0 0.109375 0.63984375 0.0515625 0.05078125
0 0.58984375 0.015625 0.0515625 0.03125
0 0.296875 0.86953125 0.0515625 0.05078125
0 0.4296875 0.91328125 0.05234375 0.05234375
0 0.240625 0.95625 0.05234375 0.0515625
0 0.83046875 0.31875 0.0515625 0.0515625
0 0.3515625 0.23203125 0.05078125 0.05234375
0 0.83125 0.503125 0.05078125 0.05078125
0 0.5109375 0.05078125 0.05 0.05078125
0 0.0828125 0.4078125 0.05234375 0.05078125
0 0.5109375 0.32265625 0.05 0.05078125
0 0.5109375 0.228125 0.05078125 0.0515625
0 0.9828125 0.14609375 0.034375 0.05
0 0.91015625 0.1859375 0.0515625 0.0515625
0 0.1609375 0.98828125 0.0515625 0.0234375
0 0.7515625 0.6390625 0.05078125 0.0515625
0 0.34921875 0.3203125 0.05078125 0.0515625
0 0.9828125 0.50625 0.034375 0.0515625
0 0.109375 0.9125 0.053125 0.0515625
0 0.1609375 0.36015625 0.05 0.05078125
0 0.296875 0.32265625 0.0515625 0.05078125
0 0.01328125 0.54296875 0.0265625 0.053125
0 0.8078125 0.91640625 0.0515625 0.0515625
0 0.375 0.63828125 0.05234375 0.05234375
0 0.5359375 0.015625 0.0515625 0.03125
0 0.375 0.9125 0.05234375 0.05234375
0 0.671875 0.4125 0.05078125 0.0515625
0 0.07734375 0.95546875 0.05234375 0.05234375
0 0.884375 0.31953125 0.0515625 0.0515625
0 0.01328125 0.36171875 0.0265625 0.0515625
0 0.67109375 0.321875 0.05078125 0.05078125
0 0.67265625 0.959375 0.053125 0.05234375
0 0.67109375 0.68515625 0.0515625 0.05234375
0 0.01171875 0.91015625 0.0234375 0.0515625
0 0.1609375 0.0921875 0.05078125 0.0515625
0 0.01328125 0.18046875 0.0265625 0.0515625
0 0.83359375 0.5953125 0.05078125 0.0515625
0 0.16015625 0.63359375 0.05234375 0.053125
0 0.08046875 0.31640625 0.05078125 0.0515625
0 0.01171875 0.63515625 0.0234375 0.0515625
0 0.6953125 0.01484375 0.05 0.0296875
0 0.67109375 0.4984375 0.05078125 0.05390625
0 0.8328125 0.7796875 0.0515625 0.0515625
0 0.8328125 0.86953125 0.0515625 0.05234375
0 0.2140625 0.6375 0.05078125 0.0515625
0 0.58984375 0.91484375 0.0515625 0.05078125
0 0.05546875 0.35859375 0.053125 0.0515625
0 0.7484375 0.015625 0.0515625 0.03125
0 0.67109375 0.05546875 0.05078125 0.05
0 0.90859375 0.01640625 0.0515625 0.0328125
0 0.08125 0.77578125 0.05078125 0.05078125
0 0.07890625 0.68125 0.0515625 0.05078125
0 0.671875 0.14296875 0.05078125 0.05078125
0 0.75234375 0.54921875 0.05234375 0.05234375
0 0.67265625 0.23359375 0.0515625 0.0515625
0 0.11015625 0.015625 0.0515625 0.03125
0 0.59140625 0.3671875 0.05234375 0.0515625
0 0.0828125 0.22734375 0.05078125 0.05
0 0.8296875 0.1375 0.05078125 0.0515625
0 0.5921875 0.82265625 0.04921875 0.05234375
0 0.23984375 0.68046875 0.05234375 0.05234375
0 0.01328125 0.45546875 0.0265625 0.05
0 0.375 0.015625 0.05 0.03125
0 0.13046875 0.9625 0.0515625 0.05078125
0 0.15859375 0.54296875 0.05078125 0.05390625
0 0.0140625 0.0921875 0.028125 0.05
0 0.215625 0.91640625 0.05 0.04921875
0 0.7515625 0.3671875 0.05 0.05078125
0 0.16328125 0.0171875 0.0515625 0.034375
0 0.83046875 0.05234375 0.05078125 0.05