0 0.1625 0.015625 0.059375 0.03125
0 0.06015625 0.084375 0.03125 0.05625
0 0.06875 0.01015625 0.028125 0.0203125
0 0.12734375 0.0453125 0.0578125 0.0578125
0 0.046875 0.18046875 0.0296875 0.05625
0 0.05546875 0.22578125 0.05625 0.0578125
0 0.10625 0.0125 0.059375 0.025
0 0.0765625 0.04140625 0.053125 0.05625
0 0.0875 0.184375 0.05625 0.05625
0 0.15390625 0.09609375 0.059375 0.059375
0 0.096875 0.090625 0.059375 0.059375
0 0.065625 0.134375 0.0546875 0.059375
0 0.21953125 0.01953125 0.0578125 0.0390625
0 0.0375 0.2734375 0.0328125 0.0546875
0 0.18046875 0.0515625 0.0578125 0.0578125
0 0.11484375 0.140625 0.05625 0.0578125