0 0.26640625 0.15078125 0.0640625 0.0640625
0 0.4375 0.26640625 0.0640625 0.0640625
0 0.49375 0.26171875 0.0640625 0.0640625
0 0.475 0.465625 0.0640625 0.0640625
0 0.54609375 0.4015625 0.0640625 0.065625
0 0.82578125 0.34921875 0.0640625 0.065625
0 0.62109375 0.48984375 0.0640625 0.0640625
0 0.60546875 0.01875 0.0640625 0.0375
0 0.17578125 0.1171875 0.0640625 0.0640625
0 0.565625 0.1953125 0.065625 0.065625
0 0.6046875 0.240625 0.0640625 0.065625
0 0.7546875 0.4109375 0.065625 0.065625
0 0.64140625 0.4375 0.0640625 0.065625
0 0.60078125 0.39296875 0.065625 0.065625
0 0.87890625 0.034375 0.065625 0.065625
0 0.8640625 0.38671875 0.0640625 0.0625
0 0.78515625 0.0171875 0.0640625 0.034375
0 0.22890625 0.1109375 0.0640625 0.065625
0 0.69140625 0.2515625 0.0640625 0.0640625
0 0.39765625 0.37421875 0.0625 0.0640625
0 0.3078125 0.34453125 0.0625 0.0625
0 0.4765625 0.0234375 0.0625 0.046875
0 0.75234375 0.5640625 0.065625 0.065625
0 0.4171875 0.32109375 0.065625 0.065625
0 0.73203125 0.46875 0.0640625 0.0640625
0 0.7109375 0.20390625 0.0625 0.0625
0 0.1390625 0.08125 0.0609375 0.05
0 0.53046875 0.453125 0.0625 0.0625
0 0.25234375 0.0609375 0.0609375 0.053125
0 0.38125 0.28203125 0.065625 0.065625
0 0.696875 0.57734375 0.0640625 0.065625
0 0.5671875 0.653125 0.0640625 0.0640625
0 0.325 0.2953125 0.0640625 0.0640625
0 0.453125 0.5171875 0.0640625 0.0640625
0 0.2859375 0.09921875 0.065625 0.0640625
0 0.80625 0.2453125 0.065625 0.065625
0 0.8203125 0.04375 0.065625 0.065625
0 0.36328125 0.03984375 0.0625 0.0546875
0 0.4140625 0.47265625 0.0640625 0.0640625
0 0.45546875 0.0625 0.065625 0.065625
0 0.51015625 0.20625 0.065625 0.065625
0 0.39765625 0.0796875 0.0671875 0.0671875
0 0.71640625 0.36796875 0.065625 0.065625
0 0.43359375 0.12265625 0.065625 0.065625
0 0.65390625 0.03828125 0.0640625 0.065625
0 0.76875 0.51171875 0.0671875 0.0671875
0 0.640625 0.28515625 0.0625 0.0625
0 0.83984375 0.00859375 0.0640625 0.0171875
0 0.70625 0.14140625 0.0640625 0.065625
0 0.5859375 0.290625 0.0625 0.0609375
0 0.809375 0.40234375 0.0625 0.0640625
0 0.49375 0.11015625 0.0671875 0.065625
0 0.8625 0.08984375 0.065625 0.065625
0 0.15546875 0.1703125 0.0625 0.0625
0 0.3796875 0.13125 0.0625 0.0625
0 0.58671875 0.6 0.0671875 0.0671875
0 0.69609375 0.425 0.0640625 0.065625
0 0.43515625 0.42265625 0.065625 0.065625
0 0.65859375 0.37734375 0.0640625 0.0640625
0 0.54921875 0.2515625 0.065625 0.065625
0 0.196875 0.06953125 0.0609375 0.0484375
0 0.36015625 0.18671875 0.0625 0.0625
0 0.76328125 0.0515625 0.0640625 0.0640625
0 0.22890625 0.25859375 0.0640625 0.0640625
0 0.51015625 0.50703125 0.0640625 0.065625
0 0.7359375 0.61875 0.065625 0.065625
0 0.90078125 0.128125 0.0625 0.0625
0 0.7890625 0.15 0.0609375 0.0625
0 0.9203125 0.22421875 0.0640625 0.065625
0 0.4171875 0.02890625 0.0625 0.053125
0 0.21171875 0.16015625 0.0625 0.0625
0 0.809375 0.553125 0.0625 0.0625
0 0.4546875 0.215625 0.0640625 0.0640625
0 0.64296875 0.5859375 0.0640625 0.065625
0 0.34375 0.0890625 0.0640625 0.0640625
0 0.51171875 0.05625 0.0671875 0.0671875
0 0.82578125 0.18828125 0.0625 0.0625
0 0.24921875 0.20625 0.0625 0.0625
0 0.69609375 0.084375 0.0640625 0.0640625
0 0.88125 0.18125 0.0625 0.0625
0 0.30390625 0.0515625 0.0609375 0.0546875
0 0.584375 0.45078125 0.065625 0.0671875
0 0.534375 0.01796875 0.065625 0.0359375
0 0.92734375 0.1734375 0.0453125 0.059375
0 0.67578125 0.47421875 0.0625 0.0625
0 0.50859375 0.35703125 0.0640625 0.0640625
0 0.2875 0.2453125 0.0640625 0.0640625
0 0.56796875 0.50234375 0.065625 0.065625
0 0.71328125 0.0296875 0.0640625 0.059375
0 0.80546875 0.0984375 0.0640625 0.065625
0 0.41640625 0.171875 0.0640625 0.0640625
0 0.54453125 0.5546875 0.065625 0.065625
0 0.7890625 0.45078125 0.0625 0.0625
0 0.47578125 0.1640625 0.0625 0.0625
0 0.325 0.140625 0.0625 0.0625
0 0.40078125 0.22578125 0.0625 0.0640625
0 0.76953125 0.2015625 0.0640625 0.0640625
0 0.30703125 0.19453125 0.0640625 0.0640625
0 0.846875 0.2921875 0.065625 0.0671875
0 0.621875 0.340625 0.0640625 0.0640625
0 0.68046875 0.634375 0.065625 0.065625
0 0.84375 0.14375 0.0640625 0.0640625
0 0.490625 0.40859375 0.0625 0.0625
0 0.675 0.3265625 0.0640625 0.0640625
0 0.6609375 0.68671875 0.0609375 0.0625
0 0.6015625 0.54609375 0.065625 0.065625
0 0.52734375 0.2984375 0.0640625 0.0640625
0 0.63984375 0.09375 0.065625 0.065625
0 0.47421875 0.3171875 0.0640625 0.065625
0 0.7890625 0.29921875 0.065625 0.0640625
0 0.34296875 0.38125 0.0609375 0.0609375
0 0.45390625 0.36796875 0.065625 0.065625
0 0.9078125 0.075 0.046875 0.059375
0 0.58515625 0.13984375 0.0625 0.0625
0 0.64609375 0.15390625 0.0640625 0.065625
0 0.1953125 0.21484375 0.0640625 0.0640625
0 0.76953125 0.3609375 0.0640625 0.065625
0 0.7953125 0.609375 0.0625 0.0625
0 0.7484375 0.2609375 0.0625 0.0625
0 0.26796875 0.29921875 0.0625 0.0625
0 0.56640625 0.34375 0.0625 0.0625
0 0.5296875 0.15625 0.0640625 0.0640625
0 0.8640625 0.23671875 0.0640625 0.065625
0 0.73359375 0.31484375 0.065625 0.065625
0 0.71171875 0.5203125 0.0640625 0.0640625
0 0.77734375 0.66171875 0.0640625 0.0640625
0 0.66015625 0.5296875 0.0640625 0.0640625
0 0.34375 0.2390625 0.0625 0.0625
0 0.69921875 0.7171875 0.0578125 0.05625
0 0.52890625 0.60390625 0.0625 0.0625
0 0.8453125 0.44375 0.0625 0.0625
0 0.55078125 0.10234375 0.0640625 0.0640625
0 0.65546875 0.21171875 0.0609375 0.0609375
0 0.11796875 0.12890625 0.0640625 0.0640625
0 0.59453125 0.0578125 0.065625 0.0640625
0 0.753125 0.11015625 0.0609375 0.0625
0 0.4859375 0.5625 0.065625 0.065625
0 0.08046875 0.0921875 0.0625 0.0484375
0 0.6234375 0.640625 0.0640625 0.065625
0 0.36328125 0.3328125 0.0609375 0.0625
0 0.90390625 0.28359375 0.065625 0.0671875
0 0.65546875 0.00703125 0.0609375 0.0140625
0 0.88125 0.3359375 0.0625 0.0640625
0 0.8265625 0.49921875 0.0640625 0.0640625
0 0.37890625 0.4265625 0.0609375 0.0609375
0 0.64453125 0.740625 0.0578125 0.05625
0 0.75703125 0.7171875 0.059375 0.059375
0 0.71953125 0.671875 0.065625 0.065625
0 0.73671875 0.76796875 0.05625 0.05625
0 0.615625 0.7046875 0.05625 0.05625
0 0.675 0.78125 0.05625 0.05625