0 0.0953125 0.4171875 0.0578125 0.0578125
0 0.64453125 0.6546875 0.0578125 0.0578125
0 0.2 0.7609375 0.0578125 0.059375
0 0.7671875 0.94765625 0.05625 0.0453125
0 0.30625 0.3859375 0.0578125 0.0578125
0 0.628125 0.9265625 0.0578125 0.059375
0 0.80546875 0.01171875 0.0578125 0.0234375
0 0.128125 0.8140625 0.0578125 0.059375
0 0.609375 0.97109375 0.05625 0.0421875
0 0.590625 0.66328125 0.0578125 0.0578125
0 0.2328125 0.44140625 0.0578125 0.0578125
0 0.6828125 0.921875 0.05625 0.0578125
0 0.11484375 0.728125 0.0578125 0.059375
0 0.31015625 0.971875 0.0578125 0.05625
0 0.7640625 0.228125 0.0578125 0.0578125
0 0.82109375 0.94140625 0.0546875 0.0421875
0 0.41875 0.96171875 0.0578125 0.0578125
0 0.72890625 0.68515625 0.0578125 0.0578125
0 0.28984375 0.2984375 0.0578125 0.0578125
0 0.21875 0.35390625 0.0578125 0.0578125
0 0.059375 0.73515625 0.059375 0.059375
0 0.63515625 0.425 0.0578125 0.0578125
0 0.840625 0.89609375 0.0578125 0.059375
0 0.14140625 0.15703125 0.0578125 0.0578125
0 0.23671875 0.30390625 0.0578125 0.0578125
0 0.66484375 0.10859375 0.0578125 0.0578125
0 0.13359375 0.68125 0.0578125 0.0578125
0 0.8734375 0.57265625 0.05625 0.0578125
0 0.85078125 0.2609375 0.0578125 0.0578125
0 0.70859375 0.7328125 0.0578125 0.0578125
0 0.390625 0.41796875 0.0578125 0.0578125
0 0.54140625 0.89609375 0.059375 0.059375
0 0.778125 0.315625 0.0578125 0.059375
0 0.1640625 0.3546875 0.0578125 0.0578125
0 0.44921875 0.27421875 0.0578125 0.059375
0 0.87734375 0.434375 0.0578125 0.0578125
0 0.34609375 0.6515625 0.05625 0.0578125
0 0.371875 0.10546875 0.0578125 0.0578125
0 0.92109375 0.20546875 0.0578125 0.0578125
0 0.0390625 0.69296875 0.0390625 0.05625
0 0.0984375 0.9875 0.059375 0.025
0 0.1859375 0.67421875 0.05625 0.0578125
0 0.31015625 0.25 0.0578125 0.0578125
0 0.2515625 0.39296875 0.059375 0.059375
0 0.48203125 0.3140625 0.059375 0.0578125
0 0.88203125 0.7984375 0.0578125 0.0578125
0 0.92734375 0.92421875 0.05625 0.046875
0 0.2859375 0.06875 0.0578125 0.0578125
0 0.57578125 0.57265625 0.0578125 0.0578125
0 0.96015625 0.60703125 0.05625 0.05625
0 0.075 0.825 0.059375 0.0578125
0 0.8109375 0.35703125 0.0578125 0.0578125
0 0.18046875 0.4484375 0.0578125 0.0578125
0 0.10234375 0.63984375 0.0578125 0.0578125
0 0.70625 0.37265625 0.0578125 0.0578125
0 0.07734375 0.46640625 0.05625 0.0578125
0 0.50234375 0.98359375 0.0546875 0.0328125
0 0.01015625 0.4296875 0.0203125 0.05625
0 0.58046875 0.0765625 0.05625 0.0578125
0 0.22578125 0.94140625 0.0578125 0.059375
0 0.0171875 0.5140625 0.034375 0.05625
0 0.9421875 0.6546875 0.0578125 0.059375
0 0.740625 0.41171875 0.0578125 0.0578125
0 0.62578125 0.20546875 0.0578125 0.0578125
0 0.41640625 0.59453125 0.0578125 0.059375
0 0.53671875 0.30703125 0.0578125 0.059375
0 0.7609375 0.72578125 0.0578125 0.0578125
0 0.45625 0.1375 0.0578125 0.059375
0 0.92421875 0.5671875 0.05625 0.0578125
0 0.78125 0.67734375 0.0578125 0.059375
0 0.0203125 0.38359375 0.040625 0.0578125
0 0.1203125 0.20390625 0.05625 0.059375
0 0.734375 0.91171875 0.05625 0.0578125
0 0.3046875 0.7421875 0.059375 0.059375
0 0.9765625 0.42265625 0.040625 0.0546875
0 0.51640625 0.7171875 0.0578125 0.0578125
0 0.43125 0.68359375 0.0578125 0.0578125
0 0.27265625 0.7015625 0.0578125 0.059375
0 0.53046875 0.80546875 0.0578125 0.0578125
0 0.55703125 0.621875 0.05625 0.05625
0 0.60703125 0.253125 0.0578125 0.0578125
0 0.6015625 0.03046875 0.05625 0.05625
0 0.1734375 0.946875 0.0578125 0.0578125
0 0.00703125 0.18125 0.0140625 0.059375
0 0.79296875 0.4046875 0.0578125 0.0578125
0 0.8265625 0.44375 0.0578125 0.0578125
0 0.69296875 0.28671875 0.0578125 0.0578125
0 0.37109375 0.828125 0.0578125 0.0578125
0 0.64140625 0.29375 0.05625 0.05625
0 0.86171875 0.35234375 0.0578125 0.0578125
0 0.68359375 0.059375 0.0578125 0.0578125
0 0.47734375 0.44921875 0.0578125 0.0578125
0 0.62109375 0.3390625 0.0578125 0.0578125
0 0.7109375 0.23515625 0.0578125 0.0578125
0 0.5546875 0.9765625 0.0578125 0.046875
0 0.72578125 0.325 0.0578125 0.0578125
0 0.14765625 0.40859375 0.0578125 0.059375
0 0.67890625 0.196875 0.0578125 0.0578125
0 0.39296875 0.77890625 0.059375 0.0578125
0 0.8828125 0.303125 0.0578125 0.0578125
0 0.8875 0.6609375 0.059375 0.059375
0 0.8921875 0.8875 0.0578125 0.059375
0 0.52265625 0.94375 0.0578125 0.0578125
0 0.89765625 0.38984375 0.0578125 0.0578125
0 0.521875 0.2203125 0.0578125 0.0578125
0 0.48984375 0.903125 0.0578125 0.0578125
0 0.94296875 0.5203125 0.0578125 0.0578125
0 0.46484375 0.365625 0.0578125 0.0578125
0 0.93203125 0.428125 0.0578125 0.0578125
0 0.984375 0.87265625 0.03125 0.0578125
0 0.4515625 0.6359375 0.0578125 0.0578125
0 0.5078125 0.1296875 0.0578125 0.0578125
0 0.046875 0.64609375 0.059375 0.0578125
0 0.7359375 0.053125 0.0578125 0.0578125
0 0.65 0.88203125 0.0578125 0.059375
0 0.965625 0.83203125 0.05625 0.0578125
0 0.259375 0.97578125 0.05625 0.0484375
0 0.58203125 0.43515625 0.059375 0.0578125
0 0.34375 0.99375 0.05625 0.0125
0 0.61328125 0.115625 0.059375 0.059375
0 0.3296875 0.92734375 0.0578125 0.059375
0 0.121875 0.59453125 0.05625 0.05625
0 0.146875 0.76953125 0.059375 0.059375
0 0.10703125 0.50546875 0.0578125 0.0578125
0 0.496875 0.76484375 0.0578125 0.0578125
0 0.00390625 0.340625 0.0078125 0.05625
0 0.33984375 0.06484375 0.0578125 0.0578125
0 0.828125 0.80234375 0.059375 0.059375
0 0.94921875 0.2453125 0.0453125 0.05625
0 0.075 0.95859375 0.0375 0.0546875
0 0.653125 0.37734375 0.0578125 0.0578125
0 0.821875 0.08515625 0.05625 0.0578125
0 0.553125 0.25625 0.059375 0.0578125
0 0.33828125 0.42578125 0.0578125 0.0578125
0 0.55 0.76015625 0.0578125 0.0578125
0 0.259375 0.6140625 0.059375 0.0578125
0 0.56796875 0.35 0.0578125 0.0578125
0 0.76875 0.59296875 0.0578125 0.0578125
0 0.26640625 0.1140625 0.0578125 0.0578125
0 0.03671875 0.175 0.0578125 0.059375
0 0.9140625 0.840625 0.05625 0.0578125
0 0.3640625 0.6046875 0.0578125 0.0578125
0 0.29296875 0.653125 0.059375 0.0578125
0 0.66328125 0.9640625 0.0546875 0.0421875
0 0.99140625 0.6 0.0171875 0.05625
0 0.525 0.5828125 0.05625 0.0578125
0 0.89140625 0.5265625 0.0578125 0.05625
0 0.60859375 0.6109375 0.0578125 0.059375
0 0.953125 0.74375 0.0578125 0.0578125
0 0.1515625 0.98203125 0.059375 0.0359375
0 0.359375 0.7359375 0.0578125 0.059375
0 0.2203125 0.71640625 0.0578125 0.0578125
0 0.3765625 0.69296875 0.0578125 0.0578125
0 0.97578125 0.91640625 0.0484375 0.0484375
0 0.8203125 0.57890625 0.0578125 0.0578125
0 0.834375 0.1734375 0.05625 0.0578125
0 0.85390625 0.61953125 0.0578125 0.0578125
0 0.375 0.32734375 0.0578125 0.059375
0 0.8 0.628125 0.059375 0.0578125
0 0.5953125 0.88671875 0.0578125 0.0578125
0 0.86640625 0.7125 0.0578125 0.0578125
0 0.4640625 0.725 0.0578125 0.0578125
0 0.4453125 0.77265625 0.0578125 0.0578125
0 0.696875 0.64921875 0.05625 0.05625
0 0.384375 0.9203125 0.059375 0.059375
0 0.9 0.74921875 0.0578125 0.0578125
0 0.625 0.70390625 0.0578125 0.0578125
0 0.4078125 0.37109375 0.0609375 0.059375
0 0.19375 0.53359375 0.059375 0.0578125
0 0.92265625 0.06640625 0.0484375 0.0578125
0 0.50625 0.6328125 0.0578125 0.0578125
0 0.2125 0.8546875 0.05625 0.05625
0 0.36328125 0.2421875 0.0578125 0.0578125
0 0.15234375 0.2484375 0.0578125 0.0578125
0 0.85703125 0.0078125 0.0578125 0.015625
0 0.89375 0.02734375 0.059375 0.0546875
0 0.19296875 0.15078125 0.05625 0.0578125
0 0.06484375 0.3734375 0.0578125 0.059375
0 0.7015625 0.87265625 0.0578125 0.0578125
0 0.5765625 0.9359375 0.0578125 0.059375
0 0.16015625 0.5 0.05625 0.05625
0 0.10625 0.1171875 0.05625 0.05625
0 0.5484375 0.396875 0.0578125 0.0578125
0 0.90390625 0.25625 0.0578125 0.0578125
0 0.7984375 0.2703125 0.05625 0.05625
0 0.0796875 0.68828125 0.0578125 0.0578125
0 0.10625 0.865625 0.0578125 0.0578125
0 0.6765625 0.69453125 0.05625 0.0578125
0 0.9375 0.29921875 0.0578125 0.0578125
0 0.29921875 0.16015625 0.059375 0.059375
0 0.9875 0.73515625 0.025 0.0578125
0 0.75234375 0.01796875 0.0578125 0.0359375
0 0.7546875 0.86328125 0.0578125 0.0578125
0 0.47109375 0.95625 0.0578125 0.0578125
0 0.40546875 0.50546875 0.059375 0.0578125
0 0.7859375 0.53984375 0.0578125 0.0578125
0 0.559375 0.484375 0.0578125 0.0578125
0 0.94921875 0.3828125 0.0578125 0.0578125
0 0.325 0.34140625 0.05625 0.05625
0 0.74765625 0.640625 0.05625 0.0578125
0 0.45625 0.8625 0.0578125 0.0578125
0 0.55859375 0.121875 0.059375 0.059375
0 0.734375 0.54921875 0.0578125 0.059375
0 0.1609375 0.859375 0.0578125 0.0578125
0 0.51796875 0.01171875 0.0515625 0.0234375
0 0.05625 0.125 0.0578125 0.0578125
0 0.7734375 0.4515625 0.059375 0.059375
0 0.6625 0.61015625 0.05625 0.05625
0 0.24765625 0.528125 0.0578125 0.0578125
0 0.3484375 0.5125 0.059375 0.0578125
0 0.0265625 0.46953125 0.053125 0.0578125
0 0.25078125 0.753125 0.0578125 0.059375
0 0.03046875 0.33125 0.0578125 0.059375
0 0.784375 0.18046875 0.05625 0.05625
0 0.65546875 0.74140625 0.0578125 0.0578125
0 0.13984375 0.90625 0.0578125 0.0578125
0 0.7875 0.90703125 0.0578125 0.0578125
0 0.63046875 0.0703125 0.0578125 0.0578125
0 0.7578125 0.36484375 0.0578125 0.0578125
0 0.26484375 0.47890625 0.059375 0.0578125
0 0.72109375 0.46171875 0.0578125 0.05625
0 0.47890625 0.81484375 0.0578125 0.05625
0 0.52890625 0.0765625 0.059375 0.059375
0 0.31875 0.8375 0.059375 0.0578125
0 0.66875 0.46640625 0.059375 0.059375
0 0.0359375 0.55859375 0.0578125 0.05625
0 0.97109375 0.69921875 0.0578125 0.0578125
0 0.48828125 0.53984375 0.0578125 0.0578125
0 0.1984375 0.4015625 0.0578125 0.059375
0 0.77265625 0.8140625 0.05625 0.0578125
0 0.27890625 0.56953125 0.05625 0.05625
0 0.08203125 0.30703125 0.059375 0.059375
0 0.4671875 0.225 0.0578125 0.0578125
0 0.02578125 0.08515625 0.0515625 0.0515625
0 0.840625 0.53125 0.05625 0.0578125
0 0.81171875 0.721875 0.0578125 0.0578125
0 0.06953125 0.215625 0.059375 0.0578125
0 0.6796875 0.55546875 0.059375 0.059375
0 0.8734375 0.9328125 0.0546875 0.0453125
0 0.97890625 0.784375 0.0421875 0.05625
0 0.43671875 0.91015625 0.0578125 0.0578125
0 0.49375 0.4046875 0.059375 0.0578125
0 0.93359375 0.78984375 0.0578125 0.0578125
0 0.715625 0.95625 0.0546875 0.0421875
0 0.47265625 0.5890625 0.0578125 0.0578125
0 0.96328125 0.4703125 0.0578125 0.0578125
0 0.9078125 0.11796875 0.059375 0.0578125
0 0.74765625 0.278125 0.0578125 0.05625
0 0.8171875 0.2203125 0.0578125 0.0578125
0 0.8296875 0.31015625 0.05625 0.0578125
0 0.36484375 0.9671875 0.0578125 0.0578125
0 0.56953125 0.7078125 0.059375 0.0578125
0 0.68671875 0.4171875 0.059375 0.0578125
0 0.20625 0.628125 0.0578125 0.0578125
0 0.975 0.559375 0.05 0.05625
0 0.28671875 0.79453125 0.0578125 0.0578125
0 0.9359375 0.1578125 0.046875 0.05625
0 0.75546875 0.49765625 0.0578125 0.0578125
0 0.4 0.9921875 0.053125 0.015625
0 0.06328125 0.875 0.0375 0.053125
0 0.53671875 0.675 0.0578125 0.05625
0 0.2375 0.665625 0.05625 0.0578125
0 0.90703125 0.61484375 0.0578125 0.0578125
0 0.9125 0.47734375 0.0578125 0.0578125
0 0.86015625 0.484375 0.0578125 0.059375
0 0.090625 0.553125 0.0578125 0.05625
0 0.98359375 0.509375 0.0328125 0.05625
0 0.840625 0.0375 0.059375 0.059375
0 0.33671875 0.7859375 0.0578125 0.059375
0 0.39765625 0.64375 0.0578125 0.0578125
0 0.33203125 0.56171875 0.0578125 0.0578125
0 0.128125 0.4578125 0.05625 0.0578125
0 0.6359375 0.79296875 0.05625 0.0578125
0 0.66875 0.8359375 0.05625 0.05625
0 0.25859375 0.25703125 0.0578125 0.0578125
0 0.24375 0.16015625 0.0578125 0.0578125
0 0.31953125 0.47734375 0.0578125 0.05625
0 0.73984375 0.77578125 0.05625 0.0578125
0 0.05078125 0.26796875 0.0578125 0.0578125
0 0.38359375 0.19453125 0.05625 0.0578125
0 0.4296875 0.32265625 0.0578125 0.059375
0 0.05078125 0.7859375 0.0375 0.0546875
0 0.53984375 0.17109375 0.0578125 0.059375
0 0.6484375 0.515625 0.059375 0.059375
0 0.0859375 0.91328125 0.0578125 0.0578125
0 0.91484375 0.3421875 0.0578125 0.0578125
0 0.80625 0.48984375 0.0578125 0.0578125
0 0.61484375 0.83828125 0.0578125 0.0578125
0 0.234375 0.8046875 0.059375 0.059375
0 0.853125 0.12578125 0.0578125 0.05625
0 0.80859375 0.85390625 0.0578125 0.059375
0 0.2984375 0.884375 0.0578125 0.0578125
0 0.42421875 0.46171875 0.0578125 0.0578125
0 0.51640625 0.35546875 0.0578125 0.0578125
0 0.4234375 0.81875 0.059375 0.059375
0 0.5828125 0.80078125 0.0578125 0.0578125
0 0.94609375 0.88046875 0.0578125 0.0578125
0 0.24609375 0.89296875 0.0578125 0.0578125
0 0.84375 0.39765625 0.0578125 0.0578125
0 0.61171875 0.475 0.059375 0.0578125
0 0.64765625 0.01953125 0.0578125 0.0390625
0 0.7109375 0.6 0.0578125 0.0578125
0 0.846875 0.75625 0.0578125 0.05625
0 0.59453125 0.165625 0.0578125 0.0578125
0 0.603125 0.74921875 0.059375 0.0578125
0 0.33046875 0.203125 0.0578125 0.0578125
0 0.7953125 0.7703125 0.0578125 0.05625
0 0.09375 0.77734375 0.0578125 0.059375
0 0.76953125 0.0953125 0.0578125 0.05625
0 0.92109375 0.7015625 0.05625 0.0578125
0 0.34375 0.29296875 0.0578125 0.05625
0 0.78671875 0.04296875 0.05625 0.0578125
0 0.4484375 0.98828125 0.053125 0.0234375
0 0.5953125 0.52421875 0.0578125 0.0578125
0 0.47421875 0.08828125 0.0578125 0.0578125
0 0.26328125 0.8421875 0.059375 0.059375
0 0.44140625 0.40859375 0.0578125 0.059375
0 0.2125 0.4875 0.05625 0.0578125
0 0.015625 0.29140625 0.03125 0.0578125
0 0.1359375 0.29765625 0.059375 0.0609375
0 0.43671875 0.546875 0.0578125 0.0578125
0 0.721875 0.821875 0.059375 0.0578125
0 0.59921875 0.3859375 0.0578125 0.059375
0 0.39765625 0.2859375 0.05625 0.05625
0 0.05625 0.515625 0.05625 0.05625
0 0.18203125 0.065625 0.05625 0.0546875
0 0.8703125 0.21640625 0.05625 0.05625
0 0.75078125 0.14296875 0.05625 0.05625
0 0.22578125 0.20859375 0.0578125 0.0578125
0 0.496875 0.04375 0.0578125 0.05625
0 0.50859375 0.8546875 0.0578125 0.0578125
0 0.06796875 0.5984375 0.0578125 0.0578125
0 0.51015625 0.49296875 0.05625 0.0578125
0 0.35 0.87421875 0.0578125 0.0578125
0 0.8 0.13359375 0.05625 0.05625
0 0.2765625 0.209375 0.0578125 0.0578125
0 0.08828125 0.16328125 0.05625 0.0578125
0 0.48515625 0.68125 0.05625 0.05625
0 0.41015625 0.73203125 0.0578125 0.0578125
0 0.1703125 0.19453125 0.0578125 0.0578125
0 0.1859375 0.3109375 0.0578125 0.0578125
0 0.0984375 0.25390625 0.059375 0.0609375
0 0.434375 0.18671875 0.059375 0.0578125
0 0.021875 0.22265625 0.04375 0.0578125
0 0.8875 0.1671875 0.05625 0.0578125
0 0.7171875 0.103125 0.0578125 0.0578125
0 0.98125 0.64921875 0.0375 0.0578125
0 0.025 0.60390625 0.0359375 0.0546875
0 0.20546875 0.9796875 0.0578125 0.040625
0 0.54296875 0.534375 0.05625 0.05625
0 0.2140625 0.103125 0.0578125 0.0578125
0 0.57265625 0.00703125 0.0515625 0.0140625
0 0.403125 0.86796875 0.0578125 0.0578125
0 0.1921875 0.9 0.0578125 0.0578125
0 0.7015625 0.50546875 0.0578125 0.0578125
0 0.41640625 0.2359375 0.0578125 0.0578125
0 0.015625 0.13203125 0.03125 0.0578125
0 0.5625 0.846875 0.059375 0.0578125
0 0.70078125 0.0203125 0.0578125 0.040625
0 0.2859375 0.434375 0.0578125 0.0578125
0 0.69921875 0.15078125 0.05625 0.05625
0 0.62578125 0.56484375 0.0578125 0.0578125
0 0.20625 0.25703125 0.05625 0.0578125
0 0.27109375 0.34375 0.05625 0.0578125
0 0.07578125 0.07890625 0.059375 0.0546875
0 0.17265625 0.5828125 0.05625 0.05625
0 0.45703125 0.496875 0.0578125 0.059375
0 0.31796875 0.10859375 0.059375 0.0578125
0 0.35703125 0.3796875 0.05625 0.0578125
0 0.52890625 0.44375 0.0578125 0.059375
0 0.225 0.57578125 0.0578125 0.0578125
0 0.15546875 0.6359375 0.0578125 0.05625
0 0.159375 0.1078125 0.05625 0.05625
0 0.38359375 0.55390625 0.0578125 0.0578125
0 0.16875 0.72265625 0.0578125 0.0578125
0 0.65859375 0.24453125 0.0578125 0.0578125
0 0.18203125 0.8125 0.0578125 0.0578125
0 0.86015625 0.8453125 0.059375 0.0578125
0 0.04453125 0.42421875 0.05625 0.0578125
0 0.11953125 0.95546875 0.059375 0.0578125
0 0.67265625 0.334375 0.0578125 0.0578125
0 0.32421875 0.6953125 0.0578125 0.0578125
0 0.50234375 0.2671875 0.0578125 0.0578125
0 0.83515625 0.66796875 0.0578125 0.0578125
0 0.73203125 0.19140625 0.05625 0.0578125
0 0.9625 0.3375 0.0453125 0.0546875
0 0.5890625 0.30078125 0.0578125 0.05625
0 0.57421875 0.21328125 0.0578125 0.0578125
0 0.37265625 0.46796875 0.0578125 0.0578125
0 0.12734375 0.0625 0.0515625 0.0359375
0 0.64609375 0.1578125 0.0578125 0.05625
0 0.390625 0.0484375 0.05625 0.0578125
0 0.353125 0.159375 0.0578125 0.05625
0 0.1421875 0.546875 0.0546875 0.0546875
0 0.48828125 0.18125 0.0578125 0.0578125
0 0.278125 0.93359375 0.05625 0.0578125
0 0.3125 0.6109375 0.0578125 0.05625
0 0.23125 0.05546875 0.05625 0.0515625
0 0.55078125 0.0296875 0.0578125 0.05625
0 0.46953125 0.0125 0.0546875 0.025
0 0.11328125 0.35546875 0.0578125 0.059375
0 0.3 0.525 0.05625 0.05625
0 0.4484375 0.053125 0.0578125 0.05625
0 0.69609375 0.77578125 0.0546875 0.05625
0 0.40546875 0.15078125 0.05625 0.05625
0 0.8734375 0.0828125 0.05625 0.0546875