0 0.98203125 0.39453125 0.0359375 0.0515625
0 0.7125 0.75 0.0515625 0.05078125
0 0.575 0.8828125 0.05078125 0.0515625
0 0.27890625 0.071875 0.05 0.05078125
0 0.3671875 0.7 0.05 0.05234375
0 0.60078125 0.075 0.0515625 0.05234375
0 0.49765625 0.74609375 0.05234375 0.05234375
0 0.92734375 0.75390625 0.05234375 0.053125
0 0.87109375 0.75078125 0.05390625 0.053125
0 0.95546875 0.70546875 0.05234375 0.05234375
0 0.9859375 0.12734375 0.028125 0.0515625
0 0.534375 0.52109375 0.05234375 0.05234375
0 0.240625 0.4703125 0.05 0.05
0 0.91875 0.08359375 0.05234375 0.05078125
0 0.41796875 0.6984375 0.05234375 0.05234375
0 0.6921875 0.52265625 0.05078125 0.0515625
0 0.89453125 0.8859375 0.05234375 0.0515625
0 0.73671875 0.79453125 0.05078125 0.0515625
0 0.73046875 0.11875 0.05 0.0515625
0 0.20625 0.03203125 0.0515625 0.0515625
0 0.90859375 0.43984375 0.05078125 0.0515625
0 0.76484375 0.7515625 0.05078125 0.05078125
0 0.39921875 0.47109375 0.05234375 0.0515625
0 0.57578125 0.0296875 0.053125 0.053125
0 0.65859375 0.74765625 0.0515625 0.053125
0 0.65234375 0.07578125 0.0515625 0.05234375
0 0.5734375 0.12109375 0.053125 0.053125
0 0.49453125 0.07578125 0.05234375 0.05234375
0 0.44453125 0.74453125 0.05234375 0.05234375
0 0.5515625 0.74765625 0.0515625 0.0515625
0 0.37421875 0.51875 0.0515625 0.05234375
0 0.32109375 0.51953125 0.05234375 0.05234375
0 0.57890625 0.70546875 0.05078125 0.05078125
0 0.528125 0.703125 0.0515625 0.0515625
0 0.48046875 0.51953125 0.05234375 0.05234375
0 0.7921875 0.7953125 0.053125 0.05234375
0 0.6109375 0.5671875 0.0515625 0.0515625
0 0.7515625 0.3453125 0.05 0.05078125
0 0.60546875 0.75 0.0515625 0.0515625
0 0.678125 0.1234375 0.0515625 0.0515625
0 0.2640625 0.515625 0.05234375 0.0515625
0 0.5984375 0.165625 0.0515625 0.0515625
0 0.43984375 0.075 0.053125 0.05234375
0 0.73828125 0.70625 0.0515625 0.05078125
0 0.93515625 0.390625 0.0515625 0.0515625
0 0.04609375 0.028125 0.0515625 0.0515625
0 0.51953125 0.11796875 0.05234375 0.053125
0 0.925 0.8421875 0.05234375 0.0515625
0 0.88671875 0.2125 0.05078125 0.05078125
0 0.82890625 0.390625 0.0515625 0.05078125
0 0.2015625 0.11875 0.05078125 0.05078125
0 0.64765625 0.1640625 0.05078125 0.05078125
0 0.12421875 0.071875 0.0515625 0.0515625
0 0.7234375 0.38828125 0.05078125 0.0515625
0 0.36796875 0.60703125 0.0515625 0.05078125
0 0.29296875 0.5625 0.0515625 0.0515625
0 0.375 0.428125 0.0515625 0.0515625
0 0.45234375 0.47109375 0.0515625 0.05234375
0 0.52421875 0.7921875 0.0515625 0.0515625
0 0.32265625 0.43046875 0.05 0.05078125
0 0.9546875 0.79765625 0.05234375 0.0515625
0 0.9609375 0.528125 0.05 0.05
0 0.675 0.209375 0.05234375 0.05078125
0 0.44375 0.83671875 0.05078125 0.05234375
0 0.49296875 0.1640625 0.05234375 0.05234375
0 0.3984375 0.56328125 0.0515625 0.05078125
0 0.2796875 0.16015625 0.0515625 0.05078125
0 0.49140625 0.92265625 0.05234375 0.0515625
0 0.2984375 0.384375 0.0515625 0.0515625
0 0.25078125 0.20625 0.05 0.05078125
0 0.41484375 0.0265625 0.05078125 0.05078125
0 0.56171875 0.4765625 0.053125 0.05234375
0 0.53984375 0.25234375 0.05 0.0515625
0 0.92890625 0.66171875 0.05234375 0.05234375
0 0.9109375 0.346875 0.05234375 0.0515625
0 0.60234375 0.83671875 0.0515625 0.0515625
0 0.8125 0.078125 0.05078125 0.0515625
0 0.80859375 0.1640625 0.0515625 0.0515625
0 0.959375 0.4375 0.0515625 0.05234375
0 0.93359375 0.48359375 0.05078125 0.05078125
0 0.5546875 0.66171875 0.05078125 0.05078125
0 0.653125 0.92734375 0.05078125 0.05078125
0 0.33671875 0.74375 0.0515625 0.0515625
0 0.69609375 0.43671875 0.0515625 0.05234375
0 0.9875 0.0296875 0.025 0.0515625
0 0.81328125 0.92421875 0.05078125 0.053125
0 0.24609375 0.384375 0.05078125 0.05078125
0 0.45703125 0.38359375 0.05 0.0515625
0 0.7734375 0.48125 0.05 0.05
0 0.4953125 0.83828125 0.0515625 0.05234375
0 0.89140625 0.0328125 0.053125 0.05390625
0 0.88125 0.39140625 0.05078125 0.0515625
0 0.8703125 0.84140625 0.05234375 0.0515625
0 0.21640625 0.42734375 0.05078125 0.0515625
0 0.87578125 0.659375 0.05078125 0.05078125
0 0.72421875 0.2078125 0.04921875 0.04921875
0 0.61640625 0.3921875 0.05078125 0.0515625
0 0.953125 0.88828125 0.0515625 0.05078125
0 0.77578125 0.3921875 0.05078125 0.05
0 0.47265625 0.79140625 0.05234375 0.0515625
0 0.684375 0.7953125 0.05078125 0.05
0 0.7203125 0.4796875 0.0515625 0.05078125
0 0.975 0.93359375 0.05 0.05
0 0.17578125 0.071875 0.0515625 0.0515625
0 0.734375 0.884375 0.05078125 0.05078125
0 0.315625 0.6078125 0.05078125 0.05078125
0 0.16328125 0.4265625 0.0515625 0.0515625
0 0.45 0.56328125 0.05078125 0.05
0 0.30234375 0.2046875 0.05 0.05
0 0.76015625 0.08125 0.04921875 0.0484375
0 0.68359375 0.69921875 0.05234375 0.0515625
0 0.8890625 0.1265625 0.05078125 0.05078125
0 0.52265625 0.0328125 0.0515625 0.05234375
0 0.71640625 0.5671875 0.05078125 0.05078125
0 0.8546875 0.43515625 0.0515625 0.05078125
0 0.89453125 0.97421875 0.0515625 0.0515625
0 0.6546875 0.8390625 0.0515625 0.05078125
0 0.79921875 0.43203125 0.05078125 0.05078125
0 0.6453125 0.346875 0.05078125 0.0515625
0 0.4171875 0.7875 0.0515625 0.05078125
0 0.87890625 0.47890625 0.053125 0.05234375
0 0.96328125 0.34765625 0.0515625 0.05234375
0 0.69765625 0.34375 0.05234375 0.05
0 0.8390625 0.12578125 0.0515625 0.05078125
0 0.9671875 0.1671875 0.05234375 0.0515625
0 0.71328125 0.6609375 0.0515625 0.0515625
0 0.3390625 0.65078125 0.05078125 0.0515625
0 0.84140625 0.88515625 0.0515625 0.05234375
0 0.81796875 0.75 0.0515625 0.05234375
0 0.8171875 0.84296875 0.0515625 0.05078125
0 0.1984375 0.2078125 0.05078125 0.05078125
0 0.93671875 0.2140625 0.05078125 0.05
0 0.61484375 0.48046875 0.0515625 0.0515625
0 0.8328125 0.21171875 0.0515625 0.05078125
0 0.84375 0.70078125 0.0515625 0.0515625
0 0.85390625 0.5203125 0.0515625 0.05078125
0 0.25703125 0.0296875 0.05078125 0.0515625
0 0.73671875 0.0375 0.05 0.05
0 0.41953125 0.61171875 0.05 0.04921875
0 0.40546875 0.38828125 0.05 0.05078125
0 0.4109375 0.203125 0.05 0.04921875
0 0.5625 0.3859375 0.05234375 0.05234375
0 0.84609375 0.79921875 0.05234375 0.05234375
0 0.8578125 0.25390625 0.05078125 0.0515625
0 0.290625 0.46875 0.0515625 0.0515625
0 0.7328125 0.97265625 0.053125 0.05234375
0 0.06328125 0.15703125 0.05 0.04921875
0 0.80546875 0.34609375 0.05 0.0515625
0 0.64921875 0.25546875 0.05 0.05234375
0 0.02109375 0.07265625 0.0421875 0.0484375
0 0.17421875 0.1609375 0.0515625 0.05234375
0 0.7484375 0.43671875 0.0515625 0.0515625
0 0.6828125 0.0265625 0.053125 0.053125
0 0.88671875 0.30234375 0.0515625 0.0515625
0 0.9796875 0.4828125 0.040625 0.0515625
0 0.64140625 0.434375 0.0515625 0.05078125
0 0.64140625 0.52734375 0.05078125 0.05078125
0 0.984375 0.215625 0.03125 0.05
0 0.72421875 0.303125 0.05 0.05
0 0.98203125 0.3015625 0.0359375 0.0515625
0 0.56953125 0.2109375 0.0515625 0.05078125
0 0.59921875 0.928125 0.0515625 0.05
0 0.33125 0.16328125 0.05078125 0.05
0 0.6734375 0.303125 0.05078125 0.05078125
0 0.57734375 0.79296875 0.0515625 0.0515625
0 0.67890625 0.97265625 0.0515625 0.05234375
0 0.94765625 0.975 0.0515625 0.05
0 0.76484375 0.83984375 0.05234375 0.05078125
0 0.0984375 0.025 0.0515625 0.05
0 0.4375 0.16171875 0.0546875 0.05234375
0 0.9140625 0.16875 0.0515625 0.05078125
0 0.85546875 0.3453125 0.053125 0.05234375
0 0.5953125 0.25546875 0.05234375 0.05234375
0 0.1703125 0.2484375 0.05078125 0.04921875
0 0.9796875 0.57265625 0.040625 0.0515625
0 0.25234375 0.11328125 0.05078125 0.0515625
0 0.590625 0.3421875 0.0515625 0.05078125
0 0.6875 0.609375 0.05078125 0.0515625
0 0.46015625 0.96484375 0.05390625 0.05390625
0 0.35703125 0.11640625 0.053125 0.05390625
0 0.2203125 0.3390625 0.05234375 0.05078125
0 0.63046875 0.79296875 0.05234375 0.0515625
0 0.62265625 0.209375 0.05078125 0.0515625
0 0.89921875 0.70859375 0.053125 0.0515625
0 0.765625 0.56171875 0.05078125 0.05078125
0 0.2625 0.60546875 0.05234375 0.053125
0 0.7609375 0.9265625 0.05 0.0515625
0 0.5578125 0.56953125 0.053125 0.05234375
0 0.503125 0.56328125 0.05234375 0.05234375
0 0.30390625 0.11875 0.05 0.05
0 0.03984375 0.1140625 0.05078125 0.05
0 0.521875 0.88359375 0.0515625 0.0515625
0 0.4125 0.1140625 0.053125 0.05234375
0 0.13359375 0.37109375 0.0484375 0.04921875
0 0.51640625 0.209375 0.05234375 0.0515625
0 0.89921875 0.7984375 0.0515625 0.05234375
0 0.5328125 0.428125 0.053125 0.05234375
0 0.6671875 0.38828125 0.05234375 0.05234375
0 0.2234375 0.25390625 0.05078125 0.05
0 0.4953125 0.65078125 0.05234375 0.0515625
0 0.48359375 0.43203125 0.05 0.05
0 0.9765625 0.84453125 0.046875 0.0515625
0 0.34609375 0.5640625 0.05078125 0.05234375
0 0.9109375 0.2578125 0.05078125 0.05078125
0 0.459375 0.29375 0.05078125 0.0515625
0 0.36484375 0.78984375 0.05 0.05
0 0.22890625 0.071875 0.05 0.05
0 0.83046875 0.3015625 0.05234375 0.0515625
0 0.56953125 0.96796875 0.05234375 0.05078125
0 0.77890625 0.20625 0.05078125 0.05
0 0.46328125 0.20625 0.0515625 0.0515625
0 0.6203125 0.30234375 0.0515625 0.05078125
0 0.90625 0.52578125 0.0515625 0.0515625
0 0.146875 0.209375 0.0515625 0.05
0 0.43359375 0.24609375 0.053125 0.05078125
0 0.3296875 0.0671875 0.05 0.05078125
0 0.1203125 0.16015625 0.053125 0.0515625
0 0.53828125 0.34296875 0.0515625 0.05078125
0 0.62890625 0.7 0.05234375 0.05234375
0 0.09453125 0.20546875 0.05 0.05
0 0.58984375 0.43515625 0.05234375 0.0515625
0 0.471875 0.70078125 0.05390625 0.05234375
0 0.39296875 0.65078125 0.04921875 0.05078125
0 0.0921875 0.11171875 0.05078125 0.04921875
0 0.11953125 0.25078125 0.05 0.04921875
0 0.96328125 0.25390625 0.05078125 0.05078125
0 0.22734375 0.1625 0.05 0.0515625
0 0.26875 0.42578125 0.0515625 0.05
0 0.709375 0.8359375 0.05234375 0.0515625
0 0.8765625 0.56796875 0.05234375 0.05078125
0 0.27421875 0.24921875 0.05078125 0.05
0 0.565625 0.296875 0.0515625 0.05234375
0 0.38046875 0.24453125 0.0515625 0.05
0 0.346875 0.47265625 0.05078125 0.0515625
0 0.7796875 0.11953125 0.0515625 0.05
0 0.54609375 0.928125 0.05078125 0.05
0 0.14921875 0.1125 0.0515625 0.05078125
0 0.959375 0.621875 0.04921875 0.05078125
0 0.471875 0.60625 0.0546875 0.05234375
0 0.7859375 0.971875 0.05078125 0.0515625
0 0.84140625 0.9734375 0.0515625 0.053125
0 0.38984375 0.74609375 0.0515625 0.05078125
0 0.86953125 0.9328125 0.0515625 0.05078125
0 0.8 0.61015625 0.05078125 0.05234375
0 0.58671875 0.521875 0.0515625 0.0515625
0 0.7546875 0.16328125 0.05078125 0.05
0 0.79375 0.70859375 0.05 0.0484375
0 0.50546875 0.38046875 0.05078125 0.05
0 0.153125 0.02578125 0.053125 0.0515625
0 0.921875 0.93125 0.05078125 0.05078125
0 0.62890625 0.03046875 0.0515625 0.053125
0 0.7015625 0.1640625 0.0515625 0.0515625
0 0.42578125 0.5171875 0.05078125 0.05234375
0 0.5109375 0.29609375 0.05078125 0.0515625
0 0.42890625 0.4296875 0.05078125 0.05078125
0 0.83671875 0.03515625 0.05234375 0.05078125
0 0.190625 0.38203125 0.05234375 0.05
0 0.29609375 0.2953125 0.04921875 0.04921875
0 0.77265625 0.29375 0.0515625 0.05234375
0 0.70703125 0.075 0.05078125 0.05
0 0.4078125 0.2953125 0.05 0.05234375
0 0.95078125 0.0328125 0.0515625 0.05234375
0 0.66640625 0.47734375 0.0515625 0.0515625
0 0.48671875 0.25234375 0.0515625 0.05234375
0 0.5828125 0.61640625 0.0515625 0.04921875
0 0.93828125 0.3015625 0.05078125 0.05
0 0.62734375 0.8828125 0.05078125 0.0515625
0 0.4671875 0.11875 0.0515625 0.0515625
0 0.19453125 0.2921875 0.05078125 0.0515625
0 0.465625 0.88359375 0.05078125 0.05
0 0.51796875 0.96796875 0.0515625 0.053125
0 0.7703125 0.6734375 0.0515625 0.05
0 0.7359375 0.61015625 0.05 0.05
0 0.82265625 0.475 0.05078125 0.0515625
0 0.70546875 0.9265625 0.05234375 0.0515625
0 0.38515625 0.16796875 0.05 0.05
0 0.46953125 0.0328125 0.053125 0.0515625
0 0.346875 0.28671875 0.05234375 0.0515625
0 0.01796875 0.15703125 0.0359375 0.0484375
0 0.934375 0.57578125 0.0515625 0.05078125
0 0.32421875 0.25078125 0.05234375 0.0484375
0 0.38515625 0.06796875 0.053125 0.05078125
0 0.68203125 0.8828125 0.053125 0.05234375
0 0.86328125 0.08125 0.0515625 0.05234375
0 0.35703125 0.203125 0.05390625 0.04921875
0 0.62578125 0.9703125 0.05234375 0.0515625
0 0.84921875 0.61484375 0.04921875 0.0484375
0 0.4453125 0.65703125 0.05 0.05078125
0 0.31328125 0.6984375 0.0515625 0.05078125
0 0.434375 0.91953125 0.05390625 0.05234375
0 0.2890625 0.65 0.05 0.0515625
0 0.384375 0.3421875 0.0484375 0.04921875
0 0.82109375 0.66171875 0.04921875 0.04921875
0 0.6609375 0.6546875 0.05 0.05
0 0.62734375 0.125 0.05 0.05
0 0.86171875 0.17109375 0.04921875 0.05078125
0 0.4328125 0.34140625 0.05 0.04921875
0 0.5484375 0.83828125 0.0515625 0.0515625
0 0.23671875 0.55859375 0.053125 0.05078125
0 0.54921875 0.0765625 0.05078125 0.05078125
0 0.6078125 0.65546875 0.05 0.05
0 0.3046875 0.0265625 0.0515625 0.05078125
0 0.07265625 0.071875 0.05078125 0.05
0 0.8078125 0.25546875 0.0515625 0.05078125
0 0.784375 0.03671875 0.04921875 0.05
0 0.3671875 0.03046875 0.0484375 0.05
0 0.165625 0.33671875 0.05 0.05
0 0.325 0.33515625 0.0515625 0.05078125
0 0.6375 0.6171875 0.05 0.04921875
0 0.5328125 0.615625 0.05078125 0.05078125
0 0.5078125 0.47734375 0.05078125 0.0515625
0 0.97734375 0.75625 0.0453125 0.0515625
0 0.69765625 0.2578125 0.05 0.05
0 0.94140625 0.12265625 0.0515625 0.05078125
0 0.8203125 0.5609375 0.0515625 0.053125
0 0.48359375 0.3375 0.04921875 0.05
0 0.54765625 0.16953125 0.05078125 0.05078125
0 0.97890625 0.6625 0.0421875 0.05
0 0.975 0.07578125 0.04921875 0.05
0 0.78515625 0.88125 0.053125 0.0515625
0 0.396875 0.8625 0.0515625 0.0515625
0 0.8 0.521875 0.05078125 0.04921875
0 0.05625 0.2328125 0.04921875 0.04765625
0 0.271875 0.340625 0.04765625 0.04921875
0 0.35 0.384375 0.05078125 0.05
0 0.665625 0.57109375 0.04921875 0.04921875
0 0.74921875 0.2515625 0.05078125 0.0515625
0 0.24921875 0.296875 0.05078125 0.04921875
0 0.7453125 0.52421875 0.05078125 0.05078125
0 0.1453125 0.29609375 0.04921875 0.046875
0 0.90703125 0.61796875 0.05078125 0.04921875
0 0.2171875 0.51953125 0.04765625 0.046875
0 0.18828125 0.46875 0.05 0.04921875
0 0.0765625 0.2734375 0.05 0.05
0 0.034375 0.19765625 0.04921875 0.046875
0 0.759375 0.63828125 0.04921875 0.046875
0 0.39453125 0.83046875 0.04921875 0.04609375