0 0.9359375 0.77734375 0.0515625 0.053125
0 0.24921875 0.0796875 0.0515625 0.05234375
0 0.81953125 0.21640625 0.05234375 0.05234375
0 0.7390625 0.26171875 0.053125 0.05234375
0 0.0171875 0.5921875 0.034375 0.053125
0 0.82109375 0.5 0.05390625 0.053125
0 0.66171875 0.78046875 0.0546875 0.0546875
0 0.6015625 0.03359375 0.05234375 0.05234375
0 0.33203125 0.31171875 0.0515625 0.0515625
0 0.79375 0.54375 0.05234375 0.05390625
0 0.71796875 0.9671875 0.05234375 0.053125
0 0.44296875 0.59140625 0.05234375 0.053125
0 0.11640625 0.5 0.0515625 0.05234375
0 0.95234375 0.07890625 0.0515625 0.0515625
0 0.440625 0.3109375 0.053125 0.05390625
0 0.68359375 0.0796875 0.0515625 0.05234375
0 0.33203125 0.5921875 0.05234375 0.05234375
0 0.7171875 0.78046875 0.053125 0.0546875
0 0.01640625 0.03359375 0.0328125 0.053125
0 0.97578125 0.03125 0.0484375 0.053125
0 0.55 0.22109375 0.05234375 0.05234375
0 0.71640625 0.590625 0.05234375 0.053125
0 0.5265625 0.82578125 0.05234375 0.05390625
0 0.090625 0.8265625 0.053125 0.05390625
0 0.76171875 0.03203125 0.0515625 0.05234375
0 0.3078125 0.73515625 0.05390625 0.05390625
0 0.5203125 0.35703125 0.05234375 0.05234375
0 0.8765625 0.4953125 0.05234375 0.05390625
0 0.79765625 0.73203125 0.05234375 0.053125
0 0.47265625 0.82734375 0.05390625 0.05390625
0 0.74296875 0.73125 0.053125 0.053125
0 0.9640625 0.82578125 0.05234375 0.053125
0 0.278125 0.50078125 0.05078125 0.05234375
0 0.38671875 0.21875 0.05390625 0.05234375
0 0.95625 0.26484375 0.05234375 0.05390625
0 0.16875 0.40625 0.05234375 0.05234375
0 0.6359375 0.828125 0.053125 0.053125
0 0.16953125 0.496875 0.05234375 0.053125
0 0.9 0.26484375 0.053125 0.053125
0 0.55078125 0.496875 0.05234375 0.053125
0 0.740625 0.546875 0.05234375 0.053125
0 0.0875 0.26484375 0.0515625 0.053125
0 0.9578125 0.44765625 0.05390625 0.05390625
0 0.525 0.73359375 0.05234375 0.05390625
0 0.903125 0.5453125 0.053125 0.053125
0 0.9796875 0.49453125 0.040625 0.053125
0 0.0328125 0.7296875 0.05390625 0.05390625
0 0.16953125 0.31328125 0.05234375 0.05234375
0 0.3921875 0.97109375 0.053125 0.053125
0 0.36328125 0.921875 0.053125 0.0546875
0 0.28046875 0.78203125 0.05234375 0.05390625
0 0.8 0.825 0.0515625 0.053125
0 0.3859375 0.49921875 0.05390625 0.05390625
0 0.95703125 0.35625 0.05234375 0.05234375
0 0.1140625 0.96953125 0.05390625 0.05390625
0 0.66328125 0.9671875 0.053125 0.053125
0 0.97734375 0.21484375 0.0453125 0.053125
0 0.89921875 0.07734375 0.05234375 0.0515625
0 0.16796875 0.03515625 0.05234375 0.05234375
0 0.16796875 0.2203125 0.05234375 0.053125
0 0.35703125 0.08046875 0.05234375 0.053125
0 0.5265625 0.9234375 0.05390625 0.05390625
0 0.28046875 0.5921875 0.05234375 0.0515625
0 0.3578125 0.2671875 0.05234375 0.05234375
0 0.30546875 0.45625 0.0515625 0.0515625
0 0.3609375 0.5453125 0.05234375 0.053125
0 0.96015625 0.73046875 0.05234375 0.053125
0 0.25078125 0.54765625 0.05234375 0.05234375
0 0.11484375 0.68828125 0.05234375 0.053125
0 0.765625 0.21640625 0.05234375 0.0515625
0 0.11484375 0.78203125 0.05390625 0.05390625
0 0.36171875 0.82890625 0.05234375 0.053125
0 0.11484375 0.40703125 0.05234375 0.05234375
0 0.60625 0.68515625 0.053125 0.05390625
0 0.98125 0.7765625 0.0375 0.053125
0 0.03359375 0.26953125 0.0515625 0.05234375
0 0.01640625 0.50078125 0.0328125 0.053125
0 0.553125 0.78203125 0.053125 0.0546875
0 0.01640625 0.96953125 0.0328125 0.053125
0 0.11484375 0.0328125 0.053125 0.053125
0 0.8453125 0.0796875 0.05234375 0.05234375
0 0.603125 0.2203125 0.0515625 0.053125
0 0.28125 0.96953125 0.053125 0.053125
0 0.6375 0.921875 0.0515625 0.053125
0 0.521875 0.2671875 0.0515625 0.053125
0 0.896875 0.171875 0.0515625 0.05234375
0 0.959375 0.5421875 0.053125 0.0546875
0 0.54609375 0.0359375 0.05234375 0.05234375
0 0.01484375 0.77890625 0.0296875 0.0546875
0 0.68515625 0.4515625 0.05234375 0.053125
0 0.87890625 0.684375 0.05390625 0.05390625
0 0.08828125 0.5453125 0.05234375 0.053125
0 0.11484375 0.22265625 0.0515625 0.0515625
0 0.46796875 0.45546875 0.05234375 0.0515625
0 0.65859375 0.5 0.053125 0.053125
0 0.22265625 0.2203125 0.05234375 0.053125
0 0.19765625 0.7359375 0.05390625 0.0546875
0 0.91015625 0.828125 0.053125 0.053125
0 0.7140625 0.49921875 0.0515625 0.05234375
0 0.6609375 0.68359375 0.05390625 0.05390625
0 0.4703125 0.73671875 0.053125 0.0515625
0 0.60390625 0.4078125 0.05234375 0.05234375
0 0.7390625 0.4515625 0.05234375 0.05234375
0 0.19453125 0.08046875 0.053125 0.05234375
0 0.60546875 0.49921875 0.0515625 0.05390625
0 0.30703125 0.9234375 0.053125 0.05390625
0 0.5546875 0.96796875 0.05234375 0.053125
0 0.11328125 0.3109375 0.053125 0.053125
0 0.27734375 0.2234375 0.0515625 0.05234375
0 0.821875 0.31015625 0.05234375 0.053125
0 0.3890625 0.68984375 0.053125 0.053125
0 0.63125 0.54765625 0.05234375 0.053125
0 0.32890625 0.034375 0.05078125 0.0515625
0 0.52109375 0.17265625 0.05234375 0.053125
0 0.8734375 0.21796875 0.0515625 0.05234375
0 0.03359375 0.17421875 0.0515625 0.05234375
0 0.715625 0.68515625 0.0515625 0.053125
0 0.19609375 0.26953125 0.05234375 0.053125
0 0.55234375 0.68515625 0.053125 0.05390625
0 0.765625 0.40703125 0.05234375 0.05234375
0 0.28046875 0.6875 0.053125 0.0546875
0 0.03359375 0.453125 0.05234375 0.05234375
0 0.68359375 0.26640625 0.05234375 0.053125
0 0.24921875 0.17578125 0.05234375 0.053125
0 0.628125 0.17265625 0.05234375 0.05234375
0 0.24921875 0.35859375 0.0515625 0.0515625
0 0.4390625 0.034375 0.053125 0.053125
0 0.76640625 0.49765625 0.0515625 0.05234375
0 0.33125 0.5015625 0.0515625 0.05234375
0 0.4109375 0.08046875 0.053125 0.053125
0 0.08828125 0.45 0.0515625 0.053125
0 0.225 0.97109375 0.053125 0.05234375
0 0.70859375 0.03671875 0.0515625 0.0515625
0 0.0328125 0.5453125 0.053125 0.05390625
0 0.87578125 0.3109375 0.0515625 0.05234375
0 0.33046875 0.22265625 0.0515625 0.053125
0 0.79140625 0.08046875 0.05234375 0.0515625
0 0.65859375 0.3109375 0.053125 0.05234375
0 0.01796875 0.221875 0.0359375 0.053125
0 0.16796875 0.6859375 0.053125 0.05390625
0 0.19609375 0.1734375 0.05234375 0.05234375
0 0.79375 0.2625 0.0515625 0.05234375
0 0.8296875 0.96796875 0.05234375 0.053125
0 0.52109375 0.4515625 0.0515625 0.053125
0 0.60703125 0.78125 0.0515625 0.05390625
0 0.465625 0.26875 0.05234375 0.05234375
0 0.27734375 0.0375 0.05078125 0.0515625
0 0.0875 0.359375 0.0515625 0.05234375
0 0.440625 0.40859375 0.05234375 0.0546875
0 0.22421875 0.68671875 0.05390625 0.05390625
0 0.225 0.784375 0.05234375 0.053125
0 0.4671875 0.171875 0.05234375 0.05234375
0 0.68203125 0.17265625 0.05234375 0.053125
0 0.659375 0.59140625 0.053125 0.05390625
0 0.3875 0.78046875 0.0546875 0.05390625
0 0.03359375 0.825 0.05390625 0.05390625
0 0.60859375 0.87109375 0.05234375 0.05234375
0 0.68671875 0.54375 0.053125 0.0546875
0 0.853125 0.7328125 0.053125 0.05234375
0 0.44140625 0.221875 0.0515625 0.05234375
0 0.278125 0.31640625 0.05078125 0.05078125
0 0.5234375 0.63828125 0.053125 0.053125
0 0.0875 0.7359375 0.05234375 0.053125
0 0.95234375 0.16953125 0.05078125 0.05234375
0 0.79453125 0.35703125 0.053125 0.05390625
0 0.33125 0.409375 0.05234375 0.05234375
0 0.79453125 0.45390625 0.0515625 0.053125
0 0.3046875 0.546875 0.053125 0.053125
0 0.903125 0.45 0.053125 0.053125
0 0.9265625 0.21953125 0.05234375 0.053125
0 0.63203125 0.45390625 0.0515625 0.0515625
0 0.58359375 0.9203125 0.053125 0.053125
0 0.634375 0.7328125 0.053125 0.053125
0 0.5484375 0.31171875 0.053125 0.05234375
0 0.03203125 0.92109375 0.05234375 0.053125
0 0.36328125 0.7390625 0.05234375 0.053125
0 0.25234375 0.9234375 0.053125 0.053125
0 0.44375 0.6859375 0.05234375 0.05390625
0 0.97734375 0.31171875 0.0453125 0.053125
0 0.05859375 0.31484375 0.05078125 0.05234375
0 0.03515625 0.08125 0.053125 0.0515625
0 0.16875 0.12890625 0.05234375 0.05234375
0 0.98046875 0.68359375 0.0390625 0.053125
0 0.62890625 0.08046875 0.05390625 0.05234375
0 0.55390625 0.59140625 0.053125 0.05234375
0 0.74609375 0.82421875 0.05390625 0.05390625
0 0.8828125 0.7765625 0.05390625 0.05546875
0 0.5796875 0.73515625 0.05234375 0.053125
0 0.7375 0.17265625 0.0515625 0.05234375
0 0.384375 0.3125 0.05234375 0.053125
0 0.225 0.5921875 0.05234375 0.05234375
0 0.1703125 0.59609375 0.0515625 0.0515625
0 0.5484375 0.1296875 0.05078125 0.0515625
0 0.81796875 0.034375 0.053125 0.05234375
0 0.19609375 0.5453125 0.05234375 0.05234375
0 0.57734375 0.5453125 0.05234375 0.053125
0 0.3859375 0.4078125 0.05390625 0.053125
0 0.9359375 0.871875 0.053125 0.05390625
0 0.8828125 0.87109375 0.05234375 0.05390625
0 0.225 0.503125 0.0515625 0.05078125
0 0.6015625 0.12890625 0.0515625 0.0515625
0 0.9828125 0.871875 0.034375 0.053125
0 0.90234375 0.3546875 0.05390625 0.053125
0 0.171875 0.7828125 0.05234375 0.053125
0 0.14375 0.828125 0.05234375 0.053125
0 0.0859375 0.92109375 0.053125 0.05390625
0 0.7625 0.125 0.0515625 0.05234375
0 0.3328125 0.78359375 0.05234375 0.05390625
0 0.51953125 0.084375 0.05078125 0.05078125
0 0.71171875 0.40703125 0.0515625 0.05234375
0 0.0875 0.63828125 0.053125 0.053125
0 0.08828125 0.08359375 0.0515625 0.05078125
0 0.44609375 0.96953125 0.0515625 0.053125
0 0.79140625 0.171875 0.0515625 0.05234375
0 0.25390625 0.7359375 0.053125 0.0546875
0 0.7984375 0.91875 0.053125 0.05390625
0 0.60234375 0.3140625 0.05234375 0.0515625
0 0.875 0.40078125 0.053125 0.053125
0 0.01640625 0.8734375 0.0328125 0.0515625
0 0.35859375 0.453125 0.0515625 0.053125
0 0.4671875 0.08203125 0.053125 0.05234375
0 0.77265625 0.77890625 0.05390625 0.05390625
0 0.690625 0.828125 0.053125 0.05390625
0 0.01640625 0.31640625 0.0328125 0.053125
0 0.84453125 0.171875 0.0515625 0.05234375
0 0.846875 0.45078125 0.05234375 0.053125
0 0.1984375 0.92109375 0.053125 0.0546875
0 0.65703125 0.221875 0.05078125 0.0515625
0 0.196875 0.45390625 0.05234375 0.05234375
0 0.2234375 0.40546875 0.0515625 0.05234375
0 0.38203125 0.03359375 0.053125 0.053125
0 0.628125 0.27109375 0.0515625 0.0515625
0 0.38515625 0.1296875 0.05234375 0.0515625
0 0.25078125 0.2703125 0.0515625 0.05234375
0 0.7125 0.31328125 0.05234375 0.053125
0 0.71015625 0.221875 0.05078125 0.05078125
0 0.446875 0.8734375 0.05234375 0.0515625
0 0.65703125 0.40625 0.05078125 0.0515625
0 0.0625 0.5 0.05234375 0.05234375
0 0.92578125 0.034375 0.05078125 0.0515625
0 0.0875 0.1765625 0.05078125 0.05234375
0 0.015625 0.68515625 0.03125 0.0546875
0 0.17109375 0.971875 0.053125 0.05390625
0 0.359375 0.36015625 0.05234375 0.053125
0 0.909375 0.92265625 0.053125 0.05625
0 0.30703125 0.82890625 0.053125 0.05234375
0 0.82265625 0.58984375 0.05390625 0.053125
0 0.496875 0.7796875 0.053125 0.05390625
0 0.6328125 0.3578125 0.05234375 0.05234375
0 0.01484375 0.4046875 0.0296875 0.053125
0 0.88359375 0.971875 0.053125 0.053125
0 0.059375 0.40703125 0.05234375 0.05234375
0 0.81875 0.40546875 0.05234375 0.053125
0 0.76875 0.59375 0.0515625 0.05234375
0 0.278125 0.409375 0.0515625 0.053125
0 0.3046875 0.3609375 0.053125 0.053125
0 0.1171875 0.59453125 0.053125 0.05234375
0 0.6640625 0.871875 0.05234375 0.05234375
0 0.30234375 0.175 0.0515625 0.053125
0 0.82734375 0.871875 0.05390625 0.0546875
0 0.25078125 0.45625 0.05234375 0.05234375
0 0.22265625 0.03515625 0.05234375 0.0515625
0 0.76796875 0.30859375 0.05234375 0.05390625
0 0.35625 0.17265625 0.05234375 0.053125
0 0.71796875 0.875 0.053125 0.053125
0 0.4125 0.359375 0.053125 0.05390625
0 0.82578125 0.7796875 0.05234375 0.05234375
0 0.41875 0.91796875 0.0515625 0.0515625
0 0.4921875 0.03359375 0.05234375 0.053125
0 0.44140625 0.50546875 0.0515625 0.05234375
0 0.9765625 0.125 0.046875 0.053125
0 0.928125 0.31015625 0.05078125 0.053125
0 0.85625 0.92109375 0.053125 0.05390625
0 0.5796875 0.82890625 0.05234375 0.05390625
0 0.25234375 0.8296875 0.0515625 0.0515625
0 0.97890625 0.58984375 0.0421875 0.053125
0 0.03515625 0.3609375 0.05078125 0.0515625
0 0.22109375 0.12890625 0.05078125 0.053125
0 0.82109375 0.6890625 0.053125 0.053125
0 0.846875 0.2640625 0.0515625 0.053125
0 0.33046875 0.12734375 0.05390625 0.053125
0 0.68984375 0.73359375 0.05390625 0.05390625
0 0.871875 0.03828125 0.05234375 0.0515625
0 0.14375 0.9234375 0.053125 0.053125
0 0.6890625 0.63671875 0.0515625 0.0515625
0 0.76875 0.68515625 0.05234375 0.05234375
0 0.4125 0.26640625 0.0515625 0.053125
0 0.609375 0.96640625 0.053125 0.05390625
0 0.359375 0.6375 0.05234375 0.05234375
0 0.4984375 0.97109375 0.053125 0.053125
0 0.3046875 0.640625 0.05234375 0.053125
0 0.525 0.5453125 0.05234375 0.05234375
0 0.41171875 0.17578125 0.053125 0.05234375
0 0.55625 0.8734375 0.05234375 0.05234375
0 0.63515625 0.63828125 0.05234375 0.05234375
0 0.4171875 0.828125 0.05390625 0.053125
0 0.22421875 0.87421875 0.05234375 0.053125
0 0.41328125 0.5484375 0.0515625 0.05390625
0 0.19609375 0.359375 0.05078125 0.05078125
0 0.84921875 0.5453125 0.05234375 0.0546875
0 0.6546875 0.03515625 0.0515625 0.05234375
0 0.68515625 0.36015625 0.0515625 0.0515625
0 0.33359375 0.68828125 0.05234375 0.053125
0 0.9078125 0.73125 0.0515625 0.05234375
0 0.14296875 0.54296875 0.0515625 0.053125
0 0.9390625 0.96953125 0.05390625 0.053125
0 0.4375 0.12890625 0.0515625 0.05234375
0 0.7421875 0.63984375 0.0515625 0.05234375
0 0.7953125 0.6390625 0.05234375 0.05234375
0 0.7375 0.35859375 0.05390625 0.0546875
0 0.49375 0.4984375 0.05234375 0.053125
0 0.14140625 0.73515625 0.053125 0.05390625
0 0.49453125 0.4046875 0.0515625 0.053125
0 0.47265625 0.921875 0.0515625 0.0515625
0 0.034375 0.640625 0.05234375 0.05234375
0 0.93046875 0.496875 0.053125 0.05390625
0 0.33359375 0.8734375 0.05234375 0.053125
0 0.1140625 0.128125 0.05078125 0.0515625
0 0.87734375 0.5953125 0.05234375 0.0515625
0 0.01640625 0.12734375 0.0328125 0.0515625
0 0.1421875 0.08203125 0.05234375 0.053125
0 0.25234375 0.6390625 0.0515625 0.05234375
0 0.575 0.08125 0.05234375 0.053125
0 0.16953125 0.8765625 0.05234375 0.0515625
0 0.4671875 0.54921875 0.053125 0.0515625
0 0.77421875 0.96796875 0.05234375 0.05234375
0 0.44453125 0.78046875 0.053125 0.05234375
0 0.46796875 0.359375 0.05234375 0.053125
0 0.49609375 0.2203125 0.05234375 0.05234375
0 0.54921875 0.40390625 0.0515625 0.053125
0 0.5796875 0.6359375 0.0515625 0.05234375
0 0.1421875 0.4515625 0.053125 0.05234375
0 0.14296875 0.26875 0.05234375 0.05234375
0 0.4140625 0.45546875 0.053125 0.053125
0 0.06171875 0.6875 0.05390625 0.053125
0 0.3359375 0.97265625 0.053125 0.0546875
0 0.8171875 0.1265625 0.053125 0.053125
0 0.73515625 0.0796875 0.0515625 0.05234375
0 0.4125 0.640625 0.053125 0.053125
0 0.69140625 0.921875 0.0515625 0.0515625
0 0.059375 0.77734375 0.053125 0.05546875
0 0.93203125 0.6859375 0.05078125 0.0515625
0 0.11640625 0.87421875 0.053125 0.053125
0 0.22265625 0.31484375 0.0515625 0.0515625
0 0.4671875 0.640625 0.05234375 0.053125
0 0.28046875 0.8765625 0.0515625 0.05234375
0 0.77109375 0.87421875 0.05234375 0.053125
0 0.90625 0.63671875 0.053125 0.05234375
0 0.38984375 0.87265625 0.053125 0.0515625
0 0.709375 0.12578125 0.0515625 0.0515625
0 0.96171875 0.63828125 0.0515625 0.0515625
0 0.5 0.8765625 0.053125 0.053125
0 0.19921875 0.83046875 0.05234375 0.0515625
0 0.853125 0.821875 0.053125 0.05390625
0 0.5765625 0.36015625 0.05234375 0.05234375
0 0.14375 0.6390625 0.0515625 0.05234375
0 0.9640625 0.91953125 0.0546875 0.05390625
0 0.57578125 0.26796875 0.0515625 0.0515625
0 0.9796875 0.39921875 0.040625 0.0515625
0 0.6078125 0.59609375 0.0515625 0.05
0 0.275 0.128125 0.05234375 0.05390625
0 0.6546875 0.12578125 0.05234375 0.0515625
0 0.14140625 0.3609375 0.05234375 0.05234375
0 0.92578125 0.12578125 0.0515625 0.05078125
0 0.0609375 0.87421875 0.05234375 0.05234375
0 0.84921875 0.63984375 0.05234375 0.05234375
0 0.1984375 0.64140625 0.05234375 0.053125
0 0.93125 0.40078125 0.05234375 0.05234375
0 0.49296875 0.12734375 0.0515625 0.0515625
0 0.30234375 0.08515625 0.0515625 0.0515625
0 0.57578125 0.1734375 0.05078125 0.0515625
0 0.06015625 0.03671875 0.05078125 0.053125
0 0.74609375 0.92109375 0.05234375 0.0515625
0 0.30390625 0.271875 0.0515625 0.05078125
0 0.496875 0.59140625 0.05234375 0.053125
0 0.06015625 0.12890625 0.05078125 0.05234375
0 0.496875 0.6890625 0.05234375 0.053125
0 0.4953125 0.31484375 0.05078125 0.05390625
0 0.84765625 0.35859375 0.0515625 0.0515625
0 0.93125 0.58984375 0.05234375 0.05390625
0 0.0625 0.596875 0.05234375 0.0515625
0 0.41640625 0.7359375 0.05078125 0.05234375
0 0.38515625 0.59296875 0.05234375 0.053125
0 0.871875 0.12734375 0.0515625 0.05078125
0 0.14140625 0.17421875 0.05078125 0.05234375
0 0.06171875 0.2234375 0.05 0.0515625
0 0.059375 0.9671875 0.05234375 0.05234375
0 0.57578125 0.45546875 0.05234375 0.05078125