0 0.9203125 0.19765625 0.053125 0.05625
0 0.97109375 0.19921875 0.05625 0.05625
0 0.98359375 0.24609375 0.0328125 0.0546875
0 0.928125 0.1046875 0.0546875 0.0546875
0 0.85625 0.0546875 0.0546875 0.0546875
0 0.98046875 0.33828125 0.0390625 0.0546875
0 0.9609375 0.06328125 0.0546875 0.0546875
0 0.8875 0.2390625 0.0546875 0.0546875
0 0.99609375 0.29375 0.0078125 0.053125
0 0.87578125 0.1015625 0.0546875 0.0546875
0 0.99296875 0.065625 0.0140625 0.053125
0 0.9640625 0.28828125 0.0546875 0.0546875
0 0.89609375 0.14609375 0.0546875 0.0546875
0 0.97578125 0.1125 0.0484375 0.053125
0 0.9828125 0.4671875 0.034375 0.05625
0 0.82265625 0.09609375 0.05625 0.05625
0 0.909375 0.06015625 0.0546875 0.05625
0 0.91171875 0.28671875 0.053125 0.053125
0 0.95 0.15 0.053125 0.0546875
0 0.93984375 0.24453125 0.0546875 0.0546875
0 0.98984375 0.38671875 0.0203125 0.0515625
0 0.9875 0.16015625 0.025 0.0546875
0 0.8671875 0.1921875 0.0546875 0.0546875
0 0.971875 0.4203125 0.05625 0.05625
0 0.84609375 0.1421875 0.053125 0.0546875
0 0.8 0.046875 0.05625 0.0546875
0 0.9390625 0.36171875 0.0546875 0.0546875
0 0.9390625 0.3296875 0.0515625 0.05