0 0.5484375 0.03671875 0.059375 0.0609375
0 0.5375 0.43203125 0.059375 0.059375
0 0.590625 0.42578125 0.0578125 0.059375
0 0.3234375 0.0578125 0.0609375 0.0609375
0 0.6140625 0.37421875 0.059375 0.059375
0 0.19921875 0.2203125 0.0609375 0.0609375
0 0.2 0.46875 0.0578125 0.059375
0 0.22109375 0.41796875 0.0609375 0.0609375
0 0.6484375 0.17109375 0.059375 0.0609375
0 0.04921875 0.8328125 0.040625 0.0578125
0 0.6640625 0.02734375 0.059375 0.0546875
0 0.5484375 0.53125 0.0609375 0.0625
0 0.33671875 0.40234375 0.0625 0.0625
0 0.08046875 0.9734375 0.0609375 0.053125
0 0.06640625 0.2828125 0.059375 0.0609375
0 0.48125 0.18984375 0.0578125 0.059375
0 0.25546875 0.2125 0.0609375 0.0609375
0 0.5265625 0.33359375 0.059375 0.059375
0 0.36328125 0.94921875 0.0609375 0.0609375
0 0.3671875 0.203125 0.0609375 0.0609375
0 0.34921875 0.02421875 0.05625 0.028125
0 0.59296875 0.17734375 0.059375 0.059375
0 0.34375 0.25234375 0.0609375 0.0609375
0 0.18203125 0.0421875 0.0578125 0.0296875
0 0.17421875 0.5875 0.0609375 0.0609375
0 0.50390625 0.1390625 0.0609375 0.0625
0 0.56171875 0.1328125 0.059375 0.0609375
0 0.11796875 0.7734375 0.0609375 0.0625
0 0.153125 0.82265625 0.0609375 0.0609375
0 0.01328125 0.4375 0.0265625 0.059375
0 0.0875 0.48203125 0.0625 0.0609375
0 0.57109375 0.2296875 0.0609375 0.0609375
0 0.57421875 0.00703125 0.0578125 0.0140625
0 0.1796875 0.27109375 0.0578125 0.059375
0 0.1875 0.3703125 0.0609375 0.0625
0 0.28671875 0.98671875 0.0609375 0.0265625
0 0.39296875 0.39453125 0.0609375 0.0609375
0 0.26796875 0.06484375 0.059375 0.059375
0 0.68359375 0.2203125 0.059375 0.059375
0 0.4625 0.01328125 0.05625 0.0265625
0 0.0203125 0.290625 0.040625 0.0625
0 0.08984375 0.23515625 0.0609375 0.0625
0 0.15703125 0.0765625 0.059375 0.059375
0 0.5 0.6359375 0.059375 0.059375
0 0.13515625 0.97109375 0.0609375 0.0578125
0 0.48125 0.43203125 0.059375 0.0609375
0 0.32421875 0.51640625 0.0609375 0.0640625
0 0.01015625 0.09609375 0.0203125 0.0609375
0 0.44375 0.640625 0.0609375 0.0609375
0 0.3984375 0.98125 0.059375 0.0375
0 0.35390625 0.60078125 0.0609375 0.059375
0 0.52421875 0.58125 0.0625 0.0640625
0 0.1109375 0.184375 0.059375 0.059375
0 0.503125 0.3828125 0.059375 0.059375
0 0.2359375 0.03671875 0.0546875 0.028125
0 0.23828125 0.840625 0.059375 0.059375
0 0.3125 0.4546875 0.0609375 0.0625
0 0.04375 0.5859375 0.0609375 0.0625
0 0.06796875 0.053125 0.0546875 0.025
0 0.1109375 0.4296875 0.0625 0.0625
0 0.2765625 0.41015625 0.0609375 0.0625
0 0.41328125 0.34453125 0.0609375 0.0609375
0 0.26171875 0.79453125 0.059375 0.059375
0 0.46875 0.3375 0.059375 0.059375
0 0.4 0.246875 0.0609375 0.0609375
0 0.02421875 0.3859375 0.0484375 0.059375
0 0.1234375 0.0484375 0.0578125 0.0296875
0 0.4078125 0.01953125 0.0578125 0.03125
0 0.58125 0.328125 0.0578125 0.059375
0 0.39296875 0.15 0.0609375 0.0609375
0 0.5578125 0.37890625 0.0578125 0.059375
0 0.43828125 0.046875 0.059375 0.059375
0 0.353125 0.84453125 0.0609375 0.0609375
0 0.38515625 0.64453125 0.0609375 0.0609375
0 0.0546875 0.18828125 0.0609375 0.0609375
0 0.02890625 0.63046875 0.0421875 0.059375
0 0.06171875 0.7796875 0.0609375 0.0609375
0 0.0140625 0.19296875 0.028125 0.0609375
0 0.253125 0.95859375 0.0609375 0.0625
0 0.03046875 0.48359375 0.059375 0.059375
0 0.21953125 0.62421875 0.0609375 0.0609375
0 0.04609375 0.0859375 0.059375 0.059375
0 0.184375 0.86953125 0.059375 0.059375
0 0.334375 0.15703125 0.059375 0.059375
0 0.14375 0.2296875 0.0609375 0.0625
0 0.41015625 0.5890625 0.059375 0.059375
0 0.425 0.4421875 0.059375 0.059375
0 0.63046875 0.0046875 0.0546875 0.009375
0 0.29375 0.03046875 0.05625 0.0296875
0 0.37890625 0.0546875 0.0625 0.0625
0 0.4484375 0.1453125 0.059375 0.059375
0 0.2625 0.73203125 0.0609375 0.0609375
0 0.7625 0.16484375 0.0578125 0.059375
0 0.1296875 0.8703125 0.0578125 0.0578125
0 0.34140625 0.9859375 0.0578125 0.028125
0 0.659375 0.26796875 0.059375 0.059375
0 0.4921875 0.0421875 0.0578125 0.059375
0 0.51640625 0.009375 0.0546875 0.01875
0 0.053125 0.6828125 0.0625 0.0625
0 0.42265625 0.69453125 0.0609375 0.0609375
0 0.07578125 0.38046875 0.0609375 0.0609375
0 0.24765625 0.11640625 0.059375 0.059375
0 0.13203125 0.1328125 0.0625 0.0625
0 0.2265625 0.99140625 0.059375 0.0171875
0 0.71875 0.025 0.059375 0.05
0 0.53671875 0.1859375 0.0609375 0.0625
0 0.27890625 0.1609375 0.059375 0.059375
0 0.49140625 0.53515625 0.0625 0.0625
0 0.19453125 0.96328125 0.059375 0.059375
0 0.37734375 0.29765625 0.059375 0.059375
0 0.096875 0.828125 0.0625 0.0625
0 0.371875 0.54296875 0.0609375 0.0609375
0 0.30234375 0.35625 0.0609375 0.0625
0 0.51328125 0.2328125 0.059375 0.059375
0 0.1 0.08203125 0.0609375 0.0609375
0 0.1671875 0.175 0.059375 0.059375
0 0.32734375 0.64765625 0.059375 0.059375
0 0.459375 0.2421875 0.059375 0.059375
0 0.0328125 0.23828125 0.0609375 0.0609375
0 0.2125 0.07109375 0.0578125 0.059375
0 0.28828125 0.25546875 0.059375 0.059375
0 0.4328125 0.5390625 0.059375 0.059375
0 0.64140625 0.07734375 0.0625 0.0625
0 0.45703125 0.7359375 0.0578125 0.0578125
0 0.1234375 0.27734375 0.059375 0.059375
0 0.34453125 0.7484375 0.0578125 0.0578125
0 0.46796875 0.83359375 0.059375 0.0609375
0 0.00859375 0.34140625 0.0171875 0.0578125
0 0.49296875 0.2859375 0.0578125 0.059375
0 0.35859375 0.1046875 0.0609375 0.0609375
0 0.30078125 0.11328125 0.059375 0.0609375
0 0.44765625 0.39453125 0.059375 0.059375
0 0.69765625 0.06640625 0.0578125 0.0578125
0 0.675 0.12109375 0.0578125 0.059375
0 0.07578125 0.63046875 0.0640625 0.0640625
0 0.37734375 0.7890625 0.059375 0.0578125
0 0.2578125 0.675 0.059375 0.0609375
0 0.43359375 0.7875 0.0578125 0.059375
0 0.60546875 0.03203125 0.0609375 0.0609375
0 0.1875 0.1203125 0.0609375 0.0609375
0 0.2671875 0.3125 0.059375 0.059375
0 0.1546875 0.321875 0.0578125 0.059375
0 0.3578125 0.3484375 0.059375 0.059375
0 0.10234375 0.57890625 0.0625 0.0640625
0 0.4890625 0.78203125 0.059375 0.0578125
0 0.753125 0.06328125 0.0578125 0.0578125
0 0.0578125 0.92890625 0.0375 0.059375
0 0.7765625 0.021875 0.059375 0.04375
0 0.27890625 0.61875 0.0609375 0.059375
0 0.3671875 0.44921875 0.0625 0.0640625
0 0.365625 0.69765625 0.0609375 0.0609375
0 0.3125 0.20625 0.059375 0.059375
0 0.52734375 0.08515625 0.059375 0.059375
0 0.0203125 0.05859375 0.040625 0.0265625
0 0.12421875 0.5234375 0.0609375 0.0609375
0 0.096875 0.33359375 0.059375 0.0609375
0 0.02578125 0.1421875 0.0515625 0.059375
0 0.60390625 0.275 0.0609375 0.0609375
0 0.03984375 0.73359375 0.0421875 0.0578125
0 0.40234375 0.49375 0.059375 0.0578125
0 0.73046875 0.11640625 0.0578125 0.059375
0 0.32109375 0.79765625 0.059375 0.059375
0 0.38984375 0.8953125 0.0625 0.0625
0 0.1609375 0.92265625 0.059375 0.059375
0 0.32109375 0.30390625 0.0578125 0.059375
0 0.78515625 0.109375 0.05625 0.05625
0 0.7046875 0.165625 0.059375 0.059375
0 0.5140625 0.48125 0.059375 0.059375
0 0.39921875 0.74609375 0.059375 0.059375
0 0.43671875 0.2921875 0.059375 0.059375
0 0.21484375 0.9140625 0.059375 0.059375
0 0.54609375 0.28203125 0.0578125 0.0578125
0 0.2546875 0.4640625 0.0625 0.0625
0 0.07109375 0.87265625 0.059375 0.059375
0 0.16875 0.4234375 0.059375 0.0609375
0 0.20078125 0.67890625 0.0609375 0.0609375
0 0.63515625 0.32265625 0.0578125 0.059375
0 0.415625 0.09921875 0.0609375 0.0609375
0 0.33125 0.89609375 0.0609375 0.0609375
0 0.45703125 0.4890625 0.0609375 0.0609375
0 0.0203125 0.5359375 0.040625 0.05625
0 0.14609375 0.471875 0.0609375 0.0609375
0 0.47578125 0.6828125 0.0578125 0.0578125
0 0.2109375 0.31640625 0.059375 0.059375
0 0.4265625 0.19609375 0.059375 0.059375
0 0.18203125 0.528125 0.059375 0.0609375
0 0.2453125 0.3640625 0.059375 0.0609375
0 0.1421875 0.71953125 0.0578125 0.059375
0 0.0421875 0.3359375 0.0578125 0.059375
0 0.83125 0.01875 0.059375 0.0375
0 0.628125 0.221875 0.0578125 0.059375
0 0.2015625 0.73984375 0.059375 0.0625
0 0.30390625 0.5703125 0.0609375 0.0625
0 0.221875 0.16796875 0.0609375 0.0609375
0 0.56796875 0.478125 0.0578125 0.0578125
0 0.471875 0.09296875 0.059375 0.059375
0 0.584375 0.578125 0.0578125 0.059375
0 0.30703125 0.95625 0.0609375 0.0609375
0 0.29453125 0.8546875 0.0578125 0.059375
0 0.584375 0.08125 0.0625 0.0609375
0 0.265625 0.52578125 0.0625 0.0640625
0 0.10625 0.921875 0.059375 0.059375
0 0.07578125 0.134375 0.059375 0.059375
0 0.08515625 0.73125 0.059375 0.059375
0 0.065625 0.53046875 0.0578125 0.059375
0 0.41171875 0.840625 0.0609375 0.0609375
0 0.275 0.90703125 0.0625 0.0609375
0 0.13203125 0.3734375 0.059375 0.059375
0 0.71484375 0.26015625 0.059375 0.0578125
0 0.50859375 0.73046875 0.0609375 0.0609375
0 0.1109375 0.6796875 0.059375 0.059375
0 0.20625 0.79765625 0.0578125 0.0578125
0 0.23359375 0.26171875 0.059375 0.059375
0 0.15859375 0.63984375 0.0609375 0.0609375
0 0.5625 0.628125 0.0609375 0.059375
0 0.465625 0.58515625 0.0609375 0.0609375
0 0.31171875 0.70546875 0.0578125 0.0578125
0 0.73828125 0.21171875 0.0578125 0.05625
0 0.0515625 0.43046875 0.0609375 0.0609375
0 0.6484375 0.41640625 0.0578125 0.0578125
0 0.446875 0.89140625 0.0625 0.0625
0 0.6171875 0.12578125 0.0578125 0.0578125
0 0.67109375 0.36796875 0.059375 0.059375
0 0.60390625 0.521875 0.059375 0.059375
0 0.22578125 0.56796875 0.0578125 0.059375
0 0.41953125 0.94140625 0.0578125 0.059375
0 0.53359375 0.6796875 0.059375 0.0578125
0 0.8078125 0.06328125 0.0546875 0.0578125
0 0.625 0.47109375 0.059375 0.059375
0 0.69453125 0.31484375 0.0578125 0.0578125