0 0.4046875 0.24609375 0.0515625 0.053125
0 0.765625 0.4765625 0.053125 0.053125
0 0.24765625 0.72265625 0.0515625 0.05234375
0 0.13046875 0.24921875 0.0546875 0.0546875
0 0.58203125 0.8109375 0.053125 0.053125
0 0.028125 0.91328125 0.05234375 0.05390625
0 0.2625 0.01953125 0.053125 0.0390625
0 0.18671875 0.4359375 0.05234375 0.053125
0 0.46640625 0.71953125 0.053125 0.0546875
0 0.0125 0.7703125 0.025 0.05625
0 0.05078125 0.48515625 0.0546875 0.0546875
0 0.8015625 0.7125 0.053125 0.05390625
0 0.1859375 0.24921875 0.053125 0.0546875
0 0.6140625 0.95390625 0.053125 0.05390625
0 0.38984375 0.95859375 0.053125 0.05546875
0 0.8984375 0.23828125 0.05234375 0.053125
0 0.18515625 0.059375 0.05234375 0.053125
0 0.73359375 0.240625 0.05234375 0.05234375
0 0.0109375 0.29453125 0.021875 0.053125
0 0.69140625 0.715625 0.05390625 0.053125
0 0.38671875 0.7640625 0.05390625 0.05390625
0 0.73828125 0.525 0.05234375 0.05390625
0 0.38515625 0.5765625 0.053125 0.053125
0 0.81953125 0.47421875 0.05234375 0.053125
0 0.5734375 0.52890625 0.053125 0.053125
0 0.13828125 0.72109375 0.05390625 0.0546875
0 0.809375 0.01796875 0.053125 0.0359375
0 0.6015625 0.4765625 0.053125 0.05390625
0 0.26640625 0.20078125 0.05234375 0.053125
0 0.21171875 0.2 0.053125 0.053125
0 0.4328125 0.29453125 0.05234375 0.053125
0 0.8171875 0.2875 0.05234375 0.053125
0 0.1046875 0.296875 0.053125 0.053125
0 0.22421875 0.7671875 0.05234375 0.053125
0 0.84375 0.2390625 0.053125 0.05234375
0 0.209375 0.02109375 0.0515625 0.0421875
0 0.48828125 0.2921875 0.05390625 0.05390625
0 0.4109375 0.52890625 0.05234375 0.053125
0 0.10703125 0.48515625 0.05234375 0.05390625
0 0.52421875 0.7171875 0.053125 0.053125
0 0.975 0.09453125 0.05 0.053125
0 0.01015625 0.20234375 0.0203125 0.053125
0 0.371875 0.0203125 0.053125 0.040625
0 0.26875 0.29375 0.0515625 0.053125
0 0.13203125 0.4359375 0.053125 0.053125
0 0.76171875 0.2875 0.053125 0.05390625
0 0.46640625 0.528125 0.05390625 0.0546875
0 0.0265625 0.72109375 0.053125 0.0546875
0 0.365625 0.909375 0.053125 0.053125
0 0.01171875 0.3921875 0.0234375 0.0546875
0 0.5671875 0.24375 0.05390625 0.05390625
0 0.33515625 0.959375 0.05390625 0.0546875
0 0.42890625 0.19921875 0.05234375 0.053125
0 0.6171875 0.0546875 0.05234375 0.053125
0 0.25 0.91328125 0.053125 0.05234375
0 0.4453125 0.9546875 0.05390625 0.05390625
0 0.18984375 0.628125 0.05390625 0.05390625
0 0.60546875 0.66875 0.05390625 0.053125
0 0.97890625 0.3765625 0.0421875 0.053125
0 0.140625 0.91328125 0.05390625 0.05390625
0 0.075 0.15390625 0.053125 0.05390625
0 0.4578125 0.2453125 0.05234375 0.05390625
0 0.4453125 0.86484375 0.0515625 0.05390625
0 0.22578125 0.959375 0.05234375 0.05390625
0 0.05078125 0.67578125 0.05390625 0.053125
0 0.02421875 0.25078125 0.0484375 0.0546875
0 0.49609375 0.7640625 0.05390625 0.0546875
0 0.3078125 0.9109375 0.0546875 0.05390625
0 0.02734375 0.5328125 0.053125 0.05390625
0 0.65625 0.478125 0.05234375 0.053125
0 0.41171875 0.71953125 0.053125 0.053125
0 0.10625 0.390625 0.0515625 0.053125
0 0.428125 0.01875 0.053125 0.0375
0 0.5421875 0.2921875 0.0515625 0.053125
0 0.3265625 0.484375 0.05390625 0.053125
0 0.34765625 0.153125 0.05390625 0.05390625
0 0.971875 0.01640625 0.0515625 0.0328125
0 0.8125 0.09921875 0.053125 0.053125
0 0.53203125 0.9875 0.053125 0.025
0 0.53828125 0.19765625 0.0515625 0.053125
0 0.46796875 0.62578125 0.05390625 0.053125
0 0.9375 0.56796875 0.0546875 0.053125
0 0.37890625 0.296875 0.053125 0.053125
0 0.1296875 0.15234375 0.05390625 0.05390625
0 0.11328125 0.76875 0.05390625 0.0546875
0 0.6609375 0.66875 0.053125 0.0546875
0 0.5640625 0.0578125 0.05234375 0.053125
0 0.1140625 0.96015625 0.053125 0.05390625
0 0.025 0.43671875 0.05 0.053125
0 0.50859375 0.05703125 0.053125 0.05234375
0 0.1 0.021875 0.053125 0.04375
0 0.05703125 0.76953125 0.05625 0.05625
0 0.92578125 0.28515625 0.053125 0.053125
0 0.55 0.76640625 0.053125 0.05390625
0 0.30234375 0.72265625 0.05234375 0.053125
0 0.60625 0.76328125 0.05390625 0.0546875
0 0.184375 0.15390625 0.0515625 0.053125
0 0.65234375 0.2890625 0.05390625 0.0546875
0 0.02421875 0.15390625 0.0484375 0.0546875
0 0.56640625 0.15390625 0.053125 0.053125
0 0.19453125 0.91484375 0.05234375 0.05390625
0 0.73828125 0.33671875 0.0515625 0.053125
0 0.4125 0.62578125 0.05390625 0.0546875
0 0.86640625 0.0984375 0.05234375 0.053125
0 0.2140625 0.48359375 0.053125 0.053125
0 0.890625 0.05234375 0.0515625 0.05234375
0 0.76015625 0.19140625 0.05234375 0.05234375
0 0.4921875 0.39296875 0.053125 0.0546875
0 0.484375 0.1984375 0.053125 0.05234375
0 0.74609375 0.715625 0.053125 0.05390625
0 0.3 0.5296875 0.05390625 0.05390625
0 0.9875 0.0484375 0.025 0.053125
0 0.8265625 0.6671875 0.053125 0.053125
0 0.109375 0.6734375 0.05390625 0.05390625
0 0.578125 0.71875 0.053125 0.05390625
0 0.1703125 0.9609375 0.05390625 0.05390625
0 0.6421875 0.98671875 0.05625 0.0265625
0 0.82421875 0.56875 0.05390625 0.05390625
0 0.72578125 0.05625 0.053125 0.05234375
0 0.2984375 0.43671875 0.05234375 0.053125
0 0.77421875 0.7625 0.053125 0.0546875
0 0.07578125 0.25 0.0515625 0.05390625
0 0.6234375 0.24375 0.05390625 0.0546875
0 0.01171875 0.48671875 0.0234375 0.0546875
0 0.128125 0.06015625 0.053125 0.05390625
0 0.07734375 0.33984375 0.05234375 0.05234375
0 0.15546875 0.01953125 0.053125 0.0390625
0 0.6265625 0.33671875 0.053125 0.053125
0 0.321875 0.2015625 0.053125 0.05234375
0 0.3546875 0.53046875 0.05234375 0.053125
0 0.05546875 0.86796875 0.05390625 0.05390625
0 0.66875 0.95234375 0.05390625 0.0546875
0 0.58515625 0.9078125 0.05234375 0.053125
0 0.70078125 0.1015625 0.053125 0.05390625
0 0.97734375 0.284375 0.0453125 0.053125
0 0.72734375 0.95390625 0.053125 0.0515625
0 0.11015625 0.86796875 0.053125 0.05390625
0 0.53671875 0.01875 0.053125 0.0375
0 0.50390625 0.95625 0.05390625 0.05390625
0 0.1359375 0.62578125 0.053125 0.05390625
0 0.64921875 0.1953125 0.053125 0.053125
0 0.05234375 0.3890625 0.053125 0.053125
0 0.103125 0.2015625 0.053125 0.053125
0 0.328125 0.57578125 0.05390625 0.0546875
0 0.6015625 0.571875 0.053125 0.053125
0 0.4953125 0.5765625 0.05390625 0.05390625
0 0.90234375 0.4265625 0.0546875 0.0546875
0 0.45546875 0.15234375 0.05234375 0.053125
0 0.93515625 0.471875 0.05546875 0.05546875
0 0.6296875 0.52734375 0.05234375 0.053125
0 0.53125 0.90546875 0.053125 0.053125
0 0.02421875 0.06015625 0.0484375 0.0515625
0 0.21484375 0.29296875 0.05390625 0.05390625
0 0.10625 0.5796875 0.053125 0.053125
0 0.70390625 0.196875 0.053125 0.053125
0 0.3515625 0.2453125 0.05390625 0.05546875
0 0.1890625 0.53046875 0.053125 0.05234375
0 0.0484375 0.20390625 0.05234375 0.053125
0 0.9625 0.51640625 0.053125 0.0515625
0 0.07890625 0.53359375 0.05234375 0.05390625
0 0.9234375 0.19375 0.05234375 0.053125
0 0.38359375 0.6734375 0.053125 0.0546875
0 0.4203125 0.909375 0.0515625 0.05234375
0 0.64453125 0.01875 0.0515625 0.0375
0 0.04609375 0.0203125 0.0515625 0.040625
0 0.19296875 0.72109375 0.05390625 0.05546875
0 0.4046875 0.340625 0.053125 0.05390625
0 0.3515625 0.33984375 0.05234375 0.05390625
0 0.27265625 0.6765625 0.05078125 0.05234375
0 0.02578125 0.628125 0.0515625 0.05390625
0 0.71796875 0.76484375 0.05390625 0.053125
0 0.6828125 0.43125 0.053125 0.053125
0 0.33046875 0.765625 0.0546875 0.05390625
0 0.68359375 0.33515625 0.053125 0.053125
0 0.90546875 0.521875 0.0546875 0.05625
0 0.27421875 0.76953125 0.0515625 0.053125
0 0.4609375 0.340625 0.053125 0.053125
0 0.6984375 0.01953125 0.0515625 0.0390625
0 0.48125 0.01796875 0.053125 0.0359375
0 0.0109375 0.678125 0.021875 0.0515625
0 0.50859375 0.15078125 0.05234375 0.0515625
0 0.3921875 0.8625 0.05390625 0.05390625
0 0.58984375 0.01796875 0.053125 0.0359375
0 0.0140625 0.959375 0.028125 0.053125
0 0.16796875 0.86171875 0.053125 0.0515625
0 0.76796875 0.57109375 0.05390625 0.053125
0 0.2671875 0.3875 0.053125 0.05390625
0 0.484375 0.103125 0.05234375 0.053125
0 0.0125 0.86484375 0.025 0.053125
0 0.24140625 0.24765625 0.05390625 0.05390625
0 0.159375 0.296875 0.053125 0.05390625
0 0.01171875 0.57890625 0.0234375 0.053125
0 0.709375 0.47734375 0.05234375 0.05390625
0 0.47578125 0.9875 0.053125 0.025
0 0.271875 0.57734375 0.05390625 0.05390625
0 0.8140625 0.19609375 0.05078125 0.053125
0 0.66640625 0.86015625 0.053125 0.053125
0 0.6828125 0.53046875 0.05234375 0.05234375
0 0.571875 0.43046875 0.05234375 0.05234375
0 0.546875 0.575 0.0515625 0.05234375
0 0.32578125 0.67109375 0.05390625 0.0546875
0 0.51171875 0.24453125 0.05390625 0.05546875
0 0.16328125 0.6734375 0.05234375 0.05234375
0 0.84765625 0.52578125 0.053125 0.05390625
0 0.86328125 0.01640625 0.0515625 0.0328125
0 0.4953125 0.67265625 0.05234375 0.05234375
0 0.6625 0.7640625 0.053125 0.053125
0 0.8203125 0.38125 0.053125 0.053125
0 0.9296875 0.378125 0.05390625 0.05390625
0 0.5703125 0.33984375 0.05390625 0.053125
0 0.91640625 0.015625 0.053125 0.03125
0 0.771875 0.66796875 0.05234375 0.053125
0 0.378125 0.39140625 0.053125 0.05625
0 0.29140625 0.05859375 0.05390625 0.053125
0 0.7484375 0.8109375 0.05234375 0.05234375
0 0.35234375 0.440625 0.053125 0.053125
0 0.1328125 0.53125 0.05390625 0.053125
0 0.2375 0.0625 0.0515625 0.05234375
0 0.69375 0.8109375 0.05390625 0.05234375
0 0.521875 0.62421875 0.0515625 0.053125
0 0.62265625 0.15078125 0.05390625 0.05390625
0 0.27109375 0.48828125 0.053125 0.05234375
0 0.1328125 0.340625 0.05234375 0.05234375
0 0.29609375 0.340625 0.05390625 0.0546875
0 0.69609375 0.90546875 0.05234375 0.053125
0 0.6578125 0.5734375 0.05390625 0.05234375
0 0.97578125 0.18828125 0.0484375 0.0546875
0 0.7421875 0.61875 0.05234375 0.05234375
0 0.18671875 0.34375 0.053125 0.053125
0 0.44140625 0.765625 0.053125 0.05390625
0 0.29453125 0.2484375 0.05234375 0.05234375
0 0.84453125 0.33359375 0.053125 0.053125
0 0.53984375 0.10625 0.05234375 0.05234375
0 0.33515625 0.8625 0.05390625 0.05390625
0 0.790625 0.33515625 0.053125 0.05390625
0 0.325 0.38984375 0.053125 0.05390625
0 0.0484375 0.29765625 0.05234375 0.05390625
0 0.7171875 0.66640625 0.053125 0.05390625
0 0.0796875 0.628125 0.053125 0.053125
0 0.2171875 0.57578125 0.05390625 0.05390625
0 0.45390625 0.05859375 0.053125 0.053125
0 0.8390625 0.0515625 0.053125 0.05234375
0 0.08203125 0.72265625 0.05546875 0.05546875
0 0.28984375 0.1578125 0.053125 0.053125
0 0.15859375 0.20234375 0.05390625 0.05390625
0 0.4703125 0.81484375 0.0515625 0.05234375
0 0.77890625 0.05859375 0.053125 0.0515625
0 0.16171875 0.48359375 0.05390625 0.05390625
0 0.59296875 0.10078125 0.05234375 0.05390625
0 0.1578125 0.10546875 0.0515625 0.0515625
0 0.6375 0.81171875 0.053125 0.053125
0 0.79140625 0.42890625 0.05234375 0.05234375
0 0.2375 0.15390625 0.05234375 0.05234375
0 0.70859375 0.28515625 0.05234375 0.0546875
0 0.078125 0.43515625 0.053125 0.05390625
0 0.79140625 0.52265625 0.053125 0.0546875
0 0.3046875 0.81640625 0.053125 0.05234375
0 0.02578125 0.3421875 0.0515625 0.053125
0 0.10390625 0.10703125 0.05234375 0.05234375
0 0.6 0.38515625 0.05234375 0.05390625
0 0.3015625 0.625 0.05234375 0.053125
0 0.4171875 0.8140625 0.05390625 0.0546875
0 0.05703125 0.9609375 0.0546875 0.05234375
0 0.22265625 0.86484375 0.0515625 0.053125
0 0.31796875 0.0203125 0.053125 0.040625
0 0.73671875 0.43125 0.0515625 0.053125
0 0.70703125 0.3828125 0.0515625 0.0515625
0 0.3765625 0.2 0.0515625 0.05234375
0 0.92109375 0.0984375 0.053125 0.053125
0 0.628125 0.43125 0.053125 0.053125
0 0.4078125 0.43828125 0.05390625 0.053125
0 0.84609375 0.428125 0.05234375 0.05234375
0 0.2109375 0.10859375 0.0515625 0.05234375
0 0.2640625 0.1078125 0.05234375 0.05234375
0 0.1953125 0.8171875 0.05234375 0.053125
0 0.49921875 0.8578125 0.05234375 0.0546875
0 0.94453125 0.0515625 0.05390625 0.05390625
0 0.646875 0.10390625 0.053125 0.05234375
0 0.34609375 0.0640625 0.05234375 0.0515625
0 0.7625 0.38359375 0.053125 0.05390625
0 0.0265625 0.81875 0.053125 0.0546875
0 0.78515625 0.14453125 0.0515625 0.0515625
0 0.24296875 0.43671875 0.05234375 0.05234375
0 0.67109375 0.05234375 0.053125 0.053125
0 0.6765625 0.146875 0.053125 0.0546875
0 0.8390625 0.1484375 0.0515625 0.05234375
0 0.084375 0.82109375 0.05234375 0.053125
0 0.67890625 0.24375 0.0515625 0.0515625
0 0.94921875 0.14296875 0.05234375 0.05234375
0 0.0484375 0.1046875 0.0515625 0.05234375
0 0.7203125 0.85859375 0.053125 0.05390625
0 0.27734375 0.86328125 0.05390625 0.05390625
0 0.79921875 0.61953125 0.053125 0.05390625
0 0.35625 0.625 0.0546875 0.05390625
0 0.85546875 0.71171875 0.0515625 0.053125
0 0.55625 0.859375 0.053125 0.0546875
0 0.6328125 0.71640625 0.053125 0.05390625
0 0.22109375 0.67421875 0.05234375 0.05234375
0 0.16015625 0.390625 0.0515625 0.0515625
0 0.63203125 0.6203125 0.053125 0.053125
0 0.87109375 0.2859375 0.05234375 0.05390625
0 0.40078125 0.1546875 0.05078125 0.0515625
0 0.559375 0.95546875 0.05234375 0.05234375
0 0.5453125 0.384375 0.05234375 0.053125
0 0.1625 0.5765625 0.05234375 0.053125
0 0.65546875 0.3828125 0.05234375 0.053125
0 0.8671875 0.19375 0.05234375 0.0515625
0 0.55 0.66875 0.053125 0.053125
0 0.59609375 0.290625 0.05390625 0.05390625
0 0.23984375 0.34296875 0.05234375 0.053125
0 0.375 0.10546875 0.053125 0.05234375
0 0.496875 0.45390625 0.0546875 0.053125
0 0.43046875 0.10703125 0.0515625 0.0515625
0 0.68828125 0.62109375 0.05234375 0.05390625
0 0.43984375 0.67109375 0.05234375 0.053125
0 0.24921875 0.81875 0.0515625 0.053125
0 0.4484375 0.478125 0.053125 0.05234375
0 0.9578125 0.425 0.053125 0.053125
0 0.47578125 0.9078125 0.05390625 0.05390625
0 0.321875 0.290625 0.053125 0.05390625
0 0.4328125 0.38828125 0.0546875 0.05390625
0 0.35546875 0.72109375 0.05234375 0.05390625
0 0.8984375 0.33359375 0.05234375 0.053125
0 0.78671875 0.24375 0.053125 0.05234375
0 0.8953125 0.146875 0.05234375 0.05234375
0 0.0765625 0.06484375 0.0515625 0.05
0 0.59375 0.2 0.05390625 0.053125
0 0.875 0.4734375 0.053125 0.05390625
0 0.52421875 0.8125 0.053125 0.053125
0 0.51796875 0.52890625 0.0515625 0.0515625
0 0.51640625 0.33984375 0.053125 0.05390625
0 0.853125 0.61796875 0.053125 0.053125
0 0.95078125 0.240625 0.05234375 0.05234375
0 0.36015625 0.815625 0.05390625 0.0546875
0 0.31796875 0.10859375 0.05234375 0.05234375
0 0.70390625 0.98671875 0.05625 0.0265625
0 0.7546875 0.0171875 0.053125 0.034375
0 0.6390625 0.90546875 0.05234375 0.05234375
0 0.73203125 0.1453125 0.05390625 0.053125
0 0.2421875 0.5296875 0.053125 0.05234375
0 0.546875 0.484375 0.053125 0.05234375
0 0.9546875 0.32890625 0.05390625 0.053125
0 0.21484375 0.38984375 0.05234375 0.0515625
0 0.87265625 0.38125 0.05234375 0.05234375
0 0.24375 0.63046875 0.053125 0.05390625
0 0.053125 0.5828125 0.05234375 0.0515625
0 0.8828125 0.6640625 0.05234375 0.0515625
0 0.4 0.05859375 0.05234375 0.05390625
0 0.08203125 0.91953125 0.053125 0.053125
0 0.80625 0.81171875 0.0515625 0.0515625
0 0.61015625 0.86015625 0.05234375 0.053125
0 0.5765625 0.62265625 0.053125 0.053125
0 0.75625 0.1046875 0.05234375 0.05078125
0 0.4390625 0.578125 0.05390625 0.053125
0 0.87734375 0.5703125 0.053125 0.05390625
0 0.71328125 0.57265625 0.0515625 0.053125
0 0.8265625 0.76328125 0.053125 0.053125
0 0.2796875 0.9609375 0.0515625 0.053125
0 0.77734375 0.85703125 0.05390625 0.053125
0 0.909375 0.615625 0.05078125 0.05078125
0 0.16640625 0.76953125 0.05390625 0.0546875
0 0.75234375 0.90703125 0.05234375 0.053125
0 0.98203125 0.4703125 0.0359375 0.053125
0 0.1375 0.82109375 0.05234375 0.0515625
0 0.3875 0.4765625 0.053125 0.0515625