0 0.0453125 0.10625 0.059375 0.059375
0 0.01875 0.078125 0.0375 0.034375
0 0.02578125 0.15625 0.0515625 0.059375
0 0.01328125 0.34921875 0.0265625 0.0578125
0 0.06328125 0.06953125 0.0546875 0.0328125
0 0.009375 0.1140625 0.01875 0.059375
0 0.1171875 0.0625 0.0546875 0.0328125
0 0.02421875 0.30078125 0.0484375 0.0578125
0 0.0609375 0.19921875 0.0609375 0.0609375
0 0.0171875 0.209375 0.034375 0.059375
0 0.00625 0.259375 0.0125 0.059375
0 0.1015625 0.0984375 0.059375 0.0609375
0 0.00546875 0.40078125 0.0109375 0.0546875
0 0.075 0.14921875 0.0578125 0.059375
0 0.03515625 0.25234375 0.0578125 0.0578125