0 0.596875 0.57578125 0.05390625 0.05546875
0 0.034375 0.090625 0.05390625 0.0546875
0 0.54453125 0.96796875 0.05390625 0.0546875
0 0.8984375 0.0421875 0.0546875 0.0546875
0 0.8203125 0.28359375 0.0546875 0.05390625
0 0.59765625 0.9671875 0.053125 0.0546875
0 0.4796875 0.0921875 0.053125 0.0546875
0 0.7015625 0.0875 0.05390625 0.0546875
0 0.3703125 0.57265625 0.0546875 0.05546875
0 0.6796875 0.33359375 0.05390625 0.0546875
0 0.6265625 0.91796875 0.0546875 0.0546875
0 0.23046875 0.721875 0.05546875 0.0546875
0 0.87578125 0.478125 0.053125 0.05390625
0 0.2046875 0.96875 0.053125 0.0546875
0 0.23125 0.9203125 0.05546875 0.05546875
0 0.68203125 0.71953125 0.05390625 0.05546875
0 0.71328125 0.57578125 0.0546875 0.0546875
0 0.67890625 0.13828125 0.05390625 0.0546875
0 0.01640625 0.53203125 0.0328125 0.0546875
0 0.34765625 0.9171875 0.05703125 0.05703125
0 0.09140625 0.76953125 0.05390625 0.05546875
0 0.6796875 0.4328125 0.05390625 0.0546875
0 0.59140625 0.090625 0.05390625 0.0546875
0 0.5140625 0.72109375 0.053125 0.0546875
0 0.28671875 0.71953125 0.0546875 0.05546875
0 0.54375 0.86875 0.05390625 0.05390625
0 0.0328125 0.28515625 0.05546875 0.0546875
0 0.84140625 0.040625 0.05390625 0.05546875
0 0.4234375 0.0921875 0.0546875 0.0546875
0 0.39921875 0.721875 0.0546875 0.05546875
0 0.36796875 0.47890625 0.0546875 0.0546875
0 0.5125 0.33515625 0.0546875 0.0546875
0 0.4 0.52578125 0.05390625 0.05546875
0 0.62578125 0.7203125 0.0546875 0.0546875
0 0.7078125 0.28671875 0.05546875 0.05625
0 0.62421875 0.33359375 0.0546875 0.05546875
0 0.3703125 0.76875 0.05546875 0.05546875
0 0.23125 0.52734375 0.05625 0.05546875
0 0.54140625 0.67265625 0.05546875 0.05625
0 0.6 0.67265625 0.05390625 0.05546875
0 0.01640625 0.91796875 0.0328125 0.05625
0 0.09140625 0.9703125 0.05703125 0.05546875
0 0.59921875 0.76953125 0.0546875 0.05625
0 0.62578125 0.525 0.05546875 0.05546875
0 0.5640625 0.1390625 0.053125 0.053125
0 0.20546875 0.7703125 0.053125 0.05390625
0 0.39921875 0.140625 0.05390625 0.0546875
0 0.87578125 0.2828125 0.05390625 0.0546875
0 0.23125 0.234375 0.0546875 0.05625
0 0.203125 0.86953125 0.0546875 0.05703125
0 0.95546875 0.03984375 0.05390625 0.0546875
0 0.48671875 0.37890625 0.0546875 0.05546875
0 0.0875 0.09140625 0.053125 0.0546875
0 0.4046875 0.91484375 0.0546875 0.05625
0 0.03359375 0.47734375 0.0546875 0.0546875
0 0.31484375 0.57421875 0.0546875 0.05390625
0 0.978125 0.0890625 0.04375 0.053125
0 0.7984375 0.52734375 0.0546875 0.05625
0 0.88046875 0.38046875 0.0546875 0.05625
0 0.8453125 0.23671875 0.0546875 0.0546875
0 0.17265625 0.14140625 0.05390625 0.05390625
0 0.39921875 0.3328125 0.0546875 0.05703125
0 0.73984375 0.5296875 0.05546875 0.0546875
0 0.6265625 0.43203125 0.053125 0.05390625
0 0.7875 0.134375 0.05546875 0.05546875
0 0.71171875 0.77265625 0.05390625 0.05390625
0 0.01484375 0.1390625 0.0296875 0.0546875
0 0.5140625 0.52578125 0.05390625 0.05546875
0 0.98046875 0.28125 0.0390625 0.0546875
0 0.0890625 0.47890625 0.05390625 0.05390625
0 0.59609375 0.28671875 0.05390625 0.05390625
0 0.23046875 0.33203125 0.05546875 0.0546875
0 0.34296875 0.33359375 0.0546875 0.05625
0 0.48515625 0.47578125 0.0546875 0.05546875
0 0.034375 0.77265625 0.05625 0.05625
0 0.3140625 0.09296875 0.053125 0.053125
0 0.36796875 0.09296875 0.053125 0.0546875
0 0.11953125 0.725 0.0546875 0.05703125
0 0.14453125 0.09296875 0.05625 0.05625
0 0.203125 0.57421875 0.0546875 0.0546875
0 0.56796875 0.33125 0.05390625 0.05546875
0 0.9625 0.3296875 0.0546875 0.05703125
0 0.82265625 0.47890625 0.05390625 0.053125
0 0.90234375 0.23359375 0.0546875 0.05546875
0 0.48828125 0.96171875 0.05390625 0.05625
0 0.034375 0.5765625 0.05625 0.05546875
0 0.36875 0.28203125 0.05390625 0.0546875
0 0.14609375 0.6765625 0.0546875 0.0546875
0 0.515625 0.91484375 0.05390625 0.0546875
0 0.17265625 0.23671875 0.0546875 0.0546875
0 0.2859375 0.52734375 0.05234375 0.05390625
0 0.31796875 0.96640625 0.0546875 0.0578125
0 0.01640625 0.7203125 0.0328125 0.0546875
0 0.39453125 0.04453125 0.053125 0.0546875
0 0.1171875 0.525 0.053125 0.05390625
0 0.42890625 0.478125 0.0546875 0.0546875
0 0.14609375 0.284375 0.05390625 0.05390625
0 0.7296875 0.13671875 0.05234375 0.05390625
0 0.1203125 0.9203125 0.05625 0.05703125
0 0.2875 0.91875 0.05546875 0.05703125
0 0.03125 0.38125 0.05703125 0.05546875
0 0.42578125 0.2828125 0.05390625 0.053125
0 0.4296875 0.8671875 0.0546875 0.05625
0 0.2859375 0.43125 0.0546875 0.05546875
0 0.4859375 0.86640625 0.05390625 0.05390625
0 0.2015625 0.38203125 0.05390625 0.053125
0 0.0890625 0.1875 0.053125 0.0546875
0 0.42734375 0.76875 0.05546875 0.0546875
0 0.034375 0.86796875 0.0546875 0.0546875
0 0.8140625 0.08828125 0.0546875 0.0546875
0 0.2859375 0.234375 0.053125 0.05390625
0 0.17109375 0.04296875 0.05546875 0.05625
0 0.203125 0.28515625 0.053125 0.05390625
0 0.17265625 0.52578125 0.05546875 0.0578125
0 0.171875 0.33125 0.05390625 0.05546875
0 0.015625 0.3328125 0.03125 0.05625
0 0.45859375 0.528125 0.05546875 0.05625
0 0.3125 0.28515625 0.05390625 0.05390625
0 0.1453125 0.4765625 0.05390625 0.0546875
0 0.5984375 0.86875 0.05234375 0.0546875
0 0.43046875 0.671875 0.05546875 0.0546875
0 0.9015625 0.1375 0.0546875 0.05390625
0 0.5703125 0.9171875 0.053125 0.0546875
0 0.4859375 0.57421875 0.0546875 0.0546875
0 0.11796875 0.04375 0.05390625 0.0546875
0 0.090625 0.284375 0.05390625 0.05546875
0 0.8703125 0.09140625 0.05390625 0.05390625
0 0.78671875 0.0390625 0.05390625 0.053125
0 0.50703125 0.04453125 0.05390625 0.053125
0 0.34453125 0.2375 0.05390625 0.053125
0 0.08984375 0.675 0.0546875 0.05546875
0 0.0328125 0.6734375 0.05546875 0.0546875
0 0.75703125 0.0890625 0.05390625 0.0546875
0 0.03515625 0.965625 0.05390625 0.0546875
0 0.20234375 0.09453125 0.0546875 0.05546875
0 0.45390625 0.33203125 0.0546875 0.05625
0 0.11875 0.140625 0.05390625 0.053125
0 0.59609375 0.38046875 0.05390625 0.05546875
0 0.87578125 0.18515625 0.0546875 0.0546875
0 0.0921875 0.571875 0.05390625 0.0546875
0 0.228125 0.43125 0.0546875 0.0546875
0 0.37109375 0.67265625 0.0546875 0.0546875
0 0.5625 0.04296875 0.053125 0.05390625
0 0.17421875 0.725 0.0546875 0.05703125
0 0.62109375 0.23828125 0.0546875 0.05546875
0 0.2890625 0.14140625 0.05390625 0.05390625
0 0.08671875 0.0109375 0.0515625 0.021875
0 0.43125 0.965625 0.0546875 0.0546875
0 0.20078125 0.47578125 0.05546875 0.05625
0 0.6828125 0.52734375 0.05390625 0.0546875
0 0.28515625 0.0421875 0.0546875 0.0546875
0 0.228125 0.04296875 0.05390625 0.05390625
0 0.34375 0.52734375 0.0546875 0.05390625
0 0.42578125 0.57578125 0.05625 0.05703125
0 0.4859375 0.6734375 0.05390625 0.0546875
0 0.79609375 0.725 0.053125 0.0546875
0 0.23046875 0.13828125 0.05546875 0.0546875
0 0.36640625 0.01171875 0.053125 0.0234375
0 0.6828125 0.8171875 0.05390625 0.05390625
0 0.11640625 0.334375 0.05390625 0.053125
0 0.53984375 0.575 0.053125 0.0546875
0 0.56796875 0.52578125 0.05390625 0.05546875
0 0.509375 0.23515625 0.05390625 0.05546875
0 0.50859375 0.13984375 0.05390625 0.053125
0 0.90546875 0.33203125 0.0546875 0.0546875
0 0.484375 0.284375 0.0546875 0.0546875
0 0.6765625 0.0390625 0.053125 0.05390625
0 0.765625 0.47890625 0.0546875 0.05390625
0 0.090625 0.86796875 0.05546875 0.05546875
0 0.2890625 0.6234375 0.0546875 0.0546875
0 0.5640625 0.23359375 0.05390625 0.0546875
0 0.28828125 0.3328125 0.053125 0.05390625
0 0.17265625 0.62734375 0.05625 0.05625
0 0.3140625 0.47890625 0.05234375 0.053125
0 0.7921875 0.33203125 0.05390625 0.0546875
0 0.76875 0.578125 0.0546875 0.053125
0 0.6 0.48046875 0.05390625 0.0546875
0 0.82265625 0.38046875 0.0546875 0.05546875
0 0.56953125 0.72265625 0.0546875 0.05703125
0 0.01640625 0.0421875 0.0328125 0.053125
0 0.315625 0.67109375 0.0546875 0.0546875
0 0.7390625 0.43125 0.053125 0.053125
0 0.76328125 0.28671875 0.053125 0.0546875
0 0.61953125 0.1390625 0.0546875 0.0546875
0 0.39921875 0.8171875 0.0546875 0.05390625
0 0.03359375 0.190625 0.0546875 0.05625
0 0.11796875 0.2375 0.053125 0.05390625
0 0.453125 0.1390625 0.053125 0.053125
0 0.015625 0.23671875 0.03125 0.0546875
0 0.3421875 0.13984375 0.05390625 0.05546875
0 0.259375 0.48125 0.05546875 0.0546875
0 0.84375 0.13828125 0.05390625 0.05390625
0 0.31328125 0.01171875 0.053125 0.0234375
0 0.64765625 0.09375 0.05390625 0.05546875
0 0.39765625 0.23515625 0.0515625 0.05234375
0 0.4515625 0.23359375 0.053125 0.053125
0 0.31875 0.86796875 0.05546875 0.05703125
0 0.54140625 0.7671875 0.0546875 0.0546875
0 0.14609375 0.5734375 0.0546875 0.05546875
0 0.203125 0.6734375 0.05390625 0.0546875
0 0.34296875 0.43046875 0.05390625 0.05390625
0 0.09140625 0.38046875 0.0546875 0.053125
0 0.56953125 0.43203125 0.0546875 0.05546875
0 0.67890625 0.2375 0.05625 0.05625
0 0.31484375 0.378125 0.05546875 0.05390625
0 0.48671875 0.7703125 0.05390625 0.05390625
0 0.05859375 0.32890625 0.0546875 0.05625
0 0.9359375 0.37890625 0.0546875 0.05625
0 0.47890625 0.1890625 0.05234375 0.05234375
0 0.0625 0.721875 0.0546875 0.05625
0 0.25859375 0.57421875 0.053125 0.0546875
0 0.9578125 0.2296875 0.053125 0.05390625
0 0.31484375 0.765625 0.05390625 0.0546875
0 0.73515625 0.2375 0.05390625 0.0546875
0 0.33984375 0.0453125 0.053125 0.05390625
0 0.371875 0.3828125 0.05625 0.05546875
0 0.68515625 0.62578125 0.05625 0.05703125
0 0.1484375 0.7703125 0.0546875 0.05390625
0 0.03359375 0.0109375 0.053125 0.021875
0 0.7953125 0.42890625 0.05234375 0.05390625
0 0.0171875 0.82109375 0.034375 0.0546875
0 0.4015625 0.43125 0.05390625 0.05390625
0 0.765625 0.38046875 0.053125 0.05234375
0 0.65625 0.47578125 0.05390625 0.05390625
0 0.515625 0.81796875 0.053125 0.05390625
0 0.90859375 0.52421875 0.05234375 0.05390625
0 0.40078125 0.6234375 0.0546875 0.05546875
0 0.25625 0.38125 0.0546875 0.0546875
0 0.2578125 0.28515625 0.05390625 0.0546875
0 0.3421875 0.62578125 0.05390625 0.05625
0 0.45859375 0.92109375 0.05390625 0.0546875
0 0.7421875 0.62109375 0.053125 0.053125
0 0.71328125 0.67265625 0.053125 0.05390625
0 0.540625 0.4796875 0.0546875 0.05390625
0 0.0609375 0.04453125 0.05234375 0.05234375
0 0.06171875 0.13828125 0.05390625 0.0546875
0 0.45078125 0.04453125 0.05390625 0.053125
0 0.371875 0.1875 0.053125 0.05390625
0 0.478125 0.01171875 0.053125 0.0234375
0 0.64921875 0.1875 0.0546875 0.0546875
0 0.540625 0.38359375 0.05390625 0.05546875
0 0.70703125 0.190625 0.05546875 0.05546875
0 0.93125 0.18359375 0.05234375 0.05390625
0 0.65390625 0.5765625 0.0546875 0.05546875
0 0.70390625 0.01015625 0.053125 0.0203125
0 0.71171875 0.478125 0.05234375 0.053125
0 0.81640625 0.18828125 0.05390625 0.05546875
0 0.22890625 0.62109375 0.05546875 0.05546875
0 0.28828125 0.8203125 0.05390625 0.05390625
0 0.175 0.81796875 0.053125 0.05390625
0 0.20234375 0.18515625 0.053125 0.05234375
0 0.85390625 0.52890625 0.05546875 0.0546875
0 0.42578125 0.18828125 0.053125 0.05390625
0 0.37421875 0.865625 0.05390625 0.0546875
0 0.5359375 0.18515625 0.05390625 0.053125
0 0.1734375 0.4265625 0.05234375 0.053125
0 0.79765625 0.6234375 0.053125 0.05234375
0 0.8484375 0.3296875 0.05546875 0.05546875
0 0.82578125 0.5765625 0.0546875 0.05390625
0 0.43046875 0.3828125 0.05546875 0.0546875
0 0.3734375 0.9671875 0.05625 0.0578125
0 0.34453125 0.71953125 0.05390625 0.05390625
0 0.5921875 0.18828125 0.0546875 0.053125
0 0.8484375 0.43046875 0.053125 0.053125
0 0.5703125 0.621875 0.0546875 0.0546875
0 0.0625 0.5265625 0.053125 0.053125
0 0.79140625 0.2359375 0.053125 0.05390625
0 0.11796875 0.4296875 0.05390625 0.05546875
0 0.11640625 0.8234375 0.05390625 0.05625
0 0.06328125 0.6265625 0.053125 0.0546875
0 0.14375 0.3796875 0.053125 0.0546875
0 0.6265625 0.81796875 0.05546875 0.05546875
0 0.01640625 0.625 0.0328125 0.0546875
0 0.9828125 0.37890625 0.034375 0.0546875
0 0.534375 0.09609375 0.053125 0.0546875
0 0.76953125 0.67421875 0.053125 0.0546875
0 0.51328125 0.43125 0.0546875 0.05625
0 0.31640625 0.1890625 0.05390625 0.05390625
0 0.34296875 0.8171875 0.053125 0.05390625
0 0.82421875 0.67265625 0.0515625 0.05078125
0 0.73828125 0.7203125 0.0546875 0.05390625
0 0.58828125 0.0109375 0.053125 0.021875
0 0.45859375 0.81796875 0.05390625 0.0546875
0 0.73046875 0.040625 0.05390625 0.05390625
0 0.53203125 0.0125 0.0546875 0.025
0 0.56875 0.81953125 0.053125 0.053125
0 0.25859375 0.090625 0.05390625 0.05390625
0 0.26015625 0.96953125 0.05625 0.05703125
0 0.17890625 0.9203125 0.05390625 0.05625
0 0.65078125 0.384375 0.05390625 0.05390625
0 0.9265625 0.08828125 0.05390625 0.0546875
0 0.4234375 0.01171875 0.053125 0.0234375
0 0.1453125 0.1875 0.053125 0.053125
0 0.53984375 0.28515625 0.05390625 0.053125
0 0.653125 0.86875 0.053125 0.0546875
0 0.4578125 0.62421875 0.05546875 0.05546875
0 0.93203125 0.28046875 0.0546875 0.0546875
0 0.45703125 0.43046875 0.053125 0.0546875
0 0.15078125 0.96640625 0.0546875 0.05625
0 0.23203125 0.81875 0.05390625 0.05390625
0 0.45859375 0.72109375 0.05390625 0.05390625
0 0.25546875 0.0109375 0.053125 0.021875
0 0.2609375 0.86953125 0.05390625 0.05546875
0 0.2015625 0.01171875 0.0546875 0.0234375
0 0.06171875 0.8203125 0.053125 0.05390625
0 0.88125 0.5765625 0.05390625 0.05390625
0 0.26015625 0.1875 0.05390625 0.05390625
0 0.65625 0.76796875 0.053125 0.05390625
0 0.015625 0.42578125 0.03125 0.053125
0 0.2578125 0.671875 0.0546875 0.05546875
0 0.90703125 0.4296875 0.05390625 0.053125
0 0.959375 0.134375 0.053125 0.05234375
0 0.61796875 0.04140625 0.05390625 0.05390625
0 0.51484375 0.6234375 0.0546875 0.0546875
0 0.0609375 0.4296875 0.05390625 0.05625
0 0.62734375 0.6234375 0.05625 0.05546875
0 0.0609375 0.23671875 0.05625 0.0546875
0 0.9796875 0.18515625 0.040625 0.053125
0 0.11640625 0.6234375 0.05390625 0.05390625
0 0.14375 0.01015625 0.053125 0.0203125
0 0.7359375 0.33359375 0.053125 0.053125
0 0.146875 0.8671875 0.0546875 0.0546875
0 0.7390625 0.81484375 0.05390625 0.053125
0 0.7625 0.18984375 0.053125 0.05390625
0 0.26015625 0.76640625 0.05390625 0.0546875
0 0.7671875 0.76953125 0.05234375 0.0515625
0 0.0609375 0.91484375 0.0546875 0.05546875
0 0.65625 0.96328125 0.05234375 0.053125
0 0.65546875 0.67109375 0.05234375 0.053125
0 0.6515625 0.28359375 0.053125 0.053125
0 0.68359375 0.91796875 0.05390625 0.0546875
0 0.96328125 0.428125 0.053125 0.053125
0 0.93203125 0.47421875 0.0515625 0.05078125
0 0.8515625 0.62890625 0.04921875 0.05234375
0 0.7125 0.8671875 0.05234375 0.053125