0 0.1640625 0.6296875 0.0515625 0.05234375
0 0.95859375 0.31015625 0.0515625 0.053125
0 0.8765625 0.82734375 0.05234375 0.05390625
0 0.95625 0.59140625 0.05234375 0.053125
0 0.74140625 0.5 0.053125 0.05234375
0 0.796875 0.59140625 0.053125 0.053125
0 0.0296875 0.58203125 0.05390625 0.05390625
0 0.79609375 0.3078125 0.053125 0.05390625
0 0.3828125 0.72578125 0.05390625 0.05390625
0 0.28359375 0.07421875 0.0515625 0.05234375
0 0.440625 0.634375 0.0515625 0.05234375
0 0.2453125 0.8671875 0.05234375 0.053125
0 0.71015625 0.825 0.05390625 0.0546875
0 0.7390625 0.68671875 0.053125 0.05390625
0 0.44375 0.2609375 0.05234375 0.05390625
0 0.1203125 0.07265625 0.0515625 0.053125
0 0.30859375 0.3046875 0.05390625 0.05390625
0 0.51796875 0.8703125 0.0515625 0.053125
0 0.35625 0.7765625 0.05234375 0.053125
0 0.63125 0.78046875 0.05078125 0.05234375
0 0.74453125 0.21796875 0.05234375 0.05234375
0 0.93359375 0.26640625 0.0515625 0.05234375
0 0.22890625 0.25859375 0.053125 0.053125
0 0.46484375 0.7796875 0.05390625 0.053125
0 0.328125 0.6328125 0.053125 0.05390625
0 0.30546875 0.49296875 0.05234375 0.05234375
0 0.4453125 0.0765625 0.0515625 0.05234375
0 0.10703125 0.81875 0.0546875 0.053125
0 0.903125 0.59140625 0.053125 0.053125
0 0.82265625 0.73515625 0.05390625 0.05390625
0 0.5796875 0.30859375 0.05234375 0.05390625
0 0.55390625 0.35625 0.0515625 0.05234375
0 0.19296875 0.77578125 0.05234375 0.05234375
0 0.2015625 0.11796875 0.0515625 0.05234375
0 0.63671875 0.03046875 0.05234375 0.053125
0 0.65703125 0.54453125 0.053125 0.053125
0 0.7640625 0.8265625 0.053125 0.05390625
0 0.88046875 0.07734375 0.05234375 0.05234375
0 0.79765625 0.03359375 0.0515625 0.05234375
0 0.6609375 0.2640625 0.053125 0.053125
0 0.98046875 0.26484375 0.0390625 0.053125
0 0.71640625 0.2640625 0.05234375 0.05390625
0 0.52265625 0.49375 0.05234375 0.053125
0 0.98046875 0.0796875 0.0390625 0.053125
0 0.7140625 0.35625 0.0515625 0.053125
0 0.79765625 0.21875 0.0515625 0.05234375
0 0.65703125 0.73046875 0.05234375 0.05234375
0 0.18828125 0.96015625 0.05390625 0.05234375
0 0.73984375 0.7796875 0.05390625 0.05390625
0 0.6046875 0.35625 0.05234375 0.053125
0 0.28046875 0.353125 0.0515625 0.053125
0 0.9578125 0.78203125 0.05234375 0.05390625
0 0.10859375 0.725 0.05390625 0.05390625
0 0.4390625 0.53984375 0.0515625 0.05390625
0 0.38671875 0.44765625 0.05234375 0.05234375
0 0.475 0.03203125 0.0515625 0.053125
0 0.58046875 0.03359375 0.053125 0.053125
0 0.66171875 0.1734375 0.05234375 0.053125
0 0.63359375 0.58984375 0.05234375 0.053125
0 0.0125 0.81796875 0.025 0.053125
0 0.796875 0.49765625 0.05234375 0.053125
0 0.68515625 0.58984375 0.0515625 0.05234375
0 0.11328125 0.5375 0.05390625 0.0546875
0 0.1875 0.86640625 0.053125 0.05234375
0 0.52109375 0.77890625 0.053125 0.0546875
0 0.2 0.3046875 0.05234375 0.05390625
0 0.903125 0.77734375 0.053125 0.05390625
0 0.90546875 0.9703125 0.05078125 0.05234375
0 0.63359375 0.309375 0.053125 0.05390625
0 0.95625 0.9671875 0.053125 0.053125
0 0.5546875 0.0765625 0.05234375 0.05234375
0 0.02734375 0.76953125 0.05390625 0.053125
0 0.1640625 0.725 0.053125 0.05390625
0 0.5765625 0.4953125 0.05234375 0.053125
0 0.44140625 0.4484375 0.05234375 0.05390625
0 0.465625 0.96796875 0.053125 0.05234375
0 0.90625 0.49921875 0.05234375 0.053125
0 0.62734375 0.96796875 0.053125 0.053125
0 0.875 0.5421875 0.053125 0.05390625
0 0.44375 0.35546875 0.05234375 0.053125
0 0.196875 0.49140625 0.05234375 0.05390625
0 0.66015625 0.45078125 0.05234375 0.05234375
0 0.03046875 0.4890625 0.053125 0.053125
0 0.60234375 0.821875 0.0515625 0.05390625
0 0.3109375 0.02890625 0.05234375 0.05234375
0 0.57578125 0.77734375 0.053125 0.053125
0 0.38515625 0.63203125 0.0546875 0.05390625
0 0.90546875 0.3140625 0.0515625 0.0515625
0 0.4703125 0.4921875 0.05234375 0.053125
0 0.35859375 0.584375 0.0546875 0.0546875
0 0.79375 0.78046875 0.05234375 0.0546875
0 0.0171875 0.25703125 0.034375 0.053125
0 0.38125 0.821875 0.05390625 0.05390625
0 0.8765625 0.921875 0.05234375 0.05390625
0 0.16171875 0.8203125 0.0515625 0.05234375
0 0.27109375 0.821875 0.053125 0.05390625
0 0.11640625 0.25703125 0.05234375 0.053125
0 0.3875 0.54375 0.0515625 0.05234375
0 0.353125 0.9625 0.053125 0.05390625
0 0.54375 0.91875 0.053125 0.05390625
0 0.47109375 0.3109375 0.053125 0.05390625
0 0.29921875 0.77265625 0.05390625 0.053125
0 0.01640625 0.35078125 0.0328125 0.053125
0 0.29921875 0.96171875 0.053125 0.05390625
0 0.08515625 0.4875 0.053125 0.05390625
0 0.2296875 0.07421875 0.053125 0.05234375
0 0.55234375 0.2625 0.05234375 0.053125
0 0.3640625 0.2125 0.05234375 0.053125
0 0.2828125 0.25859375 0.05234375 0.05390625
0 0.65546875 0.92109375 0.05390625 0.0546875
0 0.034375 0.3953125 0.053125 0.0515625
0 0.04140625 0.02578125 0.0515625 0.0515625
0 0.54921875 0.5421875 0.053125 0.05390625
0 0.6328125 0.5 0.05078125 0.0515625
0 0.03828125 0.11484375 0.053125 0.05234375
0 0.36328125 0.30859375 0.05234375 0.05390625
0 0.98046875 0.45390625 0.0390625 0.053125
0 0.8265625 0.07890625 0.05234375 0.0515625
0 0.9796875 0.7328125 0.040625 0.053125
0 0.11875 0.35234375 0.05234375 0.05234375
0 0.0890625 0.39765625 0.05234375 0.0515625
0 0.98046875 0.828125 0.0390625 0.053125
0 0.90703125 0.03515625 0.0515625 0.05234375
0 0.14765625 0.11875 0.053125 0.05234375
0 0.68203125 0.96796875 0.0546875 0.0546875
0 0.60390625 0.73203125 0.05234375 0.05234375
0 0.5484375 0.7296875 0.05234375 0.053125
0 0.0671875 0.0734375 0.05234375 0.05234375
0 0.30234375 0.584375 0.053125 0.0546875
0 0.715625 0.45 0.05234375 0.05390625
0 0.39375 0.0765625 0.0515625 0.05234375
0 0.51875 0.96484375 0.05234375 0.053125
0 0.96015625 0.5 0.05078125 0.053125
0 0.078125 0.8671875 0.053125 0.05234375
0 0.01796875 0.16171875 0.0359375 0.0515625
0 0.7125 0.73046875 0.0515625 0.053125
0 0.015625 0.62890625 0.03125 0.053125
0 0.79609375 0.40546875 0.053125 0.05390625
0 0.47265625 0.2171875 0.0515625 0.05234375
0 0.41953125 0.03359375 0.0515625 0.05234375
0 0.24375 0.9625 0.053125 0.05390625
0 0.6828125 0.77890625 0.053125 0.0546875
0 0.38984375 0.2625 0.05234375 0.05234375
0 0.79453125 0.684375 0.05390625 0.0546875
0 0.14375 0.2109375 0.053125 0.053125
0 0.7390625 0.590625 0.053125 0.05234375
0 0.08359375 0.77265625 0.053125 0.05390625
0 0.71328125 0.5453125 0.053125 0.05234375
0 0.35859375 0.49140625 0.05234375 0.053125
0 0.01953125 0.0703125 0.0390625 0.0546875
0 0.4984375 0.265625 0.05234375 0.05234375
0 0.32578125 0.82109375 0.05390625 0.05390625
0 0.6296875 0.68515625 0.05234375 0.053125
0 0.6609375 0.35625 0.053125 0.053125
0 0.74453125 0.03515625 0.05234375 0.05234375
0 0.9796875 0.54609375 0.040625 0.053125
0 0.14296875 0.30390625 0.0546875 0.05390625
0 0.93203125 0.54609375 0.05234375 0.053125
0 0.82109375 0.546875 0.05234375 0.05234375
0 0.525 0.215625 0.05234375 0.05234375
0 0.46953125 0.58984375 0.05234375 0.0515625
0 0.57890625 0.21484375 0.053125 0.053125
0 0.40703125 0.8703125 0.053125 0.05234375
0 0.821875 0.9203125 0.053125 0.053125
0 0.71640625 0.17109375 0.05234375 0.053125
0 0.52109375 0.68203125 0.05390625 0.0546875
0 0.87890625 0.178125 0.053125 0.05234375
0 0.85234375 0.03203125 0.05234375 0.05234375
0 0.959375 0.03046875 0.053125 0.05390625
0 0.2453125 0.77109375 0.05234375 0.05390625
0 0.4375 0.8234375 0.05390625 0.05390625
0 0.22265625 0.5390625 0.05234375 0.05234375
0 0.1046875 0.91015625 0.053125 0.053125
0 0.95859375 0.6859375 0.053125 0.053125
0 0.93359375 0.0796875 0.05234375 0.053125
0 0.0515625 0.8171875 0.05234375 0.0546875
0 0.93203125 0.45078125 0.05234375 0.053125
0 0.36640625 0.02890625 0.05234375 0.05390625
0 0.7984375 0.12421875 0.0515625 0.05234375
0 0.49609375 0.446875 0.05234375 0.05234375
0 0.79609375 0.971875 0.05234375 0.053125
0 0.22734375 0.353125 0.053125 0.05234375
0 0.16953125 0.54140625 0.05234375 0.05390625
0 0.3359375 0.26015625 0.053125 0.05390625
0 0.13046875 0.96171875 0.05390625 0.05390625
0 0.2765625 0.634375 0.0515625 0.0515625
0 0.603125 0.54453125 0.0515625 0.053125
0 0.878125 0.36015625 0.0515625 0.05078125
0 0.9578125 0.87421875 0.05234375 0.05234375
0 0.41796875 0.21328125 0.05234375 0.05234375
0 0.825 0.45390625 0.0515625 0.05234375
0 0.43984375 0.728125 0.053125 0.05390625
0 0.63359375 0.21640625 0.053125 0.053125
0 0.365625 0.1234375 0.05234375 0.05
0 0.82578125 0.26875 0.0515625 0.0515625
0 0.740625 0.30859375 0.05390625 0.05390625
0 0.93046875 0.7328125 0.05234375 0.053125
0 0.31015625 0.21171875 0.053125 0.05234375
0 0.11171875 0.6296875 0.05234375 0.0515625
0 0.58125 0.40703125 0.05234375 0.0515625
0 0.98046875 0.171875 0.0390625 0.053125
0 0.19921875 0.21015625 0.053125 0.05390625
0 0.44609375 0.16875 0.05234375 0.05234375
0 0.6078125 0.07734375 0.05234375 0.05234375
0 0.17109375 0.2578125 0.05390625 0.05390625
0 0.06484375 0.1609375 0.053125 0.05234375
0 0.01328125 0.725 0.0265625 0.053125
0 0.14296875 0.396875 0.0515625 0.05234375
0 0.9046875 0.68671875 0.0515625 0.05234375
0 0.25078125 0.39921875 0.0515625 0.0515625
0 0.15 0.03046875 0.053125 0.0515625
0 0.0890625 0.21015625 0.053125 0.053125
0 0.85078125 0.40625 0.05078125 0.0515625
0 0.40859375 0.77421875 0.053125 0.0546875
0 0.19453125 0.3984375 0.053125 0.05234375
0 0.878125 0.734375 0.05234375 0.053125
0 0.55 0.63515625 0.05390625 0.053125
0 0.90703125 0.2234375 0.0515625 0.0515625
0 0.57578125 0.6828125 0.05234375 0.053125
0 0.25 0.5859375 0.0515625 0.05234375
0 0.25078125 0.49453125 0.053125 0.05234375
0 0.465625 0.68125 0.053125 0.05390625
0 0.078125 0.96171875 0.0515625 0.053125
0 0.821875 0.8265625 0.05390625 0.053125
0 0.134375 0.8640625 0.05078125 0.05234375
0 0.88125 0.26875 0.05078125 0.05234375
0 0.85234375 0.21875 0.0515625 0.05234375
0 0.55078125 0.44765625 0.05234375 0.05390625
0 0.309375 0.1203125 0.05390625 0.05234375
0 0.4078125 0.9640625 0.053125 0.05390625
0 0.5265625 0.12265625 0.05078125 0.05
0 0.25234375 0.30703125 0.053125 0.0546875
0 0.84921875 0.971875 0.053125 0.053125
0 0.87890625 0.453125 0.05234375 0.05234375
0 0.17421875 0.0703125 0.05234375 0.053125
0 0.19765625 0.58828125 0.0515625 0.05234375
0 0.2828125 0.165625 0.053125 0.05234375
0 0.58046875 0.121875 0.05234375 0.05234375
0 0.82578125 0.1734375 0.0515625 0.05234375
0 0.52734375 0.0328125 0.0515625 0.053125
0 0.3015625 0.6796875 0.0515625 0.05234375
0 0.025 0.865625 0.05 0.053125
0 0.46484375 0.87109375 0.05234375 0.053125
0 0.6859375 0.31015625 0.05234375 0.053125
0 0.278125 0.44609375 0.053125 0.0546875
0 0.2546875 0.11953125 0.05234375 0.053125
0 0.49921875 0.16875 0.0515625 0.05234375
0 0.5265625 0.31171875 0.05234375 0.05234375
0 0.02421875 0.9609375 0.0484375 0.053125
0 0.27578125 0.72578125 0.05234375 0.053125
0 0.684375 0.68359375 0.05234375 0.0515625
0 0.2796875 0.54140625 0.053125 0.053125
0 0.96171875 0.2171875 0.0515625 0.0515625
0 0.825 0.35859375 0.05234375 0.05234375
0 0.0359375 0.20859375 0.05234375 0.053125
0 0.2234375 0.44609375 0.05234375 0.053125
0 0.015625 0.5375 0.03125 0.053125
0 0.68671875 0.49921875 0.05234375 0.053125
0 0.5734375 0.96796875 0.05234375 0.053125
0 0.0859375 0.584375 0.053125 0.053125
0 0.98046875 0.35859375 0.0390625 0.053125
0 0.73828125 0.9671875 0.053125 0.053125
0 0.3375 0.0734375 0.053125 0.053125
0 0.5765625 0.58828125 0.05234375 0.053125
0 0.171875 0.16328125 0.0515625 0.053125
0 0.30703125 0.3984375 0.053125 0.05234375
0 0.52421875 0.40078125 0.05234375 0.05078125
0 0.9296875 0.82734375 0.05390625 0.0546875
0 0.03046875 0.67734375 0.0515625 0.05234375
0 0.49375 0.54140625 0.05390625 0.05390625
0 0.0625 0.25546875 0.0515625 0.05234375
0 0.71875 0.08203125 0.05234375 0.0515625
0 0.6046875 0.63671875 0.0515625 0.0515625
0 0.49921875 0.0765625 0.05234375 0.053125
0 0.93125 0.359375 0.053125 0.05390625
0 0.334375 0.3515625 0.053125 0.05390625
0 0.3296875 0.728125 0.05234375 0.053125
0 0.1375 0.7734375 0.05390625 0.05390625
0 0.16875 0.44453125 0.053125 0.053125
0 0.6359375 0.12421875 0.0515625 0.0515625
0 0.6 0.9171875 0.053125 0.05390625
0 0.76484375 0.6375 0.053125 0.053125
0 0.959375 0.4046875 0.053125 0.053125
0 0.853125 0.12421875 0.05234375 0.053125
0 0.03828125 0.30703125 0.05234375 0.0515625
0 0.60703125 0.2625 0.05234375 0.05390625
0 0.84921875 0.68671875 0.053125 0.053125
0 0.20546875 0.03046875 0.0515625 0.05234375
0 0.015625 0.4421875 0.03125 0.0515625
0 0.05078125 0.91484375 0.0515625 0.0515625
0 0.01171875 0.9125 0.0234375 0.053125
0 0.60703125 0.453125 0.053125 0.05234375
0 0.71328125 0.92421875 0.05234375 0.05390625
0 0.32578125 0.9140625 0.053125 0.05234375
0 0.90546875 0.40703125 0.0515625 0.0515625
0 0.65546875 0.825 0.05234375 0.05390625
0 0.21328125 0.9140625 0.053125 0.053125
0 0.659375 0.6390625 0.0515625 0.05234375
0 0.16015625 0.91328125 0.05234375 0.05234375
0 0.05390625 0.7234375 0.05390625 0.053125
0 0.48984375 0.92109375 0.05234375 0.053125
0 0.87734375 0.63984375 0.05234375 0.05234375
0 0.771875 0.265625 0.0515625 0.0515625
0 0.0953125 0.1203125 0.05078125 0.0515625
0 0.6859375 0.40625 0.0515625 0.05078125
0 0.4921875 0.8234375 0.05234375 0.053125
0 0.2203125 0.6328125 0.05234375 0.053125
0 0.6265625 0.87109375 0.0546875 0.05390625
0 0.17265625 0.3546875 0.0515625 0.0515625
0 0.4984375 0.35625 0.05234375 0.05234375
0 0.85078125 0.3125 0.05234375 0.0515625
0 0.66328125 0.0796875 0.053125 0.0515625
0 0.24765625 0.67890625 0.05234375 0.05234375
0 0.79296875 0.87578125 0.05390625 0.05234375
0 0.96015625 0.12578125 0.0515625 0.05234375
0 0.9015625 0.878125 0.0515625 0.05234375
0 0.74453125 0.12578125 0.0515625 0.0515625
0 0.49296875 0.6328125 0.05234375 0.05234375
0 0.38984375 0.35703125 0.053125 0.05234375
0 0.934375 0.17578125 0.0515625 0.0515625
0 0.76796875 0.4515625 0.053125 0.053125
0 0.33828125 0.16640625 0.05234375 0.05234375
0 0.690625 0.03046875 0.05234375 0.053125
0 0.60703125 0.1703125 0.053125 0.05234375
0 0.14140625 0.58515625 0.053125 0.053125
0 0.8484375 0.59296875 0.0515625 0.053125
0 0.2578125 0.0296875 0.05078125 0.0515625
0 0.76640625 0.73203125 0.05390625 0.05390625
0 0.05703125 0.63046875 0.0515625 0.053125
0 0.97890625 0.91953125 0.0421875 0.0546875
0 0.41796875 0.12421875 0.05234375 0.0515625
0 0.39375 0.16953125 0.0515625 0.05078125
0 0.4140625 0.30625 0.05390625 0.0546875
0 0.821875 0.63828125 0.053125 0.05234375
0 0.21875 0.82421875 0.0515625 0.05234375
0 0.2984375 0.8671875 0.05390625 0.05390625
0 0.08359375 0.678125 0.0515625 0.0515625
0 0.0953125 0.02734375 0.05078125 0.05234375
0 0.43359375 0.91640625 0.05234375 0.053125
0 0.93046875 0.6390625 0.05234375 0.05234375
0 0.740625 0.403125 0.053125 0.053125
0 0.0578125 0.53359375 0.05234375 0.05390625
0 0.228125 0.165625 0.053125 0.053125
0 0.76484375 0.92109375 0.053125 0.053125
0 0.36171875 0.40234375 0.0515625 0.0515625
0 0.140625 0.48984375 0.053125 0.053125
0 0.6328125 0.403125 0.05078125 0.0515625
0 0.76953125 0.5453125 0.0515625 0.05390625
0 0.11875 0.16640625 0.0515625 0.05078125
0 0.68515625 0.87578125 0.05234375 0.0515625
0 0.0921875 0.30859375 0.05 0.0515625
0 0.35703125 0.871875 0.0515625 0.0515625
0 0.13515625 0.67734375 0.05234375 0.05234375
0 0.571875 0.8703125 0.05234375 0.05234375
0 0.84765625 0.78046875 0.05234375 0.05390625
0 0.2703125 0.9140625 0.05390625 0.053125
0 0.3328125 0.446875 0.0515625 0.0515625
0 0.90703125 0.12890625 0.0515625 0.05234375
0 0.38125 0.91640625 0.0515625 0.05078125
0 0.98046875 0.6390625 0.0390625 0.0515625
0 0.7703125 0.359375 0.05234375 0.053125
0 0.0578125 0.4421875 0.0515625 0.0515625
0 0.55234375 0.165625 0.0515625 0.05234375
0 0.52578125 0.590625 0.0515625 0.0515625
0 0.35859375 0.6796875 0.0515625 0.0515625
0 0.3328125 0.54296875 0.05234375 0.05234375
0 0.2203125 0.72890625 0.0515625 0.0515625
0 0.1125 0.44140625 0.053125 0.05234375
0 0.7703125 0.171875 0.05234375 0.0515625
0 0.46953125 0.39921875 0.05234375 0.053125
0 0.93046875 0.92265625 0.05 0.0515625
0 0.0609375 0.34921875 0.05234375 0.05234375
0 0.4109375 0.6828125 0.053125 0.05234375
0 0.771875 0.0796875 0.0515625 0.05234375
0 0.7375 0.87578125 0.053125 0.053125
0 0.8484375 0.875 0.05390625 0.05390625
0 0.4140625 0.49453125 0.05234375 0.05234375
0 0.415625 0.40078125 0.0515625 0.05234375
0 0.2546875 0.21171875 0.05234375 0.05234375
0 0.49296875 0.73125 0.05234375 0.053125
0 0.4734375 0.12578125 0.0515625 0.05
0 0.190625 0.67890625 0.053125 0.05078125
0 0.84921875 0.5 0.0515625 0.05234375
0 0.5484375 0.82578125 0.053125 0.0515625
0 0.415625 0.5890625 0.05234375 0.05234375
0 0.71171875 0.6421875 0.05 0.0515625
0 0.68984375 0.22109375 0.0515625 0.0515625
0 0.6890625 0.12734375 0.05078125 0.05078125