0 0.14140625 0.859375 0.053125 0.053125
0 0.096875 0.13515625 0.0515625 0.0515625
0 0.7078125 0.01484375 0.0515625 0.0234375
0 0.171875 0.45 0.053125 0.053125
0 0.4671875 0.22265625 0.053125 0.053125
0 0.0375 0.40078125 0.053125 0.053125
0 0.73359375 0.7703125 0.0515625 0.053125
0 0.01796875 0.721875 0.0359375 0.05
0 0.01953125 0.44921875 0.0390625 0.0515625
0 0.3046875 0.86015625 0.053125 0.053125
0 0.8140625 0.9875 0.053125 0.025
0 0.0421875 0.13515625 0.0515625 0.053125
0 0.4390625 0.72578125 0.053125 0.053125
0 0.30625 0.49609375 0.0515625 0.053125
0 0.09296875 0.4046875 0.0515625 0.0515625
0 0.06328125 0.53828125 0.053125 0.053125
0 0.22578125 0.45390625 0.0515625 0.053125
0 0.33125 0.72421875 0.053125 0.053125
0 0.14609375 0.496875 0.053125 0.053125
0 0.175 0.178125 0.0515625 0.0515625
0 0.2765625 0.984375 0.0515625 0.025
0 0.68125 0.7734375 0.053125 0.0515625
0 0.08671875 0.95234375 0.053125 0.053125
0 0.5734375 0.865625 0.053125 0.053125
0 0.14296875 0.675 0.053125 0.053125
0 0.25234375 0.40390625 0.053125 0.053125
0 0.33515625 0.08984375 0.0515625 0.0515625
0 0.14765625 0.221875 0.0515625 0.053125
0 0.62734375 0.40703125 0.0546875 0.0546875
0 0.303125 0.67890625 0.053125 0.0546875
0 0.2265625 0.53984375 0.0515625 0.0546875
0 0.70703125 0.453125 0.053125 0.053125
0 0.384375 0.725 0.053125 0.053125
0 0.1171875 0.5375 0.053125 0.0546875
0 0.97421875 0.6359375 0.0484375 0.053125
0 0.6546875 0.09296875 0.0515625 0.053125
0 0.4375 0.9859375 0.053125 0.028125
0 0.7609375 0.45234375 0.053125 0.053125
0 0.22265625 0.72421875 0.053125 0.0546875
0 0.465625 0.58671875 0.053125 0.053125
0 0.546875 0.27109375 0.0515625 0.0515625
0 0.57265625 0.50078125 0.0515625 0.053125
0 0.09140625 0.4953125 0.053125 0.053125
0 0.38203125 0.81640625 0.053125 0.053125
0 0.975 0.5453125 0.05 0.0546875
0 0.8671875 0.18046875 0.053125 0.053125
0 0.49453125 0.090625 0.053125 0.053125
0 0.81484375 0.54453125 0.053125 0.053125
0 0.41015625 0.7734375 0.053125 0.0546875
0 0.546875 0.54453125 0.0515625 0.053125
0 0.38671875 0.5390625 0.053125 0.053125
0 0.06328125 0.8109375 0.053125 0.053125
0 0.9234375 0.27109375 0.0546875 0.0546875
0 0.30859375 0.3140625 0.0515625 0.053125
0 0.89609375 0.5890625 0.053125 0.053125
0 0.4625 0.68125 0.053125 0.0546875
0 0.33359375 0.4515625 0.053125 0.053125
0 0.04140625 0.04375 0.053125 0.053125
0 0.6796875 0.49765625 0.053125 0.053125
0 0.70859375 0.18359375 0.0515625 0.053125
0 0.415625 0.1375 0.0515625 0.0515625
0 0.8125 0.81796875 0.053125 0.053125
0 0.815625 0.6359375 0.053125 0.053125
0 0.49375 0.5421875 0.053125 0.053125
0 0.57421875 0.1359375 0.053125 0.053125
0 0.97265625 0.73125 0.0484375 0.053125
0 0.30546875 0.5875 0.053125 0.053125
0 0.815625 0.453125 0.0515625 0.053125
0 0.95 0.77265625 0.053125 0.0546875
0 0.921875 0.81953125 0.0546875 0.0546875
0 0.78828125 0.228125 0.053125 0.053125
0 0.390625 0.18125 0.0515625 0.053125
0 0.9875 0.2265625 0.025 0.05
0 0.89453125 0.771875 0.0546875 0.0546875
0 0.2 0.2234375 0.0515625 0.0515625
0 0.6546875 0.91015625 0.053125 0.053125
0 0.03671875 0.49453125 0.053125 0.053125
0 0.4125 0.49609375 0.0546875 0.053125
0 0.38671875 0.0921875 0.0515625 0.0515625
0 0.30234375 0.9546875 0.053125 0.053125
0 0.228125 0.17890625 0.053125 0.053125
0 0.759375 0.82109375 0.0515625 0.0515625
0 0.30390625 0.77109375 0.053125 0.053125
0 0.946875 0.13984375 0.053125 0.053125
0 0.65390625 0.725 0.0515625 0.053125
0 0.1453125 0.403125 0.0515625 0.053125
0 0.6265625 0.50078125 0.053125 0.053125
0 0.02421875 0.0890625 0.0359375 0.05
0 0.628125 0.31640625 0.0515625 0.0515625
0 0.4109375 0.86328125 0.053125 0.053125
0 0.7609375 0.54609375 0.053125 0.053125
0 0.51796875 0.77109375 0.053125 0.0546875
0 0.97265625 0.82109375 0.0453125 0.053125
0 0.8671875 0.0171875 0.0515625 0.0234375
0 0.9484375 0.22578125 0.053125 0.053125
0 0.54375 0.4515625 0.0515625 0.053125
0 0.1390625 0.953125 0.0515625 0.053125
0 0.33125 0.54296875 0.053125 0.053125
0 0.6546875 0.45234375 0.053125 0.053125
0 0.921875 0.45390625 0.053125 0.053125
0 0.59921875 0.82265625 0.053125 0.053125
0 0.16796875 0.7265625 0.053125 0.053125
0 0.8671875 0.27421875 0.053125 0.053125
0 0.83984375 0.86484375 0.053125 0.053125
0 0.5984375 0.98515625 0.053125 0.0296875
0 0.65546875 0.1796875 0.053125 0.053125
0 0.6 0.725 0.053125 0.053125
0 0.70703125 0.63671875 0.053125 0.0515625
0 0.81484375 0.17890625 0.053125 0.053125
0 0.73515625 0.590625 0.053125 0.053125
0 0.54609375 0.72578125 0.053125 0.053125
0 0.25 0.67890625 0.053125 0.053125
0 0.98828125 0.5015625 0.0234375 0.05
0 0.9234375 0.6328125 0.053125 0.053125
0 0.971875 0.9109375 0.04375 0.053125
0 0.3359375 0.17890625 0.053125 0.053125
0 0.3046875 0.40390625 0.0515625 0.053125
0 0.41171875 0.5859375 0.0546875 0.053125
0 0.9734375 0.1828125 0.0515625 0.053125
0 0.8953125 0.22734375 0.053125 0.053125
0 0.3296875 0.98515625 0.0515625 0.025
0 0.0859375 0.85859375 0.053125 0.053125
0 0.4921875 0.4546875 0.0515625 0.053125
0 0.4125 0.04921875 0.0515625 0.053125
0 0.27734375 0.5421875 0.0515625 0.053125
0 0.57578125 0.77421875 0.053125 0.0546875
0 0.8953125 0.49765625 0.053125 0.0546875
0 0.4109375 0.40546875 0.053125 0.053125
0 0.14296875 0.77109375 0.0515625 0.053125
0 0.32890625 0.81484375 0.053125 0.053125
0 0.01796875 0.81484375 0.0359375 0.0515625
0 0.06640625 0.36015625 0.053125 0.053125
0 0.03046875 0.953125 0.053125 0.053125
0 0.3859375 0.36015625 0.0515625 0.053125
0 0.25 0.9546875 0.053125 0.053125
0 0.78671875 0.04453125 0.053125 0.053125
0 0.70625 0.0921875 0.0515625 0.053125
0 0.78828125 0.315625 0.0515625 0.0515625
0 0.57265625 0.40703125 0.053125 0.053125
0 0.97421875 0.45625 0.0515625 0.053125
0 0.22421875 0.81796875 0.053125 0.0515625
0 0.49140625 0.98671875 0.0515625 0.0265625
0 0.034375 0.76875 0.053125 0.0546875
0 0.68046875 0.8625 0.0546875 0.053125
0 0.46484375 0.7734375 0.053125 0.0546875
0 0.2546875 0.309375 0.053125 0.053125
0 0.7875 0.5890625 0.0515625 0.053125
0 0.35625 0.9546875 0.053125 0.053125
0 0.43671875 0.81796875 0.053125 0.053125
0 0.57265625 0.590625 0.053125 0.053125
0 0.49296875 0.26953125 0.053125 0.053125
0 0.22421875 0.634375 0.0515625 0.053125
0 0.81484375 0.27421875 0.0515625 0.053125
0 0.49140625 0.82109375 0.053125 0.053125
0 0.62734375 0.228125 0.053125 0.053125
0 0.06328125 0.725 0.0515625 0.053125
0 0.975 0.271875 0.05 0.053125
0 0.49375 0.17734375 0.0546875 0.053125
0 0.70859375 0.27109375 0.0515625 0.053125
0 0.22890625 0.09375 0.0515625 0.0515625
0 0.76171875 0.9875 0.0515625 0.025
0 0.49375 0.72578125 0.0515625 0.053125
0 0.25 0.86171875 0.053125 0.053125
0 0.46796875 0.4984375 0.0515625 0.053125
0 0.1703125 0.8140625 0.0546875 0.053125
0 0.33359375 0.3609375 0.0515625 0.0515625
0 0.4640625 0.86171875 0.053125 0.0515625
0 0.815625 0.9125 0.053125 0.0515625
0 0.70703125 0.54296875 0.0546875 0.05625
0 0.01875 0.53828125 0.0375 0.0515625
0 0.034375 0.6765625 0.0515625 0.053125
0 0.06640625 0.45078125 0.0515625 0.053125
0 0.65234375 0.5453125 0.053125 0.053125
0 0.4671875 0.1375 0.0515625 0.0515625
0 0.59921875 0.54296875 0.053125 0.053125
0 0.46640625 0.4046875 0.053125 0.053125
0 0.24921875 0.77265625 0.053125 0.053125
0 0.36015625 0.046875 0.0515625 0.0515625
0 0.06796875 0.0859375 0.053125 0.053125
0 0.3875 0.27109375 0.0515625 0.0515625
0 0.86796875 0.36328125 0.0515625 0.0515625
0 0.35703125 0.86171875 0.053125 0.053125
0 0.38671875 0.45078125 0.053125 0.0546875
0 0.28203125 0.0875 0.053125 0.053125
0 0.1703125 0.634375 0.053125 0.0515625
0 0.30859375 0.13359375 0.0515625 0.0515625
0 0.92109375 0.546875 0.053125 0.053125
0 0.68125 0.4078125 0.0515625 0.0515625
0 0.25390625 0.1328125 0.053125 0.0515625
0 0.0203125 0.35625 0.0375 0.0515625
0 0.30703125 0.22734375 0.053125 0.0515625
0 0.55 0.18203125 0.053125 0.0546875
0 0.84140625 0.503125 0.053125 0.0515625
0 0.08828125 0.584375 0.0546875 0.0546875
0 0.734375 0.1359375 0.053125 0.053125
0 0.54765625 0.09375 0.0515625 0.053125
0 0.14921875 0.1375 0.0515625 0.0515625
0 0.334375 0.26796875 0.053125 0.0515625
0 0.7875 0.13828125 0.053125 0.053125
0 0.73359375 0.496875 0.053125 0.053125
0 0.06953125 0.18046875 0.053125 0.053125
0 0.8671875 0.4546875 0.053125 0.053125
0 0.81328125 0.01640625 0.0515625 0.0234375
0 0.94609375 0.32109375 0.053125 0.053125
0 0.4390625 0.90703125 0.053125 0.053125
0 0.84140625 0.3171875 0.053125 0.0515625
0 0.89453125 0.865625 0.053125 0.053125
0 0.62734375 0.13984375 0.0515625 0.0515625
0 0.54765625 0.0140625 0.05 0.028125
0 0.94921875 0.86484375 0.0546875 0.0546875
0 0.73359375 0.22578125 0.053125 0.053125
0 0.11875 0.35859375 0.0515625 0.0515625
0 0.8671875 0.09140625 0.053125 0.053125
0 0.8703125 0.98671875 0.053125 0.0265625
0 0.76328125 0.9078125 0.0546875 0.053125
0 0.840625 0.409375 0.0515625 0.053125
0 0.46640625 0.31640625 0.053125 0.0515625
0 0.25234375 0.49765625 0.053125 0.053125
0 0.68125 0.5875 0.0546875 0.0546875
0 0.5453125 0.81875 0.0546875 0.05625
0 0.734375 0.86484375 0.0515625 0.053125
0 0.9234375 0.72578125 0.053125 0.053125
0 0.65234375 0.63671875 0.053125 0.0515625
0 0.121875 0.17890625 0.0515625 0.0515625
0 0.6 0.634375 0.053125 0.053125
0 0.653125 0.0140625 0.0515625 0.025
0 0.98671875 0.5921875 0.025 0.0515625
0 0.4390625 0.271875 0.0515625 0.053125
0 0.759375 0.728125 0.053125 0.053125
0 0.22265625 0.90703125 0.053125 0.053125
0 0.92265625 0.9125 0.053125 0.053125
0 0.17265625 0.35859375 0.053125 0.053125
0 0.25390625 0.04296875 0.053125 0.0515625
0 0.546875 0.634375 0.053125 0.053125
0 0.20078125 0.13671875 0.0515625 0.0515625
0 0.6515625 0.821875 0.053125 0.053125
0 0.97421875 0.365625 0.0515625 0.053125
0 0.89375 0.321875 0.0515625 0.0515625
0 0.7890625 0.49765625 0.053125 0.053125
0 0.840625 0.228125 0.053125 0.053125
0 0.73515625 0.953125 0.053125 0.053125
0 0.70625 0.3625 0.0515625 0.0515625
0 0.2015625 0.04453125 0.053125 0.053125
0 0.5453125 0.9109375 0.053125 0.0515625
0 0.92109375 0.3625 0.0515625 0.053125
0 0.384375 0.90703125 0.053125 0.0515625
0 0.65390625 0.984375 0.0546875 0.03125
0 0.08671875 0.67734375 0.053125 0.053125
0 0.12109375 0.09375 0.0515625 0.0515625
0 0.25 0.58671875 0.0546875 0.053125
0 0.70625 0.72578125 0.053125 0.053125
0 0.05859375 0.98046875 0.053125 0.025
0 0.35625 0.77109375 0.053125 0.053125
0 0.81328125 0.09140625 0.053125 0.053125
0 0.57421875 0.68125 0.053125 0.0546875
0 0.8125 0.728125 0.053125 0.0546875
0 0.70703125 0.90859375 0.053125 0.053125
0 0.09375 0.22265625 0.053125 0.053125
0 0.0171875 0.63046875 0.034375 0.0515625
0 0.1984375 0.40625 0.053125 0.053125
0 0.5734375 0.31953125 0.053125 0.0515625
0 0.384375 0.634375 0.053125 0.053125
0 0.171875 0.540625 0.053125 0.053125
0 0.49453125 0.01328125 0.0515625 0.0265625
0 0.8671875 0.54609375 0.0515625 0.0546875
0 0.6 0.90859375 0.053125 0.0515625
0 0.54765625 0.3640625 0.053125 0.053125
0 0.76015625 0.01640625 0.05 0.025
0 0.6 0.015625 0.05 0.0296875
0 0.41328125 0.23046875 0.0515625 0.0515625
0 0.1984375 0.3125 0.0515625 0.0515625
0 0.8953125 0.134375 0.0515625 0.0515625
0 0.309375 0.04375 0.0515625 0.0515625
0 0.2515625 0.22734375 0.0515625 0.0515625
0 0.43984375 0.540625 0.053125 0.053125
0 0.62734375 0.77421875 0.0515625 0.053125
0 0.146875 0.0421875 0.053125 0.0546875
0 0.27890625 0.45234375 0.0515625 0.053125
0 0.4140625 0.31640625 0.0515625 0.0515625
0 0.3609375 0.3140625 0.0515625 0.053125
0 0.41015625 0.6828125 0.0515625 0.053125
0 0.84140625 0.13671875 0.053125 0.053125
0 0.84609375 0.95390625 0.053125 0.053125
0 0.51875 0.68046875 0.053125 0.053125
0 0.11953125 0.4515625 0.0515625 0.053125
0 0.4625 0.9546875 0.053125 0.0515625
0 0.8140625 0.36171875 0.053125 0.053125
0 0.43984375 0.01484375 0.0515625 0.0296875
0 0.73359375 0.40625 0.053125 0.053125
0 0.9859375 0.31640625 0.028125 0.0515625
0 0.48984375 0.91015625 0.053125 0.053125
0 0.02265625 0.17578125 0.0359375 0.0515625
0 0.76171875 0.63515625 0.053125 0.053125
0 0.98671875 0.13671875 0.0265625 0.0515625
0 0.70859375 0.9875 0.0515625 0.025
0 0.44140625 0.09375 0.0515625 0.0515625
0 0.5171875 0.86640625 0.053125 0.053125
0 0.83984375 0.77734375 0.053125 0.053125
0 0.76171875 0.26953125 0.053125 0.053125
0 0.57109375 0.23046875 0.053125 0.053125
0 0.23046875 0.01171875 0.0515625 0.0234375
0 0.73515625 0.31953125 0.053125 0.0515625
0 0.27734375 0.7265625 0.053125 0.053125
0 0.14375 0.58828125 0.053125 0.053125
0 0.36171875 0.13671875 0.0515625 0.053125
0 0.38828125 0.0140625 0.0515625 0.028125
0 0.19609375 0.67890625 0.053125 0.053125
0 0.41015625 0.95390625 0.053125 0.0546875
0 0.97265625 0.01953125 0.0515625 0.025
0 0.51953125 0.9515625 0.0546875 0.0546875
0 0.840625 0.59375 0.053125 0.053125
0 0.33515625 0.01328125 0.0515625 0.0265625
0 0.465625 0.04609375 0.0515625 0.0515625
0 0.115625 0.721875 0.0515625 0.053125
0 0.625 0.590625 0.053125 0.0515625
0 0.51796875 0.58671875 0.053125 0.053125
0 0.67890625 0.68046875 0.0515625 0.0515625
0 0.06640625 0.2703125 0.0515625 0.0515625
0 0.0921875 0.31796875 0.0515625 0.0515625
0 0.86875 0.82109375 0.0515625 0.053125
0 0.5734375 0.04609375 0.053125 0.053125
0 0.6265625 0.865625 0.0515625 0.053125
0 0.1140625 0.98125 0.053125 0.025
0 0.51953125 0.2265625 0.0515625 0.053125
0 0.94609375 0.40859375 0.053125 0.053125
0 0.78828125 0.40546875 0.053125 0.053125
0 0.171875 0.26953125 0.0515625 0.0515625
0 0.68125 0.3171875 0.0515625 0.053125
0 0.759375 0.09375 0.053125 0.053125
0 0.0625 0.63515625 0.0515625 0.053125
0 0.95078125 0.5 0.053125 0.0546875
0 0.896875 0.68203125 0.053125 0.0515625
0 0.86953125 0.90859375 0.053125 0.0546875
0 0.12109375 0.0125 0.0515625 0.025
0 0.16875 0.90859375 0.0515625 0.053125
0 0.65546875 0.27421875 0.053125 0.053125
0 0.28203125 0.01171875 0.0515625 0.0234375
0 0.03828125 0.31171875 0.053125 0.0515625
0 0.70703125 0.81640625 0.053125 0.0546875
0 0.0359375 0.5859375 0.0515625 0.053125
0 0.33125 0.63515625 0.0515625 0.053125
0 0.22734375 0.3578125 0.053125 0.053125
0 0.4390625 0.36171875 0.0515625 0.0515625
0 0.1984375 0.4953125 0.0515625 0.0546875
0 0.02109375 0.26953125 0.0359375 0.0515625
0 0.6796875 0.0453125 0.0515625 0.053125
0 0.359375 0.40546875 0.053125 0.053125
0 0.4921875 0.634375 0.053125 0.053125
0 0.17109375 0.09140625 0.0515625 0.0515625
0 0.28046875 0.2671875 0.0515625 0.0515625
0 0.040625 0.221875 0.053125 0.053125
0 0.5984375 0.45390625 0.053125 0.053125
0 0.89296875 0.409375 0.0515625 0.053125
0 0.22734375 0.27265625 0.0515625 0.0515625
0 0.7609375 0.18359375 0.053125 0.053125
0 0.0609375 0.9046875 0.0515625 0.0515625
0 0.3625 0.225 0.0515625 0.053125
0 0.9875 0.4078125 0.025 0.053125
0 0.2765625 0.81796875 0.0515625 0.053125
0 0.11640625 0.8140625 0.0515625 0.053125
0 0.86953125 0.63671875 0.053125 0.053125
0 0.8953125 0.0484375 0.0515625 0.0515625
0 0.06796875 0.0125 0.0515625 0.025
0 0.75859375 0.36328125 0.053125 0.0515625
0 0.7859375 0.8640625 0.0515625 0.053125
0 0.68046875 0.225 0.053125 0.0546875
0 0.6265625 0.68046875 0.053125 0.0515625
0 0.146875 0.3125 0.053125 0.053125
0 0.9515625 0.959375 0.053125 0.0515625
0 0.115625 0.63046875 0.053125 0.053125
0 0.7890625 0.95625 0.0515625 0.053125
0 0.196875 0.58984375 0.053125 0.053125
0 0.92578125 0.9859375 0.0515625 0.028125
0 0.0890625 0.77109375 0.0515625 0.0515625
0 0.57109375 0.95390625 0.0515625 0.0515625
0 0.6 0.27109375 0.0515625 0.053125
0 0.73359375 0.6796875 0.053125 0.053125
0 0.896875 0.95703125 0.0515625 0.0515625
0 0.6 0.3609375 0.053125 0.053125
0 0.4921875 0.36015625 0.053125 0.053125
0 0.19609375 0.8625 0.053125 0.053125
0 0.3578125 0.5875 0.053125 0.0546875
0 0.2765625 0.909375 0.0515625 0.053125
0 0.27734375 0.63125 0.053125 0.053125
0 0.03125 0.865625 0.053125 0.0515625
0 0.51953125 0.04296875 0.053125 0.053125
0 0.43984375 0.184375 0.0515625 0.0515625
0 0.625 0.95234375 0.053125 0.053125
0 0.7328125 0.0484375 0.053125 0.053125
0 0.971875 0.9890625 0.0375 0.021875
0 0.0234375 0.01171875 0.03125 0.0234375
0 0.54609375 0.9859375 0.0515625 0.028125
0 0.51953125 0.4046875 0.0515625 0.0515625
0 0.628125 0.046875 0.0515625 0.0515625
0 0.43828125 0.63515625 0.053125 0.053125
0 0.175 0.01171875 0.05 0.0234375
0 0.521875 0.315625 0.0515625 0.053125
0 0.91953125 0.09375 0.0515625 0.0515625
0 0.7859375 0.775 0.05 0.05
0 0.52265625 0.13515625 0.053125 0.053125
0 0.840625 0.046875 0.053125 0.053125
0 0.78828125 0.67890625 0.0546875 0.053125
0 0.0921875 0.04375 0.0515625 0.0515625
0 0.84375 0.68125 0.053125 0.053125
0 0.68203125 0.95546875 0.053125 0.0515625
0 0.3578125 0.6796875 0.053125 0.053125
0 0.9453125 0.05234375 0.0515625 0.05
0 0.68125 0.1375 0.0515625 0.0515625
0 0.33046875 0.9109375 0.053125 0.053125
0 0.01640625 0.90703125 0.0328125 0.0484375
0 0.60078125 0.18046875 0.0515625 0.053125
0 0.4390625 0.453125 0.0515625 0.053125
0 0.9734375 0.09296875 0.0515625 0.053125
0 0.35859375 0.49921875 0.0515625 0.053125
0 0.5203125 0.5015625 0.0515625 0.0515625
0 0.91875 0.01953125 0.0515625 0.0265625
0 0.2796875 0.35703125 0.053125 0.053125
0 0.94921875 0.59140625 0.0515625 0.053125
0 0.1953125 0.7734375 0.053125 0.053125
0 0.1140625 0.90625 0.0515625 0.053125
0 0.2828125 0.178125 0.0515625 0.053125
0 0.60078125 0.09453125 0.0515625 0.053125
0 0.86875 0.72734375 0.0515625 0.053125
0 0.19375 0.9546875 0.053125 0.053125
0 0.65390625 0.36484375 0.053125 0.053125
0 0.9484375 0.684375 0.053125 0.053125
0 0.91875 0.18359375 0.0515625 0.0515625
0 0.9859375 0.0515625 0.028125 0.05
0 0.128125 0.2625 0.05 0.0515625