0 0.34140625 0.57421875 0.0515625 0.0515625
0 0.89921875 0.5265625 0.05 0.0515625
0 0.80078125 0.88125 0.0515625 0.05234375
0 0.721875 0.928125 0.0515625 0.05078125
0 0.26796875 0.7984375 0.05078125 0.0515625
0 0.6140625 0.92890625 0.0515625 0.0515625
0 0.11328125 0.975 0.0515625 0.05
0 0.18671875 0.66640625 0.05078125 0.0515625
0 0.34921875 0.84296875 0.05078125 0.0515625
0 0.746875 0.88046875 0.0515625 0.0515625
0 0.26953125 0.8875 0.0515625 0.05234375
0 0.9 0.6125 0.05 0.0515625
0 0.5046875 0.75546875 0.05078125 0.0515625
0 0.4265625 0.7984375 0.0515625 0.0515625
0 0.8546875 0.971875 0.0515625 0.05234375
0 0.88046875 0.92734375 0.0515625 0.0515625
0 0.4828125 0.884375 0.05078125 0.0515625
0 0.296875 0.9328125 0.05078125 0.05078125
0 0.190625 0.93359375 0.05078125 0.05078125
0 0.10703125 0.6234375 0.05 0.0515625
0 0.77578125 0.92890625 0.05078125 0.0515625
0 0.21953125 0.97578125 0.0515625 0.0484375
0 0.6671875 0.83671875 0.05234375 0.0515625
0 0.134375 0.75703125 0.0515625 0.0515625
0 0.03203125 0.8453125 0.0515625 0.05234375
0 0.6609375 0.56875 0.0515625 0.05234375
0 0.584375 0.70546875 0.05078125 0.0515625
0 0.74453125 0.703125 0.0515625 0.05234375
0 0.5078125 0.84375 0.05078125 0.05078125
0 0.96015625 0.878125 0.05234375 0.05234375
0 0.5375 0.97578125 0.05 0.0484375
0 0.7484375 0.9703125 0.05078125 0.05234375
0 0.109375 0.8015625 0.05078125 0.0515625
0 0.134375 0.58046875 0.04921875 0.04921875
0 0.58828125 0.975 0.05 0.05
0 0.271875 0.97578125 0.0515625 0.0484375
0 0.18984375 0.846875 0.0515625 0.0515625
0 0.1375 0.846875 0.05 0.05
0 0.34765625 0.93515625 0.05078125 0.05078125
0 0.21171875 0.6203125 0.0515625 0.0515625
0 0.1109375 0.8890625 0.05078125 0.0515625
0 0.21484375 0.7984375 0.0515625 0.0515625
0 0.21640625 0.8890625 0.0515625 0.0515625
0 0.503125 0.57421875 0.05078125 0.05
0 0.18828125 0.75625 0.0515625 0.0515625
0 0.375 0.88984375 0.0515625 0.0515625
0 0.378125 0.97578125 0.0515625 0.0484375
0 0.0296875 0.75703125 0.0515625 0.0515625
0 0.97890625 0.74453125 0.0421875 0.0515625
0 0.97734375 0.65390625 0.0453125 0.0546875
0 0.90625 0.88203125 0.0515625 0.0515625
0 0.028125 0.665625 0.05078125 0.0515625
0 0.26484375 0.621875 0.05078125 0.0515625
0 0.059375 0.97578125 0.0515625 0.0484375
0 0.58359375 0.79375 0.0515625 0.0515625
0 0.50703125 0.66015625 0.0515625 0.0515625
0 0.82421875 0.65546875 0.05078125 0.05234375
0 0.93359375 0.92578125 0.05078125 0.0515625
0 0.134375 0.66640625 0.05234375 0.053125
0 0.69453125 0.88125 0.05078125 0.05234375
0 0.45546875 0.84140625 0.05078125 0.0515625
0 0.1375 0.93125 0.0515625 0.0515625
0 0.3453125 0.665625 0.05 0.0515625
0 0.05546875 0.79765625 0.05234375 0.0515625
0 0.05703125 0.8921875 0.0515625 0.05078125
0 0.45078125 0.56953125 0.05078125 0.05
0 0.74453125 0.60703125 0.0515625 0.0515625
0 0.7171875 0.6546875 0.05078125 0.05234375
0 0.3453125 0.7546875 0.04921875 0.0515625
0 0.640625 0.87890625 0.05078125 0.0515625
0 0.7453125 0.79453125 0.05234375 0.0515625
0 0.82578125 0.83515625 0.05234375 0.05078125
0 0.45234375 0.6609375 0.053125 0.05390625
0 0.740625 0.52109375 0.0515625 0.053125
0 0.68828125 0.61484375 0.053125 0.05234375
0 0.39453125 0.57265625 0.05078125 0.05234375
0 0.425 0.61640625 0.05234375 0.053125
0 0.8484375 0.61484375 0.05 0.05
0 0.03125 0.9359375 0.0515625 0.0515625
0 0.40234375 0.84609375 0.05078125 0.05078125
0 0.29609375 0.8453125 0.05 0.05
0 0.71875 0.83671875 0.05078125 0.05078125
0 0.7703125 0.65546875 0.05234375 0.053125
0 0.48359375 0.975 0.053125 0.05
0 0.4296875 0.89296875 0.05078125 0.05078125
0 0.92578125 0.5671875 0.05 0.05
0 0.2875 0.57890625 0.05078125 0.05078125
0 0.4296875 0.97578125 0.0515625 0.0484375
0 0.2625 0.53046875 0.0515625 0.05234375
0 0.58828125 0.8796875 0.05078125 0.0515625
0 0.61015625 0.56796875 0.05 0.05078125
0 0.0796875 0.66484375 0.05234375 0.053125
0 0.85390625 0.88046875 0.05078125 0.053125
0 0.82734375 0.9296875 0.05078125 0.05234375
0 0.90390625 0.79296875 0.05234375 0.05078125
0 0.05625 0.53359375 0.04921875 0.05078125
0 0.60859375 0.6625 0.0515625 0.05078125
0 0.96328125 0.96640625 0.053125 0.05234375
0 0.53515625 0.88828125 0.05 0.05078125
0 0.82421875 0.74765625 0.05078125 0.0515625
0 0.64140625 0.9734375 0.053125 0.05234375
0 0.29453125 0.7546875 0.05 0.05
0 0.1578125 0.62421875 0.05078125 0.05078125
0 0.97890625 0.834375 0.0421875 0.0515625
0 0.24296875 0.93359375 0.05078125 0.05078125
0 0.05625 0.615625 0.05234375 0.05234375
0 0.9296875 0.746875 0.05234375 0.053125
0 0.8484375 0.703125 0.05234375 0.0515625
0 0.66953125 0.9296875 0.05234375 0.05234375
0 0.825 0.56875 0.05 0.05078125
0 0.93125 0.834375 0.0515625 0.0515625
0 0.42578125 0.709375 0.05234375 0.0515625
0 0.24453125 0.84609375 0.05078125 0.05
0 0.321875 0.7984375 0.0515625 0.0515625
0 0.321875 0.8890625 0.05 0.0515625
0 0.16484375 0.97421875 0.0515625 0.0515625
0 0.53203125 0.61640625 0.05078125 0.0515625
0 0.6921875 0.7953125 0.05078125 0.0515625
0 0.87734375 0.83515625 0.05078125 0.05078125
0 0.77109375 0.746875 0.0515625 0.05234375
0 0.6640625 0.74921875 0.05078125 0.05
0 0.453125 0.753125 0.05078125 0.05078125
0 0.771875 0.83671875 0.0515625 0.0515625
0 0.9265625 0.65859375 0.0515625 0.0515625
0 0.53125 0.79921875 0.05078125 0.05078125
0 0.6390625 0.70703125 0.0515625 0.0515625
0 0.3703125 0.6203125 0.05234375 0.05234375
0 0.9078125 0.9703125 0.05234375 0.05234375
0 0.559375 0.9328125 0.05078125 0.05078125
0 0.8484375 0.52109375 0.05078125 0.053125
0 0.771875 0.55859375 0.05234375 0.05
0 0.5609375 0.8375 0.05 0.05
0 0.8765625 0.74609375 0.0515625 0.053125
0 0.6625 0.6625 0.05234375 0.05078125
0 0.9015625 0.7046875 0.0515625 0.05
0 0.36953125 0.53203125 0.05 0.05
0 0.8 0.97578125 0.0515625 0.0484375
0 0.95625 0.60546875 0.05234375 0.05234375
0 0.05390625 0.7109375 0.0515625 0.05234375
0 0.79609375 0.7953125 0.05 0.05
0 0.4015625 0.9328125 0.05078125 0.05078125
0 0.3703125 0.71015625 0.05078125 0.05
0 0.015625 0.890625 0.03125 0.0515625
0 0.3234375 0.97578125 0.0515625 0.0484375
0 0.69609375 0.97578125 0.0515625 0.0484375
0 0.69140625 0.70546875 0.0515625 0.0515625
0 0.18359375 0.56640625 0.0515625 0.053125
0 0.10859375 0.71328125 0.0515625 0.0515625
0 0.9546875 0.70078125 0.053125 0.05234375
0 0.2921875 0.66796875 0.0515625 0.05
0 0.31640625 0.61875 0.05 0.0515625
0 0.421875 0.5296875 0.05 0.05078125
0 0.01328125 0.6203125 0.0265625 0.05
0 0.98046875 0.92578125 0.0390625 0.0515625
0 0.578125 0.52734375 0.04921875 0.04921875
0 0.0828125 0.93203125 0.05078125 0.05234375
0 0.85 0.796875 0.05078125 0.0515625
0 0.875 0.65625 0.0515625 0.0515625
0 0.375 0.80234375 0.05 0.05
0 0.63515625 0.6171875 0.05078125 0.05234375
0 0.26640625 0.7125 0.05 0.05
0 0.02890625 0.57890625 0.05078125 0.05
0 0.98203125 0.54453125 0.0359375 0.05
0 0.3171875 0.71015625 0.04921875 0.05
0 0.53203125 0.7078125 0.05078125 0.0515625
0 0.63203125 0.5265625 0.04921875 0.05
0 0.95859375 0.79296875 0.0515625 0.05234375
0 0.3984375 0.75546875 0.05 0.05078125
0 0.7984375 0.609375 0.0515625 0.05078125
0 0.7953125 0.703125 0.05078125 0.05234375
0 0.2390625 0.66875 0.05078125 0.05078125
0 0.1578125 0.515625 0.0484375 0.05078125
0 0.5578125 0.7515625 0.0515625 0.05
0 0.615625 0.83203125 0.05078125 0.05
0 0.71640625 0.7484375 0.05078125 0.0515625
0 0.11015625 0.53203125 0.0484375 0.05
0 0.8734375 0.56875 0.05078125 0.05078125
0 0.68515625 0.5234375 0.0515625 0.053125
0 0.7171875 0.5640625 0.05234375 0.0515625
0 0.5578125 0.66015625 0.05 0.05078125
0 0.2359375 0.575 0.0515625 0.05234375
0 0.21484375 0.71328125 0.05 0.05
0 0.478125 0.8015625 0.05078125 0.05
0 0.6109375 0.75078125 0.0515625 0.05078125
0 0.584375 0.61953125 0.0515625 0.04921875
0 0.015625 0.9765625 0.03125 0.046875
0 0.2125 0.51171875 0.05390625 0.05390625
0 0.55546875 0.56875 0.04921875 0.05
0 0.478125 0.61484375 0.05078125 0.05234375
0 0.16171875 0.8 0.05078125 0.0515625
0 0.1625 0.89140625 0.05078125 0.05078125
0 0.01484375 0.80078125 0.0296875 0.0515625
0 0.31640625 0.51328125 0.05078125 0.0515625
0 0.24140625 0.7578125 0.04921875 0.05078125
0 0.45546875 0.934375 0.05234375 0.05078125
0 0.084375 0.84609375 0.05078125 0.05
0 0.08203125 0.7578125 0.05078125 0.05078125
0 0.47890625 0.709375 0.05078125 0.05234375
0 0.475 0.53125 0.04765625 0.0484375
0 0.1609375 0.7125 0.05078125 0.05
0 0.95546875 0.5078125 0.0515625 0.0515625
0 0.51015625 0.9375 0.05 0.0484375
0 0.01328125 0.7140625 0.0265625 0.0515625
0 0.63984375 0.78984375 0.05 0.05078125
0 0.084375 0.57265625 0.05078125 0.05
0 0.79375 0.52734375 0.05078125 0.05078125
0 0.015625 0.52890625 0.03125 0.0515625
0 0.521875 0.5296875 0.05 0.04765625
0 0.396875 0.6703125 0.05078125 0.0484375
0 0.53203125 0.5 0.0515625 0.05