0 0.71328125 0.3828125 0.0625 0.0625
0 0.2953125 0.27890625 0.0625 0.0625
0 0.2296875 0.546875 0.0625 0.0625
0 0.75 0.81796875 0.0640625 0.0640625
0 0.6609375 0.8421875 0.0640625 0.0640625
0 0.13828125 0.23984375 0.0625 0.0625
0 0.5828125 0.5875 0.0640625 0.0640625
0 0.25390625 0.7921875 0.0625 0.0625
0 0.9125 0.71640625 0.0625 0.0625
0 0.615625 0.21953125 0.0625 0.0625
0 0.359375 0.81796875 0.0640625 0.065625
0 0.384375 0.253125 0.0625 0.0625
0 0.6515625 0.65234375 0.0625 0.0625
0 0.01875 0.4453125 0.0375 0.059375
0 0.946875 0.67578125 0.059375 0.0625
0 0.4875 0.75703125 0.0640625 0.0640625
0 0.87265625 0.41953125 0.0625 0.0625
0 0.73828125 0.625 0.0625 0.0625
0 0.42578125 0.88203125 0.0640625 0.0640625
0 0.70859375 0.0578125 0.059375 0.0515625
0 0.35390625 0.15625 0.0625 0.0625
0 0.51328125 0.521875 0.0625 0.0640625
0 0.92890625 0.29375 0.0625 0.0625
0 0.3296875 0.71484375 0.065625 0.0640625
0 0.87109375 0.89765625 0.0640625 0.065625
0 0.0828125 0.1765625 0.046875 0.059375
0 0.07265625 0.84453125 0.0640625 0.0640625
0 0.8140625 0.54921875 0.0625 0.0625
0 0.81640625 0.884375 0.0640625 0.0640625
0 0.0421875 0.40703125 0.0625 0.0625
0 0.1328125 0.37890625 0.0640625 0.0640625
0 0.6390625 0.4609375 0.0625 0.0625
0 0.76015625 0.53828125 0.0640625 0.0640625
0 0.75703125 0.203125 0.0625 0.0625
0 0.0296875 0.68671875 0.059375 0.0640625
0 0.61875 0.55234375 0.0640625 0.0640625
0 0.09609375 0.7546875 0.0640625 0.0640625
0 0.52578125 0.2453125 0.0625 0.0625
0 0.91171875 0.24296875 0.0625 0.0640625
0 0.8671875 0.09609375 0.059375 0.05
0 0.84921875 0.97734375 0.0640625 0.0453125
0 0.97421875 0.30625 0.0515625 0.0625
0 0.16015625 0.15546875 0.0609375 0.0625
0 0.90390625 0.85390625 0.05625 0.0625
0 0.8609375 0.7015625 0.0625 0.0625
0 0.16171875 0.484375 0.0640625 0.0640625
0 0.1171875 0.6640625 0.0640625 0.0640625
0 0.315625 0.1921875 0.0625 0.0625
0 0.7609375 0.06953125 0.059375 0.05
0 0.334375 0.5734375 0.0640625 0.0640625
0 0.4578125 0.18046875 0.0625 0.0625
0 0.96875 0.584375 0.0609375 0.0640625
0 0.28984375 0.75546875 0.0640625 0.0640625
0 0.8234375 0.26875 0.0625 0.0640625
0 0.0375 0.35703125 0.0453125 0.059375
0 0.1953125 0.91875 0.059375 0.05
0 0.9578125 0.3953125 0.0625 0.0625
0 0.9328125 0.628125 0.0625 0.0625
0 0.69765625 0.8046875 0.0625 0.0625
0 0.8796875 0.6140625 0.0625 0.0625
0 0.98125 0.35859375 0.0375 0.0640625
0 0.6484375 0.31796875 0.0625 0.0625
0 0.02578125 0.83203125 0.0515625 0.0640625
0 0.33828125 0.1015625 0.0625 0.0640625
0 0.46015625 0.51015625 0.0640625 0.0640625
0 0.1109375 0.46875 0.0640625 0.0640625
0 0.0640625 0.31640625 0.0625 0.0625
0 0.0953125 0.41875 0.0625 0.0640625
0 0.80859375 0.69140625 0.0640625 0.0640625
0 0.5390625 0.76875 0.0625 0.0640625
0 0.44921875 0.79453125 0.0625 0.0640625
0 0.93515625 0.1546875 0.0625 0.0625
0 0.8359375 0.79296875 0.0625 0.0625
0 0.23046875 0.21484375 0.0625 0.0625
0 0.528125 0.5765625 0.0640625 0.0640625
0 0.5640625 0.990625 0.0625 0.01875
0 0.275 0.3703125 0.0640625 0.0640625
0 0.18515625 0.39609375 0.0640625 0.0640625
0 0.06484375 0.653125 0.0625 0.0625
0 0.35234375 0.95859375 0.059375 0.05
0 0.2375 0.40703125 0.0625 0.0625
0 0.1703125 0.67734375 0.0640625 0.0640625
0 0.4953125 0.1421875 0.0625 0.0625
0 0.27265625 0.0390625 0.0640625 0.0640625
0 0.40625 0.16953125 0.0625 0.0625
0 0.415625 0.36328125 0.0625 0.0625
0 0.49453125 0.95078125 0.0640625 0.0640625
0 0.84921875 0.51171875 0.0640625 0.0640625
0 0.1765625 0.534375 0.0640625 0.0640625
0 0.26328125 0.1796875 0.0625 0.0625
0 0.8921875 0.3328125 0.0625 0.0625
0 0.0421875 0.73828125 0.0640625 0.0640625
0 0.22265625 0.69296875 0.0625 0.0625
0 0.7296875 0.909375 0.0640625 0.0640625
0 0.51015625 0.19375 0.0625 0.0625
0 0.31796875 0.52265625 0.0625 0.0625
0 0.47109375 0.703125 0.0640625 0.0640625
0 0.80234375 0.83203125 0.0625 0.0625
0 0.0140625 0.5859375 0.028125 0.0625
0 0.13203125 0.71796875 0.0640625 0.0640625
0 0.340625 0.43203125 0.0625 0.0625
0 0.65078125 0.97890625 0.0640625 0.0421875
0 0.971875 0.446875 0.05625 0.0625
0 0.546875 0.48515625 0.0640625 0.0640625
0 0.60625 0.83359375 0.0640625 0.0640625
0 0.55859375 0.3453125 0.0625 0.0625
0 0.20625 0.63984375 0.0640625 0.0640625
0 0.44453125 0.1296875 0.0625 0.0625
0 0.575 0.72890625 0.0640625 0.0640625
0 0.1625 0.81796875 0.0625 0.0625
0 0.425 0.54921875 0.0640625 0.0640625
0 0.68984375 0.4734375 0.0625 0.0625
0 0.96875 0.12265625 0.059375 0.0515625
0 0.38671875 0.58671875 0.0640625 0.0640625
0 0.0078125 0.8625 0.015625 0.05625
0 0.76953125 0.25859375 0.0640625 0.0640625
0 0.6859375 0.61640625 0.0625 0.0625
0 0.35390625 0.48359375 0.0640625 0.0640625
0 0.5171875 0.0515625 0.0625 0.0625
0 0.78203125 0.92265625 0.0625 0.0625
0 0.27421875 0.70546875 0.0625 0.0640625
0 0.2 0.4453125 0.0640625 0.065625
0 0.75546875 0.67890625 0.0625 0.0625
0 0.428125 0.0796875 0.0625 0.0625
0 0.86015625 0.23125 0.0640625 0.0640625
0 0.57109375 0.8703125 0.0640625 0.0640625
0 0.57890625 0.25546875 0.0625 0.0625
0 0.15546875 0.625 0.0640625 0.0640625
0 0.865625 0.56171875 0.0625 0.0625
0 0.66015625 0.36953125 0.0640625 0.0640625
0 0.7140625 0.85625 0.0625 0.0625
0 0.2890625 0.42421875 0.0625 0.0625
0 0.91640625 0.109375 0.0578125 0.0515625
0 0.4046875 0.96875 0.0609375 0.0546875
0 0.13046875 0.053125 0.0625 0.0625
0 0.91640625 0.5765625 0.0625 0.0625
0 0.39375 0.7828125 0.0640625 0.0640625
0 0.2671875 0.5125 0.0625 0.0625
0 0.73515625 0.296875 0.0625 0.0625
0 0.01796875 0.778125 0.0359375 0.0625
0 0.18203125 0.06484375 0.0625 0.0640625
0 0.3359375 0.9125 0.0640625 0.065625
0 0.90625 0.38125 0.0640625 0.0640625
0 0.5515625 0.02265625 0.0625 0.0453125
0 0.59453125 0.309375 0.0625 0.0625
0 0.1046875 0.09140625 0.0484375 0.0609375
0 0.125 0.015625 0.04375 0.03125
0 0.584375 0.4484375 0.0625 0.0625
0 0.41875 0.6890625 0.0640625 0.0640625
0 0.7984375 0.49921875 0.0625 0.0625
0 0.62734375 0.7421875 0.0640625 0.0640625
0 0.2515625 0.128125 0.0625 0.0625
0 0.80390625 0.3609375 0.0625 0.0625
0 0.38203125 0.73125 0.0625 0.0625
0 0.775 0.590625 0.0625 0.0625
0 0.6296875 0.26953125 0.0625 0.0640625
0 0.20078125 0.78359375 0.0609375 0.0609375
0 0.7078125 0.5234375 0.0625 0.0625
0 0.9015625 0.5234375 0.0625 0.0625
0 0.9890625 0.40859375 0.021875 0.0640625
0 0.42109375 0.22109375 0.0625 0.0625
0 0.8453125 0.18203125 0.0625 0.0625
0 0.890625 0.80390625 0.0625 0.0625
0 0.44921875 0.0109375 0.0609375 0.021875
0 0.6921875 0.94765625 0.0640625 0.065625
0 0.2296875 0.88671875 0.0640625 0.0640625
0 0.4921875 0.28359375 0.0625 0.0625
0 0.10859375 0.1421875 0.0625 0.0625
0 0.40859375 0.49921875 0.0640625 0.065625
0 0.66796875 0.234375 0.0625 0.0625
0 0.81875 0.409375 0.0625 0.0625
0 0.75234375 0.34453125 0.0640625 0.0640625
0 0.65859375 0.0453125 0.059375 0.0515625
0 0.65078125 0.1796875 0.0625 0.0625
0 0.853125 0.846875 0.0640625 0.0640625
0 0.60078125 0.17109375 0.0625 0.0625
0 0.5109375 0.9859375 0.059375 0.028125
0 0.4640625 0.84453125 0.0640625 0.0640625
0 0.83828125 0.32265625 0.0625 0.0625
0 0.5359375 0.43359375 0.0609375 0.0609375
0 0.46875 0.37421875 0.0609375 0.0625
0 0.828125 0.60234375 0.0625 0.0625
0 0.6046875 0.03359375 0.0625 0.0546875
0 0.9234375 0.43359375 0.0625 0.0625
0 0.88046875 0.9484375 0.05625 0.0625
0 0.009375 0.728125 0.01875 0.0625
0 0.0265625 0.496875 0.053125 0.0625
0 0.13984375 0.575 0.0640625 0.0640625
0 0.7921875 0.16953125 0.0625 0.0625
0 0.67265625 0.5625 0.0625 0.0640625
0 0.5984375 0.63984375 0.065625 0.0640625
0 0.72421875 0.10234375 0.0640625 0.0640625
0 0.21796875 0.0296875 0.0640625 0.059375
0 0.68125 0.75546875 0.0625 0.0625
0 0.32734375 0.3828125 0.0625 0.0625
0 0.3046875 0.80546875 0.0640625 0.0640625
0 0.475 0.23359375 0.0625 0.0625
0 0.44375 0.4609375 0.0609375 0.0609375
0 0.3015625 0.1421875 0.0625 0.0625
0 0.33203125 0.2421875 0.0625 0.0625
0 0.5078125 0.66796875 0.0625 0.0625
0 0.79296875 0.640625 0.0640625 0.0640625
0 0.98046875 0.4953125 0.0390625 0.0625
0 0.2828125 0.8984375 0.065625 0.0640625
0 0.540625 0.296875 0.0609375 0.0609375
0 0.72421875 0.57578125 0.0625 0.0625
0 0.56015625 0.6796875 0.0625 0.0625
0 0.2875 0.0859375 0.0640625 0.0640625
0 0.175 0.203125 0.0640625 0.0625
0 0.796875 0.96953125 0.065625 0.0609375
0 0.36171875 0.34609375 0.065625 0.0640625
0 0.7171875 0.71484375 0.0625 0.0625
0 0.490625 0.6171875 0.0609375 0.0609375
0 0.5984375 0.97265625 0.0625 0.0546875
0 0.07265625 0.51171875 0.0625 0.0625
0 0.73359375 0.76796875 0.0625 0.0625
0 0.190625 0.253125 0.0640625 0.0640625
0 0.46640625 0.03984375 0.0625 0.0625
0 0.47890625 0.090625 0.0609375 0.0609375
0 0.515625 0.86015625 0.0625 0.0625
0 0.75859375 0.9890625 0.0640625 0.021875
0 0.246875 0.93046875 0.0609375 0.053125
0 0.4375 0.2671875 0.0640625 0.0640625
0 0.78203125 0.446875 0.0640625 0.0640625
0 0.440625 0.60234375 0.0640625 0.0640625
0 0.78515625 0.78046875 0.0625 0.0625
0 0.59140625 0.78359375 0.0625 0.0625
0 0.08984375 0.8921875 0.059375 0.0515625
0 0.12578125 0.85703125 0.0625 0.0625
0 0.36953125 0.534375 0.0640625 0.0640625
0 0.25234375 0.46328125 0.0625 0.0625
0 0.5515625 0.82421875 0.0625 0.0625
0 0.35 0.628125 0.0625 0.0625
0 0.18515625 0.73203125 0.0625 0.0625
0 0.3765625 0.396875 0.0625 0.0625
0 0.62265625 0.8859375 0.0640625 0.0640625
0 0.64296875 0.79609375 0.0609375 0.0609375
0 0.93984375 0.484375 0.0625 0.0625
0 0.546875 0.9625 0.0625 0.0625
0 0.1171875 0.328125 0.0625 0.0625
0 0.7015625 0.19296875 0.0625 0.0625
0 0.896875 0.66640625 0.0625 0.0625
0 0.04921875 0.6015625 0.0625 0.0625
0 0.20625 0.30546875 0.0640625 0.0640625
0 0.88046875 0.14140625 0.0640625 0.0640625
0 0.3609375 0.02265625 0.0625 0.0453125
0 0.60234375 0.496875 0.0640625 0.065625
0 0.26875 0.84609375 0.0640625 0.0640625
0 0.94296875 0.34453125 0.0625 0.0625
0 0.56328125 0.2078125 0.0625 0.0625
0 0.534375 0.909375 0.0640625 0.0640625
0 0.3765625 0.0640625 0.0625 0.0625
0 0.6359375 0.13046875 0.0625 0.0625
0 0.56953125 0.065625 0.0625 0.0625
0 0.984375 0.2171875 0.03125 0.0625
0 0.8140625 0.08359375 0.0609375 0.0515625
0 0.70390625 0.984375 0.0640625 0.03125
0 0.178125 0.87421875 0.0625 0.0640625
0 0.215625 0.83359375 0.0640625 0.0640625
0 0.25859375 0.65234375 0.0625 0.0640625
0 0.1421875 0.90625 0.059375 0.05
0 0.21484375 0.49765625 0.0625 0.0625
0 0.678125 0.89453125 0.0640625 0.065625
0 0.3109375 0.66328125 0.0640625 0.0640625
0 0.22265625 0.3578125 0.0625 0.0625
0 0.3203125 0.8578125 0.0640625 0.065625
0 0.4765625 0.5609375 0.0640625 0.0640625
0 0.92421875 0.7671875 0.0578125 0.0625
0 0.8328125 0.93515625 0.0625 0.0640625
0 0.62109375 0.08125 0.0625 0.0625
0 0.546875 0.153125 0.0640625 0.0640625
0 0.9921875 0.2703125 0.015625 0.0625
0 0.190625 0.58828125 0.0625 0.0640625
0 0.9859375 0.54375 0.028125 0.05625
0 0.19765625 0.1203125 0.0625 0.0609375
0 0.76484375 0.8703125 0.0625 0.0640625
0 0.296875 0.6125 0.065625 0.0640625
0 0.153125 0.28984375 0.0640625 0.0640625
0 0.84375 0.6578125 0.0625 0.0625
0 0.25859375 0.31953125 0.0625 0.0625
0 0.34296875 0.76796875 0.0625 0.0640625
0 0.39921875 0.30703125 0.0640625 0.0640625
0 0.1640625 0.021875 0.0625 0.04375
0 0.43125 0.409375 0.0625 0.0625
0 0.28125 0.22890625 0.0625 0.0625
0 0.584375 0.1140625 0.0640625 0.0640625
0 0.87578125 0.28359375 0.0625 0.0625
0 0.77734375 0.11875 0.0625 0.0625
0 0.30859375 0.015625 0.0609375 0.03125
0 0.8078125 0.21953125 0.0625 0.0625
0 0.95390625 0.53515625 0.0625 0.0640625
0 0.49765625 0.47265625 0.0609375 0.0609375
0 0.51875 0.3859375 0.0625 0.0625
0 0.3640625 0.6796875 0.0640625 0.0640625
0 0.1109375 0.80546875 0.0609375 0.0609375
0 0.24296875 0.26953125 0.0625 0.0625
0 0.634375 0.6015625 0.0625 0.0625
0 0.58515625 0.92421875 0.0625 0.0625
0 0.2109375 0.1671875 0.0625 0.0625
0 0.71953125 0.24296875 0.0609375 0.0625
0 0.4828125 0.425 0.0609375 0.0609375
0 0.4984375 0.015625 0.059375 0.03125
0 0.25625 0.009375 0.0625 0.01875
0 0.40078125 0.640625 0.0625 0.0625
0 0.6359375 0.9359375 0.065625 0.065625
0 0.30078125 0.47421875 0.0609375 0.0609375
0 0.65625 0.51015625 0.0640625 0.0640625
0 0.3890625 0.921875 0.0625 0.0640625
0 0.453125 0.32109375 0.0640625 0.0640625
0 0.08671875 0.5609375 0.0625 0.0625
0 0.6875 0.146875 0.0625 0.0625
0 0.00703125 0.53671875 0.0140625 0.0578125
0 0.12578125 0.5234375 0.0640625 0.0640625
0 0.53125 0.1046875 0.0640625 0.0640625
0 0.5453125 0.62734375 0.0640625 0.0640625
0 0.72890625 0.43671875 0.0625 0.0625
0 0.390625 0.11640625 0.0625 0.0625
0 0.37421875 0.87109375 0.0640625 0.0640625
0 0.43515625 0.74296875 0.0640625 0.0640625
0 0.059375 0.26875 0.04375 0.0578125
0 0.67265625 0.0921875 0.0625 0.0625
0 0.94921875 0.20703125 0.0625 0.0625
0 0.50390625 0.334375 0.0625 0.0625
0 0.4421875 0.934375 0.0625 0.0640625
0 0.0375 0.87734375 0.0625 0.0546875
0 0.08671875 0.2296875 0.0625 0.0609375
0 0.08125 0.7046875 0.0640625 0.0640625
0 0.3 0.9453125 0.0609375 0.05
0 0.625 0.40859375 0.0609375 0.0609375
0 0.76953125 0.7296875 0.0640625 0.0640625
0 0.7015625 0.66484375 0.0625 0.0625
0 0.14609375 0.1046875 0.0625 0.0640625
0 0.8546875 0.37265625 0.0625 0.0625
0 0.69921875 0.3328125 0.0609375 0.0625
0 0.73984375 0.15390625 0.0625 0.0625
0 0.828125 0.1328125 0.0625 0.0625
0 0.146875 0.76875 0.0625 0.0625
0 0.66484375 0.703125 0.0625 0.0625
0 0.6828125 0.284375 0.0609375 0.0609375
0 0.76640625 0.3984375 0.0640625 0.0640625
0 0.97734375 0.16640625 0.0453125 0.0640625
0 0.834375 0.46171875 0.0625 0.0625
0 0.3234375 0.0515625 0.0625 0.0625
0 0.89765625 0.190625 0.0640625 0.0640625
0 0.6046875 0.36328125 0.0625 0.0609375
0 0.4796875 0.8984375 0.0640625 0.0640625
0 0.14609375 0.43359375 0.0625 0.0640625
0 0.50078125 0.80859375 0.0625 0.0625
0 0.3109375 0.334375 0.0625 0.0625
0 0.24296875 0.6 0.0640625 0.065625
0 0.61171875 0.68984375 0.0625 0.0625
0 0.05703125 0.79375 0.0640625 0.0640625
0 0.875 0.75546875 0.0625 0.0625
0 0.16953125 0.34375 0.0640625 0.0640625
0 0.234375 0.07734375 0.0625 0.0625
0 0.56484375 0.540625 0.0625 0.0625
0 0.4140625 0.0296875 0.0625 0.059375
0 0.4546875 0.65234375 0.0625 0.0625
0 0.96484375 0.25625 0.0625 0.0625
0 0.36796875 0.2078125 0.0625 0.0625
0 0.2796875 0.56484375 0.0625 0.0625
0 0.346875 0.2953125 0.0625 0.0625
0 0.8859375 0.47578125 0.0625 0.0625
0 0.52421875 0.7171875 0.0625 0.0625
0 0.5734375 0.4 0.059375 0.059375
0 0.05703125 0.459375 0.0625 0.0640625
0 0.1 0.28046875 0.0625 0.0625
0 0.23671875 0.746875 0.0625 0.0625
0 0.034375 0.54921875 0.0625 0.0625
0 0.390625 0.45078125 0.0609375 0.0609375
0 0.41171875 0.834375 0.0625 0.0640625
0 0.74296875 0.9625 0.0625 0.0625
0 0.78515625 0.3109375 0.0625 0.0625
0 0.6765625 0.42265625 0.0625 0.0625
0 0.12421875 0.19140625 0.0609375 0.0625
0 0.82265625 0.74375 0.0625 0.0625
0 0.74296875 0.4875 0.0625 0.0625
0 0.10234375 0.6125 0.0625 0.0625
0 0.07890625 0.3734375 0.0625 0.0625
0 0.021875 0.640625 0.04375 0.0625
0 0.45625 0.98046875 0.059375 0.0390625