0 0.81015625 0.603125 0.05 0.05078125
0 0.771875 0.98828125 0.05 0.0234375
0 0.7375 0.56328125 0.0515625 0.0515625
0 0.93046875 0.98828125 0.0515625 0.0234375
0 0.97109375 0.60625 0.053125 0.05234375
0 0.57734375 0.559375 0.0515625 0.0515625
0 0.7328125 0.65 0.05078125 0.05078125
0 0.65546875 0.603125 0.0515625 0.0515625
0 0.90625 0.959375 0.0515625 0.0515625
0 0.85390625 0.96171875 0.05 0.05078125
0 0.8109375 0.69140625 0.0515625 0.05078125
0 0.8296875 0.915625 0.0515625 0.0515625
0 0.78203125 0.7375 0.05 0.05078125
0 0.94609375 0.5578125 0.05078125 0.05078125
0 0.77734375 0.915625 0.05078125 0.05078125
0 0.98125 0.91484375 0.0375 0.0515625
0 0.74765625 0.95859375 0.05078125 0.0515625
0 0.70703125 0.603125 0.0515625 0.0515625
0 0.69453125 0.9578125 0.0515625 0.0515625
0 0.83359375 0.7359375 0.05 0.05
0 0.7296875 0.7390625 0.05078125 0.05078125
0 0.78828125 0.5609375 0.05078125 0.0515625
0 0.93671875 0.91953125 0.05 0.05078125
0 0.9421875 0.734375 0.05 0.04921875
0 0.821875 0.98671875 0.0515625 0.0265625
0 0.59453125 0.68828125 0.05 0.04921875
0 0.5484375 0.60390625 0.05 0.04921875
0 0.70546875 0.6921875 0.0515625 0.05234375
0 0.8625 0.69453125 0.05078125 0.05
0 0.6296875 0.55546875 0.05234375 0.05078125
0 0.96875 0.69296875 0.0546875 0.05234375
0 0.7015625 0.7796875 0.05078125 0.04921875
0 0.78359375 0.64453125 0.05078125 0.0515625
0 0.88828125 0.64765625 0.053125 0.05390625
0 0.7515625 0.8703125 0.05234375 0.05078125
0 0.70859375 0.5125 0.05234375 0.053125
0 0.83515625 0.65 0.05 0.05
0 0.57109375 0.6453125 0.05078125 0.05
0 0.94375 0.6453125 0.053125 0.05234375
0 0.66484375 0.90234375 0.0484375 0.04921875
0 0.7546875 0.78515625 0.05078125 0.05
0 0.97421875 0.5171875 0.0515625 0.053125
0 0.9828125 0.825 0.034375 0.0515625
0 0.76015625 0.603125 0.05 0.05
0 0.52578125 0.46953125 0.05078125 0.0515625
0 0.984375 0.7375 0.03125 0.0515625
0 0.678125 0.740625 0.0515625 0.05
0 0.96484375 0.77734375 0.053125 0.05078125
0 0.8609375 0.5984375 0.05 0.05078125
0 0.6515625 0.69140625 0.053125 0.0515625
0 0.62578125 0.73671875 0.05 0.05
0 0.65546875 0.50859375 0.05078125 0.053125
0 0.6234375 0.64296875 0.05078125 0.04921875
0 0.65078125 0.78203125 0.05 0.04921875
0 0.75859375 0.69375 0.05 0.0515625
0 0.8 0.95703125 0.0515625 0.05
0 0.80546875 0.78046875 0.05078125 0.05
0 0.91171875 0.77578125 0.0515625 0.05
0 0.8671875 0.5140625 0.0515625 0.0515625
0 0.68046875 0.64375 0.0515625 0.05078125
0 0.76484375 0.5140625 0.05234375 0.053125
0 0.52265625 0.55859375 0.05078125 0.05078125
0 0.60390625 0.51171875 0.0515625 0.0515625
0 0.684375 0.55703125 0.053125 0.05234375
0 0.96015625 0.9609375 0.05078125 0.05078125
0 0.721875 0.91328125 0.05234375 0.05
0 0.82734375 0.8265625 0.04921875 0.04921875
0 0.5515625 0.51171875 0.05234375 0.0515625
0 0.9390625 0.8265625 0.05 0.05234375
0 0.9859375 0.65 0.028125 0.0515625
0 0.4453125 0.42421875 0.05078125 0.0515625
0 0.72578125 0.8234375 0.05078125 0.0515625
0 0.91640625 0.69921875 0.05 0.05
0 0.9875 0.5640625 0.025 0.0515625
0 0.878125 0.81796875 0.05234375 0.0515625
0 0.5421875 0.68828125 0.0484375 0.0484375
0 0.92109375 0.5109375 0.0515625 0.05390625
0 0.41953125 0.46875 0.04921875 0.04921875
0 0.85546875 0.78203125 0.05234375 0.0484375
0 0.91640625 0.59921875 0.053125 0.05078125
0 0.88828125 0.734375 0.05390625 0.04921875
0 0.39140625 0.42265625 0.05078125 0.0515625
0 0.915625 0.8734375 0.0484375 0.04921875
0 0.9640625 0.87265625 0.05 0.04921875
0 0.8359375 0.5578125 0.0515625 0.05078125
0 0.5171875 0.6421875 0.04921875 0.0484375
0 0.60390625 0.603125 0.05078125 0.05
0 0.8984375 0.56171875 0.0484375 0.05
0 0.696875 0.86796875 0.05 0.05
0 0.85625 0.86640625 0.0515625 0.05078125
0 0.81640625 0.509375 0.0484375 0.05
0 0.5875 0.7640625 0.04921875 0.04765625
0 0.47109375 0.4703125 0.04921875 0.04765625
0 0.803125 0.871875 0.04765625 0.04921875
0 0.5015625 0.60078125 0.04609375 0.046875
0 0.49375 0.5109375 0.05234375 0.05078125
0 0.88125 0.915625 0.05078125 0.05
0 0.78046875 0.828125 0.05078125 0.04921875
0 0.6765625 0.82734375 0.04921875 0.046875
0 0.71953125 0.9875 0.05 0.025
0 0.4703125 0.5796875 0.04609375 0.046875
0 0.6078125 0.8046875 0.05 0.05
0 0.4578125 0.54296875 0.05078125 0.04921875
0 0.565625 0.72890625 0.04921875 0.046875
0 0.4359375 0.49765625 0.0484375 0.04765625