0 0.065625 0.04453125 0.05390625 0.05546875
0 0.0203125 0.43671875 0.040625 0.0546875
0 0.06640625 0.4359375 0.053125 0.0546875
0 0.0953125 0.38671875 0.0546875 0.0546875
0 0.15078125 0.18828125 0.05390625 0.05546875
0 0.18203125 0.04453125 0.0546875 0.0546875
0 0.0203125 0.5359375 0.040625 0.05625
0 0.01953125 0.3375 0.0390625 0.053125
0 0.09453125 0.1890625 0.0546875 0.0546875
0 0.01875 0.14140625 0.0375 0.05625
0 0.06875 0.14140625 0.05390625 0.05546875
0 0.06796875 0.23828125 0.0546875 0.05625
0 0.09453125 0.0109375 0.05625 0.021875
0 0.2671875 0.0125 0.0546875 0.025
0 0.20859375 0.01328125 0.0546875 0.0265625
0 0.18046875 0.24140625 0.05390625 0.05390625
0 0.0671875 0.3375 0.05234375 0.0546875
0 0.0390625 0.3859375 0.053125 0.0546875
0 0.1515625 0.01171875 0.053125 0.0234375
0 0.26484375 0.19375 0.053125 0.0546875
0 0.1515625 0.2859375 0.05390625 0.05390625
0 0.01796875 0.04375 0.0359375 0.0546875
0 0.03671875 0.0109375 0.053125 0.021875
0 0.2375 0.046875 0.0546875 0.053125
0 0.03828125 0.19140625 0.0546875 0.05703125
0 0.01875 0.2359375 0.0375 0.0546875
0 0.15390625 0.09453125 0.05625 0.05703125
0 0.37734375 0.01015625 0.053125 0.0203125
0 0.2109375 0.08984375 0.053125 0.053125
0 0.18203125 0.14140625 0.053125 0.05390625
0 0.12265625 0.0453125 0.0546875 0.05546875
0 0.32265625 0.0125 0.0546875 0.025
0 0.26640625 0.0921875 0.053125 0.05234375
0 0.29453125 0.0453125 0.0546875 0.05390625
0 0.0390625 0.090625 0.0546875 0.0546875
0 0.0953125 0.28671875 0.05546875 0.05546875
0 0.23828125 0.14296875 0.053125 0.0546875
0 0.29296875 0.14140625 0.0515625 0.05078125
0 0.20703125 0.1890625 0.0546875 0.05390625
0 0.0375 0.28828125 0.053125 0.053125
0 0.121875 0.3375 0.053125 0.0546875
0 0.35 0.0453125 0.05390625 0.05390625
0 0.125 0.23671875 0.053125 0.05390625
0 0.03828125 0.48515625 0.053125 0.053125
0 0.04453125 0.58671875 0.053125 0.0546875
0 0.09609375 0.0921875 0.05625 0.05546875
0 0.2078125 0.28359375 0.05390625 0.053125
0 0.02265625 0.63359375 0.0453125 0.053125
0 0.2359375 0.23828125 0.05234375 0.0515625
0 0.125 0.43203125 0.05234375 0.053125
0 0.12421875 0.13984375 0.05234375 0.053125
0 0.15234375 0.38671875 0.05390625 0.0546875
0 0.06953125 0.5328125 0.05390625 0.0546875
0 0.3203125 0.09765625 0.04921875 0.05234375
0 0.09609375 0.484375 0.0546875 0.05390625
0 0.18125 0.3359375 0.05234375 0.053125