0 0.05078125 0.2796875 0.053125 0.053125
0 0.2703125 0.18125 0.053125 0.05390625
0 0.0828125 0.42265625 0.053125 0.05390625
0 0.16015625 0.184375 0.05390625 0.053125
0 0.20703125 0.01015625 0.053125 0.0203125
0 0.0421875 0.01171875 0.053125 0.0234375
0 0.03203125 0.61484375 0.053125 0.053125
0 0.07421875 0.1375 0.05390625 0.053125
0 0.0140625 0.47109375 0.028125 0.0546875
0 0.40625 0.03671875 0.0546875 0.053125
0 0.1296875 0.1375 0.053125 0.0546875
0 0.02265625 0.23515625 0.0453125 0.053125
0 0.075 0.23203125 0.05390625 0.0546875
0 0.21484375 0.184375 0.053125 0.05390625
0 0.2953125 0.1359375 0.053125 0.053125
0 0.046875 0.1875 0.053125 0.05390625
0 0.1109375 0.4703125 0.05546875 0.05546875
0 0.29296875 0.0375 0.05390625 0.05390625
0 0.24296875 0.23125 0.053125 0.0546875
0 0.1375 0.42109375 0.05390625 0.0546875
0 0.05390625 0.3765625 0.05234375 0.053125
0 0.05703125 0.4734375 0.053125 0.053125
0 0.19609375 0.42265625 0.053125 0.0515625
0 0.0703125 0.040625 0.053125 0.053125
0 0.0984375 0.01171875 0.053125 0.0234375
0 0.01328125 0.37421875 0.0265625 0.053125
0 0.18671875 0.23359375 0.05390625 0.053125
0 0.01640625 0.66484375 0.0328125 0.0546875
0 0.23671875 0.03984375 0.05390625 0.053125
0 0.05703125 0.56640625 0.05234375 0.05234375
0 0.13515625 0.32890625 0.053125 0.053125
0 0.1515625 0.0125 0.053125 0.025
0 0.02109375 0.04375 0.0421875 0.0515625
0 0.31640625 0.0109375 0.053125 0.021875
0 0.01484375 0.56796875 0.0296875 0.0546875
0 0.13125 0.2328125 0.053125 0.053125
0 0.240625 0.13671875 0.05234375 0.053125
0 0.2171875 0.2796875 0.05234375 0.05234375
0 0.1625 0.2796875 0.05390625 0.05234375
0 0.084375 0.52109375 0.05390625 0.05234375
0 0.16484375 0.37421875 0.05234375 0.053125
0 0.1265625 0.0421875 0.05390625 0.05234375
0 0.2109375 0.0875 0.05234375 0.05234375
0 0.1859375 0.13515625 0.053125 0.05390625
0 0.10625 0.28046875 0.053125 0.053125
0 0.028125 0.51875 0.05234375 0.053125
0 0.1890625 0.32734375 0.053125 0.05390625
0 0.26796875 0.08828125 0.053125 0.05390625
0 0.32421875 0.18046875 0.0515625 0.053125
0 0.02578125 0.328125 0.0515625 0.0546875
0 0.1015625 0.18515625 0.053125 0.05390625
0 0.10078125 0.0890625 0.053125 0.053125
0 0.028125 0.42421875 0.05234375 0.05234375
0 0.02265625 0.1375 0.0453125 0.053125
0 0.15703125 0.08984375 0.05234375 0.05390625
0 0.11328125 0.56796875 0.0546875 0.053125
0 0.321875 0.08671875 0.053125 0.053125
0 0.17265625 0.46875 0.05625 0.0546875
0 0.1078125 0.37421875 0.05234375 0.05234375
0 0.3515625 0.1328125 0.05234375 0.0515625
0 0.14375 0.515625 0.0546875 0.0546875
0 0.275 0.28046875 0.0515625 0.0515625
0 0.07890625 0.32890625 0.05234375 0.053125
0 0.0453125 0.09140625 0.053125 0.053125
0 0.34609375 0.0390625 0.053125 0.05390625
0 0.0859375 0.61328125 0.05078125 0.05234375
0 0.18203125 0.04140625 0.0515625 0.053125
0 0.2953125 0.23203125 0.053125 0.053125
0 0.03828125 0.7171875 0.053125 0.053125
0 0.24609375 0.32578125 0.05390625 0.053125
0 0.378125 0.084375 0.05078125 0.05078125
0 0.01796875 0.7625 0.0359375 0.053125
0 0.06171875 0.66328125 0.05234375 0.053125
0 0.22109375 0.37578125 0.05234375 0.053125