0 0.81015625 0.071875 0.05 0.05078125
0 0.8984375 0.7 0.05 0.05234375
0 0.771875 0.4703125 0.05 0.05
0 0.94921875 0.6984375 0.05234375 0.05234375
0 0.7375 0.03203125 0.0515625 0.0515625
0 0.93046875 0.47109375 0.05234375 0.0515625
0 0.975 0.74453125 0.05 0.0515625
0 0.90546875 0.51875 0.0515625 0.05234375
0 0.85234375 0.51953125 0.05234375 0.05234375
0 0.7953125 0.515625 0.05234375 0.0515625
0 0.97109375 0.075 0.053125 0.05234375
0 0.57734375 0.028125 0.0515625 0.0515625
0 0.7328125 0.11875 0.05078125 0.05078125
0 0.65546875 0.071875 0.0515625 0.0515625
0 0.89921875 0.60703125 0.0515625 0.05078125
0 0.82421875 0.5625 0.0515625 0.0515625
0 0.90625 0.428125 0.0515625 0.0515625
0 0.97890625 0.47109375 0.0421875 0.0515625
0 0.85390625 0.43046875 0.05 0.05078125
0 0.975 0.83671875 0.05 0.0515625
0 0.9296875 0.56328125 0.0515625 0.05078125
0 0.8109375 0.16015625 0.0515625 0.05078125
0 0.8296875 0.384375 0.0515625 0.0515625
0 0.78203125 0.20625 0.05 0.05078125
0 0.94609375 0.0265625 0.05078125 0.05078125
0 0.86796875 0.74375 0.0515625 0.0515625
0 0.77734375 0.384375 0.05078125 0.05078125
0 0.98125 0.38359375 0.0375 0.0515625
0 0.74765625 0.42734375 0.05078125 0.0515625
0 0.9890625 0.79140625 0.021875 0.0515625
0 0.70703125 0.071875 0.0515625 0.0515625
0 0.846875 0.6078125 0.05078125 0.05078125
0 0.69453125 0.4265625 0.0515625 0.0515625
0 0.978125 0.56328125 0.04375 0.05
0 0.83359375 0.2046875 0.05 0.05
0 0.9484375 0.7875 0.0515625 0.05078125
0 0.8703125 0.65078125 0.05078125 0.0515625
0 0.7296875 0.2078125 0.05078125 0.05078125
0 0.78828125 0.0296875 0.05078125 0.0515625
0 0.95078125 0.61171875 0.05 0.04921875
0 0.93671875 0.38828125 0.05 0.05078125
0 0.9421875 0.203125 0.05 0.04921875
0 0.821875 0.46875 0.0515625 0.0515625
0 0.59453125 0.15703125 0.05 0.04921875
0 0.5484375 0.07265625 0.05 0.04921875
0 0.70546875 0.1609375 0.0515625 0.05234375
0 0.8625 0.16328125 0.05078125 0.05
0 0.6296875 0.025 0.0515625 0.05
0 0.96875 0.16171875 0.0546875 0.05234375
0 0.7015625 0.2484375 0.05078125 0.04921875
0 0.78359375 0.11328125 0.05078125 0.0515625
0 0.98203125 0.96484375 0.0359375 0.053125
0 0.88828125 0.11640625 0.053125 0.05390625
0 0.7515625 0.3390625 0.05234375 0.05078125
0 0.79375 0.60546875 0.05234375 0.053125
0 0.83515625 0.11875 0.05 0.05
0 0.57109375 0.1140625 0.05078125 0.05
0 0.94375 0.1140625 0.053125 0.05234375
0 0.66484375 0.37109375 0.0484375 0.04921875
0 0.7546875 0.25390625 0.05078125 0.05
0 0.87734375 0.5640625 0.05078125 0.05234375
0 0.9828125 0.29375 0.034375 0.0515625
0 0.89609375 0.78984375 0.05 0.05
0 0.76015625 0.071875 0.05 0.05
0 0.984375 0.20625 0.03125 0.0515625
0 0.678125 0.209375 0.0515625 0.05
0 0.96484375 0.24609375 0.053125 0.05078125
0 0.8609375 0.0671875 0.05 0.05078125
0 0.6515625 0.16015625 0.053125 0.0515625
0 0.62578125 0.20546875 0.05 0.05
0 0.98828125 0.70078125 0.0234375 0.0515625
0 0.92421875 0.65078125 0.04921875 0.05078125
0 0.6234375 0.11171875 0.05078125 0.04921875
0 0.65078125 0.25078125 0.05 0.04921875
0 0.75859375 0.1625 0.05 0.0515625
0 0.8 0.42578125 0.0515625 0.05
0 0.80546875 0.24921875 0.05078125 0.05
0 0.91171875 0.24453125 0.0515625 0.05
0 0.878125 0.47265625 0.05078125 0.0515625
0 0.68046875 0.1125 0.0515625 0.05078125
0 0.98828125 0.60625 0.0234375 0.0515625
0 0.92109375 0.74609375 0.0515625 0.05078125
0 0.52265625 0.02734375 0.05078125 0.05078125
0 0.684375 0.02578125 0.053125 0.0515625
0 0.95703125 0.5171875 0.05078125 0.05234375
0 0.96015625 0.4296875 0.05078125 0.05078125
0 0.721875 0.38203125 0.05234375 0.05
0 0.82734375 0.2953125 0.04921875 0.04921875
0 0.9390625 0.2953125 0.05 0.05234375
0 0.9859375 0.11875 0.028125 0.0515625
0 0.72578125 0.2921875 0.05078125 0.0515625
0 0.9859375 0.88359375 0.028125 0.05
0 0.91640625 0.16796875 0.05 0.05
0 0.9875 0.0328125 0.025 0.0515625
0 0.878125 0.28671875 0.05234375 0.0515625
0 0.5421875 0.15703125 0.0484375 0.0484375
0 0.85546875 0.25078125 0.05234375 0.0484375
0 0.91640625 0.06796875 0.053125 0.05078125
0 0.88828125 0.203125 0.05390625 0.04921875
0 0.97578125 0.65703125 0.0484375 0.0515625
0 0.84453125 0.6984375 0.0515625 0.05078125
0 0.965625 0.91953125 0.05390625 0.05234375
0 0.8203125 0.65 0.05 0.0515625
0 0.915625 0.3421875 0.0484375 0.04921875
0 0.9640625 0.34140625 0.05 0.04921875
0 0.76796875 0.55859375 0.053125 0.05078125
0 0.8359375 0.0265625 0.0515625 0.05078125
0 0.5171875 0.1109375 0.04921875 0.0484375
0 0.60390625 0.071875 0.05078125 0.05
0 0.8984375 0.03046875 0.0484375 0.05
0 0.696875 0.33671875 0.05 0.05
0 0.85625 0.33515625 0.0515625 0.05078125
0 0.928125 0.8625 0.0515625 0.0515625
0 0.5875 0.2328125 0.04921875 0.04765625
0 0.803125 0.340625 0.04765625 0.04921875
0 0.5015625 0.06953125 0.04609375 0.046875
0 0.88125 0.384375 0.05078125 0.05
0 0.78046875 0.296875 0.05078125 0.04921875
0 0.6765625 0.29609375 0.04921875 0.046875
0 0.7484375 0.51953125 0.04765625 0.046875
0 0.71953125 0.46875 0.05 0.04921875
0 0.4703125 0.0484375 0.04609375 0.046875
0 0.6078125 0.2734375 0.05 0.05
0 0.4578125 0.01796875 0.0515625 0.0359375
0 0.565625 0.19765625 0.04921875 0.046875
0 0.92578125 0.83046875 0.04921875 0.04609375