0 0.3453125 0.58203125 0.0546875 0.0546875
0 0.9 0.50546875 0.053125 0.0546875
0 0.8203125 0.86484375 0.0546875 0.0546875
0 0.74375 0.915625 0.0546875 0.053125
0 0.28359375 0.81015625 0.053125 0.0546875
0 0.63671875 0.92265625 0.0546875 0.0546875
0 0.13828125 0.98359375 0.0546875 0.0328125
0 0.19609375 0.6828125 0.053125 0.0546875
0 0.3671875 0.85 0.053125 0.0546875
0 0.76640625 0.8671875 0.0546875 0.0546875
0 0.28984375 0.89921875 0.0546875 0.0546875
0 0.90546875 0.59140625 0.053125 0.0546875
0 0.51796875 0.7546875 0.053125 0.0546875
0 0.4421875 0.8015625 0.0546875 0.0546875
0 0.87890625 0.95234375 0.0546875 0.0546875
0 0.90234375 0.90703125 0.0546875 0.0546875
0 0.503125 0.884375 0.053125 0.0546875
0 0.31953125 0.94296875 0.053125 0.053125
0 0.2140625 0.94921875 0.053125 0.053125
0 0.1140625 0.64375 0.053125 0.0546875
0 0.79765625 0.9140625 0.053125 0.0546875
0 0.24453125 0.98203125 0.0546875 0.0359375
0 0.684375 0.82734375 0.0546875 0.0546875
0 0.1484375 0.77578125 0.0546875 0.0546875
0 0.05078125 0.86953125 0.0546875 0.0546875
0 0.6640625 0.56015625 0.0546875 0.0546875
0 0.5953125 0.70078125 0.053125 0.0546875
0 0.7546875 0.68984375 0.0546875 0.0546875
0 0.52578125 0.84296875 0.053125 0.053125
0 0.97578125 0.85390625 0.0484375 0.0546875
0 0.5625 0.9734375 0.053125 0.0515625
0 0.77265625 0.95703125 0.053125 0.0546875
0 0.12578125 0.821875 0.053125 0.0546875
0 0.1390625 0.59921875 0.0515625 0.0515625
0 0.61328125 0.96953125 0.053125 0.053125
0 0.29609375 0.98046875 0.0546875 0.0390625
0 0.20859375 0.8625 0.0546875 0.0546875
0 0.15625 0.865625 0.053125 0.053125
0 0.3703125 0.9421875 0.053125 0.053125
0 0.21875 0.63515625 0.0546875 0.0546875
0 0.13203125 0.90859375 0.053125 0.0546875
0 0.23046875 0.81328125 0.0546875 0.0546875
0 0.2375 0.903125 0.0546875 0.0546875
0 0.50703125 0.57421875 0.053125 0.053125
0 0.20234375 0.771875 0.0546875 0.0546875
0 0.3953125 0.89609375 0.0546875 0.0546875
0 0.40234375 0.97734375 0.0546875 0.0453125
0 0.04375 0.78125 0.0546875 0.0546875
0 0.984375 0.71875 0.03125 0.053125
0 0.9796875 0.628125 0.040625 0.05625
0 0.92578125 0.86015625 0.0546875 0.0546875
0 0.0375 0.68984375 0.053125 0.0546875
0 0.271875 0.634375 0.053125 0.0546875
0 0.08515625 0.9859375 0.0546875 0.028125
0 0.59921875 0.7890625 0.0546875 0.0546875
0 0.515625 0.659375 0.0546875 0.0546875
0 0.83203125 0.63828125 0.053125 0.0546875
0 0.95546875 0.90234375 0.053125 0.0546875
0 0.14375 0.68515625 0.0546875 0.05625
0 0.7140625 0.8703125 0.053125 0.0546875
0 0.4734375 0.84296875 0.053125 0.0546875
0 0.1609375 0.95 0.0546875 0.0546875
0 0.35390625 0.6734375 0.053125 0.0546875
0 0.071875 0.8203125 0.0546875 0.0546875
0 0.078125 0.91484375 0.0546875 0.053125
0 0.4546875 0.571875 0.053125 0.053125
0 0.75 0.59375 0.0546875 0.0546875
0 0.725 0.64296875 0.053125 0.0546875
0 0.35859375 0.7625 0.0515625 0.0546875
0 0.66015625 0.87109375 0.053125 0.0546875
0 0.76015625 0.78125 0.0546875 0.0546875
0 0.84296875 0.81796875 0.0546875 0.053125
0 0.4609375 0.66328125 0.05625 0.05625
0 0.74140625 0.50859375 0.0546875 0.05625
0 0.69375 0.6046875 0.05625 0.0546875
0 0.3984375 0.578125 0.053125 0.0546875
0 0.43125 0.6203125 0.0546875 0.05625
0 0.85390625 0.59609375 0.053125 0.053125
0 0.0546875 0.96015625 0.0546875 0.0546875
0 0.4203125 0.85078125 0.053125 0.053125
0 0.3140625 0.85546875 0.053125 0.053125
0 0.7359375 0.825 0.053125 0.053125
0 0.778125 0.64140625 0.0546875 0.05625
0 0.5078125 0.97421875 0.05625 0.0515625
0 0.45 0.89609375 0.053125 0.053125
0 0.92890625 0.54453125 0.053125 0.053125
0 0.2921875 0.58984375 0.053125 0.053125
0 0.45390625 0.9765625 0.0546875 0.046875
0 0.2640625 0.54296875 0.0546875 0.0546875
0 0.6078125 0.87421875 0.053125 0.0546875
0 0.61328125 0.5625 0.053125 0.053125
0 0.0890625 0.68671875 0.0546875 0.05625
0 0.8734375 0.86171875 0.053125 0.05625
0 0.84921875 0.91171875 0.053125 0.0546875
0 0.91875 0.77109375 0.0546875 0.053125
0 0.05859375 0.55703125 0.0515625 0.053125
0 0.6171875 0.65625 0.0546875 0.053125
0 0.97890625 0.94140625 0.0421875 0.0546875
0 0.55546875 0.8859375 0.053125 0.053125
0 0.83671875 0.73046875 0.053125 0.0546875
0 0.665625 0.965625 0.05625 0.0546875
0 0.3078125 0.76484375 0.053125 0.053125
0 0.16484375 0.6421875 0.053125 0.053125
0 0.98671875 0.8078125 0.0265625 0.053125
0 0.265625 0.94609375 0.053125 0.053125
0 0.06328125 0.6390625 0.0546875 0.0546875
0 0.9421875 0.72421875 0.0546875 0.05625
0 0.85859375 0.684375 0.0546875 0.0546875
0 0.69140625 0.9203125 0.0546875 0.0546875
0 0.828125 0.5515625 0.053125 0.053125
0 0.9484375 0.81171875 0.0546875 0.0546875
0 0.43671875 0.71328125 0.0546875 0.0546875
0 0.26328125 0.859375 0.053125 0.053125
0 0.3375 0.80703125 0.0546875 0.0546875
0 0.3421875 0.89765625 0.053125 0.0546875
0 0.18984375 0.98203125 0.0546875 0.0359375
0 0.53828125 0.61484375 0.053125 0.0546875
0 0.70703125 0.78515625 0.053125 0.0546875
0 0.89453125 0.81484375 0.053125 0.053125
0 0.78359375 0.73203125 0.0546875 0.0546875
0 0.6765625 0.740625 0.053125 0.053125
0 0.46640625 0.75546875 0.053125 0.053125
0 0.7890625 0.821875 0.0546875 0.0546875
0 0.934375 0.6359375 0.0546875 0.0546875
0 0.546875 0.796875 0.053125 0.053125
0 0.65 0.69921875 0.0546875 0.0546875
0 0.3765625 0.6265625 0.0546875 0.0546875
0 0.93203125 0.9484375 0.0546875 0.0546875
0 0.58203125 0.92890625 0.053125 0.053125
0 0.84921875 0.503125 0.053125 0.05625
0 0.77421875 0.54453125 0.0546875 0.053125
0 0.57890625 0.83359375 0.053125 0.053125
0 0.8890625 0.72578125 0.0546875 0.05625
0 0.67109375 0.65390625 0.0546875 0.053125
0 0.91171875 0.68359375 0.0546875 0.053125
0 0.37109375 0.5390625 0.053125 0.053125
0 0.82421875 0.959375 0.0546875 0.0515625
0 0.9609375 0.58125 0.0546875 0.0546875
0 0.065625 0.734375 0.0546875 0.0546875
0 0.8109375 0.7796875 0.053125 0.053125
0 0.42421875 0.9375 0.053125 0.053125
0 0.38125 0.71640625 0.053125 0.053125
0 0.03671875 0.915625 0.034375 0.053125
0 0.34765625 0.97890625 0.0546875 0.0421875
0 0.72109375 0.96484375 0.0546875 0.0515625
0 0.7015625 0.6953125 0.0546875 0.0546875
0 0.1875 0.5828125 0.0546875 0.05625
0 0.1203125 0.73359375 0.0546875 0.0546875
0 0.96484375 0.6765625 0.05625 0.0546875
0 0.3015625 0.67890625 0.0546875 0.053125
0 0.32265625 0.628125 0.053125 0.0546875
0 0.4234375 0.53359375 0.053125 0.053125
0 0.0203125 0.6453125 0.0296875 0.0515625
0 0.990625 0.9 0.01875 0.053125
0 0.5796875 0.5234375 0.0515625 0.0515625
0 0.10625 0.953125 0.053125 0.0546875
0 0.86484375 0.778125 0.053125 0.0546875
0 0.8828125 0.63671875 0.0546875 0.0546875
0 0.390625 0.80859375 0.053125 0.053125
0 0.64140625 0.61015625 0.053125 0.0546875
0 0.278125 0.72421875 0.053125 0.053125
0 0.03359375 0.603125 0.053125 0.053125
0 0.98203125 0.51953125 0.0359375 0.0515625
0 0.328125 0.71953125 0.0515625 0.053125
0 0.54296875 0.70546875 0.053125 0.0546875
0 0.63359375 0.51953125 0.0515625 0.053125
0 0.97265625 0.76796875 0.0546875 0.0546875
0 0.41171875 0.76015625 0.053125 0.053125
0 0.80390625 0.59375 0.0546875 0.053125
0 0.80546875 0.6875 0.053125 0.0546875
0 0.2484375 0.68203125 0.053125 0.053125
0 0.159375 0.53359375 0.0515625 0.053125
0 0.57109375 0.7484375 0.0546875 0.053125
0 0.6328125 0.82578125 0.053125 0.053125
0 0.72890625 0.73671875 0.053125 0.0546875
0 0.1125 0.55234375 0.0515625 0.053125
0 0.8765625 0.54921875 0.053125 0.053125
0 0.6859375 0.5140625 0.0546875 0.05625
0 0.7203125 0.55234375 0.0546875 0.0546875
0 0.56640625 0.65703125 0.053125 0.053125
0 0.23984375 0.5890625 0.0546875 0.0546875
0 0.2265625 0.728125 0.053125 0.053125
0 0.49375 0.80234375 0.053125 0.053125
0 0.62421875 0.74453125 0.0546875 0.053125
0 0.590625 0.61484375 0.0546875 0.0515625
0 0.040625 0.98828125 0.034375 0.0234375
0 0.21328125 0.5265625 0.05625 0.05625
0 0.559375 0.565625 0.0515625 0.053125
0 0.484375 0.615625 0.053125 0.0546875
0 0.178125 0.8171875 0.053125 0.0546875
0 0.18359375 0.90859375 0.053125 0.053125
0 0.03125 0.82578125 0.0328125 0.053125
0 0.3171875 0.52265625 0.053125 0.0546875
0 0.25546875 0.77109375 0.0515625 0.053125
0 0.478125 0.9359375 0.0546875 0.053125
0 0.103125 0.8671875 0.053125 0.053125
0 0.09609375 0.7796875 0.053125 0.053125
0 0.48984375 0.71015625 0.053125 0.0546875
0 0.4765625 0.5328125 0.05 0.0515625
0 0.17265625 0.7296875 0.053125 0.053125
0 0.95546875 0.48359375 0.0546875 0.0546875
0 0.5328125 0.93671875 0.053125 0.0515625
0 0.025 0.7390625 0.0296875 0.053125
0 0.6546875 0.78203125 0.053125 0.053125
0 0.0890625 0.59453125 0.053125 0.053125
0 0.79453125 0.51171875 0.053125 0.053125
0 0.01796875 0.55390625 0.034375 0.053125
0 0.5234375 0.528125 0.053125 0.05
0 0.40625 0.67578125 0.053125 0.0515625
0 0.53203125 0.4984375 0.0546875 0.053125