0 0.23359375 0.509375 0.059375 0.059375
0 0.0921875 0.86328125 0.059375 0.059375
0 0.29765625 0.7390625 0.059375 0.059375
0 0.140625 0.9859375 0.059375 0.028125
0 0.3359375 0.25625 0.0578125 0.059375
0 0.17265625 0.27890625 0.0578125 0.0578125
0 0.5796875 0.03359375 0.059375 0.059375
0 0.1890625 0.75546875 0.059375 0.059375
0 0.2125 0.56015625 0.0578125 0.059375
0 0.28671875 0.5 0.0578125 0.059375
0 0.04921875 0.584375 0.059375 0.059375
0 0.22109375 0.0484375 0.0578125 0.0421875
0 0.0703125 0.52890625 0.059375 0.059375
0 0.26171875 0.31484375 0.0578125 0.059375
0 0.28203125 0.2640625 0.059375 0.0578125
0 0.54453125 0.0109375 0.0546875 0.021875
0 0.39609375 0.10390625 0.0578125 0.059375
0 0.20625 0.321875 0.059375 0.059375
0 0.01875 0.3015625 0.0375 0.059375
0 0.490625 0.0140625 0.05625 0.028125
0 0.034375 0.10859375 0.0578125 0.059375
0 0.09765625 0.71953125 0.059375 0.059375
0 0.4859375 0.140625 0.0578125 0.059375
0 0.4390625 0.3828125 0.059375 0.059375
0 0.125 0.52421875 0.0578125 0.059375
0 0.009375 0.35234375 0.01875 0.0578125
0 0.38203125 0.02734375 0.0546875 0.0390625
0 0.234375 0.12890625 0.059375 0.059375
0 0.41484375 0.57890625 0.0609375 0.059375
0 0.153125 0.7125 0.059375 0.0609375
0 0.36875 0.3 0.059375 0.059375
0 0.05859375 0.82265625 0.0515625 0.0578125
0 0.11015625 0.81328125 0.0609375 0.0609375
0 0.0984375 0.33671875 0.0609375 0.0609375
0 0.0125 0.2125 0.025 0.059375
0 0.1890625 0.3734375 0.0578125 0.059375
0 0.2875 0.121875 0.0578125 0.059375
0 0.47109375 0.04921875 0.0578125 0.059375
0 0.30625 0.07265625 0.0578125 0.0578125
0 0.19296875 0.2265625 0.0578125 0.0578125
0 0.24296875 0.7484375 0.059375 0.059375
0 0.4171875 0.05546875 0.059375 0.059375
0 0.3171875 0.690625 0.059375 0.059375
0 0.0765625 0.77265625 0.059375 0.059375
0 0.303125 0.59375 0.059375 0.059375
0 0.14296875 0.096875 0.059375 0.0578125
0 0.2765625 0.7921875 0.059375 0.0609375
0 0.0640625 0.2953125 0.0609375 0.0609375
0 0.078125 0.3875 0.059375 0.059375
0 0.19453125 0.98125 0.0609375 0.0375
0 0.10703125 0.959375 0.0578125 0.059375
0 0.1234375 0.14453125 0.059375 0.059375
0 0.42421875 0.2921875 0.0578125 0.0578125
0 0.253125 0.97890625 0.059375 0.0421875
0 0.08359375 0.24453125 0.059375 0.059375
0 0.08203125 0.6234375 0.059375 0.059375
0 0.36328125 0.44296875 0.0609375 0.0609375
0 0.4015625 0.48359375 0.0625 0.0625
0 0.1046875 0.57578125 0.0578125 0.059375
0 0.06640625 0.96171875 0.0328125 0.05625
0 0.13828125 0.2390625 0.059375 0.059375
0 0.43359375 0.525 0.059375 0.0578125
0 0.35546875 0.209375 0.0578125 0.059375
0 0.0578125 0.06953125 0.05625 0.04375
0 0.55625 0.08359375 0.0578125 0.0578125
0 0.496875 0.23671875 0.059375 0.059375
0 0.22109375 0.80078125 0.059375 0.059375
0 0.14609375 0.47421875 0.059375 0.059375
0 0.13515625 0.37890625 0.059375 0.059375
0 0.378125 0.53671875 0.0609375 0.0625
0 0.1109375 0.0640625 0.05625 0.0453125
0 0.015625 0.07421875 0.03125 0.0421875
0 0.44140625 0.24296875 0.059375 0.059375
0 0.24765625 0.60234375 0.059375 0.059375
0 0.178125 0.51640625 0.0578125 0.059375
0 0.24765625 0.225 0.05625 0.059375
0 0.18203125 0.9015625 0.059375 0.059375
0 0.1578125 0.57265625 0.0578125 0.0578125
0 0.0359375 0.48671875 0.0578125 0.0578125
0 0.03359375 0.6328125 0.0484375 0.05625
0 0.52890625 0.2765625 0.0578125 0.0578125
0 0.32109375 0.54765625 0.059375 0.059375
0 0.27421875 0.040625 0.0546875 0.0390625
0 0.16640625 0.80703125 0.059375 0.059375
0 0.27578125 0.4078125 0.059375 0.059375
0 0.59765625 0.00703125 0.0546875 0.0140625
0 0.384375 0.39140625 0.059375 0.059375
0 0.02578125 0.396875 0.0515625 0.059375
0 0.32734375 0.03359375 0.05625 0.0375
0 0.26328125 0.6984375 0.0578125 0.059375
0 0.25703125 0.84296875 0.0578125 0.0578125
0 0.203125 0.85 0.059375 0.0578125
0 0.0515625 0.203125 0.059375 0.059375
0 0.21640625 0.94296875 0.0578125 0.059375
0 0.13828125 0.61875 0.059375 0.0578125
0 0.40859375 0.196875 0.059375 0.0609375
0 0.22734375 0.653125 0.0578125 0.0578125
0 0.29453125 0.3578125 0.059375 0.059375
0 0.24140625 0.365625 0.059375 0.059375
0 0.20859375 0.703125 0.059375 0.059375
0 0.2546875 0.078125 0.059375 0.0578125
0 0.19609375 0.09296875 0.059375 0.0578125
0 0.02265625 0.15625 0.0453125 0.059375
0 0.146875 0.85703125 0.059375 0.059375
0 0.253125 0.45859375 0.0578125 0.0578125
0 0.15390625 0.32578125 0.059375 0.0609375
0 0.43671875 0.0203125 0.05625 0.0390625
0 0.26484375 0.5515625 0.059375 0.0609375
0 0.0578125 0.43828125 0.0578125 0.059375
0 0.19921875 0.46796875 0.0578125 0.059375
0 0.1640625 0.4234375 0.0578125 0.0578125
0 0.34140625 0.11484375 0.059375 0.059375
0 0.09140625 0.48125 0.059375 0.059375
0 0.3078125 0.4515625 0.0578125 0.0578125
0 0.52421875 0.040625 0.059375 0.059375
0 0.359375 0.065625 0.059375 0.059375
0 0.0703125 0.15390625 0.059375 0.0578125
0 0.50234375 0.09296875 0.0578125 0.0578125
0 0.21875 0.4171875 0.059375 0.059375
0 0.2125 0.17734375 0.0578125 0.0578125
0 0.08828125 0.09921875 0.059375 0.059375
0 0.1046875 0.19296875 0.059375 0.0609375
0 0.26640625 0.17421875 0.0578125 0.0578125
0 0.11875 0.28828125 0.0578125 0.0578125
0 0.375 0.15546875 0.0578125 0.0578125
0 0.23515625 0.89375 0.059375 0.059375
0 0.4296875 0.1484375 0.059375 0.059375
0 0.4640625 0.19140625 0.0578125 0.0578125
0 0.284375 0.646875 0.059375 0.059375
0 0.3515625 0.73125 0.0578125 0.059375
0 0.47578125 0.28671875 0.0578125 0.0578125
0 0.0734375 0.91484375 0.0578125 0.0609375
0 0.13125 0.76328125 0.059375 0.059375
0 0.11875 0.66796875 0.059375 0.059375
0 0.31484375 0.30703125 0.0578125 0.059375
0 0.08671875 0.98984375 0.0578125 0.0203125
0 0.01640625 0.44296875 0.0328125 0.0578125
0 0.55078125 0.228125 0.05625 0.05625
0 0.1125 0.4296875 0.0578125 0.059375
0 0.3 0.21640625 0.0578125 0.0578125
0 0.046875 0.72578125 0.0515625 0.0578125
0 0.459375 0.3359375 0.0578125 0.0578125
0 0.0421875 0.3453125 0.059375 0.059375
0 0.59375 0.12734375 0.059375 0.059375
0 0.17421875 0.66171875 0.0578125 0.059375
0 0.5375 0.1359375 0.059375 0.059375
0 0.41796875 0.434375 0.059375 0.059375
0 0.34765625 0.35078125 0.0578125 0.059375
0 0.22578125 0.27578125 0.059375 0.0578125
0 0.321875 0.16640625 0.0578125 0.0578125
0 0.49375 0.37890625 0.05625 0.0578125
0 0.44921875 0.09921875 0.0578125 0.059375
0 0.02890625 0.2546875 0.0578125 0.059375
0 0.34140625 0.49296875 0.059375 0.059375
0 0.3375 0.6390625 0.059375 0.059375
0 0.38828125 0.25234375 0.0578125 0.0578125
0 0.16640625 0.0546875 0.05625 0.040625
0 0.16015625 0.95 0.0578125 0.0578125
0 0.16015625 0.184375 0.059375 0.059375
0 0.0234375 0.54296875 0.046875 0.0578125
0 0.515625 0.1859375 0.0578125 0.059375
0 0.403125 0.33984375 0.059375 0.059375
0 0.328125 0.4015625 0.0578125 0.0578125
0 0.37265625 0.68125 0.0578125 0.0578125
0 0.31484375 0.83671875 0.0578125 0.0578125
0 0.12578125 0.90859375 0.0578125 0.059375
0 0.06328125 0.67734375 0.059375 0.059375
0 0.17890625 0.14140625 0.0578125 0.05625
0 0.47421875 0.425 0.0609375 0.059375
0 0.35546875 0.58828125 0.059375 0.059375
0 0.63515625 0.028125 0.0578125 0.05625
0 0.19296875 0.6109375 0.0578125 0.059375
0 0.32890625 0.7859375 0.059375 0.059375
0 0.5109375 0.32890625 0.0578125 0.0578125
0 0.29140625 0.88515625 0.059375 0.059375
0 0.39296875 0.6296875 0.05625 0.05625
0 0.60859375 0.07734375 0.0578125 0.0578125
0 0.5671875 0.1796875 0.05625 0.0578125
0 0.27265625 0.93828125 0.0578125 0.059375
0 0.4546875 0.47578125 0.05625 0.0578125