0 0.3 0.5640625 0.059375 0.059375
0 0.2265625 0.48671875 0.059375 0.059375
0 0.29609375 0.70390625 0.059375 0.059375
0 0.1015625 0.6875 0.059375 0.059375
0 0.140625 0.5859375 0.059375 0.059375
0 0.22734375 0.621875 0.059375 0.059375
0 0.1265625 0.228125 0.0578125 0.0578125
0 0.54453125 0.84453125 0.059375 0.059375
0 0.34453125 0.97109375 0.0578125 0.0578125
0 0.74609375 0.57109375 0.0609375 0.059375
0 0.54921875 0.02421875 0.0578125 0.0484375
0 0.384375 0.59609375 0.059375 0.059375
0 0.1953125 0.30703125 0.0578125 0.059375
0 0.45703125 0.5359375 0.0609375 0.059375
0 0.059375 0.83515625 0.0328125 0.05625
0 0.35 0.83359375 0.059375 0.059375
0 0.20859375 0.6703125 0.059375 0.0609375
0 0.3296875 0.8828125 0.059375 0.0609375
0 0.36875 0.50703125 0.0578125 0.059375
0 0.5828125 0.19765625 0.059375 0.059375
0 0.365625 0.6421875 0.059375 0.059375
0 0.5296875 0.20390625 0.0578125 0.059375
0 0.07265625 0.23359375 0.059375 0.059375
0 0.425 0.225 0.059375 0.059375
0 0.240625 0.8515625 0.059375 0.0609375
0 0.778125 0.20703125 0.059375 0.0609375
0 0.05546875 0.28359375 0.059375 0.059375
0 0.40078125 0.82421875 0.059375 0.0609375
0 0.28671875 0.0671875 0.0578125 0.0578125
0 0.234375 0.0734375 0.0578125 0.059375
0 0.54453125 0.565625 0.0609375 0.059375
0 0.18515625 0.9859375 0.0578125 0.028125
0 0.565625 0.38125 0.059375 0.0609375
0 0.0890625 0.6 0.059375 0.059375
0 0.38515625 0.46015625 0.059375 0.059375
0 0.11015625 0.27578125 0.059375 0.059375
0 0.5125 0.25234375 0.0578125 0.059375
0 0.634375 0.3234375 0.0578125 0.059375
0 0.8109375 0.246875 0.059375 0.059375
0 0.11640625 0.92421875 0.059375 0.059375
0 0.1875 0.8640625 0.059375 0.059375
0 0.35078125 0.55703125 0.0578125 0.059375
0 0.5625 0.93125 0.0609375 0.0609375
0 0.303125 0.2859375 0.059375 0.059375
0 0.015625 0.29375 0.03125 0.059375
0 0.49453125 0.16640625 0.059375 0.059375
0 0.43828125 0.58671875 0.059375 0.059375
0 0.0375 0.33203125 0.059375 0.059375
0 0.2578125 0.9421875 0.059375 0.059375
0 0.5984375 0.55625 0.059375 0.0609375
0 0.7265625 0.07578125 0.059375 0.059375
0 0.40234375 0.546875 0.059375 0.0578125
0 0.28515625 0.20390625 0.0578125 0.0578125
0 0.39375 0.046875 0.059375 0.059375
0 0.31328125 0.7921875 0.0609375 0.0609375
0 0.2671875 0.24453125 0.059375 0.059375
0 0.33671875 0.19296875 0.0578125 0.059375
0 0.51171875 0.52421875 0.0609375 0.0609375
0 0.24609375 0.5734375 0.059375 0.059375
0 0.15 0.96171875 0.0578125 0.059375
0 0.4703125 0.90234375 0.0609375 0.0609375
0 0.671875 0.084375 0.059375 0.0578125
0 0.884375 0.18828125 0.059375 0.0578125
0 0.075 0.92734375 0.034375 0.05625
0 0.3140625 0.653125 0.059375 0.059375
0 0.5078125 0.80546875 0.059375 0.0609375
0 0.7046875 0.5390625 0.059375 0.059375
0 0.26171875 0.6609375 0.059375 0.059375
0 0.02890625 0.65625 0.028125 0.05625
0 0.44140625 0.3125 0.059375 0.059375
0 0.4359375 0.865625 0.059375 0.0609375
0 0.175 0.6296875 0.059375 0.0609375
0 0.70625 0.2671875 0.059375 0.0609375
0 0.8484375 0.01953125 0.059375 0.0390625
0 0.1234375 0.365625 0.0578125 0.059375
0 0.5265625 0.61796875 0.059375 0.0609375
0 0.45703125 0.6765625 0.059375 0.059375
0 0.08203125 0.8796875 0.059375 0.0609375
0 0.5953125 0.8375 0.059375 0.059375
0 0.0359375 0.6078125 0.0578125 0.059375
0 0.28046875 0.61171875 0.059375 0.059375
0 0.66953125 0.22890625 0.059375 0.0609375
0 0.04375 0.0765625 0.0546875 0.028125
0 0.31484375 0.51640625 0.059375 0.059375
0 0.79375 0.159375 0.059375 0.0609375
0 0.2578125 0.8015625 0.0609375 0.0609375
0 0.1765625 0.49375 0.0578125 0.0578125
0 0.2765625 0.890625 0.0609375 0.0609375
0 0.79375 0.0234375 0.059375 0.046875
0 0.37265625 0.2328125 0.059375 0.059375
0 0.3890625 0.321875 0.059375 0.059375
0 0.653125 0.27734375 0.059375 0.059375
0 0.61796875 0.234375 0.059375 0.059375
0 0.78046875 0.06640625 0.059375 0.0609375
0 0.12109375 0.6390625 0.059375 0.0609375
0 0.15546875 0.6796875 0.0609375 0.0609375
0 0.83046875 0.0609375 0.059375 0.059375
0 0.61484375 0.5078125 0.059375 0.059375
0 0.6875 0.17578125 0.059375 0.0609375
0 0.159375 0.53828125 0.059375 0.0578125
0 0.9015625 0.015625 0.059375 0.03125
0 0.74140625 0.16953125 0.059375 0.0609375
0 0.49140625 0.85390625 0.0609375 0.0609375
0 0.72265625 0.2171875 0.059375 0.059375
0 0.5484375 0.2890625 0.0578125 0.0578125
0 0.00703125 0.2046875 0.0140625 0.059375
0 0.14140625 0.31640625 0.059375 0.059375
0 0.459375 0.26015625 0.059375 0.059375
0 0.15234375 0.82109375 0.059375 0.0609375
0 0.49453125 0.30078125 0.059375 0.059375
0 0.44296875 0.17421875 0.059375 0.059375
0 0.16953125 0.915625 0.059375 0.059375
0 0.63125 0.6 0.059375 0.059375
0 0.4203125 0.7734375 0.059375 0.059375
0 0.31875 0.378125 0.059375 0.059375
0 0.3546875 0.14609375 0.0578125 0.0578125
0 0.709375 0.00859375 0.059375 0.0171875
0 0.56484375 0.24296875 0.0578125 0.0578125
0 0.5609375 0.65703125 0.059375 0.059375
0 0.0140625 0.42578125 0.028125 0.0578125
0 0.58359375 0.33203125 0.059375 0.059375
0 0.35390625 0.2828125 0.059375 0.059375
0 0.52890625 0.47734375 0.059375 0.059375
0 0.34765625 0.69375 0.059375 0.059375
0 0.5828125 0.46640625 0.059375 0.059375
0 0.47109375 0.7640625 0.059375 0.059375
0 0.1953125 0.17265625 0.059375 0.059375
0 0.6515625 0.68671875 0.0578125 0.0578125
0 0.134375 0.871875 0.059375 0.059375
0 0.13125 0.990625 0.059375 0.01875
0 0.23046875 0.3484375 0.059375 0.059375
0 0.66875 0.5 0.059375 0.0609375
0 0.725 0.35546875 0.059375 0.059375
0 0.88203125 0.05234375 0.059375 0.0578125
0 0.68671875 0.5875 0.0625 0.0625
0 0.1 0.8296875 0.059375 0.059375
0 0.69296875 0.03359375 0.059375 0.059375
0 0.82890625 0.19921875 0.059375 0.059375
0 0.04453125 0.74765625 0.03125 0.0546875
0 0.4984375 0.02734375 0.059375 0.0546875
0 0.8484375 0.15234375 0.059375 0.0609375
0 0.18203125 0.08046875 0.059375 0.059375
0 0.2421875 0.7125 0.059375 0.0609375
0 0.178125 0.22421875 0.0578125 0.0578125
0 0.05 0.69609375 0.0578125 0.0609375
0 0.19296875 0.58125 0.0578125 0.059375
0 0.0703125 0.37265625 0.0609375 0.059375
0 0.21015625 0.53359375 0.0578125 0.0578125
0 0.6375 0.05 0.0578125 0.0578125
0 0.459375 0.396875 0.059375 0.059375
0 0.09140625 0.1875 0.0578125 0.059375
0 0.421875 0.496875 0.0578125 0.059375
0 0.634375 0.18671875 0.059375 0.059375
0 0.1421875 0.1796875 0.0578125 0.0578125
0 0.37109375 0.3703125 0.059375 0.0578125
0 0.1890625 0.7234375 0.059375 0.059375
0 0.05390625 0.42265625 0.0578125 0.0578125
0 0.41484375 0.915625 0.059375 0.059375
0 0.1609375 0.2703125 0.05625 0.0578125
0 0.06875 0.646875 0.059375 0.059375
0 0.40625 0.40703125 0.059375 0.059375
0 0.47265625 0.6265625 0.059375 0.059375
0 0.58671875 0.05703125 0.0609375 0.059375
0 0.7421875 0.30546875 0.059375 0.059375
0 0.54140625 0.9765625 0.0609375 0.046875
0 0.009375 0.084375 0.01875 0.028125
0 0.42578125 0.08515625 0.059375 0.059375
0 0.00703125 0.34296875 0.0140625 0.0578125
0 0.79375 0.2921875 0.059375 0.0578125
0 0.07578125 0.1015625 0.059375 0.0578125
0 0.10078125 0.971875 0.0578125 0.05625
0 0.40859375 0.134375 0.059375 0.059375
0 0.44296875 0.0390625 0.0578125 0.059375
0 0.4484375 0.953125 0.0609375 0.059375
0 0.10390625 0.546875 0.059375 0.059375
0 0.025 0.24296875 0.05 0.0609375
0 0.3328125 0.60546875 0.059375 0.059375
0 0.72265625 0.6265625 0.0609375 0.059375
0 0.4546875 0.81328125 0.059375 0.059375
0 0.38203125 0.875 0.0609375 0.059375
0 0.47890625 0.0796875 0.059375 0.0578125
0 0.565625 0.11015625 0.059375 0.059375
0 0.6015625 0.146875 0.059375 0.0578125
0 0.60078125 0.28515625 0.059375 0.059375
0 0.08203125 0.7375 0.059375 0.0609375
0 0.475 0.4875 0.0609375 0.059375
0 0.38203125 0.734375 0.059375 0.0578125
0 0.78046875 0.3359375 0.0625 0.0609375
0 0.0234375 0.5171875 0.046875 0.059375
0 0.5953125 0.69296875 0.059375 0.059375
0 0.83515625 0.32734375 0.0578125 0.0578125
0 0.53046875 0.33828125 0.059375 0.059375
0 0.10546875 0.41328125 0.0578125 0.059375
0 0.5109375 0.3890625 0.059375 0.0609375
0 0.025 0.109375 0.05 0.059375
0 0.67265625 0.3609375 0.0609375 0.059375
0 0.21484375 0.12109375 0.059375 0.059375
0 0.74375 0.028125 0.059375 0.05625
0 0.5046875 0.946875 0.0609375 0.059375
0 0.13671875 0.73125 0.059375 0.059375
0 0.403125 0.68203125 0.0609375 0.0609375
0 0.52265625 0.8953125 0.0609375 0.0609375
0 0.07109375 0.50625 0.059375 0.059375
0 0.26171875 0.52421875 0.059375 0.059375
0 0.61484375 0.784375 0.0609375 0.0609375
0 0.21328125 0.26171875 0.059375 0.05625
0 0.0375 0.196875 0.059375 0.0578125
0 0.05625 0.14765625 0.059375 0.059375
0 0.20390625 0.809375 0.059375 0.059375
0 0.128125 0.09375 0.0578125 0.0578125
0 0.70703125 0.125 0.059375 0.0609375
0 0.1171875 0.7796875 0.059375 0.059375
0 0.4765625 0.35078125 0.059375 0.059375
0 0.20234375 0.95234375 0.0609375 0.059375
0 0.08984375 0.3234375 0.0578125 0.0609375
0 0.23984375 0.9796875 0.0609375 0.040625
0 0.41953125 0.63515625 0.059375 0.059375
0 0.303125 0.1546875 0.0578125 0.0578125
0 0.05234375 0.55859375 0.059375 0.059375
0 0.33828125 0.05859375 0.059375 0.059375
0 0.6171875 0.37265625 0.059375 0.059375
0 0.26875 0.11328125 0.0578125 0.059375
0 0.56171875 0.7921875 0.0625 0.0609375
0 0.22109375 0.90078125 0.059375 0.0609375
0 0.2484375 0.43359375 0.059375 0.059375
0 0.43125 0.98828125 0.05625 0.0234375
0 0.2828125 0.34140625 0.059375 0.059375
0 0.4890625 0.71640625 0.059375 0.059375
0 0.53046875 0.06875 0.059375 0.0578125
0 0.540625 0.70859375 0.059375 0.0578125
0 0.16015625 0.40234375 0.059375 0.059375
0 0.4390625 0.44609375 0.059375 0.059375
0 0.28046875 0.47734375 0.059375 0.059375
0 0.76015625 0.39140625 0.0609375 0.059375
0 0.32109375 0.2421875 0.059375 0.0578125
0 0.065625 0.790625 0.059375 0.059375
0 0.1625 0.12890625 0.059375 0.059375
0 0.02421875 0.38203125 0.0484375 0.0578125
0 0.31015625 0.93125 0.059375 0.059375
0 0.125 0.50234375 0.0578125 0.0578125
0 0.29921875 0.42734375 0.0578125 0.0578125
0 0.58203125 0.740625 0.0609375 0.0609375
0 0.43515625 0.725 0.059375 0.059375
0 0.59921875 0.42109375 0.059375 0.0578125
0 0.3203125 0.10703125 0.0578125 0.0578125
0 0.6140625 0.65234375 0.059375 0.05625
0 0.86484375 0.2390625 0.0578125 0.059375
0 0.378125 0.99140625 0.05625 0.0171875
0 0.65390625 0.0140625 0.0609375 0.028125
0 0.0375 0.46484375 0.059375 0.059375
0 0.21171875 0.4 0.0578125 0.05625
0 0.61484375 0.9265625 0.0578125 0.05625
0 0.33515625 0.4671875 0.0578125 0.059375
0 0.36171875 0.925 0.059375 0.059375
0 0.58046875 0.60859375 0.059375 0.059375
0 0.3515625 0.41796875 0.059375 0.059375
0 0.2515625 0.159375 0.059375 0.0578125
0 0.3734375 0.09609375 0.0578125 0.0578125
0 0.7578125 0.25625 0.059375 0.0609375
0 0.65078125 0.4125 0.0609375 0.0578125
0 0.1421875 0.453125 0.0578125 0.0578125
0 0.6546875 0.1328125 0.059375 0.059375
0 0.8125 0.109375 0.0609375 0.059375
0 0.49140625 0.578125 0.059375 0.0609375
0 0.52578125 0.75703125 0.059375 0.059375
0 0.62890625 0.87265625 0.0578125 0.0578125
0 0.421875 0.36171875 0.0578125 0.059375
0 0.2765625 0.753125 0.0609375 0.059375
0 0.2921875 0.9765625 0.059375 0.046875
0 0.25 0.29375 0.059375 0.059375
0 0.39609375 0.96328125 0.059375 0.059375
0 0.7046875 0.40234375 0.059375 0.059375
0 0.16875 0.77578125 0.0578125 0.0578125
0 0.6 0.01953125 0.059375 0.0390625
0 0.596875 0.96796875 0.05625 0.053125
0 0.740625 0.4390625 0.059375 0.059375
0 0.50859375 0.66484375 0.0609375 0.059375
0 0.38984375 0.18203125 0.059375 0.059375
0 0.66640625 0.6375 0.0609375 0.059375
0 0.546875 0.4296875 0.059375 0.059375
0 0.40703125 0.2734375 0.059375 0.059375
0 0.76015625 0.11796875 0.059375 0.059375
0 0.334375 0.33125 0.059375 0.059375
0 0.48203125 0.9828125 0.0578125 0.034375
0 0.79765625 0.4234375 0.0578125 0.0578125
0 0.4609375 0.128125 0.0578125 0.0578125
0 0.921875 0.0421875 0.03125 0.0546875
0 0.5640625 0.51640625 0.059375 0.059375
0 0.33125 0.74609375 0.0578125 0.059375
0 0.6890625 0.72265625 0.059375 0.059375
0 0.09140625 0.46171875 0.059375 0.0578125
0 0.6328125 0.46171875 0.0578125 0.059375
0 0.23203125 0.209375 0.059375 0.059375
0 0.0171875 0.1578125 0.034375 0.059375
0 0.10859375 0.14296875 0.0578125 0.0578125
0 0.634375 0.7328125 0.059375 0.059375
0 0.61796875 0.09921875 0.059375 0.059375
0 0.64921875 0.55078125 0.059375 0.059375
0 0.72265625 0.48828125 0.059375 0.0578125
0 0.66953125 0.7734375 0.0609375 0.0609375
0 0.5140625 0.11640625 0.0578125 0.059375
0 0.19375 0.44296875 0.0578125 0.059375
0 0.54609375 0.1578125 0.059375 0.059375
0 0.49375 0.4390625 0.059375 0.059375
0 0.6890625 0.4484375 0.059375 0.059375
0 0.865625 0.1015625 0.059375 0.059375
0 0.57890625 0.8859375 0.059375 0.059375
0 0.29609375 0.84375 0.0609375 0.059375
0 0.703125 0.675 0.059375 0.0578125
0 0.221875 0.76328125 0.059375 0.059375
0 0.47734375 0.21796875 0.0578125 0.0578125
0 0.2625 0.390625 0.0578125 0.059375
0 0.68671875 0.31875 0.059375 0.059375
0 0.91640625 0.0890625 0.05625 0.0578125
0 0.36640625 0.78359375 0.0578125 0.059375
0 0.1765625 0.35546875 0.0578125 0.059375
0 0.65 0.825 0.059375 0.0609375
0 0.84921875 0.2828125 0.0578125 0.05625
0 0.89921875 0.13828125 0.0578125 0.0578125
0 0.78046875 0.471875 0.0578125 0.0578125
0 0.76171875 0.51875 0.0578125 0.0578125
0 0.81484375 0.3796875 0.059375 0.0578125