0 0.88984375 0.98671875 0.0515625 0.0265625
0 0.64609375 0.96015625 0.05078125 0.05078125
0 0.80625 0.95859375 0.05078125 0.0515625
0 0.3453125 0.65078125 0.05234375 0.053125
0 0.29609375 0.921875 0.05234375 0.0515625
0 0.5046875 0.740625 0.0515625 0.0515625
0 0.4265625 0.69453125 0.05078125 0.05234375
0 0.453125 0.65078125 0.0515625 0.0515625
0 0.9421875 0.9859375 0.0515625 0.028125
0 0.61171875 0.64453125 0.0515625 0.053125
0 0.21640625 0.875 0.0515625 0.05234375
0 0.01171875 0.60703125 0.0234375 0.05
0 0.1359375 0.925 0.0515625 0.0515625
0 0.2734375 0.9671875 0.05234375 0.05234375
0 0.0125 0.69921875 0.025 0.0515625
0 0.03203125 0.92265625 0.05078125 0.0515625
0 0.58671875 0.87421875 0.05078125 0.0515625
0 0.90859375 0.86484375 0.0515625 0.0515625
0 0.73828125 0.6015625 0.0515625 0.05234375
0 0.2203125 0.96796875 0.0515625 0.0515625
0 0.59140625 0.9640625 0.0515625 0.05078125
0 0.23671875 0.65234375 0.05078125 0.053125
0 0.2640625 0.6953125 0.0515625 0.05234375
0 0.84765625 0.690625 0.0515625 0.0515625
0 0.5046875 0.653125 0.05 0.05078125
0 0.88125 0.82109375 0.05078125 0.0515625
0 0.98828125 0.5078125 0.0234375 0.053125
0 0.6859375 0.60546875 0.05 0.05
0 0.6625 0.65 0.05078125 0.05234375
0 0.26484375 0.60859375 0.05078125 0.05078125
0 0.746875 0.7796875 0.0515625 0.05234375
0 0.0515625 0.69765625 0.0515625 0.0515625
0 0.98046875 0.81875 0.0390625 0.0515625
0 0.34609375 0.74296875 0.0515625 0.0515625
0 0.078125 0.74609375 0.05 0.04921875
0 0.1859375 0.7421875 0.0515625 0.0515625
0 0.76796875 0.64765625 0.0515625 0.05078125
0 0.82734375 0.825 0.05234375 0.05234375
0 0.584375 0.6953125 0.0515625 0.05234375
0 0.71015625 0.56015625 0.053125 0.0515625
0 0.07578125 0.565625 0.0515625 0.05234375
0 0.93359375 0.82109375 0.0515625 0.05078125
0 0.2109375 0.6046875 0.05234375 0.0515625
0 0.6125 0.7390625 0.0515625 0.0515625
0 0.35 0.9203125 0.0515625 0.0515625
0 0.18046875 0.5640625 0.0515625 0.05234375
0 0.434375 0.96484375 0.05 0.0515625
0 0.10546875 0.7 0.05078125 0.05078125
0 0.31796875 0.696875 0.05234375 0.05390625
0 0.53828125 0.9625 0.0515625 0.0515625
0 0.96015625 0.68046875 0.053125 0.053125
0 0.36953125 0.60546875 0.0515625 0.05078125
0 0.1109375 0.971875 0.05078125 0.05234375
0 0.290625 0.653125 0.053125 0.05234375
0 0.665625 0.73828125 0.05078125 0.05078125
0 0.96328125 0.86484375 0.0515625 0.05234375
0 0.61484375 0.91875 0.05078125 0.05234375
0 0.58515625 0.78515625 0.05 0.05078125
0 0.92890625 0.7328125 0.05234375 0.05234375
0 0.821875 0.64609375 0.05234375 0.05234375
0 0.103125 0.6109375 0.0515625 0.05234375
0 0.77578125 0.915625 0.0515625 0.05234375
0 0.02265625 0.56875 0.0453125 0.05
0 0.96484375 0.9546875 0.0515625 0.05234375
0 0.15390625 0.515625 0.053125 0.05390625
0 0.5109375 0.9171875 0.05234375 0.0515625
0 0.37109375 0.69609375 0.053125 0.05234375
0 0.77421875 0.82578125 0.0515625 0.0515625
0 0.15859375 0.69453125 0.05078125 0.053125
0 0.86015625 0.95625 0.05078125 0.0515625
0 0.10859375 0.8765625 0.0515625 0.05234375
0 0.771875 0.73203125 0.05234375 0.05234375
0 0.0265625 0.74453125 0.05078125 0.05234375
0 0.84609375 0.60078125 0.05234375 0.05234375
0 0.9046875 0.78046875 0.0515625 0.05078125
0 0.94921875 0.51015625 0.05 0.05
0 0.47734375 0.69765625 0.05 0.05078125
0 0.66640625 0.91875 0.0515625 0.05234375
0 0.26875 0.875 0.05078125 0.0515625
0 0.82421875 0.734375 0.0515625 0.05234375
0 0.85390625 0.7796875 0.0515625 0.05234375
0 0.128125 0.565625 0.0515625 0.05234375
0 0.69765625 0.96484375 0.05078125 0.05078125
0 0.56328125 0.9171875 0.05078125 0.0515625
0 0.428125 0.784375 0.05078125 0.05
0 0.4546875 0.921875 0.05078125 0.05
0 0.26875 0.784375 0.05 0.0515625
0 0.42890625 0.875 0.05078125 0.0515625
0 0.75234375 0.959375 0.05234375 0.05234375
0 0.52890625 0.6953125 0.053125 0.05234375
0 0.9890625 0.59765625 0.021875 0.0484375
0 0.059375 0.965625 0.05234375 0.053125
0 0.23984375 0.9234375 0.0515625 0.0515625
0 0.0546875 0.78671875 0.05078125 0.0515625
0 0.18828125 0.92734375 0.0515625 0.05234375
0 0.0796875 0.8328125 0.053125 0.0515625
0 0.74765625 0.87109375 0.05234375 0.05234375
0 0.39140625 0.56171875 0.0515625 0.05234375
0 0.7640625 0.5578125 0.0515625 0.0515625
0 0.53359375 0.7859375 0.0515625 0.0515625
0 0.32734375 0.96328125 0.05234375 0.0515625
0 0.10859375 0.78671875 0.04921875 0.05
0 0.79140625 0.60234375 0.053125 0.0515625
0 0.5078125 0.83203125 0.05234375 0.05078125
0 0.290625 0.74140625 0.05234375 0.053125
0 0.88125 0.91171875 0.0515625 0.05078125
0 0.1859375 0.65625 0.05 0.05078125
0 0.21484375 0.78515625 0.0515625 0.05078125
0 0.72265625 0.828125 0.0515625 0.05234375
0 0.534375 0.87421875 0.0515625 0.0515625
0 0.74453125 0.69140625 0.05078125 0.0515625
0 0.48515625 0.9640625 0.05078125 0.05078125
0 0.35078125 0.82265625 0.05234375 0.05234375
0 0.82890625 0.9171875 0.0515625 0.0515625
0 0.66875 0.82734375 0.0515625 0.05078125
0 0.69375 0.78203125 0.053125 0.05234375
0 0.4515625 0.740625 0.0515625 0.0515625
0 0.15859375 0.7875 0.05078125 0.05078125
0 0.38125 0.9609375 0.05234375 0.05234375
0 0.63671875 0.6953125 0.05078125 0.05234375
0 0.028125 0.83359375 0.05 0.05
0 0.05390625 0.878125 0.0515625 0.0515625
0 0.50078125 0.5671875 0.04921875 0.0484375
0 0.1015625 0.51953125 0.0515625 0.053125
0 0.8 0.87109375 0.05078125 0.05234375
0 0.1296875 0.74296875 0.05078125 0.05078125
0 0.55859375 0.7375 0.05078125 0.05234375
0 0.42734375 0.596875 0.05234375 0.0515625
0 0.3765625 0.78515625 0.05078125 0.05
0 0.62890625 0.5171875 0.053125 0.05234375
0 0.67421875 0.98828125 0.053125 0.0234375
0 0.13203125 0.8375 0.0515625 0.0515625
0 0.19140625 0.82421875 0.05078125 0.05078125
0 0.0796875 0.65703125 0.04921875 0.05078125
0 0.2375 0.7421875 0.0515625 0.05078125
0 0.61484375 0.82578125 0.05234375 0.05234375
0 0.89921875 0.6921875 0.05078125 0.0515625
0 0.01484375 0.8796875 0.0296875 0.05
0 0.4796875 0.7859375 0.0515625 0.05234375
0 0.47890625 0.87890625 0.05 0.0515625
0 0.3984375 0.740625 0.05078125 0.0515625
0 0.3203125 0.7859375 0.05 0.05078125
0 0.91171875 0.9546875 0.0515625 0.0515625
0 0.8203125 0.55546875 0.05234375 0.0515625
0 0.1625 0.87890625 0.05078125 0.0515625
0 0.84453125 0.5109375 0.05078125 0.05078125
0 0.42265625 0.5078125 0.05234375 0.05390625
0 0.9296875 0.63671875 0.05234375 0.05078125
0 0.97734375 0.73515625 0.0453125 0.05
0 0.01328125 0.7921875 0.0265625 0.0515625
0 0.15546875 0.6125 0.05234375 0.05234375
0 0.715625 0.646875 0.05078125 0.0515625
0 0.2375 0.5546875 0.0515625 0.05
0 0.875 0.73515625 0.05078125 0.0515625
0 0.3140625 0.51796875 0.05 0.05
0 0.7953125 0.68828125 0.05078125 0.0515625
0 0.9375 0.90703125 0.05234375 0.05234375
0 0.7203125 0.91796875 0.05234375 0.05234375
0 0.834375 0.98828125 0.0515625 0.0234375
0 0.08515625 0.925 0.0515625 0.0515625
0 0.978125 0.6390625 0.04375 0.05
0 0.79921875 0.77890625 0.0515625 0.05234375
0 0.321875 0.87734375 0.05078125 0.05234375
0 0.31875 0.60078125 0.0515625 0.05234375
0 0.68828125 0.69375 0.05234375 0.05
0 0.790625 0.5140625 0.0515625 0.05234375
0 0.87578125 0.64453125 0.0515625 0.05234375
0 0.5265625 0.60546875 0.04921875 0.04921875
0 0.4078125 0.82109375 0.05078125 0.05078125
0 0.5625 0.82734375 0.0515625 0.05234375
0 0.97578125 0.553125 0.0484375 0.05
0 0.69375 0.86953125 0.053125 0.0515625
0 0.29453125 0.8296875 0.053125 0.05234375
0 0.4 0.646875 0.0515625 0.05234375
0 0.68515625 0.51484375 0.053125 0.0546875
0 0.015625 0.965625 0.03125 0.0515625
0 0.6390625 0.8703125 0.0515625 0.05234375
0 0.98203125 0.91015625 0.0359375 0.0515625
0 0.7171875 0.7328125 0.0515625 0.05234375
0 0.85390625 0.8703125 0.0515625 0.0515625
0 0.9 0.59453125 0.0515625 0.05234375
0 0.92734375 0.553125 0.0484375 0.0484375
0 0.0484375 0.51875 0.05078125 0.0515625
0 0.55703125 0.5515625 0.04921875 0.05078125
0 0.653125 0.56875 0.05234375 0.05
0 0.478125 0.609375 0.0484375 0.05
0 0.9578125 0.7765625 0.05078125 0.05078125
0 0.4015625 0.9203125 0.05078125 0.05078125
0 0.37578125 0.871875 0.05234375 0.05234375
0 0.63828125 0.7859375 0.05078125 0.05078125
0 0.8703125 0.55625 0.04921875 0.05
0 0.0265625 0.65234375 0.0515625 0.05078125
0 0.16484375 0.9671875 0.05234375 0.05234375
0 0.28671875 0.56171875 0.04921875 0.05
0 0.55859375 0.6453125 0.05078125 0.0515625
0 0.5921875 0.58515625 0.0515625 0.04921875
0 0.209375 0.70234375 0.05078125 0.05
0 0.20859375 0.5125 0.05234375 0.05390625
0 0.45546875 0.83046875 0.05234375 0.05078125
0 0.73671875 0.51328125 0.05234375 0.053125
0 0.01328125 0.5125 0.0265625 0.0484375
0 0.04921875 0.61328125 0.0515625 0.05
0 0.24296875 0.828125 0.05 0.0515625
0 0.45234375 0.55625 0.05 0.04765625
0 0.33671875 0.56484375 0.05 0.05
0 0.52890625 0.50703125 0.05078125 0.053125
0 0.63828125 0.596875 0.0484375 0.04921875
0 0.13203125 0.64609375 0.053125 0.05
0 0.2578125 0.51953125 0.04921875 0.05078125
0 0.36953125 0.51015625 0.05234375 0.05390625
0 0.47421875 0.515625 0.04921875 0.05
0 0.896875 0.51171875 0.04921875 0.0484375
0 0.9546875 0.5921875 0.0484375 0.05078125
0 0.58046875 0.51328125 0.0484375 0.04765625