0 0.596875 0.04453125 0.05390625 0.05546875
0 0.54453125 0.43671875 0.05390625 0.0546875
0 0.59765625 0.4359375 0.053125 0.0546875
0 0.3703125 0.04140625 0.0546875 0.05546875
0 0.6265625 0.38671875 0.0546875 0.0546875
0 0.23046875 0.190625 0.05546875 0.0546875
0 0.2046875 0.4375 0.053125 0.0546875
0 0.23125 0.3890625 0.05546875 0.05546875
0 0.68203125 0.18828125 0.05390625 0.05546875
0 0.0171875 0.78359375 0.034375 0.0546875
0 0.71328125 0.04453125 0.0546875 0.0546875
0 0.5453125 0.5359375 0.05546875 0.05625
0 0.34765625 0.3859375 0.05703125 0.05703125
0 0.0328125 0.93125 0.0546875 0.05546875
0 0.09140625 0.23828125 0.05390625 0.05546875
0 0.5140625 0.18984375 0.053125 0.0546875
0 0.28671875 0.18828125 0.0546875 0.05546875
0 0.54375 0.3375 0.05390625 0.05390625
0 0.3171875 0.9328125 0.0546875 0.05625
0 0.39921875 0.190625 0.0546875 0.05546875
0 0.4 0.0109375 0.0546875 0.021875
0 0.62578125 0.1890625 0.0546875 0.0546875
0 0.3703125 0.2375 0.05546875 0.05546875
0 0.23125 0.01171875 0.05625 0.0234375
0 0.1671875 0.553125 0.0546875 0.05546875
0 0.54140625 0.14140625 0.05546875 0.05625
0 0.6 0.14140625 0.05390625 0.05546875
0 0.09140625 0.73203125 0.05546875 0.05625
0 0.12109375 0.784375 0.0546875 0.05546875
0 0.01640625 0.38671875 0.0328125 0.05625
0 0.09140625 0.4390625 0.05703125 0.05546875
0 0.59921875 0.23828125 0.0546875 0.05625
0 0.62578125 0.0109375 0.05625 0.021875
0 0.20546875 0.2390625 0.053125 0.05390625
0 0.203125 0.33828125 0.0546875 0.05703125
0 0.2359375 0.97578125 0.05625 0.0484375
0 0.11953125 0.978125 0.0546875 0.04375
0 0.4046875 0.38359375 0.0546875 0.05625
0 0.31484375 0.04296875 0.0546875 0.05390625
0 0.7984375 0.0125 0.0546875 0.025
0 0.73984375 0.01328125 0.0546875 0.0265625
0 0.71171875 0.24140625 0.05390625 0.05390625
0 0.5140625 0.0109375 0.0546875 0.021875
0 0.034375 0.24140625 0.05625 0.05625
0 0.11953125 0.19375 0.0546875 0.05703125
0 0.203125 0.04296875 0.0546875 0.0546875
0 0.4859375 0.63515625 0.0546875 0.0546875
0 0.08828125 0.9328125 0.05546875 0.05625
0 0.48828125 0.43046875 0.05390625 0.05625
0 0.3234375 0.49765625 0.05546875 0.05859375
0 0.034375 0.0453125 0.05625 0.05546875
0 0.4296875 0.634375 0.05546875 0.05546875
0 0.34765625 0.97578125 0.0546875 0.0484375
0 0.34453125 0.58515625 0.05546875 0.05390625
0 0.515625 0.58359375 0.05703125 0.0578125
0 0.14609375 0.1453125 0.0546875 0.0546875
0 0.515625 0.38359375 0.05390625 0.0546875
0 0.2859375 0.01171875 0.053125 0.0234375
0 0.20390625 0.81171875 0.0546875 0.05390625
0 0.31796875 0.43515625 0.0546875 0.0578125
0 0.01640625 0.1890625 0.0328125 0.0546875
0 0.0375 0.5375 0.05546875 0.05625
0 0.1171875 0.01015625 0.053125 0.0203125
0 0.1203125 0.3890625 0.05625 0.05703125
0 0.2875 0.3875 0.05546875 0.05703125
0 0.4296875 0.3359375 0.0546875 0.05625
0 0.23203125 0.76796875 0.05390625 0.05390625
0 0.0171875 0.97578125 0.034375 0.0484375
0 0.4859375 0.33515625 0.05390625 0.05390625
0 0.42734375 0.2375 0.05546875 0.0546875
0 0.034375 0.33671875 0.0546875 0.0546875
0 0.17265625 0.01171875 0.05625 0.0234375
0 0.45859375 0.0125 0.05625 0.025
0 0.5984375 0.3375 0.05234375 0.0546875
0 0.43046875 0.140625 0.05546875 0.0546875
0 0.5703125 0.3859375 0.053125 0.0546875
0 0.4859375 0.04296875 0.0546875 0.0546875
0 0.31796875 0.82734375 0.05546875 0.05546875
0 0.3703125 0.63203125 0.05546875 0.05546875
0 0.08984375 0.14375 0.0546875 0.05546875
0 0.01796875 0.58046875 0.0359375 0.05625
0 0.03515625 0.73203125 0.05546875 0.05546875
0 0.0328125 0.1421875 0.05546875 0.0546875
0 0.20625 0.93046875 0.05546875 0.05625
0 0.03515625 0.434375 0.05390625 0.0546875
0 0.2078125 0.59453125 0.0546875 0.05625
0 0.0921875 0.040625 0.05390625 0.0546875
0 0.14765625 0.834375 0.05390625 0.05390625
0 0.37109375 0.14140625 0.0546875 0.0546875
0 0.17421875 0.19375 0.0546875 0.05703125
0 0.4015625 0.57890625 0.0546875 0.0546875
0 0.43125 0.434375 0.0546875 0.0546875
0 0.6828125 0.01171875 0.053125 0.0234375
0 0.34375 0.01171875 0.0546875 0.0234375
0 0.42578125 0.04453125 0.05625 0.05703125
0 0.4859375 0.1421875 0.05390625 0.0546875
0 0.23984375 0.70625 0.0546875 0.05625
0 0.79609375 0.19375 0.053125 0.0546875
0 0.09296875 0.8296875 0.053125 0.05234375
0 0.29140625 0.97734375 0.053125 0.0453125
0 0.6828125 0.2859375 0.05390625 0.05390625
0 0.53984375 0.04375 0.053125 0.0546875
0 0.56796875 0.0109375 0.053125 0.021875
0 0.03671875 0.63515625 0.05703125 0.05625
0 0.403125 0.68515625 0.05546875 0.05546875
0 0.090625 0.33671875 0.05546875 0.05546875
0 0.2890625 0.0921875 0.0546875 0.0546875
0 0.17265625 0.09609375 0.05625 0.05625
0 0.17578125 0.97734375 0.0546875 0.0453125
0 0.76875 0.046875 0.0546875 0.053125
0 0.56953125 0.19140625 0.0546875 0.05703125
0 0.315625 0.13984375 0.0546875 0.0546875
0 0.4875 0.534375 0.05625 0.05625
0 0.14765625 0.92890625 0.0546875 0.0546875
0 0.39921875 0.2859375 0.0546875 0.05390625
0 0.06484375 0.784375 0.05625 0.05625
0 0.36796875 0.5296875 0.05625 0.0546875
0 0.31875 0.33671875 0.05546875 0.05703125
0 0.54140625 0.2359375 0.0546875 0.0546875
0 0.14609375 0.0421875 0.0546875 0.05546875
0 0.203125 0.1421875 0.05390625 0.0546875
0 0.3125 0.62890625 0.0546875 0.05390625
0 0.48671875 0.2390625 0.05390625 0.05390625
0 0.0625 0.190625 0.0546875 0.05625
0 0.25859375 0.04296875 0.053125 0.0546875
0 0.31484375 0.234375 0.05390625 0.0546875
0 0.42890625 0.53203125 0.0546875 0.0546875
0 0.68515625 0.09453125 0.05625 0.05703125
0 0.4328125 0.73046875 0.053125 0.053125
0 0.1484375 0.2390625 0.0546875 0.05390625
0 0.31953125 0.73046875 0.05234375 0.053125
0 0.43359375 0.828125 0.05390625 0.05625
0 0.0171875 0.28984375 0.034375 0.0546875
0 0.515625 0.28671875 0.053125 0.05390625
0 0.90859375 0.01015625 0.053125 0.0203125
0 0.40078125 0.0921875 0.0546875 0.05546875
0 0.3421875 0.09453125 0.05390625 0.05625
0 0.45859375 0.38984375 0.05390625 0.0546875
0 0.7421875 0.08984375 0.053125 0.053125
0 0.71328125 0.14140625 0.053125 0.05390625
0 0.06484375 0.58515625 0.0578125 0.0578125
0 0.34765625 0.775 0.05390625 0.053125
0 0.240625 0.6484375 0.05390625 0.05546875
0 0.40390625 0.77890625 0.053125 0.05390625
0 0.65390625 0.0453125 0.0546875 0.05546875
0 0.0609375 0.97890625 0.05625 0.0421875
0 0.22890625 0.08984375 0.05546875 0.05546875
0 0.28828125 0.2890625 0.05390625 0.05390625
0 0.175 0.28671875 0.053125 0.05390625
0 0.85390625 0.0125 0.0546875 0.025
0 0.37421875 0.334375 0.05390625 0.0546875
0 0.09609375 0.53671875 0.05703125 0.0578125
0 0.459375 0.7796875 0.05390625 0.053125
0 0.79765625 0.0921875 0.053125 0.05234375
0 0.015625 0.88046875 0.03125 0.05625
0 0.82578125 0.0453125 0.0546875 0.05390625
0 0.26796875 0.5953125 0.05546875 0.05390625
0 0.3734375 0.4359375 0.05625 0.0578125
0 0.3453125 0.6828125 0.0546875 0.05546875
0 0.34453125 0.18828125 0.05390625 0.05390625
0 0.5703125 0.090625 0.0546875 0.0546875
0 0.0625 0.0109375 0.053125 0.021875
0 0.1234375 0.484375 0.05546875 0.05546875
0 0.11640625 0.2921875 0.05390625 0.05625
0 0.06328125 0.0953125 0.053125 0.0546875
0 0.6265625 0.28671875 0.05546875 0.05546875
0 0.01640625 0.09375 0.0328125 0.0546875
0 0.01796875 0.684375 0.0359375 0.0546875
0 0.40390625 0.48359375 0.05390625 0.053125
0 0.76953125 0.14296875 0.053125 0.0546875
0 0.290625 0.77734375 0.05390625 0.0546875
0 0.34921875 0.88125 0.05625 0.05703125
0 0.11875 0.88515625 0.0546875 0.0546875
0 0.34296875 0.2859375 0.053125 0.05390625
0 0.82421875 0.14140625 0.0515625 0.05078125
0 0.73828125 0.1890625 0.0546875 0.05390625
0 0.515625 0.4828125 0.05390625 0.05390625
0 0.37421875 0.734375 0.05390625 0.0546875
0 0.45859375 0.28671875 0.05390625 0.0546875
0 0.1734375 0.88203125 0.0546875 0.0546875
0 0.56875 0.28828125 0.053125 0.053125
0 0.26015625 0.43828125 0.05625 0.05703125
0 0.034375 0.82578125 0.0546875 0.05390625
0 0.17890625 0.3890625 0.05390625 0.05625
0 0.18359375 0.646875 0.05546875 0.05546875
0 0.653125 0.3375 0.053125 0.0546875
0 0.4578125 0.09296875 0.05546875 0.05546875
0 0.290625 0.8765625 0.05546875 0.0546875
0 0.45859375 0.484375 0.0546875 0.05546875
0 0.01875 0.4859375 0.0375 0.053125
0 0.15078125 0.43515625 0.0546875 0.05625
0 0.45703125 0.6796875 0.05234375 0.053125
0 0.23203125 0.2875 0.05390625 0.05390625
0 0.45859375 0.18984375 0.05390625 0.05390625
0 0.18046875 0.49453125 0.053125 0.05546875
0 0.2609375 0.33828125 0.05390625 0.05546875
0 0.12109375 0.68125 0.053125 0.05390625
0 0.06171875 0.2890625 0.053125 0.05390625
0 0.88125 0.0453125 0.05390625 0.05390625
0 0.65625 0.23671875 0.053125 0.05390625
0 0.178125 0.70703125 0.05390625 0.05703125
0 0.29765625 0.54921875 0.05546875 0.05703125
0 0.2578125 0.140625 0.0546875 0.05546875
0 0.56953125 0.48515625 0.053125 0.053125
0 0.51484375 0.0921875 0.0546875 0.0546875
0 0.57578125 0.58671875 0.053125 0.0546875
0 0.26015625 0.93359375 0.0546875 0.05625
0 0.25859375 0.83125 0.053125 0.05390625
0 0.62734375 0.0921875 0.05625 0.05546875
0 0.2640625 0.50078125 0.05625 0.0578125
0 0.0640625 0.878125 0.05390625 0.05390625
0 0.11640625 0.0921875 0.05390625 0.05390625
0 0.06328125 0.68671875 0.0546875 0.0546875
0 0.06484375 0.48515625 0.053125 0.0546875
0 0.3765625 0.8296875 0.0546875 0.05546875
0 0.23359375 0.88125 0.05625 0.05546875
0 0.146875 0.3359375 0.0546875 0.0546875
0 0.7390625 0.28359375 0.05390625 0.053125
0 0.484375 0.73046875 0.0546875 0.05546875
0 0.09453125 0.63828125 0.05390625 0.0546875
0 0.1765625 0.765625 0.05234375 0.05234375
0 0.26015625 0.23515625 0.05390625 0.0546875
0 0.14609375 0.603125 0.05546875 0.0546875
0 0.5484375 0.63359375 0.05546875 0.05390625
0 0.45703125 0.58125 0.05546875 0.05546875
0 0.29140625 0.684375 0.05234375 0.053125
0 0.7671875 0.23828125 0.05234375 0.0515625
0 0.0609375 0.38359375 0.0546875 0.05546875
0 0.65625 0.43203125 0.05234375 0.053125
0 0.40625 0.88359375 0.05625 0.05703125
0 0.65546875 0.13984375 0.05234375 0.053125
0 0.68359375 0.38671875 0.05390625 0.0546875
0 0.60078125 0.5328125 0.05390625 0.0546875
0 0.2203125 0.5390625 0.05234375 0.0546875
0 0.37421875 0.93046875 0.05234375 0.0546875
0 0.51484375 0.68203125 0.0546875 0.053125
0 0.8515625 0.09765625 0.04921875 0.05234375
0 0.62734375 0.484375 0.0546875 0.05390625
0 0.7125 0.3359375 0.05234375 0.053125