0 0.39609375 0.24921875 0.053125 0.0546875
0 0.76484375 0.4671875 0.0546875 0.0546875
0 0.25546875 0.73125 0.053125 0.0546875
0 0.121875 0.2625 0.05625 0.05625
0 0.59296875 0.8078125 0.0546875 0.0546875
0 0.04296875 0.9296875 0.0546875 0.05625
0 0.24609375 0.028125 0.0546875 0.040625
0 0.184375 0.446875 0.0546875 0.0546875
0 0.47421875 0.7203125 0.0546875 0.05625
0 0.021875 0.7875 0.0265625 0.0578125
0 0.05078125 0.50078125 0.05625 0.05625
0 0.80859375 0.7015625 0.0546875 0.05625
0 0.17734375 0.26015625 0.0546875 0.05625
0 0.6296875 0.95 0.0546875 0.05625
0 0.40625 0.9625 0.0546875 0.0578125
0 0.8890625 0.22421875 0.0546875 0.0546875
0 0.1703125 0.0703125 0.0546875 0.0546875
0 0.72421875 0.2328125 0.0546875 0.0546875
0 0.0078125 0.3109375 0.015625 0.053125
0 0.6984375 0.70859375 0.05625 0.0546875
0 0.39609375 0.76796875 0.05625 0.05625
0 0.7390625 0.51640625 0.0546875 0.05625
0 0.38828125 0.58046875 0.0546875 0.0546875
0 0.81875 0.46328125 0.0546875 0.0546875
0 0.57421875 0.5265625 0.0546875 0.0546875
0 0.14609375 0.73359375 0.05625 0.05625
0 0.79140625 0.01328125 0.0546875 0.0265625
0 0.60078125 0.47265625 0.0546875 0.05625
0 0.25625 0.209375 0.0546875 0.0546875
0 0.2015625 0.21015625 0.0546875 0.0546875
0 0.42578125 0.296875 0.0546875 0.0546875
0 0.809375 0.2765625 0.0546875 0.0546875
0 0.09765625 0.3109375 0.0546875 0.0546875
0 0.23359375 0.7765625 0.0546875 0.0546875
0 0.834375 0.22734375 0.0546875 0.0546875
0 0.19296875 0.03125 0.053125 0.04375
0 0.48125 0.29296875 0.05625 0.05625
0 0.41171875 0.53203125 0.0546875 0.0546875
0 0.10703125 0.49921875 0.0546875 0.05625
0 0.53203125 0.71640625 0.0546875 0.0546875
0 0.9609375 0.078125 0.0515625 0.0546875
0 0.00546875 0.21875 0.0109375 0.053125
0 0.35546875 0.025 0.0546875 0.0421875
0 0.26171875 0.3015625 0.053125 0.0546875
0 0.1296875 0.4484375 0.0546875 0.0546875
0 0.75390625 0.278125 0.0546875 0.05625
0 0.4671875 0.52890625 0.05625 0.05625
0 0.034375 0.7375 0.0546875 0.05625
0 0.3796875 0.9140625 0.0546875 0.0546875
0 0.01015625 0.409375 0.0203125 0.05625
0 0.55859375 0.24140625 0.05625 0.05625
0 0.3515625 0.96484375 0.05625 0.05625
0 0.41875 0.2015625 0.0546875 0.0546875
0 0.6015625 0.05078125 0.0546875 0.0546875
0 0.26484375 0.921875 0.0546875 0.0546875
0 0.4609375 0.95625 0.05625 0.05625
0 0.19453125 0.6390625 0.05625 0.05625
0 0.6109375 0.66484375 0.05625 0.0546875
0 0.97421875 0.36015625 0.04375 0.0546875
0 0.15546875 0.92578125 0.05625 0.05625
0 0.06328125 0.16875 0.0546875 0.05625
0 0.44921875 0.246875 0.0546875 0.05625
0 0.4578125 0.86640625 0.053125 0.05625
0 0.2421875 0.96875 0.0546875 0.05625
0 0.05703125 0.69140625 0.05625 0.0546875
0 0.0203125 0.2671875 0.040625 0.05625
0 0.50546875 0.7640625 0.05625 0.05625
0 0.32265625 0.9171875 0.05625 0.05625
0 0.02890625 0.54921875 0.0546875 0.05625
0 0.65546875 0.47265625 0.0546875 0.0546875
0 0.41953125 0.72265625 0.0546875 0.0546875
0 0.10234375 0.4046875 0.053125 0.0546875
0 0.41171875 0.021875 0.0546875 0.0390625
0 0.53515625 0.290625 0.053125 0.0546875
0 0.32578125 0.490625 0.05625 0.0546875
0 0.3359375 0.15859375 0.05625 0.05625
0 0.9546875 0.00859375 0.053125 0.0171875
0 0.7984375 0.08828125 0.0546875 0.0546875
0 0.54921875 0.9859375 0.0546875 0.0265625
0 0.52734375 0.196875 0.053125 0.0546875
0 0.47265625 0.6265625 0.05625 0.0546875
0 0.93984375 0.55234375 0.05625 0.0546875
0 0.371875 0.3015625 0.0546875 0.0546875
0 0.11796875 0.165625 0.05625 0.05625
0 0.12265625 0.78203125 0.05625 0.05625
0 0.66640625 0.66328125 0.0546875 0.05625
0 0.5484375 0.05546875 0.0546875 0.0546875
0 0.13046875 0.97265625 0.0546875 0.0546875
0 0.02421875 0.45234375 0.0484375 0.0546875
0 0.49296875 0.05703125 0.0546875 0.0546875
0 0.08359375 0.0359375 0.0546875 0.0453125
0 0.06640625 0.78515625 0.0578125 0.0578125
0 0.91796875 0.2703125 0.0546875 0.0546875
0 0.559375 0.76484375 0.0546875 0.05625
0 0.31015625 0.7296875 0.0546875 0.0546875
0 0.615625 0.759375 0.05625 0.05625
0 0.17265625 0.16484375 0.053125 0.0546875
0 0.64453125 0.28359375 0.05625 0.05625
0 0.01875 0.1703125 0.0375 0.05625
0 0.55390625 0.1515625 0.0546875 0.0546875
0 0.209375 0.925 0.0546875 0.05625
0 0.7328125 0.328125 0.053125 0.0546875
0 0.4171875 0.62890625 0.05625 0.05625
0 0.85234375 0.0859375 0.0546875 0.0546875
0 0.21328125 0.49375 0.0546875 0.0546875
0 0.875 0.0390625 0.053125 0.0546875
0 0.74921875 0.1828125 0.0546875 0.0546875
0 0.48828125 0.39296875 0.0546875 0.05625
0 0.47421875 0.19921875 0.0546875 0.0546875
0 0.753125 0.70703125 0.0546875 0.05625
0 0.30078125 0.53671875 0.05625 0.05625
0 0.97109375 0.03203125 0.0265625 0.0546875
0 0.83203125 0.65546875 0.0546875 0.0546875
0 0.115625 0.68671875 0.05625 0.05625
0 0.5859375 0.715625 0.0546875 0.05625
0 0.18671875 0.971875 0.05625 0.05625
0 0.659375 0.98125 0.0578125 0.028125
0 0.8265625 0.55703125 0.05625 0.05625
0 0.71015625 0.0484375 0.0546875 0.0546875
0 0.29609375 0.44375 0.0546875 0.0546875
0 0.78359375 0.753125 0.0546875 0.05625
0 0.0671875 0.26484375 0.053125 0.05625
0 0.6140625 0.23984375 0.05625 0.05625
0 0.01171875 0.503125 0.0234375 0.05625
0 0.11328125 0.0734375 0.0546875 0.05625
0 0.071875 0.3546875 0.0546875 0.0546875
0 0.1390625 0.03203125 0.0546875 0.040625
0 0.62109375 0.33203125 0.0546875 0.0546875
0 0.31171875 0.2078125 0.0546875 0.0546875
0 0.35546875 0.53515625 0.0546875 0.0546875
0 0.06875 0.88359375 0.05625 0.05625
0 0.684375 0.94609375 0.05625 0.05625
0 0.59921875 0.9046875 0.0546875 0.0546875
0 0.68671875 0.09453125 0.0546875 0.05625
0 0.96953125 0.26796875 0.046875 0.0546875
0 0.74296875 0.9453125 0.0546875 0.053125
0 0.1234375 0.88125 0.0546875 0.05625
0 0.51953125 0.01875 0.0546875 0.0375
0 0.51953125 0.95546875 0.05625 0.05625
0 0.140625 0.63828125 0.0546875 0.05625
0 0.63828125 0.190625 0.0546875 0.0546875
0 0.0484375 0.4046875 0.0546875 0.0546875
0 0.09296875 0.215625 0.0546875 0.0546875
0 0.33125 0.58203125 0.05625 0.05625
0 0.60390625 0.56796875 0.0546875 0.0546875
0 0.49765625 0.5765625 0.05625 0.05625
0 0.89921875 0.4125 0.05625 0.05625
0 0.44375 0.15390625 0.0546875 0.0546875
0 0.93359375 0.45703125 0.0578125 0.0578125
0 0.63046875 0.52265625 0.0546875 0.0546875
0 0.5453125 0.90390625 0.0546875 0.0546875
0 0.0171875 0.0765625 0.034375 0.053125
0 0.2078125 0.303125 0.05625 0.05625
0 0.109375 0.59375 0.0546875 0.0546875
0 0.69296875 0.18984375 0.0546875 0.0546875
0 0.34296875 0.25078125 0.05625 0.0578125
0 0.190625 0.54140625 0.0546875 0.0546875
0 0.03828125 0.21953125 0.0546875 0.0546875
0 0.9625 0.5 0.0546875 0.053125
0 0.08046875 0.5484375 0.0546875 0.05625
0 0.9125 0.17890625 0.0546875 0.0546875
0 0.38984375 0.67734375 0.0546875 0.05625
0 0.434375 0.91171875 0.053125 0.0546875
0 0.6265625 0.01640625 0.053125 0.0328125
0 0.0296875 0.03671875 0.053125 0.0421875
0 0.20078125 0.73203125 0.05625 0.0578125
0 0.39921875 0.34375 0.0546875 0.05625
0 0.34609375 0.3453125 0.0546875 0.05625
0 0.27890625 0.684375 0.053125 0.0546875
0 0.03046875 0.64453125 0.053125 0.05625
0 0.72734375 0.75703125 0.05625 0.0546875
0 0.68046875 0.425 0.0546875 0.0546875
0 0.33984375 0.77109375 0.05625 0.05625
0 0.67734375 0.32890625 0.0546875 0.0546875
0 0.90625 0.5078125 0.05625 0.0578125
0 0.28359375 0.77734375 0.053125 0.0546875
0 0.45546875 0.3421875 0.0546875 0.0546875
0 0.68125 0.01640625 0.053125 0.0328125
0 0.4640625 0.01875 0.0546875 0.0375
0 0.0171875 0.6953125 0.0234375 0.0515625
0 0.49609375 0.15078125 0.0546875 0.053125
0 0.4046875 0.86640625 0.05625 0.05625
0 0.57265625 0.01640625 0.0546875 0.0328125
0 0.03046875 0.97421875 0.0296875 0.0515625
0 0.18046875 0.8734375 0.0546875 0.053125
0 0.7703125 0.56171875 0.05625 0.0546875
0 0.26328125 0.3953125 0.0546875 0.05625
0 0.4703125 0.10390625 0.0546875 0.0546875
0 0.02578125 0.88125 0.0265625 0.0546875
0 0.2328125 0.25703125 0.05625 0.05625
0 0.15234375 0.30859375 0.0546875 0.05625
0 0.01484375 0.59609375 0.025 0.0546875
0 0.70859375 0.4703125 0.0546875 0.05625
0 0.49296875 0.9875 0.0546875 0.025
0 0.275 0.58515625 0.05625 0.05625
0 0.803125 0.18515625 0.053125 0.0546875
0 0.67890625 0.85390625 0.0546875 0.0546875
0 0.68359375 0.52421875 0.0546875 0.0546875
0 0.56953125 0.428125 0.0546875 0.0546875
0 0.54921875 0.5734375 0.053125 0.0546875
0 0.33203125 0.67734375 0.05625 0.05625
0 0.503125 0.24453125 0.05625 0.0578125
0 0.16953125 0.68515625 0.0546875 0.0546875
0 0.8484375 0.51328125 0.0546875 0.05625
0 0.8453125 0.01015625 0.053125 0.0203125
0 0.5015625 0.67265625 0.0546875 0.0546875
0 0.671875 0.75859375 0.0546875 0.0546875
0 0.815625 0.3703125 0.0546875 0.0546875
0 0.925 0.36328125 0.05625 0.05625
0 0.56484375 0.3375 0.05625 0.0546875
0 0.89921875 0.00859375 0.0546875 0.0171875
0 0.77734375 0.65859375 0.0546875 0.0546875
0 0.37421875 0.39609375 0.0546875 0.0578125
0 0.27578125 0.06640625 0.05625 0.0546875
0 0.759375 0.80234375 0.0546875 0.0546875
0 0.35 0.44609375 0.0546875 0.0546875
0 0.134375 0.54375 0.05625 0.0546875
0 0.22265625 0.071875 0.053125 0.0546875
0 0.7046875 0.80390625 0.05625 0.0546875
0 0.5265625 0.6234375 0.053125 0.0546875
0 0.61015625 0.146875 0.05625 0.05625
0 0.27109375 0.49609375 0.0546875 0.0546875
0 0.12734375 0.35390625 0.0546875 0.0546875
0 0.290625 0.34765625 0.05625 0.05625
0 0.71015625 0.8984375 0.0546875 0.0546875
0 0.66015625 0.56796875 0.05625 0.0546875
0 0.96484375 0.171875 0.05 0.05625
0 0.74609375 0.61015625 0.0546875 0.0546875
0 0.18125 0.3546875 0.0546875 0.0546875
0 0.45078125 0.7671875 0.0546875 0.05625
0 0.2859375 0.25546875 0.0546875 0.0546875
0 0.83828125 0.321875 0.0546875 0.0546875
0 0.52578125 0.10546875 0.0546875 0.0546875
0 0.34765625 0.86796875 0.05625 0.05625
0 0.784375 0.325 0.0546875 0.05625
0 0.32109375 0.39609375 0.0546875 0.05625
0 0.04140625 0.31328125 0.0546875 0.05625
0 0.72265625 0.65859375 0.0546875 0.05625
0 0.084375 0.64296875 0.0546875 0.0546875
0 0.2203125 0.5859375 0.05625 0.05625
0 0.43828125 0.06015625 0.0546875 0.0546875
0 0.8234375 0.03984375 0.0546875 0.0546875
0 0.08984375 0.73671875 0.0578125 0.0578125
0 0.278125 0.165625 0.0546875 0.0546875
0 0.1484375 0.2140625 0.05625 0.05625
0 0.48125 0.815625 0.053125 0.0546875
0 0.76328125 0.04921875 0.0546875 0.053125
0 0.16171875 0.4953125 0.05625 0.05625
0 0.57890625 0.09765625 0.0546875 0.05625
0 0.14453125 0.11796875 0.053125 0.053125
0 0.6484375 0.80703125 0.0546875 0.0546875
0 0.7890625 0.41875 0.0546875 0.0546875
0 0.22578125 0.16328125 0.0546875 0.0546875
0 0.70078125 0.278125 0.0546875 0.05625
0 0.07578125 0.45 0.0546875 0.05625
0 0.7921875 0.5125 0.0546875 0.05625
0 0.315625 0.82265625 0.0546875 0.0546875
0 0.0234375 0.35859375 0.046875 0.0546875
0 0.090625 0.12109375 0.0546875 0.0546875
0 0.59609375 0.38203125 0.0546875 0.05625
0 0.30625 0.63203125 0.0546875 0.0546875
0 0.428125 0.81640625 0.05625 0.05625
0 0.0734375 0.97421875 0.05625 0.0515625
0 0.2359375 0.87421875 0.053125 0.0546875
0 0.3015625 0.02734375 0.0546875 0.0421875
0 0.734375 0.42265625 0.053125 0.0546875
0 0.703125 0.37578125 0.053125 0.053125
0 0.36640625 0.2046875 0.053125 0.0546875
0 0.90703125 0.084375 0.0546875 0.0546875
0 0.62578125 0.4265625 0.0546875 0.0546875
0 0.40546875 0.44140625 0.05625 0.0546875
0 0.84375 0.41640625 0.0546875 0.0546875
0 0.19765625 0.11875 0.053125 0.0546875
0 0.25078125 0.11640625 0.0546875 0.0546875
0 0.20625 0.82734375 0.0546875 0.0546875
0 0.51171875 0.8578125 0.0546875 0.05625
0 0.92890625 0.0359375 0.05625 0.05625
0 0.6328125 0.09921875 0.0546875 0.0546875
0 0.33125 0.06953125 0.0546875 0.053125
0 0.75859375 0.37421875 0.0546875 0.05625
0 0.03828125 0.83515625 0.0546875 0.05625
0 0.77265625 0.13515625 0.053125 0.053125
0 0.240625 0.44609375 0.0546875 0.0546875
0 0.65546875 0.046875 0.0546875 0.0546875
0 0.6640625 0.140625 0.0546875 0.05625
0 0.8265625 0.13671875 0.053125 0.0546875
0 0.09609375 0.83515625 0.0546875 0.0546875
0 0.66953125 0.2375 0.053125 0.053125
0 0.93671875 0.12734375 0.0546875 0.0546875
0 0.03515625 0.1203125 0.053125 0.0546875
0 0.7328125 0.85078125 0.0546875 0.05625
0 0.28984375 0.87109375 0.05625 0.05625
0 0.803125 0.609375 0.0546875 0.05625
0 0.3609375 0.6296875 0.05625 0.05625
0 0.8625 0.69921875 0.053125 0.0546875
0 0.56875 0.85703125 0.0546875 0.05625
0 0.640625 0.71171875 0.0546875 0.05625
0 0.22734375 0.68359375 0.0546875 0.0546875
0 0.15625 0.40234375 0.053125 0.053125
0 0.6359375 0.615625 0.0546875 0.0546875
0 0.86328125 0.2734375 0.0546875 0.05625
0 0.3890625 0.15859375 0.053125 0.053125
0 0.575 0.953125 0.0546875 0.0546875
0 0.54140625 0.3828125 0.0546875 0.0546875
0 0.165625 0.58828125 0.0546875 0.0546875
0 0.6515625 0.37734375 0.0546875 0.0546875
0 0.85625 0.18125 0.0546875 0.053125
0 0.55546875 0.6671875 0.0546875 0.0546875
0 0.5890625 0.2875 0.05625 0.05625
0 0.234375 0.35234375 0.0546875 0.0546875
0 0.3609375 0.11015625 0.0546875 0.0546875
0 0.4953125 0.45390625 0.05625 0.0546875
0 0.41640625 0.109375 0.053125 0.053125
0 0.6921875 0.6140625 0.0546875 0.05625
0 0.44609375 0.6734375 0.0546875 0.0546875
0 0.26015625 0.82734375 0.053125 0.0546875
0 0.44765625 0.4796875 0.0546875 0.0546875
0 0.9546875 0.409375 0.0546875 0.0546875
0 0.48984375 0.90859375 0.05625 0.05625
0 0.31484375 0.296875 0.0546875 0.05625
0 0.42890625 0.390625 0.05625 0.05625
0 0.36328125 0.72578125 0.0546875 0.05625
0 0.8921875 0.31953125 0.0546875 0.0546875
0 0.77734375 0.23359375 0.0546875 0.0546875
0 0.8828125 0.13359375 0.0546875 0.0546875
0 0.06171875 0.0796875 0.053125 0.0515625
0 0.58359375 0.196875 0.05625 0.0546875
0 0.87421875 0.46015625 0.0546875 0.05625
0 0.53515625 0.81171875 0.0546875 0.0546875
0 0.51875 0.528125 0.053125 0.053125
0 0.5109375 0.3390625 0.0546875 0.05625
0 0.85703125 0.60546875 0.0546875 0.0546875
0 0.94140625 0.225 0.0546875 0.0546875
0 0.37109375 0.8203125 0.05625 0.05625
0 0.3046875 0.11484375 0.0546875 0.0546875
0 0.72109375 0.9796875 0.0578125 0.028125
0 0.73671875 0.01328125 0.0546875 0.0265625
0 0.653125 0.9 0.0546875 0.0546875
0 0.71953125 0.1375 0.05625 0.0546875
0 0.24375 0.53828125 0.0546875 0.0546875
0 0.54609375 0.4828125 0.0546875 0.0546875
0 0.9484375 0.31328125 0.05625 0.0546875
0 0.2109375 0.4 0.0546875 0.053125
0 0.86796875 0.36796875 0.0546875 0.0546875
0 0.2484375 0.6390625 0.0546875 0.05625
0 0.05625 0.5984375 0.0546875 0.053125
0 0.88828125 0.65078125 0.0546875 0.053125
0 0.384375 0.0625 0.0546875 0.05625
0 0.096875 0.93359375 0.0546875 0.0546875
0 0.8171875 0.80078125 0.053125 0.053125
0 0.62265625 0.85625 0.0546875 0.0546875
0 0.58046875 0.61953125 0.0546875 0.0546875
0 0.7421875 0.09609375 0.0546875 0.053125
0 0.4421875 0.58046875 0.05625 0.0546875
0 0.8796875 0.55703125 0.0546875 0.05625
0 0.715625 0.56484375 0.053125 0.0546875
0 0.8359375 0.7515625 0.0546875 0.0546875
0 0.29609375 0.96796875 0.053125 0.0546875
0 0.78984375 0.846875 0.05625 0.0546875
0 0.91328125 0.6015625 0.053125 0.053125
0 0.17578125 0.78125 0.05625 0.05625
0 0.76640625 0.89765625 0.0546875 0.0546875
0 0.98046875 0.453125 0.0375 0.0546875
0 0.14921875 0.83359375 0.0546875 0.053125
0 0.38671875 0.48046875 0.0546875 0.053125