0 0.059375 0.51484375 0.0609375 0.0625
0 0.43125 0.0296875 0.0625 0.059375
0 0.32109375 0.25625 0.0609375 0.0609375
0 0.01796875 0.90234375 0.0359375 0.0609375
0 0.23125 0.0453125 0.0609375 0.0609375
0 0.175 0.2859375 0.0609375 0.0609375
0 0.04140625 0.8578125 0.0625 0.0625
0 0.34921875 0.45703125 0.059375 0.0609375
0 0.1234375 0.66875 0.0609375 0.0625
0 0.17421875 0.53046875 0.0625 0.0625
0 0.2015625 0.09296875 0.0609375 0.0609375
0 0.1609375 0.384375 0.0609375 0.0609375
0 0.12109375 0.03359375 0.0609375 0.0609375
0 0.37578125 0.025 0.0609375 0.05
0 0.06796875 0.66171875 0.0625 0.0625
0 0.209375 0.24375 0.0625 0.0640625
0 0.1203125 0.27890625 0.0625 0.0625
0 0.0109375 0.60390625 0.021875 0.0609375
0 0.04921875 0.6109375 0.0609375 0.0625
0 0.034375 0.70703125 0.0625 0.0640625
0 0.0953125 0.46796875 0.0625 0.0625
0 0.0875 0.07734375 0.059375 0.059375
0 0.3765625 0.26328125 0.0609375 0.0609375
0 0.4890625 0.03359375 0.0609375 0.0609375
0 0.509375 0.0859375 0.059375 0.059375
0 0.6203125 0.09609375 0.059375 0.059375
0 0.265625 0.49453125 0.0625 0.0640625
0 0.3671875 0.3609375 0.0625 0.0640625
0 0.35234375 0.21328125 0.0625 0.0625
0 0.20703125 0.4890625 0.0625 0.0625
0 0.10859375 0.3765625 0.059375 0.0609375
0 0.309375 0.10390625 0.0625 0.0625
0 0.1453125 0.72578125 0.0609375 0.0609375
0 0.48828125 0.27734375 0.0609375 0.0609375
0 0.0984375 0.228125 0.0609375 0.0609375
0 0.06484375 0.26875 0.0609375 0.0625
0 0.45546875 0.321875 0.0625 0.0640625
0 0.29609375 0.45 0.0609375 0.059375
0 0.409375 0.21796875 0.0625 0.0625
0 0.2515625 0.0984375 0.059375 0.0609375
0 0.3421875 0.06171875 0.0625 0.0625
0 0.025 0.80390625 0.05 0.0609375
0 0.421875 0.12265625 0.0609375 0.0609375
0 0.0078125 0.84921875 0.015625 0.0609375
0 0.39765625 0.07265625 0.0609375 0.0609375
0 0.32109375 0.01953125 0.0609375 0.0390625
0 0.5203125 0.2328125 0.059375 0.059375
0 0.2859375 0.0546875 0.0609375 0.0609375
0 0.0859375 0.32109375 0.0609375 0.0625
0 0.38984375 0.16640625 0.0625 0.0625
0 0.56328125 0.0921875 0.0609375 0.0609375
0 0.0984375 0.00625 0.059375 0.0125
0 0.13046875 0.18359375 0.0625 0.0625
0 0.15078125 0.47890625 0.0609375 0.0609375
0 0.2359375 0.68984375 0.0609375 0.0609375
0 0.1109375 0.765625 0.0609375 0.0609375
0 0.0171875 0.50625 0.034375 0.059375
0 0.0375 0.4609375 0.0609375 0.0625
0 0.5546875 0.1875 0.0609375 0.0609375
0 0.3984375 0.31640625 0.0625 0.0625
0 0.2125 0.0125 0.059375 0.025
0 0.23984375 0.4421875 0.0609375 0.0609375
0 0.07421875 0.17109375 0.0609375 0.0609375
0 0.5875 0.1421875 0.0609375 0.0609375
0 0.28671875 0.30078125 0.0609375 0.0609375
0 0.22890625 0.540625 0.0609375 0.0609375
0 0.07578125 0.4203125 0.0609375 0.0609375
0 0.31015625 0.35234375 0.0625 0.0625
0 0.02109375 0.65546875 0.0421875 0.0640625
0 0.65234375 0.05234375 0.059375 0.059375
0 0.2203125 0.39140625 0.059375 0.059375
0 0.2640625 0.2515625 0.0609375 0.0609375
0 0.1421875 0.08515625 0.0625 0.0625
0 0.36484375 0.115625 0.0609375 0.0609375
0 0.1765625 0.04453125 0.0609375 0.0625
0 0.59765625 0.04609375 0.0609375 0.0609375
0 0.05234375 0.36875 0.0625 0.0625
0 0.1875 0.19140625 0.0640625 0.0640625
0 0.42265625 0.3671875 0.0625 0.0640625
0 0.46484375 0.221875 0.059375 0.0609375
0 0.24296875 0.19921875 0.0609375 0.0609375
0 0.13984375 0.5765625 0.0640625 0.0640625
0 0.2765625 0.396875 0.059375 0.0609375
0 0.25390625 0.34453125 0.059375 0.059375
0 0.13203125 0.4234375 0.0609375 0.0609375
0 0.375 0.50703125 0.059375 0.0609375
0 0.196875 0.5796875 0.059375 0.059375
0 0.51171875 0.32734375 0.0609375 0.0609375
0 0.1609375 0.6265625 0.059375 0.0609375
0 0.02578125 0.4125 0.04375 0.0578125
0 0.16484375 0.1375 0.0625 0.0625
0 0.0390625 0.31796875 0.04375 0.0609375
0 0.221875 0.1484375 0.0625 0.0625
0 0.4453125 0.17265625 0.059375 0.0609375
0 0.115625 0.5234375 0.0625 0.0625
0 0.18671875 0.43359375 0.059375 0.059375
0 0.33046875 0.16171875 0.0609375 0.0625
0 0.53203125 0.1375 0.059375 0.059375
0 0.3203125 0.50390625 0.0625 0.0625
0 0.0640625 0.12109375 0.0390625 0.05625
0 0.2515625 0.58984375 0.059375 0.059375
0 0.34296875 0.30625 0.0625 0.0625
0 0.2859375 0.546875 0.0609375 0.0609375
0 0.10859375 0.13046875 0.0609375 0.0609375
0 0.32890625 0.40546875 0.059375 0.059375
0 0.02890625 0.55625 0.0578125 0.0625
0 0.29921875 0.20546875 0.059375 0.0609375
0 0.0546875 0.75859375 0.0625 0.0625
0 0.47890625 0.375 0.0609375 0.0609375
0 0.07578125 0.0328125 0.0375 0.0578125
0 0.21640625 0.6359375 0.0609375 0.0609375
0 0.27109375 0.6421875 0.0578125 0.0578125
0 0.17890625 0.67734375 0.0609375 0.0609375
0 0.5421875 0.0390625 0.0578125 0.059375
0 0.26640625 0.01640625 0.0609375 0.0328125
0 0.01328125 0.7515625 0.0265625 0.059375
0 0.1390625 0.3328125 0.0609375 0.0609375
0 0.45390625 0.07734375 0.0609375 0.0609375
0 0.05234375 0.2203125 0.04375 0.0578125
0 0.07421875 0.8125 0.0609375 0.0609375
0 0.43203125 0.26875 0.0625 0.0625
0 0.7078125 0.06171875 0.0609375 0.0609375
0 0.340625 0.5546875 0.0609375 0.0609375
0 0.09140625 0.71328125 0.059375 0.0609375
0 0.38671875 0.41328125 0.0609375 0.059375
0 0.4796875 0.128125 0.059375 0.059375
0 0.15390625 0.009375 0.0609375 0.01875
0 0.0828125 0.56640625 0.0640625 0.0625
0 0.49921875 0.18203125 0.0609375 0.059375
0 0.23046875 0.29375 0.059375 0.059375
0 0.1671875 0.77109375 0.0609375 0.059375
0 0.27734375 0.15546875 0.059375 0.0609375
0 0.20078125 0.73046875 0.059375 0.0578125
0 0.0640625 0.90625 0.059375 0.059375
0 0.10390625 0.6171875 0.059375 0.059375
0 0.67421875 0.10234375 0.0578125 0.059375
0 0.15390625 0.2328125 0.059375 0.059375
0 0.09765625 0.865625 0.0609375 0.0609375
0 0.44296875 0.41953125 0.059375 0.059375
0 0.40546875 0.4609375 0.0578125 0.0578125
0 0.6125 0.1984375 0.059375 0.059375
0 0.30390625 0.60234375 0.05625 0.059375
0 0.57734375 0.23984375 0.0609375 0.059375
0 0.54453125 0.2828125 0.059375 0.0609375
0 0.64296875 0.1484375 0.059375 0.059375
0 0.13359375 0.81953125 0.059375 0.059375