0 0.28515625 0.0890625 0.05390625 0.05390625
0 0.565625 0.090625 0.05390625 0.0546875
0 0.5046875 0.76875 0.05546875 0.05625
0 0.365625 0.71796875 0.05546875 0.05390625
0 0.9015625 0.57265625 0.0546875 0.05546875
0 0.225 0.37890625 0.053125 0.05390625
0 0.11015625 0.378125 0.0546875 0.0546875
0 0.3421875 0.96796875 0.0546875 0.05546875
0 0.33984375 0.08984375 0.05234375 0.053125
0 0.76171875 0.721875 0.05546875 0.0546875
0 0.7359375 0.96875 0.053125 0.0546875
0 0.7625 0.9203125 0.05546875 0.05546875
0 0.25234375 0.33203125 0.0546875 0.0546875
0 0.5375 0.53203125 0.0546875 0.05546875
0 0.87890625 0.9171875 0.05703125 0.05703125
0 0.2546875 0.52421875 0.05390625 0.05546875
0 0.62265625 0.76953125 0.05390625 0.05546875
0 0.059375 0.0890625 0.05390625 0.0546875
0 0.81796875 0.71953125 0.0546875 0.05546875
0 0.5640625 0.28515625 0.05546875 0.0546875
0 0.9546875 0.0921875 0.0546875 0.0546875
0 0.93046875 0.721875 0.0546875 0.05546875
0 0.89921875 0.47890625 0.0546875 0.0546875
0 0.93125 0.52578125 0.05390625 0.05546875
0 0.3390625 0.76484375 0.053125 0.0546875
0 0.50546875 0.3765625 0.053125 0.0546875
0 0.1734375 0.0890625 0.05390625 0.053125
0 0.22421875 0.671875 0.0546875 0.05625
0 0.05546875 0.76640625 0.05546875 0.0546875
0 0.1421875 0.52734375 0.0546875 0.05546875
0 0.0859375 0.33046875 0.05546875 0.05625
0 0.9015625 0.76875 0.05546875 0.05546875
0 0.7625 0.52734375 0.05625 0.05546875
0 0.2546875 0.1375 0.05546875 0.05625
0 0.425 0.33125 0.05390625 0.05546875
0 0.5359375 0.91796875 0.0546875 0.05546875
0 0.62265625 0.9703125 0.05703125 0.05546875
0 0.22421875 0.76875 0.05546875 0.05625
0 0.1671875 0.28125 0.0546875 0.0546875
0 0.3671875 0.525 0.05703125 0.05625
0 0.73671875 0.7703125 0.053125 0.05390625
0 0.340625 0.575 0.05546875 0.05625
0 0.93046875 0.140625 0.05390625 0.0546875
0 0.7625 0.234375 0.0546875 0.05625
0 0.028125 0.3296875 0.0546875 0.05546875
0 0.734375 0.86953125 0.0546875 0.05703125
0 0.61875 0.09140625 0.053125 0.0546875
0 0.9359375 0.91484375 0.0546875 0.05625
0 0.56484375 0.47734375 0.0546875 0.0546875
0 0.84609375 0.57421875 0.0546875 0.05390625
0 0.03203125 0.1359375 0.05234375 0.05390625
0 0.16796875 0.765625 0.0546875 0.05546875
0 0.36796875 0.91953125 0.05625 0.05625
0 0.47890625 0.43203125 0.053125 0.05546875
0 0.70390625 0.14140625 0.05390625 0.05390625
0 0.93046875 0.3328125 0.0546875 0.05703125
0 0.53359375 0.1390625 0.05546875 0.05546875
0 0.3671875 0.33359375 0.0546875 0.0546875
0 0.6203125 0.47890625 0.05390625 0.05390625
0 0.48125 0.5265625 0.05546875 0.05546875
0 0.76171875 0.33203125 0.05546875 0.0546875
0 0.87421875 0.33359375 0.0546875 0.05625
0 0.565625 0.77265625 0.05625 0.05625
0 0.8453125 0.09296875 0.053125 0.053125
0 0.2546875 0.71953125 0.0546875 0.05546875
0 0.45390625 0.09140625 0.053125 0.0546875
0 0.89921875 0.09296875 0.053125 0.0546875
0 0.65078125 0.725 0.0546875 0.05703125
0 0.67578125 0.09296875 0.05625 0.05625
0 0.2296875 0.09140625 0.053125 0.0546875
0 0.16796875 0.4734375 0.0546875 0.0546875
0 0.734375 0.57421875 0.0546875 0.0546875
0 0.140625 0.328125 0.0546875 0.05625
0 0.36796875 0.13671875 0.0546875 0.0546875
0 0.4796875 0.23671875 0.053125 0.05390625
0 0.309375 0.71953125 0.05390625 0.05546875
0 0.22734375 0.0125 0.053125 0.025
0 0.565625 0.5765625 0.05625 0.05546875
0 0.2234375 0.475 0.053125 0.0546875
0 0.9 0.28203125 0.05390625 0.0546875
0 0.0265625 0.7171875 0.053125 0.0546875
0 0.67734375 0.6765625 0.0546875 0.0546875
0 0.45234375 0.96875 0.0546875 0.05390625
0 0.36796875 0.43203125 0.05546875 0.05625
0 0.70390625 0.23671875 0.0546875 0.0546875
0 0.8171875 0.52734375 0.05234375 0.05390625
0 0.34140625 0.3796875 0.05390625 0.05390625
0 0.11171875 0.671875 0.0546875 0.0546875
0 0.84921875 0.96640625 0.0546875 0.0578125
0 0.53671875 0.7203125 0.0546875 0.0546875
0 0.42578125 0.1375 0.05390625 0.0546875
0 0.0578125 0.37734375 0.05390625 0.0546875
0 0.92578125 0.04453125 0.053125 0.0546875
0 0.0265625 0.61875 0.053125 0.0546875
0 0.42421875 0.43046875 0.05390625 0.0546875
0 0.1109375 0.86484375 0.05546875 0.05625
0 0.1140625 0.1828125 0.05390625 0.0546875
0 0.6484375 0.525 0.053125 0.05390625
0 0.28515625 0.96640625 0.0546875 0.05546875
0 0.2265625 0.86796875 0.05390625 0.0546875
0 0.96015625 0.478125 0.0546875 0.0546875
0 0.31015625 0.3328125 0.05390625 0.05546875
0 0.67734375 0.284375 0.05390625 0.05390625
0 0.3125 0.13671875 0.05390625 0.05625
0 0.50859375 0.578125 0.0546875 0.0546875
0 0.6515625 0.9203125 0.05625 0.05703125
0 0.81875 0.91875 0.05546875 0.05703125
0 0.5625 0.38125 0.05703125 0.05546875
0 0.16875 0.66953125 0.05390625 0.05390625
0 0.22578125 0.9625 0.05546875 0.05703125
0 0.95703125 0.2828125 0.05390625 0.053125
0 0.16796875 0.9625 0.05546875 0.05703125
0 0.03125 0.040625 0.0546875 0.0546875
0 0.45546875 0.5765625 0.05546875 0.05546875
0 0.9609375 0.8671875 0.0546875 0.05625
0 0.4234375 0.7203125 0.0546875 0.0546875
0 0.309375 0.915625 0.05546875 0.05625
0 0.425 0.52734375 0.0546875 0.05703125
0 0.44921875 0.76875 0.0546875 0.05625
0 0.31015625 0.04296875 0.053125 0.05390625
0 0.8171875 0.43125 0.0546875 0.05546875
0 0.47890625 0.72109375 0.05546875 0.0546875
0 0.140625 0.71953125 0.05390625 0.0546875
0 0.14453125 0.03984375 0.05390625 0.05546875
0 0.0890625 0.03828125 0.05390625 0.05390625
0 0.7328125 0.38203125 0.05390625 0.053125
0 0.6203125 0.1875 0.053125 0.0546875
0 0.95859375 0.76875 0.05546875 0.0546875
0 0.45390625 0.478125 0.05390625 0.05390625
0 0.14140625 0.91328125 0.05546875 0.05546875
0 0.565625 0.86796875 0.0546875 0.0546875
0 0.36875 0.2390625 0.0546875 0.05546875
0 0.50859375 0.0921875 0.05390625 0.05546875
0 0.8171875 0.234375 0.053125 0.05390625
0 0.42265625 0.0421875 0.0546875 0.05546875
0 0.14375 0.13515625 0.05390625 0.05390625
0 0.70234375 0.04296875 0.05546875 0.05625
0 0.734375 0.28515625 0.053125 0.05390625
0 0.70390625 0.52578125 0.05546875 0.0578125
0 0.703125 0.33125 0.05390625 0.05546875
0 0.53515625 0.3328125 0.0546875 0.05625
0 0.98125 0.528125 0.0375 0.05625
0 0.48125 0.62734375 0.053125 0.053125
0 0.28359375 0.765625 0.05390625 0.05390625
0 0.42421875 0.9171875 0.0546875 0.05625
0 0.84375 0.28515625 0.05390625 0.05390625
0 0.6765625 0.4765625 0.05390625 0.0546875
0 0.96171875 0.671875 0.05546875 0.0546875
0 0.1984375 0.525 0.0546875 0.0546875
0 0.1109375 0.47421875 0.05546875 0.05546875
0 0.64921875 0.04375 0.05390625 0.0546875
0 0.621875 0.284375 0.05390625 0.05546875
0 0.0265625 0.5234375 0.053125 0.05625
0 0.48046875 0.33203125 0.0546875 0.05546875
0 0.39296875 0.76953125 0.0546875 0.05625
0 0.87578125 0.2375 0.05390625 0.053125
0 0.02734375 0.2328125 0.0546875 0.05625
0 0.62109375 0.675 0.0546875 0.05546875
0 0.5640625 0.6734375 0.05546875 0.0546875
0 0.56640625 0.965625 0.05390625 0.0546875
0 0.73359375 0.09453125 0.0546875 0.05546875
0 0.16796875 0.3765625 0.0546875 0.0546875
0 0.97890625 0.33203125 0.0421875 0.05625
0 0.3984375 0.0890625 0.05390625 0.0546875
0 0.65 0.140625 0.05390625 0.053125
0 0.6234375 0.571875 0.05390625 0.0546875
0 0.759375 0.43125 0.0546875 0.0546875
0 0.90234375 0.67265625 0.0546875 0.0546875
0 0.42421875 0.81875 0.0546875 0.05390625
0 0.70546875 0.725 0.0546875 0.05703125
0 0.0859375 0.13515625 0.05546875 0.05546875
0 0.8203125 0.14140625 0.05390625 0.05390625
0 0.45234375 0.8671875 0.0546875 0.05625
0 0.61796875 0.0109375 0.0515625 0.021875
0 0.9625 0.965625 0.0546875 0.0546875
0 0.73203125 0.47578125 0.05546875 0.05625
0 0.05859375 0.18515625 0.05390625 0.05390625
0 0.81640625 0.0421875 0.0546875 0.0546875
0 0.4515625 0.38046875 0.05390625 0.053125
0 0.759375 0.04296875 0.05390625 0.05390625
0 0.22890625 0.18515625 0.05390625 0.053125
0 0.875 0.52734375 0.0546875 0.05390625
0 0.05390625 0.571875 0.05625 0.05546875
0 0.16875 0.86484375 0.05546875 0.0546875
0 0.95703125 0.57578125 0.05625 0.05703125
0 0.48046875 0.04609375 0.05390625 0.05390625
0 0.4796875 0.1375 0.053125 0.05390625
0 0.76171875 0.13828125 0.05546875 0.0546875
0 0.89765625 0.01171875 0.053125 0.0234375
0 0.64765625 0.334375 0.05390625 0.053125
0 0.22421875 0.284375 0.05390625 0.0546875
0 0.5046875 0.18671875 0.05390625 0.0546875
0 0.3375 0.86640625 0.05546875 0.05703125
0 0.365625 0.04140625 0.0546875 0.0546875
0 0.30859375 0.52578125 0.05546875 0.05859375
0 0.34140625 0.2828125 0.05390625 0.0546875
0 0.25859375 0.04375 0.0515625 0.05234375
0 0.45546875 0.28515625 0.0515625 0.05234375
0 0.621875 0.86796875 0.05546875 0.05546875
0 0.34296875 0.1875 0.05390625 0.05390625
0 0.8203125 0.6234375 0.0546875 0.0546875
0 0.33828125 0.47734375 0.05546875 0.05625
0 0.11171875 0.57265625 0.05625 0.05546875
0 0.81953125 0.3328125 0.053125 0.05390625
0 0.70390625 0.62734375 0.05625 0.05625
0 0.5078125 0.67265625 0.0546875 0.0546875
0 0.25546875 0.91484375 0.05234375 0.05390625
0 0.8453125 0.47890625 0.05234375 0.053125
0 0.30859375 0.23515625 0.05546875 0.05546875
0 0.084375 0.52421875 0.05625 0.05625
0 0.50859375 0.47890625 0.0546875 0.0546875
0 0.53671875 0.0421875 0.053125 0.05390625
0 0.08515625 0.23359375 0.05390625 0.0546875
0 0.140625 0.81640625 0.0546875 0.0546875
0 0.42421875 0.6234375 0.0546875 0.0546875
0 0.846875 0.67109375 0.0546875 0.0546875
0 0.3375 0.66953125 0.05546875 0.05625
0 0.225 0.5703125 0.05234375 0.05234375
0 0.1140625 0.76796875 0.053125 0.0546875
0 0.28359375 0.1859375 0.0546875 0.05390625
0 0.93046875 0.8171875 0.0546875 0.05390625
0 0.56484375 0.190625 0.0546875 0.05625
0 0.64921875 0.2375 0.053125 0.05390625
0 0.97890625 0.1390625 0.0421875 0.053125
0 0.5359375 0.23671875 0.053125 0.0546875
0 0.8734375 0.13984375 0.05390625 0.05546875
0 0.790625 0.48125 0.05546875 0.0546875
0 0.84453125 0.01171875 0.053125 0.0234375
0 0.0546875 0.28046875 0.05546875 0.05546875
0 0.92890625 0.23515625 0.0515625 0.05234375
0 0.978125 0.23359375 0.04375 0.053125
0 0.1421875 0.23359375 0.05390625 0.0546875
0 0.28125 0.378125 0.0546875 0.0546875
0 0.85 0.86796875 0.05546875 0.05703125
0 0.08515625 0.72109375 0.05390625 0.05390625
0 0.67734375 0.5734375 0.0546875 0.05546875
0 0.734375 0.6734375 0.05390625 0.0546875
0 0.50859375 0.2859375 0.053125 0.053125
0 0.87421875 0.43046875 0.05390625 0.05390625
0 0.62265625 0.38046875 0.0546875 0.053125
0 0.84609375 0.378125 0.05546875 0.05390625
0 0.58984375 0.32890625 0.0546875 0.05625
0 0.0515625 0.86640625 0.0578125 0.05625
0 0.39765625 0.48046875 0.0546875 0.05390625
0 0.3671875 0.81796875 0.05546875 0.05546875
0 0.4796875 0.815625 0.0546875 0.0546875
0 0.01171875 0.66875 0.0234375 0.0546875
0 0.59375 0.721875 0.0546875 0.05625
0 0.78984375 0.57421875 0.053125 0.0546875
0 0.45078125 0.6703125 0.05390625 0.053125
0 0.84609375 0.765625 0.05390625 0.0546875
0 0.11328125 0.28125 0.05390625 0.05390625
0 0.87109375 0.0453125 0.053125 0.05390625
0 0.903125 0.3828125 0.05625 0.05546875
0 0.11171875 0.9609375 0.0546875 0.05546875
0 0.2796875 0.47578125 0.05625 0.05625
0 0.6796875 0.7703125 0.0546875 0.05390625
0 0.50859375 0.8671875 0.05546875 0.05625
0 0.56484375 0.0109375 0.053125 0.021875
0 0.28203125 0.28125 0.0546875 0.0546875
0 0.53828125 0.82109375 0.05546875 0.0546875
0 0.140625 0.61953125 0.0546875 0.0546875
0 0.9328125 0.43125 0.05390625 0.05390625
0 0.93203125 0.6234375 0.0546875 0.05546875
0 0.7875 0.38125 0.0546875 0.0546875
0 0.3921875 0.671875 0.05390625 0.0546875
0 0.7890625 0.28515625 0.05390625 0.0546875
0 0.8734375 0.62578125 0.05390625 0.05625
0 0.98125 0.92109375 0.0375 0.0546875
0 0.39609375 0.38046875 0.05390625 0.0546875
0 0.03046875 0.428125 0.05390625 0.0546875
0 0.01484375 0.18515625 0.0296875 0.053125
0 0.5921875 0.04453125 0.05234375 0.05234375
0 0.59296875 0.13828125 0.05390625 0.0546875
0 0.97734375 0.04453125 0.0453125 0.053125
0 0.5078125 0.01171875 0.0546875 0.0234375
0 0.903125 0.1875 0.053125 0.05390625
0 0.19609375 0.3328125 0.053125 0.05546875
0 0.02734375 0.81171875 0.05234375 0.05234375
0 0.28125 0.865625 0.053125 0.05390625
0 0.0546875 0.47734375 0.0546875 0.0546875
0 0.3953125 0.5734375 0.0546875 0.05546875
0 0.196875 0.81640625 0.0546875 0.05390625
0 0.76015625 0.62109375 0.05546875 0.05546875
0 0.81953125 0.8203125 0.05390625 0.05390625
0 0.171875 0.1859375 0.05625 0.05546875
0 0.70625 0.81796875 0.053125 0.05390625
0 0.73359375 0.18515625 0.053125 0.05234375
0 0.95703125 0.18828125 0.053125 0.05390625
0 0.30859375 0.4265625 0.0546875 0.05390625
0 0.90546875 0.865625 0.05390625 0.0546875
0 0.45234375 0.18671875 0.05234375 0.053125
0 0.7046875 0.4265625 0.05234375 0.053125
0 0.42578125 0.2390625 0.0546875 0.05546875
0 0.0125 0.57109375 0.025 0.053125
0 0.96171875 0.3828125 0.05546875 0.0546875
0 0.9046875 0.9671875 0.05625 0.0578125
0 0.3078125 0.62265625 0.0546875 0.053125
0 0.87578125 0.71953125 0.05390625 0.05390625
0 0.59375 0.5265625 0.053125 0.053125
0 0.2796875 0.5765625 0.05546875 0.05625
0 0.16875 0.56875 0.0546875 0.05390625
0 0.64921875 0.4296875 0.05390625 0.05546875
0 0.64765625 0.8234375 0.05390625 0.05625
0 0.59453125 0.6265625 0.053125 0.0546875
0 0.675 0.3796875 0.053125 0.0546875
0 0.1984375 0.1359375 0.05390625 0.0546875
0 0.53671875 0.625 0.053125 0.05390625
0 0.3390625 0.01015625 0.053125 0.0203125
0 0.13984375 0.425 0.05390625 0.05390625
0 0.47734375 0.91796875 0.05546875 0.05625
0 0.84765625 0.1890625 0.05390625 0.05390625
0 0.87421875 0.8171875 0.053125 0.05390625
0 0.253125 0.8171875 0.0546875 0.0546875
0 0.0828125 0.8171875 0.05546875 0.05625
0 0.19609375 0.72109375 0.05546875 0.05546875
0 0.98125 0.81796875 0.0375 0.0546875
0 0.78984375 0.090625 0.05390625 0.05390625
0 0.79140625 0.96953125 0.05625 0.05703125
0 0.71015625 0.9203125 0.05390625 0.05625
0 0.2015625 0.04375 0.053125 0.053125
0 0.36640625 0.6234375 0.05546875 0.05390625
0 0.9546875 0.01171875 0.053125 0.0234375
0 0.05625 0.66640625 0.05390625 0.053125
0 0.396875 0.865625 0.0546875 0.05546875
0 0.1171875 0.09140625 0.0546875 0.05625
0 0.6765625 0.1875 0.053125 0.053125
0 0.98046875 0.62421875 0.0390625 0.0546875
0 0.98125 0.43046875 0.0375 0.0546875
0 0.0828125 0.61953125 0.05390625 0.0546875
0 0.39609375 0.1859375 0.053125 0.05390625
0 0.2546875 0.2328125 0.05390625 0.05390625
0 0.68203125 0.96640625 0.0546875 0.05625
0 0.76328125 0.81875 0.05390625 0.05390625
0 0.19921875 0.23359375 0.053125 0.05390625
0 0.98125 0.72109375 0.0375 0.053125
0 0.78671875 0.0109375 0.053125 0.021875
0 0.01171875 0.76796875 0.0234375 0.053125
0 0.19921875 0.9125 0.05390625 0.05390625
0 0.7921875 0.86953125 0.05390625 0.05546875
0 0.396875 0.0109375 0.0546875 0.021875
0 0.7328125 0.01171875 0.0546875 0.0234375
0 0.59296875 0.8203125 0.053125 0.05390625
0 0.79140625 0.1875 0.05390625 0.05390625
0 0.53671875 0.42578125 0.053125 0.05390625
0 0.7890625 0.671875 0.0546875 0.05546875
0 0.08125 0.91484375 0.05625 0.0546875
0 0.5921875 0.4296875 0.05390625 0.05625
0 0.453125 0.01171875 0.053125 0.0234375
0 0.5921875 0.23671875 0.05625 0.0546875
0 0.64765625 0.6234375 0.05390625 0.05390625
0 0.27890625 0.6671875 0.05390625 0.05390625
0 0.084375 0.4265625 0.05234375 0.05390625
0 0.25234375 0.61875 0.05390625 0.05234375
0 0.675 0.01015625 0.053125 0.0203125
0 0.51171875 0.9671875 0.053125 0.05390625
0 0.396875 0.9671875 0.053125 0.05546875
0 0.25234375 0.425 0.05390625 0.053125
0 0.01328125 0.47578125 0.0265625 0.053125
0 0.678125 0.8671875 0.0546875 0.0546875
0 0.19921875 0.61875 0.05234375 0.053125
0 0.3109375 0.8171875 0.05390625 0.053125
0 0.0140625 0.37734375 0.028125 0.0546875
0 0.01328125 0.28125 0.0265625 0.053125
0 0.19609375 0.4265625 0.053125 0.053125
0 0.79140625 0.76640625 0.05390625 0.0546875
0 0.0140625 0.08671875 0.028125 0.053125
0 0.5921875 0.91484375 0.0546875 0.05546875
0 0.396875 0.2828125 0.0515625 0.05234375