0 0.121875 0.33515625 0.0546875 0.0546875
0 0.609375 0.68125 0.0546875 0.0546875
0 0.15234375 0.69296875 0.0546875 0.05625
0 0.66796875 0.9859375 0.0546875 0.028125
0 0.965625 0.7875 0.034375 0.053125
0 0.334375 0.3484375 0.0546875 0.0546875
0 0.53671875 0.94375 0.0546875 0.05625
0 0.90390625 0.0703125 0.0546875 0.0546875
0 0.07109375 0.7296875 0.0546875 0.05625
0 0.50859375 0.98203125 0.0546875 0.0359375
0 0.5546875 0.678125 0.0546875 0.0546875
0 0.25078125 0.38671875 0.0546875 0.0546875
0 0.59140625 0.95078125 0.053125 0.0546875
0 0.07578125 0.64375 0.0546875 0.05625
0 0.21640625 0.9234375 0.0546875 0.0546875
0 0.81484375 0.28828125 0.0546875 0.0546875
0 0.721875 0.9890625 0.053125 0.021875
0 0.325 0.93515625 0.0546875 0.0546875
0 0.68515625 0.728125 0.0546875 0.0546875
0 0.33671875 0.259375 0.0546875 0.0546875
0 0.2546875 0.2984375 0.0546875 0.0546875
0 0.02421875 0.6390625 0.0484375 0.05625
0 0.6484375 0.4546875 0.0546875 0.0546875
0 0.75078125 0.95859375 0.0546875 0.05625
0 0.22109375 0.08984375 0.0546875 0.0546875
0 0.2828125 0.25390625 0.0546875 0.0546875
0 0.74296875 0.1515625 0.0546875 0.0546875
0 0.10390625 0.60078125 0.0546875 0.0546875
0 0.85 0.64921875 0.053125 0.0546875
0 0.89296875 0.3390625 0.0546875 0.0546875
0 0.65546875 0.77109375 0.0546875 0.0546875
0 0.41015625 0.39765625 0.0546875 0.0546875
0 0.45859375 0.89609375 0.05625 0.05625
0 0.81015625 0.37734375 0.0546875 0.05625
0 0.2015625 0.28828125 0.0546875 0.0546875
0 0.49765625 0.26875 0.0546875 0.05625
0 0.8828125 0.5140625 0.0546875 0.0546875
0 0.31796875 0.61640625 0.053125 0.0546875
0 0.45703125 0.0875 0.0546875 0.0546875
0 0.97265625 0.3 0.0546875 0.0546875
0 0.01328125 0.5921875 0.0265625 0.053125
0 0.015625 0.90859375 0.03125 0.0546875
0 0.15703125 0.60546875 0.053125 0.0546875
0 0.36640625 0.215625 0.0546875 0.0546875
0 0.27890625 0.34375 0.05625 0.05625
0 0.13515625 0.95703125 0.0546875 0.040625
0 0.52109375 0.3140625 0.05625 0.0546875
0 0.81171875 0.87109375 0.0546875 0.0546875
0 0.82890625 0.990625 0.0546875 0.01875
0 0.38046875 0.03359375 0.0546875 0.0546875
0 0.55859375 0.5875 0.0546875 0.0546875
0 0.92734375 0.70078125 0.053125 0.053125
0 0.021875 0.72890625 0.04375 0.0546875
0 0.834375 0.425 0.0546875 0.0546875
0 0.19765625 0.38359375 0.0546875 0.0546875
0 0.08203125 0.55390625 0.0546875 0.0546875
0 0.728125 0.41796875 0.0546875 0.0546875
0 0.09375 0.37890625 0.053125 0.0546875
0 0.40078125 0.97734375 0.0515625 0.0375
0 0.02734375 0.328125 0.0359375 0.053125
0 0.66640625 0.103125 0.053125 0.0546875
0 0.13984375 0.875 0.0546875 0.05625
0 0.021875 0.4125 0.0375 0.053125
0 0.90078125 0.74375 0.0546875 0.05625
0 0.75390625 0.4640625 0.0546875 0.0546875
0 0.684375 0.23828125 0.0546875 0.0546875
0 0.3984375 0.575 0.0546875 0.05625
0 0.57578125 0.31875 0.0546875 0.05625
0 0.7078125 0.775 0.0546875 0.0546875
0 0.5328125 0.13671875 0.0546875 0.05625
0 0.90078125 0.65390625 0.053125 0.0546875
0 0.73828125 0.73203125 0.0546875 0.05625
0 0.04765625 0.2859375 0.0546875 0.0546875
0 0.18984375 0.13125 0.053125 0.05625
0 0.64375 0.9515625 0.053125 0.0546875
0 0.25859375 0.69609375 0.05625 0.05625
0 0.98125 0.52265625 0.0375 0.0515625
0 0.47109375 0.715625 0.0546875 0.0546875
0 0.39453125 0.66484375 0.0546875 0.0546875
0 0.2359375 0.65 0.0546875 0.05625
0 0.46640625 0.80546875 0.0546875 0.0546875
0 0.53046875 0.63125 0.053125 0.053125
0 0.65625 0.28046875 0.0546875 0.0546875
0 0.696875 0.06171875 0.053125 0.053125
0 0.08828125 0.86875 0.0546875 0.0546875
0 0.06171875 0.08125 0.05625 0.05625
0 0.80625 0.4671875 0.0546875 0.0546875
0 0.83125 0.51328125 0.0546875 0.0546875
0 0.73359375 0.33125 0.0546875 0.0546875
0 0.30546875 0.79453125 0.0546875 0.0546875
0 0.68125 0.328125 0.053125 0.053125
0 0.884375 0.43046875 0.0546875 0.0546875
0 0.77109375 0.10703125 0.0546875 0.0546875
0 0.48828125 0.44609375 0.0546875 0.0546875
0 0.6515625 0.36796875 0.0546875 0.0546875
0 0.76171875 0.28515625 0.0546875 0.0546875
0 0.45390625 0.97734375 0.05625 0.04375
0 0.75703125 0.37578125 0.0546875 0.0546875
0 0.175 0.33671875 0.0546875 0.05625
0 0.73828125 0.240625 0.0546875 0.0546875
0 0.3375 0.75078125 0.05625 0.0546875
0 0.91484375 0.3875 0.0546875 0.0546875
0 0.84609375 0.73828125 0.05625 0.05625
0 0.803125 0.96015625 0.0546875 0.05625
0 0.43046875 0.9390625 0.0546875 0.0546875
0 0.9125 0.475 0.0546875 0.0546875
0 0.5796875 0.23046875 0.0546875 0.0546875
0 0.40625 0.8921875 0.0546875 0.0546875
0 0.92890625 0.6125 0.0546875 0.0546875
0 0.49296875 0.3609375 0.0546875 0.0546875
0 0.9375 0.51953125 0.0546875 0.0546875
0 0.90859375 0.96796875 0.0546875 0.0546875
0 0.42421875 0.6234375 0.0546875 0.0546875
0 0.584375 0.1390625 0.0546875 0.0546875
0 0.02734375 0.54921875 0.0546875 0.0546875
0 0.82421875 0.1125 0.0546875 0.0546875
0 0.5671875 0.9046875 0.0546875 0.05625
0 0.88671875 0.921875 0.053125 0.0546875
0 0.16484375 0.9203125 0.053125 0.0546875
0 0.59375 0.453125 0.05625 0.0546875
0 0.2421875 0.96484375 0.0546875 0.0390625
0 0.690625 0.14765625 0.05625 0.05625
0 0.24453125 0.88203125 0.0546875 0.05625
0 0.1109375 0.51328125 0.053125 0.053125
0 0.0984375 0.690625 0.05625 0.05625
0 0.11484375 0.4234375 0.0546875 0.0546875
0 0.4421875 0.75859375 0.0546875 0.0546875
0 0.03359375 0.23828125 0.0359375 0.053125
0 0.43359375 0.04140625 0.0546875 0.0546875
0 0.7578125 0.8640625 0.05625 0.05625
0 0.0796875 0.9515625 0.05625 0.04375
0 0.98515625 0.34296875 0.0296875 0.0546875
0 0.675 0.41171875 0.0546875 0.0546875
0 0.90078125 0.16171875 0.053125 0.0546875
0 0.603125 0.27265625 0.05625 0.0546875
0 0.35703125 0.39375 0.0546875 0.0546875
0 0.49453125 0.76484375 0.0546875 0.0546875
0 0.24140625 0.56171875 0.05625 0.0546875
0 0.59765625 0.3671875 0.0546875 0.0546875
0 0.74375 0.646875 0.0546875 0.0546875
0 0.35234375 0.0734375 0.0546875 0.0546875
0 0.11484375 0.0859375 0.0546875 0.05625
0 0.834375 0.91953125 0.053125 0.0546875
0 0.3453125 0.5734375 0.0546875 0.0546875
0 0.99296875 0.071875 0.0140625 0.053125
0 0.265625 0.60625 0.05625 0.0546875
0 0.5625 0.98359375 0.053125 0.0328125
0 0.9703125 0.703125 0.0359375 0.053125
0 0.02578125 0.94765625 0.0515625 0.0421875
0 0.953125 0.96953125 0.0328125 0.053125
0 0.50703125 0.5859375 0.053125 0.0546875
0 0.87734375 0.60703125 0.0546875 0.053125
0 0.58359375 0.63125 0.0546875 0.05625
0 0.89296875 0.8328125 0.0546875 0.0546875
0 0.05703125 0.9109375 0.05625 0.05625
0 0.31328125 0.7015625 0.0546875 0.05625
0 0.18125 0.653125 0.0546875 0.0546875
0 0.3390625 0.66328125 0.0546875 0.0546875
0 0.88203125 0.9921875 0.0546875 0.015625
0 0.796875 0.64375 0.0546875 0.0546875
0 0.8953125 0.25 0.053125 0.0546875
0 0.82109375 0.690625 0.0546875 0.0546875
0 0.41328125 0.30546875 0.0546875 0.05625
0 0.76640625 0.6875 0.05625 0.0546875
0 0.51328125 0.89765625 0.0546875 0.0546875
0 0.81484375 0.784375 0.0546875 0.0546875
0 0.41796875 0.7125 0.0546875 0.0546875
0 0.38984375 0.75546875 0.0546875 0.0546875
0 0.66171875 0.68671875 0.053125 0.053125
0 0.3 0.88671875 0.05625 0.05625
0 0.83984375 0.8265625 0.0546875 0.0546875
0 0.5796875 0.72578125 0.0546875 0.0546875
0 0.43671875 0.3546875 0.0578125 0.05625
0 0.19375 0.46953125 0.05625 0.0546875
0 0.990625 0.1640625 0.01875 0.05625
0 0.478125 0.63046875 0.0546875 0.0546875
0 0.14453125 0.78671875 0.053125 0.053125
0 0.4203125 0.21953125 0.0546875 0.0546875
0 0.2125 0.18125 0.0546875 0.0546875
0 0.95703125 0.071875 0.0546875 0.05625
0 0.978125 0.1171875 0.04375 0.05625
0 0.271875 0.09453125 0.053125 0.0546875
0 0.10078125 0.2859375 0.0546875 0.05625
0 0.61953125 0.90625 0.0546875 0.0546875
0 0.48359375 0.9421875 0.0546875 0.05625
0 0.1671875 0.42890625 0.053125 0.053125
0 0.19453125 0.04375 0.053125 0.053125
0 0.95859375 0.88125 0.034375 0.0515625
0 0.56875 0.409375 0.0546875 0.0546875
0 0.9453125 0.3453125 0.0546875 0.0546875
0 0.83984375 0.3375 0.053125 0.053125
0 0.05 0.596875 0.0546875 0.0546875
0 0.0390625 0.77578125 0.0546875 0.0546875
0 0.63203125 0.72734375 0.053125 0.0546875
0 0.96953125 0.39453125 0.0546875 0.0546875
0 0.37421875 0.12578125 0.05625 0.05625
0 0.94375 0.8359375 0.0546875 0.0546875
0 0.84921875 0.07109375 0.0546875 0.0546875
0 0.6734375 0.90859375 0.0546875 0.0546875
0 0.3765625 0.93984375 0.0546875 0.0546875
0 0.40625 0.4859375 0.05625 0.0546875
0 0.77109375 0.5984375 0.0546875 0.0546875
0 0.5609375 0.496875 0.0546875 0.0546875
0 0.96328125 0.478125 0.0546875 0.0546875
0 0.36171875 0.30859375 0.053125 0.053125
0 0.71328125 0.6890625 0.053125 0.0546875
0 0.38203125 0.84609375 0.0546875 0.0546875
0 0.82734375 0.034375 0.053125 0.028125
0 0.6359375 0.1421875 0.05625 0.05625
0 0.71875 0.596875 0.0546875 0.05625
0 0.09375 0.78125 0.0546875 0.0546875
0 0.62109375 0.02109375 0.05 0.03125
0 0.14375 0.04140625 0.0546875 0.0546875
0 0.77734375 0.509375 0.05625 0.05625
0 0.6359375 0.6421875 0.053125 0.053125
0 0.246875 0.475 0.0546875 0.0546875
0 0.34921875 0.48046875 0.05625 0.0546875
0 0.040625 0.37265625 0.0546875 0.0546875
0 0.20390625 0.6953125 0.0546875 0.05625
0 0.07578125 0.23671875 0.0546875 0.05625
0 0.84453125 0.246875 0.053125 0.053125
0 0.6015625 0.76875 0.0546875 0.0546875
0 0.06328125 0.82265625 0.0546875 0.0546875
0 0.696875 0.9578125 0.0546875 0.0546875
0 0.7171875 0.10703125 0.0546875 0.0546875
0 0.78046875 0.421875 0.0546875 0.0546875
0 0.275 0.43046875 0.05625 0.0546875
0 0.72421875 0.50859375 0.0546875 0.053125
0 0.4140625 0.803125 0.0546875 0.053125
0 0.61640625 0.09140625 0.05625 0.05625
0 0.25234375 0.7921875 0.05625 0.0546875
0 0.671875 0.50234375 0.05625 0.05625
0 0.03359375 0.4609375 0.0546875 0.053125
0 0.9203125 0.79296875 0.0546875 0.0546875
0 0.48046875 0.5359375 0.0546875 0.0546875
0 0.225 0.340625 0.0546875 0.05625
0 0.7015625 0.8640625 0.053125 0.0546875
0 0.26875 0.521875 0.053125 0.053125
0 0.13125 0.22421875 0.05625 0.05625
0 0.525 0.22421875 0.0546875 0.0546875
0 0.11953125 0.009375 0.0546875 0.01875
0 0.8265625 0.60078125 0.053125 0.0546875
0 0.759375 0.78203125 0.0546875 0.0546875
0 0.13828125 0.1328125 0.05625 0.0546875
0 0.6640625 0.59140625 0.05625 0.05625
0 0.775 0.98984375 0.053125 0.0203125
0 0.91640625 0.87890625 0.0546875 0.053125
0 0.353125 0.88828125 0.0546875 0.0546875
0 0.51328125 0.40546875 0.05625 0.0546875
0 0.8640625 0.87421875 0.0546875 0.0546875
0 0.615625 0.9859375 0.053125 0.028125
0 0.4546875 0.58125 0.0546875 0.0546875
0 0.959375 0.5671875 0.0546875 0.0546875
0 0.975 0.21015625 0.05 0.0546875
0 0.78828125 0.334375 0.0546875 0.053125
0 0.86875 0.2921875 0.0546875 0.0546875
0 0.8625 0.3828125 0.053125 0.0546875
0 0.2703125 0.92890625 0.0546875 0.0546875
0 0.525 0.71796875 0.05625 0.0546875
0 0.69921875 0.4578125 0.05625 0.0546875
0 0.1859375 0.5640625 0.0546875 0.0546875
0 0.95546875 0.6578125 0.0546875 0.053125
0 0.2296875 0.74375 0.0546875 0.0546875
0 0.9875 0.25546875 0.025 0.0546875
0 0.75 0.55078125 0.0546875 0.0546875
0 0.29765625 0.97109375 0.0515625 0.034375
0 0.00625 0.77578125 0.0125 0.0515625
0 0.49921875 0.678125 0.0546875 0.053125
0 0.209375 0.60703125 0.053125 0.0546875
0 0.87421875 0.696875 0.0546875 0.0546875
0 0.90859375 0.5640625 0.0546875 0.0546875
0 0.85546875 0.559375 0.0546875 0.05625
0 0.0890625 0.46640625 0.0546875 0.053125
0 0.97578125 0.61171875 0.0390625 0.0546875
0 0.92890625 0.11796875 0.05625 0.05625
0 0.28046875 0.7453125 0.0546875 0.05625
0 0.3703125 0.61953125 0.0546875 0.0546875
0 0.18828125 0.96015625 0.0546875 0.0421875
0 0.32265625 0.525 0.0546875 0.0546875
0 0.1453125 0.38125 0.053125 0.0546875
0 0.571875 0.81484375 0.053125 0.0546875
0 0.5953125 0.8640625 0.053125 0.053125
0 0.3140625 0.2125 0.0546875 0.0546875
0 0.046875 0.03828125 0.034375 0.0546875
0 0.3203125 0.11484375 0.0546875 0.0546875
0 0.328125 0.43984375 0.0546875 0.053125
0 0.67734375 0.81953125 0.053125 0.0546875
0 0.10859375 0.1796875 0.0546875 0.0546875
0 0.45 0.17734375 0.053125 0.0546875
0 0.93359375 0.0421875 0.0515625 0.0296875
0 0.46796875 0.3125 0.0546875 0.05625
0 0.009375 0.6859375 0.01875 0.053125
0 0.60703125 0.18671875 0.0546875 0.05625
0 0.64140625 0.54609375 0.05625 0.05625
0 0.01796875 0.81796875 0.0359375 0.0546875
0 0.93828125 0.43203125 0.0546875 0.0546875
0 0.8015625 0.55390625 0.0546875 0.0546875
0 0.54140625 0.8546875 0.0546875 0.0546875
0 0.1765625 0.74296875 0.05625 0.05625
0 0.92265625 0.2078125 0.0546875 0.053125
0 0.728125 0.9109375 0.0546875 0.05625
0 0.22265625 0.83359375 0.0546875 0.0546875
0 0.9390625 0.92578125 0.0546875 0.0546875
0 0.434375 0.446875 0.0546875 0.0546875
0 0.54609375 0.3625 0.0546875 0.0546875
0 0.35859375 0.7953125 0.05625 0.05625
0 0.51796875 0.81171875 0.0546875 0.0546875
0 0.8578125 0.96484375 0.0546875 0.0546875
0 0.16953125 0.83203125 0.0546875 0.0546875
0 0.8578125 0.471875 0.0546875 0.0546875
0 0.6140625 0.4984375 0.05625 0.0546875
0 0.746875 0.0515625 0.0546875 0.05625
0 0.6859375 0.64140625 0.0546875 0.0546875
0 0.7859375 0.8234375 0.0546875 0.053125
0 0.66171875 0.1921875 0.0546875 0.0546875
0 0.5484375 0.76484375 0.05625 0.0546875
0 0.39609375 0.17421875 0.0546875 0.0546875
0 0.7328125 0.82578125 0.0546875 0.053125
0 0.0453125 0.68671875 0.0546875 0.05625
0 0.84765625 0.16015625 0.0546875 0.053125
0 0.8703125 0.78515625 0.053125 0.0546875
0 0.390625 0.26484375 0.0546875 0.053125
0 0.87578125 0.1125 0.053125 0.0546875
0 0.9796875 0.0453125 0.040625 0.028125
0 0.346875 0.975 0.0515625 0.034375
0 0.5875 0.54375 0.0546875 0.0546875
0 0.5609375 0.0921875 0.0546875 0.0546875
0 0.19765625 0.7859375 0.05625 0.05625
0 0.46171875 0.3984375 0.0546875 0.05625
0 0.221875 0.428125 0.053125 0.0546875
0 0.05703125 0.19296875 0.0546875 0.0546875
0 0.1859375 0.2265625 0.05625 0.0578125
0 0.428125 0.5328125 0.0546875 0.0546875
0 0.65 0.86171875 0.05625 0.0546875
0 0.62109375 0.40859375 0.0546875 0.05625
0 0.44375 0.26875 0.053125 0.053125
0 0.0625 0.4234375 0.053125 0.053125
0 0.278125 0.0171875 0.053125 0.034375
0 0.92109375 0.3 0.053125 0.053125
0 0.81953125 0.203125 0.053125 0.053125
0 0.2921875 0.1578125 0.0546875 0.0546875
0 0.59140625 0.053125 0.0546875 0.053125
0 0.43515625 0.8484375 0.0546875 0.0546875
0 0.05703125 0.50625 0.0546875 0.0546875
0 0.5109375 0.4953125 0.053125 0.0546875
0 0.275 0.83515625 0.0546875 0.0546875
0 0.8703125 0.20390625 0.053125 0.053125
0 0.3421875 0.16953125 0.0546875 0.0546875
0 0.1671875 0.08515625 0.053125 0.0546875
0 0.44765625 0.67421875 0.053125 0.053125
0 0.3640625 0.70859375 0.0546875 0.0546875
0 0.24140625 0.1328125 0.0546875 0.0546875
0 0.2328125 0.24921875 0.0546875 0.0546875
0 0.15859375 0.17578125 0.05625 0.0578125
0 0.5015625 0.1796875 0.05625 0.0546875
0 0.08359375 0.128125 0.0546875 0.0546875
0 0.94765625 0.2546875 0.053125 0.0546875
0 0.7953125 0.15703125 0.0546875 0.0546875
0 0.94921875 0.7484375 0.053125 0.0546875
0 0.01484375 0.503125 0.0296875 0.053125
0 0.11015625 0.91796875 0.0546875 0.0546875
0 0.534375 0.5421875 0.053125 0.053125
0 0.30234375 0.05234375 0.0546875 0.0546875
0 0.675 0.02421875 0.05 0.0296875
0 0.32890625 0.83984375 0.0546875 0.0546875
0 0.11640625 0.82734375 0.0546875 0.0546875
0 0.6953125 0.54765625 0.0546875 0.0546875
0 0.4734375 0.22421875 0.0546875 0.0546875
0 0.0890625 0.03671875 0.05625 0.0546875
0 0.48828125 0.85234375 0.05625 0.0546875
0 0.7984375 0.06328125 0.0546875 0.05625
0 0.30390625 0.39140625 0.0546875 0.0546875
0 0.76796875 0.2 0.053125 0.053125
0 0.609375 0.58984375 0.0546875 0.0546875
0 0.26328125 0.2015625 0.053125 0.0546875
0 0.30859375 0.29921875 0.053125 0.0546875
0 0.171875 0.0125 0.05625 0.025
0 0.1625 0.51328125 0.053125 0.053125
0 0.45859375 0.4875 0.0546875 0.05625
0 0.403125 0.07890625 0.05625 0.0546875
0 0.93515625 0.99453125 0.0546875 0.0109375
0 0.38515625 0.35234375 0.053125 0.0546875
0 0.53984375 0.45078125 0.0546875 0.05625
0 0.215625 0.5171875 0.0546875 0.0546875
0 0.134375 0.56171875 0.0546875 0.053125
0 0.2484375 0.0453125 0.053125 0.053125
0 0.375 0.52890625 0.0546875 0.0546875
0 0.1296875 0.6484375 0.0546875 0.0546875
0 0.04140625 0.1453125 0.0390625 0.0546875
0 0.70859375 0.2828125 0.0546875 0.0546875
0 0.1234375 0.7390625 0.0546875 0.0546875
0 0.78046875 0.9125 0.05625 0.0546875
0 0.0703125 0.33125 0.053125 0.0546875
0 0.03359375 0.86640625 0.05625 0.0546875
0 0.703125 0.37421875 0.0546875 0.0546875
0 0.2875 0.65390625 0.0546875 0.0546875
0 0.55 0.27265625 0.0546875 0.0546875
0 0.79296875 0.734375 0.0546875 0.0546875
0 0.79140625 0.24609375 0.053125 0.0546875
0 0.98203125 0.4359375 0.0359375 0.053125
0 0.628125 0.3234375 0.0546875 0.053125
0 0.63203125 0.23515625 0.0546875 0.0546875
0 0.38203125 0.4421875 0.0546875 0.0546875
0 0.2265625 0.00546875 0.05 0.0109375
0 0.7140625 0.1953125 0.0546875 0.053125
0 0.48671875 0.03515625 0.053125 0.0546875
0 0.42734375 0.1359375 0.0546875 0.053125
0 0.13984375 0.471875 0.0515625 0.0515625
0 0.5546875 0.1859375 0.0546875 0.0546875
0 0.19296875 0.878125 0.053125 0.0546875
0 0.29375 0.56953125 0.0546875 0.053125
0 0.328125 0.01640625 0.053125 0.0328125
0 0.64765625 0.05078125 0.0546875 0.053125
0 0.57109375 0.015625 0.053125 0.0265625
0 0.15234375 0.278125 0.0546875 0.05625
0 0.29921875 0.4828125 0.053125 0.053125
0 0.5421875 0.0515625 0.0546875 0.053125
0 0.634375 0.81015625 0.0515625 0.053125
0 0.4796875 0.13828125 0.053125 0.053125
0 0.0671875 0.01015625 0.053125 0.0203125
0 0.95234375 0.16953125 0.0546875 0.0515625