0 0.02109375 0.5171875 0.0421875 0.05
0 0.02109375 0.11875 0.0421875 0.05
0 0.06796875 0.11796875 0.05 0.0515625
0 0.15078125 0.1578125 0.0515625 0.0515625
0 0.01171875 0.2484375 0.0234375 0.05
0 0.06015625 0.3328125 0.053125 0.0515625
0 0.175 0.1140625 0.053125 0.0515625
0 0.09765625 0.15859375 0.0515625 0.0515625
0 0.028125 0.296875 0.05 0.05
0 0.01015625 0.1640625 0.0203125 0.05
0 0.0890625 0.07265625 0.0515625 0.0515625
0 0.0359375 0.075 0.053125 0.0515625
0 0.07265625 0.20625 0.0515625 0.053125
0 0.0234375 0.20859375 0.046875 0.0515625
0 0.06171875 0.03125 0.053125 0.0484375
0 0.01796875 0.03203125 0.0359375 0.0484375
0 0.0515625 0.25234375 0.0515625 0.05
0 0.11484375 0.03046875 0.0515625 0.0484375
0 0.11875 0.11796875 0.0515625 0.05
0 0.16484375 0.02578125 0.0484375 0.0421875
0 0.0453125 0.1609375 0.0515625 0.0515625
0 0.14296875 0.0703125 0.0515625 0.0515625
0 0.1453125 0.27421875 0.05 0.0484375
0 0.0375 0.47109375 0.05 0.0515625
0 0.20390625 0.1734375 0.0515625 0.0515625
0 0.20625 0.05859375 0.053125 0.053125
0 0.015625 0.4328125 0.03125 0.05
0 0.01484375 0.33671875 0.0296875 0.0515625
0 0.11015625 0.2390625 0.053125 0.0515625
0 0.12734375 0.203125 0.053125 0.053125
0 0.23203125 0.02109375 0.0484375 0.034375
0 0.03203125 0.3875 0.0484375 0.05
0 0.07890625 0.2890625 0.053125 0.05
0 0.12265625 0.31875 0.0515625 0.053125
0 0.0703125 0.41328125 0.0515625 0.05
0 0.096875 0.36640625 0.0515625 0.05
0 0.17265625 0.203125 0.0484375 0.046875
0 0.2453125 0.08203125 0.05 0.046875
0 0.22734375 0.11640625 0.0515625 0.053125
0 0.27890625 0.02734375 0.05 0.0484375
0 0.16171875 0.23125 0.046875 0.046875