0 0.365625 0.4984375 0.059375 0.0609375
0 0.1953125 0.825 0.0609375 0.0625
0 0.10859375 0.8546875 0.0609375 0.0609375
0 0.01640625 0.83203125 0.0328125 0.0609375
0 0.83671875 0.72578125 0.0625 0.0625
0 0.7328125 0.975 0.0625 0.05
0 0.14296875 0.81328125 0.0609375 0.0609375
0 0.90703125 0.78515625 0.0609375 0.0625
0 0.3484375 0.5828125 0.059375 0.0609375
0 0.22890625 0.925 0.0609375 0.0625
0 0.93671875 0.746875 0.0515625 0.059375
0 0.26328125 0.88671875 0.0609375 0.0609375
0 0.6640625 0.91796875 0.0609375 0.0625
0 0.1609375 0.86640625 0.0609375 0.0609375
0 0.07421875 0.75390625 0.0625 0.0609375
0 0.1234375 0.490625 0.0609375 0.0625
0 0.50703125 0.6109375 0.059375 0.059375
0 0.575 0.95078125 0.0609375 0.0609375
0 0.025 0.60703125 0.05 0.0609375
0 0.17734375 0.6390625 0.0609375 0.0625
0 0.48828125 0.7015625 0.0609375 0.0609375
0 0.47421875 0.9265625 0.0609375 0.0609375
0 0.3515625 0.85546875 0.0625 0.0625
0 0.12578125 0.9015625 0.0609375 0.0625
0 0.64765625 0.98984375 0.0609375 0.0203125
0 0.73046875 0.7046875 0.0609375 0.0625
0 0.7484375 0.75234375 0.0609375 0.0625
0 0.403125 0.7296875 0.0609375 0.0625
0 0.41796875 0.63984375 0.0625 0.0640625
0 0.2984375 0.84765625 0.0609375 0.0609375
0 0.7671875 0.66796875 0.0609375 0.0609375
0 0.015625 0.69453125 0.03125 0.0609375
0 0.26484375 0.609375 0.0609375 0.0625
0 0.315625 0.89609375 0.0609375 0.0609375
0 0.09140625 0.803125 0.0609375 0.0625
0 0.53984375 0.7109375 0.0609375 0.0609375
0 0.81875 0.81640625 0.0609375 0.0609375
0 0.55546875 0.76328125 0.059375 0.0578125
0 0.66171875 0.78203125 0.0609375 0.0609375
0 0.59140625 0.58671875 0.0609375 0.0625
0 0.41875 0.9171875 0.0609375 0.0609375
0 0.19765625 0.5453125 0.0609375 0.0609375
0 0.71484375 0.653125 0.0625 0.0609375
0 0.1609375 0.5859375 0.0609375 0.0625
0 0.78515625 0.9796875 0.0609375 0.040625
0 0.69375 0.60703125 0.0609375 0.0625
0 0.0390625 0.7890625 0.0609375 0.0609375
0 0.5921875 0.72421875 0.0609375 0.0609375
0 0.80078125 0.76484375 0.0625 0.0640625
0 0.8703125 0.68671875 0.0609375 0.0609375
0 0.159375 0.72890625 0.0625 0.0609375
0 0.53984375 0.9796875 0.0609375 0.040625
0 0.7828125 0.71640625 0.0625 0.0625
0 0.4359375 0.83046875 0.0609375 0.0609375
0 0.2296875 0.78515625 0.0625 0.0609375
0 0.60859375 0.63671875 0.0609375 0.0625
0 0.21171875 0.46015625 0.0609375 0.0625
0 0.5359375 0.578125 0.0578125 0.059375
0 0.140625 0.54140625 0.0625 0.0625
0 0.29765625 0.57421875 0.059375 0.059375
0 0.678125 0.55390625 0.0625 0.0640625
0 0.853125 0.77578125 0.0625 0.0625
0 0.6453125 0.7296875 0.0609375 0.0625
0 0.55859375 0.89765625 0.0609375 0.0625
0 0.12421875 0.7640625 0.0609375 0.0609375
0 0.2125 0.59765625 0.0625 0.0625
0 0.3828125 0.54375 0.059375 0.059375
0 0.40546875 0.865625 0.0609375 0.0625
0 0.47578125 0.64453125 0.0609375 0.0609375
0 0.50546875 0.7515625 0.0609375 0.0625
0 0.4390625 0.6890625 0.0625 0.0625
0 0.45625 0.73671875 0.0609375 0.0609375
0 0.4546875 0.6046875 0.059375 0.059375
0 0.00859375 0.77890625 0.0171875 0.0609375
0 0.07421875 0.47890625 0.059375 0.059375
0 0.715625 0.92890625 0.0609375 0.0609375
0 0.6421875 0.59765625 0.0609375 0.0625
0 0.24765625 0.83515625 0.0609375 0.0625
0 0.2109375 0.878125 0.0609375 0.0625
0 0.31484375 0.76015625 0.0625 0.0609375
0 0.053125 0.57109375 0.0609375 0.0609375
0 0.33671875 0.9421875 0.0625 0.0625
0 0.88984375 0.8734375 0.059375 0.059375
0 0.88203125 0.9921875 0.0484375 0.015625
0 0.734375 0.840625 0.059375 0.0609375
0 0.24609375 0.69921875 0.0609375 0.0609375
0 0.871875 0.9625 0.0609375 0.0609375
0 0.02578125 0.88125 0.0515625 0.0625
0 0.4921875 0.97109375 0.0625 0.0578125
0 0.67734375 0.96953125 0.0609375 0.0609375
0 0.38359375 0.8171875 0.0625 0.0609375
0 0.52421875 0.7984375 0.0609375 0.0609375
0 0.62578125 0.96328125 0.0609375 0.0625
0 0.5390625 0.8484375 0.0625 0.0609375
0 0.34921875 0.7203125 0.0625 0.0625
0 0.27890625 0.6609375 0.0625 0.0609375
0 0.90078125 0.6484375 0.0609375 0.0625
0 0.05703125 0.8453125 0.0625 0.0625
0 0.57734375 0.809375 0.0578125 0.059375
0 0.28359375 0.52421875 0.059375 0.059375
0 0.3328125 0.80625 0.0609375 0.0609375
0 0.76484375 0.803125 0.0625 0.0625
0 0.00859375 0.5125 0.0171875 0.05625
0 0.10703125 0.71875 0.0609375 0.0609375
0 0.6796875 0.69765625 0.059375 0.059375
0 0.2796875 0.79609375 0.0609375 0.0609375
0 0.19453125 0.6875 0.0609375 0.0625
0 0.68125 0.83046875 0.0609375 0.0609375
0 0.0890625 0.6671875 0.059375 0.059375
0 0.80625 0.8953125 0.0625 0.0625
0 0.1765625 0.77578125 0.0609375 0.0609375
0 0.91875 0.83515625 0.0515625 0.059375
0 0.62578125 0.8203125 0.0609375 0.0609375
0 0.36484375 0.63359375 0.0609375 0.0609375
0 0.0734375 0.62109375 0.0609375 0.0609375
0 0.28125 0.934375 0.0625 0.0625
0 0.4890625 0.83828125 0.059375 0.059375
0 0.31640625 0.4828125 0.0609375 0.0625
0 0.5046875 0.8875 0.0609375 0.0609375
0 0.234375 0.503125 0.0609375 0.059375
0 0.29765625 0.70859375 0.0609375 0.0625
0 0.62578125 0.546875 0.0609375 0.0625
0 0.10546875 0.58203125 0.0625 0.0609375
0 0.33046875 0.6734375 0.0609375 0.059375
0 0.60703125 0.77109375 0.0609375 0.0609375
0 0.175 0.9171875 0.0609375 0.0578125
0 0.4046875 0.5875 0.0625 0.0625
0 0.928125 0.68984375 0.0625 0.0609375
0 0.20859375 0.73984375 0.059375 0.059375
0 0.83984375 0.8640625 0.059375 0.059375
0 0.58984375 0.8640625 0.0609375 0.0609375
0 0.65 0.86328125 0.0609375 0.0609375
0 0.57578125 0.6765625 0.059375 0.059375
0 0.7125 0.79296875 0.0609375 0.0609375
0 0.0734375 0.8953125 0.0609375 0.0578125
0 0.125 0.63046875 0.0609375 0.0609375
0 0.45546875 0.87890625 0.0609375 0.0609375
0 0.38359375 0.68046875 0.0625 0.0625
0 0.8703125 0.825 0.0609375 0.0609375
0 0.784375 0.853125 0.059375 0.059375
0 0.36875 0.90703125 0.0609375 0.0625
0 0.05078125 0.4328125 0.0578125 0.0578125
0 0.6109375 0.9109375 0.0609375 0.0609375
0 0.2609375 0.75234375 0.0609375 0.0609375
0 0.31484375 0.6203125 0.0609375 0.0609375
0 0.9421875 0.60234375 0.0625 0.0640625
0 0.08828125 0.53203125 0.0609375 0.0625
0 0.4484375 0.534375 0.0578125 0.059375
0 0.4703125 0.7921875 0.0609375 0.0609375
0 0.659375 0.64921875 0.0625 0.0625
0 0.42265625 0.77890625 0.0609375 0.0609375
0 0.10390625 0.44296875 0.0578125 0.059375
0 0.36796875 0.77109375 0.0609375 0.0625
0 0.38515625 0.9609375 0.0609375 0.059375
0 0.7515625 0.609375 0.0609375 0.059375
0 0.834375 0.5890625 0.059375 0.059375
0 0.24921875 0.55859375 0.0609375 0.0609375
0 0.22734375 0.65 0.0609375 0.0625
0 0.00703125 0.646875 0.0140625 0.059375
0 0.52578125 0.93984375 0.0609375 0.0609375
0 0.0265625 0.7375 0.053125 0.059375
0 0.140625 0.67734375 0.0609375 0.0609375
0 0.33125 0.534375 0.0609375 0.0609375
0 0.15625 0.45078125 0.0609375 0.0625
0 0.7671875 0.9421875 0.0609375 0.0625
0 0.1796875 0.49765625 0.0625 0.0609375
0 0.82109375 0.67109375 0.0609375 0.0625
0 0.01640625 0.5578125 0.0328125 0.059375
0 0.8625 0.90546875 0.0609375 0.0609375
0 0.75 0.88984375 0.0625 0.0625
0 0.89140625 0.73359375 0.0609375 0.0625
0 0.03671875 0.6578125 0.0609375 0.0609375
0 0.43984375 0.96328125 0.059375 0.0609375
0 0.03828125 0.52421875 0.0609375 0.059375
0 0.02421875 0.4671875 0.0484375 0.059375
0 0.50078125 0.5453125 0.059375 0.0578125
0 0.57421875 0.53515625 0.0609375 0.0609375
0 0.83515625 0.98515625 0.0609375 0.0296875
0 0.82109375 0.9484375 0.0625 0.0625
0 0.525 0.6609375 0.0609375 0.0609375
0 0.59375 0.9828125 0.0625 0.034375
0 0.7984375 0.6265625 0.0578125 0.059375
0 0.48203125 0.49921875 0.059375 0.0578125
0 0.69296875 0.74765625 0.059375 0.059375
0 0.73203125 0.56171875 0.0625 0.0640625
0 0.9015625 0.9234375 0.0484375 0.05625
0 0.42421875 0.4921875 0.0609375 0.0609375
0 0.53125 0.51953125 0.05625 0.0578125
0 0.55546875 0.62734375 0.0609375 0.059375
0 0.7 0.878125 0.059375 0.0609375
0 0.95703125 0.6546875 0.0515625 0.0546875
0 0.84609375 0.63984375 0.059375 0.059375
0 0.05703125 0.70234375 0.059375 0.059375
0 0.26171875 0.47734375 0.0609375 0.0609375
0 0.6296875 0.6765625 0.0625 0.059375
0 0.77890625 0.57890625 0.059375 0.059375
0 0.88984375 0.59296875 0.0625 0.0640625
0 0.02421875 0.3984375 0.0359375 0.0546875