0 0.61484375 0.5515625 0.0515625 0.053125
0 0.6265625 0.2796875 0.053125 0.053125
0 0.46640625 0.87421875 0.0515625 0.053125
0 0.78671875 0.2828125 0.053125 0.053125
0 0.3203125 0.40859375 0.0515625 0.053125
0 0.42421875 0.59375 0.0546875 0.0546875
0 0.36796875 0.01328125 0.0515625 0.0265625
0 0.984375 0.37890625 0.03125 0.0515625
0 0.928125 0.8390625 0.05625 0.0546875
0 0.46484375 0.278125 0.0546875 0.053125
0 0.5734375 0.875 0.0546875 0.0546875
0 0.7546875 0.41796875 0.0515625 0.053125
0 0.06953125 0.03359375 0.053125 0.053125
0 0.89375 0.28671875 0.053125 0.053125
0 0.76640625 0.834375 0.053125 0.053125
0 0.678125 0.3703125 0.0515625 0.053125
0 0.9015625 0.02265625 0.053125 0.0328125
0 0.69296875 0.6015625 0.0546875 0.0546875
0 0.77578125 0.5578125 0.0546875 0.0546875
0 0.5859375 0.5984375 0.053125 0.053125
0 0.828125 0.6515625 0.053125 0.0546875
0 0.47578125 0.015625 0.0515625 0.03125
0 0.34375 0.5453125 0.053125 0.0546875
0 0.94609375 0.37890625 0.0515625 0.053125
0 0.2859375 0.03984375 0.053125 0.0546875
0 0.65703125 0.8296875 0.0546875 0.0546875
0 0.43203125 0.40859375 0.053125 0.053125
0 0.49375 0.825 0.053125 0.0546875
0 0.9 0.8828125 0.0546875 0.0546875
0 0.83984375 0.284375 0.053125 0.053125
0 0.38671875 0.228125 0.053125 0.0546875
0 0.1515625 0.01015625 0.053125 0.0203125
0 0.67890625 0.27890625 0.053125 0.0546875
0 0.86875 0.92734375 0.0546875 0.0546875
0 0.8328125 0.56015625 0.053125 0.0546875
0 0.2375 0.44609375 0.0515625 0.0515625
0 0.85703125 0.60859375 0.053125 0.053125
0 0.63046875 0.7828125 0.0546875 0.0546875
0 0.20859375 0.01171875 0.0515625 0.0234375
0 0.62578125 0.97109375 0.053125 0.053125
0 0.98359375 0.56640625 0.0328125 0.0515625
0 0.9765625 0.0609375 0.046875 0.053125
0 0.95546875 0.02265625 0.05 0.03125
0 0.23203125 0.0421875 0.0546875 0.053125
0 0.59296875 0.4125 0.0546875 0.053125
0 0.4703125 0.68515625 0.0546875 0.0546875
0 0.6359375 0.690625 0.053125 0.053125
0 0.896875 0.19765625 0.053125 0.053125
0 0.81875 0.83515625 0.0515625 0.053125
0 0.5609375 0.55 0.0546875 0.053125
0 0.98984375 0.10703125 0.0203125 0.0515625
0 0.55625 0.64140625 0.053125 0.0546875
0 0.71171875 0.8296875 0.0546875 0.0546875
0 0.3140625 0.01015625 0.053125 0.0203125
0 0.5140625 0.36640625 0.0515625 0.053125
0 0.24921875 0.26953125 0.053125 0.053125
0 0.35234375 0.36328125 0.053125 0.053125
0 0.6671875 0.55390625 0.053125 0.0546875
0 0.6546875 0.92421875 0.0546875 0.0546875
0 0.78671875 0.971875 0.053125 0.0546875
0 0.971875 0.9359375 0.0421875 0.053125
0 0.5703125 0.96640625 0.053125 0.0546875
0 0.5234375 0.096875 0.0515625 0.053125
0 0.9390625 0.5625 0.053125 0.053125
0 0.77421875 0.65 0.053125 0.053125
0 0.74375 0.0203125 0.053125 0.034375
0 0.446875 0.0453125 0.053125 0.0546875
0 0.12265625 0.03671875 0.053125 0.053125
0 0.48359375 0.4125 0.0515625 0.053125
0 0.40078125 0.4546875 0.053125 0.053125
0 0.8375 0.375 0.053125 0.053125
0 0.19609375 0.26640625 0.053125 0.053125
0 0.97890625 0.75 0.0359375 0.053125
0 0.8734375 0.05703125 0.053125 0.0546875
0 0.9546875 0.10703125 0.0515625 0.053125
0 0.35703125 0.27109375 0.053125 0.053125
0 0.73359375 0.28203125 0.0515625 0.0515625
0 0.59921875 0.32421875 0.053125 0.0546875
0 0.165625 0.3109375 0.0515625 0.053125
0 0.54375 0.32421875 0.0546875 0.053125
0 0.75859375 0.32890625 0.053125 0.053125
0 0.6296875 0.87734375 0.053125 0.0546875
0 0.81484375 0.2375 0.053125 0.053125
0 0.57890625 0.78359375 0.053125 0.053125
0 0.3140625 0.58671875 0.0515625 0.0515625
0 0.54296875 0.921875 0.053125 0.053125
0 0.5828125 0.01484375 0.05 0.028125
0 0.76171875 0.14453125 0.0515625 0.053125
0 0.303125 0.27109375 0.053125 0.053125
0 0.86640625 0.33203125 0.053125 0.053125
0 0.68828125 0.0171875 0.0515625 0.0296875
0 0.69765625 0.50859375 0.053125 0.0546875
0 0.396875 0.546875 0.053125 0.0546875
0 0.84375 0.1953125 0.053125 0.053125
0 0.04296875 0.0078125 0.0515625 0.015625
0 0.603125 0.1421875 0.0515625 0.0515625
0 0.60078125 0.23359375 0.053125 0.0546875
0 0.90703125 0.70078125 0.053125 0.0515625
0 0.76171875 0.2375 0.053125 0.053125
0 0.1703125 0.221875 0.0546875 0.053125
0 0.7375 0.8796875 0.0546875 0.0546875
0 0.5453125 0.8265625 0.053125 0.0546875
0 0.9859375 0.2890625 0.028125 0.053125
0 0.9234375 0.93125 0.0546875 0.0546875
0 0.4609375 0.36640625 0.053125 0.0515625
0 0.70546875 0.32734375 0.053125 0.053125
0 0.903125 0.79140625 0.0546875 0.0546875
0 0.43984375 0.22890625 0.053125 0.0546875
0 0.31171875 0.0890625 0.053125 0.053125
0 0.51875 0.27890625 0.053125 0.053125
0 0.74140625 0.7859375 0.053125 0.0546875
0 0.871875 0.834375 0.0546875 0.0546875
0 0.4796875 0.503125 0.0546875 0.0546875
0 0.09296875 0.08125 0.053125 0.053125
0 0.9796875 0.6578125 0.0375 0.053125
0 0.50625 0.55234375 0.053125 0.053125
0 0.74453125 0.69609375 0.053125 0.053125
0 0.95078125 0.196875 0.0515625 0.053125
0 0.546875 0.23359375 0.053125 0.053125
0 0.625 0.36953125 0.0546875 0.053125
0 0.79765625 0.6984375 0.053125 0.053125
0 0.8703125 0.2390625 0.053125 0.0546875
0 0.665625 0.646875 0.053125 0.0546875
0 0.71328125 0.05390625 0.053125 0.053125
0 0.9140625 0.515625 0.053125 0.0546875
0 0.521875 0.1859375 0.053125 0.053125
0 0.85703125 0.51328125 0.0546875 0.0546875
0 0.47265625 0.09453125 0.053125 0.053125
0 0.478125 0.5953125 0.053125 0.0546875
0 0.9484375 0.290625 0.0515625 0.0515625
0 0.74140625 0.09921875 0.0515625 0.0515625
0 0.796875 0.02421875 0.05 0.0390625
0 0.39140625 0.6375 0.053125 0.053125
0 0.3671875 0.59296875 0.0546875 0.053125
0 0.53125 0.59609375 0.0546875 0.053125
0 0.9875 0.19921875 0.025 0.0515625
0 0.3890625 0.13671875 0.0546875 0.053125
0 0.71015625 0.14453125 0.0515625 0.0515625
0 0.22421875 0.2234375 0.053125 0.053125
0 0.60390625 0.04609375 0.053125 0.053125
0 0.0890625 0.171875 0.053125 0.053125
0 0.44375 0.140625 0.053125 0.053125
0 0.534375 0.50703125 0.0546875 0.0546875
0 0.096875 0.00859375 0.053125 0.0171875
0 0.85234375 0.69921875 0.0546875 0.053125
0 0.79375 0.78984375 0.053125 0.053125
0 0.1734375 0.1328125 0.053125 0.053125
0 0.9109375 0.60859375 0.053125 0.053125
0 0.22890625 0.13125 0.0546875 0.0546875
0 0.984375 0.47265625 0.03125 0.0515625
0 0.9234375 0.24296875 0.053125 0.053125
0 0.9328125 0.746875 0.0546875 0.0546875
0 0.5890625 0.50546875 0.053125 0.053125
0 0.53125 0.015625 0.05 0.03125
0 0.97578125 0.24609375 0.0484375 0.0515625
0 0.97578125 0.8453125 0.0375 0.053125
0 0.91953125 0.33515625 0.0515625 0.053125
0 0.58203125 0.690625 0.0546875 0.0546875
0 0.9359375 0.65390625 0.053125 0.053125
0 0.63828125 0.5984375 0.053125 0.0546875
0 0.2046875 0.0875 0.0546875 0.0546875
0 0.81484375 0.9265625 0.0546875 0.0546875
0 0.51953125 0.875 0.0515625 0.053125
0 0.271875 0.3171875 0.0515625 0.053125
0 0.24453125 0.3609375 0.0546875 0.053125
0 0.71875 0.64921875 0.053125 0.053125
0 0.37890625 0.3171875 0.0546875 0.0546875
0 0.346875 0.45390625 0.053125 0.0515625
0 0.7015625 0.4171875 0.053125 0.053125
0 0.3921875 0.046875 0.053125 0.053125
0 0.5046875 0.64375 0.053125 0.0546875
0 0.26953125 0.40625 0.053125 0.053125
0 0.43359375 0.31953125 0.0546875 0.0546875
0 0.68359375 0.87734375 0.053125 0.0546875
0 0.8484375 0.021875 0.0515625 0.0328125
0 0.68984375 0.69453125 0.053125 0.053125
0 0.7953125 0.10390625 0.0515625 0.0515625
0 0.65859375 0.04609375 0.053125 0.053125
0 0.9421875 0.471875 0.053125 0.0546875
0 0.1890625 0.3609375 0.053125 0.053125
0 0.9015625 0.10625 0.0546875 0.053125
0 0.27890625 0.22578125 0.0515625 0.053125
0 0.6421875 0.50703125 0.053125 0.053125
0 0.81953125 0.05625 0.0546875 0.053125
0 0.7109375 0.2390625 0.0515625 0.053125
0 0.565625 0.3671875 0.0546875 0.0546875
0 0.02421875 0.0359375 0.034375 0.0515625
0 0.43359375 0.82109375 0.0546875 0.0515625
0 0.4546875 0.4546875 0.0546875 0.053125
0 0.3359375 0.134375 0.0515625 0.053125
0 0.72109375 0.55859375 0.053125 0.053125
0 0.56171875 0.45859375 0.053125 0.0546875
0 0.37734375 0.41015625 0.053125 0.053125
0 0.41484375 0.6828125 0.0546875 0.0546875
0 0.88828125 0.4703125 0.0515625 0.053125
0 0.7671875 0.05703125 0.0515625 0.053125
0 0.95390625 0.88671875 0.0546875 0.05625
0 0.78515625 0.3765625 0.053125 0.0515625
0 0.73203125 0.9734375 0.053125 0.053125
0 0.521875 0.7828125 0.053125 0.053125
0 0.61640625 0.459375 0.053125 0.0546875
0 0.846875 0.78984375 0.0546875 0.053125
0 0.50859375 0.45703125 0.053125 0.053125
0 0.8640625 0.42109375 0.053125 0.053125
0 0.25703125 0.0859375 0.0546875 0.0546875
0 0.14921875 0.084375 0.05625 0.0546875
0 0.60078125 0.83046875 0.0546875 0.0546875
0 0.70859375 0.9265625 0.053125 0.053125
0 0.67734375 0.971875 0.053125 0.053125
0 0.76875 0.74296875 0.0515625 0.0515625
0 0.55078125 0.0515625 0.053125 0.0515625
0 0.30859375 0.17734375 0.0515625 0.0515625
0 0.9765625 0.1515625 0.046875 0.053125
0 0.21953125 0.31484375 0.053125 0.053125
0 0.71484375 0.7390625 0.0546875 0.053125
0 0.3640625 0.09375 0.053125 0.0515625
0 0.334375 0.63125 0.0546875 0.053125
0 0.9265625 0.06015625 0.053125 0.0546875
0 0.68671875 0.1015625 0.053125 0.0515625
0 0.79140625 0.884375 0.053125 0.053125
0 0.6 0.92265625 0.053125 0.053125
0 0.41484375 0.0890625 0.0546875 0.0546875
0 0.8953125 0.975 0.053125 0.05
0 0.3125 0.49453125 0.0546875 0.053125
0 0.26015625 0.0125 0.0515625 0.025
0 0.49609375 0.7328125 0.0546875 0.053125
0 0.49921875 0.04921875 0.0515625 0.0515625
0 0.33046875 0.2234375 0.0546875 0.053125
0 0.44140625 0.73125 0.053125 0.0515625
0 0.48984375 0.9203125 0.053125 0.053125
0 0.1765625 0.0375 0.0546875 0.0546875
0 0.6828125 0.1890625 0.053125 0.053125
0 0.7234375 0.46171875 0.0515625 0.053125
0 0.9609375 0.70078125 0.053125 0.053125
0 0.32734375 0.31640625 0.0515625 0.053125
0 0.66953125 0.4609375 0.0546875 0.053125
0 0.81171875 0.3328125 0.053125 0.053125
0 0.46796875 0.7765625 0.053125 0.0546875
0 0.84765625 0.10625 0.0515625 0.0515625
0 0.9671875 0.5171875 0.053125 0.053125
0 0.28515625 0.13671875 0.053125 0.0515625
0 0.6578125 0.14375 0.053125 0.053125
0 0.8015625 0.60625 0.053125 0.0546875
0 0.87578125 0.74453125 0.053125 0.053125
0 0.78828125 0.190625 0.0546875 0.0546875
0 0.51640625 0.9671875 0.05 0.05
0 0.87109375 0.15 0.053125 0.053125
0 0.40546875 0.365625 0.0546875 0.053125
0 0.890625 0.37890625 0.053125 0.053125
0 0.571875 0.2796875 0.053125 0.053125
0 0.9625 0.6078125 0.053125 0.0546875
0 0.840625 0.975 0.053125 0.05
0 0.61171875 0.64921875 0.053125 0.053125
0 0.81640625 0.146875 0.0515625 0.0515625
0 0.74921875 0.6078125 0.0546875 0.053125
0 0.884375 0.56171875 0.0515625 0.053125
0 0.7484375 0.50703125 0.053125 0.053125
0 0.48984375 0.32109375 0.053125 0.0546875
0 0.46875 0.18359375 0.053125 0.053125
0 0.64765625 0.4171875 0.053125 0.053125
0 0.9171875 0.42578125 0.053125 0.0515625
0 0.60546875 0.73515625 0.053125 0.053125
0 0.734375 0.18984375 0.053125 0.0546875
0 0.53671875 0.4109375 0.05625 0.0546875
0 0.971875 0.33671875 0.053125 0.053125
0 0.9703125 0.4265625 0.053125 0.053125
0 0.9578125 0.7921875 0.053125 0.0546875
0 0.45078125 0.5484375 0.0546875 0.0546875
0 0.57421875 0.18671875 0.0515625 0.0515625
0 0.1984375 0.17734375 0.053125 0.053125
0 0.94765625 0.97734375 0.0546875 0.0453125
0 0.14140625 0.26796875 0.0546875 0.053125
0 0.66015625 0.73828125 0.053125 0.053125
0 0.1125 0.21796875 0.05625 0.0546875
0 0.55234375 0.73828125 0.053125 0.0515625
0 0.42578125 0.50078125 0.0546875 0.0546875
0 0.80859375 0.41875 0.053125 0.053125
0 0.925 0.15078125 0.0515625 0.053125
0 0.62890625 0.1875 0.053125 0.053125
0 0.14453125 0.17578125 0.053125 0.053125
0 0.5765625 0.09375 0.053125 0.0546875
0 0.72890625 0.37109375 0.053125 0.053125
0 0.55078125 0.14375 0.053125 0.05
0 0.49765625 0.14140625 0.053125 0.053125
0 0.3609375 0.18203125 0.053125 0.053125
0 0.52890625 0.6921875 0.053125 0.0546875
0 0.63515625 0.0984375 0.0546875 0.0546875
0 0.82265625 0.74453125 0.053125 0.0515625
0 0.259375 0.49453125 0.053125 0.053125
0 0.49296875 0.2328125 0.0546875 0.053125
0 0.78125 0.4640625 0.053125 0.053125
0 0.65234375 0.328125 0.053125 0.053125
0 0.4125 0.2765625 0.053125 0.053125
0 0.4453125 0.640625 0.0546875 0.0546875
0 0.36953125 0.4984375 0.0546875 0.053125
0 0.253125 0.178125 0.053125 0.053125
0 0.42109375 0.0140625 0.0515625 0.028125
0 0.29921875 0.36171875 0.0515625 0.0515625
0 0.8828125 0.65546875 0.0515625 0.0546875
0 0.68671875 0.78515625 0.0546875 0.053125
0 0.76015625 0.925 0.053125 0.0546875
0 0.3890625 0.73203125 0.0515625 0.053125
0 0.84375 0.8828125 0.0546875 0.053125
0 0.65546875 0.23515625 0.053125 0.0515625
0 0.3390625 0.04296875 0.053125 0.0546875
0 0.8046875 0.51171875 0.0515625 0.053125
0 0.4125 0.18125 0.053125 0.0515625
0 0.11953125 0.128125 0.0546875 0.0546875
0 0.6375 0.01875 0.05 0.034375
0 0.0640625 0.128125 0.053125 0.053125
0 0.41484375 0.77421875 0.05 0.05
0 0.29453125 0.4515625 0.053125 0.053125
0 0.04296875 0.08515625 0.05 0.0515625
0 0.215625 0.403125 0.0515625 0.053125
0 0.36328125 0.68671875 0.0515625 0.0546875
0 0.2890625 0.54296875 0.0515625 0.053125
0 0.83359375 0.46484375 0.0546875 0.05