0 0.06171875 0.5453125 0.0578125 0.059375
0 0.00546875 0.93359375 0.0109375 0.0578125
0 0.39921875 0.034375 0.0578125 0.0578125
0 0.3046875 0.26953125 0.0578125 0.0578125
0 0.03515625 0.9359375 0.05625 0.0578125
0 0.2 0.065625 0.0578125 0.0578125
0 0.1609375 0.309375 0.0578125 0.0578125
0 0.0671875 0.8890625 0.0578125 0.0578125
0 0.34609375 0.4671875 0.05625 0.0578125
0 0.1359375 0.69453125 0.0578125 0.059375
0 0.17734375 0.553125 0.0578125 0.0578125
0 0.1734375 0.11484375 0.0578125 0.0578125
0 0.15390625 0.40859375 0.0578125 0.0578125
0 0.08984375 0.0609375 0.0578125 0.0578125
0 0.0078125 0.834375 0.015625 0.05625
0 0.34296875 0.02890625 0.0578125 0.0578125
0 0.08046875 0.69140625 0.0578125 0.0578125
0 0.1921875 0.26484375 0.059375 0.059375
0 0.10546875 0.30546875 0.0578125 0.059375
0 0.0140625 0.6375 0.028125 0.059375
0 0.0578125 0.6421875 0.0578125 0.059375
0 0.05 0.7390625 0.0578125 0.059375
0 0.09375 0.496875 0.059375 0.059375
0 0.059375 0.10703125 0.05625 0.05625
0 0.36015625 0.27265625 0.0578125 0.0578125
0 0.45625 0.0359375 0.0578125 0.0578125
0 0.48046875 0.08671875 0.05625 0.05625
0 0.5921875 0.0890625 0.05625 0.05625
0 0.265625 0.5109375 0.0578125 0.059375
0 0.3578125 0.3703125 0.0578125 0.059375
0 0.3328125 0.22421875 0.0578125 0.0578125
0 0.20703125 0.509375 0.059375 0.0578125
0 0.10078125 0.40390625 0.05625 0.0578125
0 0.28203125 0.11796875 0.059375 0.059375
0 0.1625 0.75 0.0578125 0.0578125
0 0.47265625 0.27890625 0.0578125 0.0578125
0 0.08046875 0.25703125 0.0578125 0.0578125
0 0.05 0.29921875 0.0578125 0.059375
0 0.44296875 0.325 0.0578125 0.0609375
0 0.29375 0.4640625 0.0578125 0.05625
0 0.38984375 0.225 0.0578125 0.059375
0 0.22421875 0.11640625 0.05625 0.0578125
0 0.31171875 0.07421875 0.0578125 0.0578125
0 0.0421875 0.8375 0.05625 0.0578125
0 0.39609375 0.1296875 0.0578125 0.0578125
0 0.01953125 0.88359375 0.0390625 0.0578125
0 0.36796875 0.08125 0.0578125 0.0578125
0 0.28828125 0.02578125 0.0578125 0.0515625
0 0.5015625 0.23203125 0.05625 0.05625
0 0.25546875 0.07109375 0.0578125 0.0578125
0 0.07421875 0.35078125 0.0578125 0.059375
0 0.3671875 0.175 0.0578125 0.0578125
0 0.53515625 0.0890625 0.0578125 0.0578125
0 0.0640625 0.0203125 0.05625 0.040625
0 0.109375 0.21015625 0.0578125 0.059375
0 0.15078125 0.503125 0.0578125 0.0578125
0 0.25 0.7078125 0.05625 0.0578125
0 0.13046875 0.7921875 0.0578125 0.0578125
0 0.01640625 0.54140625 0.0328125 0.0578125
0 0.0359375 0.49375 0.0578125 0.059375
0 0.5328125 0.184375 0.0578125 0.0578125
0 0.3859375 0.3234375 0.0578125 0.0578125
0 0.178125 0.021875 0.05625 0.04375
0 0.23671875 0.46015625 0.0578125 0.0578125
0 0.05234375 0.2015625 0.0578125 0.0578125
0 0.5625 0.13671875 0.0578125 0.0578125
0 0.2734375 0.315625 0.0578125 0.0578125
0 0.2328125 0.559375 0.0578125 0.05625
0 0.07109375 0.45078125 0.0578125 0.0578125
0 0.3 0.36640625 0.0578125 0.059375
0 0.0265625 0.68984375 0.053125 0.0609375
0 0.6203125 0.0421875 0.05625 0.05625
0 0.21328125 0.4109375 0.05625 0.05625
0 0.24765625 0.26875 0.05625 0.0578125
0 0.11484375 0.1109375 0.0578125 0.0578125
0 0.33828125 0.12578125 0.0578125 0.0578125
0 0.1453125 0.06796875 0.0578125 0.059375
0 0.565625 0.03984375 0.0578125 0.0578125
0 0.0109375 0.73203125 0.021875 0.0578125
0 0.04453125 0.4 0.0578125 0.059375
0 0.1671875 0.21328125 0.059375 0.059375
0 0.41328125 0.37265625 0.0578125 0.059375
0 0.4453125 0.225 0.05625 0.0578125
0 0.22265625 0.2171875 0.0578125 0.0578125
0 0.14609375 0.6015625 0.059375 0.0609375
0 0.26953125 0.4125 0.05625 0.0578125
0 0.24375 0.3625 0.05625 0.05625
0 0.12734375 0.45 0.0578125 0.0578125
0 0.37578125 0.515625 0.05625 0.0578125
0 0.203125 0.60078125 0.05625 0.05625
0 0.49921875 0.3265625 0.0578125 0.0578125
0 0.17109375 0.65 0.05625 0.0578125
0 0.0203125 0.44609375 0.0390625 0.05625
0 0.140625 0.16171875 0.0578125 0.0578125
0 0.02734375 0.35 0.0390625 0.059375
0 0.1984375 0.16875 0.059375 0.059375
0 0.42265625 0.17734375 0.05625 0.0578125
0 0.11796875 0.55 0.0578125 0.059375
0 0.1828125 0.45625 0.05625 0.05625
0 0.3078125 0.17421875 0.0578125 0.059375
0 0.50625 0.1359375 0.05625 0.05625
0 0.32109375 0.51640625 0.059375 0.0578125
0 0.0390625 0.15234375 0.034375 0.0546875
0 0.25859375 0.60703125 0.05625 0.05625
0 0.3296875 0.3171875 0.059375 0.059375
0 0.28984375 0.56171875 0.0578125 0.0578125
0 0.08359375 0.15859375 0.0578125 0.05625
0 0.32265625 0.41796875 0.05625 0.05625
0 0.03203125 0.5890625 0.0578125 0.0578125
0 0.27890625 0.21953125 0.05625 0.0578125
0 0.07421875 0.7890625 0.059375 0.059375
0 0.4703125 0.3765625 0.0578125 0.0578125
0 0.04453125 0.06328125 0.0328125 0.05625
0 0.2265625 0.65546875 0.05625 0.0578125
0 0.28125 0.6578125 0.0546875 0.0546875
0 0.1921875 0.69921875 0.0578125 0.0578125
0 0.509375 0.03671875 0.0546875 0.05625
0 0.23203125 0.025 0.0578125 0.05
0 0.021875 0.7859375 0.04375 0.05625
0 0.12890625 0.3578125 0.0578125 0.0578125
0 0.42421875 0.08203125 0.0578125 0.0578125
0 0.034375 0.25234375 0.0390625 0.05625
0 0.096875 0.84140625 0.05625 0.0578125
0 0.41640625 0.27421875 0.0578125 0.0578125
0 0.6765625 0.04765625 0.0578125 0.05625
0 0.3453125 0.565625 0.0578125 0.0578125
0 0.10703125 0.74140625 0.05625 0.0578125
0 0.38125 0.42109375 0.0578125 0.05625
0 0.45390625 0.13046875 0.05625 0.05625
0 0.11953125 0.02109375 0.0578125 0.0421875
0 0.08828125 0.5953125 0.059375 0.059375
0 0.4765625 0.1828125 0.0578125 0.05625
0 0.2171875 0.31328125 0.05625 0.05625
0 0.18671875 0.79375 0.0578125 0.05625
0 0.25390625 0.171875 0.05625 0.0578125
0 0.21796875 0.75078125 0.05625 0.0546875
0 0.09375 0.9359375 0.05625 0.05625
0 0.11328125 0.64453125 0.05625 0.05625
0 0.64609375 0.09140625 0.0546875 0.05625
0 0.13671875 0.2578125 0.05625 0.05625
0 0.12421875 0.89296875 0.0578125 0.0578125
0 0.4375 0.4234375 0.05625 0.05625
0 0.403125 0.4671875 0.0546875 0.0546875
0 0.59140625 0.19140625 0.05625 0.05625
0 0.31171875 0.61640625 0.053125 0.05625
0 0.559375 0.234375 0.0578125 0.05625
0 0.5296875 0.28046875 0.05625 0.0578125
0 0.61875 0.1390625 0.05625 0.05625
0 0.15625 0.84375 0.05625 0.05625