0 0.00703125 0.6109375 0.0140625 0.05
0 0.0265625 0.56953125 0.053125 0.0765625
0 0.00859375 0.5265625 0.0171875 0.05
0 0.0375 0.53359375 0.05 0.0546875
0 0.02265625 0.49140625 0.0453125 0.0546875
0 0.0640625 0.4953125 0.0546875 0.0546875
0 0.0375 0.45859375 0.053125 0.0515625
0 0.08125 0.46875 0.05 0.046875
0 0.025 0.4125 0.040625 0.0515625
0 0.06796875 0.415625 0.053125 0.0515625
0 0.10546875 0.43671875 0.0515625 0.0515625
0 0.04296875 0.37578125 0.0515625 0.0515625
0 0.09296875 0.378125 0.053125 0.05
0 0.1328125 0.396875 0.05 0.0515625
0 0.03359375 0.33359375 0.0359375 0.0515625
0 0.07265625 0.33515625 0.05 0.053125
0 0.11484375 0.34921875 0.0484375 0.0515625
0 0.16015625 0.35625 0.053125 0.053125
0 0.05078125 0.29140625 0.0515625 0.0515625
0 0.10078125 0.2953125 0.05625 0.0515625
0 0.14921875 0.29921875 0.0546875 0.0546875
0 0.1984375 0.30234375 0.05625 0.05
0 0.03984375 0.2578125 0.028125 0.05
0 0.08046875 0.25390625 0.0546875 0.0546875
0 0.12734375 0.26171875 0.05625 0.0515625
0 0.17734375 0.26171875 0.05625 0.0546875
0 0.228125 0.2625 0.053125 0.053125
0 0.059375 0.21015625 0.05 0.0515625
0 0.10234375 0.21796875 0.0515625 0.0515625
0 0.15 0.221875 0.0515625 0.0484375
0 0.2015625 0.22265625 0.0578125 0.053125
0 0.25390625 0.22734375 0.0546875 0.05
0 0.075 0.17421875 0.053125 0.053125
0 0.1234375 0.1828125 0.05 0.0546875
0 0.16953125 0.19296875 0.0515625 0.0484375
0 0.23125 0.18515625 0.0546875 0.0546875
0 0.27890625 0.18671875 0.0515625 0.05
0 0.06328125 0.13515625 0.0390625 0.0484375
0 0.10390625 0.1359375 0.05 0.053125
0 0.14609375 0.1484375 0.053125 0.0515625
0 0.203125 0.15 0.05625 0.05
0 0.2515625 0.1484375 0.05 0.05
0 0.30234375 0.16015625 0.059375 0.053125
0 0.0765625 0.10546875 0.05 0.053125
0 0.1328125 0.1 0.0515625 0.053125
0 0.17734375 0.10859375 0.0546875 0.05625
0 0.22578125 0.11484375 0.0515625 0.0484375
0 0.275 0.1140625 0.05625 0.05625
0 0.3328125 0.11328125 0.0546875 0.0546875