1 0.87578125 0.03203125 0.1578125 0.0640625
1 0.71640625 0.05 0.1921875 0.1
1 0.8375 0.11953125 0.20625 0.209375
1 0.934375 0.2625 0.1078125 0.2203125
1 0.53828125 0.071875 0.1890625 0.14375
1 0.66875 0.15703125 0.1921875 0.203125
1 0.80390625 0.29375 0.2 0.20625
1 0.89609375 0.42734375 0.2078125 0.225
1 0.9265625 0.74921875 0.146875 0.1984375
1 0.85546875 0.596875 0.1953125 0.203125
1 0.71796875 0.4453125 0.1875 0.2265625
1 0.6140625 0.325 0.209375 0.209375
1 0.4984375 0.1875 0.20625 0.2203125
1 0.37109375 0.09375 0.2 0.184375
1 0.184375 0.12109375 0.20625 0.1984375
1 0.29609375 0.24140625 0.203125 0.240625
1 0.421875 0.34140625 0.20625 0.20625
1 0.5484375 0.47421875 0.2140625 0.23125
1 0.67578125 0.61171875 0.209375 0.2078125
1 0.778125 0.765625 0.19375 0.1953125
1 0.87890625 0.88203125 0.18125 0.178125
1 0.70859375 0.903125 0.203125 0.1734375
1 0.52109375 0.9234375 0.1953125 0.153125
1 0.3453125 0.93984375 0.2 0.1203125
1 0.42265625 0.8140625 0.2078125 0.2046875
1 0.60390625 0.76640625 0.2015625 0.2140625
1 0.49296875 0.66015625 0.2015625 0.20625
1 0.3703125 0.51328125 0.2 0.2078125
1 0.3140625 0.6890625 0.1984375 0.1984375
1 0.240625 0.8515625 0.20625 0.2
1 0.159375 0.95546875 0.196875 0.0890625
1 0.0921875 0.890625 0.1265625 0.1890625
1 0.1265625 0.72109375 0.2015625 0.1875
1 0.05859375 0.59609375 0.1171875 0.1984375
1 0.2 0.5734375 0.1984375 0.2
1 0.08671875 0.45078125 0.1734375 0.2234375
1 0.25078125 0.415625 0.2046875 0.203125
1 0.1265625 0.28046875 0.1765625 0.2
1 0.05859375 0.14375 0.1171875 0.209375
1 0.03203125 0.2953125 0.0640625 0.190625