0 0.47109375 0.91328125 0.06015625 0.06328125
0 0.93359375 0.93828125 0.06484375 0.06171875
0 0.3453125 0.8875 0.0640625 0.06484375
0 0.025 0.40390625 0.05 0.0640625
0 0.784375 0.57265625 0.06484375 0.0625
0 0.18046875 0.3515625 0.0671875 0.0640625
0 0.4078125 0.90390625 0.06015625 0.06328125
0 0.4421875 0.85234375 0.06171875 0.06328125
0 0.68359375 0.8046875 0.0625 0.065625
0 0.11640625 0.3546875 0.05859375 0.0609375
0 0.97734375 0.73984375 0.0453125 0.0640625
0 0.609375 0.478125 0.0671875 0.06484375
0 0.5921875 0.91171875 0.06328125 0.06328125
0 0.7875 0.73671875 0.065625 0.0625
0 0.2234375 0.41875 0.065625 0.065625
0 0.41796875 0.77109375 0.065625 0.06328125
0 0.6625 0.60390625 0.06796875 0.06484375
0 0.6984375 0.9734375 0.065625 0.053125
0 0.74453125 0.80859375 0.06015625 0.065625
0 0.80859375 0.8046875 0.0640625 0.0625
0 0.3234375 0.7109375 0.0671875 0.06328125
0 0.146875 0.65078125 0.06484375 0.0625
0 0.4203125 0.65625 0.06171875 0.0640625
0 0.75390625 0.684375 0.06328125 0.0640625
0 0.634375 0.421875 0.06484375 0.0578125
0 0.85625 0.57890625 0.0671875 0.06484375
0 0.1859375 0.2484375 0.065625 0.06328125
0 0.0484375 0.34453125 0.06796875 0.065625
0 0.43515625 0.9671875 0.0609375 0.0609375
0 0.62421875 0.65859375 0.0671875 0.06640625
0 0.3671875 0.53984375 0.06171875 0.0625
0 0.50625 0.85625 0.0625 0.0640625
0 0.80859375 0.93046875 0.065625 0.06171875
0 0.8828125 0.81640625 0.065625 0.065625
0 0.53046875 0.9234375 0.0625 0.0640625
0 0.15234375 0.303125 0.06640625 0.06171875
0 0.41171875 0.34375 0.0609375 0.06484375
0 0.353125 0.64921875 0.06484375 0.06328125
0 0.08984375 0.4171875 0.0640625 0.0625
0 0.45625 0.715625 0.06484375 0.06328125
0 0.3234375 0.59296875 0.0671875 0.0609375
0 0.8359375 0.69140625 0.065625 0.0625
0 0.71171875 0.86796875 0.06875 0.06328125
0 0.06015625 0.6015625 0.06328125 0.06171875
0 0.18359375 0.5953125 0.0640625 0.06328125
0 0.36953125 0.9578125 0.06640625 0.0625
0 0.63046875 0.97265625 0.06640625 0.0546875
0 0.27578125 0.8828125 0.06640625 0.0640625
0 0.90703125 0.8828125 0.0625 0.06171875
0 0.0203125 0.1109375 0.040625 0.065625
0 0.3515625 0.77109375 0.06171875 0.059375
0 0.2609375 0.48046875 0.06484375 0.0609375
0 0.7375 0.925 0.06484375 0.06171875
0 0.86875 0.9359375 0.059375 0.0640625
0 0.69765625 0.684375 0.059375 0.06484375
0 0.684375 0.4953125 0.0671875 0.065625
0 0.559375 0.97578125 0.0640625 0.04765625
0 0.78125 0.8703125 0.0625 0.06015625
0 0.2890625 0.5328125 0.0671875 0.06328125
0 0.05390625 0.471875 0.0671875 0.0625
0 0.896875 0.9828125 0.065625 0.03359375
0 0.390625 0.71875 0.06171875 0.06015625
0 0.37578125 0.82890625 0.065625 0.0640625
1 0.22109375 0.540625 0.05703125 0.06171875
0 0.240625 0.31015625 0.0625 0.0640625
0 0.13828125 0.76875 0.059375 0.05625
0 0.11640625 0.709375 0.06640625 0.06171875
1 0.84140625 0.87265625 0.05390625 0.0578125
1 0.6203125 0.7984375 0.059375 0.065625
0 0.16875 0.82109375 0.06328125 0.05703125
1 0.19296875 0.48359375 0.059375 0.053125
1 0.25390625 0.59453125 0.0671875 0.05703125
1 0.95546875 0.8171875 0.071875 0.05859375
1 0.7296875 0.61953125 0.0546875 0.05703125
0 0.34765625 0.3484375 0.06484375 0.0625
0 0.18203125 0.71171875 0.0609375 0.06171875
1 0.71484375 0.56171875 0.06171875 0.053125
0 0.08984375 0.1359375 0.06640625 0.06015625
1 0.96875 0.8796875 0.059375 0.0625
1 0.5796875 0.734375 0.05546875 0.0671875
1 0.29765625 0.946875 0.05703125 0.0609375
1 0.54140625 0.48984375 0.0671875 0.0578125
0 0.03125 0.171875 0.06015625 0.0609375
1 0.9234375 0.759375 0.06328125 0.0578125
1 0.4359375 0.421875 0.06015625 0.06875
1 0.64296875 0.54921875 0.05234375 0.05546875
1 0.55546875 0.79609375 0.0703125 0.05234375
1 0.36796875 0.41875 0.07265625 0.06328125
0 0.96484375 0.984375 0.065625 0.03125
1 0.4921875 0.540625 0.06171875 0.06640625
1 0.50078125 0.4296875 0.0671875 0.0609375
1 0.6453125 0.73046875 0.071875 0.065625
1 0.66328125 0.91875 0.0625 0.0546875
1 0.43125 0.54375 0.06640625 0.05859375
0 0.3109375 0.296875 0.0671875 0.06484375
1 0.46796875 0.48046875 0.065625 0.06015625
1 0.2125 0.76328125 0.06328125 0.0546875
1 0.128125 0.48671875 0.0609375 0.06015625
1 0.9015625 0.50546875 0.065625 0.07421875
1 0.2203125 0.65546875 0.06484375 0.0609375
1 0.27734375 0.36640625 0.06953125 0.06484375
1 0.5609375 0.63203125 0.0625 0.0734375
0 0.47734375 0.3546875 0.0671875 0.06015625
0 0.503125 0.97421875 0.065625 0.0515625
0 0.98671875 0.940625 0.0265625 0.065625
1 0.565625 0.55234375 0.08125 0.07109375
1 0.2328125 0.82109375 0.0609375 0.05546875
1 0.2828125 0.653125 0.059375 0.06015625
0 0.19453125 0.875 0.0640625 0.0625
1 0.7171875 0.7453125 0.06328125 0.05703125
1 0.63671875 0.8609375 0.06796875 0.05703125
1 0.49296875 0.66015625 0.06171875 0.0625
1 0.51953125 0.596875 0.05078125 0.053125
1 0.3921875 0.4765625 0.06953125 0.06328125
1 0.39921875 0.59453125 0.05390625 0.0578125
1 0.7109375 0.428125 0.0796875 0.06015625
1 0.56640625 0.43203125 0.06015625 0.05859375
1 0.24765625 0.7140625 0.06796875 0.05546875
1 0.33203125 0.4765625 0.0625 0.06171875
1 0.56875 0.84765625 0.065625 0.06328125
1 0.52265625 0.7484375 0.065625 0.06171875
1 0.2796875 0.76796875 0.06328125 0.059375
1 0.89765625 0.63984375 0.06953125 0.06015625
1 0.2984375 0.8203125 0.0671875 0.05625
1 0.459375 0.6015625 0.0671875 0.0546875
1 0.48046875 0.79921875 0.06328125 0.04921875
1 0.07109375 0.23515625 0.06953125 0.06796875
1 0.7734375 0.98046875 0.06640625 0.0390625
1 0.8609375 0.753125 0.06015625 0.053125
1 0.23515625 0.94140625 0.06484375 0.0546875
1 0.76015625 0.509375 0.07265625 0.0640625
1 0.83125 0.51875 0.0625 0.05859375
1 0.96171875 0.6125 0.06640625 0.05703125
1 0.1625 0.5390625 0.059375 0.0484375
1 0.14296875 0.1859375 0.0640625 0.0609375
1 0.54296875 0.68828125 0.065625 0.04765625
1 0.29296875 0.425 0.071875 0.053125
1 0.03125 0.53828125 0.0625 0.06015625
0 0.33203125 0.9921875 0.0609375 0.01484375
1 0.2671875 0.9875 0.06328125 0.025
1 0.965625 0.67265625 0.065625 0.06484375
1 0.08046875 0.65546875 0.0640625 0.0484375
1 0.91484375 0.70078125 0.06484375 0.04921875
0 0.16015625 0.41484375 0.06484375 0.06875
1 0.8375 0.9859375 0.05625 0.028125
0 0.39296875 0.99296875 0.0609375 0.0140625
1 0.03359375 0.29375 0.06484375 0.05
1 0.096875 0.54140625 0.06640625 0.05703125
1 0.93515625 0.55625 0.078125 0.065625
0 0.00625 0.22734375 0.01171875 0.078125