0 0.30390625 0.85234375 0.0796875 0.0796875
0 0.82109375 0.41484375 0.0765625 0.0796875
0 0.4796875 0.646875 0.0796875 0.078125
0 0.35078125 0.803125 0.08125 0.08125
0 0.26015625 0.90546875 0.0796875 0.0796875
0 0.37578125 0.684375 0.0828125 0.0828125
0 0.475 0.01953125 0.071875 0.0390625
0 0.459375 0.57890625 0.078125 0.078125
0 0.28828125 0.14609375 0.075 0.078125
0 0.43984375 0.7 0.08125 0.08125
0 0.5078125 0.5265625 0.08125 0.08125
0 0.89375 0.17265625 0.0796875 0.0796875
0 0.3953125 0.7515625 0.078125 0.078125
0 0.4140625 0.62265625 0.078125 0.075
0 0.6421875 0.2078125 0.0765625 0.0765625
0 0.2359375 0.840625 0.0765625 0.0765625
0 0.1921875 0.890625 0.0796875 0.0796875
0 0.31328125 0.56015625 0.0765625 0.0734375
0 0.85859375 0.3609375 0.078125 0.0796875
0 0.28046875 0.7921875 0.0828125 0.0828125
0 0.2234375 0.1609375 0.0765625 0.0765625
0 0.32578125 0.92734375 0.0796875 0.0796875
0 0.06328125 0.89375 0.0703125 0.05
0 0.12265625 0.60078125 0.0828125 0.0828125
0 0.12578125 0.48515625 0.0765625 0.0765625
0 0.128125 0.23671875 0.078125 0.0765625
0 0.84375 0.29453125 0.0796875 0.0796875
0 0.103125 0.84921875 0.075 0.078125
0 0.14921875 0.1765625 0.0765625 0.078125
0 0.2171875 0.93359375 0.0703125 0.0421875
0 0.20625 0.009375 0.075 0.01875
0 0.2125 0.77890625 0.075 0.0765625
0 0.103125 0.13359375 0.075 0.0828125
0 0.04140625 0.8484375 0.0765625 0.0796875
0 0.95703125 0.203125 0.075 0.075
0 0.40078125 0.94609375 0.0765625 0.0765625
0 0.57890625 0.55390625 0.078125 0.078125
0 0.35625 0.13203125 0.0765625 0.078125
0 0.48125 0.1125 0.0765625 0.078125
0 0.525 0.59765625 0.084375 0.08125
0 0.93828125 0.125 0.0796875 0.0796875
0 0.15625 0.65859375 0.0859375 0.08125
0 0.18671875 0.72265625 0.0765625 0.075
0 0.40625 0.01796875 0.078125 0.0359375
0 0.13671875 0.0171875 0.0796875 0.034375
0 0.31015625 0.08203125 0.0796875 0.078125
0 0.6078125 0.61875 0.0828125 0.078125
0 0.43125 0.51953125 0.0828125 0.0828125
0 0.51015625 0.05546875 0.0796875 0.075
0 0.16640625 0.54921875 0.0796875 0.0796875
0 0.14296875 0.771875 0.0765625 0.078125
0 0.1953125 0.6078125 0.0796875 0.0765625
0 0.5453125 0.29140625 0.0796875 0.078125
0 0.16796875 0.82890625 0.0765625 0.075
0 0.37265625 0.87734375 0.0796875 0.0796875
0 0.8484375 0.2234375 0.084375 0.08125
0 0.16875 0.428125 0.08125 0.0796875
0 0.2015625 0.23515625 0.075 0.075
0 0.5046875 0.2359375 0.075 0.0765625
0 0.240625 0.0984375 0.0765625 0.078125
0 0.12890625 0.9015625 0.0734375 0.0625
0 0.9078125 0.31171875 0.078125 0.075
0 0.228125 0.671875 0.078125 0.0765625
0 0.4609375 0.18046875 0.078125 0.0796875
0 0.59453125 0.1625 0.0765625 0.078125
0 0.90859375 0.24609375 0.0765625 0.075
0 0.4609375 0.765625 0.075 0.078125
0 0.98046875 0.14375 0.0390625 0.075
0 0.178125 0.0421875 0.0796875 0.0796875
0 0.5671875 0.21953125 0.0765625 0.0765625
0 0.58515625 0.0515625 0.0734375 0.078125
0 0.553125 0.11015625 0.08125 0.0796875
0 0.021875 0.67890625 0.04375 0.0765625
0 0.52578125 0.1703125 0.0734375 0.0765625
0 0.65703125 0.56953125 0.078125 0.0765625
0 0.284375 0.50234375 0.0796875 0.0796875
0 0.47265625 0.4703125 0.0796875 0.078125
0 0.6796875 0.64609375 0.078125 0.078125
0 0.16875 0.11171875 0.078125 0.0796875
0 0.25703125 0.7265625 0.0796875 0.0796875
0 0.1984375 0.490625 0.0765625 0.0765625
0 0.6890625 0.25703125 0.078125 0.078125
0 0.0234375 0.79296875 0.046875 0.0828125
0 0.0421875 0.7375 0.0734375 0.075
0 0.0234375 0.434375 0.046875 0.075
0 0.41796875 0.12265625 0.078125 0.0796875
0 0.99140625 0.20546875 0.0171875 0.0765625
0 0.7 0.521875 0.078125 0.075
0 0.759375 0.40625 0.078125 0.078125
0 0.6109375 0.265625 0.078125 0.08125
0 0.7875 0.2484375 0.078125 0.078125
0 0.08046875 0.42890625 0.078125 0.075
0 0.08046875 0.78671875 0.0765625 0.075
0 0.92265625 0.37890625 0.075 0.0765625
0 0.540625 0.0203125 0.06875 0.040625
0 0.646875 0.04375 0.0703125 0.0578125
0 0.746875 0.29921875 0.0828125 0.08125
1 0.43046875 0.2484375 0.08125 0.084375
0 0.8828125 0.434375 0.0734375 0.075
0 0.45 0.90234375 0.0796875 0.0765625
0 0.68046875 0.46171875 0.078125 0.078125
0 0.38359375 0.303125 0.0796875 0.08125
0 0.67421875 0.15234375 0.0734375 0.075
0 0.75546875 0.07109375 0.0796875 0.0640625
0 0.7390625 0.13125 0.0828125 0.084375
0 0.8046875 0.1125 0.0875 0.0828125
1 0.0421875 0.48984375 0.078125 0.0734375
1 0.08671875 0.5390625 0.096875 0.0796875
1 0.0171875 0.55234375 0.034375 0.0796875
1 0.0390625 0.59296875 0.075 0.065625
1 0.06640625 0.65 0.0734375 0.0828125
1 0.10390625 0.71484375 0.0765625 0.08125
1 0.06796875 0.259375 0.065625 0.08125
1 0.146875 0.30625 0.1 0.071875
1 0.1265625 0.37265625 0.0796875 0.0828125
1 0.05546875 0.35859375 0.0875 0.0984375
1 0.07890625 0.19140625 0.053125 0.0671875
1 0.11328125 0.0625 0.0640625 0.078125
1 0.2515625 0.034375 0.075 0.06875
1 0.32734375 0.028125 0.0765625 0.05625
1 0.3765625 0.06796875 0.078125 0.0734375
1 0.43828125 0.05859375 0.075 0.0734375
1 0.72265625 0.19765625 0.075 0.0703125
1 0.79375 0.18359375 0.075 0.0796875
1 0.2640625 0.2125 0.071875 0.078125
1 0.32734375 0.20546875 0.0765625 0.084375
1 0.39609375 0.20390625 0.06875 0.06875
1 0.2578125 0.26796875 0.0765625 0.0640625
1 0.3234375 0.26875 0.0890625 0.08125
1 0.47421875 0.3015625 0.08125 0.0703125
1 0.4359375 0.34765625 0.084375 0.078125
1 0.51796875 0.3546875 0.08125 0.09375
1 0.5953125 0.33515625 0.0734375 0.0765625
1 0.6515625 0.31484375 0.075 0.0734375
1 0.70390625 0.35546875 0.0765625 0.0734375
1 0.7953125 0.346875 0.0875 0.078125
1 0.971875 0.3296875 0.05625 0.071875
1 0.9703125 0.26328125 0.059375 0.0671875
1 0.2625 0.32578125 0.0796875 0.0578125
1 0.2296875 0.3546875 0.09375 0.0640625
1 0.3234375 0.38515625 0.0765625 0.075
1 0.4640625 0.4046875 0.0796875 0.06875
1 0.5296875 0.43359375 0.0625 0.0734375
1 0.5796875 0.40078125 0.0765625 0.0765625
1 0.6515625 0.39453125 0.06875 0.08125
1 0.6203125 0.4453125 0.0734375 0.0671875
1 0.7578125 0.475 0.065625 0.075
1 0.825 0.48515625 0.0796875 0.0640625
1 0.76953125 0.53515625 0.0734375 0.0578125
1 0.73125 0.5953125 0.078125 0.075
1 0.40390625 0.45078125 0.09375 0.090625
1 0.32890625 0.446875 0.0734375 0.0765625
1 0.24375 0.44296875 0.0734375 0.078125
1 0.36171875 0.50234375 0.0828125 0.06875
1 0.56015625 0.48359375 0.065625 0.0734375
1 0.63203125 0.51796875 0.071875 0.0765625
1 0.2359375 0.553125 0.0765625 0.08125
1 0.38203125 0.565625 0.0765625 0.08125
1 0.26484375 0.615625 0.08125 0.0671875
1 0.33984375 0.61875 0.0875 0.06875
1 0.5515625 0.65390625 0.0671875 0.0625
1 0.62734375 0.6953125 0.071875 0.0671875
1 0.5125 0.709375 0.0671875 0.06875
1 0.58125 0.740625 0.0796875 0.075
1 0.30546875 0.67734375 0.0859375 0.0734375
1 0.32265625 0.74140625 0.08125 0.0796875
1 0.53671875 0.7984375 0.071875 0.0765625
1 0.48671875 0.83515625 0.0796875 0.0703125
1 0.41796875 0.82421875 0.0828125 0.0796875