0 0.3453125 0.215625 0.05 0.05
0 0.17265625 0.70078125 0.05 0.0484375
0 0.440625 0.31015625 0.0515625 0.05
0 0.08125 0.72109375 0.05 0.05
0 0.25546875 0.68359375 0.0484375 0.0484375
0 0.06796875 0.4859375 0.05 0.05
0 0.0859375 0.55859375 0.05 0.0484375
0 0.47734375 0.1765625 0.05 0.05
0 0.1078125 0.63359375 0.05 0.05
0 0.17421875 0.53828125 0.05 0.05
0 0.0140625 0.41875 0.028125 0.05
0 0.24921875 0.12109375 0.0484375 0.0484375
0 0.10234375 0.95703125 0.040625 0.0484375
0 0.06328125 0.64140625 0.0515625 0.0515625
0 0.359375 0.61328125 0.05 0.05
0 0.1046875 0.35625 0.0515625 0.05
0 0.2734375 0.0484375 0.0421875 0.028125
0 0.125 0.709375 0.05 0.05
0 0.11640625 0.1546875 0.0484375 0.0484375
0 0.19609375 0.89921875 0.05 0.05
0 0.1421875 0.5046875 0.0484375 0.0484375
0 0.315625 0.46328125 0.05 0.05
0 0.09296875 0.67421875 0.0515625 0.0515625
0 0.2296875 0.4875 0.05 0.05
0 0.22265625 0.81015625 0.05 0.05
0 0.2109375 0.6921875 0.0484375 0.0484375
0 0.38203125 0.52578125 0.0515625 0.05
0 0.25625 0.9875 0.05 0.025
0 0.4234375 0.071875 0.0515625 0.05
0 0.1828125 0.65625 0.0484375 0.05
0 0.21875 0.0890625 0.05 0.05
0 0.2078125 0.40859375 0.05 0.05
0 0.1453125 0.7859375 0.0484375 0.0484375
0 0.3125 0.7875 0.05 0.05
0 0.16484375 0.86640625 0.05 0.05
0 0.28203125 0.15078125 0.0484375 0.05
0 0.23125 0.32265625 0.05 0.05
0 0.22109375 0.96796875 0.0515625 0.05
0 0.30546875 0.50625 0.05 0.05
0 0.24140625 0.44140625 0.0484375 0.0484375
0 0.2515625 0.5625 0.0484375 0.05
0 0.2890625 0.71484375 0.05 0.05
0 0.33203125 0.7078125 0.0484375 0.0484375
0 0.15859375 0.74140625 0.0484375 0.05
0 0.29921875 0.671875 0.0484375 0.0484375
0 0.14140625 0.9484375 0.0515625 0.0515625
0 0.09765625 0.515625 0.05 0.05
0 0.471875 0.0546875 0.0484375 0.0484375
0 0.165625 0.57890625 0.05 0.0515625
0 0.41484375 0.39765625 0.05 0.0484375
0 0.084375 0.884375 0.034375 0.046875
0 0.38671875 0.20625 0.05 0.05
0 0.278125 0.91171875 0.0515625 0.05
0 0.221875 0.36640625 0.0484375 0.0484375
0 0.246875 0.72109375 0.05 0.05
0 0.34296875 0.6609375 0.0515625 0.05
0 0.11875 0.590625 0.0515625 0.05
0 0.01796875 0.53828125 0.0359375 0.0484375
0 0.36171875 0.29453125 0.05 0.0515625
0 0.24140625 0.28203125 0.05 0.05
0 0.19375 0.61640625 0.05 0.05
0 0.11171875 0.91640625 0.05 0.0515625
0 0.1328125 0.54609375 0.0484375 0.05
0 0.18984375 0.7765625 0.05 0.05
0 0.1546875 0.46328125 0.05 0.05
0 0.02421875 0.49296875 0.0484375 0.0484375
0 0.40703125 0.28046875 0.05 0.05
0 0.375 0.2453125 0.05 0.05
0 0.3 0.0671875 0.0484375 0.05
0 0.0203125 0.37890625 0.040625 0.0484375
0 0.1140625 0.74921875 0.0515625 0.05
0 0.0734375 0.6 0.05 0.05
0 0.2984375 0.22578125 0.0484375 0.0484375
0 0.4046875 0.43671875 0.05 0.0484375
0 0.1296875 0.98359375 0.05 0.0328125
0 0.203125 0.73046875 0.0515625 0.05
0 0.26875 0.79765625 0.05 0.05
0 0.009375 0.30234375 0.01875 0.0515625
0 0.14765625 0.07578125 0.0453125 0.03125
0 0.10234375 0.7984375 0.0484375 0.05
0 0.10859375 0.4734375 0.05 0.05
0 0.24375 0.88125 0.053125 0.0515625
0 0.17890625 0.38046875 0.05 0.05
0 0.21328125 0.2484375 0.0515625 0.05
0 0.12265625 0.8765625 0.05 0.05
0 0.3015625 0.83046875 0.0515625 0.05
0 0.27890625 0.59609375 0.0515625 0.05
0 0.1703125 0.98046875 0.05 0.0390625
0 0.06640625 0.20390625 0.0484375 0.0484375
0 0.11953125 0.30859375 0.05 0.0515625
0 0.45390625 0.26796875 0.05 0.0484375
0 0.059375 0.09609375 0.046875 0.034375
0 0.29296875 0.87109375 0.0515625 0.05
0 0.00625 0.4625 0.0125 0.046875
0 0.35078125 0.33515625 0.0484375 0.05
0 0.21171875 0.85234375 0.05 0.05
0 0.321875 0.14296875 0.046875 0.0484375
0 0.3703125 0.409375 0.05 0.05
0 0.1359375 0.390625 0.046875 0.0484375
0 0.425 0.3578125 0.0484375 0.0484375
0 0.20546875 0.134375 0.0484375 0.0484375
0 0.17578125 0.8203125 0.0484375 0.0484375
0 0.1984375 0.2921875 0.046875 0.0484375
0 0.36015625 0.45234375 0.05 0.05
0 0.4203125 0.23515625 0.0515625 0.05
0 0.034375 0.45390625 0.05 0.05
0 0.27734375 0.76015625 0.0515625 0.0515625
0 0.0921875 0.8375 0.05 0.05
0 0.2640625 0.3515625 0.0484375 0.0484375
0 0.29296875 0.5515625 0.05 0.0515625
0 0.25390625 0.84140625 0.05 0.05
0 0.3359375 0.540625 0.05 0.05
0 0.13046875 0.1109375 0.0484375 0.0484375
0 0.15546875 0.90625 0.0484375 0.0515625
0 0.09296875 0.3953125 0.0515625 0.0515625
0 0.2171875 0.52734375 0.05 0.05
0 0.03125 0.61015625 0.0453125 0.05
0 0.25546875 0.2359375 0.0484375 0.05
0 0.39375 0.3265625 0.0515625 0.05
0 0.1234375 0.43203125 0.05 0.05
0 0.3328125 0.25859375 0.0484375 0.0484375
0 0.20703125 0.571875 0.05 0.05
0 0.29140625 0.1140625 0.046875 0.0484375
0 0.3703125 0.57265625 0.0515625 0.0515625
0 0.1875 0.94296875 0.0515625 0.05
0 0.23359375 0.7671875 0.0515625 0.05
0 0.3234375 0.74765625 0.05 0.05
0 0.4140625 0.11484375 0.05 0.0484375
0 0.3421875 0.37265625 0.05 0.05
0 0.39140625 0.478125 0.0515625 0.0515625
0 0.32109375 0.303125 0.05 0.05
0 0.1640625 0.4265625 0.0484375 0.0484375
0 0.5265625 0.0125 0.05 0.025
0 0.04375 0.5671875 0.05 0.0515625
0 0.26875 0.634375 0.0515625 0.05
0 0.0171875 0.25625 0.034375 0.05
0 0.4625 0.2265625 0.05 0.05
0 0.071875 0.31875 0.0515625 0.05
0 0.3234375 0.584375 0.05 0.05
0 0.51171875 0.0453125 0.0515625 0.05
0 0.403125 0.15546875 0.05 0.05
0 0.30703125 0.34453125 0.0484375 0.0484375
0 0.13359375 0.834375 0.0484375 0.05
0 0.2328125 0.92578125 0.05 0.05
0 0.284375 0.4328125 0.0484375 0.0484375
0 0.3265625 0.41953125 0.0515625 0.0515625
0 0.26328125 0.5140625 0.0484375 0.05
0 0.08828125 0.27578125 0.05 0.05
0 0.2546875 0.396875 0.0484375 0.0484375
0 0.18203125 0.49921875 0.0484375 0.046875
0 0.3171875 0.0390625 0.0453125 0.0296875
0 0.234375 0.60859375 0.0484375 0.0484375
0 0.48828125 0.1296875 0.0515625 0.0484375
0 0.0671875 0.8078125 0.0328125 0.046875
0 0.27421875 0.475 0.0484375 0.0484375
0 0.2359375 0.165625 0.0484375 0.05
0 0.159375 0.14453125 0.0484375 0.05
0 0.33359375 0.1046875 0.05 0.05
0 0.12734375 0.26796875 0.0484375 0.0484375
0 0.21171875 0.99375 0.0515625 0.0125
0 0.1390625 0.6625 0.05 0.05
0 0.29921875 0.384375 0.0484375 0.0484375
0 0.26484375 0.96171875 0.05 0.0484375
0 0.0578125 0.36796875 0.0484375 0.0484375
0 0.225 0.64921875 0.046875 0.0484375
0 0.37421875 0.08984375 0.0515625 0.0515625
0 0.259375 0.08046875 0.0484375 0.05
0 0.2859375 0.2703125 0.0484375 0.0484375
0 0.390625 0.04609375 0.0515625 0.05
0 0.18828125 0.33203125 0.0484375 0.0484375
0 0.09609375 0.23515625 0.0484375 0.0484375
0 0.046875 0.40625 0.05 0.05
0 0.18515625 0.21328125 0.0484375 0.05
0 0.06796875 0.7625 0.05 0.05
0 0.146875 0.34921875 0.05 0.05
0 0.3109375 0.184375 0.05 0.05
0 0.04453125 0.14140625 0.0515625 0.05
0 0.04921875 0.69140625 0.046875 0.0484375
0 0.0859375 0.125 0.05 0.05
0 0.0765625 0.16328125 0.0484375 0.0484375
0 0.02421875 0.340625 0.0484375 0.0484375
0 0.1390625 0.2296875 0.0484375 0.05
0 0.34609375 0.49921875 0.05 0.0515625
0 0.1984375 0.45390625 0.0484375 0.05
0 0.1015625 0.08671875 0.046875 0.0328125
0 0.27578125 0.3140625 0.05 0.05
0 0.07890625 0.4453125 0.0484375 0.0484375
0 0.2671875 0.19453125 0.0484375 0.0484375
0 0.0203125 0.10625 0.040625 0.0375
0 0.23125 0.05703125 0.0421875 0.0296875
0 0.1953125 0.17109375 0.046875 0.0484375
0 0.3453125 0.05546875 0.0515625 0.05
0 0.3140625 0.62578125 0.05 0.05
0 0.225 0.20546875 0.05 0.05
0 0.16015625 0.3015625 0.046875 0.05
0 0.05390625 0.5328125 0.0515625 0.0484375
0 0.35859375 0.171875 0.05 0.0515625
0 0.5 0.0921875 0.0484375 0.0484375
0 0.384375 0.36640625 0.0484375 0.0484375
0 0.040625 0.28671875 0.0515625 0.0515625
0 0.46015625 0.0921875 0.046875 0.046875
0 0.16953125 0.2640625 0.046875 0.0484375
0 0.44296875 0.1515625 0.05 0.05
0 0.1734375 0.10390625 0.0484375 0.05
0 0.00703125 0.1828125 0.0140625 0.05
0 0.3625 0.13515625 0.05 0.05
0 0.4359375 0.1875 0.05 0.05
0 0.1078125 0.1921875 0.05 0.05
0 0.04765625 0.72734375 0.0296875 0.0484375
0 0.18984375 0.06484375 0.0453125 0.028125
0 0.08359375 0.92265625 0.0171875 0.040625
0 0.0296875 0.65390625 0.0234375 0.04375
0 0.02421875 0.2109375 0.0484375 0.05
0 0.10078125 0.9890625 0.0203125 0.021875
0 0.1484375 0.62890625 0.0484375 0.0484375
0 0.14921875 0.18359375 0.046875 0.05
0 0.01171875 0.14609375 0.0234375 0.0515625
0 0.00234375 0.503125 0.0046875 0.04375
0 0.4359375 0.02421875 0.05 0.0484375
0 0.47734375 0.01875 0.0515625 0.0375
0 0.0515625 0.25234375 0.0484375 0.046875
0 0.40625 0.01484375 0.0421875 0.0203125
0 0.0109375 0.578125 0.01875 0.0421875
0 0.06640625 0.84453125 0.0171875 0.04375
0 0.36171875 0.025 0.0453125 0.021875
0 0.4484375 0.00625 0.040625 0.0125
0 0.0328125 0.18046875 0.0484375 0.046875