2 0.76875 0.5171875 0.090625 0.0859375
0 0.7515625 0.98515625 0.053125 0.0296875
0 0.8 0.984375 0.05625 0.03125
0 0.85390625 0.9859375 0.0609375 0.028125
0 0.90546875 0.98828125 0.0484375 0.0234375
0 0.7296875 0.95234375 0.0609375 0.05625
0 0.784375 0.95078125 0.0515625 0.0515625
0 0.8328125 0.95546875 0.0546875 0.0546875
0 0.88125 0.96015625 0.0546875 0.059375
0 0.9296875 0.9640625 0.053125 0.0546875
0 0.71015625 0.90625 0.0546875 0.0578125
0 0.7625 0.90703125 0.05 0.0515625
0 0.8109375 0.91015625 0.05625 0.05625
0 0.8625 0.9109375 0.05625 0.0546875
0 0.909375 0.9171875 0.053125 0.053125
0 0.94609375 0.92109375 0.0296875 0.0515625
0 0.68515625 0.865625 0.0546875 0.05625
0 0.665625 0.821875 0.0546875 0.0546875
0 0.64453125 0.7765625 0.0578125 0.0578125
0 0.62265625 0.72265625 0.05625 0.053125
0 0.60234375 0.67578125 0.0578125 0.053125
0 0.5828125 0.63515625 0.05625 0.0578125
0 0.5609375 0.58984375 0.05 0.05
0 0.740625 0.86484375 0.05625 0.0625
0 0.79140625 0.8671875 0.053125 0.0546875
0 0.840625 0.86875 0.0546875 0.05625
0 0.88984375 0.871875 0.053125 0.05625
0 0.93984375 0.87578125 0.0515625 0.05
0 0.7203125 0.81640625 0.05625 0.053125
0 0.76953125 0.81796875 0.0515625 0.0515625
0 0.81953125 0.825 0.05625 0.053125
0 0.86953125 0.8265625 0.05625 0.053125
0 0.9203125 0.83046875 0.0546875 0.0546875
0 0.9546875 0.834375 0.0296875 0.0515625
0 0.69921875 0.775 0.05625 0.053125
0 0.75078125 0.77265625 0.05625 0.05625
0 0.80078125 0.77890625 0.053125 0.05625
0 0.85 0.78359375 0.053125 0.05625
0 0.9 0.78515625 0.053125 0.053125
0 0.94765625 0.78984375 0.053125 0.05
0 0.6765625 0.7265625 0.053125 0.053125
0 0.7265625 0.72890625 0.05625 0.0546875
0 0.77890625 0.7296875 0.0546875 0.0546875
0 0.82734375 0.7359375 0.0515625 0.053125
0 0.8734375 0.74296875 0.053125 0.053125
0 0.92421875 0.7453125 0.05625 0.05625
0 0.96484375 0.74921875 0.028125 0.0484375
0 0.65390625 0.68515625 0.05625 0.053125
0 0.70390625 0.6859375 0.05 0.053125
0 0.75625 0.6890625 0.059375 0.0578125
0 0.80703125 0.69375 0.0546875 0.053125
0 0.8546875 0.70078125 0.053125 0.0546875
0 0.903125 0.7015625 0.053125 0.053125
0 0.953125 0.70546875 0.0546875 0.0515625
0 0.63046875 0.63828125 0.053125 0.053125
0 0.6796875 0.64296875 0.0515625 0.0515625
0 0.728125 0.646875 0.0546875 0.0546875
0 0.78125 0.65 0.053125 0.053125
0 0.83203125 0.65078125 0.05625 0.05625
0 0.88515625 0.65703125 0.05625 0.05625
0 0.93203125 0.659375 0.0484375 0.0515625
0 0.9703125 0.66171875 0.0359375 0.053125
0 0.609375 0.59296875 0.0546875 0.0546875
0 0.65703125 0.6 0.053125 0.0515625
0 0.70546875 0.60234375 0.053125 0.053125
0 0.75859375 0.6046875 0.0578125 0.0546875
0 0.81015625 0.60390625 0.0546875 0.053125
0 0.8625 0.609375 0.053125 0.0546875
0 0.91015625 0.6171875 0.0546875 0.053125
0 0.96015625 0.61796875 0.0546875 0.0578125
0 0.5375 0.546875 0.0515625 0.0578125
0 0.58515625 0.55625 0.0515625 0.053125
0 0.6359375 0.55703125 0.0515625 0.0515625
0 0.68515625 0.559375 0.05625 0.05625
0 0.73515625 0.5640625 0.053125 0.0515625
0 0.7859375 0.5609375 0.0546875 0.05625
0 0.83984375 0.56484375 0.0578125 0.053125
0 0.890625 0.57109375 0.0546875 0.0546875
0 0.93984375 0.575 0.0484375 0.05625
0 0.978125 0.5765625 0.0375 0.053125
0 0.515625 0.50625 0.05625 0.053125
0 0.565625 0.5078125 0.0546875 0.0546875
0 0.61640625 0.509375 0.0546875 0.053125
0 0.66328125 0.51484375 0.053125 0.0546875
0 0.71328125 0.51796875 0.0546875 0.053125
0 0.81796875 0.52421875 0.0546875 0.0546875
0 0.86953125 0.52890625 0.0578125 0.0578125
0 0.91875 0.53046875 0.0515625 0.0546875
0 0.9640625 0.53203125 0.053125 0.0515625
0 0.49375 0.46171875 0.059375 0.0546875
0 0.54375 0.46171875 0.05625 0.05625
0 0.5953125 0.46640625 0.05625 0.0578125
0 0.64453125 0.46953125 0.05625 0.0546875
0 0.69609375 0.47109375 0.05625 0.059375
0 0.74453125 0.4765625 0.0515625 0.053125
0 0.79296875 0.48203125 0.053125 0.0546875
0 0.84296875 0.4859375 0.059375 0.053125
0 0.89765625 0.48203125 0.0578125 0.05625
0 0.9484375 0.4890625 0.053125 0.0546875
0 0.98515625 0.490625 0.0296875 0.053125
0 0.4703125 0.4140625 0.0515625 0.05625
0 0.51875 0.421875 0.05625 0.0546875
0 0.5734375 0.41796875 0.0546875 0.0484375
0 0.62421875 0.42421875 0.0515625 0.0515625
0 0.67265625 0.428125 0.05625 0.0546875
0 0.72265625 0.4296875 0.053125 0.0484375
0 0.7734375 0.43515625 0.05625 0.053125
0 0.82421875 0.4390625 0.05625 0.05625
0 0.875 0.44296875 0.05625 0.0515625
0 0.92578125 0.44296875 0.0546875 0.053125
0 0.97421875 0.44609375 0.0515625 0.0546875
0 0.4546875 0.371875 0.0578125 0.053125
0 0.50546875 0.37265625 0.05625 0.0546875
0 0.5515625 0.378125 0.05 0.053125
0 0.6 0.38203125 0.05625 0.0546875
0 0.6515625 0.38359375 0.0578125 0.0546875
0 0.7015625 0.3875 0.0515625 0.05
0 0.75078125 0.3921875 0.0578125 0.053125
0 0.80078125 0.396875 0.053125 0.0546875
0 0.85 0.396875 0.05625 0.0546875
0 0.9015625 0.403125 0.0578125 0.053125
0 0.9515625 0.40703125 0.053125 0.053125
0 0.98671875 0.40390625 0.0265625 0.0515625
0 0.42734375 0.328125 0.0546875 0.053125
0 0.478125 0.33125 0.05625 0.053125
0 0.52890625 0.33125 0.05625 0.0484375
0 0.57890625 0.3390625 0.05625 0.0546875
0 0.628125 0.3375 0.05625 0.05625
0 0.67734375 0.34609375 0.0578125 0.05
0 0.728125 0.34765625 0.053125 0.05625
0 0.77890625 0.35234375 0.05625 0.0546875
0 0.82890625 0.35390625 0.05625 0.0546875
0 0.878125 0.35625 0.0515625 0.0515625
0 0.9296875 0.3609375 0.059375 0.05625
0 0.9765625 0.3625 0.046875 0.05625
0 0.4078125 0.28203125 0.059375 0.0609375
0 0.46015625 0.2859375 0.05625 0.05625
0 0.51015625 0.29140625 0.05625 0.053125
0 0.55859375 0.290625 0.0546875 0.0546875
0 0.60625 0.29609375 0.0546875 0.0546875
0 0.65703125 0.30078125 0.05625 0.053125
0 0.70703125 0.30234375 0.0546875 0.0546875
0 0.759375 0.303125 0.059375 0.05625
0 0.8078125 0.3078125 0.053125 0.053125
0 0.8578125 0.3109375 0.0578125 0.05625
0 0.9078125 0.31484375 0.0515625 0.053125
0 0.95859375 0.31640625 0.05625 0.053125
0 0.98984375 0.315625 0.0203125 0.053125
0 0.39296875 0.2375 0.0515625 0.05
0 0.44453125 0.23984375 0.053125 0.0515625
0 0.49296875 0.24296875 0.053125 0.053125
0 0.540625 0.246875 0.0515625 0.053125
0 0.5890625 0.25078125 0.053125 0.053125
0 0.63984375 0.25546875 0.05625 0.0546875
0 0.6890625 0.25703125 0.0515625 0.0515625
0 0.7375 0.2609375 0.05625 0.053125
0 0.78671875 0.2625 0.0515625 0.0546875
0 0.83359375 0.2671875 0.0546875 0.0546875
0 0.884375 0.271875 0.0546875 0.0515625
0 0.93359375 0.27421875 0.0546875 0.053125
0 0.978125 0.278125 0.04375 0.053125
0 0.3625 0.19453125 0.0609375 0.0578125
0 0.41796875 0.19921875 0.0578125 0.053125
0 0.46875 0.1984375 0.0515625 0.0546875
0 0.51640625 0.20234375 0.0546875 0.05625
0 0.5671875 0.20546875 0.0515625 0.053125
0 0.61640625 0.2078125 0.05625 0.053125
0 0.66640625 0.2125 0.05625 0.05625
0 0.71484375 0.2171875 0.0546875 0.0546875
0 0.76484375 0.21640625 0.0546875 0.0546875
0 0.815625 0.2203125 0.053125 0.053125
0 0.8640625 0.22578125 0.05625 0.0578125
0 0.91328125 0.22890625 0.0515625 0.0578125
0 0.9625 0.2328125 0.05625 0.0578125
0 0.346875 0.146875 0.0546875 0.0515625
0 0.39609375 0.15390625 0.053125 0.053125
0 0.44609375 0.1546875 0.0546875 0.053125
0 0.4953125 0.1546875 0.05625 0.053125
0 0.5453125 0.1609375 0.053125 0.0515625
0 0.59609375 0.16328125 0.053125 0.053125
0 0.64296875 0.1671875 0.053125 0.053125
0 0.69296875 0.1734375 0.0546875 0.053125
0 0.74453125 0.17421875 0.053125 0.0546875
0 0.7953125 0.1796875 0.0546875 0.0546875
0 0.84375 0.18203125 0.053125 0.0546875
0 0.89296875 0.18671875 0.053125 0.053125
0 0.93984375 0.18671875 0.05625 0.053125
0 0.98046875 0.18984375 0.0390625 0.0515625
0 0.3234375 0.10625 0.0546875 0.0546875
0 0.371875 0.11171875 0.053125 0.053125
0 0.428125 0.10859375 0.0546875 0.0515625
0 0.4734375 0.1140625 0.053125 0.0546875
0 0.521875 0.11640625 0.0546875 0.0515625
0 0.57265625 0.1171875 0.053125 0.0515625
0 0.62265625 0.12265625 0.0578125 0.0546875
0 0.67265625 0.1265625 0.053125 0.05625
0 0.721875 0.13046875 0.053125 0.0546875
0 0.7734375 0.1328125 0.053125 0.0515625
0 0.821875 0.1375 0.053125 0.053125
0 0.86953125 0.1390625 0.053125 0.0546875
0 0.91875 0.1453125 0.0546875 0.05625
0 0.96796875 0.146875 0.0515625 0.0515625
0 0.303125 0.059375 0.05625 0.05625
0 0.35078125 0.0640625 0.053125 0.05625
0 0.40234375 0.06484375 0.0546875 0.0515625
0 0.45078125 0.06953125 0.053125 0.053125
0 0.5015625 0.071875 0.053125 0.0515625
0 0.55078125 0.075 0.053125 0.0546875
0 0.6015625 0.0796875 0.0546875 0.05625
0 0.6515625 0.08203125 0.053125 0.0546875
0 0.70078125 0.0859375 0.0515625 0.053125
0 0.74921875 0.09296875 0.053125 0.05625
0 0.79765625 0.0953125 0.053125 0.0546875
0 0.84609375 0.09921875 0.053125 0.0546875
0 0.8953125 0.1015625 0.053125 0.053125
0 0.94453125 0.10390625 0.0546875 0.053125
0 0.9828125 0.10703125 0.034375 0.0546875
0 0.2796875 0.021875 0.053125 0.04375
0 0.33125 0.02265625 0.05625 0.0453125
0 0.38203125 0.02421875 0.0578125 0.0484375
0 0.43359375 0.02578125 0.0515625 0.0515625
0 0.478125 0.02734375 0.053125 0.0546875
0 0.52734375 0.03203125 0.0546875 0.053125
0 0.578125 0.034375 0.0546875 0.053125
0 0.628125 0.03515625 0.0515625 0.0515625
0 0.67890625 0.04140625 0.05625 0.053125
0 0.72890625 0.04375 0.0515625 0.05
0 0.77734375 0.05 0.0515625 0.0515625
0 0.8265625 0.05546875 0.0515625 0.0515625
0 0.87578125 0.059375 0.053125 0.05
0 0.9234375 0.0640625 0.05 0.0484375
0 0.4078125 0.00390625 0.05 0.0078125
0 0.9921875 0.23359375 0.015625 0.0546875
0 0.99453125 0.15234375 0.0109375 0.0546875
0 0.971875 0.06796875 0.05 0.046875