0 0.63671875 0.428125 0.14375 0.1265625
0 0.76796875 0.70234375 0.125 0.13515625
0 0.3640625 0.75390625 0.13515625 0.128125
0 0.94453125 0.828125 0.11015625 0.12734375
0 0.18671875 0.05546875 0.12421875 0.10859375
0 0.58515625 0.93203125 0.13359375 0.12734375
0 0.2078125 0.778125 0.121875 0.12109375
0 0.0671875 0.7890625 0.125 0.11953125
0 0.91015625 0.7015625 0.12734375 0.1234375
0 0.43359375 0.63203125 0.13359375 0.12265625
0 0.93515625 0.9484375 0.121875 0.09765625
0 0.3 0.87578125 0.13203125 0.12265625
0 0.684375 0.5953125 0.13203125 0.1203125
0 0.15 0.89921875 0.1234375 0.12109375
0 0.534375 0.69765625 0.13203125 0.1265625
1 0.04375 0.03828125 0.0875 0.0765625
0 0.12578125 0.675 0.11875 0.11640625
0 0.421875 0.215625 0.13359375 0.11953125
0 0.1390625 0.32734375 0.1203125 0.11328125
0 0.2234375 0.39375 0.1265625 0.128125
0 0.0828125 0.4375 0.12421875 0.11796875
0 0.8125 0.84609375 0.12890625 0.12265625
0 0.46875 0.86171875 0.146875 0.12265625
0 0.35078125 0.3921875 0.12265625 0.12265625
0 0.028125 0.68203125 0.05625 0.11875
0 0.546875 0.3234375 0.13125 0.12265625
1 0.07265625 0.1109375 0.090625 0.0875
1 0.03203125 0.35 0.0640625 0.10859375
0 0.38984375 0.96015625 0.14453125 0.07890625
0 0.765625 0.96484375 0.13828125 0.0703125
0 0.83828125 0.5703125 0.14296875 0.13046875
1 0.02109375 0.18984375 0.04140625 0.07890625
0 0.2765625 0.659375 0.1375 0.1234375
0 0.478125 0.459375 0.12890625 0.12578125
0 0.2375 0.97109375 0.134375 0.0578125
0 0.640625 0.8078125 0.1234375 0.13046875
1 0.05859375 0.234375 0.09296875 0.0875
0 0.3375 0.52421875 0.1265625 0.11796875
0 0.18984375 0.55 0.1171875 0.11484375
0 0.2640625 0.24296875 0.121875 0.121875
0 0.32890625 0.065625 0.1390625 0.13125
0 0.69296875 0.34375 0.11640625 0.1125
0 0.76640625 0.45625 0.1203125 0.103125
0 0.0234375 0.91796875 0.046875 0.12578125
1 0.06640625 0.57734375 0.07109375 0.0671875
1 0.178125 0.16640625 0.08828125 0.07890625
0 0.1125 0.9828125 0.10625 0.034375