0 0.19921875 0.0859375 0.0703125 0.0578125
0 0.371875 0.75703125 0.08125 0.0796875
0 0.4375 0.3109375 0.078125 0.078125
0 0.69609375 0.48203125 0.0765625 0.078125
0 0.6125 0.75625 0.0796875 0.0796875
0 0.41875 0.37421875 0.078125 0.0796875
0 0.346875 0.6484375 0.078125 0.078125
0 0.596875 0.13828125 0.0796875 0.078125
0 0.1125 0.39375 0.0796875 0.078125
0 0.53046875 0.65546875 0.078125 0.0796875
0 0.35625 0.14140625 0.078125 0.078125
0 0.50625 0.7140625 0.078125 0.078125
0 0.4078125 0.6296875 0.08125 0.08125
0 0.1828125 0.1375 0.071875 0.071875
0 0.365625 0.58203125 0.078125 0.078125
0 0.13984375 0.10078125 0.0703125 0.05625
0 0.37265625 0.075 0.078125 0.0765625
0 0.3015625 0.60390625 0.0796875 0.078125
0 0.77734375 0.88515625 0.08125 0.08125
0 0.784375 0.15625 0.0765625 0.078125
0 0.14296875 0.259375 0.0796875 0.0796875
0 0.63125 0.6875 0.0765625 0.078125
0 0.73671875 0.53125 0.0765625 0.078125
0 0.72578125 0.35234375 0.0796875 0.0796875
0 0.3921875 0.69375 0.0796875 0.0796875
0 0.71640625 0.5953125 0.078125 0.0796875
0 0.85 0.13828125 0.075 0.078125
0 0.7109375 0.41796875 0.0796875 0.0796875
0 0.44375 0.73046875 0.0796875 0.078125
0 0.615625 0.07578125 0.075 0.0765625
0 0.48515625 0.609375 0.0796875 0.0796875
0 0.26484375 0.06328125 0.071875 0.05
0 0.0984375 0.4609375 0.0765625 0.078125
0 0.8296875 0.2015625 0.078125 0.0765625
0 0.12109375 0.83125 0.0796875 0.0796875
0 0.78203125 0.82109375 0.0765625 0.0765625
0 0.73359375 0.71171875 0.078125 0.078125
0 0.7578125 0.6515625 0.078125 0.078125
0 0.3265625 0.71171875 0.0796875 0.0796875
0 0.82578125 0.65546875 0.0765625 0.0796875
0 0.4828125 0.1109375 0.08125 0.08125
0 0.4609375 0.66953125 0.08125 0.0765625
0 0.24375 0.79609375 0.08125 0.0796875
0 0.09140625 0.7203125 0.08125 0.08125
0 0.0828125 0.5234375 0.0828125 0.0796875
0 0.53203125 0.15546875 0.0796875 0.078125
0 0.24921875 0.11484375 0.078125 0.078125
0 0.371875 0.3296875 0.0796875 0.078125
0 0.56953125 0.70546875 0.0765625 0.078125
0 0.6484375 0.92734375 0.0796875 0.0796875
0 0.23125 0.17890625 0.0765625 0.0765625
0 0.54921875 0.771875 0.08125 0.08125
0 0.43203125 0.56875 0.078125 0.0796875
0 0.6609375 0.86640625 0.078125 0.0828125
0 0.52578125 0.8953125 0.0828125 0.0828125
0 0.67578125 0.54609375 0.0765625 0.075
0 0.62734375 0.5 0.0796875 0.078125
0 0.26484375 0.7296875 0.078125 0.0765625
0 0.2953125 0.16171875 0.078125 0.0765625
0 0.796875 0.72421875 0.0796875 0.0828125
0 0.89375 0.1890625 0.078125 0.0796875
0 0.86640625 0.07421875 0.0765625 0.078125
0 0.67890625 0.059375 0.078125 0.0765625
0 0.66171875 0.121875 0.078125 0.0765625
0 0.32890625 0.04609375 0.0703125 0.05
0 0.6953125 0.6609375 0.078125 0.0796875
0 0.08359375 0.7828125 0.0640625 0.0765625
0 0.2953125 0.8359375 0.0796875 0.078125
0 0.1578125 0.4390625 0.078125 0.078125
0 0.140625 0.76484375 0.0796875 0.0796875
0 0.27734375 0.66875 0.0828125 0.0828125
0 0.48515625 0.7796875 0.0796875 0.08125
0 0.16328125 0.19765625 0.0765625 0.075
0 0.59765625 0.88515625 0.0828125 0.0828125
0 0.309375 0.77578125 0.078125 0.0765625
0 0.678125 0.3015625 0.0796875 0.0796875
0 0.38671875 0.51953125 0.0828125 0.0828125
0 0.6734375 0.734375 0.075 0.078125
0 0.840625 0.853125 0.0765625 0.078125
0 0.4015625 0.4453125 0.0796875 0.0796875
0 0.31171875 0.0984375 0.0765625 0.078125
0 0.71484375 0.16796875 0.08125 0.08125
0 0.78984375 0.334375 0.078125 0.078125
0 0.54921875 0.83515625 0.0796875 0.078125
0 0.05234375 0.66796875 0.0640625 0.075
0 0.18125 0.8109375 0.075 0.078125
0 0.65703125 0.6109375 0.075 0.075
0 0.54765625 0.090625 0.08125 0.0828125
0 0.8921875 0.89140625 0.071875 0.05625
0 0.9265625 0.23984375 0.05625 0.0734375
0 0.23828125 0.61640625 0.0765625 0.075
0 0.82734375 0.47109375 0.0796875 0.078125
0 0.25859375 0.553125 0.08125 0.0828125
0 0.225 0.85859375 0.078125 0.0796875
0 0.1234375 0.3296875 0.078125 0.078125
0 0.89921875 0.125 0.05 0.0703125
0 0.59296875 0.6359375 0.0796875 0.078125
0 0.21328125 0.23828125 0.0765625 0.075
0 0.39296875 0.02578125 0.06875 0.04375
0 0.54921875 0.5875 0.0796875 0.078125
0 0.671875 0.79765625 0.0734375 0.0765625
0 0.721875 0.84296875 0.078125 0.0796875
0 0.9734375 0.47890625 0.053125 0.0765625
0 0.9609375 0.771875 0.078125 0.084375
0 0.61171875 0.565625 0.0765625 0.0765625
0 0.9421875 0.4296875 0.078125 0.0796875
0 0.15390625 0.69765625 0.0796875 0.0828125
0 0.175 0.3734375 0.078125 0.0796875
0 0.32265625 0.53515625 0.075 0.078125
0 0.10625 0.65390625 0.0796875 0.078125
0 0.16640625 0.87578125 0.0765625 0.0796875
0 0.89921875 0.77265625 0.0828125 0.0828125
0 0.88671875 0.64609375 0.0765625 0.075
0 0.45234375 0.91484375 0.0796875 0.078125
0 0.2015625 0.7453125 0.0765625 0.078125
0 0.21640625 0.68359375 0.0828125 0.0828125
0 0.8359375 0.78515625 0.078125 0.0796875
0 0.221875 0.4203125 0.0796875 0.08125
0 0.61484375 0.82109375 0.08125 0.08125
0 0.72890625 0.775 0.0796875 0.0796875
0 0.86328125 0.0234375 0.0578125 0.046875
0 0.35703125 0.3984375 0.078125 0.078125
0 0.91875 0.5859375 0.078125 0.078125
0 0.43828125 0.9703125 0.0796875 0.059375
0 0.89453125 0.46796875 0.0765625 0.078125
0 0.59453125 0.38828125 0.0828125 0.0796875
0 0.69296875 0.0171875 0.0765625 0.034375
0 0.74375 0.28515625 0.078125 0.078125
0 0.446875 0.4953125 0.0765625 0.078125
0 0.85703125 0.321875 0.0796875 0.0796875
0 0.85859375 0.71875 0.078125 0.078125
0 0.84375 0.59453125 0.0796875 0.078125
0 0.875 0.53515625 0.0796875 0.0796875
0 0.10859375 0.89375 0.0578125 0.078125
0 0.92109375 0.70078125 0.078125 0.0796875
0 0.31171875 0.3515625 0.078125 0.0796875
0 0.80390625 0.09140625 0.078125 0.078125
0 0.3859375 0.26796875 0.0765625 0.078125
0 0.9578125 0.64453125 0.0796875 0.0796875
0 0.5546875 0.3375 0.08125 0.0796875
0 0.61875 0.31796875 0.0765625 0.0796875
0 0.7796875 0.58828125 0.075 0.0765625
0 0.9703125 0.584375 0.059375 0.08125
0 0.628125 0.025 0.078125 0.05
0 0.06171875 0.60703125 0.078125 0.078125
0 0.97265625 0.7109375 0.0546875 0.08125
0 0.290625 0.41640625 0.078125 0.078125
0 0.99140625 0.659375 0.0171875 0.078125
0 0.1125 0.153125 0.0796875 0.0765625
0 0.6453125 0.4375 0.0796875 0.078125
0 0.5640625 0.52109375 0.0796875 0.078125
0 0.80625 0.53359375 0.078125 0.078125
0 0.45234375 0.246875 0.078125 0.078125
0 0.9453125 0.52890625 0.078125 0.078125
0 0.91328125 0.8390625 0.08125 0.078125
0 0.828125 0.9125 0.0703125 0.0484375
0 0.990625 0.534375 0.01875 0.075
0 0.009375 0.4375 0.01875 0.06875
0 0.76171875 0.4671875 0.0796875 0.078125
0 0.95390625 0.3625 0.0671875 0.0765625
0 0.14921875 0.93359375 0.0765625 0.0734375
0 0.19453125 0.55703125 0.078125 0.08125
0 0.078125 0.284375 0.0796875 0.0796875
0 0.03671875 0.47890625 0.0734375 0.0765625
0 0.3734375 0.978125 0.075 0.04375
0 0.51015625 0.475 0.078125 0.078125
0 0.4109375 0.8640625 0.08125 0.0796875
0 0.2765625 0.90078125 0.08125 0.08125
0 0.01328125 0.31953125 0.0265625 0.0765625
1 0.0171875 0.13828125 0.034375 0.0578125
1 0.0578125 0.11796875 0.075 0.05
1 0.0359375 0.1828125 0.071875 0.06875
1 0.02734375 0.24609375 0.0546875 0.0734375
1 0.08984375 0.2125 0.08125 0.0734375
1 0.28203125 0.2296875 0.0828125 0.08125
1 0.340625 0.2125 0.0703125 0.071875
1 0.0625 0.3484375 0.075 0.0734375
1 0.19765625 0.30234375 0.071875 0.0703125
1 0.2578125 0.29296875 0.078125 0.0796875
1 0.3203125 0.278125 0.078125 0.0765625
1 0.0484375 0.41171875 0.0765625 0.06875
1 0.24375 0.35625 0.0796875 0.08125
1 0.03046875 0.54609375 0.0609375 0.0796875
1 0.15390625 0.50234375 0.08125 0.078125
1 0.22109375 0.4890625 0.078125 0.0796875
1 0.28203125 0.4828125 0.0796875 0.078125
1 0.3375 0.46796875 0.0859375 0.08125
1 0.13203125 0.571875 0.08125 0.0875
1 0.1734375 0.615625 0.0875 0.0953125
1 0.46796875 0.4265625 0.075 0.075
1 0.496875 0.540625 0.0828125 0.0703125
1 0.49375 0.35625 0.0796875 0.0890625
1 0.5296875 0.4078125 0.0796875 0.071875
1 0.58046875 0.459375 0.08125 0.078125
1 0.36640625 0.82421875 0.078125 0.0671875
1 0.43046875 0.80234375 0.0703125 0.0765625
1 0.215625 0.92421875 0.0765625 0.0765625
1 0.346875 0.8859375 0.0859375 0.0734375
1 0.48203125 0.84375 0.0828125 0.0765625
1 0.146875 0.98046875 0.075 0.0390625
1 0.2046875 0.97265625 0.071875 0.0546875
1 0.2625 0.9640625 0.084375 0.071875
1 0.328125 0.94921875 0.075 0.065625
1 0.38828125 0.9359375 0.0796875 0.071875
1 0.31796875 0.9859375 0.0796875 0.028125
1 0.50703125 0.96015625 0.0875 0.075
1 0.5796875 0.9484375 0.0828125 0.0765625
1 0.73046875 0.91171875 0.0828125 0.0828125
1 0.4578125 0.015625 0.06875 0.03125
1 0.440625 0.05859375 0.0796875 0.0734375
1 0.50703125 0.0359375 0.0703125 0.071875
1 0.56484375 0.025 0.0640625 0.05
1 0.41953125 0.128125 0.078125 0.0796875
1 0.41171875 0.19375 0.084375 0.0765625
1 0.47265625 0.178125 0.0703125 0.0796875
1 0.5125 0.22421875 0.084375 0.071875
1 0.58828125 0.20703125 0.084375 0.075
1 0.653125 0.19140625 0.0703125 0.0734375
1 0.7484375 0.0453125 0.075 0.0703125
1 0.809375 0.02734375 0.065625 0.0546875
1 0.73046875 0.103125 0.075 0.078125
1 0.50625 0.28671875 0.08125 0.075
1 0.571875 0.271875 0.0921875 0.084375
1 0.63671875 0.25078125 0.0890625 0.084375
1 0.70390625 0.23671875 0.0796875 0.0828125
1 0.765625 0.2234375 0.0703125 0.071875
1 0.8125 0.27109375 0.0890625 0.0828125
1 0.878125 0.25546875 0.0765625 0.078125
1 0.65703125 0.3703125 0.08125 0.06875
1 0.921875 0.3078125 0.075 0.0765625
1 0.77734375 0.4046875 0.0765625 0.0734375
1 0.84375 0.39921875 0.08125 0.084375
1 0.90078125 0.3765625 0.0703125 0.071875
1 0.96953125 0.846875 0.0609375 0.090625