2 0.8203125 0.5984375 0.0703125 0.04375
2 0.58671875 0.7640625 0.059375 0.0453125
0 0.10625 0.00625 0.05 0.0125
0 0.11796875 0.028125 0.05 0.0484375
0 0.1375 0.0703125 0.0515625 0.0484375
0 0.153125 0.1125 0.0484375 0.0484375
0 0.17109375 0.1546875 0.05 0.05
0 0.1875 0.196875 0.046875 0.0453125
0 0.20546875 0.23984375 0.0453125 0.0484375
0 0.22109375 0.28203125 0.046875 0.05
0 0.2390625 0.32109375 0.04375 0.0484375
0 0.25625 0.36171875 0.05 0.0484375
0 0.27109375 0.40546875 0.046875 0.046875
0 0.28671875 0.45078125 0.05 0.05
0 0.3046875 0.4921875 0.046875 0.0484375
0 0.325 0.53515625 0.0515625 0.0453125
0 0.33828125 0.571875 0.05 0.05
0 0.35859375 0.61484375 0.0484375 0.046875
0 0.37109375 0.65390625 0.0515625 0.0515625
0 0.3875 0.696875 0.0484375 0.05
0 0.40546875 0.7390625 0.046875 0.05
0 0.4234375 0.778125 0.05 0.0484375
0 0.440625 0.8265625 0.05 0.05
0 0.459375 0.87265625 0.05 0.05
0 0.47890625 0.9140625 0.046875 0.05
0 0.49375 0.95703125 0.05 0.0484375
0 0.51171875 0.98671875 0.0453125 0.0265625
0 0.3921875 0.00390625 0.04375 0.0078125
0 0.43515625 0.00625 0.0453125 0.0125
0 0.48125 0.01015625 0.046875 0.0203125
0 0.53046875 0.0140625 0.0421875 0.028125
0 0.5703125 0.01640625 0.0453125 0.0296875
0 0.61484375 0.02265625 0.04375 0.0265625
0 0.65703125 0.03046875 0.04375 0.0265625
0 0.7046875 0.03828125 0.0453125 0.0265625
0 0.75 0.0484375 0.0453125 0.0296875
0 0.79375 0.0546875 0.04375 0.0265625
0 0.834375 0.0609375 0.0453125 0.0265625
0 0.87734375 0.06796875 0.04375 0.025
0 0.9234375 0.07578125 0.0421875 0.0234375
0 0.96640625 0.08359375 0.04375 0.025
0 0.14765625 0.0078125 0.0484375 0.015625
0 0.1921875 0.0109375 0.046875 0.021875
0 0.23515625 0.01171875 0.0453125 0.0234375
0 0.32109375 0.01796875 0.0484375 0.0359375
0 0.27734375 0.01640625 0.0484375 0.0328125
0 0.3640625 0.01953125 0.05 0.0390625
0 0.4125 0.0296875 0.0484375 0.046875
0 0.45390625 0.0328125 0.0453125 0.0453125
0 0.49921875 0.0359375 0.0484375 0.046875
0 0.5453125 0.04453125 0.0484375 0.046875
0 0.58984375 0.0515625 0.046875 0.046875
0 0.6328125 0.05390625 0.0484375 0.0484375
0 0.99453125 0.090625 0.0109375 0.025
0 0.16484375 0.03359375 0.05 0.0515625
0 0.18125 0.0765625 0.046875 0.05
0 0.19921875 0.11875 0.053125 0.0515625
0 0.2140625 0.159375 0.05 0.0484375
0 0.23046875 0.1984375 0.0484375 0.0484375
0 0.24609375 0.2421875 0.0484375 0.0484375
0 0.2609375 0.28125 0.046875 0.05
0 0.28125 0.3234375 0.046875 0.05
0 0.29921875 0.3671875 0.046875 0.05
0 0.31328125 0.40859375 0.05 0.05
0 0.33359375 0.4484375 0.0484375 0.05
0 0.35 0.49296875 0.0484375 0.0515625
0 0.3703125 0.534375 0.0484375 0.0484375
0 0.38828125 0.575 0.0453125 0.0484375
0 0.403125 0.6171875 0.0515625 0.05
0 0.4234375 0.6578125 0.0484375 0.05
0 0.4375 0.69921875 0.053125 0.0515625
0 0.45078125 0.74453125 0.046875 0.046875
0 0.465625 0.78671875 0.05 0.0515625
0 0.48515625 0.83046875 0.0515625 0.0515625
0 0.50546875 0.87734375 0.0484375 0.0484375
0 0.52265625 0.91953125 0.0515625 0.053125
0 0.5390625 0.9609375 0.0453125 0.0453125
0 0.5578125 0.9875 0.046875 0.025
0 0.67734375 0.0625 0.05 0.05
0 0.71953125 0.06953125 0.05 0.0484375
0 0.76796875 0.07734375 0.046875 0.0484375
0 0.809375 0.08359375 0.0515625 0.05
0 0.85390625 0.09375 0.0484375 0.046875
0 0.89765625 0.09921875 0.046875 0.046875
0 0.94140625 0.109375 0.0484375 0.046875
0 0.98046875 0.109375 0.0390625 0.046875
0 0.20859375 0.0390625 0.0484375 0.0484375
0 0.2515625 0.04609375 0.05 0.05
0 0.2953125 0.0515625 0.05 0.05
0 0.340625 0.05859375 0.0515625 0.0515625
0 0.38515625 0.06015625 0.0515625 0.0515625
0 0.225 0.08203125 0.053125 0.0515625
0 0.26640625 0.08671875 0.046875 0.05
0 0.2421875 0.125 0.05 0.05
0 0.428125 0.06875 0.0484375 0.05
0 0.4703125 0.07265625 0.0484375 0.05
0 0.515625 0.0765625 0.05 0.05
0 0.56015625 0.08359375 0.0484375 0.0484375
0 0.60546875 0.09453125 0.0484375 0.0484375
0 0.6484375 0.096875 0.046875 0.05
0 0.6921875 0.10234375 0.0484375 0.0484375
0 0.73828125 0.11015625 0.0484375 0.05
0 0.78125 0.11875 0.0484375 0.0484375
0 0.82578125 0.125 0.05 0.05
0 0.86875 0.13125 0.0484375 0.0484375
0 0.9125 0.1390625 0.046875 0.0484375
0 0.95625 0.146875 0.05 0.046875
0 0.98828125 0.15234375 0.0234375 0.0515625
0 0.3125 0.0921875 0.0484375 0.0515625
0 0.35703125 0.09921875 0.046875 0.0484375
0 0.396875 0.1046875 0.0484375 0.046875
0 0.44609375 0.1125 0.0453125 0.046875
0 0.4875 0.11484375 0.0484375 0.0484375
0 0.53125 0.12109375 0.05 0.05
0 0.5765625 0.128125 0.0484375 0.0484375
0 0.61953125 0.13125 0.0484375 0.046875
0 0.66484375 0.13671875 0.0484375 0.05
0 0.71171875 0.14765625 0.0484375 0.046875
0 0.75390625 0.15390625 0.046875 0.05
0 0.8 0.16328125 0.05 0.05
0 0.284375 0.12734375 0.046875 0.0484375
0 0.328125 0.13125 0.0484375 0.05
0 0.371875 0.1390625 0.0484375 0.05
0 0.41484375 0.14375 0.05 0.0484375
0 0.4609375 0.15078125 0.0484375 0.0484375
0 0.5046875 0.15546875 0.0484375 0.046875
0 0.546875 0.16015625 0.05 0.046875
0 0.590625 0.1640625 0.05 0.05
0 0.63515625 0.1734375 0.0484375 0.046875
0 0.84375 0.1671875 0.05 0.0515625
0 0.8875 0.178125 0.0484375 0.0453125
0 0.93125 0.18203125 0.0484375 0.0484375
0 0.97578125 0.190625 0.0484375 0.0484375
0 0.678125 0.178125 0.0484375 0.05
0 0.72265625 0.18515625 0.0484375 0.0484375
0 0.76953125 0.19453125 0.0484375 0.05
0 0.81328125 0.2 0.046875 0.05
0 0.8578125 0.2078125 0.05 0.05
0 0.9 0.21640625 0.046875 0.046875
0 0.9453125 0.22265625 0.0484375 0.046875
0 0.9828125 0.23125 0.034375 0.05
0 0.25703125 0.16328125 0.0484375 0.0484375
0 0.3015625 0.16875 0.0453125 0.046875
0 0.34453125 0.1765625 0.04375 0.046875
0 0.38828125 0.18046875 0.05 0.0453125
0 0.4328125 0.18515625 0.046875 0.0484375
0 0.47734375 0.1921875 0.046875 0.0453125
0 0.521875 0.1984375 0.0453125 0.0453125
0 0.56484375 0.20234375 0.0453125 0.046875
0 0.40859375 0.22265625 0.0484375 0.05
0 0.45625 0.23125 0.0484375 0.046875
0 0.5 0.23515625 0.046875 0.0453125
0 0.5453125 0.24140625 0.0484375 0.0484375
0 0.3640625 0.21640625 0.0484375 0.05
0 0.31953125 0.2125 0.046875 0.0484375
0 0.2734375 0.20390625 0.046875 0.046875
0 0.6078125 0.20859375 0.0484375 0.0453125
0 0.65546875 0.2171875 0.0453125 0.04375
0 0.69765625 0.22109375 0.0453125 0.04375
0 0.740625 0.2265625 0.0484375 0.0484375
0 0.7875 0.2375 0.046875 0.0484375
0 0.828125 0.24140625 0.0453125 0.046875
0 0.871875 0.25 0.0484375 0.046875
0 0.91640625 0.2578125 0.0484375 0.0484375
0 0.590625 0.24921875 0.046875 0.046875
0 0.63359375 0.25390625 0.0484375 0.046875
0 0.68359375 0.26640625 0.046875 0.046875
0 0.7375 0.27109375 0.046875 0.0484375
0 0.78359375 0.28515625 0.0453125 0.0453125
0 0.82890625 0.290625 0.046875 0.0484375
0 0.8765625 0.29921875 0.04375 0.0453125
0 0.92109375 0.303125 0.05 0.0515625
0 0.9609375 0.26640625 0.046875 0.046875
0 0.990625 0.26953125 0.01875 0.0484375
0 0.96484375 0.3109375 0.0484375 0.0484375
0 0.99375 0.31328125 0.0125 0.0484375
0 0.290625 0.24765625 0.0453125 0.046875
0 0.3375 0.25546875 0.0484375 0.046875
0 0.38359375 0.26171875 0.046875 0.046875
0 0.4265625 0.2640625 0.0453125 0.046875
0 0.47421875 0.27109375 0.05 0.046875
0 0.51796875 0.27734375 0.0484375 0.046875
0 0.31015625 0.28828125 0.046875 0.0453125
0 0.35625 0.29453125 0.0484375 0.046875
0 0.40078125 0.29921875 0.05 0.05
0 0.4484375 0.3078125 0.046875 0.0484375
0 0.49609375 0.3171875 0.05 0.0484375
0 0.5390625 0.3234375 0.046875 0.046875
0 0.32421875 0.32890625 0.05 0.0515625
0 0.3703125 0.334375 0.0484375 0.0484375
0 0.415625 0.340625 0.0453125 0.0484375
0 0.46328125 0.34609375 0.0484375 0.05
0 0.5078125 0.353125 0.0484375 0.0484375
0 0.34140625 0.36875 0.0484375 0.05
0 0.3859375 0.37421875 0.05 0.046875
0 0.43125 0.38125 0.0484375 0.0484375
0 0.47890625 0.3890625 0.05 0.046875
0 0.52578125 0.396875 0.0484375 0.046875
0 0.553125 0.36015625 0.046875 0.0484375
0 0.5828125 0.32890625 0.0453125 0.0484375
0 0.5640625 0.28671875 0.046875 0.046875
0 0.61171875 0.29453125 0.0453125 0.04375
0 0.6578125 0.3015625 0.0453125 0.0453125
0 0.70390625 0.30234375 0.046875 0.04375
0 0.72109375 0.3453125 0.05 0.0515625
0 0.67578125 0.3390625 0.0484375 0.046875
0 0.6296875 0.33671875 0.046875 0.046875
0 0.603125 0.37265625 0.046875 0.04375
0 0.646875 0.37265625 0.0484375 0.046875
0 0.69375 0.38125 0.0484375 0.05
0 0.73515625 0.3875 0.0484375 0.05
0 0.57109375 0.40546875 0.0484375 0.0484375
0 0.61875 0.41015625 0.0484375 0.046875
0 0.66484375 0.4171875 0.046875 0.046875
0 0.71015625 0.42421875 0.046875 0.046875
0 0.75703125 0.434375 0.046875 0.0484375
0 0.725 0.46484375 0.046875 0.0484375
0 0.68046875 0.45703125 0.0453125 0.046875
0 0.6359375 0.45078125 0.046875 0.046875
0 0.59140625 0.44453125 0.046875 0.0453125
0 0.54140625 0.4390625 0.0453125 0.046875
0 0.49765625 0.43203125 0.046875 0.0484375
0 0.45234375 0.42109375 0.0453125 0.04375
0 0.40625 0.41640625 0.0484375 0.046875
0 0.35703125 0.4109375 0.046875 0.0453125
0 0.37890625 0.45390625 0.046875 0.046875
0 0.425 0.4578125 0.046875 0.0484375
0 0.46796875 0.4640625 0.0484375 0.046875
0 0.5140625 0.47421875 0.046875 0.046875
0 0.5625 0.47890625 0.0453125 0.0453125
0 0.609375 0.4890625 0.046875 0.0484375
0 0.65546875 0.4953125 0.046875 0.046875
0 0.69609375 0.50078125 0.0453125 0.0453125
0 0.740625 0.50703125 0.046875 0.0484375
0 0.39453125 0.49375 0.046875 0.0484375
0 0.4421875 0.50078125 0.046875 0.046875
0 0.4890625 0.51015625 0.046875 0.0484375
0 0.53359375 0.5140625 0.046875 0.0453125
0 0.578125 0.5234375 0.046875 0.046875
0 0.625 0.52890625 0.046875 0.046875
0 0.6703125 0.53671875 0.046875 0.046875
0 0.71328125 0.54296875 0.046875 0.05
0 0.41484375 0.53828125 0.0484375 0.0484375
0 0.459375 0.54296875 0.046875 0.05
0 0.50859375 0.5515625 0.046875 0.046875
0 0.55078125 0.55703125 0.046875 0.05
0 0.59609375 0.56328125 0.046875 0.046875
0 0.6421875 0.571875 0.0453125 0.046875
0 0.68359375 0.57734375 0.0453125 0.0484375
0 0.4328125 0.58046875 0.05 0.046875
0 0.47890625 0.58203125 0.046875 0.046875
0 0.5234375 0.5921875 0.0484375 0.046875
0 0.56875 0.59921875 0.046875 0.0484375
0 0.61328125 0.60625 0.046875 0.0484375
0 0.65703125 0.6140625 0.0484375 0.0484375
0 0.4484375 0.621875 0.046875 0.05
0 0.49453125 0.62734375 0.0484375 0.046875
0 0.5390625 0.63671875 0.0453125 0.0421875
0 0.58515625 0.64140625 0.0484375 0.046875
0 0.7296875 0.5859375 0.0453125 0.04375
0 0.70234375 0.6203125 0.0484375 0.046875
0 0.74765625 0.628125 0.0484375 0.046875
0 0.775 0.590625 0.046875 0.0484375
0 0.75546875 0.5484375 0.046875 0.05
0 0.753125 0.3140625 0.046875 0.046875
0 0.79921875 0.32109375 0.046875 0.0484375
0 0.84296875 0.33046875 0.05 0.0484375
0 0.89140625 0.34140625 0.0484375 0.0453125
0 0.93828125 0.3484375 0.0453125 0.04375
0 0.97890625 0.35 0.0421875 0.05
0 0.7703125 0.3546875 0.046875 0.0484375
0 0.81328125 0.3640625 0.0453125 0.046875
0 0.85859375 0.37109375 0.046875 0.046875
0 0.9078125 0.384375 0.046875 0.0453125
0 0.953125 0.38515625 0.0453125 0.0484375
0 0.78515625 0.39921875 0.05 0.0484375
0 0.83046875 0.40625 0.05 0.0484375
0 0.875 0.415625 0.046875 0.0484375
0 0.92578125 0.42421875 0.046875 0.046875
0 0.971875 0.4296875 0.0484375 0.05
0 0.8 0.4421875 0.0453125 0.0453125
0 0.8453125 0.446875 0.046875 0.046875
0 0.89140625 0.453125 0.0484375 0.046875
0 0.94296875 0.4671875 0.0484375 0.0484375
0 0.9828125 0.4703125 0.034375 0.046875
0 0.90703125 0.4953125 0.0484375 0.0484375
0 0.86328125 0.48828125 0.0484375 0.0484375
0 0.81875 0.48359375 0.046875 0.046875
0 0.77109375 0.475 0.0484375 0.0484375
0 0.7875 0.51484375 0.0484375 0.046875
0 0.83671875 0.5234375 0.046875 0.046875
0 0.88046875 0.5328125 0.046875 0.046875
0 0.928125 0.540625 0.0484375 0.0484375
0 0.80546875 0.55703125 0.0453125 0.046875
0 0.85 0.56875 0.046875 0.0453125
0 0.9 0.57578125 0.046875 0.0484375
0 0.87265625 0.60859375 0.0484375 0.0453125
0 0.91640625 0.61328125 0.0453125 0.046875
0 0.7921875 0.63203125 0.046875 0.0484375
0 0.840625 0.6390625 0.0453125 0.0453125
0 0.88828125 0.64921875 0.046875 0.046875
0 0.63125 0.65 0.0453125 0.0453125
0 0.675 0.65390625 0.0484375 0.0484375
0 0.71875 0.66015625 0.0484375 0.0484375
0 0.7640625 0.66796875 0.0484375 0.05
0 0.8125 0.6765625 0.0515625 0.05
0 0.85703125 0.6828125 0.0484375 0.05
0 0.98671875 0.38828125 0.0265625 0.0484375
0 0.9953125 0.43046875 0.009375 0.0453125
0 0.96015625 0.50546875 0.0453125 0.046875
0 0.99140625 0.5078125 0.0171875 0.04375
0 0.9765625 0.54609375 0.046875 0.0484375
0 0.946875 0.5796875 0.0484375 0.05
0 0.98203125 0.5875 0.028125 0.046875
0 0.96328125 0.6203125 0.0484375 0.0484375
0 0.465625 0.66328125 0.0484375 0.05
0 0.51171875 0.67265625 0.0484375 0.0515625
0 0.55546875 0.6796875 0.0515625 0.05
0 0.59921875 0.6828125 0.0484375 0.0484375
0 0.64609375 0.6921875 0.046875 0.0484375
0 0.6921875 0.69765625 0.0484375 0.0453125
0 0.73515625 0.70234375 0.0484375 0.0484375
0 0.48203125 0.71015625 0.05 0.0484375
0 0.52890625 0.715625 0.0453125 0.0484375
0 0.571875 0.72109375 0.0484375 0.0484375
0 0.61953125 0.72734375 0.05 0.0515625
0 0.78046875 0.7078125 0.05 0.05
0 0.70859375 0.740625 0.0453125 0.0453125
0 0.75078125 0.74765625 0.0515625 0.0484375
0 0.6625 0.734375 0.0484375 0.0484375
0 0.79765625 0.75078125 0.05 0.0515625
0 0.828125 0.71796875 0.0484375 0.05
0 0.84453125 0.7609375 0.0515625 0.05
0 0.765625 0.78828125 0.0484375 0.05
0 0.72265625 0.78203125 0.046875 0.05
0 0.67734375 0.7765625 0.0484375 0.05
0 0.6359375 0.77265625 0.046875 0.05
0 0.5453125 0.75703125 0.05 0.046875
0 0.49765625 0.7515625 0.046875 0.0484375
0 0.5140625 0.79296875 0.0484375 0.0484375
0 0.5578125 0.80234375 0.0484375 0.05
0 0.6046875 0.8078125 0.0484375 0.05
0 0.534375 0.8375 0.0453125 0.046875
0 0.57734375 0.846875 0.05 0.0515625
0 0.65078125 0.81484375 0.05 0.0515625
0 0.69375 0.81796875 0.05 0.0484375
0 0.73984375 0.82734375 0.0484375 0.046875
0 0.7890625 0.83046875 0.0484375 0.05
0 0.62421875 0.84921875 0.0484375 0.0484375
0 0.66953125 0.85546875 0.0484375 0.05
0 0.7125 0.86015625 0.05 0.05
0 0.7578125 0.8671875 0.0515625 0.05
0 0.803125 0.87265625 0.0515625 0.0515625
0 0.54921875 0.88359375 0.053125 0.0546875
0 0.59453125 0.8875 0.05 0.05
0 0.63828125 0.89296875 0.0484375 0.05
0 0.68359375 0.89765625 0.0484375 0.05
0 0.73203125 0.90234375 0.05 0.05
0 0.775 0.90859375 0.0484375 0.0515625
0 0.5671875 0.92421875 0.0484375 0.05
0 0.61484375 0.9296875 0.0484375 0.05
0 0.65703125 0.934375 0.0484375 0.05
0 0.703125 0.93828125 0.05 0.0515625
0 0.74765625 0.9453125 0.046875 0.05
0 0.79453125 0.9515625 0.0484375 0.0515625
0 0.58671875 0.965625 0.05 0.05
0 0.63046875 0.9703125 0.0484375 0.05
0 0.675 0.975 0.0484375 0.05
0 0.71953125 0.978125 0.0484375 0.04375
0 0.7640625 0.98046875 0.046875 0.0390625
0 0.603125 0.990625 0.046875 0.01875
0 0.646875 0.99375 0.046875 0.0125
0 0.9359375 0.65625 0.05 0.046875
0 0.96875 0.6609375 0.0265625 0.04375
0 0.90703125 0.69140625 0.05 0.0515625
0 0.95 0.69921875 0.0484375 0.046875
0 0.87578125 0.7234375 0.05 0.05
0 0.9234375 0.73515625 0.046875 0.0484375
0 0.8890625 0.76796875 0.0515625 0.0515625
0 0.9375 0.77734375 0.0484375 0.0484375
0 0.81484375 0.79609375 0.0484375 0.0484375
0 0.86015625 0.80234375 0.046875 0.0484375
0 0.90859375 0.809375 0.046875 0.046875
0 0.9421875 0.81640625 0.025 0.04375
0 0.83125 0.8375 0.0484375 0.05
0 0.88046875 0.84765625 0.0484375 0.0484375
0 0.92578125 0.8515625 0.0453125 0.0484375
0 0.8484375 0.878125 0.0484375 0.05
0 0.81953125 0.9140625 0.046875 0.05
0 0.840625 0.95546875 0.0484375 0.0515625
0 0.81328125 0.98359375 0.0484375 0.0328125
0 0.85625 0.98671875 0.05 0.0265625
0 0.8984375 0.88671875 0.0484375 0.0484375
0 0.86796875 0.92265625 0.05 0.0484375
0 0.9125 0.9296875 0.04375 0.0484375
0 0.88359375 0.9640625 0.05 0.046875
0 0.8984375 0.9921875 0.04375 0.015625