0 0.85625 0.71328125 0.0734375 0.071875
0 0.7828125 0.709375 0.078125 0.0765625
0 0.8546875 0.8921875 0.071875 0.0703125
0 0.89453125 0.83828125 0.075 0.075
0 0.80234375 0.58828125 0.06875 0.0703125
0 0.8265625 0.6546875 0.075 0.0765625
0 0.74140625 0.58359375 0.071875 0.071875
0 0.825 0.8328125 0.075 0.075
0 0.8703125 0.778125 0.06875 0.071875
0 0.96953125 0.546875 0.0609375 0.071875
0 0.9421875 0.84140625 0.0390625 0.06875
0 0.77734375 0.5296875 0.071875 0.0734375
0 0.7546875 0.465625 0.0765625 0.0765625
0 0.8671875 0.59921875 0.071875 0.0734375
0 0.7625 0.64609375 0.075 0.075
0 0.6890625 0.4546875 0.0734375 0.071875
0 0.76875 0.0484375 0.06875 0.040625
0 0.8109375 0.7703125 0.0734375 0.071875
0 0.84140625 0.5328125 0.071875 0.071875
0 0.95625 0.4875 0.0734375 0.071875
0 0.89765625 0.65859375 0.0703125 0.0734375
0 0.95625 0.665625 0.0578125 0.0703125
0 0.9171875 0.8984375 0.0703125 0.071875
0 0.92109375 0.71875 0.075 0.071875
0 0.7140625 0.52578125 0.0703125 0.071875
0 0.98125 0.4328125 0.0375 0.075
0 0.82109375 0.46875 0.071875 0.071875
0 0.9359375 0.6046875 0.071875 0.071875
0 0.93515625 0.78125 0.06875 0.075
0 0.965625 0.30390625 0.06875 0.0703125
0 0.79296875 0.41015625 0.075 0.075
0 0.73671875 0.22109375 0.0734375 0.0734375
0 0.93359375 0.2484375 0.065625 0.0734375
0 0.7203125 0.1546875 0.0703125 0.06875
0 0.71171875 0.33828125 0.075 0.075
0 0.66328125 0.19453125 0.075 0.071875
0 0.75859375 0.28671875 0.0734375 0.0703125
0 0.77578125 0.34921875 0.06875 0.0734375
0 0.88671875 0.478125 0.0734375 0.071875
0 0.87734375 0.2390625 0.0765625 0.075
0 0.53046875 0.03671875 0.0734375 0.0734375
0 0.56015625 0.115625 0.08125 0.08125
0 0.64453125 0.1296875 0.0859375 0.0765625
0 0.78046875 0.09765625 0.0734375 0.0703125
0 0.78203125 0.16640625 0.08125 0.0796875
1 0.69609375 0.03359375 0.0671875 0.03125
1 0.83828125 0.06015625 0.0703125 0.04375
1 0.90234375 0.0703125 0.065625 0.0453125
1 0.96015625 0.08046875 0.059375 0.0484375
1 0.9921875 0.08515625 0.015625 0.0421875
1 0.60546875 0.0546875 0.0578125 0.0671875
1 0.66796875 0.06796875 0.0875 0.0640625
1 0.725 0.08828125 0.0515625 0.0625
1 0.85078125 0.11484375 0.0734375 0.065625
1 0.91484375 0.12265625 0.071875 0.0671875
1 0.971875 0.1296875 0.05625 0.06875
1 0.86015625 0.171875 0.071875 0.059375
1 0.921875 0.1828125 0.0703125 0.065625
1 0.97421875 0.1921875 0.0515625 0.071875
1 0.596875 0.1796875 0.0703125 0.065625
1 0.81171875 0.23203125 0.075 0.0734375
1 0.98671875 0.246875 0.0265625 0.059375
1 0.61796875 0.2453125 0.0828125 0.075
1 0.69140625 0.26640625 0.071875 0.0734375
1 0.83046875 0.29296875 0.078125 0.0578125
1 0.89921875 0.30234375 0.075 0.065625
1 0.6484375 0.321875 0.0703125 0.0734375
1 0.846875 0.35390625 0.08125 0.0640625
1 0.915625 0.365625 0.0625 0.06875
1 0.9703125 0.36875 0.059375 0.065625
1 0.66796875 0.390625 0.06875 0.06875
1 0.72890625 0.39765625 0.0703125 0.065625
1 0.86796875 0.409375 0.06875 0.0546875
1 0.91171875 0.54453125 0.0734375 0.065625
1 0.896875 0.9578125 0.084375 0.065625