1 0.88203125 0.328125 0.18125 0.1734375
1 0.1734375 0.671875 0.1953125 0.159375
1 0.1328125 0.0703125 0.228125 0.140625
1 0.4359375 0.78671875 0.1765625 0.1796875
1 0.7921875 0.17109375 0.1765625 0.16875
1 0.6234375 0.4640625 0.1984375 0.178125
1 0.35703125 0.64140625 0.196875 0.1609375
1 0.61015625 0.75703125 0.2015625 0.1875
1 0.93203125 0.4671875 0.1359375 0.175
1 0.41796875 0.47890625 0.246875 0.1875
1 0.0921875 0.2140625 0.16875 0.171875
1 0.1921875 0.93125 0.1921875 0.1234375
1 0.53046875 0.340625 0.203125 0.1890625
1 0.92890625 0.171875 0.1421875 0.175
1 0.159375 0.359375 0.175 0.1765625
1 0.3265625 0.06015625 0.19375 0.1203125
1 0.41328125 0.2 0.2078125 0.1875
1 0.0859375 0.528125 0.171875 0.184375
1 0.53515625 0.60625 0.196875 0.1875
1 0.79375 0.4734375 0.184375 0.190625
1 0.80625 0.765625 0.1875 0.1625
1 0.2328125 0.1890625 0.1984375 0.171875
1 0.8890625 0.8953125 0.1984375 0.18125
1 0.32578125 0.3515625 0.1984375 0.1828125
1 0.08984375 0.80859375 0.1796875 0.1734375
1 0.7109375 0.31328125 0.196875 0.1734375
1 0.5484375 0.9203125 0.190625 0.159375
1 0.59609375 0.1625 0.1953125 0.1828125
1 0.50625 0.0546875 0.2 0.109375
1 0.053125 0.93046875 0.10625 0.1109375
1 0.27109375 0.7984375 0.203125 0.1828125
1 0.89296875 0.6203125 0.18125 0.1484375
1 0.04296875 0.68046875 0.0859375 0.1765625
1 0.37265625 0.92421875 0.1953125 0.146875
1 0.7203125 0.6078125 0.2015625 0.175
1 0.696875 0.0609375 0.19375 0.115625
1 0.7109375 0.89375 0.1703125 0.178125
1 0.875 0.0546875 0.1875 0.090625
1 0.2375 0.51796875 0.1609375 0.190625
1 0.93984375 0.7421875 0.1109375 0.1765625
1 0.04921875 0.37109375 0.096875 0.1859375
1 0.81171875 0.9671875 0.1796875 0.065625
1 0.040625 0.07734375 0.059375 0.1546875
1 0.9796875 0.32265625 0.040625 0.1890625
1 0.9796875 0.06640625 0.040625 0.1015625
1 0.634375 0.98203125 0.171875 0.0359375
1 0.93671875 0.96796875 0.0953125 0.0640625