0 0.325 0.95 0.0609375 0.0546875
0 0.371875 0.95 0.05625 0.05625
0 0.4203125 0.96796875 0.059375 0.05625
0 0.46953125 0.978125 0.0578125 0.04375
0 0.51484375 0.9796875 0.0578125 0.040625
0 0.5625 0.9828125 0.05625 0.034375
0 0.609375 0.98828125 0.05625 0.0234375
0 0.65703125 0.99296875 0.0578125 0.0140625
0 0.3046875 0.89453125 0.0609375 0.059375
0 0.353125 0.9015625 0.0546875 0.0546875
0 0.40859375 0.91796875 0.0578125 0.059375
0 0.45546875 0.93359375 0.053125 0.0546875
0 0.496875 0.92890625 0.0546875 0.05625
0 0.546875 0.9515625 0.059375 0.05625
0 0.5953125 0.95859375 0.0546875 0.05625
0 0.64140625 0.96796875 0.059375 0.0578125
0 0.6890625 0.971875 0.05625 0.05625
0 0.73828125 0.971875 0.0546875 0.05625
0 0.7859375 0.98125 0.059375 0.0375
0 0.83671875 0.98828125 0.0546875 0.0234375
0 0.878125 0.9921875 0.04375 0.015625