0 0.2984375 0.1515625 0.11875 0.1234375
0 0.4890625 0.06796875 0.125 0.1328125
1 0.01953125 0.2203125 0.0390625 0.109375
0 0.43359375 0.5453125 0.13125 0.1421875
0 0.3625 0.63125 0.11875 0.1328125
1 0.06953125 0.1109375 0.1390625 0.1015625
0 0.359375 0.24765625 0.11875 0.1265625
0 0.91875 0.40546875 0.1375 0.1359375
0 0.21171875 0.3390625 0.1046875 0.1234375
0 0.88828125 0.065625 0.103125 0.1265625
1 0.20625 0.16484375 0.1265625 0.1125
1 0.0921875 0.19375 0.1484375 0.1078125
0 0.45078125 0.1734375 0.121875 0.13125
1 0.17734375 0.08203125 0.1171875 0.08125
0 0.58671875 0.91875 0.1234375 0.1203125
0 0.54375 0.01796875 0.1125 0.0359375
0 0.50625 0.8375 0.1359375 0.1328125
0 0.803125 0.35703125 0.1328125 0.13125
1 0.165625 0.25390625 0.11875 0.0953125
0 0.32890625 0.846875 0.121875 0.1296875
0 0.2609375 0.58671875 0.115625 0.1265625
0 0.23828125 0.93125 0.121875 0.128125
1 0.07578125 0.2828125 0.1125 0.1
0 0.275 0.72734375 0.125 0.1390625
0 0.2828125 0.9875 0.121875 0.025
0 0.578125 0.1609375 0.11875 0.1328125
0 0.12109375 0.921875 0.1203125 0.1296875
0 0.18984375 0.665625 0.1203125 0.13125
0 0.12109375 0.559375 0.11875 0.128125
0 0.54375 0.45390625 0.128125 0.128125
0 0.171875 0.984375 0.115625 0.03125
1 0.02109375 0.328125 0.0421875 0.1125
0 0.696875 0.26953125 0.128125 0.121875
0 0.97578125 0.7625 0.0484375 0.128125
0 0.94921875 0.6359375 0.1015625 0.134375
1 0.27109375 0.253125 0.0921875 0.090625
0 0.60625 0.703125 0.1359375 0.128125
1 0.0328125 0.565625 0.065625 0.09375
0 0.46640625 0.30859375 0.121875 0.128125
0 0.31484375 0.36328125 0.1171875 0.121875
0 0.4015625 0.77109375 0.1203125 0.121875
0 0.85234375 0.2453125 0.128125 0.1359375
1 0.0453125 0.47734375 0.090625 0.1046875
0 0.38046875 0.06796875 0.115625 0.1234375
0 0.4328125 0.409375 0.121875 0.1265625
0 0.36796875 0.95078125 0.1234375 0.0984375
0 0.31875 0.50625 0.11875 0.1234375
1 0.125 0.35 0.1125 0.1
0 0.4703125 0.678125 0.1265625 0.13125
0 0.10234375 0.971875 0.0609375 0.05625
0 0.73359375 0.1796875 0.128125 0.1234375
0 0.0890625 0.79609375 0.1078125 0.1359375
0 0.6359375 0.0625 0.121875 0.125
0 0.56953125 0.5734375 0.1265625 0.1328125
0 0.93359375 0.221875 0.071875 0.140625
0 0.5734375 0.28828125 0.1203125 0.1328125
0 0.2171875 0.80703125 0.1140625 0.125
0 0.78984375 0.47265625 0.128125 0.1359375
0 0.68359375 0.384375 0.1203125 0.1203125
0 0.68359375 0.509375 0.1234375 0.1265625
0 0.71328125 0.6375 0.1203125 0.1296875
0 0.82734375 0.596875 0.121875 0.1296875
0 0.9046875 0.540625 0.1390625 0.140625
0 0.76796875 0.7484375 0.13125 0.128125
0 0.6578125 0.821875 0.134375 0.1296875
0 0.77421875 0.91171875 0.1296875 0.1125
0 0.9125 0.85078125 0.1296875 0.1296875
0 0.88828125 0.71875 0.1296875 0.128125
0 0.496875 0.9796875 0.103125 0.040625
0 0.69375 0.9578125 0.0890625 0.0453125
0 0.46015625 0.8859375 0.1140625 0.1265625
0 0.72421875 0.06796875 0.1265625 0.13125
0 0.86484375 0.12734375 0.1265625 0.1203125
0 0.1921875 0.465625 0.134375 0.1234375
1 0.26484375 0.0640625 0.0921875 0.071875
1 0.03671875 0.40234375 0.0734375 0.0890625
1 0.1140625 0.4359375 0.1 0.09375