0 0.1171875 0.99140625 0.0625 0.0171875
0 0.13046875 0.95546875 0.078125 0.0765625
0 0.05625 0.73359375 0.05 0.0703125
0 0.3125 0.97578125 0.078125 0.0484375
0 0.196875 0.94921875 0.0703125 0.071875
0 0.24453125 0.83203125 0.078125 0.0765625
0 0.18203125 0.9890625 0.0765625 0.021875
0 0.721875 0.91953125 0.0734375 0.0671875
0 0.4875 0.884375 0.0734375 0.075
0 0.259375 0.934375 0.078125 0.075
0 0.31015625 0.88203125 0.0734375 0.0734375
0 0.22734375 0.890625 0.075 0.0734375
0 0.38125 0.8640625 0.0765625 0.0734375
0 0.5515625 0.88359375 0.0796875 0.0734375
0 0.4234375 0.903125 0.075 0.0734375
0 0.69609375 0.959375 0.071875 0.0359375
1 0.521875 0.95390625 0.0765625 0.0828125
0 0.13046875 0.74140625 0.0765625 0.0703125
1 0.3578125 0.93046875 0.078125 0.075
1 0.45625 0.9625 0.084375 0.075
1 0.6546875 0.94453125 0.0703125 0.06875
1 0.58984375 0.9546875 0.0796875 0.075
0 0.07890625 0.7859375 0.075 0.0734375
1 0.80234375 0.9125 0.0953125 0.0796875
1 0.38515625 0.9765625 0.0828125 0.046875
0 0.2484375 0.98046875 0.075 0.0390625
1 0.18828125 0.7796875 0.071875 0.065625
1 0.1296875 0.84375 0.084375 0.0796875
1 0.103125 0.9015625 0.075 0.065625
1 0.490625 0.99140625 0.078125 0.0171875
1 0.25390625 0.7609375 0.0609375 0.0578125
1 0.17265625 0.8984375 0.059375 0.05625
1 0.19609375 0.84140625 0.0515625 0.053125