1 0.20859375 0.81953125 0.096875 0.0984375
1 0.709375 0.38203125 0.1125 0.1109375
0 0.2703125 0.19140625 0.1328125 0.140625
1 0.3328125 0.27890625 0.115625 0.128125
0 0.2109375 0.3203125 0.1640625 0.146875
1 0.2875 0.86015625 0.1109375 0.103125
1 0.7484375 0.9171875 0.0953125 0.0890625
1 0.9828125 0.30625 0.034375 0.125
1 0.11640625 0.7796875 0.1203125 0.1203125
0 0.11953125 0.3984375 0.140625 0.1421875
1 0.94375 0.59296875 0.1078125 0.1078125
0 0.0515625 0.50390625 0.103125 0.1390625
1 0.73671875 0.47265625 0.1140625 0.1140625
1 0.7984375 0.7046875 0.1203125 0.109375
1 0.634375 0.8390625 0.125 0.1109375
1 0.659375 0.93515625 0.13125 0.1234375
1 0.82265625 0.178125 0.128125 0.1453125
1 0.52265625 0.83515625 0.1171875 0.1234375
1 0.0484375 0.815625 0.096875 0.1125
1 0.8453125 0.61015625 0.128125 0.121875
0 0.44921875 0.19296875 0.134375 0.134375
1 0.13203125 0.8640625 0.1109375 0.1109375
1 0.64296875 0.4609375 0.11875 0.1171875
1 0.73515625 0.8359375 0.128125 0.1109375
1 0.45859375 0.9125 0.10625 0.1171875
1 0.8359375 0.87890625 0.1078125 0.109375
1 0.32421875 0.57265625 0.1203125 0.1296875
1 0.2484375 0.4359375 0.1328125 0.134375
0 0.13671875 0.19375 0.1640625 0.1484375
1 0.44296875 0.68984375 0.10625 0.1125
1 0.240625 0.69296875 0.1203125 0.1203125
1 0.21484375 0.91171875 0.1078125 0.0984375
1 0.903125 0.6921875 0.1359375 0.15
1 0.57109375 0.51328125 0.115625 0.10625
1 0.1625 0.5125 0.11875 0.125
1 0.290625 0.76640625 0.1046875 0.10625
0 0.475 0.0515625 0.140625 0.103125
1 0.89765625 0.528125 0.125 0.115625
1 0.471875 0.7796875 0.1078125 0.109375
0 0.07109375 0.27890625 0.0953125 0.1359375
1 0.9625 0.41875 0.075 0.109375
1 0.37890625 0.76796875 0.1125 0.1015625
1 0.66484375 0.5578125 0.1203125 0.103125
1 0.24765625 0.53203125 0.1 0.109375
1 0.478125 0.56875 0.1203125 0.14375
1 0.06328125 0.7 0.103125 0.1234375
0 0.659375 0.0390625 0.1515625 0.0625
1 0.92578125 0.315625 0.1234375 0.140625
1 0.35234375 0.68125 0.125 0.1234375
1 0.05234375 0.89375 0.096875 0.071875
1 0.96640625 0.50546875 0.0671875 0.0984375
1 0.49375 0.35234375 0.1 0.0984375
1 0.9609375 0.209375 0.078125 0.109375
1 0.29609375 0.9453125 0.109375 0.0671875
1 0.62109375 0.98828125 0.0890625 0.0234375
0 0.9078125 0.88359375 0.071875 0.115625
1 0.009375 0.76796875 0.01875 0.1140625
0 0.3828125 0.00625 0.140625 0.0125
1 0.7359375 0.6359375 0.1171875 0.1046875
1 0.80234375 0.52421875 0.10625 0.109375
1 0.3578125 0.92578125 0.13125 0.128125
1 0.70078125 0.2828125 0.11875 0.1265625
1 0.80859375 0.7875 0.1546875 0.1171875
1 0.86015625 0.0828125 0.1359375 0.0671875
1 0.9171875 0.7828125 0.0875 0.0953125
0 0.35 0.08828125 0.14375 0.14375
0 0.21328125 0.06953125 0.1453125 0.1390625
1 0.48359375 0.45 0.1046875 0.1109375
1 0.61953125 0.6515625 0.1546875 0.1578125
1 0.58359375 0.76796875 0.13125 0.1078125
1 0.93828125 0.14609375 0.1171875 0.11875
1 0.52578125 0.70390625 0.10625 0.1171875
0 0.0296875 0.39453125 0.05625 0.1171875
1 0.4140625 0.6078125 0.0984375 0.096875
1 0.6984375 0.746875 0.1140625 0.10625
0 0.021875 0.625 0.04375 0.146875
1 0.89453125 0.23671875 0.0734375 0.078125
1 0.3375 0.47734375 0.09375 0.1015625
1 0.40625 0.40703125 0.1234375 0.1328125
1 0.53125 0.98671875 0.103125 0.0265625
1 0.44453125 0.97890625 0.1296875 0.0421875
1 0.8765625 0.42578125 0.121875 0.121875
0 0.7984375 0.9578125 0.140625 0.084375
0 0.1078125 0.06796875 0.0875 0.128125
0 0.56796875 0.14296875 0.125 0.1171875
0 0.69453125 0.103125 0.1390625 0.1171875
1 0.59921875 0.28671875 0.103125 0.1140625
1 0.52265625 0.26171875 0.090625 0.0921875
1 0.64921875 0.19765625 0.103125 0.0953125
1 0.784375 0.27578125 0.0953125 0.0828125
1 0.7984375 0.35 0.109375 0.096875
1 0.55546875 0.59296875 0.096875 0.1078125
1 0.4109375 0.509375 0.1078125 0.09375
1 0.1546875 0.61484375 0.1171875 0.09375
1 0.1515625 0.6875 0.10625 0.0796875
1 0.39140625 0.8421875 0.1046875 0.096875
1 0.56328125 0.3921875 0.1125 0.0921875
1 0.7109375 0.97734375 0.090625 0.0453125
1 0.52890625 0.92578125 0.10625 0.084375
1 0.4109375 0.31015625 0.109375 0.1046875
1 0.3203125 0.378125 0.0953125 0.1