2 0.01484375 0.853125 0.0296875 0.05625
2 0.3625 0.49609375 0.096875 0.0921875
2 0.09921875 0.25234375 0.065625 0.0609375
0 0.09140625 0.9359375 0.0515625 0.0296875
0 0.1421875 0.940625 0.0546875 0.034375
0 0.19453125 0.94609375 0.0546875 0.0375
0 0.24375 0.953125 0.0515625 0.0375
0 0.2953125 0.959375 0.0609375 0.040625
0 0.02265625 0.90546875 0.0453125 0.0578125
0 0.06875 0.90234375 0.0578125 0.05625
0 0.046875 0.85625 0.0546875 0.05625
0 0.09609375 0.8640625 0.0578125 0.059375
0 0.02578125 0.8125 0.0515625 0.059375
0 0.07578125 0.81484375 0.0546875 0.0546875
0 0.01328125 0.76796875 0.0265625 0.0546875
0 0.05234375 0.771875 0.0578125 0.0546875
0 0.10546875 0.77578125 0.0578125 0.0578125
0 0.0296875 0.72734375 0.05625 0.0578125
0 0.01796875 0.68046875 0.0359375 0.0546875
0 0.05859375 0.684375 0.05625 0.0578125
0 0.0078125 0.63515625 0.015625 0.0546875
0 0.03828125 0.63984375 0.0578125 0.05625
0 0.0875 0.6421875 0.05625 0.0578125
0 0.021875 0.59453125 0.04375 0.0546875
0 0.06640625 0.59609375 0.05625 0.05625
0 0.11953125 0.90546875 0.05625 0.0546875
0 0.1703125 0.9125 0.053125 0.053125
0 0.2203125 0.91640625 0.059375 0.053125
0 0.27265625 0.9234375 0.0578125 0.0546875
0 0.325 0.9296875 0.059375 0.059375
0 0.14765625 0.86640625 0.05625 0.0546875
0 0.2015625 0.8734375 0.05625 0.0578125
0 0.2546875 0.878125 0.0578125 0.059375
0 0.30546875 0.88359375 0.059375 0.0578125
0 0.35546875 0.88515625 0.0546875 0.0578125
0 0.12578125 0.82265625 0.0578125 0.0515625
0 0.18046875 0.82578125 0.059375 0.0546875
0 0.23203125 0.83046875 0.0578125 0.05625
0 0.28125 0.8328125 0.0546875 0.05625
0 0.3328125 0.83828125 0.0578125 0.0578125
0 0.38359375 0.8421875 0.0578125 0.05625
0 0.1578125 0.78125 0.05625 0.05625
0 0.209375 0.78671875 0.0578125 0.0578125
0 0.25859375 0.7890625 0.0546875 0.0578125
0 0.3078125 0.7921875 0.0578125 0.0546875
0 0.3609375 0.79765625 0.0578125 0.05625
0 0.4125 0.803125 0.0578125 0.0546875
0 0.08203125 0.73125 0.059375 0.0546875
0 0.13359375 0.734375 0.0546875 0.0546875
0 0.18671875 0.740625 0.05625 0.0578125
0 0.2359375 0.7421875 0.0578125 0.0546875
0 0.2890625 0.74921875 0.059375 0.05625
0 0.3421875 0.75390625 0.0578125 0.0578125
0 0.39140625 0.7578125 0.053125 0.053125
0 0.440625 0.759375 0.05625 0.053125
0 0.10859375 0.68828125 0.0546875 0.053125
0 0.16328125 0.69296875 0.0578125 0.0578125
0 0.2140625 0.696875 0.0578125 0.0546875
0 0.26484375 0.7015625 0.059375 0.0515625
0 0.31953125 0.70703125 0.053125 0.0546875
0 0.3671875 0.71171875 0.05625 0.0546875
0 0.41796875 0.71640625 0.05625 0.05625
0 0.4734375 0.721875 0.0546875 0.0546875
0 0.140625 0.65 0.0578125 0.05625
0 0.190625 0.6515625 0.0546875 0.0546875
0 0.240625 0.65546875 0.059375 0.0546875
0 0.29609375 0.66328125 0.0578125 0.0546875
0 0.346875 0.6671875 0.05625 0.05625
0 0.39609375 0.671875 0.05625 0.05625
0 0.45 0.67734375 0.05625 0.0546875
0 0.50234375 0.68203125 0.05625 0.05625
0 0.1171875 0.60234375 0.0546875 0.05625
0 0.1671875 0.60859375 0.0578125 0.05625
0 0.22109375 0.61015625 0.0578125 0.05625
0 0.271875 0.61640625 0.059375 0.05625
0 0.32421875 0.62109375 0.0546875 0.05625
0 0.378125 0.62734375 0.0578125 0.0578125
0 0.428125 0.6296875 0.0515625 0.059375
0 0.475 0.63359375 0.05625 0.0578125
0 0.52890625 0.6375 0.0578125 0.0578125
0 0.01171875 0.55 0.0234375 0.053125
0 0.04609375 0.553125 0.0546875 0.0546875
0 0.09921875 0.56171875 0.0546875 0.0546875
0 0.14609375 0.5640625 0.0515625 0.053125
0 0.19375 0.5671875 0.0578125 0.0546875
0 0.25 0.5734375 0.059375 0.0546875
0 0.30234375 0.5765625 0.05625 0.0546875
0 0.35390625 0.58046875 0.059375 0.05625
0 0.4046875 0.584375 0.05625 0.0546875
0 0.4546875 0.58828125 0.0515625 0.0515625
0 0.5046875 0.59375 0.059375 0.0546875
0 0.56171875 0.5984375 0.0609375 0.05625
0 0.025 0.50859375 0.05 0.0578125
0 0.07109375 0.51328125 0.05625 0.053125
0 0.125 0.51640625 0.059375 0.05625
0 0.17578125 0.52265625 0.0515625 0.05625
0 0.22421875 0.52890625 0.0609375 0.059375
0 0.27890625 0.53203125 0.0609375 0.05625
0 0.33203125 0.53671875 0.0578125 0.05625
0 0.38203125 0.5421875 0.0546875 0.0546875
0 0.43125 0.54453125 0.0546875 0.0546875
0 0.48046875 0.54765625 0.059375 0.05625
0 0.53359375 0.5546875 0.0546875 0.0546875
0 0.58671875 0.55546875 0.059375 0.0546875
0 0.015625 0.46484375 0.03125 0.0515625
0 0.05234375 0.46640625 0.0546875 0.05625
0 0.103125 0.47265625 0.05625 0.059375
0 0.15546875 0.48046875 0.059375 0.0578125
0 0.20625 0.48515625 0.0546875 0.05625
0 0.2546875 0.48828125 0.0546875 0.0546875
0 0.3078125 0.49375 0.0546875 0.059375
0 0.41171875 0.5015625 0.0546875 0.059375
0 0.4609375 0.50546875 0.05625 0.05625
0 0.509375 0.50625 0.0546875 0.05625
0 0.56015625 0.51328125 0.05625 0.0546875
0 0.61328125 0.51484375 0.05625 0.053125
0 0.03203125 0.42265625 0.05625 0.0546875
0 0.08125 0.42734375 0.0546875 0.05625
0 0.13203125 0.4328125 0.059375 0.0578125
0 0.1828125 0.43671875 0.0546875 0.05625
0 0.234375 0.4421875 0.059375 0.05625
0 0.28671875 0.44609375 0.0578125 0.0546875
0 0.33671875 0.45 0.053125 0.0578125
0 0.384375 0.45703125 0.0578125 0.0578125
0 0.43828125 0.4578125 0.05625 0.0578125
0 0.4890625 0.4640625 0.0546875 0.0578125
0 0.540625 0.465625 0.0578125 0.0546875
0 0.5890625 0.46796875 0.0515625 0.0546875
0 0.6375 0.47109375 0.0609375 0.0578125
0 0.02421875 0.378125 0.0296875 0.0546875
0 0.0609375 0.3828125 0.059375 0.059375
0 0.1140625 0.3859375 0.05625 0.0578125
0 0.16328125 0.39375 0.0578125 0.0546875
0 0.2140625 0.3984375 0.05625 0.0546875
0 0.265625 0.40234375 0.059375 0.05625
0 0.3171875 0.40546875 0.0546875 0.0515625
0 0.365625 0.409375 0.0578125 0.05625
0 0.41484375 0.4140625 0.0546875 0.05625
0 0.465625 0.41875 0.05625 0.05625
0 0.515625 0.421875 0.053125 0.0546875
0 0.5640625 0.421875 0.0546875 0.05625
0 0.6171875 0.428125 0.0609375 0.0578125
0 0.04375 0.334375 0.05625 0.0578125
0 0.0921875 0.3421875 0.0546875 0.0546875
0 0.14140625 0.34765625 0.05625 0.0546875
0 0.1921875 0.353125 0.059375 0.0546875
0 0.24296875 0.35859375 0.0546875 0.0546875
0 0.29296875 0.35859375 0.0546875 0.0546875
0 0.34296875 0.3640625 0.059375 0.053125
0 0.39375 0.3671875 0.053125 0.0515625
0 0.440625 0.3703125 0.0546875 0.0546875
0 0.48984375 0.375 0.05625 0.0546875
0 0.54140625 0.378125 0.05625 0.0546875
0 0.5921875 0.38359375 0.059375 0.0578125
0 0.64609375 0.38828125 0.05625 0.0546875
0 0.675 0.434375 0.0609375 0.0578125
0 0.70078125 0.3875 0.0625 0.0609375
0 0.07109375 0.2921875 0.0578125 0.0578125
0 0.1203125 0.3015625 0.05625 0.0546875
0 0.16953125 0.30859375 0.0546875 0.0546875
0 0.22109375 0.31171875 0.059375 0.0578125
0 0.271875 0.31796875 0.05625 0.0546875
0 0.321875 0.32109375 0.0578125 0.05625
0 0.37109375 0.32578125 0.05625 0.05625
0 0.421875 0.32734375 0.0546875 0.05625
0 0.47109375 0.3296875 0.0546875 0.05625
0 0.51875 0.33359375 0.0546875 0.0546875
0 0.57109375 0.3390625 0.0578125 0.0546875
0 0.6203125 0.34375 0.0546875 0.05625
0 0.05 0.25078125 0.0453125 0.053125
0 0.15 0.26015625 0.0578125 0.0578125
0 0.2 0.265625 0.0546875 0.05625
0 0.25078125 0.271875 0.0609375 0.0578125
0 0.3 0.27578125 0.05 0.05625
0 0.34921875 0.27890625 0.05625 0.0578125
0 0.39921875 0.284375 0.053125 0.05625
0 0.4484375 0.28515625 0.0546875 0.053125
0 0.5 0.2875 0.053125 0.0515625
0 0.5484375 0.2921875 0.05625 0.05625
0 0.5984375 0.296875 0.0546875 0.0546875
0 0.64921875 0.30234375 0.05625 0.0546875
0 0.675 0.3453125 0.05625 0.053125
0 0.73203125 0.3484375 0.0609375 0.05625
0 0.70234375 0.30546875 0.05625 0.0546875
0 0.75546875 0.30703125 0.0578125 0.0515625
0 0.0703125 0.2109375 0.059375 0.05625
0 0.125 0.21875 0.0546875 0.05625
0 0.175 0.21953125 0.05625 0.0515625
0 0.2296875 0.2234375 0.0625 0.0609375
0 0.27890625 0.228125 0.0515625 0.0546875
0 0.3265625 0.23125 0.0546875 0.0546875
0 0.059375 0.165625 0.0421875 0.0578125
0 0.103125 0.17109375 0.0578125 0.05625
0 0.153125 0.175 0.05625 0.0546875
0 0.203125 0.178125 0.059375 0.05625
0 0.25625 0.1828125 0.05625 0.0546875
0 0.30546875 0.18671875 0.05625 0.053125
0 0.35703125 0.19296875 0.0578125 0.0546875
0 0.08203125 0.125 0.0546875 0.059375
0 0.13046875 0.1296875 0.0546875 0.0546875
0 0.18125 0.1328125 0.05625 0.0546875
0 0.2328125 0.13671875 0.05625 0.0546875
0 0.284375 0.140625 0.0546875 0.05625
0 0.334375 0.1453125 0.0546875 0.05625
0 0.38515625 0.1515625 0.05625 0.05625
0 0.06875 0.0796875 0.034375 0.0515625
0 0.109375 0.08515625 0.05625 0.05625
0 0.1609375 0.0890625 0.05625 0.0546875
0 0.2078125 0.090625 0.0546875 0.0546875
0 0.2609375 0.0953125 0.05625 0.0546875
0 0.3125 0.1 0.05625 0.0546875
0 0.36328125 0.1046875 0.05625 0.0546875
0 0.0875 0.0375 0.0546875 0.053125
0 0.13984375 0.04375 0.0546875 0.0578125
0 0.1875 0.05078125 0.0578125 0.0578125
0 0.24140625 0.05546875 0.0609375 0.0578125
0 0.290625 0.05625 0.05625 0.0546875
0 0.34296875 0.0609375 0.0578125 0.059375
0 0.39296875 0.06796875 0.0515625 0.0546875
0 0.078125 0.009375 0.03125 0.01875
0 0.11796875 0.0125 0.0578125 0.025
0 0.16796875 0.01484375 0.0578125 0.0296875
0 0.221875 0.01640625 0.053125 0.0328125
0 0.26953125 0.01875 0.0546875 0.0375
0 0.32109375 0.02109375 0.0578125 0.0421875
0 0.371875 0.0234375 0.05625 0.046875
0 0.375 0.23671875 0.0546875 0.0546875
0 0.4234375 0.240625 0.05625 0.0546875
0 0.475 0.24453125 0.05625 0.053125
0 0.52578125 0.25 0.0578125 0.059375
0 0.57890625 0.25390625 0.05625 0.0546875
0 0.6296875 0.25859375 0.059375 0.05625
0 0.68046875 0.26015625 0.0578125 0.0578125
0 0.73203125 0.2640625 0.05625 0.05625
0 0.7828125 0.26640625 0.0609375 0.05625
0 0.40625 0.19453125 0.053125 0.0546875
0 0.45546875 0.1984375 0.0546875 0.05625
0 0.503125 0.20390625 0.0546875 0.0515625
0 0.55625 0.20546875 0.0546875 0.05625
0 0.60859375 0.2125 0.0578125 0.05625
0 0.65703125 0.21484375 0.053125 0.059375
0 0.70625 0.21796875 0.0578125 0.0546875
0 0.75859375 0.22421875 0.0578125 0.05625
0 0.81640625 0.22734375 0.0578125 0.05625
0 0.434375 0.1546875 0.05625 0.05625
0 0.48515625 0.15859375 0.0546875 0.05625
0 0.53203125 0.16171875 0.05625 0.059375
0 0.584375 0.1671875 0.0578125 0.0546875
0 0.63671875 0.17109375 0.0546875 0.05625
0 0.6859375 0.1734375 0.05625 0.0578125
0 0.73984375 0.1796875 0.05625 0.0546875
0 0.78984375 0.18203125 0.053125 0.0546875
0 0.84609375 0.18671875 0.0609375 0.0578125
0 0.4140625 0.11171875 0.0546875 0.05625
0 0.46171875 0.11328125 0.0578125 0.05625
0 0.5109375 0.11640625 0.05625 0.05625
0 0.5625 0.12109375 0.0578125 0.0546875
0 0.61171875 0.12578125 0.053125 0.0546875
0 0.6609375 0.128125 0.05625 0.0578125
0 0.7125 0.13046875 0.05625 0.05625
0 0.7625 0.13671875 0.05625 0.05625
0 0.8203125 0.140625 0.05625 0.0546875
0 0.87265625 0.14375 0.05625 0.0578125
0 0.440625 0.06796875 0.05625 0.05625
0 0.490625 0.07421875 0.0578125 0.0578125
0 0.540625 0.075 0.05625 0.0578125
0 0.5921875 0.08203125 0.0578125 0.05625
0 0.6421875 0.084375 0.053125 0.05625
0 0.68984375 0.0890625 0.0578125 0.05625
0 0.7421875 0.0921875 0.059375 0.053125
0 0.7953125 0.096875 0.05625 0.059375
0 0.8421875 0.1015625 0.053125 0.0578125
0 0.89921875 0.10390625 0.05625 0.0546875
0 0.42109375 0.025 0.0546875 0.05
0 0.46875 0.02734375 0.0546875 0.0546875
0 0.51875 0.0296875 0.0578125 0.0578125
0 0.571875 0.0359375 0.059375 0.0578125
0 0.6203125 0.03984375 0.0515625 0.053125
0 0.66953125 0.04375 0.059375 0.0546875
0 0.7203125 0.04921875 0.0546875 0.0515625
0 0.77265625 0.0546875 0.0546875 0.0484375
0 0.81875 0.05859375 0.0515625 0.04375
0 0.87109375 0.06640625 0.05625 0.04375
0 0.9234375 0.0703125 0.05625 0.0390625