0 0.70859375 0.3546875 0.071875 0.071875
0 0.64296875 0.07578125 0.06875 0.06875
0 0.90625 0.31875 0.0734375 0.0734375
0 0.82734375 0.23046875 0.071875 0.06875
0 0.6734375 0.0296875 0.071875 0.059375
0 0.76875 0.07578125 0.071875 0.0703125
0 0.89296875 0.228125 0.0703125 0.06875
0 0.8953125 0.053125 0.0640625 0.0703125
0 0.9171875 0.1671875 0.065625 0.06875
0 0.7546875 0.24140625 0.0734375 0.0734375
0 0.66796875 0.3078125 0.0703125 0.0703125
0 0.93359375 0.26015625 0.06875 0.06875
0 0.609375 0.02890625 0.071875 0.0578125
0 0.64765625 0.36171875 0.071875 0.06875
0 0.58671875 0.371875 0.071875 0.06875
0 0.6390625 0.19140625 0.06875 0.06875
0 0.53046875 0.03203125 0.0734375 0.0640625
0 0.80078125 0.28359375 0.0734375 0.0703125
0 0.69453125 0.2421875 0.06875 0.06875
0 0.4859375 0.15859375 0.0703125 0.06875
0 0.509375 0.275 0.0703125 0.0703125
0 0.81171875 0.1265625 0.0703125 0.0671875
0 0.85625 0.18046875 0.071875 0.0703125
0 0.5203125 0.384375 0.071875 0.0703125
0 0.840625 0.3328125 0.0703125 0.071875
0 0.45 0.2578125 0.06875 0.0671875
0 0.87578125 0.12109375 0.0734375 0.071875
0 0.4703125 0.0296875 0.06875 0.059375
0 0.78203125 0.18984375 0.0734375 0.0734375
0 0.60546875 0.31640625 0.0734375 0.0734375
0 0.734375 0.29375 0.0734375 0.0703125
0 0.83828125 0.06875 0.0703125 0.06875
0 0.54296875 0.3265625 0.071875 0.0703125
0 0.57265625 0.20234375 0.0703125 0.071875
0 0.77734375 0.3453125 0.075 0.0734375
0 0.63046875 0.25 0.0734375 0.071875
0 0.86015625 0.01875 0.0703125 0.0375
0 0.4625 0.33984375 0.071875 0.071875
0 0.57890625 0.08046875 0.0734375 0.071875
0 0.56796875 0.26640625 0.0671875 0.0671875
0 0.92109375 0.1109375 0.0375 0.0671875
0 0.5515625 0.14140625 0.071875 0.065625
0 0.8671875 0.27421875 0.071875 0.06875
0 0.69921875 0.184375 0.06875 0.06875
0 0.40546875 0.371875 0.071875 0.0734375
0 0.61484375 0.12421875 0.0703125 0.065625
0 0.51796875 0.0921875 0.0734375 0.071875
0 0.73828125 0.1421875 0.0734375 0.0734375
0 0.709375 0.07578125 0.0703125 0.0703125
0 0.425 0.128125 0.0703125 0.0671875
0 0.7328125 0.0265625 0.071875 0.053125
0 0.359375 0.11875 0.0703125 0.06875
0 0.9609375 0.3140625 0.034375 0.0640625
0 0.40078125 0.29296875 0.0703125 0.0671875
0 0.9421875 0.21171875 0.0328125 0.059375
0 0.4546875 0.40234375 0.075 0.071875
0 0.7984375 0.02578125 0.06875 0.0515625
0 0.51015625 0.21015625 0.071875 0.0703125
0 0.3734375 0.18203125 0.06875 0.06875
0 0.3859375 0.2375 0.071875 0.06875
0 0.353125 0.0453125 0.065625 0.0609375
0 0.6796875 0.1203125 0.0703125 0.0671875
0 0.43828125 0.190625 0.06875 0.06875
0 0.90234375 0.015625 0.0296875 0.03125
0 0.403125 0.02890625 0.05625 0.046875
0 0.42109375 0.06484375 0.0640625 0.0625