0 0.01328125 0.7125 0.0265625 0.065625
0 0.034375 0.92890625 0.06875 0.0671875
0 0.075 0.88359375 0.0703125 0.06875
0 0.46015625 0.9375 0.0671875 0.065625
0 0.13046875 0.85 0.0703125 0.0703125
0 0.034375 0.82890625 0.06875 0.0671875
0 0.01484375 0.88359375 0.0296875 0.0640625
0 0.2046875 0.834375 0.06875 0.065625
0 0.02421875 0.77421875 0.0484375 0.0671875
0 0.08984375 0.7984375 0.0703125 0.0671875
1 0.31484375 0.91328125 0.0703125 0.0703125
1 0.5234375 0.96796875 0.071875 0.0640625
1 0.25703125 0.903125 0.0640625 0.0703125
1 0.16171875 0.78984375 0.071875 0.0640625
0 0.3921875 0.9328125 0.071875 0.0671875
1 0.18671875 0.896875 0.0671875 0.059375
1 0.2875 0.83828125 0.0828125 0.0765625
1 0.12265625 0.9390625 0.075 0.0640625
1 0.253125 0.9578125 0.06875 0.0515625
1 0.1890625 0.95234375 0.0609375 0.05
1 0.3203125 0.96796875 0.0609375 0.040625
0 0.59140625 0.98203125 0.0671875 0.0359375