0 0.87421875 0.30546875 0.071875 0.0734375
0 0.72265625 0.0859375 0.0703125 0.071875
0 0.8953125 0.24296875 0.0734375 0.075
0 0.69921875 0.15078125 0.0734375 0.075
0 0.59375 0.11875 0.0734375 0.075
0 0.79375 0.20234375 0.0765625 0.0765625
0 0.6796875 0.0359375 0.075 0.071875
0 0.8109375 0.3203125 0.0734375 0.0734375
0 0.6578125 0.10078125 0.075 0.075
0 0.85703125 0.19296875 0.0734375 0.0765625
0 0.64375 0.009375 0.06875 0.01875
0 0.7625 0.13984375 0.071875 0.0734375
0 0.83046875 0.25703125 0.075 0.075
0 0.76796875 0.26484375 0.0703125 0.0734375
0 0.7453125 0.03046875 0.075 0.0609375
0 0.6140625 0.05 0.0765625 0.078125
0 0.7328125 0.20703125 0.06875 0.0734375
0 0.746875 0.33125 0.071875 0.0734375
0 0.7859375 0.07578125 0.0734375 0.071875
0 0.79296875 0.38359375 0.0703125 0.06875
0 0.93671875 0.29375 0.075 0.0765625
0 0.8734375 0.4984375 0.0703125 0.071875
0 0.91328125 0.35625 0.075 0.075
0 0.8359375 0.44296875 0.0734375 0.0734375
0 0.87890625 0.61015625 0.071875 0.06875
0 0.80390625 0.503125 0.075 0.071875
0 0.840625 0.55703125 0.0703125 0.06875
0 0.85625 0.371875 0.0671875 0.071875
0 0.76484375 0.4484375 0.071875 0.0703125
0 0.57890625 0.01640625 0.0703125 0.0328125
0 0.94609375 0.23359375 0.0515625 0.0703125
0 0.684375 0.34765625 0.06875 0.0671875
0 0.709375 0.28046875 0.0703125 0.071875
0 0.6375 0.16796875 0.075 0.075
0 0.92109375 0.18125 0.0765625 0.0765625
0 0.90546875 0.55546875 0.0703125 0.06875
0 0.72265625 0.40390625 0.071875 0.0703125
0 0.95625 0.60078125 0.0765625 0.0703125
0 0.5296875 0.134375 0.075 0.075
0 0.5546875 0.06875 0.0671875 0.071875
0 0.8890625 0.01796875 0.071875 0.0359375
0 0.66875 0.23046875 0.0765625 0.075
0 0.64609375 0.2984375 0.0734375 0.075
0 0.60546875 0.2515625 0.0703125 0.0734375
0 0.48671875 0.0859375 0.0765625 0.0765625
0 0.965625 0.34140625 0.04375 0.0703125
0 0.89765625 0.11484375 0.0734375 0.075
0 0.56953125 0.1921875 0.0765625 0.078125
0 0.98125 0.771875 0.0375 0.071875
0 0.81328125 0.0265625 0.0796875 0.053125
0 0.9234375 0.66953125 0.0765625 0.078125
0 0.94453125 0.50390625 0.0765625 0.078125
0 0.97421875 0.5515625 0.0515625 0.078125
0 0.95703125 0.725 0.078125 0.0734375
1 0.4421875 0.028125 0.071875 0.05625
1 0.9203125 0.0578125 0.0515625 0.06875
1 0.86875 0.06484375 0.071875 0.0671875
1 0.8359375 0.12421875 0.0734375 0.0765625
1 0.91796875 0.4296875 0.09375 0.084375
1 0.98046875 0.66015625 0.0390625 0.0734375
0 0.51015625 0.03203125 0.0828125 0.0640625