0 0.92265625 0.115625 0.0640625 0.0609375
0 0.80234375 0.66171875 0.0640625 0.0609375
0 0.69296875 0.82265625 0.0625 0.0609375
0 0.54453125 0.58125 0.065625 0.065625
0 0.728125 0.65859375 0.065625 0.0625
0 0.98359375 0.3359375 0.0328125 0.065625
0 0.55390625 0.1515625 0.0625 0.0609375
0 0.68984375 0.7546875 0.0625 0.0609375
0 0.58125 0.26796875 0.0625 0.0625
0 0.83984375 0.61875 0.0671875 0.0671875
0 0.87890625 0.55234375 0.065625 0.065625
0 0.50859375 0.26640625 0.0640625 0.0640625
0 0.43984375 0.5046875 0.0640625 0.0640625
0 0.95390625 0.06015625 0.0640625 0.0625
0 0.71796875 0.50078125 0.065625 0.065625
0 0.8875 0.0625 0.0625 0.0625
0 0.63671875 0.0984375 0.0640625 0.059375
0 0.90546875 0.61015625 0.0640625 0.0640625
0 0.9109375 0.49921875 0.0625 0.0609375
0 0.7765625 0.609375 0.065625 0.065625
0 0.5875 0.95 0.0625 0.0671875
0 0.95390625 0.16875 0.0640625 0.0640625
0 0.934375 0.334375 0.065625 0.065625
0 0.55 0.70703125 0.0640625 0.0640625
0 0.75390625 0.55234375 0.065625 0.0640625
0 0.87578125 0.4484375 0.065625 0.065625
0 0.8171875 0.559375 0.0640625 0.0640625
0 0.96796875 0.4953125 0.0640625 0.0640625
0 0.846875 0.4953125 0.0640625 0.0609375
0 0.8375 0.39453125 0.0640625 0.0640625
0 0.7625 0.2890625 0.0640625 0.0609375
0 0.75390625 0.8421875 0.0625 0.0609375
0 0.6484375 0.98046875 0.0625 0.0390625
0 0.509375 0.11171875 0.0625 0.0609375
0 0.80546875 0.79453125 0.0640625 0.0625
0 0.97109375 0.8015625 0.03125 0.0640625
0 0.96484375 0.3921875 0.065625 0.0640625
0 0.603125 0.04765625 0.065625 0.0640625
0 0.775 0.39296875 0.0640625 0.065625
0 0.9703125 0.73203125 0.0390625 0.0640625
0 0.7484375 0.44609375 0.0640625 0.0609375
0 0.9671875 0.6078125 0.059375 0.0671875
0 0.60625 0.73671875 0.0640625 0.0625
0 0.99609375 0.05234375 0.0078125 0.0546875
0 0.8046875 0.3359375 0.065625 0.0625
0 0.75390625 0.0515625 0.0625 0.0609375
0 0.99296875 0.159375 0.0140625 0.065625
0 0.659375 0.5078125 0.0609375 0.059375
0 0.6421875 0.26484375 0.065625 0.0625
0 0.9296875 0.86328125 0.0625 0.0625
0 0.4515625 0.25390625 0.0609375 0.0609375
0 0.415625 0.9640625 0.0625 0.065625
0 0.978125 0.2171875 0.04375 0.0625
0 0.81328125 0.4484375 0.065625 0.0609375
0 0.61875 0.14921875 0.065625 0.0625
0 0.53515625 0.9734375 0.0609375 0.053125
0 0.68203125 0.1421875 0.065625 0.0625
0 0.85546875 0.11171875 0.065625 0.0640625
0 0.70625 0.946875 0.0609375 0.0625
0 0.5515625 0.3125 0.0640625 0.0578125
0 0.8875 0.165625 0.0640625 0.0625
0 0.72421875 0.1875 0.065625 0.065625
0 0.625 0.41015625 0.0640625 0.0609375
0 0.9390625 0.55390625 0.0640625 0.0640625
0 0.55078125 0.4953125 0.0609375 0.0609375
0 0.821875 0.97578125 0.065625 0.0484375
0 0.51328125 0.20390625 0.0625 0.0609375
0 0.7078125 0.87734375 0.059375 0.05625
0 0.71484375 0.5984375 0.0625 0.0609375
0 0.51171875 0.015625 0.0640625 0.03125
0 0.47109375 0.98359375 0.0609375 0.0328125
0 0.784375 0.49375 0.065625 0.0609375
0 0.5390625 0.89765625 0.0609375 0.0640625
0 0.49765625 0.53125 0.065625 0.065625
0 0.765625 0.90390625 0.0625 0.059375
0 0.9375 0.66171875 0.065625 0.065625
0 0.42421875 0.89609375 0.0609375 0.0578125
0 0.8609375 0.82578125 0.0671875 0.0640625
0 0.80703125 0.7265625 0.0625 0.0609375
0 0.92109375 0.8 0.0609375 0.0625
0 0.8140625 0.85546875 0.0609375 0.0625
0 0.425 0.83828125 0.0625 0.065625
0 0.64296875 0.93515625 0.0625 0.0625
0 0.884375 0.94765625 0.0625 0.0640625
0 0.6640625 0.640625 0.0625 0.059375
0 0.95234375 0.2671875 0.0640625 0.0640625
0 0.65546875 0.5796875 0.0625 0.065625
0 0.871875 0.33046875 0.0625 0.0609375
0 0.93828125 0.44453125 0.0625 0.059375
0 0.61796875 0.3109375 0.065625 0.0609375
0 0.53515625 0.0453125 0.0625 0.0546875
0 0.80390625 0.1734375 0.0640625 0.0609375
0 0.4828125 0.87578125 0.0625 0.0609375
0 0.87265625 0.8875 0.0625 0.0578125
0 0.43828125 0.59140625 0.065625 0.065625
0 0.70390625 0.40703125 0.065625 0.0625
0 0.7140625 0.9890625 0.0625 0.021875
0 0.978125 0.109375 0.04375 0.0625
0 0.85859375 0.68359375 0.065625 0.0640625
0 0.91640625 0.21796875 0.065625 0.0609375
0 0.640625 0.87421875 0.0640625 0.0625
0 0.74140625 0.71796875 0.0640625 0.0625
0 0.78359375 0.2296875 0.0640625 0.0609375
0 0.94453125 0.92890625 0.0640625 0.0625
0 0.7515625 0.13671875 0.065625 0.0640625
0 0.5015625 0.35625 0.0609375 0.0609375
0 0.82578125 0.27734375 0.0640625 0.0609375
0 0.8875 0.26875 0.065625 0.0625
0 0.4484375 0.31796875 0.0609375 0.0609375
0 0.98515625 0.4375 0.0296875 0.0625
0 0.90078125 0.39296875 0.0640625 0.059375
0 0.98515625 0.54609375 0.0296875 0.0640625
0 0.45390625 0.02265625 0.0609375 0.0453125
0 0.68359375 0.315625 0.06875 0.0640625
0 0.57421875 0.0984375 0.0640625 0.059375
0 0.8640625 0.74765625 0.0640625 0.0640625
0 0.50546875 0.63046875 0.0625 0.0609375
0 0.84765625 0.21875 0.0640625 0.0625
0 0.625 0.7953125 0.065625 0.065625
0 0.7953125 0.1 0.065625 0.0625
0 0.99140625 0.26953125 0.0171875 0.0671875
0 0.6015625 0.5515625 0.0609375 0.059375
0 0.56875 0.36875 0.0640625 0.0625
0 0.70859375 0.0234375 0.065625 0.0296875
0 0.54375 0.828125 0.0625 0.059375
0 0.8265625 0.04921875 0.0640625 0.0625
0 0.43359375 0.71484375 0.0609375 0.0625
0 0.66484375 0.69765625 0.059375 0.05625
0 0.6734375 0.45234375 0.065625 0.0609375
0 0.70859375 0.090625 0.065625 0.059375
0 0.44765625 0.08359375 0.059375 0.059375
0 0.4875 0.7625 0.0625 0.0609375
0 0.925 0.0328125 0.065625 0.025
0 0.98046875 0.6671875 0.0265625 0.0640625
0 0.93515625 0.97734375 0.0640625 0.0453125
0 0.57890625 0.01328125 0.0671875 0.0234375
0 0.66015625 0.196875 0.0640625 0.059375
0 0.76484375 0.96171875 0.0609375 0.0578125
0 0.48671875 0.690625 0.0625 0.0609375
0 0.609375 0.67109375 0.0625 0.0640625
0 0.4375 0.65078125 0.0640625 0.0625
0 0.56171875 0.4359375 0.0640625 0.0625
0 0.60234375 0.60546875 0.0625 0.0640625
0 0.92109375 0.73359375 0.0640625 0.065625
0 0.47109375 0.934375 0.0625 0.059375
0 0.71015625 0.25234375 0.0625 0.0609375
0 0.61171875 0.47421875 0.0609375 0.0625
0 0.55703125 0.76875 0.0640625 0.0625
0 0.7484375 0.77421875 0.0625 0.059375
0 0.8640625 0.0265625 0.0609375 0.01875
0 0.44453125 0.440625 0.0640625 0.065625
0 0.5078125 0.41640625 0.0625 0.0578125
0 0.44609375 0.37421875 0.059375 0.059375
0 0.58125 0.20234375 0.0640625 0.059375
0 0.74296875 0.3421875 0.0625 0.0609375
0 0.671875 0.0453125 0.0640625 0.0625
0 0.6578125 0.35859375 0.065625 0.0625
0 0.45390625 0.134375 0.0578125 0.05625
0 0.453125 0.19609375 0.0625 0.0609375
0 0.428125 0.77421875 0.0546875 0.0609375
0 0.82578125 0.9171875 0.0609375 0.0609375
0 0.77265625 0.99765625 0.0640625 0.0046875
0 0.97265625 0.865625 0.0203125 0.0671875
0 0.58984375 0.865625 0.0546875 0.0625
0 0.4890625 0.81953125 0.0546875 0.0453125