1 0.15859375 0.3890625 0.215625 0.20625
1 0.32265625 0.4234375 0.1921875 0.2140625
1 0.4921875 0.4234375 0.2265625 0.2546875
1 0.67734375 0.44921875 0.228125 0.2265625
1 0.875 0.44375 0.2125 0.20625
1 0.91171875 0.6078125 0.1765625 0.2125
1 0.75390625 0.5828125 0.215625 0.2484375
1 0.8375 0.75078125 0.2171875 0.2203125
1 0.890625 0.9015625 0.121875 0.196875
1 0.571875 0.57890625 0.209375 0.24375
1 0.66484375 0.73984375 0.203125 0.2125
1 0.75546875 0.9 0.2109375 0.2
1 0.8171875 0.971875 0.203125 0.05625
1 0.64140625 0.95546875 0.1828125 0.0890625
1 0.565625 0.88671875 0.2203125 0.2203125
1 0.4921875 0.72265625 0.21875 0.23125
1 0.39765625 0.58671875 0.215625 0.2171875
1 0.209375 0.5671875 0.2203125 0.21875
1 0.2828125 0.71875 0.2171875 0.25
1 0.3765625 0.84921875 0.2171875 0.2171875
1 0.4703125 0.9453125 0.20625 0.109375
1 0.05859375 0.8390625 0.1171875 0.190625
1 0.19296875 0.86640625 0.2125 0.2015625
1 0.109375 0.709375 0.1875 0.209375
1 0.07421875 0.54609375 0.1484375 0.2296875
1 0.0265625 0.69375 0.053125 0.19375