0 0.01796875 0.42890625 0.03125 0.0484375
0 0.06953125 0.440625 0.046875 0.05
0 0.115625 0.44609375 0.0484375 0.05
0 0.16015625 0.4484375 0.046875 0.0484375
0 0.20234375 0.4515625 0.046875 0.0515625
0 0.23515625 0.4421875 0.0484375 0.0515625
0 0.29453125 0.459375 0.046875 0.0484375
0 0.3390625 0.46171875 0.05 0.0484375
0 0.38984375 0.4546875 0.0453125 0.05
0 0.43125 0.45390625 0.04375 0.0484375
0 0.46875 0.44921875 0.0484375 0.0484375
0 0.52265625 0.4625 0.046875 0.0484375
0 0.56640625 0.46171875 0.0453125 0.0484375
0 0.6109375 0.459375 0.0484375 0.0515625
0 0.65546875 0.4625 0.046875 0.0484375
0 0.69765625 0.453125 0.0453125 0.0484375
0 0.746875 0.46796875 0.0453125 0.0484375
0 0.7921875 0.471875 0.0484375 0.05
0 0.83828125 0.4734375 0.046875 0.046875
0 0.88203125 0.471875 0.0453125 0.0484375
0 0.921875 0.46015625 0.0484375 0.05
0 0.97109375 0.47734375 0.046875 0.046875
0 0.01328125 0.4859375 0.0265625 0.040625
0 0.04765625 0.48359375 0.0421875 0.0421875
0 0.09296875 0.48515625 0.04375 0.04375
0 0.1359375 0.484375 0.0453125 0.0453125
0 0.17890625 0.4875 0.046875 0.0453125
0 0.26875 0.49296875 0.04375 0.04375
0 0.228125 0.49921875 0.0421875 0.0390625
0 0.3140625 0.4953125 0.0421875 0.04375
0 0.36484375 0.49140625 0.04375 0.04375
0 0.40625 0.4921875 0.04375 0.04375
0 0.44921875 0.49453125 0.0453125 0.0453125
0 0.4984375 0.50078125 0.04375 0.04375
0 0.54453125 0.50234375 0.0453125 0.0453125
0 0.58828125 0.5015625 0.0421875 0.0453125
0 0.63203125 0.5015625 0.0453125 0.0453125
0 0.67734375 0.50546875 0.04375 0.0453125
0 0.7234375 0.50703125 0.04375 0.0453125
0 0.765625 0.50625 0.04375 0.04375
0 0.81171875 0.5109375 0.0453125 0.046875
0 0.8578125 0.51015625 0.04375 0.0453125
0 0.90234375 0.5140625 0.04375 0.04375
0 0.9484375 0.51484375 0.04375 0.04375
2 0.21171875 0.7140625 0.05625 0.0546875
0 0.984375 0.5140625 0.03125 0.04375
0 0.02578125 0.5203125 0.04375 0.0453125
0 0.07109375 0.5265625 0.04375 0.04375
0 0.11328125 0.5265625 0.0453125 0.046875
0 0.15859375 0.52890625 0.0421875 0.04375
0 0.19921875 0.525 0.04375 0.04375
0 0.24296875 0.52734375 0.046875 0.04375
0 0.28828125 0.5296875 0.04375 0.0453125
0 0.33984375 0.528125 0.04375 0.04375
0 0.38515625 0.53125 0.0453125 0.04375
0 0.43125 0.53671875 0.04375 0.0453125
0 0.51953125 0.53828125 0.0453125 0.0453125
0 0.475 0.5359375 0.046875 0.0484375
0 0.56640625 0.540625 0.04375 0.046875
0 0.60859375 0.53984375 0.0453125 0.04375
0 0.653125 0.54296875 0.0453125 0.04375
0 0.6984375 0.5453125 0.046875 0.0453125
0 0.7453125 0.54609375 0.0453125 0.04375
0 0.78984375 0.5515625 0.0453125 0.04375
0 0.8328125 0.54921875 0.04375 0.0453125
0 0.88125 0.5515625 0.04375 0.0453125
0 0.9234375 0.553125 0.04375 0.04375
0 0.9671875 0.55390625 0.04375 0.0453125
0 0.01171875 0.553125 0.0234375 0.04375
0 0.04609375 0.56015625 0.04375 0.0453125
0 0.090625 0.5625 0.0453125 0.04375
0 0.13125 0.5609375 0.0421875 0.0453125
0 0.17421875 0.56171875 0.04375 0.04375
0 0.2203125 0.565625 0.0453125 0.0453125
0 0.26640625 0.56953125 0.0453125 0.0453125
0 0.31640625 0.5625 0.0453125 0.0453125
0 0.3625 0.56875 0.04375 0.046875
0 0.40625 0.56953125 0.046875 0.0421875
0 0.45 0.575 0.04375 0.0453125
0 0.4953125 0.57578125 0.04375 0.046875
0 0.54140625 0.57421875 0.04375 0.04375
0 0.5859375 0.5796875 0.04375 0.04375
0 0.6296875 0.5796875 0.0421875 0.04375
0 0.67734375 0.58125 0.04375 0.04375
0 0.7234375 0.58515625 0.04375 0.04375
0 0.7640625 0.58515625 0.04375 0.0453125
0 0.809375 0.584375 0.04375 0.046875
0 0.8546875 0.5859375 0.0453125 0.046875
0 0.8984375 0.5875 0.04375 0.046875
0 0.94296875 0.5921875 0.0453125 0.04375
0 0.98046875 0.5890625 0.0328125 0.04375
0 0.0203125 0.59140625 0.040625 0.0453125
0 0.065625 0.59765625 0.04375 0.04375
0 0.11015625 0.6015625 0.0421875 0.04375
0 0.15078125 0.59765625 0.04375 0.0453125
0 0.1953125 0.60078125 0.0453125 0.046875
0 0.2390625 0.6015625 0.04375 0.0453125
0 0.2921875 0.60390625 0.0421875 0.04375
0 0.33671875 0.60546875 0.04375 0.0453125
0 0.38203125 0.6078125 0.04375 0.0453125
0 0.42578125 0.609375 0.0421875 0.04375
0 0.46875 0.61015625 0.046875 0.0453125
0 0.5171875 0.61328125 0.04375 0.04375
0 0.56015625 0.61328125 0.04375 0.046875
0 0.603125 0.61328125 0.0453125 0.04375
0 0.65078125 0.61484375 0.04375 0.0453125
0 0.69609375 0.6171875 0.04375 0.04375
0 0.73984375 0.61875 0.046875 0.04375
0 0.78515625 0.621875 0.04375 0.04375
0 0.83203125 0.62109375 0.04375 0.046875
0 0.87890625 0.628125 0.04375 0.0453125
0 0.91796875 0.6234375 0.0421875 0.04375
0 0.9625 0.6265625 0.0453125 0.0453125
0 0.0078125 0.6296875 0.015625 0.04375
0 0.04453125 0.63671875 0.04375 0.040625
0 0.0875 0.640625 0.0421875 0.04375
0 0.13046875 0.6375 0.0453125 0.04375
0 0.2171875 0.63828125 0.04375 0.04375
0 0.1734375 0.63828125 0.0421875 0.04375
0 0.01796875 0.66171875 0.0359375 0.0453125
0 0.265625 0.6375 0.0453125 0.0453125
0 0.19765625 0.67890625 0.04375 0.04375
0 0.0625 0.6734375 0.04375 0.0453125
0 0.3125 0.64296875 0.0453125 0.0453125
0 0.3578125 0.64453125 0.0453125 0.04375
0 0.284375 0.67578125 0.0453125 0.04375
0 0.23984375 0.67421875 0.0453125 0.046875
0 0.14765625 0.67578125 0.0453125 0.0453125
0 0.1046875 0.675 0.0453125 0.0453125
0 0.403125 0.64609375 0.04375 0.0453125
0 0.3359375 0.6859375 0.0453125 0.040625
0 0.44609375 0.6484375 0.04375 0.04375
0 0.490625 0.6484375 0.04375 0.04375
0 0.534375 0.64765625 0.04375 0.04375
0 0.58125 0.6515625 0.04375 0.0453125
0 0.62578125 0.65 0.0453125 0.04375
0 0.378125 0.684375 0.0453125 0.04375
0 0.42109375 0.68515625 0.04375 0.04375
0 0.6734375 0.65390625 0.0453125 0.046875
0 0.46328125 0.684375 0.04375 0.040625
0 0.7171875 0.6546875 0.0390625 0.04375
0 0.6921875 0.69609375 0.0453125 0.04375
0 0.646875 0.6890625 0.0453125 0.0421875
0 0.6 0.68984375 0.04375 0.04375
0 0.759375 0.659375 0.04375 0.04375
0 0.8046875 0.66015625 0.04375 0.0453125
0 0.8484375 0.6609375 0.0453125 0.0421875
0 0.89453125 0.6625 0.04375 0.04375
0 0.9375 0.66328125 0.0453125 0.046875
0 0.7359375 0.69453125 0.0453125 0.04375
0 0.7796875 0.69609375 0.0453125 0.0453125
0 0.55625 0.68515625 0.04375 0.04375
0 0.51015625 0.6859375 0.0453125 0.0453125
0 0.975 0.66484375 0.0328125 0.0453125
0 0.82265625 0.696875 0.04375 0.0421875
0 0.96015625 0.70703125 0.0453125 0.04375
0 0.9125 0.69921875 0.046875 0.04375
0 0.86875 0.69765625 0.046875 0.04375
0 0.00546875 0.70546875 0.0109375 0.0453125
0 0.03359375 0.709375 0.0484375 0.0453125
0 0.07890625 0.709375 0.04375 0.0453125
0 0.12421875 0.7125 0.04375 0.0453125
0 0.1703125 0.71640625 0.0453125 0.0453125
0 0.2578125 0.71875 0.04375 0.0453125
0 0.30703125 0.71953125 0.04375 0.0453125
0 0.35234375 0.7203125 0.0421875 0.0421875
0 0.396875 0.72109375 0.0453125 0.0453125
0 0.44296875 0.7234375 0.0421875 0.0421875
0 0.48515625 0.72265625 0.0421875 0.04375
0 0.53046875 0.7234375 0.04375 0.0453125
0 0.57421875 0.721875 0.0421875 0.04375
0 0.625 0.72890625 0.04375 0.0421875
0 0.66953125 0.73125 0.0421875 0.0453125
0 0.7125 0.73359375 0.04375 0.0453125
0 0.75625 0.734375 0.04375 0.0453125
0 0.803125 0.73984375 0.0453125 0.0421875
0 0.84453125 0.73515625 0.04375 0.04375
0 0.8890625 0.73828125 0.0453125 0.0421875
0 0.93671875 0.74296875 0.0453125 0.0453125
0 0.97265625 0.74765625 0.025 0.04375
0 0.01640625 0.746875 0.0328125 0.04375
0 0.05859375 0.75078125 0.0421875 0.0453125
0 0.09921875 0.746875 0.04375 0.0421875
0 0.146875 0.7546875 0.0453125 0.04375
0 0.23359375 0.75390625 0.04375 0.04375
0 0.19453125 0.75859375 0.0390625 0.040625
0 0.278125 0.75546875 0.0453125 0.0453125
0 0.3265625 0.7609375 0.040625 0.0453125
0 0.37421875 0.75859375 0.0421875 0.04375
0 0.41875 0.76171875 0.0421875 0.04375
0 0.46171875 0.759375 0.040625 0.0453125
0 0.50546875 0.7578125 0.04375 0.04375
0 0.55 0.75859375 0.04375 0.0453125
0 0.59921875 0.759375 0.04375 0.0453125
0 0.64375 0.76796875 0.0421875 0.0421875
0 0.6875 0.76796875 0.0453125 0.046875
0 0.73125 0.76796875 0.04375 0.0453125
0 0.77734375 0.76796875 0.0453125 0.04375
0 0.8234375 0.7734375 0.04375 0.0453125
0 0.86796875 0.775 0.0421875 0.040625
0 0.91015625 0.77578125 0.0421875 0.0453125
0 0.9546875 0.78046875 0.04375 0.0421875
0 0.00546875 0.784375 0.0109375 0.04375
0 0.034375 0.78671875 0.0421875 0.0453125
0 0.075 0.78515625 0.04375 0.04375
0 0.11953125 0.7875 0.0453125 0.04375
0 0.015625 0.82109375 0.03125 0.0421875
0 0.05234375 0.82421875 0.0421875 0.0421875
0 0.0046875 0.8609375 0.009375 0.04375
0 0.028125 0.8609375 0.0421875 0.0421875
0 0.16640625 0.790625 0.04375 0.046875
0 0.2078125 0.79140625 0.0421875 0.0421875
0 0.2546875 0.79140625 0.0421875 0.04375
0 0.3015625 0.7953125 0.04375 0.04375
0 0.3484375 0.7984375 0.04375 0.04375
0 0.09765625 0.825 0.0453125 0.0453125
0 0.1421875 0.8265625 0.04375 0.04375
0 0.1875 0.83046875 0.0421875 0.04375
0 0.23203125 0.8296875 0.0453125 0.04375
0 0.27890625 0.83125 0.04375 0.046875
0 0.32265625 0.834375 0.0453125 0.046875
0 0.07421875 0.86171875 0.040625 0.04375
0 0.115625 0.86171875 0.04375 0.0421875
0 0.16171875 0.86484375 0.0421875 0.0421875
0 0.20703125 0.86640625 0.04375 0.04375
0 0.25078125 0.86640625 0.046875 0.04375
0 0.43359375 0.79453125 0.0421875 0.0421875
0 0.3921875 0.796875 0.0453125 0.0453125
0 0.48203125 0.79453125 0.04375 0.040625
0 0.528125 0.796875 0.04375 0.0453125
0 0.36953125 0.8328125 0.0421875 0.04375
0 0.41015625 0.83125 0.04375 0.04375
0 0.45859375 0.83515625 0.0421875 0.0453125
0 0.50078125 0.8328125 0.0421875 0.04375
0 0.61640625 0.80078125 0.04375 0.04375
0 0.57578125 0.8015625 0.0390625 0.0421875
0 0.5921875 0.8375 0.04375 0.0453125
0 0.54453125 0.83359375 0.04375 0.0453125
0 0.75078125 0.80859375 0.04375 0.0453125
0 0.70625 0.8078125 0.0421875 0.0453125
0 0.796875 0.8109375 0.04375 0.04375
0 0.66484375 0.81015625 0.0421875 0.040625
0 0.63671875 0.840625 0.04375 0.0453125
0 0.68515625 0.8484375 0.04375 0.04375
0 0.72734375 0.84921875 0.04375 0.0453125
0 0.840625 0.8125 0.0453125 0.0453125
0 0.88515625 0.815625 0.0453125 0.0453125
0 0.9296875 0.815625 0.04375 0.04375
0 0.9671875 0.81953125 0.0265625 0.04375
0 0.29609375 0.87109375 0.04375 0.0453125
0 0.34453125 0.87421875 0.04375 0.04375
0 0.3859375 0.86875 0.04375 0.0453125
0 0.43046875 0.8671875 0.0453125 0.0421875
0 0.47265625 0.86875 0.0421875 0.04375
0 0.5203125 0.87265625 0.046875 0.04375
0 0.56796875 0.875 0.04375 0.040625
0 0.61171875 0.87734375 0.04375 0.04375
0 0.66171875 0.88046875 0.046875 0.0421875
0 0.7046875 0.88125 0.04375 0.046875
0 0.746875 0.8828125 0.0453125 0.0453125
0 0.77109375 0.8515625 0.0421875 0.04375
0 0.81640625 0.85 0.04375 0.0453125
0 0.78984375 0.884375 0.0390625 0.0453125
0 0.90703125 0.853125 0.04375 0.0421875
0 0.86484375 0.85859375 0.0421875 0.0421875
0 0.834375 0.88671875 0.04375 0.04375
0 0.88046875 0.88984375 0.04375 0.0453125
0 0.9515625 0.859375 0.0453125 0.04375
0 0.96328125 0.9 0.0234375 0.04375
0 0.9265625 0.8921875 0.0421875 0.04375
0 0.0140625 0.89921875 0.028125 0.0453125
0 0.04921875 0.896875 0.04375 0.04375
0 0.09609375 0.9015625 0.0421875 0.0453125
0 0.1390625 0.90234375 0.0453125 0.046875
0 0.1859375 0.9046875 0.0453125 0.0453125
0 0.22890625 0.9046875 0.04375 0.0453125
0 0.2734375 0.90703125 0.04375 0.0453125
0 0.31640625 0.90703125 0.0453125 0.04375
0 0.3609375 0.90859375 0.0453125 0.04375
0 0.40390625 0.909375 0.0453125 0.046875
0 0.4546875 0.9125 0.04375 0.0453125
0 0.496875 0.91015625 0.04375 0.04375
0 0.5421875 0.91171875 0.0421875 0.046875
0 0.59140625 0.91796875 0.0421875 0.040625
0 0.63515625 0.91640625 0.0421875 0.0421875
0 0.67734375 0.91640625 0.0453125 0.0453125
0 0.72578125 0.92109375 0.04375 0.04375
0 0.7671875 0.92265625 0.0453125 0.04375
0 0.8125 0.928125 0.0453125 0.04375
0 0.85625 0.9296875 0.04375 0.04375
0 0.9015625 0.934375 0.0453125 0.046875
0 0.94609375 0.93125 0.04375 0.0453125
0 0.02578125 0.93828125 0.0421875 0.040625
0 0.06796875 0.9359375 0.04375 0.0421875
0 0.11796875 0.94140625 0.0453125 0.04375
0 0.16171875 0.940625 0.0421875 0.04375
0 0.203125 0.94140625 0.04375 0.04375
0 0.2515625 0.94375 0.046875 0.04375
0 0.29375 0.9453125 0.0421875 0.0453125
0 0.3390625 0.94765625 0.040625 0.040625
0 0.38671875 0.94921875 0.04375 0.040625
0 0.42734375 0.946875 0.040625 0.04375
0 0.4734375 0.94765625 0.040625 0.04375
0 0.51875 0.95 0.0453125 0.04375
0 0.565625 0.953125 0.04375 0.0453125
0 0.60859375 0.9515625 0.0421875 0.0453125
0 0.653125 0.95625 0.04375 0.0421875
0 0.696875 0.95703125 0.0453125 0.04375
0 0.740625 0.95859375 0.04375 0.0453125
0 0.7859375 0.96328125 0.04375 0.0453125
0 0.8328125 0.9640625 0.0421875 0.0453125
0 0.87890625 0.9703125 0.046875 0.0453125
0 0.9203125 0.9703125 0.040625 0.0453125
0 0.9578125 0.97734375 0.0234375 0.0421875
0 0.0890625 0.96328125 0.040625 0.021875
0 0.1375 0.96640625 0.0421875 0.021875
0 0.17890625 0.96875 0.0421875 0.0234375
0 0.225 0.9703125 0.040625 0.0265625
0 0.26953125 0.9734375 0.04375 0.0265625
0 0.3171875 0.9765625 0.0421875 0.0265625
0 0.359375 0.97734375 0.040625 0.03125
0 0.40390625 0.978125 0.04375 0.0359375
0 0.45 0.98125 0.04375 0.0359375
0 0.49609375 0.9828125 0.0421875 0.034375
0 0.540625 0.98359375 0.04375 0.0328125
0 0.58671875 0.984375 0.0421875 0.03125
0 0.62890625 0.9859375 0.0453125 0.028125
0 0.675 0.98671875 0.04375 0.0265625
0 0.7171875 0.98671875 0.04375 0.0265625
0 0.7609375 0.9890625 0.04375 0.021875
0 0.8078125 0.990625 0.04375 0.01875
0 0.85 0.99140625 0.04375 0.0171875
0 0.89453125 0.9921875 0.0453125 0.015625
0 0.93984375 0.9953125 0.0421875 0.009375