0 0.75390625 0.01015625 0.0671875 0.0203125
0 0.0078125 0.21328125 0.015625 0.0640625
0 0.84453125 0.09140625 0.06875 0.06875
0 0.85546875 0.215625 0.06875 0.06875
0 0.3625 0.0328125 0.065625 0.053125
0 0.94375 0.03984375 0.0546875 0.065625
0 0.6515625 0.23984375 0.0671875 0.065625
0 0.45859375 0.19609375 0.065625 0.065625
0 0.91328125 0.0921875 0.06875 0.065625
0 0.08359375 0.26171875 0.0671875 0.0640625
0 0.71640625 0.22734375 0.0640625 0.0671875
0 0.63046875 0.11328125 0.0671875 0.0671875
0 0.9546875 0.16640625 0.0515625 0.0625
0 0.07265625 0.14453125 0.065625 0.065625
0 0.38515625 0.20078125 0.0671875 0.06875
0 0.77109375 0.11171875 0.0671875 0.0671875
0 0.0484375 0.2171875 0.065625 0.0671875
0 0.14609375 0.26640625 0.0640625 0.0625
0 0.71015625 0.115625 0.065625 0.0640625
0 0.50703125 0.1515625 0.065625 0.0640625
0 0.91328125 0.01015625 0.0671875 0.0203125
0 0.34296875 0.2515625 0.0671875 0.0671875
0 0.62890625 0.2984375 0.0671875 0.0671875
0 0.46171875 0.10078125 0.0640625 0.065625
0 0.0203125 0.15 0.040625 0.065625
0 0.86796875 0.0296875 0.0671875 0.059375
0 0.13828125 0.1390625 0.065625 0.065625
0 0.31171875 0.19921875 0.0640625 0.065625
0 0.8203125 0.271875 0.065625 0.0640625
0 0.3484375 0.1421875 0.0640625 0.065625
0 0.81953125 0.0078125 0.0640625 0.015625
0 0.24453125 0.20859375 0.065625 0.065625
0 0.81796875 0.1578125 0.0671875 0.0640625
0 0.79453125 0.04765625 0.0703125 0.0671875
0 0.27890625 0.14140625 0.065625 0.065625
0 0.52421875 0.08515625 0.0625 0.0625
0 0.65859375 0.0609375 0.065625 0.0640625
0 0.10234375 0.09375 0.065625 0.0640625
0 0.6875 0.01640625 0.0625 0.0328125
0 0.23828125 0.0390625 0.0640625 0.046875
0 0.6796875 0.1734375 0.065625 0.06875
0 0.5484375 0.028125 0.06875 0.05625
0 0.58828125 0.0640625 0.06875 0.0640625
0 0.92265625 0.2125 0.0640625 0.0671875
0 0.03203125 0.0953125 0.0640625 0.06875
0 0.1296875 0.0515625 0.065625 0.05625
0 0.72421875 0.04140625 0.0671875 0.0640625
0 0.31953125 0.32734375 0.065625 0.065625
0 0.0609375 0.04375 0.065625 0.03125
0 0.50703125 0.2515625 0.06875 0.0625
0 0.209375 0.26015625 0.065625 0.0671875
0 0.625 0.02265625 0.065625 0.0453125
0 0.61953125 0.190625 0.0640625 0.065625
0 0.18203125 0.084375 0.065625 0.0671875
0 0.54453125 0.2984375 0.065625 0.0671875
0 0.75625 0.28203125 0.065625 0.0640625
0 0.0125 0.046875 0.025 0.028125
0 0.2421875 0.0890625 0.0640625 0.059375
0 0.96015625 0.103125 0.03125 0.0640625
0 0.3 0.03515625 0.0640625 0.05
0 0.32265625 0.0828125 0.065625 0.0640625
0 0.5640625 0.11875 0.065625 0.065625
0 0.2484375 0.3203125 0.0671875 0.0671875
0 0.39921875 0.09609375 0.0640625 0.0640625
0 0.178125 0.3109375 0.0671875 0.0625
0 0.38203125 0.3109375 0.0640625 0.0671875
0 0.6953125 0.28671875 0.0640625 0.065625
1 0.02578125 0.27421875 0.0515625 0.0578125
1 0.11484375 0.3203125 0.0640625 0.0625
1 0.42265625 0.26015625 0.06875 0.059375
1 0.1109375 0.20078125 0.059375 0.053125
1 0.27578125 0.26171875 0.059375 0.05625
1 0.465625 0.3078125 0.0625 0.0640625
1 0.54765625 0.19453125 0.059375 0.059375
1 0.4296875 0.03671875 0.065625 0.0671875
1 0.94765625 0.26328125 0.0703125 0.0578125
1 0.88046875 0.14921875 0.0625 0.0546875
0 0.4203125 0.15078125 0.06875 0.0640625
1 0.78203125 0.21328125 0.0671875 0.0625
1 0.2 0.1359375 0.0625 0.0546875
0 0.96875 0.21171875 0.028125 0.0515625
1 0.175 0.1984375 0.0578125 0.0609375
1 0.88046875 0.26484375 0.0578125 0.0578125
1 0.58125 0.24296875 0.071875 0.0625
1 0.05 0.3234375 0.059375 0.0609375
0 0.18203125 0.02890625 0.065625 0.0203125
1 0.7390625 0.1609375 0.0640625 0.0484375