0 0.68359375 0.903125 0.040625 0.04375
0 0.66328125 0.940625 0.0421875 0.04375
0 0.5953125 0.97890625 0.04375 0.0421875
0 0.86484375 0.89375 0.04375 0.0453125
0 0.59296875 0.903125 0.04375 0.0453125
0 0.01640625 0.92421875 0.0328125 0.0453125
0 0.90859375 0.88828125 0.04375 0.0453125
0 0.37109375 0.91640625 0.0453125 0.046875
0 0.93125 0.93125 0.0421875 0.0421875
0 0.8203125 0.8953125 0.04375 0.046875
0 0.28671875 0.90390625 0.04375 0.046875
0 0.63671875 0.89921875 0.0453125 0.046875
0 0.4578125 0.90625 0.04375 0.0453125
0 0.57265625 0.94296875 0.04375 0.04375
0 0.16953125 0.95703125 0.04375 0.04375
0 0.5296875 0.946875 0.04375 0.0421875
0 0.146875 0.91796875 0.04375 0.046875
0 0.121875 0.9640625 0.04375 0.04375
0 0.84296875 0.9359375 0.0421875 0.0421875
0 0.7765625 0.97109375 0.0421875 0.040625
0 0.77734375 0.89453125 0.040625 0.04375
0 0.64296875 0.98125 0.04375 0.0375
0 0.4390625 0.94765625 0.0421875 0.0421875
0 0.3078125 0.9546875 0.04375 0.04375
0 0.18828125 0.91875 0.0421875 0.04375
0 0.4125 0.9125 0.04375 0.04375
0 0.61640625 0.9421875 0.04375 0.04375
0 0.10234375 0.92421875 0.040625 0.0453125
0 0.2328125 0.92109375 0.0453125 0.0453125
0 0.51953125 0.87890625 0.0453125 0.046875
0 0.55078125 0.90390625 0.040625 0.046875
0 0.80234375 0.93515625 0.040625 0.0421875
0 0.484375 0.94765625 0.04375 0.04375
0 0.70703125 0.93984375 0.04375 0.04375
0 0.2578125 0.95859375 0.04375 0.0421875
0 0.75078125 0.93984375 0.04375 0.040625
0 0.328125 0.98671875 0.04375 0.0265625
0 0.8234375 0.971875 0.0421875 0.040625
0 0.0609375 0.91328125 0.04375 0.046875
0 0.8859375 0.93125 0.0421875 0.040625
0 0.08125 0.96640625 0.040625 0.04375
0 0.9765625 0.8625 0.046875 0.0484375
0 0.37109375 0.9859375 0.0421875 0.028125
0 0.86796875 0.96953125 0.040625 0.040625
0 0.03515625 0.9703125 0.04375 0.04375
0 0.7359375 0.88125 0.0421875 0.0453125
0 0.5046875 0.9828125 0.04375 0.034375
0 0.91484375 0.965625 0.0421875 0.0421875
0 0.41796875 0.98515625 0.0421875 0.0296875
0 0.39453125 0.9484375 0.0421875 0.04375
0 0.23671875 0.9875 0.0421875 0.025
0 0.19609375 0.9890625 0.0421875 0.021875
0 0.21484375 0.9609375 0.04375 0.0421875
0 0.2828125 0.98828125 0.04375 0.021875
0 0.459375 0.98515625 0.04375 0.0296875
0 0.98203125 0.990625 0.034375 0.01875
0 0.35078125 0.95234375 0.0453125 0.0453125
0 0.0578125 0.9921875 0.04375 0.015625
0 0.54921875 0.98359375 0.04375 0.03125
0 0.0171875 0.9921875 0.034375 0.015625
0 0.15 0.9890625 0.04375 0.021875
0 0.959375 0.9625 0.0421875 0.0421875
0 0.10390625 0.9921875 0.0421875 0.015625
0 0.73203125 0.97890625 0.04375 0.0421875
0 0.3265625 0.909375 0.0390625 0.04375
0 0.93984375 0.9890625 0.040625 0.021875
0 0.75703125 0.99453125 0.0421875 0.0109375
0 0.68984375 0.97578125 0.04375 0.04375
0 0.98125 0.92890625 0.0375 0.0375
0 0.80078125 0.99453125 0.04375 0.0109375
0 0.9921875 0.959375 0.015625 0.040625
0 0.0046875 0.971875 0.009375 0.046875
0 0.7109375 0.9953125 0.0375 0.009375
0 0.89375 0.99140625 0.04375 0.0171875
0 0.84453125 0.99296875 0.0453125 0.0140625