0 0.07265625 0.18671875 0.0375 0.05625
0 0.0796875 0.2296875 0.053125 0.0546875
0 0.09921875 0.27421875 0.0546875 0.05625
0 0.11484375 0.315625 0.05 0.05625
0 0.17265625 0.334375 0.0546875 0.0546875
0 0.2 0.2890625 0.05625 0.0546875
0 0.15 0.2828125 0.0546875 0.0546875
0 0.1328125 0.2390625 0.05 0.0515625
0 0.17890625 0.24921875 0.053125 0.0546875
0 0.23515625 0.25859375 0.0515625 0.05
0 0.11171875 0.1921875 0.0515625 0.0546875
0 0.1625 0.2 0.053125 0.053125
0 0.21796875 0.21484375 0.0515625 0.0546875
0 0.265625 0.2171875 0.0546875 0.05625
0 0.29453125 0.18125 0.05 0.053125
0 0.2484375 0.171875 0.053125 0.0546875
0 0.1984375 0.17109375 0.053125 0.053125
0 0.1453125 0.15703125 0.053125 0.053125
0 0.09453125 0.1421875 0.053125 0.0546875
0 0.33359375 0.15390625 0.053125 0.053125
0 0.278125 0.13359375 0.0578125 0.0546875
0 0.22890625 0.13046875 0.053125 0.0578125
0 0.1765625 0.1203125 0.0546875 0.0578125
0 0.12890625 0.11171875 0.0546875 0.0609375
0 0.09140625 0.0984375 0.0328125 0.0515625
0 0.115625 0.06328125 0.0546875 0.05625
0 0.16484375 0.075 0.0546875 0.053125
0 0.2109375 0.08203125 0.053125 0.0546875
0 0.2609375 0.08828125 0.0546875 0.0578125
0 0.3109375 0.09453125 0.05625 0.053125
0 0.36171875 0.1078125 0.0546875 0.0578125
0 0.3953125 0.06796875 0.05625 0.05625
0 0.34375 0.059375 0.0546875 0.053125
0 0.29375 0.05234375 0.053125 0.053125
0 0.24609375 0.04375 0.0515625 0.053125
0 0.19609375 0.03125 0.0515625 0.05625
0 0.14765625 0.025 0.0515625 0.05
0 0.109375 0.021875 0.03125 0.04375
0 0.18125 0.0078125 0.053125 0.015625
0 0.2296875 0.0125 0.053125 0.025
0 0.27890625 0.0171875 0.0546875 0.034375
0 0.3234375 0.021875 0.053125 0.04375
0 0.375 0.025 0.053125 0.05
0 0.42734375 0.03125 0.0515625 0.053125
0 0.45625 0.0109375 0.05 0.021875
0 0.40546875 0.00625 0.0515625 0.0125