0 0.1078125 0.1578125 0.065625 0.0640625
0 0.70234375 0.03359375 0.06875 0.0546875
0 0.7875 0.06015625 0.06875 0.065625
0 0.2703125 0.47265625 0.065625 0.0625
0 0.728125 0.5359375 0.0671875 0.06875
0 0.77421875 0.4921875 0.0671875 0.0671875
0 0.528125 0.12421875 0.065625 0.065625
0 0.66328125 0.50625 0.065625 0.0671875
0 0.13984375 0.33671875 0.065625 0.065625
0 0.9015625 0.53984375 0.065625 0.06875
0 0.59375 0.23125 0.065625 0.065625
0 0.946875 0.1640625 0.0671875 0.0671875
0 0.70546875 0.9453125 0.065625 0.0671875
0 0.89140625 0.1234375 0.06875 0.0671875
0 0.8859375 0.72421875 0.0671875 0.0703125
0 0.4359375 0.36328125 0.06875 0.0671875
0 0.98359375 0.4 0.0328125 0.065625
0 0.540625 0.478125 0.06875 0.0671875
0 0.9328125 0.40234375 0.065625 0.06875
0 0.26953125 0.17109375 0.0671875 0.0671875
0 0.3015625 0.5375 0.065625 0.0671875
0 0.22578125 0.65390625 0.0671875 0.065625
0 0.5625 0.01875 0.0640625 0.0359375
0 0.73046875 0.08671875 0.065625 0.0625
0 0.83984375 0.51328125 0.065625 0.065625
0 0.2859375 0.7953125 0.0671875 0.0703125
0 0.92421875 0.6671875 0.0671875 0.06875
0 0.66328125 0.2609375 0.06875 0.071875
0 0.175 0.16796875 0.0671875 0.065625
0 0.8625 0.79765625 0.0671875 0.0703125
0 0.04453125 0.14296875 0.065625 0.06875
0 0.37890625 0.60390625 0.0671875 0.0671875
0 0.60625 0.86953125 0.0671875 0.06875
0 0.3578125 0.9203125 0.06875 0.065625
0 0.225 0.12265625 0.06875 0.065625
0 0.653125 0.07265625 0.06875 0.065625
0 0.925 0.028125 0.065625 0.028125
0 0.971875 0.3390625 0.05625 0.065625
0 0.30390625 0.41796875 0.0671875 0.065625
0 0.4046875 0.16640625 0.0703125 0.071875
0 0.68671875 0.8796875 0.0671875 0.065625
0 0.7375 0.3484375 0.0671875 0.065625
0 0.8015625 0.66640625 0.065625 0.06875
0 0.6390625 0.6453125 0.06875 0.065625
0 0.3375 0.47734375 0.0671875 0.0640625
0 0.590625 0.1484375 0.06875 0.06875
0 0.55859375 0.3578125 0.06875 0.0671875
0 0.075 0.21171875 0.0671875 0.065625
0 0.45703125 0.86171875 0.06875 0.0640625
0 0.4046875 0.47890625 0.065625 0.065625
0 0.8265625 0.45078125 0.0671875 0.0640625
0 0.60234375 0.49296875 0.0640625 0.0671875
0 0.871875 0.9234375 0.06875 0.06875
0 0.1328125 0.09609375 0.06875 0.0640625
0 0.71015625 0.4625 0.065625 0.0640625
0 0.79375 0.559375 0.0671875 0.0671875
0 0.3875 0.971875 0.065625 0.05
0 0.79453125 0.80234375 0.0671875 0.06875
0 0.37265625 0.2515625 0.06875 0.0671875
0 0.49921875 0.340625 0.0640625 0.0671875
0 0.69375 0.4 0.06875 0.065625
0 0.82265625 0.73984375 0.065625 0.0671875
0 0.67265625 0.703125 0.0671875 0.0671875
0 0.628125 0.0203125 0.0671875 0.034375
0 0.42890625 0.7984375 0.06875 0.065625
0 0.27265625 0.346875 0.0671875 0.06875
0 0.4515625 0.29375 0.0671875 0.065625
0 0.96875 0.53125 0.0625 0.06875
0 0.2078125 0.340625 0.0671875 0.065625
0 0.18984375 0.06328125 0.0671875 0.0640625
0 0.6328125 0.7609375 0.065625 0.0671875
1 0.62578125 0.37578125 0.0671875 0.065625
0 0.36796875 0.53828125 0.065625 0.0640625
0 0.16953125 0.28203125 0.0671875 0.065625
1 0.4984375 0.2484375 0.0640625 0.0640625
1 0.39765625 0.08828125 0.0671875 0.0625
0 0.859375 0.6484375 0.065625 0.0703125
0 0.93984375 0.9296875 0.065625 0.0703125
0 0.2609375 0.59609375 0.0671875 0.0640625
0 0.86953125 0.3859375 0.065625 0.0640625
0 0.2328125 0.5296875 0.065625 0.0671875
0 0.6046875 0.70078125 0.065625 0.0640625
0 0.36171875 0.6796875 0.06875 0.06875
0 0.59140625 0.55546875 0.0703125 0.065625
1 0.84375 0.178125 0.0625 0.0578125
1 0.51015625 0.415625 0.0671875 0.0640625
0 0.1015625 0.40703125 0.06875 0.0671875
1 0.66484375 0.13828125 0.06875 0.0640625
0 0.12578125 0.465625 0.0671875 0.0671875
0 0.9 0.853125 0.0671875 0.065625
1 0.89296875 0.45546875 0.0625 0.059375
0 0.49453125 0.9125 0.0671875 0.0640625
0 0.53984375 0.87109375 0.0671875 0.065625
1 0.33359375 0.03671875 0.0703125 0.0734375
1 0.8171875 0.11796875 0.06875 0.0578125
1 0.7765625 0.94453125 0.065625 0.075
1 0.51484375 0.60546875 0.0640625 0.0703125
1 0.67265625 0.33125 0.0625 0.06875
0 0.2578125 0.7171875 0.0671875 0.0671875
1 0.440625 0.228125 0.05625 0.0640625
0 0.2984375 0.66015625 0.065625 0.0671875
1 0.76171875 0.73046875 0.059375 0.0703125
1 0.32109375 0.29375 0.059375 0.06875
1 0.53984375 0.20078125 0.0609375 0.06875
1 0.57890625 0.06953125 0.065625 0.0625
1 0.70703125 0.61328125 0.059375 0.0703125
1 0.06953125 0.06875 0.0640625 0.071875
1 0.728125 0.14453125 0.0609375 0.053125
1 0.7578125 0.22578125 0.065625 0.0625
1 0.44453125 0.609375 0.0671875 0.0578125
1 0.3953125 0.7296875 0.0640625 0.0578125
1 0.32890625 0.72734375 0.0640625 0.05
1 0.2515625 0.03359375 0.078125 0.0671875
1 0.51640625 0.80078125 0.0609375 0.0765625
0 0.2390625 0.278125 0.0671875 0.065625
1 0.57890625 0.428125 0.06875 0.065625
1 0.78671875 0.2984375 0.0671875 0.0703125
1 0.65703125 0.82109375 0.0625 0.0578125
1 0.57109375 0.63203125 0.0671875 0.071875
1 0.765625 0.60546875 0.0609375 0.053125
0 0.19375 0.58359375 0.0640625 0.065625
1 0.54765625 0.2828125 0.05625 0.075
1 0.72734375 0.82578125 0.0640625 0.05625
1 0.70390625 0.1953125 0.059375 0.059375
1 0.51640625 0.05625 0.059375 0.071875
1 0.34140625 0.18046875 0.065625 0.071875
1 0.87578125 0.2734375 0.0625 0.0671875
0 0.16171875 0.54453125 0.0671875 0.0671875
0 0.76484375 0.01875 0.065625 0.021875
1 0.95703125 0.4671875 0.0546875 0.0640625
1 0.72578125 0.2828125 0.059375 0.065625
1 0.75546875 0.87890625 0.0546875 0.0609375
1 0.44375 0.684375 0.071875 0.0796875
1 0.9125 0.33828125 0.0609375 0.06875
1 0.13671875 0.0265625 0.0765625 0.053125
1 0.9375 0.27578125 0.05625 0.0671875
1 0.546875 0.72578125 0.0609375 0.0625
1 0.10234375 0.275 0.0671875 0.071875
1 0.20078125 0.4578125 0.065625 0.0734375
1 0.378125 0.40546875 0.06875 0.059375
1 0.93125 0.7953125 0.0671875 0.0625
1 0.84765625 0.32578125 0.06875 0.0703125
1 0.45 0.43515625 0.05625 0.071875
1 0.475 0.171875 0.0640625 0.05625
1 0.89765625 0.21015625 0.0671875 0.0640625
1 0.06640625 0.01484375 0.0671875 0.0296875
1 0.784375 0.171875 0.05625 0.06875
0 0.49375 0.53984375 0.065625 0.06875
1 0.2875 0.09453125 0.0625 0.071875
1 0.29296875 0.2375 0.0703125 0.059375
1 0.4859375 0.73125 0.0640625 0.0734375
1 0.8203125 0.23828125 0.0578125 0.0703125
1 0.35625 0.7875 0.0640625 0.06875
1 0.06875 0.3390625 0.0734375 0.0671875
1 0.39296875 0.025 0.0609375 0.05
1 0.98125 0.27578125 0.0375 0.0609375
1 0.9078125 0.60390625 0.0671875 0.0578125
0 0.5171875 0.66796875 0.0671875 0.0625
1 0.9515625 0.73125 0.0640625 0.05625
1 0.3875 0.3171875 0.065625 0.065625
1 0.96640625 0.21875 0.0609375 0.059375
1 0.69921875 0.76953125 0.065625 0.0671875
1 0.2375 0.40859375 0.065625 0.05625
1 0.6078125 0.3046875 0.065625 0.0625
1 0.634375 0.93046875 0.065625 0.0640625
1 0.64296875 0.190625 0.065625 0.053125
1 0.4546875 0.96875 0.065625 0.053125
1 0.57109375 0.93671875 0.0625 0.075
1 0.3875 0.85 0.065625 0.05625
1 0.5765625 0.79453125 0.0703125 0.071875
1 0.80078125 0.37109375 0.0625 0.0625
1 0.84921875 0.02578125 0.0765625 0.03125
1 0.321875 0.846875 0.059375 0.059375
1 0.73203125 0.6703125 0.0671875 0.0546875
1 0.97109375 0.60625 0.053125 0.0703125
1 0.43984375 0.54453125 0.05625 0.075
1 0.45859375 0.1109375 0.0609375 0.06875
1 0.97734375 0.04296875 0.0453125 0.0546875
1 0.3390625 0.3515625 0.065625 0.0546875
1 0.7625 0.41875 0.0640625 0.0640625
1 0.321875 0.59765625 0.0546875 0.0546875
1 0.45078125 0.0515625 0.0671875 0.0578125
1 0.34140625 0.115625 0.071875 0.0671875
0 0.98125 0.81015625 0.01875 0.0671875
1 0.99140625 0.146875 0.0171875 0.06875
1 0.95703125 0.07734375 0.0734375 0.0625
1 0.8984375 0.9796875 0.0625 0.040625
0 0.225 0.21796875 0.0671875 0.0625
1 0.8140625 0.86484375 0.0640625 0.053125
1 0.5234375 0.97421875 0.059375 0.0515625
1 0.8296875 0.96875 0.0625 0.0625
1 0.96328125 0.86875 0.05 0.0609375
0 0.178125 0.3953125 0.065625 0.059375
1 0.4734375 0.01328125 0.071875 0.0265625
1 0.20703125 0.003125 0.0828125 0.00625
1 0.60625 0.9828125 0.078125 0.034375
1 0.034375 0.253125 0.053125 0.0625
0 0.6484375 0.4375 0.0609375 0.0625
1 0.74375 0.9859375 0.053125 0.028125
0 0.14375 0.2171875 0.065625 0.0625