0 0.44765625 0.91640625 0.046875 0.0484375
0 0.7296875 0.3609375 0.053125 0.0546875
0 0.76171875 0.68359375 0.05 0.05
0 0.21328125 0.5015625 0.0515625 0.053125
0 0.0359375 0.53984375 0.0515625 0.0546875
0 0.6203125 0.87109375 0.0484375 0.0484375
0 0.64921875 0.39765625 0.053125 0.0546875
0 0.15390625 0.94140625 0.0515625 0.05
0 0.70703125 0.73984375 0.05 0.05
0 0.38515625 0.45859375 0.0515625 0.053125
0 0.6390625 0.4375 0.05 0.05
0 0.34609375 0.97578125 0.0484375 0.0484375
0 0.471875 0.7125 0.0484375 0.0484375
0 0.5109375 0.415625 0.053125 0.05625
0 0.3 0.98203125 0.05 0.0359375
0 0.4359375 0.56484375 0.05 0.05
0 0.328125 0.9015625 0.0484375 0.05
0 0.16875 0.9 0.0515625 0.0515625
0 0.60625 0.40859375 0.0484375 0.0515625
0 0.4078125 0.64921875 0.0484375 0.05
0 0.671875 0.70625 0.0484375 0.05
0 0.45703125 0.75625 0.05 0.05
0 0.26875 0.8390625 0.0484375 0.0484375
0 0.28046875 0.68125 0.05 0.05
0 0.6375 0.94765625 0.0484375 0.05
0 0.43203125 0.4515625 0.0515625 0.053125
0 0.4578125 0.87109375 0.0484375 0.05
0 0.59140625 0.8421875 0.046875 0.0484375
0 0.4640625 0.59921875 0.0515625 0.05
0 0.54609375 0.8515625 0.0484375 0.05
0 0.85859375 0.621875 0.0515625 0.0515625
0 0.88359375 0.81171875 0.0484375 0.05
0 0.18046875 0.85546875 0.05 0.05
0 0.41796875 0.48984375 0.05 0.05
0 0.509375 0.9765625 0.05 0.046875
0 0.4859375 0.7859375 0.05 0.05
0 0.3859375 0.96796875 0.05 0.05
0 0.5703125 0.65390625 0.0484375 0.05
0 0.384375 0.85234375 0.05 0.0515625
0 0.3140625 0.94375 0.0484375 0.0484375
0 0.92734375 0.52265625 0.05 0.05
0 0.9125 0.83984375 0.05 0.05
0 0.51953125 0.9359375 0.0484375 0.05
0 0.4125 0.765625 0.05 0.05
0 0.5796875 0.49140625 0.05 0.05
0 0.64296875 0.78984375 0.05 0.05
0 0.96484375 0.67109375 0.05 0.05
0 0.79765625 0.5578125 0.0515625 0.05
0 0.81875 0.3546875 0.053125 0.0546875
0 0.89765625 0.37890625 0.05 0.05
0 0.1234375 0.91015625 0.05 0.05
0 0.559375 0.8109375 0.05 0.05
0 0.99453125 0.77734375 0.0109375 0.0484375
0 0.92734375 0.8 0.0484375 0.05
0 0.196875 0.93046875 0.05 0.05
0 0.85390625 0.3890625 0.0515625 0.0515625
0 0.2 0.54296875 0.05 0.0515625
0 0.57578125 0.88515625 0.0484375 0.05
0 0.74375 0.609375 0.0484375 0.05
0 0.43984375 0.796875 0.0484375 0.05
0 0.88046875 0.6984375 0.0484375 0.0484375
0 0.13359375 0.865625 0.05 0.05
0 0.51328125 0.8203125 0.0484375 0.05
0 0.95625 0.83125 0.0484375 0.05
0 0.36328125 0.546875 0.0484375 0.05
0 0.40078125 0.9234375 0.0484375 0.05
0 0.2359375 0.80625 0.0515625 0.0515625
0 0.1046875 0.83203125 0.05 0.0515625
0 0.41953125 0.98671875 0.0484375 0.0265625
0 0.546875 0.73359375 0.0484375 0.0484375
0 0.18359375 0.9734375 0.05 0.05
0 0.509375 0.58828125 0.05 0.0515625
0 0.61328125 0.6421875 0.0484375 0.05
0 0.24296875 0.92578125 0.0484375 0.046875
0 0.16953125 0.50859375 0.0515625 0.053125
0 0.25703125 0.48828125 0.0515625 0.053125
0 0.75078125 0.4484375 0.05 0.05
0 0.98203125 0.8625 0.0359375 0.05
0 0.025 0.57890625 0.0453125 0.05
0 0.56328125 0.9265625 0.0484375 0.0484375
0 0.946875 0.87421875 0.0484375 0.05
0 0.14921875 0.82109375 0.05 0.05
0 0.8390625 0.81953125 0.0484375 0.05
0 0.49921875 0.7453125 0.05 0.05
0 0.98515625 0.7046875 0.0296875 0.05
0 0.990625 0.6625 0.01875 0.05
0 0.2125 0.8921875 0.046875 0.0484375
0 0.31328125 0.83046875 0.0484375 0.0484375
0 0.5921875 0.446875 0.05 0.05
0 0.0421875 0.65859375 0.046875 0.0515625
0 0.28203125 0.7953125 0.05 0.0515625
0 0.42734375 0.72421875 0.0484375 0.0484375
0 0.69453125 0.38828125 0.0515625 0.053125
0 0.93203125 0.6390625 0.05 0.0515625
0 0.60703125 0.91875 0.05 0.0515625
0 0.62421875 0.596875 0.0484375 0.05
0 0.35859375 0.9359375 0.0484375 0.0484375
0 0.53203125 0.89375 0.046875 0.0484375
0 0.2890625 0.63671875 0.0484375 0.05
0 0.97578125 0.63046875 0.0484375 0.0484375
0 0.39453125 0.6890625 0.0484375 0.05
0 0.478125 0.55390625 0.05 0.0515625
0 0.7953125 0.83203125 0.05 0.05
0 0.834375 0.70625 0.0484375 0.0484375
0 0.69453125 0.89296875 0.0484375 0.0484375
0 0.82421875 0.46953125 0.05 0.0515625
0 0.64375 0.68046875 0.0484375 0.0484375
0 0.53984375 0.62265625 0.05 0.05
0 0.68671875 0.665625 0.0484375 0.0484375
0 0.8515625 0.50078125 0.05 0.05
0 0.67109375 0.5875 0.05 0.05
0 0.1203125 0.7921875 0.05 0.0515625
0 0.71015625 0.85 0.0484375 0.0484375
0 0.6984375 0.61875 0.0484375 0.05
0 0.346875 0.5875 0.05 0.05
0 0.10703125 0.98671875 0.0328125 0.0265625
0 0.3671875 0.77734375 0.046875 0.0484375
0 0.1796875 0.7375 0.0515625 0.0515625
0 0.89453125 0.7671875 0.05 0.05
0 0.28515625 0.91484375 0.0484375 0.05
0 0.65234375 0.90703125 0.0484375 0.0484375
0 0.1609375 0.5546875 0.05 0.0515625
0 0.490625 0.9078125 0.0484375 0.0484375
0 0.18984375 0.58515625 0.05 0.05
0 0.66171875 0.7484375 0.046875 0.0484375
0 0.63125 0.7171875 0.0484375 0.05
0 0.69609375 0.78515625 0.0484375 0.0484375
0 0.475 0.946875 0.05 0.05
0 0.346875 0.471875 0.0484375 0.0515625
0 0.309375 0.71484375 0.0484375 0.0484375
0 0.7796875 0.48046875 0.05 0.0515625
0 0.32578125 0.784375 0.0484375 0.0484375
0 0.2515625 0.76328125 0.05 0.05
0 0.4015625 0.5375 0.0484375 0.0484375
0 0.21875 0.728125 0.0484375 0.0484375
0 0.68046875 0.4296875 0.046875 0.0484375
0 0.8984375 0.49140625 0.0515625 0.05
0 0.34453125 0.86171875 0.05 0.05
0 0.96875 0.7890625 0.0484375 0.05
0 0.48359375 0.6703125 0.0484375 0.05
0 0.0734375 0.8046875 0.046875 0.05
0 0.35546875 0.82265625 0.0484375 0.05
0 0.496875 0.63046875 0.05 0.05
0 0.09921875 0.71953125 0.05 0.0515625
0 0.29765625 0.8703125 0.0484375 0.05
0 0.771875 0.64296875 0.0484375 0.05
0 0.9109375 0.33515625 0.0546875 0.0546875
0 0.8640625 0.7359375 0.05 0.05
0 0.21640625 0.9921875 0.0484375 0.015625
0 0.2984375 0.753125 0.05 0.05
0 0.78359375 0.87578125 0.046875 0.0484375
0 0.940625 0.75546875 0.0484375 0.05
0 0.140625 0.97890625 0.05 0.0421875
0 0.6328125 0.83046875 0.05 0.05
0 0.80703125 0.4 0.0515625 0.0515625
0 0.60078125 0.68671875 0.05 0.05
0 0.50234375 0.86171875 0.0484375 0.05
0 0.86953125 0.4578125 0.0515625 0.0515625
0 0.525 0.77578125 0.05 0.05
0 0.59375 0.95859375 0.0484375 0.0484375
0 0.6046875 0.8015625 0.0484375 0.05
0 0.2953125 0.46484375 0.053125 0.0546875
0 0.8125 0.5125 0.0515625 0.0515625
0 0.91328125 0.45 0.05 0.05
0 0.59140625 0.56640625 0.0484375 0.05
0 0.42578125 0.83984375 0.0484375 0.05
0 0.6140625 0.76015625 0.046875 0.0484375
0 0.378125 0.61953125 0.05 0.05
0 0.43984375 0.68046875 0.0484375 0.0484375
0 0.16640625 0.7828125 0.0484375 0.0484375
0 0.4328125 0.959375 0.0484375 0.0484375
0 0.25859375 0.98515625 0.0484375 0.0296875
0 0.4703125 0.83203125 0.0484375 0.05
0 0.13203125 0.52265625 0.0484375 0.053125
0 0.76328125 0.4109375 0.05 0.05
0 0.74921875 0.72578125 0.05 0.05
0 0.65234375 0.509375 0.05 0.05
0 0.41796875 0.60390625 0.05 0.05
0 0.52578125 0.6609375 0.0484375 0.0484375
0 0.9796875 0.74375 0.040625 0.05
0 0.778125 0.76015625 0.05 0.05
0 0.67578125 0.8171875 0.05 0.0515625
0 0.94609375 0.30234375 0.053125 0.0546875
0 0.38125 0.73828125 0.046875 0.0484375
0 0.1 0.60390625 0.05 0.05
0 0.26953125 0.95546875 0.0484375 0.05
0 0.08828125 0.76015625 0.05 0.05
0 0.82578125 0.859375 0.05 0.05
0 0.2453125 0.53203125 0.05 0.0515625
0 0.63671875 0.5546875 0.05 0.05
0 0.37421875 0.503125 0.0484375 0.05
0 0.65703125 0.63203125 0.0484375 0.05
0 0.665625 0.471875 0.05 0.05
0 0.325 0.67265625 0.0484375 0.0484375
0 0.2609375 0.60546875 0.05 0.05
0 0.3390625 0.74921875 0.046875 0.0484375
0 0.82265625 0.746875 0.046875 0.0484375
0 0.13203125 0.753125 0.05 0.05
0 0.30546875 0.59375 0.05 0.05
0 0.98828125 0.82265625 0.0234375 0.0515625
0 0.7125 0.5796875 0.0484375 0.0484375
0 0.92890625 0.41171875 0.0515625 0.0515625
0 0.54921875 0.9703125 0.0484375 0.05
0 0.590625 0.72734375 0.05 0.05
0 0.85625 0.8953125 0.0484375 0.05
0 0.56328125 0.4125 0.053125 0.053125
0 0.24921875 0.65 0.0484375 0.05
0 0.71640625 0.69921875 0.05 0.05
0 0.36640625 0.66328125 0.05 0.05
0 0.90078125 0.88203125 0.05 0.05
0 0.72265625 0.81171875 0.0453125 0.0484375
0 0.74296875 0.8921875 0.0484375 0.0484375
0 0.13125 0.6375 0.05 0.05
0 0.76484375 0.8 0.05 0.05
0 0.2640625 0.72109375 0.0484375 0.0484375
0 0.446875 0.52578125 0.05 0.05
0 0.91015625 0.72734375 0.0484375 0.05
0 0.81484375 0.63203125 0.05 0.0515625
0 0.70546875 0.4640625 0.0484375 0.0484375
0 0.73203125 0.65625 0.05 0.0515625
0 0.08671875 0.64765625 0.05 0.05
0 0.0671875 0.57421875 0.0515625 0.0515625
0 0.4640625 0.48046875 0.0484375 0.0484375
0 0.684375 0.5484375 0.05 0.05
0 0.5765625 0.76875 0.046875 0.0484375
0 0.1921875 0.69609375 0.0515625 0.05
0 0.53203125 0.503125 0.0515625 0.0515625
0 0.76796875 0.525 0.05 0.0515625
0 0.51484375 0.70859375 0.05 0.05
0 0.88671875 0.53984375 0.0515625 0.0515625
0 0.6953125 0.50234375 0.05 0.0515625
0 0.05546875 0.6171875 0.0515625 0.0515625
0 0.3328125 0.63203125 0.05 0.05
0 0.89140625 0.65546875 0.05 0.05
0 0.78984375 0.71875 0.05 0.05
0 0.80625 0.78984375 0.05 0.05
0 0.7546875 0.5671875 0.05 0.05
0 0.9828125 0.58828125 0.034375 0.0515625
0 0.725 0.928125 0.05 0.0515625
0 0.86171875 0.34296875 0.0515625 0.053125
0 0.2359375 0.68671875 0.05 0.05
0 0.78828125 0.6015625 0.05 0.05
0 0.91484375 0.56484375 0.05 0.05
0 0.921875 0.684375 0.05 0.05
0 0.85 0.77578125 0.05 0.05
0 0.27421875 0.565625 0.0484375 0.05
0 0.85078125 0.66484375 0.05 0.05
0 0.7703125 0.915625 0.0484375 0.0484375
0 0.3984375 0.809375 0.0484375 0.0484375
0 0.05703125 0.73125 0.0453125 0.05
0 0.146875 0.71015625 0.0515625 0.0515625
0 0.94765625 0.59921875 0.0515625 0.0515625
0 0.0921875 0.87734375 0.05 0.05
0 0.62265625 0.48046875 0.0484375 0.05
0 0.0703125 0.6890625 0.0484375 0.05
0 0.546875 0.4625 0.0484375 0.05
0 0.55234375 0.575 0.0484375 0.05
0 0.2328125 0.578125 0.05 0.05
0 0.11328125 0.56328125 0.05 0.05
0 0.17734375 0.63125 0.05 0.0484375
0 0.3734375 0.8984375 0.05 0.05
0 0.73671875 0.490625 0.05 0.0515625
0 0.72109375 0.53359375 0.05 0.05
0 0.68203125 0.93671875 0.05 0.05
0 0.55625 0.69375 0.046875 0.0484375
0 0.88203125 0.41953125 0.05 0.0515625
0 0.31953125 0.55703125 0.05 0.0515625
0 0.353125 0.703125 0.046875 0.0484375
0 0.39140625 0.57890625 0.0484375 0.05
0 0.82890625 0.58984375 0.05 0.0515625
0 0.81171875 0.9046875 0.0484375 0.05
0 0.20546875 0.65703125 0.0484375 0.0484375
0 0.959375 0.43671875 0.05 0.05
0 0.22734375 0.8484375 0.046875 0.0484375
0 0.94375 0.4796875 0.0515625 0.0515625
0 0.77578125 0.36875 0.053125 0.0546875
0 0.23203125 0.96875 0.0484375 0.0484375
0 0.159375 0.66328125 0.0515625 0.05
0 0.146875 0.596875 0.0484375 0.0484375
0 0.58125 0.6078125 0.0484375 0.05
0 0.87109375 0.58046875 0.0515625 0.05
0 0.9296875 0.9078125 0.04375 0.03125
0 0.1078125 0.95078125 0.0484375 0.05
0 0.49140625 0.5125 0.046875 0.0484375
0 0.453125 0.63984375 0.05 0.05
0 0.66328125 0.86328125 0.05 0.05
0 0.940625 0.365625 0.05 0.0484375
0 0.88828125 0.91796875 0.04375 0.028125
0 0.2875 0.51875 0.046875 0.0484375
0 0.9890625 0.5453125 0.021875 0.05
0 0.953125 0.71484375 0.05 0.05
0 0.33203125 0.51484375 0.05 0.05
0 0.84375 0.55 0.0515625 0.0515625
0 0.75234375 0.8453125 0.0484375 0.05
0 0.83671875 0.42890625 0.05 0.0484375
0 0.21875 0.615625 0.0484375 0.0484375
0 0.809375 0.68046875 0.05 0.05
0 0.47578125 0.44140625 0.0515625 0.053125
0 0.0890625 0.91953125 0.0296875 0.0453125
0 0.196875 0.8125 0.0484375 0.05
0 0.796875 0.440625 0.05 0.05
0 0.7109375 0.95859375 0.04375 0.0234375
0 0.25625 0.88515625 0.046875 0.0484375
0 0.734375 0.7734375 0.0484375 0.0484375
0 0.66484375 0.9671875 0.04375 0.025
0 0.0796875 0.5203125 0.0546875 0.05625
0 0.98125 0.4703125 0.0375 0.05
0 0.4625 0.98359375 0.046875 0.0328125
0 0.959375 0.55546875 0.05 0.05
0 0.97421875 0.8984375 0.0453125 0.03125
0 0.52421875 0.54921875 0.05 0.05
0 0.5046875 0.47109375 0.0484375 0.0484375
0 0.5765625 0.9859375 0.04375 0.025
0 0.86953125 0.85625 0.0484375 0.0484375
0 0.60703125 0.51875 0.05 0.0515625
0 0.90234375 0.603125 0.05 0.05
0 0.721875 0.42421875 0.0484375 0.046875
0 0.75546875 0.94765625 0.0421875 0.025
0 0.6203125 0.9765625 0.04375 0.025
0 0.01015625 0.54453125 0.0203125 0.0484375
0 0.56640625 0.54140625 0.0484375 0.0484375
0 0.0734375 0.846875 0.0296875 0.0453125
0 0.11484375 0.67421875 0.05 0.05
0 0.0234375 0.62109375 0.025 0.0453125
0 0.97109375 0.40390625 0.0453125 0.046875
0 0.21328125 0.77890625 0.046875 0.0484375
0 0.84140625 0.928125 0.04375 0.028125
0 0.040625 0.7 0.0265625 0.0421875
0 0.7984375 0.93671875 0.0421875 0.0296875
0 0.975 0.51640625 0.05 0.05
0 0.9703125 0.35546875 0.028125 0.046875
0 0.05703125 0.77109375 0.028125 0.0453125
0 0.5359375 0.99140625 0.04375 0.0171875
0 0.98828125 0.43125 0.0234375 0.0453125
0 0.9953125 0.49921875 0.009375 0.0421875