0 0.0171875 0.65546875 0.034375 0.0734375
0 0.01015625 0.7296875 0.0203125 0.071875
0 0.0453125 0.4765625 0.071875 0.071875
0 0.03203125 0.53984375 0.0640625 0.0703125
0 0.025 0.59609375 0.05 0.0703125
0 0.08984375 0.56640625 0.075 0.071875
0 0.08046875 0.35546875 0.0703125 0.071875
0 0.09921875 0.29453125 0.0734375 0.071875
0 0.04296875 0.75546875 0.075 0.0703125
0 0.02109375 0.42265625 0.0421875 0.0671875
0 0.05859375 0.6859375 0.0734375 0.071875
0 0.0609375 0.41484375 0.071875 0.06875
0 0.12421875 0.44296875 0.0734375 0.071875
0 0.10859375 0.49765625 0.071875 0.0703125
0 0.15625 0.321875 0.071875 0.0703125
0 0.03515625 0.36171875 0.04375 0.0625
0 0.1375 0.38046875 0.06875 0.0671875
0 0.05 0.30078125 0.0421875 0.065625
0 0.009375 0.48046875 0.01875 0.0609375
0 0.07421875 0.62734375 0.075 0.0703125
0 0.0265625 0.80078125 0.053125 0.0671875
0 0.0203125 0.85078125 0.040625 0.0546875