1 0.678125 0.9625 0.10625 0.075
1 0.7375 0.684375 0.11875 0.1421875
0 0.2328125 0.32265625 0.1734375 0.16875
0 0.36875 0.1734375 0.1328125 0.1546875
1 0.64453125 0.89375 0.10625 0.1078125
1 0.9375 0.7859375 0.08125 0.1203125
0 0.1421875 0.87421875 0.1109375 0.1203125
0 0.07265625 0.30546875 0.1234375 0.1453125
1 0.25703125 0.821875 0.1078125 0.121875
0 0.18828125 0.7421875 0.125 0.1359375
1 0.4234375 0.88359375 0.090625 0.0921875
1 0.58125 0.959375 0.109375 0.08125
0 0.38203125 0.56328125 0.13125 0.1375
0 0.3640625 0.72578125 0.1296875 0.14375
0 0.5953125 0.31875 0.15625 0.1515625
0 0.06953125 0.7546875 0.1234375 0.1296875
1 0.43046875 0.96328125 0.0953125 0.0734375
1 0.85078125 0.64140625 0.10625 0.1046875
1 0.84140625 0.984375 0.1109375 0.03125
1 0.8921875 0.5046875 0.1140625 0.1203125
0 0.36328125 0.35234375 0.121875 0.15
1 0.9015625 0.7 0.1 0.1
0 0.1203125 0.621875 0.134375 0.140625
0 0.0203125 0.8453125 0.040625 0.13125
0 0.2609375 0.63046875 0.13125 0.1328125
1 0.9140625 0.90234375 0.1015625 0.1046875
1 0.746875 0.98828125 0.09375 0.0234375
0 0.2765625 0.478125 0.1578125 0.1546875
1 0.9171875 0.96875 0.078125 0.0625
1 0.721875 0.88203125 0.140625 0.1359375
1 0.8546875 0.80703125 0.11875 0.1328125
1 0.34375 0.84609375 0.0953125 0.0953125
1 0.80546875 0.91953125 0.125 0.1171875
1 0.96640625 0.54765625 0.0671875 0.1140625
1 0.34296875 0.93203125 0.1109375 0.109375
1 0.27265625 0.91484375 0.103125 0.125
0 0.46953125 0.66328125 0.1234375 0.134375
0 0.44296875 0.28046875 0.1171875 0.134375
0 0.06328125 0.9296875 0.1265625 0.065625
1 0.6234375 0.79921875 0.1109375 0.121875
0 0.2421875 0.134375 0.153125 0.1671875
0 0.46015625 0.415625 0.1171875 0.13125
0 0.5796875 0.5140625 0.134375 0.1375
0 0.69453125 0.3015625 0.1171875 0.134375
0 0.771875 0.38828125 0.1234375 0.1265625
0 0.6453125 0.4640625 0.103125 0.11875
0 0.12109375 0.48984375 0.1296875 0.125
0 0.02734375 0.48515625 0.0546875 0.1234375
0 0.0265625 0.63515625 0.053125 0.1234375
1 0.94140625 0.4265625 0.1015625 0.096875
1 0.79921875 0.26640625 0.09375 0.1125
1 0.75625 0.49921875 0.0984375 0.109375
1 0.7046875 0.60078125 0.084375 0.0828125
1 0.79921875 0.546875 0.084375 0.090625
1 0.659375 0.70390625 0.0875 0.090625
1 0.56875 0.73125 0.0921875 0.0890625
1 0.5265625 0.80859375 0.096875 0.1046875
1 0.45078125 0.78515625 0.0828125 0.0875
1 0.50390625 0.909375 0.090625 0.10625
1 0.9671875 0.646875 0.046875 0.0625
1 0.70859375 0.784375 0.09375 0.08125
1 0.85 0.44296875 0.0828125 0.0875
0 0.61015625 0.61015625 0.125 0.1296875
1 0.80078125 0.7453125 0.0921875 0.1
1 0.9625 0.3515625 0.075 0.09375