1 0.06171875 0.17265625 0.1234375 0.1734375
1 0.14609375 0.28515625 0.203125 0.215625
1 0.3015625 0.40546875 0.215625 0.2546875
1 0.440625 0.52109375 0.1921875 0.215625
1 0.559375 0.6375 0.221875 0.2046875
1 0.67890625 0.74453125 0.2328125 0.2390625
1 0.78984375 0.84296875 0.196875 0.2
1 0.91953125 0.8 0.1609375 0.2375
1 0.9578125 0.63828125 0.084375 0.2078125
1 0.85625 0.6921875 0.2171875 0.2296875
1 0.71875 0.58359375 0.203125 0.221875
1 0.88828125 0.5078125 0.2234375 0.221875
1 0.89609375 0.32890625 0.1953125 0.240625
0 0.74609375 0.43359375 0.21875 0.21875
1 0.57109375 0.45390625 0.2125 0.2296875
1 0.43125 0.33671875 0.23125 0.225
1 0.615625 0.29140625 0.228125 0.23125
1 0.76640625 0.203125 0.24375 0.2359375
1 0.8921875 0.17734375 0.125 0.2
1 0.8171875 0.06171875 0.190625 0.1234375
1 0.65234375 0.096875 0.2203125 0.19375
1 0.4875 0.1734375 0.2265625 0.2171875
1 0.2953125 0.2109375 0.2375 0.2375
1 0.196875 0.12890625 0.2203125 0.175
1 0.3734375 0.075 0.1890625 0.15
1 0.53671875 0.04609375 0.2109375 0.0921875