2 0.3015625 0.54140625 0.065625 0.03359375
2 0.1 0.7453125 0.05390625 0.0359375
0 0.0203125 0.91171875 0.040625 0.04375
0 0.0421875 0.95078125 0.04296875 0.0421875
0 0.06640625 0.98359375 0.040625 0.0328125
0 0.0421875 0.01015625 0.040625 0.0203125
0 0.08984375 0.01015625 0.0421875 0.0203125
0 0.13671875 0.01171875 0.0421875 0.0234375
0 0.18046875 0.01015625 0.040625 0.0203125
0 0.221875 0.009375 0.0421875 0.01875
0 0.265625 0.00859375 0.0421875 0.0171875
0 0.31171875 0.00859375 0.0390625 0.0171875
0 0.35546875 0.00859375 0.0421875 0.0171875
0 0.021875 0.0375 0.0421875 0.04140625
0 0.40078125 0.00859375 0.0421875 0.0171875
0 0.44296875 0.0078125 0.040625 0.015625
0 0.01640625 0.828125 0.0328125 0.0453125
0 0.03984375 0.8703125 0.0421875 0.0421875
0 0.0640625 0.909375 0.04375 0.046875
0 0.0875 0.946875 0.0390625 0.03984375
0 0.11328125 0.98046875 0.040625 0.0390625
0 0.0671875 0.03828125 0.04296875 0.04296875
0 0.11015625 0.03828125 0.04296875 0.0421875
0 0.159375 0.0375 0.040625 0.0421875
0 0.20078125 0.0359375 0.04453125 0.04296875
0 0.246875 0.03828125 0.0421875 0.040625
0 0.290625 0.0359375 0.03984375 0.03984375
0 0.3359375 0.03828125 0.04140625 0.03984375
0 0.378125 0.03125 0.03984375 0.040625
0 0.42265625 0.03359375 0.0421875 0.04296875
0 0.46875 0.0328125 0.04140625 0.040625
0 0.5125 0.02734375 0.03984375 0.04140625
0 0.5578125 0.0296875 0.03984375 0.03828125
0 0.59921875 0.02578125 0.040625 0.04296875
0 0.6453125 0.025 0.03984375 0.04140625
0 0.690625 0.02578125 0.04140625 0.0421875
0 0.734375 0.025 0.04140625 0.04375
0 0.7828125 0.0234375 0.0421875 0.04375
0 0.82578125 0.02109375 0.0421875 0.0421875
0 0.86953125 0.02265625 0.0421875 0.040625
0 0.915625 0.0203125 0.040625 0.040625
0 0.96171875 0.02265625 0.03984375 0.04140625
0 0.01171875 0.08203125 0.0234375 0.0421875
0 0.0453125 0.07734375 0.040625 0.04296875
0 0.0890625 0.075 0.0421875 0.0421875
0 0.1359375 0.075 0.0421875 0.04296875
0 0.1796875 0.07578125 0.04140625 0.0421875
0 0.22421875 0.07421875 0.04296875 0.04296875
0 0.26796875 0.07265625 0.0421875 0.04140625
0 0.3125 0.07265625 0.040625 0.04140625
0 0.35703125 0.07265625 0.04375 0.040625
0 0.40234375 0.07109375 0.04296875 0.04453125
0 0.45 0.07109375 0.04375 0.0421875
0 0.4921875 0.06953125 0.04140625 0.04296875
0 0.5359375 0.065625 0.04296875 0.04296875
0 0.58203125 0.0671875 0.04453125 0.04375
0 0.6265625 0.0640625 0.04140625 0.04453125
0 0.6703125 0.0640625 0.03984375 0.04453125
0 0.7140625 0.0640625 0.0421875 0.04453125
0 0.76015625 0.0671875 0.040625 0.04375
0 0.803125 0.06171875 0.0390625 0.04453125
0 0.84765625 0.0578125 0.0421875 0.04296875
0 0.8921875 0.0578125 0.03984375 0.04296875
0 0.93828125 0.059375 0.0453125 0.04375
0 0.98203125 0.059375 0.0359375 0.04375
0 0.02265625 0.11640625 0.04140625 0.040625
0 0.06796875 0.11328125 0.0421875 0.04296875
0 0.11640625 0.11640625 0.0421875 0.040625
0 0.15859375 0.11484375 0.03984375 0.04296875
0 0.20546875 0.11640625 0.04296875 0.04375
0 0.0109375 0.153125 0.021875 0.04375
0 0.0453125 0.1546875 0.0421875 0.03984375
0 0.24921875 0.1125 0.0421875 0.04453125
0 0.29453125 0.115625 0.0421875 0.0390625
0 0.33828125 0.11171875 0.0421875 0.04140625
0 0.38359375 0.1125 0.0421875 0.04140625
0 0.42734375 0.11015625 0.040625 0.04296875
0 0.471875 0.1109375 0.03984375 0.0421875
0 0.515625 0.1078125 0.0421875 0.0421875
0 0.56015625 0.10546875 0.0421875 0.04453125
0 0.60390625 0.1046875 0.03984375 0.0421875
0 0.64921875 0.10859375 0.04296875 0.04375
0 0.69296875 0.1046875 0.040625 0.0421875
0 0.7390625 0.1046875 0.04375 0.040625
0 0.7828125 0.1 0.040625 0.04140625
0 0.82578125 0.096875 0.040625 0.0421875
0 0.871875 0.1 0.040625 0.04296875
0 0.91640625 0.10078125 0.0421875 0.040625
0 0.9625 0.103125 0.0359375 0.03984375
0 0.08828125 0.15234375 0.0421875 0.04375
0 0.13359375 0.1515625 0.0421875 0.04140625
0 0.18125 0.15234375 0.0421875 0.04296875
0 0.225 0.15 0.03984375 0.04375
0 0.2703125 0.15 0.04296875 0.04296875
0 0.31328125 0.1515625 0.03984375 0.03984375
0 0.359375 0.14921875 0.04140625 0.040625
0 0.4046875 0.15 0.0390625 0.04453125
0 0.44921875 0.14765625 0.040625 0.0421875
0 0.49375 0.14453125 0.0421875 0.0421875
0 0.53671875 0.14375 0.0421875 0.04140625
0 0.5828125 0.14296875 0.03984375 0.04296875
0 0.62734375 0.146875 0.040625 0.0421875
0 0.67109375 0.14140625 0.040625 0.040625
0 0.715625 0.14140625 0.040625 0.0421875
0 0.759375 0.140625 0.0421875 0.040625
0 0.80703125 0.14296875 0.04296875 0.04296875
0 0.8515625 0.13984375 0.040625 0.040625
0 0.89375 0.1375 0.0421875 0.040625
0 0.93984375 0.140625 0.0421875 0.0421875
0 0.9828125 0.13671875 0.034375 0.0421875
0 0.02421875 0.19453125 0.0421875 0.0390625
0 0.07265625 0.19453125 0.0390625 0.03828125
0 0.11484375 0.19140625 0.0390625 0.03828125
0 0.15859375 0.1890625 0.04140625 0.04140625
0 0.20625 0.19140625 0.040625 0.0421875
0 0.246875 0.18828125 0.0390625 0.040625
0 0.29140625 0.1890625 0.04140625 0.040625
0 0.33671875 0.1890625 0.0421875 0.0421875
0 0.01796875 0.2375 0.0359375 0.040625
0 0.0578125 0.234375 0.04140625 0.03984375
0 0.109375 0.23828125 0.040625 0.040625
0 0.16328125 0.23359375 0.03984375 0.04140625
0 0.2109375 0.2390625 0.0390625 0.0390625
0 0.25625 0.23671875 0.040625 0.0421875
0 0.3046875 0.23671875 0.03828125 0.0390625
0 0.34921875 0.2328125 0.04296875 0.04453125
0 0.38203125 0.18984375 0.040625 0.040625
0 0.4265625 0.1859375 0.04140625 0.04140625
0 0.4703125 0.1828125 0.03828125 0.04140625
0 0.5171875 0.18515625 0.0390625 0.0390625
0 0.559375 0.18515625 0.0390625 0.04140625
0 0.39375 0.2328125 0.04140625 0.0421875
0 0.43984375 0.22734375 0.040625 0.04140625
0 0.48515625 0.22734375 0.0390625 0.04296875
0 0.53125 0.228125 0.04296875 0.04296875
0 0.5765625 0.22421875 0.0390625 0.04140625
0 0.6015625 0.18046875 0.03984375 0.04296875
0 0.64609375 0.184375 0.0421875 0.0390625
0 0.69140625 0.1796875 0.040625 0.04140625
0 0.7375 0.17734375 0.03984375 0.04140625
0 0.7828125 0.18046875 0.040625 0.04296875
0 0.82734375 0.18046875 0.040625 0.04140625
0 0.871875 0.17890625 0.040625 0.040625
0 0.915625 0.1765625 0.0390625 0.0421875
0 0.96015625 0.17578125 0.040625 0.040625
0 0.62109375 0.2203125 0.0421875 0.04140625
0 0.66796875 0.22109375 0.04296875 0.04296875
0 0.7171875 0.221875 0.0421875 0.0421875
0 0.76015625 0.21796875 0.0390625 0.04296875
0 0.80546875 0.2203125 0.040625 0.040625
0 0.85078125 0.21640625 0.03828125 0.04296875
0 0.89296875 0.2140625 0.04375 0.03984375
0 0.93828125 0.21328125 0.04140625 0.04296875
0 0.98203125 0.215625 0.0359375 0.040625
0 0.00859375 0.353125 0.0171875 0.040625
0 0.0203125 0.3171875 0.0390625 0.0421875
0 0.00703125 0.27890625 0.0140625 0.0390625
0 0.04296875 0.278125 0.0390625 0.0375
0 0.08984375 0.27734375 0.0390625 0.03984375
0 0.13515625 0.2703125 0.040625 0.03671875
0 0.159375 0.309375 0.04296875 0.04453125
0 0.1140625 0.3109375 0.0421875 0.040625
0 0.06796875 0.31640625 0.03984375 0.040625
0 0.0484375 0.35703125 0.040625 0.0375
0 0.09140625 0.34921875 0.04140625 0.040625
0 0.1390625 0.34921875 0.0421875 0.04296875
0 0.18046875 0.3484375 0.0421875 0.04296875
0 0.02265625 0.39453125 0.0421875 0.04140625
0 0.0703125 0.390625 0.04140625 0.03984375
0 0.11640625 0.38984375 0.03984375 0.03984375
0 0.1625 0.3890625 0.03984375 0.03984375
0 0.21015625 0.390625 0.040625 0.0421875
0 0.184375 0.4265625 0.040625 0.04140625
0 0.1390625 0.4265625 0.03828125 0.04140625
0 0.09375 0.428125 0.03984375 0.03984375
0 0.04921875 0.4296875 0.040625 0.03828125
0 0.009375 0.4328125 0.01875 0.040625
0 0.0265625 0.46875 0.03828125 0.03984375
0 0.07421875 0.4703125 0.03984375 0.0421875
0 0.12109375 0.46875 0.03984375 0.03984375
0 0.16171875 0.46640625 0.0390625 0.03984375
0 0.20703125 0.46484375 0.03984375 0.04140625
0 0.0125 0.5078125 0.025 0.0390625
0 0.05 0.509375 0.03984375 0.040625
0 0.096875 0.50703125 0.040625 0.040625
0 0.14296875 0.50625 0.03984375 0.040625
0 0.1859375 0.50546875 0.040625 0.04296875
0 0.02890625 0.54765625 0.040625 0.04375
0 0.07421875 0.5453125 0.040625 0.040625
0 0.12109375 0.54609375 0.0390625 0.040625
0 0.16328125 0.54453125 0.0390625 0.0421875
0 0.0140625 0.58671875 0.028125 0.040625
0 0.05390625 0.5859375 0.040625 0.04140625
0 0.0984375 0.58515625 0.040625 0.0421875
0 0.14296875 0.58515625 0.04140625 0.0421875
0 0.03125 0.628125 0.03984375 0.03515625
0 0.07734375 0.62421875 0.04140625 0.040625
0 0.21015625 0.54453125 0.0390625 0.0375
0 0.1890625 0.58359375 0.0421875 0.040625
0 0.23515625 0.5828125 0.04140625 0.040625
0 0.25546875 0.54140625 0.03984375 0.04140625
0 0.22890625 0.503125 0.040625 0.04375
0 0.1859375 0.27265625 0.03984375 0.03984375
0 0.23203125 0.271875 0.040625 0.0421875
0 0.27734375 0.2734375 0.04375 0.04140625
0 0.3265625 0.27578125 0.0421875 0.0390625
0 0.37421875 0.275 0.0390625 0.03828125
0 0.4171875 0.26875 0.0421875 0.04296875
0 0.209375 0.31015625 0.040625 0.0421875
0 0.25390625 0.31171875 0.0390625 0.04140625
0 0.29921875 0.3109375 0.040625 0.040625
0 0.35 0.315625 0.04140625 0.03828125
0 0.3953125 0.3078125 0.0390625 0.0421875
0 0.23203125 0.3515625 0.04296875 0.0421875
0 0.278125 0.35 0.04296875 0.0421875
0 0.3234375 0.3515625 0.03984375 0.0421875
0 0.375 0.3515625 0.03984375 0.040625
0 0.42109375 0.34921875 0.04140625 0.04375
0 0.25390625 0.39140625 0.0390625 0.03984375
0 0.29921875 0.3875 0.040625 0.040625
0 0.34609375 0.3859375 0.0421875 0.03984375
0 0.39921875 0.390625 0.04140625 0.04140625
0 0.4453125 0.3859375 0.040625 0.040625
0 0.36875 0.425 0.0421875 0.0421875
0 0.32421875 0.42578125 0.0421875 0.04140625
0 0.2796875 0.428125 0.03984375 0.040625
0 0.23125 0.428125 0.0421875 0.0421875
0 0.2546875 0.46484375 0.0421875 0.040625
0 0.3046875 0.46484375 0.040625 0.03984375
0 0.34921875 0.46640625 0.040625 0.040625
0 0.39765625 0.465625 0.0421875 0.04140625
0 0.2796875 0.503125 0.0390625 0.040625
0 0.325 0.50703125 0.04140625 0.0390625
0 0.37578125 0.50546875 0.03984375 0.04140625
0 0.3546875 0.5421875 0.0421875 0.0390625
0 0.3984375 0.5390625 0.03828125 0.040625
0 0.2796875 0.57890625 0.040625 0.04140625
0 0.328125 0.578125 0.0390625 0.03984375
0 0.37734375 0.5796875 0.040625 0.040625
0 0.12421875 0.625 0.0390625 0.0390625
0 0.16796875 0.62109375 0.0421875 0.04140625
0 0.21171875 0.61953125 0.0421875 0.04140625
0 0.2578125 0.61953125 0.0421875 0.04296875
0 0.30703125 0.61953125 0.04453125 0.0421875
0 0.35234375 0.61796875 0.04140625 0.04296875
0 0.46484375 0.26796875 0.04140625 0.0421875
0 0.5125 0.27109375 0.03984375 0.03984375
0 0.5546875 0.2609375 0.03828125 0.0421875
0 0.60078125 0.2625 0.040625 0.040625
0 0.64453125 0.2578125 0.03984375 0.0421875
0 0.6890625 0.25703125 0.040625 0.0421875
0 0.73359375 0.25625 0.0421875 0.04140625
0 0.78046875 0.25390625 0.0390625 0.040625
0 0.82421875 0.25390625 0.04296875 0.0421875
0 0.8703125 0.25625 0.03984375 0.04296875
0 0.915625 0.25390625 0.03984375 0.040625
0 0.4390625 0.3046875 0.0390625 0.0421875
0 0.4875 0.30390625 0.0421875 0.04140625
0 0.53359375 0.30390625 0.03828125 0.040625
0 0.57734375 0.30234375 0.0375 0.0375
0 0.62421875 0.3015625 0.0421875 0.040625
0 0.66640625 0.30234375 0.04375 0.040625
0 0.71328125 0.2984375 0.0421875 0.0390625
0 0.759375 0.296875 0.040625 0.03828125
0 0.80625 0.29921875 0.0421875 0.040625
0 0.85 0.29453125 0.0390625 0.0421875
0 0.8953125 0.29375 0.04375 0.04375
0 0.94296875 0.296875 0.03984375 0.03828125
0 0.98125 0.29140625 0.0375 0.040625
0 0.9609375 0.24921875 0.040625 0.040625
0 0.9625 0.33046875 0.0390625 0.040625
0 0.91875 0.33203125 0.0421875 0.0421875
0 0.87265625 0.3328125 0.04296875 0.04296875
0 0.8265625 0.3296875 0.04140625 0.04453125
0 0.4640625 0.34453125 0.04140625 0.0421875
0 0.5109375 0.34140625 0.03828125 0.0375
0 0.55390625 0.33984375 0.040625 0.0390625
0 0.60078125 0.33671875 0.0421875 0.0421875
0 0.64921875 0.33671875 0.03828125 0.03984375
0 0.690625 0.3375 0.04140625 0.0421875
0 0.73515625 0.334375 0.03984375 0.0421875
0 0.78125 0.3328125 0.04296875 0.0421875
0 0.80546875 0.36953125 0.04140625 0.04375
0 0.76171875 0.37265625 0.04140625 0.03984375
0 0.715625 0.375 0.0421875 0.040625
0 0.66953125 0.3765625 0.03984375 0.03984375
0 0.62265625 0.3765625 0.04140625 0.0421875
0 0.5796875 0.38125 0.0390625 0.03984375
0 0.5328125 0.3796875 0.03984375 0.040625
0 0.4890625 0.38203125 0.03984375 0.04140625
0 0.42265625 0.42578125 0.0390625 0.04140625
0 0.46796875 0.42265625 0.03828125 0.040625
0 0.51328125 0.42109375 0.040625 0.03984375
0 0.55703125 0.41875 0.04375 0.0421875
0 0.603125 0.4203125 0.04453125 0.04296875
0 0.64765625 0.41640625 0.04375 0.03984375
0 0.69296875 0.41328125 0.0421875 0.04375
0 0.7390625 0.41484375 0.04140625 0.0421875
0 0.7828125 0.4125 0.040625 0.04140625
0 0.446875 0.4625 0.040625 0.0421875
0 0.49140625 0.45859375 0.04296875 0.04296875
0 0.5359375 0.459375 0.03984375 0.04140625
0 0.58046875 0.45703125 0.04140625 0.04140625
0 0.62578125 0.45625 0.04140625 0.0421875
0 0.67109375 0.45234375 0.04140625 0.040625
0 0.7171875 0.45234375 0.0375 0.0421875
0 0.7609375 0.4515625 0.04140625 0.04140625
0 0.7390625 0.48984375 0.03984375 0.0421875
0 0.69453125 0.49296875 0.040625 0.0421875
0 0.64921875 0.496875 0.0421875 0.0421875
0 0.42265625 0.50078125 0.04140625 0.04296875
0 0.4703125 0.50234375 0.0421875 0.04375
0 0.515625 0.50078125 0.04140625 0.0421875
0 0.56171875 0.503125 0.03984375 0.04140625
0 0.44609375 0.53828125 0.04140625 0.0421875
0 0.49453125 0.53984375 0.0421875 0.0421875
0 0.53984375 0.53984375 0.040625 0.0421875
0 0.58515625 0.5375 0.04375 0.04375
0 0.628125 0.53515625 0.040625 0.04453125
0 0.67265625 0.534375 0.0421875 0.04296875
0 0.71875 0.53203125 0.04140625 0.0421875
0 0.85234375 0.375 0.0421875 0.03671875
0 0.8953125 0.36796875 0.04140625 0.03984375
0 0.93984375 0.36953125 0.04140625 0.040625
0 0.98046875 0.36640625 0.0390625 0.0421875
0 0.82734375 0.40859375 0.04453125 0.04296875
0 0.8734375 0.40703125 0.0421875 0.04375
0 0.91875 0.41015625 0.0421875 0.04296875
0 0.96328125 0.40546875 0.0421875 0.040625
0 0.015625 0.66796875 0.03125 0.0453125
0 0.0546875 0.6671875 0.04453125 0.04296875
0 0.0984375 0.6625 0.0421875 0.0421875
0 0.14609375 0.6640625 0.040625 0.0421875
0 0.1921875 0.6609375 0.04296875 0.0390625
0 0.23515625 0.65859375 0.0421875 0.0421875
0 0.034375 0.70703125 0.0390625 0.0421875
0 0.078125 0.70546875 0.04140625 0.0421875
0 0.12578125 0.703125 0.04296875 0.04453125
0 0.28125 0.65625 0.04375 0.04296875
0 0.215625 0.70078125 0.03984375 0.03828125
0 0.25859375 0.7 0.04453125 0.04140625
0 0.16953125 0.70234375 0.04140625 0.04140625
0 0.30546875 0.6953125 0.0421875 0.04453125
0 0.3296875 0.6578125 0.04140625 0.04296875
0 0.353125 0.696875 0.04453125 0.04296875
0 0.28046875 0.7375 0.0421875 0.04296875
0 0.23671875 0.7390625 0.040625 0.04296875
0 0.19140625 0.74140625 0.0421875 0.04296875
0 0.15 0.74453125 0.040625 0.04296875
0 0.0578125 0.7453125 0.04296875 0.040625
0 0.01484375 0.7484375 0.0296875 0.040625
0 0.03359375 0.7859375 0.0421875 0.0421875
0 0.078125 0.7875 0.04140625 0.04296875
0 0.125 0.78515625 0.0421875 0.04296875
0 0.0609375 0.8265625 0.0390625 0.04140625
0 0.10546875 0.828125 0.0421875 0.04453125
0 0.171875 0.78359375 0.04296875 0.04453125
0 0.21484375 0.7796875 0.04375 0.04140625
0 0.26171875 0.78046875 0.0421875 0.040625
0 0.3109375 0.775 0.0421875 0.04296875
0 0.1515625 0.82265625 0.0421875 0.04140625
0 0.19765625 0.8203125 0.0421875 0.04296875
0 0.240625 0.81796875 0.04296875 0.04375
0 0.28671875 0.81640625 0.04453125 0.04296875
0 0.33203125 0.8140625 0.04453125 0.04375
0 0.08359375 0.86953125 0.0453125 0.046875
0 0.12890625 0.865625 0.04375 0.04375
0 0.1734375 0.86328125 0.04140625 0.04296875
0 0.21875 0.859375 0.0421875 0.04296875
0 0.2671875 0.85625 0.04296875 0.04375
0 0.31015625 0.8546875 0.040625 0.04453125
0 0.10859375 0.90625 0.0421875 0.04296875
0 0.15625 0.903125 0.0421875 0.04296875
0 0.19921875 0.90078125 0.0421875 0.04375
0 0.24453125 0.89609375 0.04296875 0.04453125
0 0.28984375 0.8953125 0.040625 0.04375
0 0.3375 0.89375 0.04140625 0.04453125
0 0.13515625 0.94375 0.04296875 0.04375
0 0.17890625 0.940625 0.04140625 0.04296875
0 0.2234375 0.9375 0.0421875 0.04375
0 0.26953125 0.9359375 0.04140625 0.04375
0 0.3140625 0.93359375 0.03984375 0.04296875
0 0.1578125 0.9796875 0.040625 0.040625
0 0.20234375 0.97890625 0.040625 0.0421875
0 0.246875 0.975 0.04453125 0.04375
0 0.29140625 0.9734375 0.04296875 0.04375
0 0.425 0.578125 0.04296875 0.03984375
0 0.46953125 0.57734375 0.04140625 0.04140625
0 0.51640625 0.578125 0.040625 0.04453125
0 0.5609375 0.5765625 0.040625 0.04296875
0 0.60703125 0.578125 0.03828125 0.04375
0 0.6484375 0.57421875 0.0421875 0.0421875
0 0.69453125 0.57421875 0.03984375 0.04296875
0 0.7390625 0.56953125 0.0421875 0.0453125
0 0.403125 0.61796875 0.0421875 0.0453125
0 0.446875 0.61796875 0.04140625 0.040625
0 0.4921875 0.61640625 0.04140625 0.04296875
0 0.5390625 0.6171875 0.04296875 0.04140625
0 0.58359375 0.6140625 0.0421875 0.0421875
0 0.62734375 0.6140625 0.040625 0.04296875
0 0.67265625 0.61328125 0.0421875 0.04375
0 0.71875 0.61015625 0.0421875 0.04296875
0 0.37734375 0.6546875 0.04296875 0.04375
0 0.4265625 0.6578125 0.040625 0.04140625
0 0.471875 0.65546875 0.040625 0.040625
0 0.51640625 0.65625 0.040625 0.04296875
0 0.5609375 0.6546875 0.04375 0.040625
0 0.6046875 0.653125 0.04140625 0.040625
0 0.65 0.6515625 0.0453125 0.04296875
0 0.69921875 0.65078125 0.04375 0.04296875
0 0.7421875 0.6484375 0.04296875 0.040625
0 0.3984375 0.69609375 0.0453125 0.04375
0 0.44921875 0.696875 0.04296875 0.0421875
0 0.4921875 0.69296875 0.04375 0.0421875
0 0.540625 0.69453125 0.04140625 0.04296875
0 0.58515625 0.69140625 0.03984375 0.0421875
0 0.6296875 0.690625 0.04140625 0.04375
0 0.6765625 0.6890625 0.04296875 0.04296875
0 0.72109375 0.68671875 0.040625 0.040625
0 0.765625 0.684375 0.0421875 0.0421875
0 0.33046875 0.73671875 0.0421875 0.04140625
0 0.37578125 0.73515625 0.040625 0.0421875
0 0.425 0.73359375 0.040625 0.040625
0 0.4703125 0.73515625 0.040625 0.04140625
0 0.51796875 0.73359375 0.03984375 0.04296875
0 0.56015625 0.73203125 0.04140625 0.04375
0 0.35390625 0.775 0.04140625 0.04375
0 0.80546875 0.45 0.04375 0.04140625
0 0.85234375 0.4515625 0.04140625 0.04296875
0 0.8953125 0.446875 0.04140625 0.0421875
0 0.9421875 0.4453125 0.04140625 0.0421875
0 0.784375 0.49140625 0.04140625 0.04140625
0 0.8296875 0.48828125 0.03984375 0.04453125
0 0.8734375 0.4890625 0.0453125 0.04296875
0 0.91796875 0.48671875 0.04140625 0.0421875
0 0.9625 0.48515625 0.04296875 0.04140625
0 0.76171875 0.52421875 0.0421875 0.04296875
0 0.80703125 0.5296875 0.04296875 0.03984375
0 0.85234375 0.528125 0.040625 0.040625
0 0.89765625 0.5265625 0.03984375 0.040625
0 0.98203125 0.44296875 0.0359375 0.04375
0 0.60625 0.73203125 0.04140625 0.0421875
0 0.65546875 0.728125 0.0390625 0.04140625
0 0.69921875 0.72421875 0.03828125 0.040625
0 0.74296875 0.7265625 0.0390625 0.04140625
0 0.78828125 0.725 0.04140625 0.04140625
0 0.40390625 0.7765625 0.0421875 0.0421875
0 0.44921875 0.77265625 0.03984375 0.0421875
0 0.4953125 0.7734375 0.0421875 0.0421875
0 0.53984375 0.771875 0.04140625 0.040625
0 0.58671875 0.771875 0.04140625 0.04296875
0 0.63046875 0.76875 0.04140625 0.040625
0 0.68046875 0.76640625 0.04296875 0.04140625
0 0.72265625 0.76484375 0.0390625 0.04296875
0 0.7671875 0.765625 0.04140625 0.04296875
0 0.8140625 0.76328125 0.04140625 0.04296875
0 0.37734375 0.81171875 0.0421875 0.04375
0 0.35546875 0.85234375 0.040625 0.04296875
0 0.38359375 0.8890625 0.040625 0.04453125
0 0.3625 0.9296875 0.04140625 0.040625
0 0.40625 0.92890625 0.04296875 0.04296875
0 0.428125 0.81171875 0.04140625 0.0421875
0 0.47265625 0.8125 0.04140625 0.04140625
0 0.51875 0.8125 0.04140625 0.04140625
0 0.5625 0.8109375 0.03984375 0.03984375
0 0.60859375 0.8109375 0.04296875 0.04140625
0 0.4046875 0.85234375 0.04296875 0.0421875
0 0.4515625 0.8515625 0.0390625 0.04296875
0 0.496875 0.8515625 0.040625 0.04140625
0 0.54296875 0.85234375 0.0421875 0.04296875
0 0.58671875 0.8515625 0.0421875 0.0421875
0 0.6328125 0.84921875 0.04296875 0.040625
0 0.42734375 0.890625 0.04296875 0.040625
0 0.475 0.8921875 0.04296875 0.0421875
0 0.52265625 0.89140625 0.0421875 0.04296875
0 0.56640625 0.89140625 0.03984375 0.04140625
0 0.6109375 0.88984375 0.040625 0.0421875
0 0.65625 0.88671875 0.04296875 0.04296875
0 0.33828125 0.9703125 0.04453125 0.04296875
0 0.38515625 0.97109375 0.0421875 0.04140625
0 0.45234375 0.93046875 0.0421875 0.04140625
0 0.5 0.9296875 0.040625 0.040625
0 0.54296875 0.92890625 0.0421875 0.0421875
0 0.590625 0.92890625 0.04375 0.0421875
0 0.6359375 0.92734375 0.04375 0.0421875
0 0.68125 0.925 0.040625 0.04453125
0 0.43125 0.97109375 0.04296875 0.04453125
0 0.47734375 0.96953125 0.0421875 0.0421875
0 0.5234375 0.96953125 0.04140625 0.0421875
0 0.5703125 0.96640625 0.040625 0.0421875
0 0.6140625 0.96484375 0.0421875 0.04375
0 0.66015625 0.9671875 0.0421875 0.0421875
0 0.70390625 0.96171875 0.040625 0.04296875
0 0.75078125 0.9625 0.03984375 0.040625
0 0.775 0.9890625 0.0421875 0.021875
0 0.94453125 0.5296875 0.04140625 0.04296875
0 0.984375 0.5234375 0.03125 0.04375
0 0.78515625 0.56953125 0.0421875 0.04296875
0 0.83046875 0.56796875 0.0390625 0.040625
0 0.8765625 0.56953125 0.0375 0.03984375
0 0.9203125 0.565625 0.040625 0.0421875
0 0.96328125 0.5640625 0.040625 0.04296875
0 0.76171875 0.60703125 0.04140625 0.04296875
0 0.8078125 0.60546875 0.040625 0.0421875
0 0.853125 0.60546875 0.04140625 0.04140625
0 0.89765625 0.60625 0.0421875 0.04140625
0 0.94375 0.60546875 0.03984375 0.0421875
0 0.9828125 0.603125 0.034375 0.04375
0 0.7859375 0.64453125 0.040625 0.04375
0 0.83203125 0.64375 0.03828125 0.04140625
0 0.8765625 0.64453125 0.040625 0.040625
0 0.92109375 0.64375 0.04140625 0.040625
0 0.96640625 0.6453125 0.040625 0.0421875
0 0.81015625 0.68046875 0.0421875 0.04296875
0 0.85546875 0.684375 0.040625 0.04140625
0 0.9 0.68515625 0.04140625 0.0421875
0 0.94453125 0.6828125 0.04140625 0.040625
0 0.9859375 0.68203125 0.028125 0.040625
0 0.834375 0.7234375 0.04453125 0.0421875
0 0.8796875 0.72265625 0.04296875 0.04296875
0 0.92421875 0.72265625 0.0421875 0.0421875
0 0.971875 0.721875 0.0421875 0.040625
0 0.8578125 0.76484375 0.0421875 0.04140625
0 0.90390625 0.7625 0.04140625 0.0421875
0 0.94921875 0.76171875 0.040625 0.04296875
0 0.9875 0.75859375 0.025 0.0421875
0 0.65390625 0.80625 0.04296875 0.0421875
0 0.70234375 0.80546875 0.0390625 0.0421875
0 0.74609375 0.80390625 0.0421875 0.0421875
0 0.7921875 0.80390625 0.040625 0.0421875
0 0.83671875 0.80234375 0.0421875 0.0421875
0 0.88359375 0.80390625 0.04296875 0.0421875
0 0.9265625 0.80234375 0.04296875 0.040625
0 0.9734375 0.8015625 0.04375 0.0421875
0 0.67890625 0.8453125 0.04140625 0.0421875
0 0.72265625 0.846875 0.04375 0.04140625
0 0.76796875 0.84375 0.04140625 0.0421875
0 0.81328125 0.84296875 0.040625 0.040625
0 0.86015625 0.84296875 0.040625 0.040625
0 0.9046875 0.8421875 0.03984375 0.04140625
0 0.94921875 0.83828125 0.0421875 0.0421875
0 0.98671875 0.8375 0.0265625 0.040625
0 0.703125 0.8859375 0.04296875 0.04296875
0 0.74921875 0.88515625 0.0390625 0.0390625
0 0.79453125 0.884375 0.04375 0.03828125
0 0.83828125 0.88125 0.0421875 0.0421875
0 0.88515625 0.8796875 0.04140625 0.040625
0 0.92890625 0.8765625 0.0390625 0.04296875
0 0.97421875 0.8765625 0.040625 0.04296875
0 0.72734375 0.9234375 0.0421875 0.04453125
0 0.77265625 0.92265625 0.04140625 0.0421875
0 0.8171875 0.921875 0.040625 0.04140625
0 0.86328125 0.9203125 0.040625 0.04375
0 0.91015625 0.91796875 0.04140625 0.04296875
0 0.95390625 0.91796875 0.04296875 0.04296875
0 0.98984375 0.91640625 0.0203125 0.04375
0 0.97734375 0.95625 0.040625 0.040625
0 0.9328125 0.95703125 0.040625 0.04140625
0 0.88828125 0.96015625 0.0421875 0.04296875
0 0.8421875 0.9609375 0.04296875 0.04296875
0 0.79921875 0.96171875 0.04140625 0.040625
0 0.82109375 0.9890625 0.040625 0.021875
0 0.8671875 0.9890625 0.0421875 0.021875
0 0.9109375 0.9890625 0.040625 0.021875
0 0.95546875 0.9875 0.04375 0.025
0 0.60703125 0.496875 0.04296875 0.04453125