0 0.39296875 0.99296875 0.0515625 0.0140625
0 0.44140625 0.99140625 0.0515625 0.0171875
0 0.21796875 0.99296875 0.0515625 0.0140625
0 0.26484375 0.9859375 0.0546875 0.028125
0 0.3140625 0.97890625 0.053125 0.0421875
0 0.3625 0.97734375 0.053125 0.0453125
0 0.409375 0.96796875 0.053125 0.053125
0 0.45625 0.95234375 0.0515625 0.05
0 0.09140625 0.98515625 0.0453125 0.0296875
0 0.1375 0.98125 0.05625 0.0375
0 0.1859375 0.9734375 0.05625 0.053125
0 0.234375 0.9609375 0.05625 0.053125
0 0.2828125 0.9484375 0.053125 0.053125
0 0.3296875 0.93984375 0.053125 0.0546875
0 0.3765625 0.9328125 0.0515625 0.0515625
0 0.4234375 0.92109375 0.0546875 0.053125
0 0.10390625 0.95859375 0.0515625 0.05
0 0.15234375 0.94375 0.05 0.053125
0 0.20234375 0.93671875 0.05625 0.05625
0 0.246875 0.91484375 0.05 0.05
0 0.29375 0.9109375 0.0546875 0.05
0 0.34296875 0.8984375 0.0546875 0.05
0 0.39453125 0.8890625 0.0875 0.0828125
0 0.4390625 0.87734375 0.0546875 0.053125
0 0.07890625 0.91875 0.04375 0.05
0 0.1203125 0.903125 0.0546875 0.0515625
0 0.16875 0.89375 0.0546875 0.0484375
0 0.21484375 0.8875 0.05 0.05
0 0.26171875 0.87890625 0.05625 0.0484375
0 0.31015625 0.86484375 0.053125 0.05
0 0.35859375 0.8515625 0.05625 0.0515625
0 0.40703125 0.84140625 0.0546875 0.053125
0 0.45546875 0.8328125 0.05625 0.0546875
0 0.08828125 0.87734375 0.053125 0.0515625
0 0.1359375 0.86171875 0.05625 0.053125
0 0.18125 0.85078125 0.05 0.0515625
0 0.228125 0.846875 0.05 0.0515625
0 0.2765625 0.82890625 0.0515625 0.053125
0 0.32421875 0.81640625 0.053125 0.05
0 0.37265625 0.80703125 0.053125 0.046875
0 0.42109375 0.8 0.0578125 0.0546875
0 0.471875 0.78046875 0.053125 0.05
0 0.06171875 0.85 0.03125 0.046875
0 0.096875 0.840625 0.0546875 0.0484375
0 0.146875 0.80703125 0.0578125 0.0515625
0 0.196875 0.80703125 0.053125 0.05625
0 0.24296875 0.8078125 0.0484375 0.0515625
0 0.28984375 0.7921875 0.0546875 0.05
0 0.34140625 0.775 0.05625 0.053125
0 0.38984375 0.76171875 0.053125 0.0546875
0 0.4390625 0.74765625 0.053125 0.053125
0 0.484375 0.7375 0.05 0.05
0 0.0671875 0.803125 0.053125 0.0546875
0 0.0484375 0.76640625 0.0328125 0.0515625
0 0.1125 0.76640625 0.0578125 0.05625
0 0.1625 0.76015625 0.05625 0.0578125
0 0.2125 0.7625 0.053125 0.0578125
0 0.2578125 0.75703125 0.0515625 0.0546875
0 0.30234375 0.75 0.0515625 0.05
0 0.3109375 0.70703125 0.0546875 0.0515625
0 0.35234375 0.7296875 0.0546875 0.0515625
0 0.36015625 0.69609375 0.053125 0.05
0 0.39765625 0.72265625 0.053125 0.0546875
0 0.44765625 0.7109375 0.05625 0.05
0 0.49609375 0.7 0.0515625 0.05
0 0.490625 0.98046875 0.053125 0.0390625
0 0.53984375 0.97109375 0.0546875 0.0515625
0 0.58828125 0.95546875 0.0546875 0.0515625
0 0.63515625 0.95625 0.0515625 0.053125
0 0.6828125 0.94375 0.0546875 0.05
0 0.72578125 0.9484375 0.05 0.05
0 0.50390625 0.9484375 0.0515625 0.0515625
0 0.55234375 0.93046875 0.0609375 0.053125
0 0.603125 0.9203125 0.0578125 0.05625
0 0.65078125 0.90859375 0.05 0.053125
0 0.6953125 0.909375 0.05 0.0515625
0 0.74140625 0.903125 0.0546875 0.053125
0 0.471875 0.90859375 0.0515625 0.053125
0 0.5203125 0.90078125 0.0578125 0.0578125
0 0.5703125 0.884375 0.0578125 0.053125
0 0.6171875 0.8734375 0.053125 0.053125
0 0.66640625 0.8625 0.05625 0.053125
0 0.7140625 0.85234375 0.0546875 0.0546875
0 0.76171875 0.840625 0.05625 0.0515625
0 0.4875 0.86484375 0.0546875 0.0546875
0 0.53671875 0.853125 0.05625 0.05625
0 0.5859375 0.84609375 0.053125 0.053125
0 0.634375 0.82890625 0.0546875 0.0546875
0 0.68125 0.82265625 0.05625 0.053125
0 0.7296875 0.8078125 0.0578125 0.05625
0 0.778125 0.79375 0.0546875 0.053125
0 0.50390625 0.81796875 0.053125 0.0515625
0 0.5546875 0.8 0.05625 0.053125
0 0.6015625 0.79296875 0.05 0.0515625
0 0.6453125 0.7875 0.053125 0.0515625
0 0.6921875 0.778125 0.0515625 0.0484375
0 0.74140625 0.7640625 0.0578125 0.053125
0 0.7921875 0.75234375 0.0546875 0.0515625
0 0.51796875 0.77421875 0.0515625 0.0515625
0 0.56328125 0.76328125 0.053125 0.05
0 0.60625 0.7546875 0.0546875 0.053125
0 0.6546875 0.7484375 0.05 0.0546875
0 0.7015625 0.74453125 0.0515625 0.05
0 0.75859375 0.71953125 0.0546875 0.0546875
0 0.8046875 0.70625 0.053125 0.0515625
0 0.53125 0.73125 0.05 0.05
0 0.57578125 0.72109375 0.0546875 0.0515625
0 0.62265625 0.709375 0.0515625 0.0546875
0 0.66640625 0.70859375 0.053125 0.053125
0 0.72109375 0.69375 0.05625 0.05
0 0.76796875 0.678125 0.05 0.05
0 0.81953125 0.67421875 0.059375 0.053125
0 0.54296875 0.6875 0.0546875 0.0546875
0 0.5875 0.6875 0.0515625 0.053125
0 0.6390625 0.66640625 0.053125 0.053125
0 0.684375 0.66171875 0.05625 0.05625
0 0.7328125 0.65390625 0.0515625 0.05
0 0.7796875 0.63828125 0.0578125 0.05625
0 0.83515625 0.62109375 0.05625 0.0546875