0 0.0625 0.6375 0.05 0.0484375
0 0.040625 0.16328125 0.04375 0.0453125
0 0.046875 0.0484375 0.04375 0.0375
0 0.175 0.14609375 0.0453125 0.046875
0 0.146875 0.10859375 0.046875 0.0453125
0 0.07265625 0.08125 0.04375 0.0453125
0 0.01796875 0.31953125 0.0359375 0.0453125
0 0.13125 0.1546875 0.046875 0.0453125
0 0.0109375 0.0484375 0.021875 0.034375
0 0.11875 0.07734375 0.046875 0.046875
0 0.0421875 0.478125 0.046875 0.0453125
0 0.203125 0.18515625 0.0453125 0.0453125
0 0.24296875 0.096875 0.046875 0.046875
0 0.225 0.13828125 0.046875 0.046875
0 0.2890625 0.09453125 0.0453125 0.046875
0 0.059375 0.1234375 0.0453125 0.046875
0 0.01953125 0.5203125 0.0390625 0.046875
0 0.2171875 0.06015625 0.046875 0.046875
0 0.04921875 0.5578125 0.046875 0.0453125
0 0.0078125 0.16796875 0.015625 0.0453125
0 0.08671875 0.47734375 0.0453125 0.0453125
0 0.0890625 0.3546875 0.046875 0.0453125
0 0.2171875 0.26171875 0.046875 0.046875
0 0.0796875 0.59453125 0.0453125 0.046875
0 0.03046875 0.2828125 0.0453125 0.0453125
0 0.02578125 0.4015625 0.046875 0.0453125
0 0.1359375 0.0390625 0.046875 0.03125
0 0.23671875 0.21796875 0.0484375 0.046875
0 0.1203125 0.39140625 0.0453125 0.046875
0 0.15078125 0.31015625 0.0453125 0.046875
0 0.09609375 0.2328125 0.0453125 0.0453125
0 0.0296875 0.7265625 0.0328125 0.0453125
0 0.1875 0.2265625 0.0453125 0.046875
0 0.08515625 0.16015625 0.0453125 0.0453125
0 0.13203125 0.4734375 0.0453125 0.0453125
0 0.078125 0.27890625 0.0453125 0.0453125
0 0.0171875 0.12734375 0.034375 0.0453125
0 0.06640625 0.20234375 0.04375 0.0453125
0 0.04375 0.36171875 0.0453125 0.046875
0 0.0953125 0.55390625 0.0453125 0.0453125
0 0.05703125 0.3171875 0.04375 0.0453125
0 0.1578125 0.1890625 0.0453125 0.0453125
0 0.26796875 0.13828125 0.0453125 0.0453125
0 0.0484375 0.23828125 0.0453125 0.0453125
0 0.10546875 0.31171875 0.0453125 0.0453125
0 0.10390625 0.11796875 0.0453125 0.0453125
0 0.125 0.271875 0.0453125 0.0453125
0 0.2 0.30546875 0.0453125 0.0453125
0 0.16328125 0.38828125 0.0453125 0.0453125
0 0.015625 0.44296875 0.03125 0.0453125
0 0.02734375 0.08671875 0.0453125 0.046875
0 0.13515625 0.35078125 0.0453125 0.0453125
0 0.009375 0.36328125 0.01875 0.0453125
0 0.0890625 0.0421875 0.0453125 0.0328125
0 0.0734375 0.39375 0.0484375 0.0453125
0 0.11328125 0.1953125 0.04375 0.04375
0 0.06484375 0.5171875 0.046875 0.0453125
0 0.1671875 0.27109375 0.0453125 0.046875
0 0.0125 0.24375 0.025 0.046875
0 0.25390625 0.178125 0.0484375 0.0453125
0 0.1609375 0.07109375 0.0453125 0.0453125
0 0.10234375 0.43671875 0.0453125 0.0453125
0 0.26171875 0.0546875 0.046875 0.046875
0 0.0203125 0.6453125 0.025 0.04375
0 0.021875 0.20390625 0.04375 0.0453125
0 0.30625 0.05234375 0.0453125 0.0453125
0 0.1953125 0.10546875 0.046875 0.0453125
0 0.04296875 0.68203125 0.046875 0.046875
0 0.23515625 0.02890625 0.04375 0.0265625
0 0.14609375 0.4328125 0.0453125 0.0453125
0 0.1828125 0.3453125 0.046875 0.0453125
0 0.14453125 0.228125 0.04375 0.046875
0 0.1875 0.0328125 0.046875 0.028125
0 0.02890625 0.59921875 0.0484375 0.046875
0 0.05546875 0.4359375 0.046875 0.046875
0 0.3234375 0.021875 0.046875 0.0234375
0 0.003125 0.2859375 0.00625 0.04375
0 0.01171875 0.5640625 0.0203125 0.0453125
0 0.27890625 0.025 0.0421875 0.025
0 0.02265625 0.76875 0.0125 0.04375
0 0.00625 0.4859375 0.0125 0.04375