0 0.4 0.90234375 0.0703125 0.0734375
0 0.85 0.98515625 0.075 0.0296875
0 0.28046875 0.8546875 0.075 0.075
0 0.04921875 0.32265625 0.0609375 0.071875
0 0.7671875 0.62109375 0.075 0.0734375
0 0.2109375 0.2984375 0.0765625 0.075
0 0.3390625 0.88203125 0.0703125 0.0734375
0 0.38203125 0.83671875 0.071875 0.0734375
0 0.628125 0.83203125 0.0734375 0.075
0 0.14765625 0.290625 0.06875 0.0703125
0 0.928125 0.81875 0.05625 0.0703125
0 0.61171875 0.49765625 0.078125 0.075
0 0.51953125 0.92109375 0.0734375 0.0734375
0 0.7421875 0.7828125 0.075 0.0734375
0 0.24140625 0.371875 0.0765625 0.0765625
0 0.371875 0.75234375 0.075 0.0734375
0 0.6421875 0.63046875 0.078125 0.075
0 0.61328125 0.984375 0.0734375 0.03125
0 0.6875 0.84609375 0.0703125 0.075
0 0.75078125 0.85390625 0.0734375 0.0734375
0 0.28984375 0.67734375 0.0765625 0.0734375
0 0.12578125 0.5875 0.075 0.0734375
0 0.39453125 0.63984375 0.071875 0.0734375
0 0.71796875 0.72578125 0.0734375 0.0734375
0 0.64609375 0.44609375 0.0734375 0.06875
0 0.8375 0.63984375 0.078125 0.075
0 0.234375 0.19765625 0.075 0.0734375
0 0.08203125 0.26875 0.078125 0.0765625
0 0.3546875 0.94921875 0.0703125 0.0703125
0 0.59453125 0.678125 0.078125 0.0765625
0 0.3625 0.51640625 0.071875 0.071875
0 0.44453125 0.8515625 0.0734375 0.0734375
0 0.728125 0.9703125 0.075 0.059375
0 0.821875 0.878125 0.0765625 0.0765625
0 0.45625 0.92265625 0.0734375 0.0734375
0 0.1921875 0.24609375 0.0765625 0.071875
0 0.43984375 0.33046875 0.071875 0.075
0 0.3296875 0.62109375 0.075 0.0734375
0 0.11015625 0.346875 0.0734375 0.0734375
0 0.41953125 0.7046875 0.075 0.0734375
0 0.31015625 0.5609375 0.0765625 0.071875
0 0.79765625 0.746875 0.075 0.0734375
0 0.64453125 0.89921875 0.078125 0.075
0 0.04921875 0.5234375 0.0734375 0.071875
0 0.171875 0.5390625 0.0734375 0.0734375
0 0.2921875 0.928125 0.0765625 0.0734375
0 0.5453125 0.97734375 0.075 0.0453125
0 0.2125 0.83828125 0.0765625 0.075
0 0.834375 0.94765625 0.071875 0.071875
0 0.09453125 0.034375 0.0515625 0.06875
0 0.30703125 0.74140625 0.0703125 0.06875
0 0.26796875 0.4390625 0.075 0.071875
0 0.66015625 0.96015625 0.075 0.071875
0 0.78671875 0.978125 0.0703125 0.04375
0 0.6625 0.715625 0.0703125 0.0734375
0 0.68203125 0.52734375 0.078125 0.0765625
0 0.475 0.975 0.071875 0.05
0 0.7125 0.91328125 0.071875 0.0703125
0 0.28671875 0.4953125 0.0765625 0.0734375
0 0.065625 0.39453125 0.0765625 0.0734375
0 0.3546875 0.69609375 0.071875 0.0703125
0 0.3203125 0.80234375 0.075 0.075
1 0.21796875 0.49140625 0.0671875 0.0703125
0 0.27734375 0.26796875 0.0734375 0.0734375
0 0.096875 0.7015625 0.06875 0.065625
0 0.0859375 0.63984375 0.0765625 0.071875
1 0.771875 0.9265625 0.0625 0.065625
1 0.56640625 0.81484375 0.0703125 0.075
0 0.11796875 0.75859375 0.071875 0.0671875
1 0.20078125 0.43046875 0.0671875 0.0625
1 0.24140625 0.55 0.0765625 0.0671875
1 0.89375 0.89140625 0.08125 0.0703125
1 0.70546875 0.6578125 0.0640625 0.065625
0 0.3765625 0.32421875 0.075 0.0734375
0 0.15 0.653125 0.0703125 0.071875
1 0.70078125 0.5984375 0.0703125 0.0625
0 0.159375 0.0703125 0.0765625 0.0703125
1 0.8953125 0.95546875 0.06875 0.071875
1 0.5375 0.74453125 0.065625 0.0765625
1 0.2234375 0.9046875 0.0671875 0.0703125
1 0.5421875 0.496875 0.0765625 0.06875
0 0.0953125 0.0953125 0.0703125 0.0703125
1 0.871875 0.82890625 0.071875 0.0671875
1 0.45078125 0.41171875 0.071875 0.078125
1 0.63203125 0.5734375 0.0609375 0.0640625
1 0.503125 0.8015625 0.078125 0.0640625
1 0.384375 0.396875 0.0828125 0.075
1 0.48515625 0.53828125 0.071875 0.0765625
1 0.51328125 0.43125 0.0765625 0.071875
1 0.603125 0.75234375 0.0828125 0.0765625
1 0.58828125 0.940625 0.0703125 0.0640625
1 0.425 0.53125 0.075 0.06875
0 0.34921875 0.2671875 0.078125 0.075
1 0.471875 0.475 0.075 0.0703125
1 0.17109375 0.709375 0.071875 0.065625
1 0.1359375 0.42265625 0.0703125 0.0703125
1 0.89453125 0.575 0.078125 0.084375
1 0.19765625 0.6046875 0.075 0.071875
1 0.30390625 0.3296875 0.0796875 0.0765625
1 0.53671875 0.640625 0.075 0.0828125
0 0.503125 0.353125 0.0765625 0.0703125
0 0.42109375 0.9671875 0.0734375 0.0625
0 0.903125 0.9921875 0.0375 0.015625
1 0.55546875 0.56328125 0.0921875 0.084375
1 0.18125 0.76953125 0.0703125 0.065625
1 0.259375 0.61328125 0.06875 0.0703125
0 0.134375 0.81640625 0.0734375 0.0734375
1 0.67109375 0.7796875 0.071875 0.0671875
1 0.571875 0.87890625 0.0765625 0.0671875
1 0.465625 0.65625 0.071875 0.071875
1 0.50234375 0.5984375 0.059375 0.0609375
1 0.39765625 0.4578125 0.0796875 0.075
1 0.384375 0.57578125 0.0625 0.065625
1 0.7203125 0.465625 0.0890625 0.0734375
1 0.57734375 0.44453125 0.06875 0.06875
1 0.2140625 0.6671875 0.0765625 0.0671875
1 0.33828125 0.44765625 0.071875 0.071875
1 0.50703125 0.8546875 0.075 0.0734375
1 0.47890625 0.7484375 0.075 0.071875
1 0.23671875 0.72578125 0.071875 0.06875
1 0.8671875 0.70703125 0.0796875 0.071875
1 0.24609375 0.78046875 0.0765625 0.0671875
1 0.4421875 0.59296875 0.075 0.065625
1 0.42890625 0.79140625 0.0703125 0.059375
1 0.1234375 0.16484375 0.0796875 0.0796875
1 0.81171875 0.81171875 0.06875 0.0625
1 0.1625 0.8890625 0.0734375 0.065625
1 0.7546875 0.5546875 0.0828125 0.075
1 0.82265625 0.57578125 0.071875 0.06875
1 0.93515625 0.690625 0.075 0.0671875
1 0.1609375 0.4796875 0.0671875 0.0578125
1 0.203125 0.12890625 0.0734375 0.071875
1 0.509375 0.69296875 0.0734375 0.0578125
1 0.309375 0.38984375 0.0796875 0.0640625
1 0.03359375 0.45546875 0.0671875 0.0703125
0 0.24921875 0.95546875 0.0625 0.025
1 0.1859375 0.93984375 0.0671875 0.0359375
1 0.92890625 0.75078125 0.0765625 0.075
1 0.06015625 0.58046875 0.071875 0.059375
1 0.8734375 0.76953125 0.071875 0.059375
0 0.18046875 0.35703125 0.0765625 0.0796875
0 0.309375 0.9671875 0.0625 0.025
1 0.0765625 0.215625 0.071875 0.0609375
1 0.09609375 0.47109375 0.075 0.0671875
1 0.91875 0.63125 0.0890625 0.078125
0 0.0609375 0.14609375 0.025 0.0796875