0 0.6609375 0.175 0.0671875 0.0671875
0 0.13515625 0.08359375 0.065625 0.065625
0 0.0734375 0.07578125 0.0671875 0.065625
0 0.3546875 0.04140625 0.06875 0.065625
0 0.42421875 0.0453125 0.06875 0.06875
0 0.63359375 0.1140625 0.065625 0.0625
0 0.99140625 0.2 0.0171875 0.065625
0 0.10703125 0.025 0.0671875 0.05
0 0.84453125 0.134375 0.0671875 0.0671875
0 0.7671875 0.13515625 0.0671875 0.065625
0 0.48828125 0.05 0.06875 0.065625
0 0.9796875 0.13515625 0.040625 0.0671875
0 0.61328125 0.06015625 0.0671875 0.0640625
0 0.575 0.11015625 0.0671875 0.065625
0 0.259375 0.084375 0.065625 0.0640625
0 0.2859375 0.14375 0.06875 0.065625
0 0.4484375 0.103125 0.065625 0.0640625
0 0.878125 0.1890625 0.06875 0.0640625
0 0.953125 0.19296875 0.0671875 0.065625
0 0.653125 0.02578125 0.0640625 0.03125
0 0.74609375 0.08125 0.06875 0.065625
0 0.3828125 0.09609375 0.06875 0.0671875
0 0.0515625 0.12421875 0.0359375 0.065625
0 0.409375 0.1578125 0.06875 0.0671875
0 0.1703125 0.0328125 0.06875 0.065625
0 0.5984375 0.17109375 0.0640625 0.0640625
0 0.55 0.0578125 0.0671875 0.065625
0 0.06171875 0.025 0.0328125 0.05
0 0.32109375 0.08984375 0.065625 0.0640625
0 0.725 0.18203125 0.0703125 0.0671875
0 0.81015625 0.0859375 0.06875 0.0671875
0 0.4765625 0.16796875 0.0671875 0.0640625
0 0.23046875 0.02890625 0.0671875 0.0578125
0 0.53671875 0.16875 0.065625 0.065625
0 0.92265625 0.14453125 0.0671875 0.065625
0 0.29609375 0.034375 0.065625 0.065625
0 0.58984375 0.02109375 0.0671875 0.034375
0 0.50859375 0.09921875 0.065625 0.0640625
0 0.45625 0.009375 0.06875 0.01875
0 0.328125 0.00859375 0.06875 0.0171875
0 0.2203125 0.13203125 0.0671875 0.065625
0 0.096875 0.128125 0.06875 0.0625
0 0.84921875 0.053125 0.0640625 0.0421875
0 0.79765625 0.18125 0.0703125 0.0671875
0 0.95390625 0.08125 0.0671875 0.0640625
0 0.39140625 0.0078125 0.0640625 0.015625
0 0.15859375 0.12734375 0.065625 0.0625
0 0.5234375 0.01875 0.065625 0.0375
0 0.3453125 0.1375 0.065625 0.0609375
0 0.1953125 0.078125 0.065625 0.0609375
0 0.678125 0.05390625 0.0671875 0.0640625
0 0.78203125 0.0375 0.0734375 0.0296875
0 0.7171875 0.03203125 0.0671875 0.0296875