1 0.21796875 0.2328125 0.25 0.196875
1 0.1375 0.371875 0.18046875 0.19296875
1 0.32734375 0.35390625 0.1921875 0.1875
1 0.6171875 0.225 0.23828125 0.18203125
1 0.5265625 0.37265625 0.21953125 0.1953125
1 0.9265625 0.18984375 0.146875 0.1828125
1 0.715625 0.3796875 0.1828125 0.1828125
1 0.90078125 0.3328125 0.1984375 0.1703125
1 0.7140625 0.96171875 0.1828125 0.0765625
1 0.81171875 0.82890625 0.1734375 0.19765625
1 0.9046875 0.70078125 0.18984375 0.1859375
1 0.9390625 0.5375 0.121875 0.1953125
1 0.809375 0.53828125 0.1875 0.1890625
1 0.71328125 0.67578125 0.21328125 0.18984375
1 0.63515625 0.8375 0.21328125 0.18359375
1 0.56015625 0.93515625 0.178125 0.1296875
1 0.3921875 0.94609375 0.2078125 0.1078125
1 0.45390625 0.821875 0.190625 0.21171875
1 0.53359375 0.659375 0.16171875 0.18828125
1 0.625 0.5375 0.20859375 0.18984375
1 0.4265625 0.503125 0.18203125 0.1953125
1 0.246875 0.521875 0.1953125 0.1828125
1 0.36640625 0.68046875 0.20859375 0.18671875
1 0.0796875 0.52109375 0.159375 0.1890625
1 0.1828125 0.6703125 0.18203125 0.20546875
1 0.2703125 0.82734375 0.18984375 0.18984375
1 0.05078125 0.68671875 0.1015625 0.2078125
1 0.09375 0.85390625 0.184375 0.18828125
1 0.215625 0.946875 0.190625 0.10625