1 0.0796875 0.73828125 0.121875 0.1875
1 0.15703125 0.878125 0.2296875 0.2078125
1 0.23828125 0.94453125 0.2109375 0.1109375
1 0.89765625 0.83203125 0.2046875 0.2109375
1 0.746875 0.86953125 0.1875 0.1921875
1 0.59609375 0.90703125 0.2078125 0.1859375
1 0.41015625 0.91796875 0.2203125 0.1640625
1 0.31640625 0.8078125 0.203125 0.2078125
1 0.47578125 0.77421875 0.234375 0.1984375
1 0.63828125 0.740625 0.2140625 0.196875
1 0.7875 0.68671875 0.21875 0.19375
1 0.9265625 0.6640625 0.146875 0.209375
1 0.85390625 0.525 0.2171875 0.1921875
1 0.66796875 0.57578125 0.2453125 0.209375
1 0.50625 0.60859375 0.196875 0.184375
1 0.33984375 0.64375 0.2546875 0.2125
1 0.165625 0.7046875 0.1796875 0.1875
1 0.0796875 0.55546875 0.159375 0.1890625
1 0.19921875 0.5203125 0.2390625 0.2125
1 0.37890625 0.48515625 0.2203125 0.2046875
1 0.54921875 0.43671875 0.2375 0.1921875
1 0.72265625 0.3984375 0.203125 0.2015625
1 0.884375 0.32265625 0.209375 0.1953125
1 0.9109375 0.20234375 0.121875 0.1921875
1 0.7421875 0.22109375 0.2078125 0.1875
1 0.5859375 0.28515625 0.1859375 0.2046875
1 0.415625 0.3234375 0.2265625 0.196875
1 0.228125 0.36640625 0.225 0.2046875
1 0.08984375 0.38046875 0.1796875 0.1828125
1 0.0390625 0.2515625 0.078125 0.18125
1 0.1296875 0.221875 0.225 0.2125
1 0.29765625 0.2046875 0.2046875 0.2078125
1 0.453125 0.1640625 0.221875 0.19375
1 0.62734375 0.1140625 0.25625 0.2078125
1 0.8296875 0.0921875 0.203125 0.184375
1 0.70078125 0.0328125 0.1953125 0.065625
1 0.375 0.059375 0.209375 0.11875
1 0.19296875 0.0859375 0.2046875 0.115625
1 0.0578125 0.1203125 0.115625 0.128125