1 0.11015625 0.06640625 0.1859375 0.1328125
1 0.20859375 0.20625 0.1640625 0.18125
1 0.33046875 0.36015625 0.16875 0.2203125
1 0.4375 0.50625 0.1515625 0.184375
1 0.52421875 0.64765625 0.1875 0.1640625
1 0.6140625 0.78046875 0.190625 0.1984375
1 0.6984375 0.903125 0.1625 0.165625
1 0.8765625 0.903125 0.20625 0.19375
1 0.94453125 0.753125 0.1109375 0.1859375
1 0.79921875 0.77265625 0.175 0.19375
1 0.6921875 0.634375 0.1625 0.1875
1 0.8765625 0.603125 0.190625 0.18125
1 0.92578125 0.4296875 0.1484375 0.2109375
0 0.7546875 0.4953125 0.18125 0.1796875
1 0.58046875 0.47265625 0.171875 0.19375
1 0.47265625 0.325 0.1921875 0.184375
1 0.6625 0.32578125 0.1875 0.1921875
1 0.83046875 0.2765625 0.203125 0.1921875
1 0.95859375 0.28203125 0.0828125 0.1859375
1 0.9234375 0.1125 0.153125 0.1734375
1 0.746875 0.140625 0.184375 0.165625
1 0.5671875 0.18046875 0.190625 0.1765625
1 0.37109375 0.1703125 0.196875 0.196875
1 0.2953125 0.06640625 0.19375 0.1328125
1 0.4796875 0.05703125 0.165625 0.1140625
1 0.6515625 0.046875 0.19375 0.09375