0 0.4671875 0.96953125 0.0578125 0.0578125
0 0.5171875 0.978125 0.059375 0.04375
0 0.56484375 0.9828125 0.0578125 0.034375
0 0.6109375 0.98828125 0.053125 0.0234375
0 0.65703125 0.990625 0.0546875 0.01875
0 0.45078125 0.93046875 0.05625 0.053125
0 0.49765625 0.93984375 0.05625 0.053125
0 0.54453125 0.94921875 0.053125 0.053125
0 0.5921875 0.95703125 0.0546875 0.053125
0 0.6390625 0.96953125 0.0546875 0.0546875
0 0.6890625 0.971875 0.0546875 0.05625
0 0.73671875 0.975 0.0578125 0.05
0 0.7828125 0.98046875 0.053125 0.0390625
0 0.83046875 0.9828125 0.0546875 0.034375
0 0.87890625 0.9875 0.0578125 0.025
0 0.43203125 0.88671875 0.0546875 0.0546875
0 0.4640625 0.85546875 0.0546875 0.05625
0 0.48125 0.90546875 0.05625 0.0546875
0 0.5296875 0.90546875 0.0546875 0.0546875
0 0.51328125 0.86015625 0.0578125 0.0578125
0 0.56171875 0.8609375 0.05625 0.0546875
0 0.57734375 0.90703125 0.0546875 0.05625
0 0.60703125 0.87734375 0.0546875 0.05625
0 0.62421875 0.921875 0.05625 0.05625
0 0.67265625 0.92890625 0.05625 0.0546875
0 0.7203125 0.92890625 0.053125 0.053125
0 0.765625 0.9375 0.0546875 0.053125
0 0.81328125 0.94921875 0.0578125 0.0546875
0 0.8609375 0.9578125 0.053125 0.053125
0 0.896875 0.96640625 0.0390625 0.05
0 0.65390625 0.8828125 0.0609375 0.0609375
0 0.7015625 0.890625 0.0546875 0.05625
0 0.75 0.89765625 0.0546875 0.0546875
0 0.79609375 0.90625 0.05625 0.0546875
0 0.84375 0.91875 0.0546875 0.0578125
0 0.8921875 0.92109375 0.0578125 0.0578125
0 0.0125 0.8859375 0.025 0.04375
0 0.04453125 0.89765625 0.053125 0.0421875
0 0.09140625 0.9046875 0.053125 0.046875
0 0.1359375 0.91328125 0.053125 0.0484375
0 0.1828125 0.91953125 0.0578125 0.05625
0 0.23125 0.93046875 0.05625 0.05625
0 0.278125 0.9390625 0.059375 0.05625
0 0.3265625 0.94609375 0.059375 0.0578125
0 0.3765625 0.95625 0.053125 0.0546875
0 0.42265625 0.9640625 0.0546875 0.05625
0 0.028125 0.8609375 0.05625 0.053125
0 0.07421875 0.8671875 0.0546875 0.05625
0 0.11953125 0.87578125 0.0578125 0.0546875
0 0.1671875 0.87890625 0.0546875 0.05625
0 0.2140625 0.884375 0.0609375 0.0625
0 0.26171875 0.89296875 0.0546875 0.05625
0 0.30703125 0.90390625 0.05625 0.053125
0 0.3546875 0.91171875 0.059375 0.05625
0 0.409375 0.92265625 0.08125 0.078125
0 0.01796875 0.81484375 0.0359375 0.0546875
0 0.05390625 0.82109375 0.0546875 0.05625
0 0.1015625 0.8296875 0.05625 0.05625
0 0.1484375 0.84140625 0.05625 0.0515625
0 0.19765625 0.83515625 0.0546875 0.05625
0 0.246875 0.84609375 0.0578125 0.0546875
0 0.29296875 0.85703125 0.0546875 0.0546875
0 0.3390625 0.86875 0.0546875 0.05625
0 0.3859375 0.88359375 0.0578125 0.0625
0 0.009375 0.7640625 0.01875 0.05625
0 0.03671875 0.7734375 0.059375 0.05625
0 0.084375 0.7828125 0.0546875 0.0546875
0 0.1328125 0.7953125 0.0515625 0.053125
0 0.17890625 0.80546875 0.053125 0.0546875
0 0.23125 0.80703125 0.0546875 0.0515625
0 0.278125 0.8203125 0.053125 0.05
0 0.325 0.828125 0.053125 0.0515625
0 0.36953125 0.83984375 0.053125 0.053125
0 0.415625 0.85 0.053125 0.0546875
0 0.35859375 0.796875 0.05625 0.05625
0 0.11484375 0.74296875 0.0609375 0.0609375
0 0.06328125 0.74453125 0.0546875 0.053125