1 0.915625 0.53125 0.16875 0.234375
1 0.83359375 0.86640625 0.2140625 0.171875
1 0.76796875 0.04375 0.2140625 0.0875
1 0.25703125 0.1265625 0.215625 0.196875
1 0.3125 0.4171875 0.225 0.234375
1 0.48828125 0.3765625 0.2140625 0.1984375
1 0.275 0.56328125 0.2234375 0.2296875
1 0.56640625 0.19296875 0.23125 0.26875
1 0.153125 0.44921875 0.1890625 0.190625
1 0.22421875 0.28828125 0.2203125 0.228125
1 0.44921875 0.53984375 0.2234375 0.209375
1 0.39296875 0.6984375 0.203125 0.2203125
1 0.58046875 0.06484375 0.1953125 0.1296875
1 0.65 0.90390625 0.2171875 0.1828125
1 0.09375 0.1796875 0.1875 0.21875
1 0.42109375 0.08359375 0.2046875 0.1671875
1 0.56171875 0.63515625 0.2296875 0.234375
1 0.071875 0.340625 0.14375 0.228125
1 0.690625 0.7203125 0.196875 0.1546875
1 0.84375 0.27421875 0.215625 0.246875
1 0.7671875 0.60546875 0.2046875 0.240625
1 0.63203125 0.4703125 0.2375 0.290625
1 0.01484375 0.2046875 0.0296875 0.19375
1 0.79765625 0.425 0.225 0.26875
1 0.95390625 0.81484375 0.0921875 0.1984375
1 0.67578125 0.3109375 0.1859375 0.1953125
1 0.73203125 0.13515625 0.2203125 0.2234375
1 0.39296875 0.23984375 0.225 0.221875
1 0.884375 0.67734375 0.2296875 0.1671875
1 0.86171875 0.09296875 0.1546875 0.1859375
1 0.9390625 0.37421875 0.121875 0.2265625
1 0.54375 0.86484375 0.196875 0.1265625
1 0.52109375 0.7765625 0.2046875 0.121875
1 0.14609375 0.09296875 0.2171875 0.096875
1 0.02421875 0.11796875 0.0484375 0.0640625
1 0.89609375 0.78046875 0.2 0.1125
1 0.934375 0.2203125 0.0640625 0.153125
1 0.97578125 0.6484375 0.0484375 0.146875