0 0.87265625 0.44609375 0.0703125 0.071875
0 0.1796875 0.27109375 0.0734375 0.071875
0 0.6625 0.5765625 0.0734375 0.071875
0 0.78203125 0.54453125 0.0734375 0.0703125
0 0.38671875 0.81796875 0.075 0.0734375
0 0.334375 0.3359375 0.075 0.0734375
0 0.0671875 0.26328125 0.0734375 0.071875
0 0.65625 0.7 0.0703125 0.071875
0 0.028125 0.48671875 0.05625 0.0734375
0 0.39453125 0.54296875 0.071875 0.0734375
0 0.82890625 0.5 0.0734375 0.0734375
0 0.64140625 0.24140625 0.075 0.071875
0 0.28828125 0.9265625 0.0765625 0.0734375
0 0.11015625 0.425 0.0734375 0.071875
0 0.3671875 0.2734375 0.075 0.0734375
0 0.12265625 0.77890625 0.0703125 0.06875
0 0.45234375 0.82421875 0.0734375 0.0734375
0 0.2203125 0.11640625 0.075 0.0734375
0 0.321875 0.80625 0.0734375 0.071875
0 0.0453125 0.3203125 0.0546875 0.071875
0 0.6984375 0.64609375 0.071875 0.0703125
0 0.4625 0.659375 0.075 0.0734375
0 0.5671875 0.025 0.071875 0.05
0 0.6 0.56328125 0.0703125 0.0703125
0 0.53046875 0.44140625 0.071875 0.071875
0 0.01484375 0.5890625 0.0296875 0.06875
0 0.5734375 0.12734375 0.0765625 0.0734375
0 0.91953125 0.265625 0.0734375 0.0734375
0 0.64140625 0.1296875 0.0734375 0.0703125
0 0.9015625 0.08671875 0.075 0.0671875
0 0.43515625 0.2734375 0.071875 0.071875
0 0.0453125 0.425 0.0734375 0.0734375
0 0.57421875 0.49375 0.0765625 0.071875
0 0.58984375 0.68046875 0.0703125 0.0703125
0 0.75703125 0.4859375 0.075 0.0734375
0 0.359375 0.46640625 0.0734375 0.0734375
0 0.26953125 0.3359375 0.071875 0.0734375
0 0.16875 0.4484375 0.0703125 0.071875
0 0.3296875 0.21875 0.0765625 0.071875
0 0.29453125 0.459375 0.071875 0.071875
0 0.965625 0.0953125 0.06875 0.065625
0 0.47890625 0.89921875 0.071875 0.071875
0 0.45625 0.5515625 0.071875 0.0734375
0 0.7609375 0.07421875 0.0765625 0.071875
0 0.375 0.9390625 0.0765625 0.0765625
0 0.490625 0.49609375 0.0734375 0.071875
0 0.47265625 0.32890625 0.075 0.0734375
0 0.1453125 0.91328125 0.075 0.075
0 0.74453125 0.60234375 0.071875 0.0734375
0 0.01953125 0.725 0.0390625 0.075
0 0.63125 0.63046875 0.0734375 0.0703125
0 0.3265625 0.53046875 0.0734375 0.0734375
0 0.5328125 0.54609375 0.075 0.0734375
0 0.49921875 0.2671875 0.0734375 0.071875
0 0.334375 0.4015625 0.0734375 0.071875
0 0.3984375 0.215625 0.071875 0.0734375
0 0.52578125 0.675 0.0734375 0.0734375
0 0.4984375 0.60390625 0.075 0.0734375
0 0.40625 0.6953125 0.0734375 0.071875
0 0.74296875 0.30859375 0.075 0.0734375
0 0.55078125 0.73671875 0.0734375 0.071875
0 0.571875 0.37421875 0.071875 0.071875
0 0.5203125 0.85234375 0.071875 0.071875
0 0.68359375 0.19140625 0.0765625 0.075
0 0.7328125 0.4203125 0.0734375 0.071875
0 0.24296875 0.27578125 0.071875 0.0703125
0 0.2296875 0.4625 0.071875 0.0734375
0 0.8609375 0.1296875 0.0734375 0.071875
0 0.184375 0.73984375 0.075 0.0734375
0 0.37734375 0.1015625 0.075 0.071875
0 0.6375 0.5140625 0.0734375 0.071875
0 0.6109375 0.07421875 0.075 0.0734375
0 0.796875 0.43359375 0.0765625 0.075
0 0.12421875 0.71328125 0.075 0.0734375
0 0.43984375 0.959375 0.0703125 0.0734375
0 0.41484375 0.87890625 0.075 0.071875
0 0.06328125 0.75859375 0.0734375 0.0703125
0 0.59921875 0.434375 0.071875 0.071875
0 0.2140625 0.85859375 0.075 0.071875
0 0.7 0.35859375 0.071875 0.071875
0 0.4671875 0.21328125 0.071875 0.071875
0 0.76796875 0.36484375 0.0734375 0.0703125
0 0.084375 0.3625 0.075 0.075
0 0.60703125 0.18203125 0.075 0.071875
0 0.13203125 0.84375 0.0734375 0.0734375
0 0.659375 0.41171875 0.0734375 0.0734375
0 0.71328125 0.24375 0.0734375 0.0703125
0 0.56328125 0.8078125 0.071875 0.071875
0 0.9328125 0.1453125 0.075 0.071875
0 0.82734375 0.19375 0.0765625 0.075
0 0.4828125 0.71875 0.0734375 0.0671875
0 0.5640625 0.61953125 0.071875 0.071875
0 0.3046875 0.2734375 0.06875 0.071875
0 0.421875 0.76328125 0.0734375 0.071875
0 0.1953125 0.01328125 0.075 0.0265625
0 0.85546875 0.259375 0.0734375 0.0703125
0 0.50859375 0.3796875 0.0734375 0.0703125
0 0.2375 0.21171875 0.0765625 0.0734375
0 0.0484375 0.5484375 0.075 0.0734375
0 0.3546875 0.15703125 0.0734375 0.0703125
0 0.540625 0.31484375 0.071875 0.071875
0 0.26796875 0.40234375 0.071875 0.071875
0 0.60234375 0.2953125 0.0734375 0.0734375
0 0.20546875 0.33125 0.075 0.071875
0 0.425 0.4828125 0.0703125 0.071875
0 0.0359375 0.634375 0.071875 0.071875
0 0.225 0.575 0.075 0.075
0 0.3546875 0.75078125 0.075 0.0734375
0 0.89375 0.19921875 0.075 0.0734375
0 0.359375 0.59921875 0.0734375 0.0734375
0 0.18671875 0.16953125 0.071875 0.0703125
0 0.2875 0.1046875 0.0734375 0.071875
0 0.05546875 0.209375 0.040625 0.065625
0 0.18125 0.80234375 0.0703125 0.065625
0 0.690625 0.46953125 0.075 0.071875
0 0.50390625 0.778125 0.0703125 0.071875
0 0.1296875 0.228125 0.075 0.071875
0 0.91796875 0.39609375 0.0796875 0.075
0 0.1515625 0.3625 0.0671875 0.071875
0 0.071875 0.82734375 0.075 0.0734375
0 0.6765625 0.3046875 0.06875 0.0703125
0 0.6359375 0.028125 0.0703125 0.0359375
0 0.12265625 0.30390625 0.0734375 0.071875
0 0.0234375 0.79921875 0.046875 0.0734375
0 0.2921875 0.5828125 0.0734375 0.071875
0 0.46484375 0.43671875 0.075 0.0734375
0 0.7171875 0.53203125 0.0703125 0.06875
0 0.6171875 0.74375 0.0671875 0.06875
0 0.18046875 0.51796875 0.0765625 0.075
0 0.83984375 0.38203125 0.075 0.071875
0 0.8125 0.3140625 0.071875 0.0734375
1 0.29375 0.7359375 0.0703125 0.0703125
1 0.15703125 0.60703125 0.078125 0.071875
1 0.7578125 0.18984375 0.0703125 0.065625
1 0.94765625 0.3328125 0.0734375 0.065625
0 0.2015625 0.39296875 0.0703125 0.071875
1 0.3296875 0.66796875 0.071875 0.0640625
1 0.40546875 0.03671875 0.0765625 0.0640625
1 0.1296875 0.03125 0.078125 0.0625
1 0.71328125 0.128125 0.075 0.065625
1 0.36953125 0.00859375 0.0640625 0.0171875
1 0.15234375 0.10625 0.0734375 0.06875
1 0.403125 0.340625 0.06875 0.0640625
0 0.63125 0.3515625 0.071875 0.0703125
1 0.8765625 0.32578125 0.06875 0.06875
1 0.25078125 0.79375 0.06875 0.065625
0 0.72109375 0.0390625 0.0734375 0.03125
1 0.48671875 0.13359375 0.0734375 0.0671875
1 0.4859375 0.03046875 0.06875 0.0609375
1 0.33046875 0.040625 0.06875 0.075
0 0.07578125 0.8859375 0.075 0.071875
1 0.56171875 0.2390625 0.0671875 0.0765625
1 0.23984375 0.69375 0.0703125 0.078125
1 0.11640625 0.55234375 0.065625 0.0734375
1 0.5265625 0.07421875 0.0828125 0.071875
1 0.825 0.0796875 0.065625 0.0734375
1 0.4484375 0.08828125 0.0640625 0.075
1 0.27578125 0.853125 0.065625 0.06875
1 0.4 0.40703125 0.071875 0.0796875
1 0.11015625 0.15625 0.075 0.0796875
1 0.096875 0.0828125 0.0671875 0.0734375
0 0.21015625 0.92578125 0.075 0.071875
1 0.06328125 0.68359375 0.0734375 0.08125
1 0.784375 0.13046875 0.075 0.0609375
1 0.78125 0.2484375 0.06875 0.0703125
1 0.19375 0.05625 0.06875 0.0734375
1 0.10390625 0.48828125 0.065625 0.071875
1 0.3375 0.87265625 0.078125 0.075
1 0.6796875 0.07265625 0.071875 0.0734375
0 0.01171875 0.9125 0.0234375 0.034375
1 0.525 0.18046875 0.0671875 0.0703125
1 0.96328125 0.2078125 0.0578125 0.0609375
0 0.021875 0.38359375 0.028125 0.065625
1 0.01796875 0.86640625 0.0359375 0.0640625
1 0.98359375 0.15859375 0.0328125 0.0609375
1 0.97890625 0.2890625 0.0421875 0.075
1 0.2578125 0.03515625 0.071875 0.0703125
0 0.096875 0.9328125 0.06875 0.0296875
1 0.08203125 0.02578125 0.0359375 0.0515625
1 0.2796875 0.159375 0.065625 0.059375
1 0.06796875 0.12265625 0.0359375 0.053125
1 0.428125 0.15078125 0.059375 0.059375
0 0.4203125 0.60625 0.071875 0.0703125
0 0.265625 0.51796875 0.0671875 0.0671875
1 0.28046875 0.63359375 0.0703125 0.053125