1 0.1390625 0.61484375 0.2484375 0.259375
1 0.321875 0.59921875 0.2265625 0.234375
1 0.50546875 0.525 0.265625 0.246875
1 0.68828125 0.4375 0.2375 0.2171875
1 0.865625 0.3859375 0.221875 0.23125
1 0.2015625 0.9828125 0.16875 0.034375
1 0.36328125 0.953125 0.2109375 0.09375
1 0.5453125 0.91875 0.221875 0.1625
1 0.7328125 0.86953125 0.221875 0.2078125
1 0.90546875 0.8265625 0.1890625 0.19375
1 0.97890625 0.78359375 0.0421875 0.1984375
1 0.93046875 0.5015625 0.1390625 0.221875
1 0.915625 0.67578125 0.16875 0.2421875
1 0.775 0.72109375 0.2125 0.2234375
1 0.603125 0.79375 0.24375 0.2328125
1 0.4125 0.8546875 0.234375 0.2296875
1 0.22265625 0.903125 0.2359375 0.19375
1 0.14453125 0.78125 0.2015625 0.190625
1 0.2921875 0.73828125 0.23125 0.2328125
1 0.46796875 0.67578125 0.2265625 0.225
1 0.64453125 0.58984375 0.2296875 0.2359375
1 0.809375 0.56796875 0.228125 0.2328125