0 0.21328125 0.00859375 0.0734375 0.0171875
0 0.4109375 0.37578125 0.0734375 0.0734375
0 0.02734375 0.421875 0.05 0.06875
0 0.37890625 0.63828125 0.075 0.0734375
0 0.39296875 0.09375 0.075 0.0734375
0 0.078125 0.43671875 0.06875 0.071875
0 0.29609375 0.0296875 0.0734375 0.059375
0 0.371875 0.5109375 0.071875 0.0734375
0 0.13671875 0.45625 0.071875 0.0734375
0 0.46015625 0.31640625 0.0734375 0.071875
0 0.04921875 0.303125 0.065625 0.071875
0 0.58203125 0.640625 0.0734375 0.071875
0 0.19921875 0.49140625 0.0734375 0.075
0 0.76484375 0.05546875 0.0671875 0.0609375
0 0.446875 0.13984375 0.071875 0.071875
0 0.79453125 0.36953125 0.071875 0.0703125
0 0.33984375 0.6921875 0.0703125 0.0734375
0 0.90625 0.10625 0.071875 0.071875
0 0.09765625 0.59296875 0.0734375 0.071875
0 0.2375 0.040625 0.0703125 0.06875
0 0.15546875 0.21171875 0.075 0.0765625
0 0.96796875 0.1453125 0.0640625 0.071875
0 0.4796875 0.37890625 0.071875 0.071875
0 0.37578125 0.9015625 0.0734375 0.0765625
0 0.625 0.5890625 0.0703125 0.0734375
0 0.6078125 0.51796875 0.0734375 0.0734375
0 0.5234375 0.31640625 0.0734375 0.0734375
0 0.08203125 0.70703125 0.071875 0.071875
0 0.58125 0.45234375 0.075 0.0734375
0 0.6203125 0.27421875 0.0734375 0.0734375
0 0.2390625 0.7625 0.071875 0.075
0 0.528125 0.68984375 0.0734375 0.071875
0 0.09453125 0.09296875 0.0734375 0.075
0 0.309375 0.4796875 0.0703125 0.0703125
0 0.0078125 0.80703125 0.015625 0.0703125
0 0.2578125 0.6265625 0.0703125 0.075
0 0.271875 0.7 0.071875 0.0734375
0 0.16328125 0.02890625 0.0734375 0.0578125
0 0.1296875 0.65078125 0.0734375 0.0734375
0 0.82578125 0.07578125 0.071875 0.071875
0 0.34921875 0.35703125 0.071875 0.06875
0 0.55546875 0.26015625 0.0703125 0.0703125
0 0.4484375 0.79140625 0.0734375 0.0734375
0 0.6 0.19765625 0.0734375 0.071875
0 0.2625 0.521875 0.071875 0.0734375
0 0.5484375 0.3875 0.071875 0.0734375
0 0.81640625 0.140625 0.071875 0.0703125
0 0.22421875 0.30546875 0.0734375 0.071875
0 0.13671875 0.89296875 0.071875 0.071875
0 0.8421875 0.3234375 0.071875 0.071875
0 0.43671875 0.50859375 0.0703125 0.0734375
0 0.25 0.453125 0.0734375 0.0734375
0 0.4390625 0.009375 0.06875 0.01875
0 0.5015625 0.75390625 0.071875 0.075
0 0.3015625 0.415625 0.071875 0.071875
0 0.04765625 0.8125 0.071875 0.0734375
0 0.309375 0.88671875 0.0734375 0.075
0 0.49453125 0.546875 0.071875 0.071875
0 0.1828125 0.4171875 0.071875 0.0703125
0 0.175 0.35234375 0.0734375 0.0703125
0 0.12421875 0.8296875 0.0734375 0.071875
0 0.30625 0.7625 0.071875 0.075
0 0.31953125 0.61484375 0.0703125 0.075
0 0.09296875 0.17578125 0.0703125 0.0703125
0 0.5578125 0.57109375 0.0703125 0.071875
0 0.0578125 0.496875 0.075 0.071875
0 0.61640625 0.39296875 0.0734375 0.0703125
0 0.65234375 0.0921875 0.0734375 0.071875
1 0.096875 0.24609375 0.0703125 0.06875
0 0.05703125 0.6453125 0.071875 0.0703125
0 0.34140625 0.821875 0.071875 0.071875
0 0.88046875 0.0578125 0.0703125 0.0375
1 0.36796875 0.42578125 0.0671875 0.0640625
0 0.67578125 0.52890625 0.0734375 0.071875
0 0.96171875 0.075 0.0703125 0.0515625
1 0.39453125 0.178125 0.075 0.0703125
1 0.10703125 0.3234375 0.06875 0.0671875
1 0.4890625 0.446875 0.071875 0.0671875
1 0.25390625 0.184375 0.06875 0.0671875
1 0.80078125 0.25078125 0.065625 0.05625
1 0.31484375 0.203125 0.065625 0.075
1 0.4875 0.25546875 0.071875 0.0625
0 0.54296875 0.49921875 0.0734375 0.0703125
1 0.66640625 0.33984375 0.0609375 0.0625
1 0.340625 0.14296875 0.0671875 0.0625
1 0.08828125 0.02421875 0.0703125 0.0484375
1 0.034375 0.57421875 0.06875 0.0765625
1 0.5703125 0.04375 0.0734375 0.078125
1 0.2859375 0.33671875 0.06875 0.06875
1 0.1671875 0.56640625 0.065625 0.0765625
1 0.1671875 0.08828125 0.0734375 0.0703125
1 0.42578125 0.24765625 0.059375 0.06875
1 0.43515625 0.58046875 0.0609375 0.06875
1 0.32421875 0.0828125 0.075 0.065625
1 0.68984375 0.4046875 0.0734375 0.0640625
1 0.5171875 0.12578125 0.0734375 0.075
1 0.3703125 0.2421875 0.06875 0.0734375
1 0.0328125 0.734375 0.065625 0.08125
0 0.50859375 0.6109375 0.0765625 0.071875
1 0.64921875 0.459375 0.06875 0.0671875
1 0.59453125 0.3265625 0.075 0.0625
1 0.84296875 0.21015625 0.065625 0.065625
1 0.52890625 0.19765625 0.078125 0.078125
0 0.74375 0.10859375 0.0703125 0.0671875
1 0.7515625 0.41328125 0.0625 0.0609375
1 0.06875 0.87734375 0.0703125 0.0703125
1 0.10390625 0.76953125 0.065625 0.0640625
1 0.2328125 0.10078125 0.065625 0.0578125
1 0.2125 0.68828125 0.065625 0.0734375
1 0.2390625 0.37578125 0.06875 0.06875
1 0.28359375 0.1328125 0.0640625 0.0734375
1 0.1859375 0.625 0.0703125 0.059375
1 0.20390625 0.15 0.0640625 0.0640625
1 0.04609375 0.22578125 0.0421875 0.0765625
1 0.69453125 0.27890625 0.071875 0.078125
1 0.8796875 0.15546875 0.065625 0.0546875
1 0.14453125 0.721875 0.0734375 0.071875
1 0.37890625 0.76640625 0.0703125 0.0671875
1 0.63203125 0.0328125 0.06875 0.0484375
1 0.40390625 0.703125 0.065625 0.0609375
1 0.228125 0.5640625 0.065625 0.0578125
1 0.01953125 0.8765625 0.0390625 0.078125
1 0.17265625 0.78046875 0.0671875 0.0609375
1 0.73046875 0.35390625 0.0703125 0.0609375
1 0.396875 0.31015625 0.0640625 0.071875
1 0.4296875 0.4421875 0.059375 0.0671875
1 0.2078125 0.90234375 0.0734375 0.078125
1 0.75703125 0.29765625 0.0609375 0.0671875
1 0.371875 0.575 0.0703125 0.0625
1 0.59375 0.115625 0.0828125 0.0859375
1 0.159375 0.28203125 0.06875 0.0734375
1 0.75234375 0.17890625 0.0671875 0.06875
1 0.05859375 0.36875 0.0734375 0.071875
1 0.25234375 0.825 0.06875 0.0609375
1 0.275 0.259375 0.075 0.0765625
0 0.6953125 0.2078125 0.0703125 0.06875
1 0.19140625 0.83359375 0.059375 0.065625
1 0.71640625 0.475 0.06875 0.0765625
1 0.26171875 0.9296875 0.06875 0.06875
1 0.14453125 0.13828125 0.0671875 0.059375
1 0.4671875 0.059375 0.0796875 0.0703125
1 0.46328125 0.67734375 0.0625 0.06875
1 0.4984375 0.02734375 0.06875 0.0546875
1 0.21328125 0.23671875 0.0625 0.071875
1 0.33828125 0.29296875 0.0703125 0.075
0 0.05625 0.06796875 0.021875 0.0703125
1 0.4609375 0.196875 0.0609375 0.0625
1 0.0140625 0.66484375 0.028125 0.0640625
1 0.409375 0.840625 0.071875 0.0640625
1 0.3625 0.00625 0.08125 0.0125
1 0.0515625 0.14921875 0.0328125 0.0703125
1 0.65234375 0.1578125 0.0703125 0.065625
1 0.915625 0.1953125 0.059375 0.05
1 0.7390625 0.234375 0.05625 0.059375
1 0.32734375 0.95546875 0.065625 0.059375
1 0.0390625 0.92734375 0.078125 0.0453125
1 0.88359375 0.25625 0.065625 0.0546875
1 0.175 0.946875 0.05625 0.040625
1 0.70859375 0.0328125 0.0703125 0.028125