0 0.04921875 0.94609375 0.0421875 0.04453125
0 0.09453125 0.9421875 0.0453125 0.0453125
0 0.49765625 0.92890625 0.04375 0.04609375
0 0.59375 0.909375 0.04375 0.04609375
0 0.253125 0.96328125 0.0421875 0.0421875
0 0.54453125 0.925 0.04453125 0.046875
0 0.22734375 0.92890625 0.04375 0.04609375
0 0.275 0.925 0.04453125 0.04609375
0 0.76484375 0.9203125 0.0453125 0.04609375
0 0.434375 0.96796875 0.0421875 0.040625
0 0.6765625 0.92109375 0.04375 0.04609375
0 0.65390625 0.9640625 0.04453125 0.04375
0 0.8203125 0.90234375 0.0453125 0.04609375
0 0.71875 0.921875 0.04296875 0.04453125
0 0.63359375 0.92421875 0.040625 0.04453125
0 0.01328125 0.94453125 0.0265625 0.04375
0 0.94296875 0.91171875 0.04375 0.04453125
0 0.18359375 0.934375 0.04296875 0.04453125
0 0.31953125 0.9375 0.04296875 0.0453125
0 0.16171875 0.97890625 0.0421875 0.0421875
0 0.1140625 0.9828125 0.040625 0.034375
0 0.51875 0.9703125 0.04296875 0.04296875
0 0.90234375 0.9140625 0.04453125 0.0453125
0 0.984375 0.9078125 0.03125 0.046875
0 0.07109375 0.98359375 0.04296875 0.0328125
0 0.14296875 0.91328125 0.0453125 0.046875
0 0.0296875 0.9828125 0.040625 0.034375
0 0.8578125 0.98671875 0.04375 0.0265625
0 0.7875 0.96015625 0.0421875 0.04296875
0 0.703125 0.95703125 0.04296875 0.04375
0 0.453125 0.93359375 0.04140625 0.04375
0 0.4109375 0.93359375 0.04609375 0.04453125
0 0.77109375 0.98828125 0.04375 0.0234375
0 0.7421875 0.96328125 0.04375 0.04296875
0 0.9265625 0.94765625 0.040625 0.04453125
0 0.5640625 0.9703125 0.04296875 0.0421875
0 0.20625 0.971875 0.04296875 0.04375
0 0.6796875 0.9890625 0.0421875 0.021875
0 0.83671875 0.95625 0.04453125 0.04296875
0 0.475 0.971875 0.040625 0.04140625
0 0.9484375 0.98515625 0.04375 0.0296875
0 0.63125 0.99140625 0.040625 0.0171875
0 0.61015625 0.96640625 0.0421875 0.04375
0 0.5453125 0.9921875 0.04375 0.015625
0 0.81484375 0.98828125 0.04296875 0.02265625
0 0.36796875 0.91328125 0.0453125 0.04609375
0 0.971875 0.946875 0.04296875 0.0421875
0 0.3890625 0.97109375 0.04296875 0.04140625
0 0.33984375 0.97890625 0.0421875 0.0421875
0 0.903125 0.9859375 0.0421875 0.028125
0 0.5875 0.9921875 0.04375 0.01484375
0 0.72421875 0.9890625 0.04296875 0.02109375
0 0.859375 0.909375 0.0390625 0.04375
0 0.296875 0.9796875 0.040625 0.040625
0 0.9859375 0.98515625 0.028125 0.0296875
0 0.8828125 0.95 0.04609375 0.0453125
0 0.18203125 0.9953125 0.0421875 0.009375
0 0.49921875 0.99375 0.04296875 0.01171875
0 0.23125 0.98984375 0.0421875 0.0203125
0 0.00390625 0.98203125 0.0078125 0.0359375
0 0.41171875 0.9953125 0.04375 0.009375
0 0.14375 0.99453125 0.034375 0.009375
0 0.3671875 0.99609375 0.0421875 0.0078125
0 0.453125 0.99375 0.0421875 0.01171875
0 0.99609375 0.946875 0.0078125 0.0421875