2 0.73828125 0.07421875 0.0609375 0.0515625
0 0.49765625 0.13828125 0.046875 0.0484375
0 0.746875 0.271875 0.0484375 0.0484375
0 0.63515625 0.5109375 0.05 0.0484375
0 0.296875 0.015625 0.046875 0.03125
0 0.95859375 0.24453125 0.046875 0.0484375
0 0.96015625 0.1671875 0.046875 0.0484375
0 0.78359375 0.07421875 0.046875 0.046875
0 0.5609375 0.54921875 0.053125 0.0515625
0 0.7703125 0.3109375 0.0484375 0.0484375
0 0.94921875 0.0515625 0.0453125 0.03125
0 0.3390625 0.0171875 0.046875 0.034375
0 0.9890625 0.325 0.021875 0.046875
0 0.5265625 0.4609375 0.0484375 0.046875
0 0.9453125 0.92265625 0.0421875 0.0484375
0 0.75625 0.915625 0.0453125 0.0484375
0 0.9578125 0.76171875 0.0453125 0.0484375
0 0.6046875 0.346875 0.0515625 0.0546875
0 0.8828125 0.803125 0.046875 0.0484375
0 0.90234375 0.40234375 0.046875 0.046875
0 0.50390625 0.425 0.0515625 0.0515625
0 0.528125 0.0203125 0.04375 0.040625
0 0.915625 0.1640625 0.0453125 0.046875
0 0.7328125 0.875 0.046875 0.0484375
0 0.4 0.22265625 0.046875 0.0484375
0 0.6109375 0.5484375 0.0484375 0.0484375
0 0.95078125 0.84453125 0.0453125 0.0484375
0 0.70234375 0.2734375 0.05 0.0484375
0 0.8453125 0.9859375 0.046875 0.028125
0 0.82109375 0.95859375 0.0453125 0.046875
0 0.98359375 0.4859375 0.0328125 0.05
0 0.97890625 0.2859375 0.0421875 0.046875
0 0.67265625 0.6765625 0.046875 0.0484375
0 0.9453125 0.4875 0.046875 0.05
0 0.99296875 0.16640625 0.0140625 0.0484375
0 0.84765625 0.91875 0.0453125 0.0484375
0 0.92578125 0.44375 0.0484375 0.0484375
0 0.9359375 0.99296875 0.04375 0.0140625
0 0.60234375 0.6265625 0.046875 0.0484375
0 0.990625 0.24765625 0.01875 0.0484375
0 0.590625 0.50546875 0.05 0.0484375
0 0.896875 0.121875 0.0453125 0.0453125
0 0.92890625 0.3640625 0.0453125 0.046875
0 0.77578125 0.959375 0.046875 0.0484375
0 0.515625 0.26875 0.05 0.05
0 0.80078125 0.91484375 0.046875 0.0484375
0 0.903125 0.84375 0.046875 0.0484375
0 0.38828125 0.09453125 0.0484375 0.0484375
0 0.84921875 0.11953125 0.046875 0.0484375
0 0.934375 0.72421875 0.046875 0.0484375
0 0.7859375 0.79765625 0.046875 0.0484375
0 0.48125 0.0203125 0.046875 0.040625
0 0.96953125 0.0859375 0.046875 0.046875
0 0.75703125 0.11015625 0.0484375 0.0484375
0 0.53828125 0.30390625 0.0484375 0.046875
0 0.98203125 0.1265625 0.0359375 0.046875
0 0.38203125 0.1828125 0.046875 0.0484375
0 0.63359375 0.23125 0.0484375 0.0484375
0 0.76015625 0.75390625 0.0453125 0.0484375
0 0.86015625 0.7578125 0.046875 0.0484375
0 0.66953125 0.74921875 0.046875 0.046875
0 0.81015625 0.75546875 0.046875 0.0484375
0 0.9375 0.20546875 0.046875 0.0484375
0 0.9640625 0.6046875 0.0484375 0.046875
0 0.6171875 0.103125 0.0484375 0.046875
0 0.86328125 0.2375 0.046875 0.046875
0 0.4359375 0.01796875 0.046875 0.0359375
0 0.87421875 0.52109375 0.0453125 0.046875
0 0.82734375 0.0765625 0.046875 0.046875
0 0.8859375 0.284375 0.046875 0.0484375
0 0.67734375 0.23515625 0.05 0.05
0 0.5703125 0.465625 0.0484375 0.046875
0 0.91015625 0.24375 0.046875 0.0484375
0 0.5609375 0.26796875 0.046875 0.0484375
0 0.85859375 0.31796875 0.046875 0.046875
0 0.8265625 0.1578125 0.0484375 0.0484375
0 0.91328125 0.68046875 0.046875 0.0484375
0 0.89375 0.5609375 0.046875 0.046875
0 0.665625 0.1078125 0.05 0.0484375
0 0.93984375 0.12578125 0.046875 0.046875
0 0.4515625 0.13515625 0.05 0.0515625
0 0.90703125 0.325 0.046875 0.0484375
0 0.615625 0.465625 0.046875 0.0484375
0 0.80546875 0.04140625 0.046875 0.0359375
0 0.8296875 0.87734375 0.0484375 0.046875
0 0.575 0.02421875 0.0484375 0.0421875
0 0.71484375 0.75390625 0.046875 0.0484375
0 0.85859375 0.840625 0.0453125 0.046875
0 0.31640625 0.046875 0.046875 0.046875
0 0.65078125 0.63046875 0.0484375 0.0484375
0 0.62578125 0.66875 0.046875 0.046875
0 0.56015625 0.34453125 0.0484375 0.0484375
0 0.921875 0.0796875 0.046875 0.046875
0 0.85390625 0.3984375 0.046875 0.046875
0 0.7375 0.7953125 0.046875 0.0484375
0 0.89375 0.64296875 0.046875 0.0484375
0 0.8453125 0.19921875 0.046875 0.046875
0 0.89921875 0.921875 0.0453125 0.0484375
0 0.95078125 0.4046875 0.046875 0.0484375
0 0.76640625 0.68515625 0.0484375 0.0484375
0 0.36484375 0.05078125 0.0484375 0.053125
0 0.984375 0.05390625 0.03125 0.0296875
0 0.87890625 0.4421875 0.0484375 0.046875
0 0.65234375 0.2703125 0.0484375 0.0484375
0 0.725 0.234375 0.0484375 0.05
0 0.478125 0.0953125 0.046875 0.0484375
0 0.8078125 0.83515625 0.046875 0.0484375
0 0.6828125 0.1484375 0.05 0.05
0 0.76171875 0.0375 0.0453125 0.0359375
0 0.70859375 0.10625 0.046875 0.0484375
0 0.77734375 0.15390625 0.05 0.05
0 0.46875 0.26796875 0.05 0.05
0 0.7796875 0.43984375 0.0484375 0.0484375
0 0.79609375 0.984375 0.0453125 0.03125
0 0.778125 0.52109375 0.0484375 0.046875
0 0.88125 0.36171875 0.046875 0.046875
0 0.65625 0.5578125 0.0484375 0.05
0 0.609375 0.26640625 0.0484375 0.0484375
0 0.671875 0.03125 0.046875 0.0390625
0 0.75703125 0.47890625 0.05 0.0515625
0 0.58046875 0.3046875 0.0484375 0.0484375
0 0.425 0.26484375 0.0484375 0.05
0 0.7328125 0.43671875 0.0484375 0.0484375
0 0.95390625 0.32578125 0.046875 0.0484375
0 0.45859375 0.053125 0.0453125 0.046875
0 0.93046875 0.28359375 0.0453125 0.046875
0 0.3359375 0.09609375 0.0484375 0.05
0 0.47109375 0.17890625 0.05 0.0515625
0 0.83671875 0.8 0.046875 0.0484375
0 0.9078125 0.76171875 0.046875 0.046875
0 0.81640625 0.3140625 0.0484375 0.0484375
0 0.88828125 0.20078125 0.0453125 0.046875
0 0.43125 0.0921875 0.0453125 0.046875
0 0.703125 0.55546875 0.0484375 0.0484375
0 0.896875 0.48203125 0.0453125 0.046875
0 0.69296875 0.7140625 0.0484375 0.0484375
0 0.97890625 0.20859375 0.0421875 0.0484375
0 0.54140625 0.1421875 0.05 0.05
0 0.64140625 0.0671875 0.0484375 0.0484375
0 0.78203125 0.87265625 0.0453125 0.0484375
0 0.546875 0.0609375 0.0484375 0.046875
0 0.45 0.221875 0.0484375 0.0484375
0 0.62265625 0.02734375 0.0484375 0.040625
0 0.58515625 0.2234375 0.05 0.053125
0 0.696875 0.34921875 0.05 0.05
0 0.5765625 0.3921875 0.0484375 0.0484375
0 0.74375 0.353125 0.05 0.0484375
0 0.359375 0.13984375 0.0484375 0.046875
0 0.79609375 0.196875 0.0484375 0.0484375
0 0.94296875 0.56640625 0.0484375 0.0484375
0 0.6921875 0.78828125 0.046875 0.046875
0 0.78984375 0.7171875 0.046875 0.046875
0 0.92578125 0.884375 0.046875 0.0484375
0 0.56953125 0.103125 0.0484375 0.0484375
0 0.97734375 0.36640625 0.0453125 0.046875
0 0.63125 0.59140625 0.046875 0.046875
0 0.80234375 0.47734375 0.0484375 0.0484375
0 0.98359375 0.56953125 0.028125 0.0484375
0 0.51796875 0.1765625 0.0484375 0.05
0 0.659375 0.1890625 0.046875 0.0484375
0 0.9296875 0.80078125 0.046875 0.046875
0 0.86875 0.95859375 0.0484375 0.046875
0 0.5421875 0.22265625 0.0484375 0.05
0 0.840625 0.721875 0.046875 0.046875
0 0.42578125 0.17578125 0.046875 0.0484375
0 0.54453125 0.50390625 0.0484375 0.05
0 0.8765625 0.8828125 0.04375 0.046875
0 0.7953125 0.6453125 0.05 0.05
0 0.76484375 0.396875 0.0484375 0.0484375
0 0.8953125 0.04765625 0.0484375 0.0328125
0 0.85078125 0.04375 0.046875 0.0328125
0 0.52421875 0.09765625 0.0484375 0.0484375
0 0.87265625 0.08203125 0.046875 0.0484375
0 0.59609375 0.065625 0.046875 0.0484375
0 0.69140625 0.43359375 0.046875 0.0484375
0 0.71875 0.6734375 0.0484375 0.0484375
0 0.72265625 0.31171875 0.05 0.0484375
0 0.89140625 0.9875 0.0484375 0.025
0 0.5328125 0.38125 0.05 0.0484375
0 0.728125 0.153125 0.05 0.05
0 0.91796875 0.60390625 0.046875 0.046875
0 0.7578125 0.8359375 0.0484375 0.05
0 0.50078125 0.05859375 0.046875 0.046875
0 0.83984375 0.27578125 0.0484375 0.0484375
0 0.9375 0.6453125 0.046875 0.046875
0 0.6640625 0.46875 0.05 0.05
0 0.4125 0.05234375 0.046875 0.0484375
0 0.8359375 0.36015625 0.046875 0.0484375
0 0.62890625 0.30546875 0.0484375 0.0484375
2 0.61171875 0.18671875 0.0625 0.0546875
0 0.8203125 0.23203125 0.046875 0.0484375
0 0.803125 0.115625 0.0484375 0.0484375
0 0.75390625 0.56328125 0.05 0.05
0 0.67578125 0.596875 0.05 0.05
0 0.71171875 0.47578125 0.05 0.05
0 0.728125 0.52109375 0.0484375 0.046875
0 0.55234375 0.425 0.0484375 0.046875
0 0.80234375 0.5609375 0.046875 0.0484375
0 0.95859375 0.884375 0.021875 0.0453125
0 0.69765625 0.6328125 0.05 0.0484375
0 0.86640625 0.6875 0.046875 0.05
0 0.97734375 0.64609375 0.0265625 0.046875
0 0.921875 0.96796875 0.0484375 0.0484375
0 0.84609375 0.56171875 0.0484375 0.05
0 0.98671875 0.4078125 0.0265625 0.046875
0 0.87421875 0.15859375 0.046875 0.046875
0 0.6515625 0.3484375 0.05 0.0515625
0 0.584375 0.58671875 0.0484375 0.046875
0 0.84375 0.64375 0.0484375 0.0484375
0 0.8890625 0.72109375 0.046875 0.046875
0 0.38828125 0.015625 0.0453125 0.03125
0 0.64609375 0.70859375 0.046875 0.0484375
0 0.74609375 0.64140625 0.0484375 0.0484375
0 0.6734375 0.30546875 0.0484375 0.046875
0 0.96328125 0.6859375 0.05 0.0546875
0 0.81640625 0.6796875 0.0484375 0.04375
0 0.7140625 0.8328125 0.0453125 0.046875
0 0.74921875 0.19296875 0.05 0.0484375
0 0.971875 0.4453125 0.0453125 0.046875
0 0.48828125 0.3 0.0484375 0.04375
0 0.7734375 0.23515625 0.0484375 0.05
0 0.44296875 0.3015625 0.0484375 0.04375
0 0.921875 0.525 0.0484375 0.0484375
0 0.86875 0.6 0.046875 0.05
0 0.71953125 0.39296875 0.05 0.05
0 0.821875 0.6 0.046875 0.046875
0 0.78984375 0.35625 0.0484375 0.05
0 0.7953125 0.27421875 0.046875 0.0484375
0 0.703125 0.190625 0.046875 0.0484375
0 0.46328125 0.33984375 0.05 0.05
0 0.6890625 0.06953125 0.046875 0.046875
0 0.971875 0.52421875 0.0453125 0.046875
0 0.484375 0.3796875 0.05 0.05
0 0.8515625 0.478125 0.046875 0.0484375
0 0.725 0.60234375 0.0515625 0.0515625
0 0.63671875 0.1453125 0.0484375 0.0484375
0 0.715625 0.0359375 0.0453125 0.040625
0 0.68203125 0.51328125 0.0484375 0.046875
0 0.49609375 0.22265625 0.0484375 0.0515625
0 0.6203125 0.39375 0.0515625 0.0515625
0 0.81015625 0.40234375 0.046875 0.0484375
0 0.590625 0.1453125 0.0484375 0.0484375
0 0.74140625 0.7140625 0.046875 0.046875
0 0.5109375 0.33671875 0.0484375 0.0453125
0 0.8296875 0.4421875 0.0484375 0.0484375
0 0.4078125 0.1328125 0.046875 0.046875
0 0.83046875 0.5125 0.046875 0.0484375
0 0.59609375 0.43046875 0.0484375 0.04375
0 0.775 0.596875 0.05 0.046875
0 0.565625 0.17890625 0.0484375 0.0453125
0 0.965625 0.803125 0.021875 0.04375
0 0.671875 0.38984375 0.0484375 0.05
0 0.996875 0.44453125 0.00625 0.0421875
0 0.95546875 0.96328125 0.015625 0.0421875
0 0.64453125 0.4328125 0.0484375 0.046875
0 0.97265625 0.73046875 0.021875 0.0328125