0 0.03203125 0.44375 0.0640625 0.075
0 0.43203125 0.609375 0.078125 0.078125
0 0.33984375 0.70546875 0.08125 0.08125
0 0.1375 0.89609375 0.075 0.0703125
0 0.3671875 0.76953125 0.0796875 0.0765625
0 0.246875 0.86953125 0.0765625 0.0765625
0 0.19921875 0.9125 0.0734375 0.06875
0 0.6265625 0.6828125 0.075 0.0734375
0 0.55078125 0.56640625 0.0828125 0.08125
0 0.61875 0.83203125 0.0734375 0.075
0 0.4109375 0.71796875 0.08125 0.0796875
0 0.60390625 0.76796875 0.0796875 0.078125
0 0.3125 0.884375 0.0765625 0.0765625
0 0.68671875 0.69375 0.0734375 0.0765625
0 0.0703125 0.3953125 0.078125 0.075
0 0.56015625 0.6921875 0.0765625 0.078125
0 0.4375 0.77578125 0.0796875 0.0796875
0 0.29296875 0.82265625 0.084375 0.0796875
0 0.60859375 0.52421875 0.078125 0.075
0 0.42890625 0.84765625 0.075 0.075
0 0.38125 0.6484375 0.075 0.075
0 0.48828125 0.57578125 0.08125 0.0796875
0 0.55703125 0.8125 0.075 0.075
0 0.528125 0.6390625 0.0734375 0.075
0 0.365625 0.8390625 0.0796875 0.078125
0 0.1828125 0.853125 0.078125 0.078125
0 0.66796875 0.7890625 0.0796875 0.078125
0 0.06015625 0.6453125 0.078125 0.078125
0 0.0171875 0.64765625 0.034375 0.0765625
0 0.29921875 0.56640625 0.078125 0.078125
0 0.49609375 0.79765625 0.0734375 0.0734375
0 0.44453125 0.90546875 0.0734375 0.0734375
0 0.30234375 0.75625 0.078125 0.075
0 0.60078125 0.62265625 0.078125 0.08125
0 0.115625 0.83515625 0.0796875 0.078125
0 0.2515625 0.65546875 0.0796875 0.0796875
0 0.07421875 0.88359375 0.075 0.0640625
0 0.378125 0.578125 0.078125 0.08125
0 0.1671875 0.7875 0.0796875 0.0828125
1 0.028125 0.51015625 0.05625 0.0703125
1 0.1078125 0.45859375 0.0734375 0.075
1 0.08359375 0.51640625 0.06875 0.0703125
1 0.17109375 0.51484375 0.0734375 0.0671875
1 0.21796875 0.56953125 0.075 0.0703125
1 0.1359375 0.571875 0.0765625 0.0671875
1 0.07578125 0.5796875 0.0796875 0.0796875
1 0.02421875 0.57578125 0.0484375 0.0796875
1 0.00703125 0.71015625 0.0140625 0.0734375
1 0.04609375 0.71953125 0.06875 0.0734375
1 0.1234375 0.6578125 0.0734375 0.0734375
1 0.1828125 0.6296875 0.065625 0.071875
1 0.1828125 0.6890625 0.0734375 0.0734375
1 0.24375 0.71796875 0.0671875 0.0671875
1 0.1234375 0.725 0.0875 0.078125
1 0.0765625 0.7734375 0.0859375 0.0765625
1 0.01875 0.77109375 0.0375 0.0671875
1 0.03984375 0.821875 0.0796875 0.08125
1 0.01953125 0.87109375 0.0390625 0.0546875
1 0.23203125 0.784375 0.06875 0.0734375
1 0.27421875 0.9359375 0.0578125 0.05625
1 0.33203125 0.95078125 0.0703125 0.0578125
1 0.38359375 0.90859375 0.0703125 0.075
1 0.3234375 0.63671875 0.0671875 0.06875
1 0.45703125 0.67265625 0.075 0.0703125
1 0.496875 0.7203125 0.0703125 0.0640625
1 0.54375 0.74609375 0.0671875 0.0671875
1 0.65859375 0.621875 0.06875 0.0734375
1 0.7609375 0.63203125 0.1390625 0.0953125
1 0.68203125 0.5265625 0.0890625 0.0984375
1 0.5 0.86640625 0.075 0.0796875
1 0.56328125 0.87890625 0.08125 0.0734375
1 0.51015625 0.9328125 0.0859375 0.075
1 0.4046875 0.9609375 0.078125 0.0734375
1 0.46328125 0.9703125 0.0796875 0.059375