1 0.6953125 0.9546875 0.1953125 0.0875
1 0.7703125 0.86875 0.1859375 0.1984375
1 0.84140625 0.6953125 0.20625 0.2015625
1 0.91640625 0.5484375 0.1671875 0.18125
1 0.95546875 0.40390625 0.0890625 0.1875
1 0.94609375 0.0890625 0.096875 0.16875
1 0.896875 0.2453125 0.1828125 0.190625
1 0.82578125 0.3859375 0.190625 0.178125
1 0.73671875 0.55 0.2 0.1921875
1 0.67109375 0.703125 0.175 0.1765625
1 0.59453125 0.85859375 0.1953125 0.18125
1 0.40859375 0.86875 0.1953125 0.196875
1 0.49296875 0.71640625 0.2 0.18125
1 0.57265625 0.56796875 0.196875 0.2078125
1 0.64375 0.390625 0.19375 0.19375
1 0.73125 0.23828125 0.1953125 0.2015625
1 0.8 0.08359375 0.19375 0.1671875
1 0.621875 0.1109375 0.1890625 0.1921875
1 0.5453125 0.2578125 0.1828125 0.1859375
1 0.46015625 0.4421875 0.1828125 0.1765625
1 0.38125 0.596875 0.184375 0.184375
1 0.2921875 0.725 0.1921875 0.1875
1 0.2296875 0.88671875 0.184375 0.1984375
1 0.07578125 0.8859375 0.140625 0.178125
1 0.125 0.734375 0.175 0.203125
1 0.2046875 0.56015625 0.1765625 0.2046875
1 0.06015625 0.5734375 0.1203125 0.1859375
1 0.09375 0.3984375 0.1796875 0.178125
1 0.28984375 0.4234375 0.18125 0.1734375
1 0.3734375 0.2828125 0.1734375 0.1859375
1 0.18984375 0.271875 0.184375 0.1765625
1 0.10390625 0.11953125 0.1890625 0.184375
1 0.27734375 0.13046875 0.171875 0.190625
1 0.440625 0.1265625 0.18125 0.19375