0 0.4 0.12578125 0.0484375 0.05
0 0.615625 0.059375 0.046875 0.0484375
0 0.66640625 0.05390625 0.05 0.05
0 0.74296875 0.0859375 0.05 0.05
0 0.440625 0.03359375 0.0484375 0.0515625
0 0.5 0.11796875 0.0515625 0.0515625
0 0.71875 0.25859375 0.0515625 0.0515625
0 0.7109375 0.0484375 0.05 0.05
0 0.43046875 0.16640625 0.0484375 0.0484375
0 0.45 0.12421875 0.0515625 0.0515625
0 0.5671875 0.065625 0.0484375 0.05
0 0.5859375 0.0234375 0.046875 0.046875
0 0.78203125 0.00859375 0.0484375 0.0171875
0 0.8125 0.0296875 0.0484375 0.0484375
0 0.67421875 0.1359375 0.0515625 0.0515625
0 0.6421875 0.23359375 0.0515625 0.0515625
0 0.73671875 0.21171875 0.0515625 0.053125
0 0.72890625 0.01484375 0.0484375 0.0296875
0 0.83359375 0.00546875 0.0484375 0.0109375
0 0.4671875 0.0734375 0.046875 0.05
0 0.51640625 0.06953125 0.046875 0.05
0 0.59609375 0.31796875 0.0515625 0.05
0 0.509375 0.2015625 0.05 0.05
0 0.6921875 0.09296875 0.0484375 0.0484375
0 0.54765625 0.109375 0.05 0.05
0 0.45703125 0.20703125 0.0515625 0.0515625
0 0.5953125 0.103125 0.0484375 0.05
0 0.41796875 0.078125 0.046875 0.05
0 0.53828125 0.02734375 0.046875 0.0484375
0 0.64765625 0.3140625 0.0515625 0.053125
0 0.67890625 0.01640625 0.0484375 0.0328125
0 0.625 0.146875 0.05 0.0515625
0 0.7046875 0.175 0.053125 0.0515625
0 0.64765625 0.09765625 0.0484375 0.0484375
0 0.5875 0.2359375 0.05 0.05
0 0.60625 0.1953125 0.05 0.0515625
0 0.615625 0.275 0.05 0.05
0 0.57734375 0.36015625 0.05 0.05
0 0.4890625 0.03203125 0.046875 0.0484375
0 0.72578125 0.13046875 0.0515625 0.0515625
0 0.37578125 0.08125 0.0484375 0.05
0 0.53046875 0.15859375 0.05 0.05
0 0.6296875 0.3578125 0.053125 0.0515625
0 0.76328125 0.17265625 0.05 0.05
0 0.675 0.26875 0.05 0.0515625
0 0.4796875 0.1625 0.0484375 0.05
0 0.7640625 0.0375 0.0484375 0.0484375
0 0.678125 0.3453125 0.053125 0.0546875
0 0.7015625 0.30234375 0.0515625 0.0484375
0 0.4859375 0.2453125 0.05 0.0515625
0 0.54453125 0.32578125 0.05 0.05
0 0.56640625 0.28125 0.0515625 0.0515625
0 0.63203125 0.0203125 0.0484375 0.040625
0 0.6859375 0.21953125 0.05 0.0515625
0 0.34296875 0.04921875 0.046875 0.05
0 0.534375 0.23828125 0.05 0.05
0 0.7765625 0.12578125 0.0546875 0.0515625
0 0.559375 0.2 0.0515625 0.0515625
0 0.79375 0.078125 0.053125 0.0546875
0 0.465625 0.00859375 0.04375 0.0171875
0 0.51640625 0.28671875 0.05 0.053125
0 0.6546875 0.18359375 0.053125 0.053125
0 0.31484375 0.0234375 0.04375 0.0203125
0 0.6046875 0.39765625 0.05 0.05
0 0.57578125 0.1484375 0.05 0.0515625
0 0.5125 0.00703125 0.046875 0.0140625
0 0.56015625 0.00390625 0.0453125 0.0078125
0 0.66328125 0.3953125 0.053125 0.05
1 0.39296875 0.03671875 0.0546875 0.053125