2 0.0890625 0.284375 0.0734375 0.0625
0 0.01796875 0.86953125 0.0359375 0.0546875
0 0.03125 0.8359375 0.0625 0.0625
0 0.02265625 0.7796875 0.0453125 0.065625
0 0.06875 0.78125 0.0546875 0.0515625
0 0.1046875 0.75390625 0.0609375 0.0625
0 0.0453125 0.74453125 0.0671875 0.0625
1 0.01015625 0.72734375 0.0203125 0.0515625
0 0.03359375 0.68984375 0.0640625 0.0625
0 0.0875 0.69140625 0.0640625 0.0578125
0 0.14140625 0.703125 0.0625 0.0625
0 0.17421875 0.66328125 0.0609375 0.059375
0 0.1203125 0.65234375 0.0625 0.0625
0 0.06640625 0.64453125 0.0640625 0.0609375
0 0.0234375 0.634375 0.046875 0.065625
0 0.01640625 0.5828125 0.0328125 0.065625
0 0.053125 0.5921875 0.0640625 0.06875
0 0.10234375 0.60390625 0.0609375 0.0609375
0 0.1546875 0.61953125 0.0625 0.065625
0 0.20859375 0.6265625 0.0625 0.0625
0 0.24140625 0.58515625 0.0640625 0.0640625
0 0.18984375 0.575 0.0640625 0.065625
0 0.13828125 0.565625 0.065625 0.0609375
0 0.0859375 0.55234375 0.0625 0.0625
0 0.03515625 0.540625 0.0640625 0.0640625
0 0.00625 0.5328125 0.0125 0.05625
0 0.025 0.490625 0.05 0.0625
0 0.06953125 0.50234375 0.0578125 0.0578125
0 0.12109375 0.51171875 0.0625 0.0625
0 0.1734375 0.52109375 0.059375 0.059375
0 0.22421875 0.53359375 0.0609375 0.0609375
0 0.27109375 0.5421875 0.059375 0.05625
0 0.01484375 0.44765625 0.0296875 0.0515625
0 0.05390625 0.45390625 0.0578125 0.0578125
0 0.103125 0.4640625 0.0625 0.059375
0 0.15546875 0.4765625 0.059375 0.059375
0 0.20625 0.48359375 0.059375 0.0609375
0 0.25625 0.49453125 0.0625 0.059375
0 0.30625 0.50703125 0.0625 0.0625
0 0.03515625 0.41015625 0.0609375 0.059375
0 0.0890625 0.4171875 0.0640625 0.0609375
0 0.13984375 0.4265625 0.0609375 0.0640625
0 0.1890625 0.4375 0.0671875 0.0671875
0 0.2421875 0.44453125 0.0609375 0.0578125
0 0.2890625 0.45859375 0.0578125 0.059375
0 0.340625 0.4671875 0.0640625 0.0609375
0 0.03359375 0.3625 0.040625 0.059375
0 0.07109375 0.37265625 0.0625 0.0609375
0 0.121875 0.37890625 0.0609375 0.059375
0 0.17421875 0.3875 0.059375 0.059375
0 0.22421875 0.39609375 0.0609375 0.0609375
0 0.275 0.40703125 0.0625 0.0625
0 0.32421875 0.4171875 0.0578125 0.0609375
0 0.37421875 0.43046875 0.06875 0.065625
0 0.0546875 0.31796875 0.059375 0.0625
0 0.10390625 0.33671875 0.0640625 0.0625
0 0.1578125 0.33984375 0.0625 0.0609375
0 0.05 0.28046875 0.03125 0.0515625
0 0.140625 0.29140625 0.059375 0.0609375
0 0.1890625 0.30390625 0.0625 0.0625
0 0.07421875 0.24140625 0.059375 0.0625
0 0.12265625 0.246875 0.0609375 0.0640625
0 0.1734375 0.253125 0.0578125 0.059375
0 0.10234375 0.19921875 0.0609375 0.0578125
0 0.1546875 0.2078125 0.0625 0.059375
0 0.20703125 0.21796875 0.0625 0.0625
0 0.0921875 0.15390625 0.0515625 0.05625
0 0.13671875 0.16171875 0.0609375 0.0609375
0 0.11875 0.11328125 0.0625 0.059375
0 0.1703125 0.12109375 0.0609375 0.0609375
0 0.1109375 0.06640625 0.046875 0.0578125
0 0.1546875 0.075 0.0609375 0.0609375
0 0.20390625 0.0828125 0.0609375 0.0609375
0 0.13828125 0.02890625 0.0578125 0.0578125
0 0.1875 0.03515625 0.0609375 0.059375
0 0.2078125 0.3484375 0.0609375 0.059375
0 0.2578125 0.3609375 0.0578125 0.0578125
0 0.30703125 0.36953125 0.0640625 0.0578125
0 0.3578125 0.38203125 0.0625 0.059375
0 0.409375 0.39375 0.0640625 0.0640625
0 0.23984375 0.31171875 0.059375 0.059375
0 0.2921875 0.325 0.0609375 0.0625
0 0.34453125 0.33515625 0.0625 0.0640625
0 0.3953125 0.34609375 0.0625 0.0625
0 0.44453125 0.35234375 0.059375 0.0625
0 0.22265625 0.26640625 0.0609375 0.05625
0 0.2765625 0.275 0.0625 0.059375
0 0.32734375 0.28515625 0.0625 0.0609375
0 0.37578125 0.29296875 0.059375 0.059375
0 0.4265625 0.30390625 0.0609375 0.0609375
0 0.4765625 0.31328125 0.0625 0.0609375
0 0.25859375 0.22890625 0.059375 0.0609375
0 0.31015625 0.2390625 0.0625 0.0625
0 0.3578125 0.24609375 0.059375 0.0609375
0 0.40625 0.25546875 0.0625 0.059375
0 0.459375 0.26640625 0.0625 0.0609375
0 0.509375 0.27734375 0.0625 0.059375
0 0.18828125 0.17109375 0.0640625 0.059375
0 0.2390625 0.17890625 0.0578125 0.0578125
0 0.2921875 0.19140625 0.0609375 0.0625
0 0.340625 0.19765625 0.0625 0.059375
0 0.39296875 0.21015625 0.0640625 0.0609375
0 0.44453125 0.2203125 0.0609375 0.0609375
0 0.49375 0.2296875 0.0578125 0.0578125
0 0.5421875 0.2359375 0.0609375 0.05625
0 0.21953125 0.13046875 0.059375 0.0578125
0 0.2734375 0.14140625 0.0625 0.0625
0 0.32421875 0.15 0.0625 0.059375
0 0.3734375 0.16015625 0.0625 0.05625
0 0.42734375 0.171875 0.0578125 0.0578125
0 0.47421875 0.18125 0.0609375 0.059375
0 0.525 0.19140625 0.0609375 0.0609375
0 0.57890625 0.20234375 0.059375 0.059375
0 0.25546875 0.09609375 0.0609375 0.059375
0 0.30546875 0.103125 0.059375 0.0578125
0 0.3546875 0.11171875 0.0640625 0.059375
0 0.409375 0.12578125 0.0609375 0.059375
0 0.459375 0.134375 0.0609375 0.0609375
0 0.50703125 0.14453125 0.0609375 0.059375
0 0.56015625 0.15625 0.0609375 0.0578125
0 0.61171875 0.165625 0.059375 0.0609375
0 0.23671875 0.04609375 0.059375 0.059375
0 0.28671875 0.0578125 0.0625 0.0609375
0 0.33984375 0.06484375 0.0625 0.0609375
0 0.38984375 0.0765625 0.0640625 0.0609375
0 0.44140625 0.08671875 0.059375 0.0609375
0 0.49375 0.0984375 0.0625 0.0625
0 0.54375 0.10546875 0.05625 0.0625
0 0.58984375 0.11484375 0.0609375 0.0609375
0 0.64296875 0.12421875 0.0625 0.0625
0 0.17109375 0.009375 0.0578125 0.01875
0 0.22265625 0.01640625 0.0578125 0.0328125
0 0.2703125 0.01953125 0.05625 0.0390625
0 0.31640625 0.02421875 0.0609375 0.0484375
0 0.371875 0.03203125 0.0640625 0.059375
0 0.42421875 0.03984375 0.059375 0.059375
0 0.475 0.04921875 0.0625 0.0609375
0 0.525 0.05859375 0.0609375 0.059375
0 0.57421875 0.0671875 0.05625 0.05625
0 0.6234375 0.078125 0.0640625 0.059375
0 0.6796875 0.0890625 0.065625 0.0609375
0 0.3515625 0.0078125 0.065625 0.015625
0 0.40390625 0.01171875 0.0640625 0.0234375
0 0.45703125 0.01640625 0.0609375 0.0328125
0 0.50625 0.02109375 0.059375 0.0421875
0 0.55546875 0.02578125 0.0578125 0.0515625
0 0.60390625 0.0328125 0.0625 0.0546875
0 0.65546875 0.0453125 0.05625 0.0515625
0 0.7078125 0.0546875 0.0609375 0.0484375