0 0.0171875 0.628125 0.034375 0.05859375
0 0.0203125 0.94453125 0.040625 0.0640625
0 0.1609375 0.6921875 0.06484375 0.06171875
0 0.39765625 0.728125 0.06796875 0.065625
0 0.09765625 0.69609375 0.059375 0.06171875
0 0.28515625 0.92265625 0.0640625 0.0640625
0 0.5 0.8046875 0.065625 0.065625
0 0.4359375 0.784375 0.06640625 0.06484375
0 0.04140625 0.8734375 0.065625 0.06484375
0 0.14921875 0.9375 0.06640625 0.0625
0 0.52734375 0.9734375 0.06640625 0.05234375
0 0.64296875 0.91875 0.06484375 0.06171875
0 0.0640625 0.64140625 0.06328125 0.05859375
0 0.17578125 0.8703125 0.0609375 0.06484375
0 0.275 0.79296875 0.06640625 0.06484375
0 0.23984375 0.871875 0.06484375 0.06484375
0 0.60234375 0.9703125 0.0671875 0.059375
0 0.546875 0.75625 0.0640625 0.0625
0 0.69375 0.88046875 0.06484375 0.0640625
0 0.3140625 0.8453125 0.06484375 0.06484375
0 0.1140625 0.878125 0.065625 0.06328125
0 0.3265625 0.97265625 0.0671875 0.05390625
0 0.2125 0.9296875 0.06328125 0.0578125
0 0.596875 0.8703125 0.0640625 0.0625
0 0.76875 0.85859375 0.065625 0.06015625
1 0.35546875 0.90390625 0.059375 0.06640625
0 0.18046875 0.98046875 0.0671875 0.0390625
0 0.56328125 0.9234375 0.06484375 0.059375
0 0.04453125 0.98359375 0.06484375 0.03203125
0 0.56953125 0.81796875 0.065625 0.0609375
0 0.65 0.83203125 0.065625 0.06328125
1 0.196875 0.74609375 0.065625 0.0578125
1 0.12734375 0.7578125 0.06328125 0.065625
1 0.38359375 0.84296875 0.0671875 0.0578125
1 0.1359375 0.81484375 0.06640625 0.05390625
0 0.1140625 0.98046875 0.06171875 0.03828125
1 0.48828125 0.921875 0.06640625 0.06171875
0 0.034375 0.70078125 0.06171875 0.06484375
1 0.4171875 0.91015625 0.06171875 0.065625
1 0.0234375 0.81328125 0.046875 0.05546875
1 0.84765625 0.8546875 0.078125 0.07109375
1 0.20625 0.80625 0.05859375 0.059375
1 0.753125 0.9234375 0.065625 0.05390625
1 0.0765625 0.9390625 0.06171875 0.0515625
1 0.51953125 0.8703125 0.06875 0.05859375
1 0.4484375 0.85859375 0.059375 0.0625
1 0.06015625 0.76328125 0.06640625 0.059375
0 0.01171875 0.74921875 0.02265625 0.0640625
1 0.7171875 0.815625 0.065625 0.05703125
1 0.35859375 0.790625 0.06171875 0.0546875
1 0.69296875 0.97109375 0.06640625 0.05703125
1 0.825 0.92265625 0.05625 0.065625
1 0.3953125 0.96953125 0.0625 0.0578125
1 0.2515625 0.97734375 0.0625 0.0453125
1 0.08125 0.81796875 0.05234375 0.05703125
1 0.27109375 0.71875 0.07734375 0.0671875
1 0.884375 0.92890625 0.06640625 0.06484375
1 0.45625 0.975 0.059375 0.05
0 0.96015625 0.940625 0.06875 0.0640625
1 0.7640625 0.97734375 0.05859375 0.0453125
1 0.83046875 0.97734375 0.0671875 0.04453125
1 0.9 0.98203125 0.04921875 0.0359375