0 0.80859375 0.2078125 0.15234375 0.1375
0 0.79765625 0.52734375 0.1421875 0.13046875
0 0.2265625 0.11328125 0.12890625 0.13828125
0 0.60234375 0.68125 0.13359375 0.11640625
0 0.75390625 0.33125 0.14921875 0.13359375
0 0.659375 0.7859375 0.13515625 0.11953125
0 0.94140625 0.3296875 0.11640625 0.1203125
0 0.3671875 0.0953125 0.128125 0.1234375
0 0.71328125 0.44453125 0.14375 0.1203125
0 0.040625 0.4046875 0.08125 0.11953125
0 0.5703125 0.86875 0.13515625 0.14609375
0 0.1046875 0.32421875 0.125 0.12265625
0 0.64921875 0.21640625 0.159375 0.1359375
0 0.04921875 0.909375 0.0984375 0.14609375
0 0.175 0.2296875 0.13203125 0.15
0 0.19609375 0.7296875 0.13046875 0.115625
0 0.84140625 0.07421875 0.1671875 0.14140625
0 0.04140625 0.21015625 0.0828125 0.1203125
0 0.4265625 0.0234375 0.13515625 0.0453125
0 0.3125 0.50390625 0.125 0.12734375
0 0.53125 0.0984375 0.16171875 0.14453125
0 0.15078125 0.0265625 0.1421875 0.053125
0 0.10234375 0.62890625 0.1203125 0.11953125
0 0.96640625 0.0671875 0.0671875 0.134375
0 0.6515625 0.5671875 0.140625 0.13671875
0 0.2796875 0.31953125 0.13671875 0.1265625
0 0.28828125 0.02421875 0.13046875 0.04765625
0 0.20078125 0.434375 0.13125 0.1125
0 0.6046875 0.334375 0.15 0.14375
0 0.54375 0.47734375 0.1421875 0.11171875
0 0.3359375 0.21484375 0.12109375 0.11171875
0 0.28203125 0.8421875 0.1328125 0.1328125
0 0.76796875 0.68828125 0.12890625 0.10703125
0 0.39453125 0.409375 0.13515625 0.1640625
0 0.0375 0.0359375 0.075 0.071875
0 0.14765625 0.84921875 0.12578125 0.11796875
0 0.08828125 0.10390625 0.14609375 0.1171875
0 0.4328125 0.85234375 0.1265625 0.1171875
0 0.12734375 0.50625 0.12421875 0.11328125
0 0.69296875 0.0875 0.1296875 0.11875
0 0.37578125 0.609375 0.12734375 0.14921875
0 0.028125 0.5359375 0.05625 0.15625
0 0.88203125 0.42734375 0.14453125 0.14296875
0 0.0203125 0.64765625 0.03984375 0.11640625
0 0.32734375 0.725 0.13359375 0.11953125
0 0.45546875 0.3140625 0.134375 0.1203125
0 0.03125 0.7671875 0.0625 0.1421875
0 0.2265625 0.5984375 0.12578125 0.14453125
0 0.5015625 0.7421875 0.12890625 0.121875
0 0.5015625 0.21328125 0.128125 0.1078125
0 0.4953125 0.603125 0.12578125 0.12109375
0 0.44765625 0.96015625 0.1203125 0.0796875
0 0.31640625 0.95703125 0.12109375 0.0859375
0 0.18046875 0.95625 0.12734375 0.08671875