2 0.00703125 0.1359375 0.0140625 0.05625
2 0.30078125 0.31171875 0.1 0.096875
0 0.79609375 0.91640625 0.0625 0.059375
0 0.7625 0.88828125 0.0625 0.059375
0 0.728125 0.853125 0.0609375 0.0609375
0 0.69453125 0.8171875 0.0625 0.059375
0 0.65625 0.78515625 0.0625 0.0640625
0 0.6234375 0.74765625 0.0609375 0.0609375
0 0.67109375 0.73515625 0.0578125 0.0578125
0 0.71875 0.71875 0.059375 0.0578125
0 0.7671875 0.70390625 0.059375 0.0578125
0 0.815625 0.69140625 0.059375 0.0609375
0 0.86171875 0.67578125 0.0578125 0.0578125
0 0.909375 0.66171875 0.059375 0.0578125
0 0.95546875 0.65234375 0.0578125 0.059375
0 0.7078125 0.7671875 0.0578125 0.059375
0 0.75625 0.75234375 0.05625 0.05625
0 0.80234375 0.740625 0.05625 0.05625
0 0.85078125 0.72734375 0.059375 0.0578125
0 0.896875 0.71015625 0.0609375 0.059375
0 0.94375 0.7015625 0.05625 0.0578125
0 0.98046875 0.68515625 0.0390625 0.0578125
0 0.74140625 0.803125 0.059375 0.05625
0 0.790625 0.78671875 0.0609375 0.05625
0 0.83828125 0.7734375 0.0578125 0.059375
0 0.88671875 0.7578125 0.05625 0.059375
0 0.93125 0.746875 0.0546875 0.05625
0 0.97421875 0.73515625 0.0515625 0.0578125
0 0.778125 0.83671875 0.0546875 0.05625
0 0.82578125 0.82421875 0.059375 0.0578125
0 0.87109375 0.8109375 0.0546875 0.05625
0 0.91875 0.79453125 0.0578125 0.05625
0 0.96796875 0.78359375 0.05625 0.0578125
0 0.99140625 0.765625 0.0171875 0.059375
0 0.809375 0.87265625 0.0578125 0.059375
0 0.8578125 0.85859375 0.0609375 0.059375
0 0.90546875 0.8421875 0.059375 0.059375
0 0.95390625 0.83046875 0.0609375 0.0609375
0 0.9875 0.81484375 0.025 0.0578125
0 0.846875 0.90546875 0.0546875 0.0546875
0 0.89296875 0.890625 0.0578125 0.05625
0 0.940625 0.875 0.059375 0.059375
0 0.97890625 0.86171875 0.0421875 0.0609375
0 0.98515625 0.6390625 0.0296875 0.05625
0 0.590625 0.7140625 0.0609375 0.059375
0 0.63984375 0.7 0.059375 0.059375
0 0.6859375 0.684375 0.05625 0.05625
0 0.734375 0.67265625 0.0578125 0.05625
0 0.78046875 0.65703125 0.05625 0.0546875
0 0.82734375 0.64375 0.0578125 0.0578125
0 0.87578125 0.63046875 0.0609375 0.0578125
0 0.92421875 0.615625 0.0609375 0.0609375
0 0.96875 0.60234375 0.0546875 0.05625
0 0.99296875 0.5921875 0.0140625 0.053125
0 0.55 0.68203125 0.059375 0.0578125
0 0.5171875 0.64765625 0.059375 0.0625
0 0.48359375 0.61484375 0.059375 0.0578125
0 0.44609375 0.57890625 0.0609375 0.0625
0 0.4109375 0.546875 0.059375 0.0609375
0 0.3765625 0.51015625 0.0578125 0.059375
0 0.34296875 0.47578125 0.059375 0.05625
0 0.6046875 0.6671875 0.065625 0.0640625
0 0.653125 0.65234375 0.0546875 0.05625
0 0.6984375 0.6375 0.0578125 0.05625
0 0.74609375 0.62421875 0.0609375 0.0578125
0 0.79140625 0.609375 0.0578125 0.0578125
0 0.8375 0.59609375 0.05625 0.0609375
0 0.88515625 0.58359375 0.05625 0.05625
0 0.93125 0.56875 0.0546875 0.05625
0 0.97421875 0.55625 0.0515625 0.0625
0 0.56875 0.6328125 0.059375 0.0578125
0 0.6171875 0.6171875 0.0609375 0.0609375
0 0.6640625 0.603125 0.053125 0.05625
0 0.7109375 0.5890625 0.0609375 0.0609375
0 0.75703125 0.57421875 0.059375 0.05625
0 0.803125 0.56328125 0.05625 0.05625
0 0.8515625 0.5484375 0.059375 0.0546875
0 0.89609375 0.53359375 0.05625 0.0578125
0 0.94296875 0.521875 0.059375 0.059375
0 0.9796875 0.5078125 0.040625 0.05625
0 0.53125 0.59921875 0.059375 0.059375
0 0.57890625 0.5875 0.05625 0.0578125
0 0.62578125 0.5703125 0.0578125 0.05625
0 0.675 0.55859375 0.059375 0.059375
0 0.721875 0.54375 0.059375 0.05625
0 0.76796875 0.52890625 0.05625 0.05625
0 0.81484375 0.51640625 0.0578125 0.059375
0 0.86171875 0.50234375 0.0578125 0.0578125
0 0.909375 0.4875 0.0578125 0.0578125
0 0.95703125 0.475 0.05625 0.0546875
0 0.98671875 0.4625 0.0265625 0.05
0 0.49453125 0.56484375 0.0609375 0.059375
0 0.54296875 0.553125 0.0609375 0.059375
0 0.58984375 0.53671875 0.05625 0.0609375
0 0.63671875 0.521875 0.0625 0.059375
0 0.68671875 0.51015625 0.0625 0.0609375
0 0.73359375 0.49453125 0.0546875 0.05625
0 0.778125 0.48125 0.059375 0.0546875
0 0.82578125 0.46640625 0.05625 0.0578125
0 0.875 0.45625 0.0578125 0.0578125
0 0.92109375 0.440625 0.05625 0.05625
0 0.9671875 0.42890625 0.059375 0.059375
0 0.45859375 0.528125 0.0609375 0.059375
0 0.5078125 0.5140625 0.0546875 0.05625
0 0.5546875 0.50234375 0.0546875 0.05625
0 0.60078125 0.48828125 0.059375 0.0578125
0 0.65390625 0.47109375 0.0609375 0.0578125
0 0.703125 0.46015625 0.059375 0.0546875
0 0.7484375 0.4453125 0.0578125 0.0578125
0 0.79375 0.43203125 0.05625 0.0546875
0 0.83984375 0.4203125 0.0609375 0.0609375
0 0.8875 0.40625 0.0609375 0.059375
0 0.93515625 0.390625 0.059375 0.059375
0 0.971875 0.38203125 0.0375 0.053125
0 0.42265625 0.49765625 0.0625 0.0625
0 0.4703125 0.48046875 0.0546875 0.05625
0 0.52109375 0.465625 0.0609375 0.0609375
0 0.57109375 0.4546875 0.059375 0.059375
0 0.61796875 0.44140625 0.0578125 0.0578125
0 0.66796875 0.425 0.05625 0.05625
0 0.71484375 0.41171875 0.0578125 0.059375
0 0.75859375 0.39921875 0.0546875 0.05625
0 0.80546875 0.3859375 0.0578125 0.05625
0 0.8515625 0.37421875 0.0578125 0.05625
0 0.9 0.359375 0.05625 0.05625
0 0.94765625 0.346875 0.0609375 0.0609375
0 0.3921875 0.459375 0.0953125 0.0859375
0 0.43671875 0.4484375 0.05625 0.0546875
0 0.48359375 0.43125 0.0578125 0.05625
0 0.53203125 0.41953125 0.0578125 0.05625
0 0.5828125 0.40859375 0.059375 0.05625
0 0.62890625 0.3921875 0.05625 0.0546875
0 0.678125 0.37734375 0.0578125 0.05625
0 0.7265625 0.36484375 0.05625 0.0578125
0 0.76953125 0.35078125 0.0546875 0.0578125
0 0.815625 0.3390625 0.0578125 0.05625
0 0.86328125 0.328125 0.0578125 0.05625
0 0.91171875 0.31328125 0.0609375 0.059375
0 0.94921875 0.3 0.0421875 0.0546875
0 0.3078125 0.4421875 0.0578125 0.0578125
0 0.271875 0.40625 0.059375 0.0609375
0 0.31875 0.3953125 0.053125 0.053125
0 0.35546875 0.42890625 0.05625 0.0578125
0 0.24140625 0.37265625 0.0578125 0.0546875
0 0.2921875 0.35703125 0.0546875 0.059375
0 0.33515625 0.34609375 0.053125 0.0578125
0 0.20234375 0.3390625 0.0546875 0.0546875
0 0.25234375 0.3265625 0.059375 0.0546875
0 0.26484375 0.275 0.059375 0.05625
0 0.31015625 0.2609375 0.05625 0.05625
0 0.2125 0.29296875 0.05625 0.053125
0 0.16171875 0.303125 0.0609375 0.059375
0 0.12734375 0.27109375 0.0625 0.0625
0 0.18203125 0.2578125 0.05625 0.0609375
0 0.2296875 0.24609375 0.0609375 0.0640625
0 0.27890625 0.22734375 0.059375 0.059375
0 0.2859375 0.1828125 0.059375 0.0578125
0 0.23984375 0.1953125 0.059375 0.059375
0 0.19375 0.21328125 0.05625 0.0578125
0 0.1421875 0.22265625 0.0578125 0.05625
0 0.09140625 0.234375 0.0578125 0.0578125
0 0.059375 0.19921875 0.053125 0.053125
0 0.1046875 0.1875 0.0609375 0.0578125
0 0.1640625 0.17734375 0.05625 0.0546875
0 0.20390625 0.1609375 0.0546875 0.0546875
0 0.2484375 0.1453125 0.0625 0.05625
0 0.02734375 0.16875 0.0546875 0.059375
0 0.07109375 0.15234375 0.059375 0.0609375
0 0.121875 0.14296875 0.0578125 0.0578125
0 0.1703125 0.128125 0.05625 0.053125
0 0.2171875 0.11171875 0.05625 0.0546875
0 0.2625 0.09921875 0.05625 0.05625
0 0.03515625 0.1234375 0.0578125 0.0546875
0 0.0953125 0.11015625 0.0578125 0.0578125
0 0.140625 0.09765625 0.0546875 0.0546875
0 0.18359375 0.08203125 0.05625 0.046875
0 0.2296875 0.0703125 0.053125 0.0453125
0 0.40234375 0.415625 0.05625 0.0578125
0 0.4484375 0.4015625 0.0609375 0.0625
0 0.496875 0.38828125 0.0609375 0.05625
0 0.546875 0.3734375 0.0640625 0.0625
0 0.596875 0.3609375 0.0609375 0.0640625
0 0.64296875 0.34609375 0.0578125 0.0609375
0 0.68828125 0.3328125 0.0609375 0.0609375
0 0.7359375 0.31875 0.0578125 0.05625
0 0.78203125 0.30390625 0.0578125 0.05625
0 0.8296875 0.29375 0.0609375 0.0578125
0 0.87734375 0.27890625 0.0578125 0.059375
0 0.92265625 0.26328125 0.05625 0.05625
0 0.3640625 0.38203125 0.0609375 0.0609375
0 0.41171875 0.365625 0.059375 0.0578125
0 0.46171875 0.35390625 0.0625 0.0609375
0 0.5125 0.33984375 0.0609375 0.0578125
0 0.5609375 0.32734375 0.059375 0.0578125
0 0.60703125 0.3140625 0.059375 0.0625
0 0.65546875 0.3 0.0578125 0.0578125
0 0.703125 0.28671875 0.0609375 0.0625
0 0.7484375 0.27265625 0.0578125 0.05625
0 0.7953125 0.26015625 0.0609375 0.059375
0 0.840625 0.2453125 0.05625 0.05625
0 0.88515625 0.23046875 0.059375 0.0609375
0 0.92578125 0.2171875 0.0484375 0.05625
0 0.38125 0.33046875 0.059375 0.0578125
0 0.4296875 0.31640625 0.059375 0.0625
0 0.4765625 0.30546875 0.0578125 0.059375
0 0.52265625 0.2921875 0.0578125 0.059375
0 0.56796875 0.2796875 0.059375 0.0625
0 0.61875 0.26796875 0.0625 0.0609375
0 0.6640625 0.25234375 0.0578125 0.0625
0 0.7109375 0.2390625 0.0609375 0.0578125
0 0.759375 0.22578125 0.0578125 0.0578125
0 0.8046875 0.2125 0.0578125 0.05625
0 0.85078125 0.19609375 0.0609375 0.0609375
0 0.89765625 0.18359375 0.05625 0.0578125
0 0.34375 0.296875 0.0640625 0.0625
0 0.39140625 0.28203125 0.05625 0.059375
0 0.4390625 0.27265625 0.0640625 0.0625
0 0.48828125 0.26015625 0.0546875 0.0578125
0 0.53203125 0.2453125 0.059375 0.059375
0 0.58203125 0.23359375 0.0640625 0.0625
0 0.63125 0.21953125 0.059375 0.059375
0 0.67734375 0.20703125 0.0578125 0.059375
0 0.721875 0.190625 0.05625 0.059375
0 0.76875 0.17890625 0.059375 0.059375
0 0.81484375 0.16171875 0.059375 0.0609375
0 0.86328125 0.146875 0.0578125 0.0578125
0 0.90546875 0.13828125 0.0484375 0.05625
0 0.35625 0.24765625 0.059375 0.059375
0 0.4046875 0.2375 0.059375 0.0609375
0 0.453125 0.2234375 0.0609375 0.0609375
0 0.4984375 0.209375 0.0609375 0.059375
0 0.5484375 0.19921875 0.0609375 0.059375
0 0.59453125 0.1859375 0.0609375 0.0625
0 0.64140625 0.17265625 0.0546875 0.0578125
0 0.68515625 0.15859375 0.0578125 0.05625
0 0.7328125 0.14453125 0.0578125 0.0578125
0 0.78046875 0.12890625 0.0609375 0.0578125
0 0.828125 0.11796875 0.0578125 0.05625
0 0.87421875 0.103125 0.059375 0.059375
0 0.32421875 0.21484375 0.05625 0.0578125
0 0.36796875 0.19921875 0.059375 0.059375
0 0.4171875 0.18984375 0.0609375 0.059375
0 0.46640625 0.1765625 0.0625 0.0625
0 0.5125 0.1640625 0.05625 0.0578125
0 0.559375 0.1515625 0.0640625 0.0609375
0 0.6078125 0.13828125 0.0578125 0.05625
0 0.653125 0.125 0.059375 0.0609375
0 0.69765625 0.11171875 0.05625 0.0578125
0 0.7453125 0.09609375 0.0625 0.0625
0 0.79453125 0.0828125 0.0578125 0.0578125
0 0.8390625 0.06796875 0.059375 0.059375
0 0.8828125 0.05625 0.0515625 0.05625
0 0.334375 0.16875 0.0609375 0.05625
0 0.38359375 0.15625 0.0625 0.0625
0 0.43203125 0.14296875 0.0609375 0.0609375
0 0.48046875 0.13125 0.05625 0.0578125
0 0.528125 0.11796875 0.0609375 0.0609375
0 0.5734375 0.103125 0.05625 0.05625
0 0.615625 0.08984375 0.05625 0.0578125
0 0.66484375 0.078125 0.0578125 0.05625
0 0.70859375 0.06171875 0.0546875 0.05625
0 0.7546875 0.04765625 0.0609375 0.059375
0 0.80234375 0.03359375 0.059375 0.0578125
0 0.85 0.02421875 0.05625 0.0484375
0 0.88125 0.01953125 0.034375 0.0390625
0 0.29921875 0.13515625 0.0609375 0.059375
0 0.346875 0.1203125 0.05625 0.0578125
0 0.39375 0.10546875 0.0578125 0.0609375
0 0.44140625 0.09453125 0.059375 0.0609375
0 0.4890625 0.08125 0.05625 0.0578125
0 0.53671875 0.06796875 0.0609375 0.059375
0 0.58203125 0.0546875 0.05625 0.059375
0 0.62578125 0.04296875 0.05625 0.059375
0 0.671875 0.02890625 0.059375 0.0578125
0 0.71875 0.021875 0.059375 0.04375
0 0.765625 0.01484375 0.059375 0.0296875
0 0.81640625 0.0078125 0.0609375 0.015625
0 0.86328125 0.00546875 0.0546875 0.0109375
0 0.31015625 0.0890625 0.0578125 0.059375
0 0.35546875 0.07578125 0.059375 0.059375
0 0.40625 0.059375 0.0609375 0.0609375
0 0.453125 0.0453125 0.090625 0.090625
0 0.5015625 0.03671875 0.059375 0.0609375
0 0.54609375 0.02421875 0.0578125 0.0484375
0 0.59140625 0.01796875 0.0609375 0.0359375
0 0.6375 0.01015625 0.05625 0.0203125
0 0.2765625 0.059375 0.05625 0.0484375
0 0.32265625 0.046875 0.0546875 0.0453125
0 0.371875 0.03515625 0.0546875 0.046875
0 0.41875 0.02109375 0.0546875 0.0421875
0 0.465625 0.015625 0.05 0.03125
0 0.51328125 0.0078125 0.0515625 0.015625