0 0.51953125 0.3984375 0.05 0.053125
0 0.15546875 0.64609375 0.05 0.0515625
0 0.2125 0.45390625 0.05 0.05
0 0.078125 0.32265625 0.0515625 0.053125
0 0.55234375 0.71796875 0.05 0.05
0 0.20234375 0.76875 0.05 0.05
0 0.17578125 0.921875 0.05 0.046875
0 0.73828125 0.4359375 0.05 0.0515625
0 0.58515625 0.8 0.0484375 0.05
0 0.30625 0.82890625 0.0484375 0.0484375
0 0.78203125 0.446875 0.0546875 0.0546875
0 0.05859375 0.825 0.0484375 0.05
0 0.04140625 0.896875 0.0484375 0.040625
0 0.2109375 0.3390625 0.0515625 0.053125
0 0.27890625 0.865625 0.05 0.05
0 0.30078125 0.34921875 0.0515625 0.053125
0 0.096875 0.47890625 0.0484375 0.0484375
0 0.175 0.31171875 0.053125 0.0546875
0 0.015625 0.46640625 0.03125 0.0484375
0 0.1078125 0.5203125 0.0484375 0.0484375
0 0.853125 0.84453125 0.05 0.05
0 0.93828125 0.74609375 0.0484375 0.05
0 0.44921875 0.66328125 0.0515625 0.05
0 0.171875 0.6859375 0.05 0.05
0 0.1390625 0.6 0.05 0.0515625
0 0.89140625 0.5 0.053125 0.053125
0 0.6953125 0.42578125 0.053125 0.0546875
0 0.60703125 0.53359375 0.0484375 0.0484375
0 0.47578125 0.509375 0.05 0.0515625
0 0.07734375 0.43828125 0.0484375 0.0484375
0 0.11640625 0.875 0.05 0.05
0 0.44921875 0.425 0.05 0.0484375
0 0.55 0.48359375 0.05 0.05
0 0.37109375 0.45390625 0.05 0.05
0 0.1 0.83203125 0.0484375 0.0484375
0 0.3984375 0.84296875 0.05 0.0515625
0 0.50859375 0.7109375 0.0484375 0.0515625
0 0.17421875 0.80859375 0.05 0.0515625
0 0.01171875 0.88828125 0.0234375 0.0390625
0 0.62734375 0.8109375 0.05 0.05
0 0.18515625 0.72734375 0.05 0.0484375
0 0.10625 0.4046875 0.0484375 0.0484375
0 0.64453125 0.85234375 0.05 0.05
0 0.5671875 0.76015625 0.05 0.0515625
0 0.15859375 0.88125 0.05 0.05
0 0.0078125 0.540625 0.015625 0.05
0 0.2109375 0.5765625 0.0484375 0.0484375
0 0.378125 0.6875 0.05 0.05
0 0.534375 0.559375 0.0484375 0.0484375
0 0.575 0.45625 0.05 0.0515625
0 0.2609375 0.821875 0.05 0.05
0 0.6515625 0.9703125 0.05 0.05
0 0.9609375 0.59453125 0.0515625 0.0515625
0 0.12265625 0.3296875 0.0515625 0.053125
0 0.7640625 0.94921875 0.05 0.0515625
0 0.621875 0.98828125 0.05 0.0234375
0 0.41953125 0.6984375 0.05 0.05
0 0.2546875 0.34296875 0.0515625 0.053125
0 0.51640625 0.9453125 0.05 0.05
0 0.4734375 0.39609375 0.0484375 0.0515625
0 0.57421875 0.8765625 0.05 0.05
0 0.61796875 0.88515625 0.0484375 0.0484375
0 0.6125 0.76484375 0.05 0.05
0 0.42421875 0.8109375 0.0484375 0.05
0 0.09296875 0.5953125 0.05 0.0515625
0 0.40625 0.76953125 0.05 0.05
0 0.8171875 0.64375 0.0484375 0.0484375
0 0.6890625 0.8609375 0.05 0.05
0 0.88359375 0.93203125 0.0515625 0.0515625
0 0.35390625 0.41796875 0.0484375 0.05
0 0.26875 0.5125 0.05 0.05
0 0.68359375 0.50546875 0.05 0.0515625
0 0.18984375 0.846875 0.0515625 0.053125
0 0.64296875 0.73515625 0.046875 0.0484375
0 0.5046875 0.4765625 0.046875 0.0484375
0 0.546875 0.9109375 0.05 0.05
0 0.47890625 0.62265625 0.0515625 0.0515625
0 0.1515625 0.52890625 0.05 0.05
0 0.29609375 0.90703125 0.05 0.0515625
0 0.72109375 0.9453125 0.05 0.05
0 0.98984375 0.4796875 0.0203125 0.05
0 0.02578125 0.8578125 0.0515625 0.05
0 0.4953125 0.790625 0.0484375 0.0484375
0 0.3265625 0.44609375 0.0515625 0.05
0 0.58203125 0.68125 0.0515625 0.0515625
0 0.7703125 0.521875 0.05 0.05
0 0.0359375 0.54765625 0.05 0.0515625
0 0.59140625 0.4921875 0.05 0.05
0 0.0515625 0.58984375 0.05 0.0515625
0 0.49296875 0.54453125 0.05 0.0515625
0 0.1265625 0.79765625 0.05 0.05
0 0.40859375 0.89140625 0.046875 0.0484375
0 0.27265625 0.38359375 0.05 0.0515625
0 0.45078125 0.77890625 0.0484375 0.0484375
0 0.86171875 0.653125 0.05 0.05
0 0.52890625 0.87109375 0.05 0.0515625
0 0.23046875 0.85546875 0.0484375 0.05
0 0.92421875 0.81953125 0.0453125 0.05
0 0.40546875 0.65078125 0.0484375 0.05
0 0.365625 0.88203125 0.05 0.05
0 0.203125 0.88828125 0.05 0.05
0 0.56484375 0.40625 0.053125 0.053125
0 0.065625 0.63203125 0.05 0.0515625
0 0.32421875 0.87578125 0.05 0.05
0 0.05234375 0.70390625 0.05 0.0515625
0 0.21875 0.69296875 0.05 0.05
0 0.775 0.634375 0.05 0.0515625
0 0.921875 0.703125 0.0515625 0.0515625
0 0.06953125 0.75078125 0.0484375 0.05
0 0.78828125 0.56484375 0.0515625 0.0515625
0 0.7953125 0.48984375 0.05 0.05
0 0.02578125 0.39140625 0.034375 0.0453125
0 0.509375 0.8296875 0.05 0.05
0 0.2765625 0.6265625 0.05 0.05
0 0.34296875 0.3734375 0.0515625 0.053125
0 0.178125 0.37734375 0.05 0.05
0 0.01640625 0.69921875 0.0328125 0.0484375
0 0.46328125 0.70625 0.05 0.05
0 0.2625 0.9390625 0.05 0.05
0 0.34375 0.48671875 0.0515625 0.0515625
0 0.39140625 0.7296875 0.0484375 0.0484375
0 0.14296875 0.84375 0.05 0.05
0 0.8015625 0.7265625 0.05 0.05
0 0.809375 0.95625 0.0515625 0.0515625
0 0.43515625 0.740625 0.05 0.05
0 0.83203125 0.80859375 0.0515625 0.05
0 0.4375 0.853125 0.0484375 0.05
0 0.775 0.75703125 0.05 0.05
0 0.89453125 0.975 0.0390625 0.046875
0 0.09609375 0.7171875 0.05 0.05
0 0.3109375 0.4078125 0.046875 0.0484375
0 0.43046875 0.50390625 0.05 0.05
0 0.02734375 0.7390625 0.05 0.0515625
0 0.30546875 0.7140625 0.0484375 0.05
0 0.39140625 0.6140625 0.0484375 0.05
0 0.0515625 0.4671875 0.0515625 0.0515625
0 0.36484375 0.759375 0.05 0.0515625
0 0.04921875 0.359375 0.05 0.05
0 0.90859375 0.896875 0.04375 0.05
0 0.665625 0.5796875 0.0515625 0.0515625
0 0.75078125 0.90625 0.05 0.05
0 0.2015625 0.65390625 0.0515625 0.05
0 0.0171875 0.8109375 0.034375 0.05
0 0.42890625 0.9328125 0.0484375 0.05
0 0.259375 0.46953125 0.0484375 0.05
0 0.56171875 0.5265625 0.05 0.0515625
0 0.35546875 0.9515625 0.0515625 0.05
0 0.59765625 0.7265625 0.05 0.05
0 0.03515625 0.66484375 0.0515625 0.0515625
0 0.13984375 0.72109375 0.0484375 0.05
0 0.6828125 0.62421875 0.05 0.0515625
0 0.671875 0.815625 0.0484375 0.05
0 0.69296875 0.97734375 0.0484375 0.0453125
0 0.25390625 0.58515625 0.05 0.05
0 0.7578125 0.7140625 0.0515625 0.0515625
0 0.0328125 0.4328125 0.05 0.05
0 0.72890625 0.75 0.05 0.05
0 0.7140625 0.47109375 0.0515625 0.0515625
0 0.36015625 0.64453125 0.0484375 0.05
0 0.12578125 0.56328125 0.0484375 0.0484375
0 0.59921875 0.84296875 0.05 0.05
0 0.22421875 0.38046875 0.0515625 0.053125
0 0.15546875 0.76796875 0.05 0.0515625
0 0.49765625 0.90234375 0.05 0.0515625
0 0.08828125 0.36796875 0.0515625 0.05
0 0.684375 0.740625 0.05 0.05
0 0.8671875 0.89140625 0.05 0.0515625
0 0.815625 0.53203125 0.0515625 0.05
0 0.43203125 0.6171875 0.05 0.05
0 0.40078125 0.9640625 0.0484375 0.05
0 0.35078125 0.84140625 0.05 0.05
0 0.4171875 0.58125 0.0484375 0.05
0 0.8453125 0.73515625 0.05 0.05
0 0.7609375 0.83125 0.05 0.05
0 0.80078125 0.60546875 0.0515625 0.0515625
0 0.840625 0.44140625 0.053125 0.0546875
0 0.071875 0.8671875 0.0484375 0.05
0 0.18203125 0.49296875 0.05 0.0515625
0 0.13203125 0.37421875 0.0484375 0.0484375
0 0.0234375 0.621875 0.046875 0.05
0 0.665625 0.46953125 0.0515625 0.0515625
0 0.74375 0.55546875 0.0515625 0.05
0 0.5625 0.95390625 0.05 0.05
0 0.29921875 0.48046875 0.046875 0.0484375
0 0.4546875 0.89921875 0.0484375 0.0484375
0 0.9203125 0.58515625 0.05 0.0515625
0 0.009375 0.6578125 0.01875 0.05
0 0.3328125 0.796875 0.0484375 0.0484375
0 0.53515625 0.67421875 0.0484375 0.0484375
0 0.4890625 0.97734375 0.05 0.0453125
0 0.9109375 0.78203125 0.0515625 0.05
0 0.14921875 0.40859375 0.05 0.05
0 0.06328125 0.4015625 0.05 0.05
0 0.9015625 0.54453125 0.05 0.05
0 0.10859375 0.63984375 0.0484375 0.0515625
0 0.290625 0.7890625 0.05 0.05
0 0.8375 0.9265625 0.0515625 0.05
0 0.7328125 0.86875 0.05 0.05
0 0.3 0.59453125 0.0484375 0.0484375
0 0.52109375 0.75234375 0.0484375 0.05
0 0.71640625 0.825 0.05 0.05
0 0.121875 0.4484375 0.05 0.05
0 0.16640625 0.45078125 0.05 0.05
0 0.4609375 0.46640625 0.05 0.05
0 0.725 0.51640625 0.053125 0.0515625
0 0.5328125 0.98203125 0.05 0.0359375
0 0.08203125 0.5515625 0.05 0.05
0 0.534375 0.4453125 0.0515625 0.05
0 0.33046875 0.5609375 0.05 0.05
0 0.815625 0.76171875 0.05 0.05
0 0.125 0.68046875 0.0515625 0.05
0 0.65 0.42265625 0.05 0.0515625
0 0.57890625 0.56875 0.0484375 0.0484375
0 0.89375 0.74140625 0.0515625 0.05
0 0.3328125 0.68046875 0.05 0.05
0 0.634375 0.928125 0.0484375 0.046875
0 0.3734375 0.56953125 0.0484375 0.0484375
0 0.48359375 0.86484375 0.05 0.05
0 0.39453125 0.35859375 0.053125 0.0546875
0 0.54921875 0.59921875 0.05 0.0515625
0 0.0390625 0.78359375 0.0484375 0.05
0 0.87578125 0.696875 0.05 0.0515625
0 0.01640625 0.5796875 0.0328125 0.05
0 0.2859375 0.43828125 0.0484375 0.05
0 0.71328125 0.58671875 0.05 0.05
0 0.6984375 0.66171875 0.05 0.05
0 0.83125 0.56875 0.0515625 0.0515625
0 0.44609375 0.54296875 0.0515625 0.0515625
0 0.1109375 0.7609375 0.0484375 0.0484375
0 0.75390625 0.484375 0.0515625 0.0515625
0 0.95859375 0.478125 0.0515625 0.0515625
0 0.63515625 0.503125 0.05 0.05
0 0.2328125 0.73515625 0.05 0.0484375
0 0.8765625 0.578125 0.05 0.05
0 0.43125 0.38515625 0.0546875 0.053125
0 0.4140625 0.4625 0.05 0.05
0 0.69609375 0.54765625 0.05 0.0515625
0 0.471875 0.9390625 0.0484375 0.0484375
0 0.703125 0.78046875 0.0515625 0.0515625
0 0.66328125 0.99453125 0.0515625 0.0109375
0 0.7765625 0.87421875 0.0484375 0.0484375
0 0.19765625 0.5375 0.05 0.0515625
0 0.24765625 0.77890625 0.05 0.05
0 0.2203125 0.9328125 0.0484375 0.0453125
0 0.73359375 0.9828125 0.0515625 0.034375
0 0.08046875 0.66953125 0.0484375 0.05
0 0.2421875 0.41328125 0.0515625 0.05
0 0.65703125 0.7734375 0.05 0.0515625
0 0.5765625 0.9859375 0.05 0.028125
0 0.8078125 0.840625 0.0515625 0.05
0 0.93671875 0.50703125 0.0484375 0.0515625
0 0.5390625 0.79765625 0.0484375 0.0484375
0 0.74765625 0.7890625 0.0484375 0.0484375
0 0.953125 0.66875 0.05 0.0515625
0 0.37890625 0.8046875 0.0484375 0.0484375
0 0.98203125 0.5578125 0.0359375 0.04375
0 0.4625 0.5890625 0.0484375 0.0484375
0 0.084375 0.90703125 0.046875 0.0390625
0 0.215625 0.815625 0.05 0.0515625
0 0.94609375 0.55234375 0.0515625 0.0515625
0 0.246875 0.9 0.0484375 0.05
0 0.66328125 0.8984375 0.0515625 0.0515625
0 0.71484375 0.70546875 0.05 0.0515625
0 0.5546875 0.83515625 0.0484375 0.05
0 0.27734375 0.7515625 0.046875 0.0484375
0 0.40234375 0.53671875 0.0484375 0.0484375
0 0.1921875 0.4140625 0.05 0.0515625
0 0.2296875 0.62578125 0.05 0.05
0 0.65703125 0.6578125 0.0484375 0.0515625
0 0.140625 0.48515625 0.05 0.0515625
0 0.93203125 0.63125 0.05 0.05
0 0.13046875 0.91484375 0.046875 0.0421875
0 0.51015625 0.58828125 0.0484375 0.05
0 0.38671875 0.496875 0.0484375 0.0484375
0 0.83359375 0.690625 0.0484375 0.05
0 0.59296875 0.91796875 0.0484375 0.0484375
0 0.678125 0.940625 0.05 0.05
0 0.86015625 0.53828125 0.0515625 0.0515625
0 0.60546875 0.965625 0.05 0.05
0 0.9703125 0.6328125 0.0328125 0.0484375
0 0.06015625 0.52109375 0.05 0.05
0 0.46875 0.82265625 0.0484375 0.0484375
0 0.36015625 0.5265625 0.0515625 0.05
0 0.8453125 0.49375 0.0515625 0.0515625
0 0.8921875 0.625 0.0484375 0.05
0 0.78125 0.98515625 0.05 0.0296875
0 0.31484375 0.5234375 0.05 0.05
0 0.48984375 0.43984375 0.0484375 0.05
0 0.02265625 0.51171875 0.0453125 0.0515625
0 0.78984375 0.6796875 0.05 0.0515625
0 0.975 0.5140625 0.05 0.05
0 0.59453125 0.6078125 0.05 0.05
0 0.74296875 0.66796875 0.05 0.05
0 0.24609375 0.66328125 0.0484375 0.0484375
0 0.78671875 0.8 0.05 0.05
0 0.3859375 0.92109375 0.05 0.05
0 0.49140625 0.675 0.0484375 0.0484375
0 0.6171875 0.40234375 0.053125 0.0546875
0 0.90546875 0.66171875 0.05 0.05
0 0.009375 0.77265625 0.01875 0.0484375
0 0.87421875 0.99296875 0.0515625 0.0140625
0 0.72734375 0.6265625 0.05 0.05
0 0.16875 0.5734375 0.0484375 0.0484375
0 0.66796875 0.70234375 0.046875 0.046875
0 0.7046875 0.903125 0.05 0.05
0 0.63984375 0.61484375 0.0515625 0.0515625
0 0.22421875 0.50703125 0.0484375 0.05
0 0.478125 0.75078125 0.046875 0.0484375
0 0.346875 0.7234375 0.05 0.05
0 0.7546875 0.60078125 0.05 0.0484375
0 0.0421875 0.315625 0.0359375 0.05
0 0.28359375 0.55625 0.05 0.05
0 0.51796875 0.5171875 0.0484375 0.05
0 0.87890625 0.81484375 0.0515625 0.05
0 0.625 0.69765625 0.046875 0.0484375
0 0.28671875 0.68203125 0.0484375 0.0484375
0 0.26484375 0.70546875 0.046875 0.0484375
0 0.82109375 0.8859375 0.0515625 0.0515625
0 0.79453125 0.9171875 0.0515625 0.0515625
0 0.3375 0.91796875 0.0484375 0.0453125
0 0.5671875 0.63671875 0.0515625 0.05
0 0.6234375 0.58125 0.0484375 0.0484375
0 0.83125 0.9859375 0.05 0.028125
0 0.3109375 0.94609375 0.0484375 0.05
0 0.8546875 0.9671875 0.0515625 0.0515625
0 0.61171875 0.6546875 0.046875 0.0484375
0 0.95546875 0.70859375 0.0296875 0.046875
0 0.859375 0.7734375 0.0515625 0.0515625
0 0.52109375 0.63671875 0.05 0.0515625
0 0.621875 0.46015625 0.05 0.05
0 0.91484375 0.46953125 0.053125 0.0546875
0 0.34296875 0.60625 0.05 0.05
0 0.315625 0.63828125 0.046875 0.0484375
0 0.846875 0.61171875 0.0515625 0.05
0 0.0828125 0.796875 0.0484375 0.046875
0 0.8765625 0.4578125 0.046875 0.053125
0 0.44140625 0.9765625 0.0484375 0.046875
0 0.6484375 0.55 0.0453125 0.046875
0 0.9421875 0.784375 0.025 0.0453125
0 0.403125 0.4203125 0.05 0.0515625
0 0.31796875 0.7609375 0.046875 0.046875
0 0.2421875 0.54921875 0.05 0.0484375
0 0.46171875 0.99296875 0.0453125 0.0140625
0 0.50546875 0.99765625 0.0421875 0.0046875
0 0.00859375 0.4265625 0.0171875 0.04375
0 0.92890625 0.8609375 0.01875 0.040625
0 0.9125 0.9375 0.0203125 0.046875
0 0.33203125 0.9703125 0.04375 0.0171875
0 0.02421875 0.3515625 0.0171875 0.04375
1 0.1828125 0.61171875 0.0546875 0.053125
0 0.284375 0.96171875 0.0421875 0.0171875
0 0.996875 0.51875 0.00625 0.04375