0 0.859375 0.85234375 0.0640625 0.0640625
0 0.84375 0.59609375 0.0640625 0.065625
0 0.83046875 0.79609375 0.065625 0.0640625
0 0.85078125 0.965625 0.065625 0.0640625
0 0.8140625 0.91328125 0.065625 0.0671875
0 0.8109375 0.990625 0.065625 0.01875
0 0.9 0.640625 0.0640625 0.0640625
0 0.896875 0.79765625 0.0625 0.0609375
0 0.83359375 0.73828125 0.0640625 0.0625
0 0.96328125 0.6265625 0.0625 0.0625
0 0.88359375 0.9078125 0.06875 0.065625
0 0.8953125 0.73828125 0.0640625 0.0640625
0 0.940625 0.9953125 0.053125 0.009375
0 0.884375 0.98984375 0.065625 0.0203125
0 0.859375 0.6796875 0.065625 0.0625
0 0.91796875 0.96484375 0.0671875 0.0625
0 0.9203125 0.85390625 0.065625 0.0625
0 0.94921875 0.89765625 0.0515625 0.059375
0 0.92734375 0.57265625 0.0625 0.0625
0 0.93671875 0.5109375 0.0640625 0.0609375
0 0.93359375 0.44296875 0.065625 0.065625
0 0.87109375 0.50625 0.0625 0.059375
0 0.86484375 0.459375 0.0640625 0.059375
0 0.97890625 0.46875 0.0421875 0.0625
0 0.96328125 0.85 0.03125 0.0609375
0 0.9625 0.7421875 0.046875 0.0578125
0 0.94296875 0.67890625 0.059375 0.059375
0 0.97890625 0.565625 0.040625 0.0625
0 0.97890625 0.68203125 0.0234375 0.0609375
0 0.95390625 0.79375 0.0578125 0.0671875
0 0.98125 0.4125 0.0375 0.05625