1 0.871875 0.21171875 0.203125 0.1671875
1 0.67109375 0.41640625 0.2234375 0.16875
1 0.5828125 0.27578125 0.2203125 0.1796875
1 0.925 0.50390625 0.15 0.1671875
1 0.628125 0.11953125 0.2171875 0.1703125
1 0.85 0.365625 0.21875 0.1828125
1 0.46796875 0.15859375 0.1984375 0.16875
1 0.79453125 0.0859375 0.2171875 0.171875
1 0.72890625 0.24765625 0.184375 0.184375
1 0.79296875 0.53203125 0.2015625 0.209375
1 0.9 0.65078125 0.2 0.2015625
1 0.8953125 0.06171875 0.121875 0.1234375
1 0.9625 0.7953125 0.075 0.16875
1 0.9515625 0.3296875 0.0828125 0.18125
1 0.98671875 0.634375 0.0265625 0.171875