0 0.17265625 0.865625 0.13984375 0.14609375
0 0.6046875 0.584375 0.134375 0.140625
0 0.94375 0.384375 0.1125 0.146875
0 0.81640625 0.43203125 0.15546875 0.16875
0 0.44296875 0.61015625 0.14140625 0.13828125
0 0.740625 0.7296875 0.1140625 0.12109375
0 0.9453125 0.915625 0.109375 0.121875
0 0.80625 0.9359375 0.11640625 0.1203125
0 0.67578125 0.465625 0.11484375 0.121875
0 0.54765625 0.87578125 0.12265625 0.128125
0 0.759375 0.58515625 0.1765625 0.18359375
0 0.9140625 0.70390625 0.10859375 0.1140625
0 0.25 0.71640625 0.14609375 0.153125
0 0.971875 0.80078125 0.05625 0.11796875
0 0.43203125 0.91484375 0.11796875 0.12421875
0 0.21875 0.971875 0.1328125 0.05625
0 0.71171875 0.86015625 0.109375 0.115625
0 0.0578125 0.96015625 0.115625 0.0796875
0 0.91875 0.5609375 0.128125 0.13203125
0 0.59765625 0.75078125 0.11328125 0.12109375
0 0.44296875 0.7765625 0.11953125 0.128125
0 0.68203125 0.9625 0.11015625 0.07421875
0 0.109375 0.8703125 0.08515625 0.1125
0 0.86015625 0.81953125 0.1125 0.10703125
0 0.5609375 0.97578125 0.10625 0.0484375