0 0.49765625 0.98359375 0.0546875 0.0328125
0 0.5484375 0.98046875 0.05 0.0390625
0 0.6 0.97890625 0.0515625 0.040625
0 0.64921875 0.978125 0.0515625 0.040625
0 0.70078125 0.97421875 0.053125 0.046875
0 0.74921875 0.975 0.046875 0.04375
0 0.7984375 0.9734375 0.0484375 0.04375
0 0.8484375 0.97265625 0.0546875 0.04375
0 0.9015625 0.96484375 0.053125 0.053125
0 0.95234375 0.965625 0.0484375 0.0515625
0 0.9875 0.9625 0.025 0.05
0 0.46953125 0.95 0.0484375 0.053125
0 0.51796875 0.9515625 0.0515625 0.0515625
0 0.57265625 0.940625 0.0515625 0.0453125
0 0.6234375 0.940625 0.0484375 0.0484375
0 0.671875 0.93828125 0.053125 0.05
0 0.721875 0.934375 0.05 0.0453125
0 0.77265625 0.93359375 0.053125 0.0484375
0 0.82421875 0.93125 0.0515625 0.053125
0 0.875 0.92890625 0.053125 0.0484375
0 0.925 0.92265625 0.0515625 0.0484375
0 0.97421875 0.9203125 0.05 0.05
0 0.4484375 0.909375 0.0546875 0.05
0 0.49921875 0.90390625 0.0515625 0.05
0 0.5453125 0.90390625 0.046875 0.05
0 0.59375 0.9015625 0.0515625 0.0515625
0 0.6453125 0.89765625 0.053125 0.0515625
0 0.69609375 0.8953125 0.0484375 0.046875
0 0.7453125 0.89375 0.0546875 0.0484375
0 0.7953125 0.89140625 0.05 0.0515625
0 0.84453125 0.8859375 0.0515625 0.05
0 0.89609375 0.8859375 0.053125 0.05
0 0.94609375 0.88359375 0.0484375 0.05
0 0.984375 0.87578125 0.03125 0.0484375
0 0.41640625 0.86953125 0.0515625 0.05
0 0.4671875 0.86640625 0.0515625 0.0484375
0 0.5171875 0.86015625 0.0515625 0.0453125
0 0.56796875 0.8625 0.0515625 0.0515625
0 0.61640625 0.85390625 0.053125 0.0515625
0 0.66640625 0.85625 0.053125 0.0453125
0 0.7171875 0.85234375 0.0484375 0.053125
0 0.76796875 0.85078125 0.0515625 0.05
0 0.81796875 0.84609375 0.0515625 0.05
0 0.8671875 0.8421875 0.0484375 0.0484375
0 0.91875 0.84140625 0.0546875 0.053125
0 0.9671875 0.83671875 0.046875 0.053125
0 0.390625 0.8265625 0.0546875 0.05625
0 0.44375 0.8234375 0.0515625 0.0515625
0 0.49375 0.82265625 0.0515625 0.05
0 0.5421875 0.81640625 0.05 0.05
0 0.58984375 0.815625 0.0515625 0.0515625
0 0.640625 0.8140625 0.0515625 0.05
0 0.690625 0.81015625 0.05 0.05
0 0.74296875 0.8046875 0.0546875 0.0515625
0 0.79140625 0.803125 0.0484375 0.05
0 0.84140625 0.79921875 0.0546875 0.0515625
0 0.89140625 0.79765625 0.0484375 0.05
0 0.9421875 0.79296875 0.053125 0.0484375
0 0.9828125 0.7859375 0.034375 0.05
0 0.37109375 0.78359375 0.0484375 0.046875
0 0.42265625 0.7796875 0.05 0.046875
0 0.47109375 0.77734375 0.0484375 0.05
0 0.51875 0.775 0.0484375 0.05
0 0.5671875 0.7734375 0.0484375 0.0484375
0 0.61796875 0.77109375 0.053125 0.0515625
0 0.6671875 0.76640625 0.046875 0.0484375
0 0.715625 0.76484375 0.053125 0.0484375
0 0.76484375 0.76015625 0.0484375 0.0515625
0 0.8125 0.759375 0.05 0.0515625
0 0.86328125 0.7578125 0.0515625 0.0484375
0 0.9125 0.7546875 0.05 0.05
0 0.96171875 0.753125 0.046875 0.05
0 0.33515625 0.7453125 0.0578125 0.053125
0 0.390625 0.7421875 0.0546875 0.05
0 0.44140625 0.73515625 0.046875 0.0515625
0 0.4890625 0.73359375 0.0515625 0.0515625
0 0.53984375 0.73046875 0.0484375 0.05
0 0.5890625 0.7265625 0.0515625 0.05
0 0.6390625 0.72578125 0.0515625 0.0515625
0 0.68828125 0.72421875 0.0515625 0.05
0 0.7375 0.71796875 0.05 0.0515625
0 0.78828125 0.715625 0.0484375 0.05
0 0.8375 0.71484375 0.053125 0.053125
0 0.88671875 0.71171875 0.0484375 0.0546875
0 0.9359375 0.709375 0.0515625 0.053125
0 0.3140625 0.69921875 0.0515625 0.0484375
0 0.36328125 0.7 0.0484375 0.05
0 0.41328125 0.6953125 0.05 0.05
0 0.4625 0.6890625 0.0515625 0.0484375
0 0.5125 0.6890625 0.05 0.046875
0 0.56328125 0.6859375 0.0484375 0.05
0 0.61015625 0.68359375 0.0484375 0.0484375
0 0.6609375 0.6828125 0.05 0.05
0 0.7125 0.678125 0.0484375 0.0515625
0 0.76328125 0.67734375 0.0515625 0.0515625
0 0.81171875 0.6734375 0.05 0.0515625
0 0.8609375 0.67265625 0.05 0.05
0 0.9078125 0.66640625 0.053125 0.0484375
0 0.95703125 0.6640625 0.0515625 0.046875
0 0.28671875 0.66171875 0.0515625 0.05
0 0.33515625 0.66171875 0.0484375 0.05
0 0.38984375 0.65078125 0.0515625 0.0484375
0 0.4359375 0.65078125 0.0484375 0.05
0 0.484375 0.64765625 0.0515625 0.0484375
0 0.534375 0.6421875 0.05 0.046875
0 0.58515625 0.64140625 0.053125 0.05
0 0.63515625 0.63984375 0.05 0.0515625
0 0.684375 0.6375 0.05 0.0515625
0 0.7359375 0.63359375 0.05 0.046875
0 0.784375 0.6328125 0.0484375 0.05
0 0.83203125 0.628125 0.05 0.05
0 0.88203125 0.62734375 0.0515625 0.0515625
0 0.93046875 0.6234375 0.0484375 0.0484375
0 0.26015625 0.6171875 0.053125 0.0515625
0 0.30859375 0.61640625 0.05 0.0515625
0 0.35859375 0.6109375 0.0515625 0.0484375
0 0.4078125 0.61015625 0.05 0.05
0 0.45859375 0.60625 0.05 0.0484375
0 0.5078125 0.603125 0.05 0.0515625
0 0.55859375 0.6015625 0.0515625 0.0515625
0 0.60859375 0.5984375 0.05 0.0515625
0 0.6578125 0.5953125 0.0484375 0.05
0 0.70703125 0.59609375 0.0484375 0.053125
0 0.75546875 0.59296875 0.05 0.0515625
0 0.80390625 0.590625 0.05 0.0515625
0 0.853125 0.5875 0.0484375 0.05
0 0.90234375 0.58359375 0.0515625 0.05
0 0.9515625 0.58203125 0.0515625 0.0515625
0 0.2328125 0.57890625 0.05 0.0515625
0 0.28359375 0.5734375 0.053125 0.05
0 0.33515625 0.57109375 0.0546875 0.05
0 0.38515625 0.56796875 0.046875 0.05
0 0.4296875 0.56484375 0.05 0.0515625
0 0.47890625 0.56328125 0.0515625 0.05
0 0.5296875 0.559375 0.0515625 0.05
0 0.5796875 0.55390625 0.0484375 0.046875
0 0.63046875 0.55390625 0.053125 0.05
0 0.68046875 0.55078125 0.0484375 0.046875
0 0.7296875 0.55 0.0484375 0.0484375
0 0.77890625 0.5484375 0.0484375 0.05
0 0.828125 0.5453125 0.05 0.0515625
0 0.8765625 0.54375 0.046875 0.05
0 0.2109375 0.534375 0.053125 0.046875
0 0.25859375 0.53125 0.05 0.0484375
0 0.3078125 0.52734375 0.0484375 0.0484375
0 0.35703125 0.528125 0.05 0.0515625
0 0.40703125 0.52265625 0.0515625 0.05
0 0.4546875 0.52109375 0.0484375 0.05
0 0.50625 0.51640625 0.0515625 0.0515625
0 0.55625 0.5140625 0.046875 0.0515625
0 0.60390625 0.5109375 0.05 0.046875
0 0.653125 0.51171875 0.0515625 0.05
0 0.703125 0.51015625 0.046875 0.0484375
0 0.753125 0.50703125 0.0484375 0.0515625
0 0.8015625 0.50546875 0.046875 0.05
0 0.85 0.503125 0.0515625 0.0484375
0 0.9015625 0.49609375 0.0515625 0.0484375
0 0.9796875 0.7046875 0.040625 0.05
0 0.97734375 0.62265625 0.0453125 0.0515625
0 0.9875 0.578125 0.025 0.05
0 0.925 0.54140625 0.046875 0.0515625
0 0.971875 0.53515625 0.05 0.0515625
0 0.946875 0.49375 0.046875 0.0484375
0 0.98359375 0.4921875 0.0328125 0.05
0 0.18046875 0.50078125 0.0515625 0.053125
0 0.1546875 0.45390625 0.0546875 0.05625
0 0.128125 0.415625 0.053125 0.05
0 0.10234375 0.3734375 0.0515625 0.0515625
0 0.07734375 0.33046875 0.053125 0.05
0 0.04765625 0.29140625 0.053125 0.0546875
0 0.025 0.24765625 0.05 0.0515625
0 0.0734375 0.2453125 0.05 0.0484375
0 0.1234375 0.23984375 0.0515625 0.0484375
0 0.17421875 0.23671875 0.05 0.0484375
0 0.22421875 0.2359375 0.05 0.0515625
0 0.27265625 0.23046875 0.05 0.0484375
0 0.321875 0.228125 0.0515625 0.0484375
0 0.36953125 0.22890625 0.0484375 0.05
0 0.1015625 0.28515625 0.0484375 0.0515625
0 0.15234375 0.28203125 0.0484375 0.0484375
0 0.2 0.28046875 0.046875 0.0484375
0 0.25 0.27890625 0.0515625 0.0484375
0 0.29921875 0.271875 0.0515625 0.05
0 0.346875 0.27421875 0.046875 0.0484375
0 0.39609375 0.26875 0.05 0.0484375
0 0.1265625 0.32734375 0.0515625 0.046875
0 0.178125 0.32265625 0.0515625 0.046875
0 0.228125 0.3203125 0.0484375 0.05
0 0.278125 0.31640625 0.046875 0.0515625
0 0.32421875 0.315625 0.046875 0.0484375
0 0.371875 0.315625 0.0484375 0.0484375
0 0.1546875 0.36875 0.046875 0.046875
0 0.20390625 0.3671875 0.05 0.0484375
0 0.2515625 0.36484375 0.046875 0.0484375
0 0.3015625 0.359375 0.0484375 0.0484375
0 0.3515625 0.359375 0.046875 0.05
0 0.39921875 0.35234375 0.0484375 0.05
0 0.17734375 0.4109375 0.0484375 0.05
0 0.22734375 0.4078125 0.0515625 0.05
0 0.278125 0.403125 0.05 0.05
0 0.32734375 0.40234375 0.0515625 0.0515625
0 0.37890625 0.3984375 0.046875 0.05
0 0.4265625 0.3953125 0.0515625 0.0546875
0 0.20625 0.4515625 0.046875 0.0484375
0 0.2546875 0.446875 0.0484375 0.046875
0 0.3046875 0.4421875 0.05 0.05
0 0.35625 0.44140625 0.0546875 0.0515625
0 0.40390625 0.43984375 0.046875 0.0484375
0 0.4546875 0.4359375 0.053125 0.0484375
0 0.23125 0.49296875 0.0484375 0.0484375
0 0.28046875 0.49140625 0.0515625 0.046875
0 0.33203125 0.4859375 0.05 0.046875
0 0.38125 0.48203125 0.05 0.046875
0 0.43046875 0.48125 0.05 0.05
0 0.478125 0.47578125 0.0515625 0.0515625
0 0.528125 0.471875 0.05 0.05
0 0.57734375 0.46953125 0.046875 0.046875
0 0.62578125 0.46875 0.0546875 0.05
0 0.678125 0.46796875 0.046875 0.0515625
0 0.725 0.46484375 0.0484375 0.05
0 0.7734375 0.46328125 0.05 0.0515625
0 0.821875 0.4609375 0.046875 0.05
0 0.871875 0.45859375 0.0546875 0.05
0 0.92265625 0.453125 0.05 0.05
0 0.97109375 0.45078125 0.0515625 0.05
0 0.50234375 0.43203125 0.046875 0.046875
0 0.55 0.42890625 0.05 0.05
0 0.60078125 0.42734375 0.0515625 0.0484375
0 0.65078125 0.425 0.05 0.0515625
0 0.69921875 0.4234375 0.046875 0.0515625
0 0.746875 0.41953125 0.0515625 0.0515625
0 0.79453125 0.41796875 0.05 0.0515625
0 0.84609375 0.415625 0.053125 0.0515625
0 0.89609375 0.41171875 0.046875 0.05
0 0.94375 0.409375 0.05 0.0515625
0 0.98359375 0.40546875 0.03125 0.05
0 0.4765625 0.39296875 0.046875 0.0484375
0 0.525 0.3890625 0.05 0.05
0 0.57421875 0.3859375 0.0515625 0.05
0 0.6234375 0.38359375 0.0484375 0.046875
0 0.6703125 0.38046875 0.0515625 0.0515625
0 0.7203125 0.38046875 0.05 0.0484375
0 0.76953125 0.37890625 0.05 0.0484375
0 0.81796875 0.37265625 0.0484375 0.05
0 0.8671875 0.37109375 0.0515625 0.0515625
0 0.91875 0.3703125 0.0515625 0.0546875
0 0.96484375 0.36484375 0.05 0.0515625
0 0.4484375 0.35234375 0.05 0.0484375
0 0.496875 0.3484375 0.046875 0.05
0 0.5453125 0.34453125 0.05 0.05
0 0.5953125 0.34296875 0.05 0.0484375
0 0.64375 0.34140625 0.0515625 0.0484375
0 0.69375 0.33984375 0.046875 0.0484375
0 0.74296875 0.3390625 0.0515625 0.05
0 0.79375 0.3328125 0.0515625 0.05
0 0.8421875 0.32734375 0.053125 0.0515625
0 0.8921875 0.32734375 0.05 0.053125
0 0.93984375 0.3234375 0.0515625 0.0484375
0 0.98046875 0.321875 0.034375 0.046875
0 0.42109375 0.3109375 0.0484375 0.0515625
0 0.4703125 0.31015625 0.0515625 0.046875
0 0.51953125 0.30546875 0.05 0.0484375
0 0.56796875 0.30234375 0.05 0.0484375
0 0.615625 0.3 0.05 0.046875
0 0.66484375 0.29765625 0.0515625 0.05
0 0.71640625 0.2953125 0.0546875 0.05
0 0.76484375 0.29296875 0.046875 0.0515625
0 0.8125 0.28671875 0.0515625 0.046875
0 0.86328125 0.2875 0.0546875 0.046875
0 0.9109375 0.28359375 0.046875 0.046875
0 0.9625 0.28125 0.0515625 0.05
0 0.44453125 0.26875 0.0515625 0.05
0 0.49375 0.26484375 0.046875 0.046875
0 0.540625 0.2625 0.05 0.0484375
0 0.59140625 0.259375 0.05 0.0484375
0 0.63984375 0.25625 0.05 0.0484375
0 0.68984375 0.253125 0.0484375 0.0515625
0 0.73828125 0.25078125 0.0515625 0.0484375
0 0.784375 0.2453125 0.0484375 0.046875
0 0.8328125 0.2453125 0.0515625 0.046875
0 0.8828125 0.2421875 0.046875 0.05
0 0.93203125 0.23828125 0.0515625 0.0515625
0 0.9765625 0.23515625 0.0390625 0.046875
0 0.4171875 0.22734375 0.0515625 0.046875
0 0.46484375 0.225 0.05 0.0484375
0 0.5125 0.22265625 0.046875 0.0484375
0 0.5609375 0.2203125 0.0484375 0.05
0 0.6109375 0.215625 0.0515625 0.05
0 0.6609375 0.21171875 0.0484375 0.046875
0 0.709375 0.21015625 0.0515625 0.05
0 0.75859375 0.20546875 0.0515625 0.05
0 0.8078125 0.2015625 0.046875 0.046875
0 0.85703125 0.19921875 0.05 0.0515625
0 0.90390625 0.19921875 0.046875 0.0484375
0 0.95390625 0.196875 0.05 0.0453125
0 0.0125 0.20703125 0.025 0.0484375
0 0.05078125 0.2046875 0.05 0.05
0 0.09921875 0.2 0.046875 0.046875
0 0.14921875 0.19921875 0.05 0.046875
0 0.19765625 0.19453125 0.046875 0.0453125
0 0.24609375 0.1921875 0.05 0.0484375
0 0.29609375 0.1890625 0.0515625 0.0484375
0 0.346875 0.1859375 0.0515625 0.0515625
0 0.39375 0.1828125 0.0453125 0.046875
0 0.440625 0.18359375 0.046875 0.0453125
0 0.4890625 0.18046875 0.0484375 0.0515625
0 0.53828125 0.17421875 0.05 0.0515625
0 0.58671875 0.17578125 0.046875 0.05
0 0.025 0.1640625 0.05 0.053125
0 0.07421875 0.1609375 0.046875 0.0484375
0 0.121875 0.15625 0.0484375 0.046875
0 0.17109375 0.15390625 0.053125 0.0484375
0 0.21875 0.15 0.0484375 0.0484375
0 0.26640625 0.14765625 0.046875 0.0515625
0 0.31640625 0.14609375 0.046875 0.0484375
0 0.3640625 0.1421875 0.046875 0.0484375
0 0.4140625 0.140625 0.0515625 0.053125
0 0.46171875 0.1390625 0.046875 0.05
0 0.509375 0.1375 0.0515625 0.0484375
0 0.0109375 0.121875 0.021875 0.046875
0 0.046875 0.11875 0.0515625 0.0515625
0 0.09609375 0.115625 0.0453125 0.046875
0 0.14453125 0.1125 0.0515625 0.0515625
0 0.19296875 0.10859375 0.05 0.046875
0 0.240625 0.1078125 0.046875 0.046875
0 0.29140625 0.1046875 0.05 0.0453125
0 0.33828125 0.1 0.046875 0.05
0 0.3859375 0.0984375 0.05 0.05
0 0.434375 0.0953125 0.05 0.046875
0 0.4828125 0.09453125 0.0515625 0.046875
0 0.5359375 0.0921875 0.0515625 0.05
0 0.0203125 0.08046875 0.040625 0.0484375
0 0.065625 0.075 0.05 0.046875
0 0.11640625 0.07421875 0.05 0.05
0 0.165625 0.0703125 0.0515625 0.046875
0 0.2140625 0.06640625 0.0484375 0.0484375
0 0.2625 0.06484375 0.0484375 0.0515625
0 0.31171875 0.06171875 0.05 0.0484375
0 0.3609375 0.0578125 0.05 0.0484375
0 0.41015625 0.05625 0.046875 0.046875
0 0.45859375 0.053125 0.0484375 0.046875
0 0.50625 0.05 0.0484375 0.0453125
0 0.0078125 0.03828125 0.015625 0.0484375
0 0.03828125 0.03359375 0.046875 0.0515625
0 0.0875 0.03125 0.0546875 0.05
0 0.1390625 0.03046875 0.053125 0.05
0 0.18828125 0.02734375 0.0453125 0.0453125
0 0.234375 0.025 0.0515625 0.0421875
0 0.284375 0.0234375 0.0453125 0.040625
0 0.334375 0.0234375 0.046875 0.0421875
0 0.3828125 0.0203125 0.046875 0.0375
0 0.43046875 0.01953125 0.0484375 0.0390625
0 0.47890625 0.01640625 0.0484375 0.0328125
0 0.53125 0.015625 0.05 0.03125
0 0.63671875 0.1703125 0.0515625 0.0515625
0 0.68515625 0.16875 0.046875 0.05
0 0.734375 0.16484375 0.05 0.0484375
0 0.7828125 0.1625 0.046875 0.0484375
0 0.83125 0.16171875 0.053125 0.0484375
0 0.88203125 0.1578125 0.0484375 0.0515625
0 0.9265625 0.15546875 0.0484375 0.046875
0 0.97421875 0.15078125 0.040625 0.0484375
0 0.559375 0.1328125 0.0484375 0.0484375
0 0.60625 0.1296875 0.046875 0.0453125
0 0.6578125 0.12734375 0.0484375 0.046875
0 0.70625 0.125 0.046875 0.0484375
0 0.75703125 0.121875 0.05 0.046875
0 0.8078125 0.11953125 0.0515625 0.05
0 0.85625 0.11640625 0.05 0.05
0 0.903125 0.1140625 0.0484375 0.0484375
0 0.9515625 0.11171875 0.0484375 0.0484375
0 0.58203125 0.09140625 0.046875 0.046875
0 0.63203125 0.08515625 0.0515625 0.053125
0 0.68203125 0.084375 0.05 0.046875
0 0.73046875 0.07890625 0.0484375 0.0515625
0 0.7796875 0.07890625 0.0515625 0.05
0 0.8296875 0.0765625 0.0484375 0.0484375
0 0.8765625 0.07421875 0.04375 0.0484375
0 0.921875 0.06953125 0.0484375 0.0484375
0 0.96953125 0.06484375 0.046875 0.0515625
0 0.55625 0.05 0.0453125 0.0515625
0 0.60390625 0.04921875 0.0515625 0.0484375
0 0.6546875 0.04453125 0.0484375 0.0484375
0 0.7015625 0.04140625 0.0453125 0.046875
0 0.74921875 0.0375 0.0515625 0.0484375
0 0.8 0.034375 0.0515625 0.0484375
0 0.84921875 0.03203125 0.0484375 0.05
0 0.89765625 0.0296875 0.0484375 0.0484375
0 0.94609375 0.025 0.046875 0.05
0 0.57890625 0.01640625 0.0453125 0.0328125
0 0.6265625 0.0140625 0.046875 0.028125
0 0.6765625 0.0125 0.046875 0.025
0 0.7265625 0.01015625 0.046875 0.0203125
0 0.77578125 0.00859375 0.0484375 0.0171875
0 0.825 0.00703125 0.046875 0.0140625
0 0.871875 0.00703125 0.046875 0.0140625
0 0.9203125 0.00625 0.046875 0.0125