0 0.02265625 0.165625 0.0453125 0.071875
0 0.165625 0.4140625 0.075 0.071875
0 0.00546875 0.4515625 0.0109375 0.065625
0 0.18125 0.18984375 0.071875 0.0703125
0 0.08125 0.48515625 0.075 0.0734375
0 0.1140625 0.1984375 0.0765625 0.0703125
0 0.53125 0.3109375 0.071875 0.0703125
0 0.04296875 0.20546875 0.0734375 0.0703125
0 0.09375 0.26015625 0.075 0.075
0 0.53828125 0.25 0.0734375 0.075
0 0.31640625 0.36953125 0.075 0.075
0 0.12578125 0.36875 0.075 0.075
0 0.01640625 0.39375 0.0328125 0.071875
0 0.02734375 0.50390625 0.0546875 0.0703125
0 0.03515625 0.4375 0.0703125 0.06875
0 0.56953125 0.34296875 0.071875 0.0703125
0 0.4953125 0.11796875 0.0734375 0.071875
0 0.01171875 0.23359375 0.0234375 0.0734375
0 0.13671875 0.14296875 0.071875 0.075
0 0.6296875 0.31171875 0.0734375 0.0765625
0 0.475 0.27421875 0.0734375 0.0734375
0 0.35703125 0.40234375 0.075 0.0734375
0 0.28515625 0.20390625 0.071875 0.0703125
0 0.13828125 0.3015625 0.075 0.0703125
0 0.0328125 0.26796875 0.065625 0.0734375
0 0.1875 0.3515625 0.075 0.075
0 0.21484375 0.2953125 0.071875 0.0734375
0 0.0265625 0.3359375 0.053125 0.071875
0 0.4203125 0.390625 0.0765625 0.075
0 0.24609375 0.1671875 0.0734375 0.071875
0 0.2359375 0.384375 0.075 0.075
0 0.4546875 0.3375 0.0765625 0.075
0 0.44296875 0.15859375 0.071875 0.0703125
0 0.3453125 0.24765625 0.0765625 0.0765625
0 0.3828125 0.059375 0.0703125 0.06875
0 0.03125 0.11953125 0.0625 0.0484375
0 0.4953125 0.05 0.0703125 0.06875
0 0.5359375 0.01875 0.075 0.0375
0 0.3828125 0.1265625 0.071875 0.071875
0 0.50859375 0.36015625 0.071875 0.0703125
0 0.38125 0.33359375 0.078125 0.0765625
0 0.2890625 0.4234375 0.0765625 0.071875
0 0.0703125 0.1515625 0.0765625 0.071875
0 0.2265625 0.22265625 0.071875 0.0703125
0 0.14375 0.4703125 0.078125 0.075
0 0.209375 0.44453125 0.0765625 0.075
0 0.57265625 0.12734375 0.0734375 0.071875
0 0.434375 0.03046875 0.071875 0.0609375
0 0.5953125 0.25234375 0.071875 0.071875
0 0.33359375 0.096875 0.0734375 0.0703125
0 0.26875 0.10859375 0.0765625 0.078125
0 0.15 0.23984375 0.0703125 0.0703125
0 0.3890625 0.18984375 0.0734375 0.0734375
0 0.32421875 0.30234375 0.075 0.071875
0 0.53359375 0.18046875 0.0734375 0.071875
0 0.47421875 0.20703125 0.071875 0.06875
0 0.3375 0.165625 0.071875 0.0734375
0 0.075 0.3140625 0.075 0.0734375
0 0.165625 0.09140625 0.0765625 0.0609375
0 0.39609375 0.26640625 0.071875 0.071875
0 0.05625 0.36953125 0.075 0.0703125
0 0.2 0.12265625 0.075 0.0671875
0 0.4359375 0.0859375 0.0734375 0.071875
0 0.5484375 0.0625 0.0703125 0.071875
0 0.22578125 0.07421875 0.06875 0.0546875
0 0.26796875 0.259375 0.075 0.075
0 0.5953125 0.18984375 0.0703125 0.06875
0 0.31328125 0.0515625 0.065625 0.0515625