1 0.94375 0.91015625 0.1125 0.1390625
1 0.7921875 0.909375 0.196875 0.1609375
1 0.61484375 0.9109375 0.190625 0.1765625
1 0.43828125 0.92734375 0.2015625 0.1453125
1 0.15078125 0.87578125 0.196875 0.2015625
1 0.315625 0.81796875 0.2140625 0.203125
1 0.496875 0.8140625 0.196875 0.1953125
1 0.7109375 0.77265625 0.1890625 0.215625
1 0.87578125 0.76328125 0.1734375 0.21875
1 0.9265625 0.62421875 0.146875 0.2015625
1 0.76796875 0.58984375 0.1875 0.24375
1 0.58828125 0.640625 0.215625 0.2296875
1 0.41875 0.6484375 0.2 0.184375
1 0.225 0.68671875 0.19375 0.1765625
1 0.07734375 0.734375 0.140625 0.1828125
1 0.121875 0.54609375 0.203125 0.2078125
1 0.29375 0.50625 0.1859375 0.2203125
1 0.46796875 0.4875 0.1984375 0.203125
1 0.64140625 0.4703125 0.1734375 0.1828125
1 0.86015625 0.4671875 0.19375 0.1921875
1 0.91484375 0.31953125 0.1625 0.1953125
1 0.75 0.3546875 0.196875 0.1953125
1 0.55078125 0.334375 0.1953125 0.1734375
1 0.365625 0.35625 0.2015625 0.1921875
1 0.18125 0.36875 0.1671875 0.184375
1 0.06015625 0.421875 0.1203125 0.1875
1 0.0890625 0.24375 0.178125 0.190625
1 0.2703125 0.234375 0.1875 0.171875
1 0.45546875 0.1984375 0.215625 0.1890625
1 0.64140625 0.20078125 0.1921875 0.1890625
1 0.81171875 0.19296875 0.1921875 0.1859375
1 0.93828125 0.15859375 0.1 0.2046875
1 0.86640625 0.065625 0.1921875 0.13125
1 0.68984375 0.06640625 0.1734375 0.1328125
1 0.52109375 0.07890625 0.1953125 0.1578125
1 0.3421875 0.08359375 0.1765625 0.1609375
1 0.16640625 0.09609375 0.1921875 0.1671875
1 0.0421875 0.10859375 0.084375 0.1734375