0 0.12265625 0.12890625 0.0640625 0.0609375
0 0.0265625 0.04296875 0.053125 0.0578125
0 0.15625 0.27421875 0.0609375 0.0640625
0 0.12421875 0.2171875 0.0671875 0.065625
0 0.18359375 0.12265625 0.0609375 0.065625
0 0.0609375 0.15546875 0.0640625 0.0671875
0 0.09140625 0.271875 0.0640625 0.0640625
0 0.02265625 0.11328125 0.0453125 0.0640625
0 0.19140625 0.21953125 0.0671875 0.065625
0 0.0296875 0.275 0.059375 0.0625
0 0.01953125 0.52421875 0.0390625 0.0609375
0 0.0203125 0.3921875 0.040625 0.0625
0 0.08125 0.07734375 0.065625 0.06875
1 0.01875 0.2 0.0375 0.053125
1 0.0609375 0.21171875 0.05625 0.0578125
1 0.13671875 0.0609375 0.05625 0.0640625
1 0.2375 0.0421875 0.128125 0.071875
1 0.05078125 0.33984375 0.0625 0.06875
1 0.115625 0.334375 0.0703125 0.0609375
1 0.0796875 0.40078125 0.075 0.0625
1 0.04765625 0.4625 0.0703125 0.0734375