0 0.5203125 0.659375 0.20625 0.1828125
0 0.3609375 0.69453125 0.1765625 0.1609375
0 0.0890625 0.66875 0.146875 0.15
0 0.6078125 0.89296875 0.175 0.1625
0 0.06171875 0.32734375 0.1234375 0.1578125
0 0.38125 0.56015625 0.1734375 0.1578125
0 0.30078125 0.09921875 0.1875 0.1625
0 0.7890625 0.64765625 0.2265625 0.20625
0 0.63671875 0.40546875 0.2078125 0.178125
0 0.496875 0.8 0.1984375 0.1765625
0 0.11640625 0.54140625 0.16875 0.1578125
0 0.28984375 0.46484375 0.1875 0.178125
0 0.6359375 0.71875 0.1609375 0.1578125
0 0.40703125 0.19140625 0.1921875 0.175
0 0.19296875 0.24296875 0.178125 0.1921875
0 0.31328125 0.94765625 0.1578125 0.1046875
0 0.73515625 0.796875 0.165625 0.1578125
0 0.23984375 0.6125 0.159375 0.15
0 0.0390625 0.45234375 0.078125 0.1390625
0 0.4453125 0.9203125 0.165625 0.15625
0 0.33515625 0.83359375 0.1703125 0.1625
0 0.103125 0.796875 0.1140625 0.1453125
0 0.19609375 0.88359375 0.1609375 0.1578125
0 0.16953125 0.40703125 0.1765625 0.15625
0 0.4953125 0.4625 0.1921875 0.171875
0 0.64921875 0.584375 0.1609375 0.1578125
0 0.7875 0.48984375 0.2125 0.18125
0 0.8640625 0.8640625 0.1796875 0.1453125
0 0.70859375 0.92109375 0.178125 0.11875
0 0.496875 0.31328125 0.175 0.1625
0 0.0265625 0.56875 0.053125 0.14375
0 0.55234375 0.97109375 0.1578125 0.0578125
0 0.10625 0.92265625 0.0640625 0.1484375
0 0.31875 0.3203125 0.1765625 0.1609375
0 0.21875 0.74140625 0.1640625 0.153125
0 0.41328125 0.990625 0.1515625 0.01875
0 0.63203125 0.26015625 0.1640625 0.1546875
0 0.55546875 0.14453125 0.1484375 0.1390625
0 0.190625 0.97734375 0.15625 0.0453125
0 0.07890625 0.19296875 0.1296875 0.1296875
0 0.45625 0.05234375 0.153125 0.1046875
0 0.19609375 0.09609375 0.125 0.09375