1 0.87578125 0.31484375 0.17578125 0.1671875
1 0.1796875 0.6828125 0.190625 0.15234375
1 0.11875 0.075 0.22265625 0.15
1 0.44609375 0.7890625 0.17109375 0.1734375
1 0.78046875 0.1609375 0.17109375 0.16328125
1 0.621875 0.46015625 0.19296875 0.171875
1 0.36171875 0.64609375 0.19140625 0.1546875
1 0.61875 0.753125 0.1953125 0.18125
1 0.9328125 0.453125 0.134375 0.17109375
1 0.4171875 0.48203125 0.24140625 0.17890625
1 0.0828125 0.228125 0.1625 0.165625
1 0.20703125 0.94140625 0.1875 0.1171875
1 0.525 0.33984375 0.19609375 0.1828125
1 0.925 0.15703125 0.15 0.1703125
1 0.1546875 0.37109375 0.16875 0.17109375
1 0.31171875 0.06171875 0.1890625 0.1234375
1 0.403125 0.203125 0.20234375 0.18046875
1 0.08515625 0.54375 0.1703125 0.178125
1 0.5390625 0.6046875 0.19140625 0.18125
1 0.79296875 0.46328125 0.17734375 0.184375
1 0.815625 0.7546875 0.18203125 0.15625
1 0.221875 0.1984375 0.19296875 0.165625
1 0.90234375 0.88125 0.1921875 0.17421875
1 0.32109375 0.3578125 0.19296875 0.1765625
1 0.09375 0.8234375 0.1875 0.1671875
1 0.7046875 0.30625 0.190625 0.1671875
1 0.5640625 0.92109375 0.1859375 0.1578125
1 0.584375 0.159375 0.1890625 0.17578125
1 0.490625 0.053125 0.196875 0.10625
1 0.06015625 0.946875 0.1203125 0.10625
1 0.28203125 0.80625 0.19765625 0.17578125
1 0.896875 0.60625 0.1765625 0.1421875
1 0.04453125 0.69765625 0.0890625 0.1734375
1 0.3875 0.928125 0.190625 0.140625
1 0.72421875 0.6 0.1953125 0.16875
1 0.68125 0.0546875 0.190625 0.109375
1 0.72421875 0.8859375 0.1640625 0.17265625
1 0.859375 0.0421875 0.184375 0.08359375
1 0.23828125 0.52734375 0.1546875 0.1859375
1 0.94765625 0.7265625 0.1046875 0.1734375
1 0.0453125 0.38671875 0.090625 0.1828125
1 0.828125 0.96328125 0.1765625 0.0734375
1 0.0265625 0.08515625 0.053125 0.1703125
1 0.978125 0.30625 0.04375 0.1875
1 0.97265625 0.05 0.0546875 0.1
1 0.65234375 0.98125 0.1703125 0.0375
1 0.95390625 0.9609375 0.0921875 0.078125