0 0.83125 0.98828125 0.04375 0.0234375
0 0.878125 0.9875 0.046875 0.025
0 0.93203125 0.9875 0.046875 0.025
0 0.97734375 0.984375 0.0453125 0.03125
0 0.753125 0.96015625 0.05078125 0.0484375
0 0.80546875 0.95703125 0.0484375 0.0515625
0 0.85390625 0.9546875 0.04609375 0.04609375
0 0.903125 0.95625 0.04609375 0.05
0 0.95078125 0.953125 0.0484375 0.04375
0 0.98828125 0.9515625 0.0234375 0.0453125
0 0.728125 0.91953125 0.0484375 0.046875
0 0.78203125 0.915625 0.0484375 0.05
0 0.83046875 0.9203125 0.04765625 0.04609375
0 0.878125 0.91484375 0.04609375 0.0453125
0 0.9265625 0.91171875 0.04609375 0.04921875
0 0.97578125 0.9125 0.0484375 0.0453125
0 0.703125 0.88046875 0.05703125 0.0515625
0 0.753125 0.8734375 0.05 0.04765625
0 0.81171875 0.88515625 0.04375 0.0421875
0 0.85234375 0.87421875 0.0453125 0.04609375
0 0.90078125 0.875 0.04921875 0.04609375
0 0.9484375 0.8703125 0.046875 0.0484375
0 0.98671875 0.8703125 0.0265625 0.046875
0 0.6765625 0.84296875 0.05078125 0.0484375
0 0.7265625 0.83671875 0.05078125 0.0453125
0 0.78203125 0.83828125 0.05078125 0.04375
0 0.83125 0.84765625 0.04140625 0.03515625
0 0.87578125 0.8359375 0.04765625 0.0453125
0 0.9234375 0.83046875 0.046875 0.04609375
0 0.97265625 0.83203125 0.04765625 0.0453125
0 0.65078125 0.8015625 0.05 0.05
0 0.7 0.8 0.05 0.04765625
0 0.75546875 0.8015625 0.04921875 0.04375
0 0.80546875 0.80078125 0.0484375 0.04296875
0 0.8546875 0.7984375 0.046875 0.04375
0 0.9 0.79296875 0.0453125 0.0484375
0 0.94609375 0.78984375 0.05 0.04609375
0 0.98515625 0.78984375 0.0296875 0.046875
0 0.6359375 0.76640625 0.05 0.04765625
0 0.6875 0.76484375 0.05390625 0.04765625
0 0.73671875 0.76796875 0.0421875 0.04765625
0 0.78125 0.76015625 0.0453125 0.04765625
0 0.83125 0.76484375 0.04609375 0.04609375
0 0.8734375 0.7546875 0.0453125 0.04609375
0 0.92109375 0.75 0.04921875 0.04765625
0 0.96953125 0.74609375 0.04765625 0.04609375
0 0.6140625 0.7265625 0.04765625 0.04765625
0 0.6625 0.7265625 0.04765625 0.0515625
0 0.709375 0.728125 0.04765625 0.04765625
0 0.75625 0.725 0.0453125 0.04765625
0 0.80078125 0.71796875 0.046875 0.0453125
0 0.84765625 0.71484375 0.0453125 0.04765625
0 0.89609375 0.7109375 0.05078125 0.0484375
0 0.94296875 0.70546875 0.04375 0.0484375
0 0.9828125 0.70546875 0.034375 0.0453125
0 0.58515625 0.68671875 0.04765625 0.046875
0 0.634375 0.68515625 0.0484375 0.04296875
0 0.68515625 0.68515625 0.0453125 0.04453125
0 0.73359375 0.6859375 0.04609375 0.04453125
0 0.78046875 0.68203125 0.0453125 0.0421875
0 0.82890625 0.67890625 0.04765625 0.04765625
0 0.871875 0.671875 0.04140625 0.04296875
0 0.91953125 0.6671875 0.04921875 0.046875
0 0.96640625 0.665625 0.0484375 0.04609375
0 0.55859375 0.6484375 0.0453125 0.04765625
0 0.61015625 0.65 0.04921875 0.05078125
0 0.65859375 0.64609375 0.0484375 0.0484375
0 0.70625 0.64296875 0.0484375 0.04765625
0 0.7546875 0.64140625 0.04375 0.05
0 0.79921875 0.63671875 0.04375 0.0453125
0 0.84453125 0.63359375 0.04609375 0.04609375
0 0.89296875 0.62734375 0.04921875 0.0453125
0 0.94140625 0.625 0.04453125 0.04609375
0 0.98125 0.625 0.0375 0.05
0 0.53359375 0.60546875 0.046875 0.0484375
0 0.58203125 0.60625 0.04609375 0.04765625
0 0.6328125 0.60546875 0.0484375 0.04765625
0 0.68046875 0.60390625 0.04765625 0.046875
0 0.728125 0.60234375 0.046875 0.04921875
0 0.77578125 0.596875 0.04765625 0.04765625
0 0.8203125 0.59296875 0.0421875 0.046875
0 0.86484375 0.590625 0.0484375 0.0453125
0 0.9140625 0.5859375 0.0453125 0.0453125
0 0.96171875 0.58125 0.0484375 0.0453125
0 0.50703125 0.56484375 0.0484375 0.0453125
0 0.55546875 0.56328125 0.04921875 0.04609375
0 0.6078125 0.5671875 0.05078125 0.04609375
0 0.65625 0.5640625 0.04609375 0.04609375
0 0.70390625 0.56328125 0.0453125 0.04453125
0 0.75078125 0.55390625 0.04765625 0.04609375
0 0.79921875 0.55703125 0.05078125 0.04296875
0 0.8421875 0.54609375 0.04453125 0.04453125
0 0.890625 0.5453125 0.04765625 0.04609375
0 0.9375 0.54375 0.04453125 0.04609375
0 0.98046875 0.53828125 0.0390625 0.046875
0 0.48359375 0.5265625 0.04609375 0.0453125
0 0.53046875 0.525 0.04765625 0.0453125
0 0.58046875 0.52265625 0.0453125 0.0453125
0 0.628125 0.528125 0.04921875 0.04609375
0 0.6765625 0.52265625 0.04921875 0.046875
0 0.725 0.51484375 0.04765625 0.0484375
0 0.771875 0.5125 0.04609375 0.04765625
0 0.81875 0.5125 0.04765625 0.04453125
0 0.8703125 0.51171875 0.04921875 0.04375
0 0.91875 0.5125 0.0484375 0.0453125
0 0.9640625 0.5015625 0.046875 0.04453125
0 0.4578125 0.4859375 0.04921875 0.0484375
0 0.50703125 0.484375 0.05078125 0.04921875
0 0.55546875 0.48359375 0.0453125 0.04375
0 0.60234375 0.4828125 0.0484375 0.04609375
0 0.64921875 0.47890625 0.04453125 0.0484375
0 0.70078125 0.47890625 0.04453125 0.05
0 0.74765625 0.47578125 0.04765625 0.04609375
0 0.7984375 0.4734375 0.05078125 0.05
0 0.84765625 0.471875 0.04609375 0.0484375
0 0.89140625 0.47109375 0.0453125 0.0484375
0 0.9375 0.465625 0.04609375 0.04375
0 0.9796875 0.4609375 0.040625 0.046875
0 0.43046875 0.45 0.05390625 0.0484375
0 0.4765625 0.4359375 0.046875 0.046875
0 0.52734375 0.44296875 0.05078125 0.0453125
0 0.5796875 0.44765625 0.04921875 0.0453125
0 0.625 0.43984375 0.0484375 0.0453125
0 0.67265625 0.4359375 0.046875 0.0453125
0 0.7203125 0.434375 0.04765625 0.04375
0 0.76953125 0.43359375 0.05 0.04375
0 0.8171875 0.428125 0.04765625 0.0453125
0 0.865625 0.4265625 0.04765625 0.04765625
0 0.9140625 0.42578125 0.05 0.0453125
0 0.9625 0.41953125 0.046875 0.0421875
0 0.3984375 0.396875 0.05078125 0.0484375
0 0.446875 0.39296875 0.0453125 0.0453125
0 0.5046875 0.396875 0.0484375 0.04921875
0 0.55390625 0.4015625 0.04453125 0.04609375
0 0.59375 0.3875 0.04609375 0.046875
0 0.64765625 0.3984375 0.05 0.046875
0 0.69609375 0.39453125 0.0453125 0.04765625
0 0.74296875 0.39296875 0.05 0.0484375
0 0.790625 0.38671875 0.04765625 0.046875
0 0.8390625 0.3765625 0.0453125 0.05
0 0.88984375 0.38359375 0.05 0.04765625
0 0.94140625 0.38515625 0.04609375 0.046875
0 0.98359375 0.3828125 0.0328125 0.05