1 0.50546875 0.171875 0.2140625 0.19375
1 0.68125 0.10859375 0.2140625 0.1984375
1 0.22890625 0.10703125 0.2171875 0.1625
1 0.7875 0.22109375 0.23125 0.215625
1 0.071875 0.140625 0.14375 0.1625
1 0.8484375 0.071875 0.18125 0.14375
1 0.315625 0.18984375 0.228125 0.21875
1 0.90859375 0.3578125 0.1796875 0.23125
1 0.63203125 0.303125 0.21875 0.215625
1 0.84765625 0.7125 0.2109375 0.21875
1 0.4421875 0.3375 0.225 0.2140625
1 0.55 0.63359375 0.215625 0.2125
1 0.9109375 0.834375 0.178125 0.21875
1 0.5671875 0.04296875 0.203125 0.0859375
1 0.16484375 0.2625 0.1984375 0.2
1 0.8828125 0.53046875 0.21875 0.2203125
1 0.70859375 0.59453125 0.190625 0.2046875
1 0.65390625 0.76015625 0.2171875 0.2265625
1 0.76953125 0.86953125 0.1859375 0.190625
1 0.43671875 0.515625 0.1828125 0.2125
1 0.39921875 0.06875 0.1890625 0.1375
1 0.5734375 0.46953125 0.1984375 0.203125
1 0.3078125 0.39140625 0.196875 0.240625
1 0.7453125 0.015625 0.1875 0.03125
1 0.91640625 0.2078125 0.109375 0.2015625
1 0.95546875 0.67265625 0.0890625 0.2046875
0 0.74765625 0.4515625 0.2078125 0.2046875
1 0.97421875 0.50859375 0.0515625 0.1953125
1 0.8671875 0.91875 0.18125 0.0765625