1 0.78515625 0.58671875 0.225 0.2296875
1 0.88359375 0.465625 0.2328125 0.2375
1 0.6140625 0.121875 0.221875 0.2140625
1 0.9234375 0.17734375 0.153125 0.1984375
1 0.8578125 0.31328125 0.221875 0.228125
1 0.6625 0.2828125 0.221875 0.2375
1 0.8375 0.75625 0.2078125 0.2234375
1 0.92265625 0.63203125 0.1546875 0.2015625
1 0.72578125 0.42265625 0.1921875 0.1921875
1 0.775 0.15625 0.2015625 0.2171875
1 0.53984375 0.04140625 0.1796875 0.0828125
1 0.96171875 0.3296875 0.0765625 0.203125
1 0.86796875 0.1 0.2171875 0.1
1 0.859375 0.95234375 0.109375 0.0953125
1 0.690625 0.04921875 0.1796875 0.0734375
1 0.97265625 0.4859375 0.0546875 0.2
1 0.9359375 0.75859375 0.0734375 0.1828125
1 0.88046875 0.86796875 0.1109375 0.1078125