1 0.4453125 0.121875 0.184375 0.1875
1 0.115625 0.71875 0.17578125 0.18671875
1 0.9171875 0.55625 0.165625 0.178125
1 0.59296875 0.86796875 0.19140625 0.1828125
1 0.29140625 0.425 0.18203125 0.1671875
1 0.090625 0.38984375 0.18125 0.18359375
1 0.19375 0.26328125 0.18125 0.175
1 0.6421875 0.38984375 0.1921875 0.18671875
1 0.21875 0.88671875 0.17734375 0.1765625
1 0.1125 0.11640625 0.1875 0.18828125
1 0.4 0.87109375 0.18984375 0.1828125
1 0.06015625 0.56640625 0.1203125 0.18359375
1 0.83046875 0.38984375 0.190625 0.1796875
1 0.54453125 0.25703125 0.18203125 0.18515625
1 0.28203125 0.1265625 0.16640625 0.18984375
1 0.38046875 0.59296875 0.184375 0.17890625
1 0.7390625 0.553125 0.19609375 0.1875
1 0.29375 0.7171875 0.1875 0.17890625
1 0.2015625 0.5546875 0.1828125 0.20234375
1 0.8984375 0.25234375 0.1765625 0.18359375
1 0.8046875 0.0828125 0.19296875 0.16015625
1 0.73828125 0.24609375 0.18515625 0.1859375
1 0.76328125 0.8765625 0.1859375 0.18359375
1 0.6296875 0.11640625 0.1828125 0.184375
1 0.06953125 0.87734375 0.13828125 0.1765625
1 0.38046875 0.28203125 0.175 0.178125
1 0.45703125 0.44375 0.17890625 0.18125
1 0.4875 0.7140625 0.18828125 0.1765625
1 0.66640625 0.7046875 0.1703125 0.17421875
1 0.50390625 0.96328125 0.2 0.07265625
1 0.84296875 0.7125 0.20390625 0.18359375
1 0.95703125 0.41328125 0.0859375 0.1796875
1 0.56015625 0.57578125 0.18046875 0.1859375
1 0.046875 0.03515625 0.09296875 0.0703125
1 0.03671875 0.2703125 0.0734375 0.196875
1 0.9515625 0.09296875 0.096875 0.1734375
1 0.3234375 0.9671875 0.165625 0.065625
1 0.690625 0.9703125 0.1828125 0.05859375
1 0.1828125 0.02890625 0.17421875 0.05703125
1 0.51875 0.0234375 0.1734375 0.046875
1 0.35078125 0.02265625 0.16953125 0.0453125
1 0.159375 0.9828125 0.1890625 0.034375
1 0.01875 0.7171875 0.0375 0.21953125
1 0.02890625 0.9625 0.0578125 0.075
1 0.8875 0.01640625 0.18515625 0.03203125
1 0.68828125 0.01484375 0.1859375 0.02890625