0 0.88515625 0.69921875 0.0703125 0.0734375
0 0.39921875 0.065625 0.075 0.0765625
0 0.36328125 0.02890625 0.0671875 0.0359375
0 0.79921875 0.16015625 0.071875 0.075
0 0.428125 0.01953125 0.0671875 0.0375
0 0.73203125 0.1703125 0.0734375 0.071875
0 0.6140625 0.53828125 0.0734375 0.0703125
0 0.925 0.7453125 0.0671875 0.065625
0 0.76953125 0.22421875 0.071875 0.0734375
0 0.84296875 0.6515625 0.0703125 0.071875
0 0.8234375 0.0109375 0.078125 0.021875
0 0.678125 0.51875 0.071875 0.0734375
0 0.91015625 0.6390625 0.0703125 0.071875
0 0.7171875 0.5859375 0.0734375 0.075
0 0.36953125 0.13125 0.0734375 0.075
0 0.61875 0.35390625 0.0765625 0.0765625
0 0.465625 0.05625 0.0734375 0.075
0 0.94765625 0.6953125 0.0703125 0.0703125
0 0.41875 0.18671875 0.071875 0.075
0 0.65 0.5796875 0.0703125 0.0671875
0 0.3921875 0.2515625 0.0734375 0.071875
0 0.93828125 0.16953125 0.040625 0.0703125
0 0.89140625 0.01953125 0.0734375 0.0390625
0 0.6859375 0.03125 0.075 0.0625
0 0.9140625 0.09609375 0.065625 0.0734375
0 0.6921875 0.64296875 0.075 0.0703125
0 0.33125 0.07109375 0.0765625 0.075
0 0.75234375 0.11015625 0.0734375 0.071875
0 0.8078125 0.70234375 0.0734375 0.071875
0 0.934375 0.23984375 0.0703125 0.078125
0 0.746875 0.5234375 0.0734375 0.0703125
0 0.775 0.6484375 0.075 0.0734375
0 0.3046875 0.134375 0.071875 0.0765625
0 0.35 0.19375 0.075 0.0734375
0 0.93671875 0.57890625 0.071875 0.0734375
0 0.76875 0.33828125 0.071875 0.0734375
0 0.70390625 0.35078125 0.075 0.071875
0 0.78203125 0.57890625 0.0703125 0.071875
0 0.74296875 0.7078125 0.075 0.0703125
0 0.49609375 0.0140625 0.0703125 0.028125
0 0.48984375 0.1171875 0.071875 0.075
0 0.9828125 0.578125 0.034375 0.06875
0 0.89921875 0.5125 0.075 0.075
0 0.63984375 0.1546875 0.071875 0.0703125
0 0.4859375 0.19375 0.071875 0.071875
0 0.66328125 0.4015625 0.071875 0.071875
0 0.84296875 0.32890625 0.075 0.071875
1 0.43359375 0.12734375 0.065625 0.0671875
0 0.57421875 0.48515625 0.0734375 0.071875
0 0.96953125 0.6421875 0.0609375 0.071875
0 0.9640625 0.51875 0.0671875 0.06875
0 0.8734375 0.5734375 0.0734375 0.078125
0 0.22109375 0.0546875 0.071875 0.0421875
0 0.26171875 0.10625 0.08125 0.078125
0 0.5890625 0.0359375 0.078125 0.071875
0 0.58203125 0.30234375 0.0765625 0.078125
0 0.4375 0.32734375 0.084375 0.08125
0 0.5296875 0.43828125 0.075 0.078125
0 0.87578125 0.390625 0.0765625 0.0765625
0 0.78203125 0.7734375 0.075 0.071875
0 0.85546875 0.7640625 0.0796875 0.078125
0 0.8203125 0.8125 0.0796875 0.06875
0 0.89453125 0.80625 0.0859375 0.0734375
0 0.86640625 0.85859375 0.0859375 0.08125
1 0.54140625 0.04609375 0.05625 0.075
1 0.56015625 0.1078125 0.078125 0.0703125
1 0.625 0.09765625 0.0671875 0.0734375
1 0.68828125 0.11171875 0.075 0.0765625
1 0.5703125 0.1765625 0.08125 0.08125
1 0.4671875 0.24765625 0.0640625 0.0546875
1 0.53046875 0.23984375 0.071875 0.0640625
1 0.6234375 0.221875 0.0640625 0.084375
1 0.68515625 0.20234375 0.06875 0.071875
1 0.51015625 0.30078125 0.0796875 0.0765625
1 0.48203125 0.37109375 0.06875 0.0609375
1 0.55 0.35703125 0.0703125 0.0609375
1 0.58515625 0.40078125 0.0578125 0.0484375
1 0.634375 0.46640625 0.075 0.0671875
1 0.7046875 0.45546875 0.0640625 0.0625
1 0.74375 0.4125 0.0671875 0.0859375
1 0.80703125 0.390625 0.06875 0.071875
1 0.79296875 0.46171875 0.0703125 0.06875
1 0.8328125 0.51171875 0.0671875 0.065625
1 0.66875 0.28515625 0.0703125 0.0828125
1 0.7265625 0.26796875 0.0765625 0.090625
1 0.80390625 0.28125 0.078125 0.075
1 0.8515625 0.44375 0.0640625 0.0625
1 0.92421875 0.43984375 0.065625 0.071875
1 0.9765625 0.44765625 0.046875 0.0765625
1 0.946875 0.38203125 0.0640625 0.0671875
1 0.9109375 0.3171875 0.0625 0.06875
1 0.9578125 0.29375 0.0390625 0.05625
1 0.87890625 0.2671875 0.0828125 0.0640625
1 0.8453125 0.21796875 0.0796875 0.075
1 0.89375 0.17109375 0.0765625 0.0828125
1 0.85703125 0.11328125 0.0859375 0.08125
1 0.81875 0.0625 0.06875 0.08125
1 0.8734375 0.0453125 0.0734375 0.059375