0 0.83125 0.51484375 0.071875 0.071875
0 0.10703125 0.9421875 0.0484375 0.065625
0 0.84140625 0.44921875 0.071875 0.0734375
0 0.82265625 0.8046875 0.0734375 0.071875
0 0.75390625 0.88984375 0.071875 0.0734375
0 0.8 0.3984375 0.0703125 0.06875
0 0.965625 0.40234375 0.0609375 0.0703125
0 0.1203125 0.26953125 0.0734375 0.071875
0 0.59921875 0.7578125 0.075 0.071875
0 0.81640625 0.57421875 0.0703125 0.0671875
0 0.97734375 0.80078125 0.0453125 0.0703125
0 0.98046875 0.51015625 0.0390625 0.0671875
0 0.04140625 0.62578125 0.0625 0.0671875
0 0.92265625 0.59765625 0.0703125 0.0703125
0 0.690625 0.9046875 0.0765625 0.075
0 0.615625 0.6984375 0.0734375 0.071875
0 0.9390625 0.29375 0.0640625 0.0703125
0 0.890625 0.4921875 0.0703125 0.0703125
0 0.57578125 0.4234375 0.0734375 0.0703125
0 0.86015625 0.38046875 0.071875 0.0703125
0 0.40078125 0.6515625 0.0734375 0.071875
0 0.93125 0.82578125 0.0703125 0.06875
0 0.70546875 0.1296875 0.071875 0.06875
0 0.49765625 0.50703125 0.075 0.0734375
0 0.8875 0.7859375 0.071875 0.0703125
0 0.97265625 0.57421875 0.0546875 0.0703125
0 0.265625 0.35703125 0.0703125 0.06875
0 0.9578125 0.70078125 0.0734375 0.0734375
0 0.63203125 0.62890625 0.0703125 0.06875
0 0.725 0.49296875 0.06875 0.0703125
0 0.41640625 0.59140625 0.075 0.0703125
0 0.47109375 0.3984375 0.0703125 0.06875
0 0.42421875 0.35 0.071875 0.0703125
0 0.9671875 0.6375 0.065625 0.06875
0 0.009375 0.4328125 0.01875 0.06875
0 0.73828125 0.42734375 0.0703125 0.0703125
0 0.01796875 0.4984375 0.0359375 0.06875
0 0.7984375 0.921875 0.06875 0.05625
0 0.52578125 0.6078125 0.075 0.0734375
0 0.4734375 0.85625 0.0734375 0.075
0 0.89609375 0.71796875 0.071875 0.071875
0 0.853125 0.21484375 0.0734375 0.06875
0 0.45 0.046875 0.0734375 0.0703125
0 0.6078125 0.96953125 0.0671875 0.0484375
0 0.6 0.10625 0.0734375 0.06875
0 0.3984375 0.94453125 0.0734375 0.071875
0 0.0703125 0.7828125 0.0484375 0.065625
0 0.79140625 0.2265625 0.071875 0.0703125
0 0.56875 0.9390625 0.075 0.071875
0 0.86171875 0.6125 0.0703125 0.06875
0 0.50625 0.66953125 0.075 0.0734375
0 0.60859375 0.290625 0.071875 0.071875
0 0.8109375 0.8671875 0.0734375 0.071875
0 0.5390625 0.13359375 0.0765625 0.075
0 0.546875 0.98359375 0.065625 0.0328125
0 0.69375 0.38203125 0.071875 0.06875
0 0.5359375 0.84296875 0.075 0.075
0 0.11875 0.76875 0.0734375 0.071875
0 0.865625 0.00859375 0.065625 0.0171875
0 0.834375 0.26875 0.071875 0.0703125
0 0.93515625 0.53046875 0.071875 0.071875
0 0.009375 0.18828125 0.01875 0.0671875
0 0.3546875 0.61015625 0.0734375 0.071875
0 0.58203125 0.88515625 0.0734375 0.071875
0 0.446875 0.69140625 0.0734375 0.071875
0 0.64921875 0.5734375 0.0703125 0.06875
0 0.37578125 0.5515625 0.075 0.0765625
0 0.32265625 0.9890625 0.0734375 0.021875
0 0.8765625 0.553125 0.0703125 0.0703125
0 0.4640625 0.63046875 0.071875 0.0703125
0 0.91171875 0.196875 0.0703125 0.071875
0 0.62109375 0.04921875 0.0734375 0.071875
0 0.42265625 0.7546875 0.0734375 0.06875
0 0.4375 0.52421875 0.0703125 0.06875
0 0.353125 0.83515625 0.0734375 0.0703125
0 0.60703125 0.5328125 0.0703125 0.0671875
0 0.6375 0.40078125 0.0703125 0.06875
0 0.2875 0.21796875 0.0734375 0.0734375
0 0.51015625 0.9640625 0.071875 0.06875
0 0.76640625 0.82421875 0.071875 0.071875
0 0.6203125 0.46640625 0.0703125 0.06875
0 0.5671875 0.240625 0.075 0.071875
0 0.26171875 0.52734375 0.0734375 0.0734375
0 0.71953125 0.77890625 0.071875 0.071875
0 0.115625 0.88984375 0.071875 0.071875
0 0.665625 0.5125 0.06875 0.06875
0 0.7671875 0.53359375 0.0703125 0.0703125
0 0.67109375 0.95546875 0.06875 0.0484375
0 0.73515625 0.93671875 0.0703125 0.05625
0 0.184375 0.2921875 0.0703125 0.06875
0 0.628125 0.921875 0.071875 0.0703125
0 0.7421875 0.0234375 0.071875 0.046875
0 0.77890625 0.75859375 0.071875 0.071875
0 0.5578125 0.4859375 0.071875 0.0703125
0 0.44375 0.29140625 0.0734375 0.0703125
0 0.72421875 0.071875 0.071875 0.06875
0 0.8078125 0.015625 0.071875 0.03125
0 0.803125 0.63359375 0.071875 0.0734375
0 0.9453125 0.759375 0.071875 0.071875
0 0.971875 0.86171875 0.05625 0.0734375
0 0.81484375 0.33515625 0.0734375 0.071875
0 0.17734375 0.74453125 0.0734375 0.071875
0 0.203125 0.35 0.071875 0.06875
0 0.78828125 0.06796875 0.071875 0.0671875
0 0.5859375 0.5921875 0.071875 0.06875
0 0.52109375 0.90390625 0.0734375 0.071875
0 0.59296875 0.3578125 0.071875 0.0703125
0 0.92265625 0.88515625 0.0703125 0.06875
0 0.096875 0.83125 0.071875 0.0671875
0 0.76640625 0.115625 0.075 0.0734375
0 0.3359375 0.66328125 0.0734375 0.0734375
0 0.6421875 0.153125 0.075 0.075
0 0.68671875 0.19921875 0.071875 0.071875
0 0.10703125 0.4359375 0.071875 0.06875
0 0.7765625 0.28828125 0.071875 0.06875
0 0.6296875 0.21640625 0.071875 0.06875
0 0.65703125 0.78828125 0.071875 0.071875
0 0.8921875 0.25390625 0.0734375 0.071875
0 0.953125 0.46640625 0.071875 0.06875
0 0.87734375 0.31640625 0.0734375 0.071875
0 0.75390625 0.3546875 0.071875 0.0703125
0 0.3125 0.56171875 0.0703125 0.0671875
0 0.78359375 0.47421875 0.0703125 0.06875
0 0.43671875 0.1046875 0.0734375 0.06875
0 0.47109375 0.78984375 0.0734375 0.0734375
0 0.8484375 0.040625 0.071875 0.0703125
0 0.55078125 0.709375 0.0734375 0.075
0 0.05 0.19453125 0.0703125 0.06875
0 0.390625 0.48125 0.0734375 0.06875
0 0.2703125 0.97734375 0.075 0.0453125
0 0.453125 0.46171875 0.075 0.0734375
0 0.8484375 0.67578125 0.0703125 0.06875
0 0.68125 0.4421875 0.06875 0.0703125
0 0.41484375 0.871875 0.071875 0.0703125
0 0.296875 0.79609375 0.071875 0.06875
0 0.33203125 0.26875 0.075 0.071875
0 0.321875 0.3234375 0.0703125 0.071875
0 0.3578125 0.76875 0.075 0.0734375
0 0.29140625 0.6140625 0.071875 0.0703125
0 0.1984375 0.99140625 0.071875 0.0171875
0 0.3671875 0.12578125 0.075 0.0734375
0 0.53359375 0.77578125 0.075 0.0734375
0 0.35 0.8953125 0.0734375 0.0703125
0 0.48046875 0.5640625 0.071875 0.06875
0 0.5703125 0.6484375 0.071875 0.06875
0 0.596875 0.8203125 0.075 0.071875
0 0.58359375 0.16875 0.075 0.0734375
0 0.51484375 0.44609375 0.0703125 0.0703125
0 0.2265625 0.91015625 0.078125 0.0734375
0 0.17421875 0.4484375 0.071875 0.0703125
0 0.32421875 0.4953125 0.0734375 0.0734375
0 0.7046875 0.83984375 0.071875 0.071875
0 0.99140625 0.67734375 0.0171875 0.0671875
0 0.709375 0.5546875 0.0703125 0.06875
0 0.66640625 0.73046875 0.0703125 0.0671875
0 0.73984375 0.6515625 0.0703125 0.0703125
0 0.3796875 0.7125 0.0734375 0.071875
0 0.81015625 0.1640625 0.071875 0.0703125
0 0.98359375 0.74140625 0.0328125 0.0703125
0 0.46953125 0.01015625 0.0671875 0.0203125
0 0.175 0.871875 0.075 0.0734375
0 0.21484375 0.96171875 0.075 0.0734375
0 0.68046875 0.6703125 0.071875 0.071875
0 0.40703125 0.02421875 0.0703125 0.04375
0 0.6625 0.08515625 0.071875 0.0671875
0 0.44921875 0.975 0.0734375 0.05
0 0.89140625 0.09375 0.0671875 0.0734375
0 0.36328125 0.36796875 0.0734375 0.06875
0 0.165625 0.92734375 0.0734375 0.06875
0 0.3890625 0.98125 0.075 0.0375
0 0.0328125 0.37421875 0.065625 0.0703125
0 0.49375 0.73046875 0.0703125 0.06875
0 0.29609375 0.86015625 0.071875 0.0703125
0 0.33984375 0.96015625 0.0703125 0.0734375
0 0.86015625 0.90390625 0.0703125 0.0640625
0 0.3828125 0.30546875 0.0734375 0.071875
0 0.0828125 0.559375 0.071875 0.0703125
0 0.87421875 0.85 0.071875 0.071875
0 0.2296875 0.77578125 0.075 0.075
0 0.5453125 0.546875 0.071875 0.0703125
0 0.7296875 0.71796875 0.071875 0.0734375
0 0.3515625 0.203125 0.078125 0.0765625
0 0.52421875 0.1953125 0.0734375 0.0734375
0 0.921875 0.35625 0.071875 0.0703125
0 0.30234375 0.73828125 0.0734375 0.071875
0 0.13671875 0.32734375 0.0640625 0.0640625
0 0.51171875 0.02578125 0.0703125 0.0515625
0 0.225 0.6375 0.071875 0.0703125
0 0.83671875 0.7421875 0.0703125 0.0703125
0 0.45703125 0.9265625 0.071875 0.06875
0 0.1921875 0.684375 0.075 0.0703125
0 0.125 0.71015625 0.075 0.06875
0 0.50625 0.26875 0.075 0.071875
0 0.22421875 0.1328125 0.0734375 0.0703125
0 0.7484375 0.1859375 0.071875 0.0703125
0 0.665625 0.271875 0.075 0.0734375
0 0.7875 0.69375 0.0703125 0.06875
0 0.14140625 0.65390625 0.071875 0.06875
0 0.696875 0.61171875 0.0703125 0.0671875
0 0.3984375 0.246875 0.0734375 0.06875
0 0.34609375 0.43359375 0.0734375 0.071875
0 0.33828125 0.034375 0.065625 0.034375
0 0.871875 0.15234375 0.071875 0.0671875
0 0.31875 0.0796875 0.0765625 0.0734375
0 0.02578125 0.3109375 0.0515625 0.071875
0 0.27578125 0.6703125 0.0734375 0.071875
0 0.7125 0.309375 0.071875 0.071875
0 0.53046875 0.3765625 0.075 0.0734375
0 0.41015625 0.81015625 0.071875 0.0703125
0 0.83125 0.10234375 0.0734375 0.071875
0 0.6375 0.00859375 0.071875 0.0171875
0 0.07421875 0.675 0.078125 0.0734375
0 0.41015625 0.42109375 0.0734375 0.071875
0 0.65625 0.3359375 0.071875 0.0703125
0 0.15 0.55859375 0.0734375 0.0703125
0 0.9125 0.65390625 0.06875 0.0671875
0 0.54765625 0.3109375 0.071875 0.06875
0 0.68203125 0.03203125 0.0734375 0.0640625
0 0.23515625 0.840625 0.071875 0.06875
0 0.48828125 0.32890625 0.071875 0.0671875
0 0.07734375 0.3140625 0.0703125 0.0703125
0 0.7296875 0.2453125 0.075 0.071875
0 0.41875 0.18046875 0.071875 0.06875
0 0.13359375 0.97890625 0.0734375 0.0421875
0 0.9046875 0.43046875 0.0734375 0.071875
0 0.17109375 0.80390625 0.071875 0.06875
0 0.646875 0.86484375 0.0734375 0.0703125
0 0.22890625 0.25234375 0.071875 0.071875
0 0.03046875 0.13828125 0.0609375 0.0703125
0 0.9203125 0.13984375 0.0328125 0.0671875
0 0.1984375 0.08203125 0.0734375 0.0625
0 0.0171875 0.246875 0.034375 0.06875
0 0.125 0.503125 0.071875 0.0671875
0 0.09375 0.37578125 0.0671875 0.0671875
0 0.24296875 0.71953125 0.0734375 0.0703125
0 0.5578125 0.0546875 0.0703125 0.06875
0 0.53125 0.00390625 0.06875 0.0078125
0 0.065625 0.72734375 0.0625 0.0671875
0 0.04140625 0.43671875 0.0734375 0.06875
0 0.3921875 0.0546875 0.071875 0.06875
0 0.0625 0.25390625 0.06875 0.06875
0 0.2640625 0.29609375 0.0703125 0.06875
0 0.17109375 0.60703125 0.071875 0.0671875
0 0.1125 0.20234375 0.06875 0.06875
0 0.96171875 0.9 0.0625 0.025
0 0.5796875 0.01640625 0.078125 0.0328125
0 0.2890625 0.415625 0.06875 0.0671875
0 0.06171875 0.4984375 0.071875 0.06875
0 0.1625 0.39140625 0.0703125 0.06875
0 0.29140625 0.91875 0.0671875 0.06875
0 0.7515625 0.58984375 0.0703125 0.06875
0 0.48984375 0.99296875 0.0640625 0.0140625
0 0.23046875 0.1890625 0.0734375 0.06875
0 0.1953125 0.51328125 0.071875 0.06875
0 0.98828125 0.45 0.0234375 0.071875
0 0.27578125 0.05546875 0.0734375 0.046875
0 0.17109375 0.23046875 0.071875 0.071875
0 0.08515625 0.10078125 0.0703125 0.05
0 0.10703125 0.6109375 0.071875 0.0671875
0 0.28984375 0.15078125 0.075 0.0734375
0 0.89609375 0.03984375 0.0328125 0.0625
0 0.028125 0.56328125 0.05625 0.0703125
0 0.2453125 0.4640625 0.071875 0.0671875
0 0.46015625 0.2265625 0.078125 0.0734375
0 0.9671875 0.34140625 0.0328125 0.0703125
0 0.47890625 0.140625 0.065625 0.06875
0 0.0953125 0.14375 0.0703125 0.0671875
0 0.21484375 0.56015625 0.078125 0.0734375
0 0.1421875 0.10390625 0.0703125 0.0703125
0 0.16484375 0.16328125 0.0734375 0.0671875
0 0.5015625 0.06484375 0.05625 0.05625