2 0.76875 0.4890625 0.0828125 0.078125
0 0.803125 0.96875 0.0484375 0.04765625
0 0.8515625 0.9640625 0.0515625 0.053125
0 0.9046875 0.959375 0.05546875 0.04921875
0 0.95625 0.95703125 0.04375 0.04765625
0 0.77578125 0.92578125 0.05546875 0.05078125
0 0.8296875 0.91875 0.046875 0.046875
0 0.87890625 0.91796875 0.05 0.04921875
0 0.92734375 0.91796875 0.04921875 0.05390625
0 0.97578125 0.91640625 0.0484375 0.05
0 0.7515625 0.88203125 0.05 0.053125
0 0.80390625 0.87734375 0.04609375 0.046875
0 0.85234375 0.875 0.05078125 0.05078125
0 0.903125 0.87109375 0.05078125 0.04921875
0 0.95078125 0.871875 0.04765625 0.04765625
0 0.9875 0.871875 0.025 0.05
0 0.72265625 0.84453125 0.05 0.05078125
0 0.6984375 0.803125 0.05 0.05
0 0.67265625 0.76015625 0.05234375 0.053125
0 0.6453125 0.70859375 0.05078125 0.0484375
0 0.6203125 0.6640625 0.053125 0.04765625
0 0.596875 0.62578125 0.05078125 0.053125
0 0.5703125 0.5828125 0.0453125 0.0453125
0 0.77734375 0.8375 0.05078125 0.0578125
0 0.828125 0.834375 0.0484375 0.04921875
0 0.87734375 0.83125 0.05 0.05078125
0 0.9265625 0.82890625 0.04765625 0.0515625
0 0.9765625 0.828125 0.046875 0.0453125
0 0.75234375 0.79140625 0.05078125 0.04765625
0 0.8015625 0.78828125 0.04609375 0.04765625
0 0.8515625 0.78984375 0.05078125 0.0484375
0 0.9015625 0.7859375 0.0515625 0.04765625
0 0.95234375 0.784375 0.05 0.04921875
0 0.9875 0.78515625 0.025 0.05
0 0.7265625 0.75234375 0.05078125 0.0484375
0 0.778125 0.7453125 0.05078125 0.05078125
0 0.828125 0.74609375 0.04765625 0.05078125
0 0.87734375 0.7453125 0.0484375 0.05078125
0 0.92734375 0.7421875 0.0484375 0.04765625
0 0.97578125 0.74140625 0.0484375 0.0453125
0 0.69921875 0.70703125 0.04765625 0.0484375
0 0.74921875 0.70390625 0.0515625 0.05
0 0.8015625 0.69921875 0.04921875 0.04921875
0 0.85 0.70078125 0.04609375 0.0484375
0 0.896875 0.70234375 0.04765625 0.0484375
0 0.94765625 0.7 0.05078125 0.0515625
0 0.98828125 0.69921875 0.0234375 0.046875
0 0.67265625 0.66796875 0.0515625 0.04765625
0 0.721875 0.66328125 0.0453125 0.0484375
0 0.77421875 0.6609375 0.05390625 0.05234375
0 0.82578125 0.6609375 0.05 0.0484375
0 0.8734375 0.6625 0.04765625 0.04921875
0 0.921875 0.65859375 0.04765625 0.04765625
0 0.971875 0.65703125 0.05 0.04609375
0 0.64453125 0.62421875 0.0484375 0.04765625
0 0.69375 0.6234375 0.04609375 0.04765625
0 0.7421875 0.621875 0.05 0.04921875
0 0.7953125 0.61953125 0.0484375 0.0484375
0 0.84609375 0.615625 0.0515625 0.05078125
0 0.89921875 0.615625 0.0515625 0.05078125
0 0.94609375 0.61328125 0.04375 0.04765625
0 0.984375 0.61171875 0.03125 0.05
0 0.61875 0.58125 0.04921875 0.05
0 0.66640625 0.5828125 0.0484375 0.04609375
0 0.71484375 0.58046875 0.04765625 0.04765625
0 0.76796875 0.57734375 0.053125 0.05
0 0.81953125 0.57109375 0.05 0.0484375
0 0.871875 0.57109375 0.04765625 0.04921875
0 0.9203125 0.5734375 0.05 0.0484375
0 0.9703125 0.56953125 0.05 0.053125
0 0.5421875 0.54296875 0.04609375 0.053125
0 0.590625 0.546875 0.046875 0.0484375
0 0.64140625 0.5421875 0.046875 0.04765625
0 0.690625 0.53984375 0.05078125 0.05078125
0 0.740625 0.5390625 0.0484375 0.04609375
0 0.790625 0.53046875 0.05 0.05078125
0 0.84453125 0.52890625 0.05234375 0.0484375
0 0.89609375 0.5296875 0.05 0.05
0 0.9453125 0.52890625 0.04375 0.0515625
0 0.98359375 0.52578125 0.0328125 0.05
0 0.51640625 0.5046875 0.05078125 0.0484375
0 0.56640625 0.50078125 0.05 0.04921875
0 0.61640625 0.496875 0.05 0.0484375
0 0.6640625 0.49765625 0.0484375 0.05
0 0.7140625 0.4953125 0.04921875 0.04765625
0 0.81875 0.490625 0.05 0.05
0 0.8703125 0.48984375 0.053125 0.053125
0 0.91953125 0.48671875 0.04609375 0.05
0 0.96484375 0.48359375 0.0484375 0.04609375
0 0.48984375 0.4625 0.05390625 0.05
0 0.53984375 0.45703125 0.05078125 0.0515625
0 0.59140625 0.45625 0.05078125 0.05234375
0 0.640625 0.4546875 0.05078125 0.05
0 0.6921875 0.45078125 0.05078125 0.0546875
0 0.740625 0.45078125 0.04609375 0.0484375
0 0.78984375 0.4515625 0.04765625 0.04921875
0 0.83984375 0.45 0.05546875 0.04765625
0 0.89375 0.440625 0.05234375 0.0515625
0 0.94453125 0.4421875 0.04765625 0.05
0 0.984375 0.440625 0.03125 0.05
0 0.46171875 0.41796875 0.046875 0.0515625
0 0.51015625 0.4203125 0.05078125 0.05
0 0.56484375 0.4109375 0.05078125 0.04375
0 0.615625 0.41171875 0.046875 0.046875
0 0.6640625 0.41015625 0.0515625 0.04921875
0 0.7140625 0.40703125 0.04921875 0.04375
0 0.76484375 0.40703125 0.0515625 0.04765625
0 0.81640625 0.40546875 0.05078125 0.0515625
0 0.8671875 0.40390625 0.0515625 0.046875
0 0.9171875 0.3984375 0.05 0.04765625
0 0.9671875 0.39765625 0.0484375 0.04921875
0 0.44140625 0.37734375 0.053125 0.0484375
0 0.4921875 0.37265625 0.05078125 0.04921875
0 0.53828125 0.3734375 0.0453125 0.0484375
0 0.58671875 0.371875 0.05078125 0.05
0 0.63828125 0.36875 0.05234375 0.05
0 0.6890625 0.3671875 0.04765625 0.0453125
0 0.73828125 0.36640625 0.05390625 0.04765625
0 0.78828125 0.365625 0.0484375 0.05
0 0.8375 0.3609375 0.05078125 0.04921875
0 0.8890625 0.36171875 0.05234375 0.0484375
0 0.9390625 0.36015625 0.04765625 0.0484375
0 0.98203125 0.353125 0.0359375 0.0484375
0 0.41015625 0.33671875 0.05 0.0484375
0 0.4609375 0.334375 0.05078125 0.04765625
0 0.5109375 0.32890625 0.0515625 0.04375
0 0.56171875 0.33203125 0.05078125 0.05
0 0.61015625 0.325 0.0515625 0.05078125
0 0.66015625 0.328125 0.053125 0.04453125
0 0.7109375 0.325 0.04765625 0.0515625
0 0.76171875 0.32421875 0.05078125 0.04921875
0 0.81171875 0.3203125 0.05078125 0.04921875
0 0.8609375 0.3171875 0.046875 0.04765625
0 0.9125 0.3171875 0.05390625 0.0515625
0 0.9609375 0.31328125 0.0453125 0.0515625
0 0.38515625 0.29296875 0.053125 0.05546875
0 0.43828125 0.29140625 0.05078125 0.05078125
0 0.48828125 0.29140625 0.05078125 0.0484375
0 0.53671875 0.2859375 0.04921875 0.04921875
0 0.584375 0.2859375 0.05 0.05
0 0.63515625 0.28515625 0.05078125 0.0484375
0 0.68515625 0.28203125 0.04921875 0.04921875
0 0.7375 0.27734375 0.05390625 0.05078125
0 0.7859375 0.2765625 0.04765625 0.0484375
0 0.8359375 0.27421875 0.053125 0.05078125
0 0.8859375 0.2734375 0.046875 0.0484375
0 0.93671875 0.26953125 0.0515625 0.04765625
0 0.98046875 0.2640625 0.0390625 0.05
0 0.36640625 0.25 0.04765625 0.0453125
0 0.41796875 0.246875 0.04921875 0.04609375
0 0.46640625 0.2453125 0.04765625 0.0484375
0 0.5140625 0.24375 0.046875 0.04921875
0 0.5625 0.24296875 0.04765625 0.04765625
0 0.61328125 0.2421875 0.0515625 0.05
0 0.6625 0.23828125 0.04609375 0.04765625
0 0.7109375 0.2375 0.0515625 0.04765625
0 0.76015625 0.23359375 0.046875 0.05
0 0.8078125 0.23359375 0.04921875 0.05
0 0.85859375 0.2328125 0.05 0.046875
0 0.9078125 0.23046875 0.04921875 0.0484375
0 0.95703125 0.2296875 0.04609375 0.0484375
0 0.33125 0.2109375 0.05625 0.05234375
0 0.38671875 0.209375 0.053125 0.0484375
0 0.4375 0.203125 0.04609375 0.05078125
0 0.48515625 0.20234375 0.05 0.05078125
0 0.5359375 0.2 0.046875 0.0484375
0 0.58515625 0.196875 0.05078125 0.0484375
0 0.63515625 0.196875 0.05078125 0.05078125
0 0.684375 0.19609375 0.05 0.04921875
0 0.73359375 0.190625 0.04921875 0.05
0 0.784375 0.1890625 0.04765625 0.0484375
0 0.83359375 0.1890625 0.0515625 0.05234375
0 0.8828125 0.1875 0.046875 0.053125
0 0.93203125 0.1859375 0.05078125 0.05234375
0 0.3109375 0.16484375 0.05078125 0.046875
0 0.36015625 0.16640625 0.04765625 0.0484375
0 0.41015625 0.1625 0.04921875 0.0484375
0 0.459375 0.15703125 0.05078125 0.04765625
0 0.509375 0.1578125 0.04921875 0.04609375
0 0.56015625 0.15546875 0.04765625 0.0484375
0 0.60703125 0.15390625 0.04765625 0.04765625
0 0.6578125 0.1546875 0.04921875 0.0484375
0 0.709375 0.15078125 0.04765625 0.05
0 0.76015625 0.15078125 0.05 0.05
0 0.80859375 0.14765625 0.0484375 0.05
0 0.8578125 0.14765625 0.0484375 0.0484375
0 0.9046875 0.1421875 0.0515625 0.04765625
0 0.95390625 0.140625 0.05078125 0.04609375
0 0.28359375 0.1265625 0.05 0.04921875
0 0.33203125 0.12734375 0.04765625 0.0484375
0 0.3875 0.11796875 0.05 0.046875
0 0.43359375 0.11875 0.04765625 0.04921875
0 0.48203125 0.11640625 0.05078125 0.046875
0 0.53203125 0.11171875 0.0484375 0.04609375
0 0.5828125 0.11171875 0.05234375 0.04921875
0 0.6328125 0.1109375 0.0484375 0.05078125
0 0.68203125 0.109375 0.0484375 0.05
0 0.73359375 0.10625 0.04921875 0.04609375
0 0.78203125 0.10625 0.04765625 0.0484375
0 0.8296875 0.10234375 0.0484375 0.04921875
0 0.8796875 0.103125 0.05 0.05078125
0 0.928125 0.1 0.046875 0.04765625
0 0.2578125 0.08203125 0.0515625 0.05078125
0 0.30625 0.08203125 0.0484375 0.05078125
0 0.35703125 0.07734375 0.05078125 0.046875
0 0.40625 0.07734375 0.0484375 0.0484375
0 0.45703125 0.07421875 0.04921875 0.046875
0 0.50625 0.071875 0.0484375 0.05
0 0.55703125 0.07109375 0.05 0.05078125
0 0.60703125 0.06875 0.0484375 0.05
0 0.65625 0.0671875 0.046875 0.0484375
0 0.70546875 0.06875 0.04765625 0.0515625
0 0.75390625 0.06640625 0.0484375 0.05
0 0.80234375 0.06484375 0.0484375 0.05
0 0.8515625 0.0625 0.04765625 0.0484375
0 0.90078125 0.059375 0.05 0.0484375
0 0.95 0.05859375 0.05 0.05
0 0.23125 0.04296875 0.0484375 0.05
0 0.28203125 0.03828125 0.0515625 0.04921875
0 0.33359375 0.03671875 0.053125 0.0484375
0 0.384375 0.034375 0.04609375 0.0484375
0 0.42890625 0.03203125 0.0484375 0.05
0 0.478125 0.03203125 0.05 0.0484375
0 0.52890625 0.02890625 0.05 0.0484375
0 0.57890625 0.02421875 0.04765625 0.04609375
0 0.6296875 0.025 0.0515625 0.0484375
0 0.6796875 0.02265625 0.04765625 0.0453125
0 0.72890625 0.0234375 0.046875 0.046875
0 0.778125 0.0234375 0.046875 0.046875
0 0.82734375 0.02265625 0.0484375 0.0453125
0 0.87578125 0.021875 0.0453125 0.04375
0 0.21015625 0.0109375 0.0515625 0.021875
0 0.2578125 0.01015625 0.0484375 0.0203125
0 0.35625 0.009375 0.0484375 0.01875
0 0.978125 0.1828125 0.04375 0.05
0 0.9765625 0.1 0.046875 0.05
0 0.9875 0.05546875 0.025 0.05
0 0.92421875 0.02109375 0.0453125 0.0421875
0 0.97109375 0.01875 0.0484375 0.0375