0 0.68984375 0.78671875 0.053125 0.053125
0 0.28359375 0.92890625 0.0515625 0.0515625
0 0.50078125 0.87421875 0.0484375 0.0515625
0 0.32578125 0.915625 0.053125 0.053125
0 0.1109375 0.96953125 0.0515625 0.0515625
0 0.528125 0.90859375 0.0484375 0.05
0 0.46484375 0.8796875 0.0484375 0.053125
0 0.71796875 0.8203125 0.05 0.05
0 0.596875 0.96796875 0.05 0.05
0 0.36875 0.90546875 0.0515625 0.053125
0 0.546875 0.97890625 0.05 0.0421875
0 0.13984375 0.98671875 0.0515625 0.0265625
0 0.403125 0.94140625 0.0484375 0.05
0 0.7265625 0.92890625 0.0484375 0.0484375
0 0.73203125 0.771875 0.0515625 0.053125
0 0.775 0.7625 0.05 0.0515625
0 0.18359375 0.984375 0.0515625 0.03125
0 0.25859375 0.99296875 0.0515625 0.0140625
0 0.57578125 0.896875 0.0515625 0.05
0 0.48984375 0.915625 0.0484375 0.0484375
0 0.5640625 0.93671875 0.0515625 0.0484375
0 0.54140625 0.86484375 0.0515625 0.0515625
0 0.50859375 0.98359375 0.0484375 0.0328125
0 0.51953125 0.95 0.05 0.05
0 0.228125 0.978125 0.05 0.04375
0 0.7921875 0.840625 0.05 0.05
0 0.3109375 0.96171875 0.0484375 0.0484375
0 0.15390625 0.953125 0.05625 0.0546875
0 0.69609375 0.903125 0.05 0.0484375
0 0.58984375 0.8546875 0.0515625 0.0515625
0 0.421875 0.99296875 0.05 0.0140625
0 0.10234375 0.99375 0.0328125 0.0125
0 0.7640625 0.8046875 0.05 0.05
0 0.36015625 0.9453125 0.05 0.05
0 0.75234375 0.84765625 0.0484375 0.0484375
0 0.609375 0.92421875 0.046875 0.046875
0 0.7046875 0.8578125 0.0484375 0.0484375
0 0.26875 0.96796875 0.0484375 0.05
0 0.61875 0.88828125 0.0484375 0.046875
0 0.4640625 0.9890625 0.046875 0.021875
0 0.44765625 0.92890625 0.05 0.05
0 0.3890625 0.97734375 0.05 0.0453125
0 0.43359375 0.96875 0.05 0.0484375
0 0.6421875 0.95234375 0.0484375 0.0484375
0 0.34453125 0.9859375 0.0484375 0.028125
0 0.8046875 0.790625 0.05 0.0484375
0 0.7390625 0.8859375 0.0453125 0.0484375
0 0.47578125 0.96171875 0.05 0.05
0 0.77421875 0.91484375 0.0484375 0.046875
0 0.64375 0.8140625 0.0515625 0.0515625
0 0.64921875 0.91953125 0.0484375 0.046875
0 0.21015625 0.921875 0.053125 0.053125
0 0.78046875 0.88359375 0.046875 0.0421875
0 0.66015625 0.8734375 0.0484375 0.046875
0 0.8171875 0.7578125 0.046875 0.0484375
0 0.7578125 0.95 0.046875 0.0265625
0 0.42890625 0.86953125 0.053125 0.053125
0 0.71640625 0.95703125 0.04375 0.028125
0 0.303125 0.98828125 0.046875 0.0234375
0 0.2390625 0.93671875 0.046875 0.0515625
0 0.57421875 0.80546875 0.053125 0.0546875
0 0.68046875 0.95234375 0.046875 0.0484375
0 0.665625 0.97109375 0.040625 0.0203125
0 0.6765625 0.83515625 0.040625 0.0484375