0 0.72734375 0.16875 0.0640625 0.0625
0 0.96328125 0.0234375 0.0578125 0.046875
0 0.928125 0.16796875 0.065625 0.0640625
0 0.93046875 0.075 0.0640625 0.0609375
0 0.86484375 0.06640625 0.0625 0.059375
0 0.69453125 0.115625 0.0609375 0.0625
0 0.79140625 0.0640625 0.065625 0.0625
0 0.60390625 0.1640625 0.0625 0.059375
0 0.96328125 0.1140625 0.0609375 0.0609375
0 0.665625 0.16484375 0.0640625 0.0609375
0 0.48984375 0.0265625 0.0609375 0.053125
0 0.54453125 0.05625 0.0609375 0.0609375
0 0.73125 0.0546875 0.059375 0.059375
0 0.90234375 0.02578125 0.0640625 0.0515625
0 0.8296875 0.115625 0.065625 0.0609375
0 0.8609375 0.16953125 0.0625 0.0625
0 0.53671875 0.165625 0.0625 0.0609375
0 0.83046875 0.025 0.0640625 0.05
0 0.66796875 0.053125 0.0640625 0.0609375
0 0.7625 0.1125 0.0640625 0.0625
0 0.63203125 0.1125 0.0640625 0.0640625
0 0.56796875 0.1109375 0.0625 0.059375
0 0.79609375 0.17109375 0.065625 0.0640625
0 0.48671875 0.1109375 0.0625 0.0625
0 0.68671875 0.0109375 0.0640625 0.021875
0 0.60703125 0.05234375 0.059375 0.0578125
0 0.425 0.1328125 0.0625 0.0640625
0 0.89453125 0.115625 0.065625 0.059375
0 0.434375 0.05625 0.0625 0.059375
0 0.61953125 0.0125 0.0640625 0.025
0 0.98125 0.06796875 0.0234375 0.0578125
0 0.75 0.0125 0.0625 0.025
0 0.9828125 0.171875 0.025 0.0609375
0 0.46796875 0.17109375 0.065625 0.0609375
0 0.55390625 0.0109375 0.0671875 0.021875
0 0.428125 0.0125 0.0671875 0.0234375