0 0.0234375 0.9578125 0.046875 0.06171875
0 0.64921875 0.803125 0.06875 0.065625
0 0.1328125 0.91328125 0.06640625 0.06328125
0 0.51328125 0.959375 0.06484375 0.06484375
0 0.08828125 0.9625 0.065625 0.0625
0 0.31484375 0.60078125 0.06484375 0.06328125
0 0.6625 0.93671875 0.06484375 0.0640625
0 0.16484375 0.853125 0.06015625 0.06328125
0 0.1390625 0.79296875 0.0640625 0.0640625
0 0.8984375 0.9359375 0.0640625 0.0625
0 0.3375 0.91015625 0.06640625 0.0640625
0 0.5484375 0.90390625 0.06640625 0.06328125
0 0.31875 0.96953125 0.0640625 0.0609375
0 0.95078125 0.8078125 0.0671875 0.06328125
0 0.8484375 0.8875 0.06484375 0.06484375
0 0.2046875 0.784375 0.06484375 0.06328125
0 0.02734375 0.84296875 0.05390625 0.0640625
0 0.7921875 0.7109375 0.06328125 0.06328125
0 0.96953125 0.90234375 0.0609375 0.0640625
0 0.8375 0.96640625 0.06484375 0.06328125
0 0.54140625 0.77421875 0.06640625 0.06328125
0 0.9484375 0.971875 0.065625 0.05625
0 0.10078125 0.85625 0.06640625 0.06328125
0 0.51484375 0.8390625 0.0640625 0.0625
0 0.40625 0.90703125 0.065625 0.06328125
0 0.446875 0.96953125 0.065625 0.0609375
0 0.72890625 0.93203125 0.0640625 0.0640625
0 0.228125 0.84453125 0.065625 0.06484375
0 0.384375 0.840625 0.065625 0.0640625
0 0.240625 0.73203125 0.06484375 0.06484375
0 0.3828125 0.96953125 0.06015625 0.0609375
0 0.25234375 0.96171875 0.065625 0.0640625
0 0.43984375 0.7078125 0.065625 0.065625
0 0.30546875 0.71953125 0.065625 0.06640625
0 0.2484375 0.59453125 0.06328125 0.0640625
0 0.4796875 0.6515625 0.0640625 0.0609375
0 0.1203125 0.5828125 0.065625 0.065625
0 0.72734375 0.71953125 0.0640625 0.0640625
0 0.19140625 0.54921875 0.06484375 0.0625
0 0.0578125 0.903125 0.065625 0.06328125
0 0.921875 0.8671875 0.06328125 0.06328125
0 0.1578125 0.9734375 0.065625 0.053125
0 0.5125 0.70859375 0.06640625 0.06484375
0 0.41015625 0.77890625 0.0640625 0.06015625
0 0.27265625 0.896875 0.0640625 0.0640625
0 0.5875 0.9578125 0.065625 0.0640625
0 0.9203125 0.6890625 0.06328125 0.06171875
0 0.06796875 0.79765625 0.06484375 0.06328125
0 0.13203125 0.66484375 0.065625 0.06484375
0 0.975 0.671875 0.04921875 0.059375
0 0.87578125 0.81953125 0.06484375 0.06171875
0 0.45 0.83359375 0.06328125 0.06484375
0 0.790625 0.9203125 0.06328125 0.0640625
0 0.25390625 0.53125 0.0609375 0.059375
0 0.75703125 0.65546875 0.06484375 0.06484375
1 0.7421875 0.8640625 0.06484375 0.06171875
0 0.9859375 0.84375 0.02734375 0.0625
0 0.70625 0.98203125 0.0625 0.03515625
1 0.83671875 0.76953125 0.0546875 0.06328125
1 0.8953125 0.75625 0.0671875 0.0578125
1 0.71796875 0.79296875 0.0578125 0.0703125
1 0.8234375 0.63359375 0.0609375 0.06875
0 0.1015625 0.4546875 0.06328125 0.06484375
1 0.3796875 0.5828125 0.065625 0.07265625
1 0.96640625 0.73984375 0.05859375 0.06171875
1 0.6421875 0.66640625 0.0578125 0.065625
1 0.471875 0.76953125 0.06015625 0.05859375
1 0.4421875 0.59609375 0.05546875 0.06015625
1 0.275 0.79375 0.06328125 0.0609375
1 0.025 0.6796875 0.05 0.05546875
1 0.60234375 0.75078125 0.06484375 0.0609375
1 0.3390625 0.78203125 0.0578125 0.06484375
1 0.03046875 0.5078125 0.0609375 0.06171875
0 0.85546875 0.69765625 0.0609375 0.0609375
1 0.10078125 0.728125 0.0671875 0.05859375
1 0.309375 0.84375 0.07109375 0.06015625
1 0.18359375 0.61796875 0.05390625 0.0640625
1 0.06484375 0.63984375 0.05390625 0.0640625
1 0.509375 0.5890625 0.0640625 0.0578125
1 0.58359375 0.8328125 0.06015625 0.06015625
1 0.271875 0.659375 0.06171875 0.06015625
1 0.203125 0.6734375 0.0703125 0.0546875
1 0.0390625 0.73359375 0.0515625 0.0609375
1 0.6828125 0.8703125 0.0578125 0.0671875
1 0.61484375 0.8828125 0.06015625 0.06875
1 0.3734375 0.72109375 0.0609375 0.05546875
1 0.5828125 0.6859375 0.059375 0.06875
1 0.6 0.59609375 0.08125 0.0703125
1 0.8015625 0.83984375 0.059375 0.06328125
1 0.40390625 0.65 0.0625 0.05625
1 0.165625 0.72734375 0.05625 0.0609375
1 0.66328125 0.72734375 0.05625 0.0640625
0 0.99140625 0.9578125 0.01640625 0.06796875
1 0.7765625 0.7828125 0.05703125 0.0625
1 0.3234375 0.53125 0.06796875 0.0703125
1 0.696875 0.6203125 0.071875 0.0640625
1 0.55 0.515625 0.0875 0.0921875
1 0.471875 0.903125 0.0609375 0.0640625
1 0.8859375 0.625 0.0703125 0.06328125
0 0.10234375 0.52421875 0.06484375 0.06015625
1 0.04921875 0.5765625 0.0609375 0.0546875
1 0.5453125 0.64140625 0.0546875 0.05546875
0 0.6390625 0.98359375 0.06484375 0.0328125
1 0.03203125 0.440625 0.0640625 0.071875
1 0.20078125 0.9140625 0.06328125 0.05546875
1 0.4671875 0.534375 0.0734375 0.0671875
1 0.34609375 0.6640625 0.04921875 0.05859375
0 0.87734375 0.99140625 0.06796875 0.01640625
0 0.00859375 0.90078125 0.0171875 0.06875
0 0.0453125 0.99140625 0.0671875 0.0171875
1 0.0140625 0.6140625 0.02734375 0.06484375
1 0.0140625 0.7828125 0.02734375 0.0609375
1 0.76953125 0.9828125 0.0703125 0.03359375
0 0.21171875 0.98984375 0.06796875 0.0203125
0 0.15703125 0.49296875 0.06171875 0.06015625