0 0.80703125 0.51796875 0.04296875 0.04375
0 0.82890625 0.5578125 0.04296875 0.04296875
0 0.8453125 0.35625 0.0421875 0.04375
0 0.984375 0.51015625 0.03125 0.0421875
0 0.84921875 0.43671875 0.04140625 0.04296875
0 0.4953125 0.09453125 0.04375 0.04609375
0 0.79453125 0.11953125 0.04296875 0.04453125
0 0.76171875 0.5234375 0.04296875 0.04453125
0 0.6796875 0.0828125 0.04296875 0.04453125
0 0.85859375 0.5953125 0.04453125 0.0484375
0 0.634375 0.08125 0.04140625 0.04296875
0 0.89453125 0.4359375 0.0421875 0.04375
0 0.66328125 0.3640625 0.04140625 0.04375
0 0.9796875 0.03671875 0.03984375 0.04375
0 0.87109375 0.39609375 0.0421875 0.04375
0 0.70546875 0.2015625 0.0421875 0.04296875
0 0.72265625 0.08046875 0.04140625 0.04375
0 0.76796875 0.08046875 0.04296875 0.04375
0 0.8390625 0.11875 0.04296875 0.04375
0 0.74609375 0.12109375 0.04140625 0.04296875
0 0.86796875 0.31328125 0.04296875 0.04296875
0 0.79140625 0.03828125 0.04296875 0.04453125
0 0.83828125 0.0375 0.04296875 0.04375
0 0.68984375 0.403125 0.0421875 0.04375
0 0.8640625 0.234375 0.0421875 0.04296875
0 0.98203125 0.27265625 0.0359375 0.04296875
0 0.61328125 0.20390625 0.04140625 0.0421875
0 0.9296875 0.63046875 0.04140625 0.04453125
0 0.47265625 0.05625 0.04296875 0.04609375
0 0.82265625 0.315625 0.0421875 0.04296875
0 0.78046875 0.47734375 0.0421875 0.04453125
0 0.7078125 0.2828125 0.04375 0.04296875
0 0.81875 0.15859375 0.0421875 0.04375
0 0.9390625 0.27421875 0.0421875 0.04296875
0 0.98125 0.19375 0.0375 0.04375
0 0.853125 0.51875 0.0421875 0.04296875
0 0.56328125 0.12890625 0.04296875 0.0453125
0 0.94453125 0.51328125 0.04140625 0.04375
0 0.8640625 0.0109375 0.0421875 0.02109375
0 0.8046875 0.440625 0.04296875 0.0453125
0 0.93984375 0.43515625 0.04296875 0.04453125
0 0.9125 0.31328125 0.0421875 0.0421875
0 0.60859375 0.04296875 0.0421875 0.04296875
0 0.98125 0.11328125 0.0375 0.04375
0 0.44765625 0.01875 0.0421875 0.0375
0 0.98359375 0.353125 0.0328125 0.04375
0 0.76796875 0.0109375 0.0421875 0.021875
0 0.890625 0.27578125 0.04296875 0.04375
0 0.75390625 0.28359375 0.0421875 0.04375
0 0.8765625 0.5515625 0.04140625 0.0421875
0 0.9140625 0.15625 0.04296875 0.04453125
0 0.74765625 0.0390625 0.0421875 0.04375
0 0.79609375 0.196875 0.04140625 0.04296875
0 0.8265625 0.47734375 0.04140625 0.04296875
0 0.91796875 0.39453125 0.0421875 0.04375
0 0.68515625 0.24140625 0.04140625 0.0421875
0 0.92890625 0.715625 0.04296875 0.04453125
0 0.72734375 0.2390625 0.0421875 0.04296875
0 0.7140625 0.440625 0.04140625 0.04296875
0 0.91640625 0.23515625 0.04140625 0.04296875
0 0.92109375 0.47578125 0.0421875 0.04453125
0 0.73203125 0.39921875 0.0421875 0.04296875
0 0.58828125 0.08359375 0.04140625 0.04375
0 0.65625 0.03984375 0.04296875 0.04296875
0 0.95 0.6734375 0.0421875 0.0453125
0 0.8421875 0.27421875 0.0421875 0.0421875
0 0.87578125 0.47734375 0.0421875 0.04296875
0 0.68671875 0.32421875 0.0421875 0.04375
0 0.75546875 0.35859375 0.0421875 0.04296875
0 0.97890625 0.80078125 0.04140625 0.04609375
0 0.8265625 0.3984375 0.04140625 0.04296875
0 0.65859375 0.12109375 0.0421875 0.04296875
0 0.63203125 0.01171875 0.0421875 0.0234375
0 0.8640625 0.078125 0.0421875 0.0421875
0 0.98359375 0.4328125 0.0328125 0.04453125
0 0.75625 0.4421875 0.0421875 0.04453125
0 0.49296875 0.01484375 0.0421875 0.0296875
0 0.9046875 0.59140625 0.0421875 0.04375
0 0.9265625 0.55390625 0.0421875 0.0421875
0 0.59140625 0.165625 0.040625 0.04296875
0 0.81953125 0.234375 0.04140625 0.04375
0 0.78359375 0.55859375 0.04296875 0.04375
0 0.84140625 0.19453125 0.0421875 0.04296875
0 0.815625 0.0765625 0.0421875 0.04296875
0 0.77265625 0.16015625 0.0421875 0.04453125
0 0.61484375 0.28359375 0.04296875 0.04140625
0 0.97734375 0.71484375 0.0453125 0.04765625
0 0.9703125 0.55234375 0.04453125 0.04375
0 0.88359375 0.72421875 0.04140625 0.04453125
0 0.540625 0.08828125 0.0421875 0.04453125
0 0.88984375 0.1953125 0.04140625 0.0421875
0 0.890625 0.35234375 0.040625 0.0421875
0 0.70234375 0.121875 0.04140625 0.04375
0 0.6125 0.12421875 0.04140625 0.04296875
0 0.9484375 0.5890625 0.0421875 0.0421875
0 0.909375 0.765625 0.04296875 0.04375
0 0.93359375 0.80234375 0.04453125 0.0453125
0 0.7765625 0.3203125 0.0421875 0.040625
0 0.965625 0.31328125 0.0421875 0.04140625
0 0.70390625 0.0390625 0.04140625 0.0421875
0 0.59375 0.2484375 0.0421875 0.04453125
0 0.86640625 0.159375 0.04296875 0.0421875
0 0.97578125 0.62890625 0.04453125 0.04375
0 0.96484375 0.46875 0.0421875 0.04375
0 0.73046875 0.31875 0.0421875 0.04296875
0 0.803125 0.359375 0.04140625 0.0421875
0 0.709375 0.36015625 0.0421875 0.04296875
0 0.8609375 0.6859375 0.04375 0.04296875
0 0.6390625 0.24296875 0.0421875 0.04453125
0 0.95546875 0.8375 0.04375 0.03828125
0 0.64140625 0.32578125 0.0421875 0.04375
0 0.88828125 0.11640625 0.04140625 0.04296875
0 0.66171875 0.20234375 0.0421875 0.04296875
0 0.7359375 0.478125 0.040625 0.04140625
0 0.58828125 0.01328125 0.0421875 0.0265625
0 0.93828125 0.1953125 0.04140625 0.04296875
0 0.98671875 0.58984375 0.0265625 0.0453125
0 0.6796875 0.01171875 0.0421875 0.0234375
0 0.93359375 0.0375 0.0421875 0.04453125
0 0.9375 0.35390625 0.04296875 0.04375
0 0.54375 0.171875 0.04375 0.0453125
0 0.5640625 0.04296875 0.04140625 0.04296875
0 0.81015625 0.596875 0.0421875 0.04296875
0 0.68203125 0.16171875 0.04296875 0.03984375
0 0.8984375 0.515625 0.04296875 0.04453125
0 0.74921875 0.2015625 0.0421875 0.04296875
0 0.909375 0.009375 0.04375 0.01875
0 0.95859375 0.15625 0.04375 0.04296875
0 0.91171875 0.0796875 0.0421875 0.04296875
0 0.78046875 0.39765625 0.0421875 0.04375
0 0.6609375 0.2859375 0.04140625 0.0421875
0 0.9875 0.67109375 0.02421875 0.0453125
0 0.959375 0.23515625 0.040625 0.0421875
0 0.79765625 0.27890625 0.0421875 0.04453125
0 0.9546875 0.75859375 0.04296875 0.04296875
0 0.9796875 0.875 0.040625 0.04453125
0 0.521875 0.1296875 0.04375 0.04140625
0 0.63828125 0.16328125 0.0421875 0.04375
0 0.775 0.240625 0.04140625 0.04296875
0 0.88671875 0.034375 0.04375 0.0421875
0 0.93671875 0.11640625 0.04296875 0.04296875
0 0.8828125 0.6359375 0.04375 0.0453125
0 0.815625 0.0109375 0.04375 0.02109375
0 0.72578125 0.1625 0.0421875 0.04375
0 0.83359375 0.64453125 0.04375 0.04765625
0 0.51640625 0.05 0.04140625 0.04453125
0 0.5671875 0.2140625 0.04296875 0.04296875
0 0.9640625 0.3921875 0.04140625 0.0421875
0 0.72265625 0.01171875 0.0421875 0.02265625
0 0.53984375 0.0140625 0.04375 0.028125
0 0.95703125 0.0734375 0.04296875 0.0421875
0 0.953125 0.01015625 0.04375 0.01953125
0 0.990625 0.8375 0.01875 0.0328125
0 0.9046875 0.67265625 0.04296875 0.04296875
0 0.990625 0.75546875 0.01875 0.0484375
0 0.990625 0.07421875 0.01796875 0.0421875
0 0.98984375 0.00859375 0.0203125 0.0171875
0 0.99453125 0.39140625 0.0109375 0.04296875
0 0.99375 0.2328125 0.0125 0.04375
0 0.99375 0.30859375 0.0125 0.03828125
0 0.99296875 0.15390625 0.01328125 0.04453125
0 0.9953125 0.46875 0.009375 0.0421875