0 0.57734375 0.0328125 0.1296875 0.065625
0 0.64765625 0.09375 0.1375 0.1359375
1 0.978125 0.321875 0.04375 0.071875
1 0.7984375 0.44453125 0.125 0.1078125
1 0.97265625 0.41875 0.0546875 0.09375
1 0.946875 0.49296875 0.10625 0.1046875
1 0.88515625 0.31640625 0.1046875 0.1125
1 0.83203125 0.2609375 0.075 0.06875
1 0.984375 0.20859375 0.03125 0.0609375
1 0.9515625 0.2625 0.096875 0.08125
0 0.80078125 0.11953125 0.1203125 0.1234375
0 0.92578125 0.18359375 0.1046875 0.109375
0 0.7796875 0.2015625 0.1 0.09375