0 0.3171875 0.12734375 0.1484375 0.128125
0 0.47421875 0.128125 0.17734375 0.14375
0 0.5796875 0.21328125 0.13125 0.13046875
0 0.65546875 0.31171875 0.14140625 0.1296875
0 0.77421875 0.1984375 0.13828125 0.134375
0 0.4234375 0.25390625 0.16875 0.13984375
0 0.51015625 0.38125 0.146875 0.1296875
0 0.159375 0.51796875 0.13203125 0.1296875
0 0.2203125 0.03828125 0.140625 0.0765625
0 0.76484375 0.4296875 0.15859375 0.14140625
0 0.5375 0.74140625 0.146875 0.1375
0 0.684375 0.8640625 0.13828125 0.125
0 0.38359375 0.7484375 0.15625 0.13046875
0 0.10390625 0.6265625 0.1265625 0.12265625
0 0.3328125 0.86953125 0.146875 0.14140625
0 0.26484375 0.24765625 0.14375 0.13125
0 0.20546875 0.3796875 0.1296875 0.13125
0 0.04375 0.1640625 0.0875 0.1296875
0 0.784375 0.0484375 0.1875 0.09609375
0 0.490625 0.8609375 0.14453125 0.1296875
0 0.43984375 0.95859375 0.1421875 0.0828125
0 0.6234375 0.0828125 0.13359375 0.13125
0 0.61171875 0.45859375 0.1515625 0.14453125
0 0.03671875 0.85703125 0.0734375 0.1234375
0 0.2984375 0.4890625 0.13828125 0.125
0 0.11484375 0.26875 0.1296875 0.12578125
0 0.03671875 0.53046875 0.0734375 0.1109375
0 0.06953125 0.74453125 0.125 0.1125
0 0.353125 0.37265625 0.1171875 0.11328125
0 0.06796875 0.40859375 0.13125 0.14609375
0 0.56484375 0.60625 0.1578125 0.1453125
0 0.07890625 0.04609375 0.1515625 0.0921875
0 0.27578125 0.628125 0.14296875 0.146875
0 0.44296875 0.49375 0.140625 0.12578125
0 0.16875 0.1328125 0.1359375 0.121875
0 0.015625 0.28359375 0.03125 0.1484375
0 0.37265625 0.02890625 0.14609375 0.0578125
0 0.190625 0.846875 0.134375 0.121875
0 0.7765625 0.621875 0.15 0.11875
0 0.1234375 0.93359375 0.13125 0.12578125
0 0.23125 0.7484375 0.128125 0.1203125
0 0.62578125 0.95703125 0.1265625 0.0859375
0 0.27421875 0.97578125 0.1359375 0.0484375