0 0.83046875 0.1890625 0.1734375 0.1703125
0 0.65859375 0.15234375 0.1734375 0.15625
0 0.84375 0.91796875 0.178125 0.1640625
0 0.93515625 0.40546875 0.1296875 0.1609375
0 0.36171875 0.1328125 0.16875 0.15625
0 0.75390625 0.80078125 0.171875 0.1640625
0 0.28125 0.234375 0.1484375 0.1453125
0 0.90390625 0.29296875 0.1546875 0.1546875
0 0.05546875 0.76875 0.1109375 0.140625
0 0.15390625 0.0328125 0.1359375 0.065625
0 0.52734375 0.88203125 0.1734375 0.16875
0 0.12734375 0.6890625 0.159375 0.175
0 0.58046875 0.265625 0.171875 0.1609375
0 0.79453125 0.43984375 0.171875 0.1609375
0 0.421875 0.5015625 0.15625 0.153125
0 0.675 0.90703125 0.171875 0.159375
0 0.875 0.540625 0.1796875 0.1703125
0 0.20078125 0.58359375 0.1546875 0.1625
0 0.42109375 0.03984375 0.1609375 0.0796875
0 0.7359375 0.303125 0.1953125 0.1734375
0 0.59609375 0.76640625 0.1859375 0.1671875
0 0.34453125 0.5953125 0.15 0.146875
0 0.08359375 0.32109375 0.1328125 0.140625
0 0.49453125 0.37890625 0.15625 0.15625
0 0.94296875 0.175 0.1140625 0.15625
0 0.29375 0.04140625 0.15 0.0828125
0 0.61015625 0.965625 0.1546875 0.06875
0 0.21171875 0.1125 0.15 0.146875
0 0.20703125 0.8 0.1625 0.15
0 0.0265625 0.64296875 0.053125 0.1359375
0 0.71171875 0.53828125 0.1640625 0.1515625
0 0.2875 0.4703125 0.15 0.1515625
0 0.56875 0.5046875 0.1609375 0.1515625
0 0.97890625 0.278125 0.0421875 0.16875
0 0.21796875 0.33828125 0.159375 0.1484375
0 0.434375 0.25546875 0.153125 0.1515625
0 0.03828125 0.43828125 0.0765625 0.1515625
0 0.1484375 0.4453125 0.1546875 0.1515625
0 0.28671875 0.70546875 0.14375 0.134375
0 0.11640625 0.87578125 0.1484375 0.121875
0 0.59296875 0.05 0.1578125 0.1
0 0.9359375 0.6765625 0.1078125 0.184375
0 0.5109375 0.6296875 0.1765625 0.175
0 0.8078125 0.67421875 0.1859375 0.175
0 0.38515625 0.83125 0.15625 0.1453125
0 0.51328125 0.12734375 0.15625 0.146875
0 0.07734375 0.54453125 0.1546875 0.1453125
0 0.646875 0.3953125 0.16875 0.1578125
0 0.3546875 0.36953125 0.1671875 0.178125
0 0.09453125 0.103125 0.065625 0.1265625
1 0.96953125 0.53046875 0.0609375 0.1765625
0 0.44453125 0.7421875 0.134375 0.134375
0 0.31171875 0.9265625 0.13125 0.109375
0 0.44765625 0.97109375 0.1390625 0.0578125
0 0.14765625 0.21875 0.1328125 0.121875
0 0.73828125 0.06953125 0.128125 0.0828125