0 0.028125 0.46484375 0.0515625 0.0515625
0 0.21484375 0.1953125 0.0546875 0.05625
0 0.16875 0.1890625 0.05625 0.0546875
0 0.03671875 0.51171875 0.0515625 0.0515625
0 0.1546875 0.37734375 0.05 0.05
0 0.23984375 0.2828125 0.0515625 0.0515625
0 0.065625 0.25 0.040625 0.0453125
0 0.18046875 0.23203125 0.0515625 0.0515625
0 0.2265625 0.2390625 0.0546875 0.053125
0 0.1875 0.3421875 0.053125 0.0515625
0 0.015625 0.54140625 0.03125 0.0515625
0 0.12265625 0.2953125 0.053125 0.0515625
0 0.0703125 0.4734375 0.0515625 0.0515625
0 0.01640625 0.4234375 0.0328125 0.046875
0 0.2578125 0.20703125 0.053125 0.0546875
0 0.03125 0.39453125 0.05 0.0515625
0 0.11640625 0.3671875 0.0515625 0.0515625
0 0.12421875 0.41171875 0.0515625 0.0515625
0 0.06484375 0.3625 0.053125 0.053125
0 0.16875 0.29921875 0.0484375 0.0515625
0 0.19921875 0.27265625 0.0515625 0.053125
0 0.07265625 0.41015625 0.0484375 0.0484375
0 0.10546875 0.25703125 0.0515625 0.05
0 0.27265625 0.24453125 0.05 0.05
0 0.140625 0.3359375 0.0515625 0.0515625
0 0.0984375 0.44375 0.053125 0.05
0 0.0515625 0.31640625 0.0484375 0.053125
0 0.11796875 0.196875 0.0546875 0.0546875
0 0.15390625 0.26484375 0.0515625 0.0515625
0 0.05234375 0.4359375 0.053125 0.05
0 0.0125 0.49609375 0.025 0.0484375
0 0.29609375 0.21796875 0.05 0.05
0 0.090625 0.334375 0.05 0.05
0 0.0484375 0.28203125 0.0234375 0.040625
0 0.20859375 0.3171875 0.0484375 0.0453125
0 0.071875 0.2921875 0.0515625 0.05
0 0.06640625 0.21015625 0.0234375 0.046875
0 0.0265625 0.3625 0.025 0.0484375
0 0.003125 0.4609375 0.00625 0.04375
0 0.1390625 0.2234375 0.0453125 0.0484375