1 0.78359375 0.21640625 0.1875 0.1921875
1 0.934375 0.51171875 0.13125 0.1859375
1 0.80859375 0.53125 0.19375 0.190625
1 0.48515625 0.1359375 0.23125 0.1984375
1 0.63359375 0.10859375 0.1796875 0.184375
1 0.61796875 0.28046875 0.2171875 0.2015625
1 0.90703125 0.20234375 0.1515625 0.1765625
1 0.6875 0.4015625 0.20625 0.1984375
1 0.815625 0.07578125 0.24375 0.1515625
1 0.86484375 0.34921875 0.2140625 0.184375
1 0.9015625 0.67265625 0.196875 0.1859375
1 0.96328125 0.809375 0.0734375 0.178125
1 0.9296875 0.06484375 0.078125 0.1296875
1 0.52890625 0.02734375 0.1984375 0.0546875
1 0.3765625 0.03828125 0.1875 0.0734375
1 0.97109375 0.34921875 0.05 0.190625
1 0.709375 0.01015625 0.196875 0.0203125