1 0.93984375 0.846875 0.1203125 0.134375
1 0.96328125 0.721875 0.0734375 0.215625
1 0.9234375 0.296875 0.121875 0.1984375
1 0.84765625 0.16953125 0.203125 0.215625
1 0.73671875 0.07109375 0.2171875 0.1421875
1 0.5609375 0.09296875 0.23125 0.1859375
1 0.684375 0.20859375 0.2140625 0.215625
1 0.803125 0.3234375 0.20625 0.2234375
1 0.9125 0.4546875 0.175 0.215625
1 0.89765625 0.60546875 0.2046875 0.2265625
1 0.86015625 0.771875 0.234375 0.2359375
1 0.7953125 0.903125 0.203125 0.11875
1 0.68984375 0.83046875 0.2140625 0.2359375
1 0.7375 0.66875 0.221875 0.215625
1 0.771875 0.5015625 0.2078125 0.2140625
1 0.6390625 0.37265625 0.228125 0.2328125
1 0.60625 0.5328125 0.2296875 0.2234375
1 0.56484375 0.7015625 0.2234375 0.2328125
1 0.525 0.871875 0.221875 0.2109375
1 0.46796875 0.96171875 0.1921875 0.0765625
1 0.20078125 0.9390625 0.2203125 0.121875
2 0.3609375 0.9171875 0.20625 0.165625
1 0.3890625 0.7859375 0.2234375 0.228125
1 0.21875 0.81953125 0.21875 0.215625
1 0.2546875 0.65703125 0.215625 0.2140625
1 0.434375 0.61171875 0.2296875 0.23125
1 0.45859375 0.4296875 0.2234375 0.23125
1 0.2890625 0.48671875 0.228125 0.2328125
1 0.3390625 0.30625 0.2296875 0.2265625
1 0.51171875 0.23359375 0.225 0.234375
1 0.38671875 0.14375 0.2234375 0.2265625
1 0.2140625 0.19765625 0.21875 0.21875
1 0.1640625 0.36875 0.2265625 0.221875
1 0.1109375 0.53671875 0.221875 0.2203125
1 0.10390625 0.69921875 0.1765625 0.21875
1 0.0484375 0.42734375 0.096875 0.1984375
1 0.07109375 0.2546875 0.1421875 0.209375
1 0.096875 0.13828125 0.19375 0.1421875