2 0.9734375 0.25078125 0.053125 0.0546875
2 0.88828125 0.0921875 0.0515625 0.0546875
0 0.99453125 0.33984375 0.0109375 0.0484375
0 0.984375 0.29375 0.03125 0.05
0 0.95078125 0.21796875 0.0546875 0.0484375
0 0.98984375 0.2078125 0.0203125 0.046875
0 0.93046875 0.17421875 0.053125 0.0515625
0 0.98203125 0.1734375 0.0359375 0.046875
0 0.91328125 0.1375 0.053125 0.0515625
0 0.96015625 0.12890625 0.0484375 0.0484375
0 0.98984375 0.128125 0.0203125 0.046875
0 0.93515625 0.09296875 0.053125 0.0515625
0 0.98125 0.09375 0.0375 0.046875
0 0.86640625 0.0484375 0.0515625 0.0515625
0 0.91875 0.05234375 0.0546875 0.0453125
0 0.96484375 0.05234375 0.0515625 0.0453125
0 0.99375 0.05390625 0.0125 0.0421875