1 0.484375 0.103125 0.225 0.20625
1 0.6515625 0.140625 0.2234375 0.2578125
1 0.2390625 0.37734375 0.228125 0.2265625
1 0.43203125 0.39921875 0.2265625 0.2203125
1 0.54453125 0.23046875 0.19375 0.1640625
1 0.11484375 0.475 0.2015625 0.225
1 0.2984375 0.10234375 0.209375 0.2046875
1 0.3953125 0.0328125 0.20625 0.065625
1 0.2109375 0.02109375 0.2 0.0421875
1 0.17421875 0.15390625 0.1953125 0.1546875
1 0.20546875 0.6328125 0.2515625 0.3296875
1 0.09375 0.30859375 0.1625 0.215625
1 0.14375 0.0703125 0.1375 0.140625
1 0.7578125 0.08046875 0.2 0.10625
1 0.57421875 0.04140625 0.1859375 0.0828125
1 0.31640625 0.51484375 0.21875 0.24375
1 0.36953125 0.19375 0.228125 0.171875
1 0.1703125 0.25390625 0.184375 0.1125
1 0.33671875 0.2921875 0.2 0.115625
1 0.5203125 0.33515625 0.178125 0.1078125