1 0.81171875 0.52578125 0.2171875 0.1890625
1 0.434375 0.32890625 0.2359375 0.1890625
1 0.64921875 0.5734375 0.221875 0.20625
1 0.4640625 0.1671875 0.221875 0.1890625
1 0.74453125 0.071875 0.2265625 0.14375
1 0.58359375 0.303125 0.20625 0.2046875
1 0.73984375 0.22734375 0.221875 0.1859375
1 0.78125 0.68828125 0.2375 0.209375
1 0.52734375 0.4453125 0.234375 0.1984375
1 0.8703125 0.15390625 0.1703125 0.1953125
1 0.90859375 0.80625 0.18125 0.178125
1 0.34453125 0.07109375 0.234375 0.1390625
1 0.7421875 0.4015625 0.24375 0.2140625
1 0.92734375 0.62578125 0.1453125 0.2015625
1 0.96640625 0.775 0.0671875 0.178125
1 0.29609375 0.2 0.2265625 0.2140625
1 0.17734375 0.11875 0.196875 0.1578125
1 0.63203125 0.109375 0.2453125 0.21875
1 0.93828125 0.4703125 0.1234375 0.171875
1 0.86953125 0.33203125 0.18125 0.1984375
1 0.86953125 0.03671875 0.1078125 0.0734375
1 0.48125 0.040625 0.175 0.08125
1 0.953125 0.88203125 0.09375 0.0921875
1 0.94140625 0.296875 0.09375 0.2109375
1 0.6515625 0.01328125 0.215625 0.0265625