0 0.56953125 0.33515625 0.1359375 0.1453125
0 0.64921875 0.0515625 0.14140625 0.103125
0 0.6015625 0.15625 0.13359375 0.115625
0 0.65859375 0.26171875 0.134375 0.121875
0 0.19609375 0.19609375 0.128125 0.11796875
0 0.2265625 0.075 0.1265625 0.14140625
0 0.04921875 0.371875 0.0984375 0.134375
0 0.07890625 0.5203125 0.1265625 0.1515625
0 0.790625 0.0296875 0.1421875 0.0578125
0 0.42265625 0.31015625 0.14375 0.15078125
0 0.4953125 0.19609375 0.13125 0.134375
0 0.18359375 0.43984375 0.1265625 0.1234375
0 0.753125 0.14375 0.1625 0.14609375
0 0.27578125 0.3078125 0.1296875 0.13671875
0 0.375 0.0796875 0.12734375 0.15234375
0 0.31484375 0.0171875 0.146875 0.0328125
0 0.03046875 0.0359375 0.0609375 0.071875
0 0.3265625 0.190625 0.1328125 0.1234375
0 0.15078125 0.0171875 0.18828125 0.0328125
0 0.14765625 0.3140625 0.12421875 0.11640625
0 0.0203125 0.115625 0.03984375 0.12109375
0 0.3171875 0.4328125 0.12265625 0.11171875
0 0.03125 0.23515625 0.06171875 0.1421875
0 0.1109375 0.1 0.1140625 0.0984375
0 0.4984375 0.06796875 0.12109375 0.1109375
0 0.45234375 0.440625 0.11796875 0.10546875
0 0.29765625 0.559375 0.12421875 0.10703125
0 0.18515625 0.62578125 0.11953125 0.10703125
0 0.06953125 0.690625 0.11953125 0.1