0 0.0625 0.253125 0.0734375 0.071875
0 0.41640625 0.1890625 0.06875 0.0703125
0 0.36328125 0.5 0.0734375 0.071875
0 0.0546875 0.1859375 0.0546875 0.0671875
0 0.56875 0.02578125 0.06875 0.0484375
0 0.3 0.809375 0.0734375 0.0703125
0 0.94140625 0.25703125 0.071875 0.0703125
0 0.27109375 0.87109375 0.071875 0.0703125
0 0.21640625 0.15625 0.075 0.0734375
0 0.675 0.8234375 0.0734375 0.071875
0 0.47578125 0.83828125 0.06875 0.0671875
0 0.38359375 0.01875 0.0703125 0.0375
0 0.98984375 0.23671875 0.0203125 0.0671875
0 0.67421875 0.15625 0.071875 0.071875
0 0.85625 0.6515625 0.075 0.06875
0 0.3125 0.23984375 0.071875 0.071875
0 0.19609375 0.28203125 0.0734375 0.071875
0 0.871875 0.290625 0.071875 0.0703125
0 0.01875 0.8140625 0.0375 0.06875
0 0.32421875 0.12109375 0.0734375 0.0703125
0 0.1296875 0.071875 0.071875 0.071875
0 0.1140625 0.534375 0.0703125 0.06875
0 0.06953125 0.059375 0.0578125 0.06875
0 0.43046875 0.796875 0.0703125 0.0703125
0 0.4953125 0.6515625 0.075 0.0703125
0 0.14140625 0.8734375 0.071875 0.06875
0 0.55703125 0.53671875 0.0703125 0.06875
0 0.36640625 0.80546875 0.0671875 0.0671875
0 0.571875 0.76484375 0.071875 0.0671875
0 0.1546875 0.14453125 0.071875 0.0703125
0 0.20703125 0.87421875 0.0703125 0.071875
0 0.22734375 0.0296875 0.0734375 0.059375
0 0.9140625 0.15703125 0.0703125 0.06875
0 0.75546875 0.70625 0.0734375 0.071875
0 0.73515625 0.1359375 0.06875 0.0703125
0 0.10078125 0.01953125 0.0703125 0.0390625
0 0.25 0.23671875 0.0703125 0.071875
0 0.865625 0.10703125 0.0734375 0.071875
0 0.1453125 0.6625 0.071875 0.0703125
0 0.4453125 0.90859375 0.0703125 0.06875
0 0.1671875 0.753125 0.0734375 0.0703125
0 0.4796875 0.09375 0.071875 0.06875
0 0.5375 0.81796875 0.071875 0.0703125
0 0.5328125 0.2765625 0.0703125 0.06875
0 0.1765625 0.81484375 0.06875 0.0671875
0 0.12109375 0.19921875 0.0734375 0.0703125
0 0.6359375 0.87890625 0.0703125 0.06875
0 0.146875 0.32890625 0.0734375 0.0703125
0 0.43515625 0.0453125 0.0703125 0.06875
0 0.43671875 0.48828125 0.071875 0.0703125
0 0.53359375 0.59453125 0.0734375 0.0703125
0 0.88359375 0.05625 0.0671875 0.04375
0 0.11328125 0.81484375 0.0703125 0.0703125
0 0.815625 0.05859375 0.071875 0.0625
0 0.2578125 0.75390625 0.0734375 0.06875
0 0.69921875 0.98359375 0.0703125 0.0328125
0 0.2578125 0.31015625 0.0703125 0.071875
0 0.534375 0.7078125 0.0703125 0.06875
0 0.2078125 0.34765625 0.06875 0.06875
0 0.56875 0.65078125 0.071875 0.06875
0 0.68046875 0.5890625 0.071875 0.06875
0 0.21015625 0.446875 0.0703125 0.0703125
0 0.35234375 0.1828125 0.06875 0.06875
0 0.82578125 0.590625 0.0734375 0.0703125
0 0.08828125 0.1328125 0.06875 0.0703125
0 0.6078125 0.17734375 0.0703125 0.0703125
0 0.9796875 0.071875 0.040625 0.053125
0 0.72109375 0.3265625 0.075 0.071875
0 0.3609375 0.06484375 0.071875 0.0703125
0 0.52265625 0.47890625 0.075 0.0703125
0 0.39609375 0.74375 0.06875 0.06875
0 0.028125 0.91328125 0.05625 0.0703125
0 0.70546875 0.8765625 0.0703125 0.0671875
0 0.5421875 0.959375 0.0703125 0.06875
0 0.85234375 0.7703125 0.071875 0.0703125
0 0.8703125 0.53203125 0.0734375 0.0703125
0 0.771875 0.98828125 0.075 0.0234375
0 0.4609375 0.2890625 0.0734375 0.0703125
0 0.64609375 0.534375 0.0734375 0.0703125
0 0.5421875 0.20859375 0.06875 0.06875
0 0.73828125 0.9484375 0.071875 0.071875
0 0.64453125 0.7625 0.0703125 0.06875
0 0.04375 0.50625 0.0734375 0.0703125
0 0.79765625 0.11953125 0.0703125 0.06875
0 0.40703125 0.96328125 0.071875 0.065625
0 0.27109375 0.9375 0.0703125 0.0703125
0 0.67109375 0.93515625 0.0703125 0.06875
0 0.2109375 0.6421875 0.071875 0.0703125
0 0.85703125 0.90390625 0.0765625 0.071875
0 0.48359375 0.15859375 0.0703125 0.0703125
0 0.8234375 0.7078125 0.071875 0.0703125
0 0.81328125 0.95703125 0.071875 0.0703125
0 0.78203125 0.18828125 0.071875 0.06875
0 0.51171875 0.896875 0.06875 0.06875
0 0.55234375 0.14140625 0.0703125 0.0703125
0 0.328125 0.75078125 0.0703125 0.0703125
0 0.20859375 0.9421875 0.0671875 0.065625
0 0.253125 0.396875 0.0734375 0.0703125
0 0.12890625 0.2625 0.0703125 0.06875
0 0.9640625 0.1984375 0.0703125 0.06875
0 0.61015625 0.71171875 0.075 0.0703125
0 0.82890625 0.47890625 0.0734375 0.0703125
0 0.11171875 0.4625 0.0703125 0.071875
0 0.96796875 0.60625 0.053125 0.065625
0 0.47109375 0.9671875 0.0671875 0.065625
0 0.47265625 0.22421875 0.06875 0.06875
0 0.784375 0.64140625 0.06875 0.06875
0 0.18671875 0.209375 0.0703125 0.0703125
0 0.1609375 0.39296875 0.0734375 0.06875
0 0.84609375 0.17265625 0.06875 0.0703125
0 0.19453125 0.084375 0.0734375 0.0703125
0 0.82734375 0.240625 0.075 0.0703125
0 0.06015625 0.778125 0.0734375 0.0703125
0 0.4890625 0.53984375 0.071875 0.0703125
0 0.63125 0.97734375 0.071875 0.0453125
0 0.79375 0.53359375 0.071875 0.06875
0 0.08671875 0.90703125 0.065625 0.0703125
0 0.4078125 0.85625 0.071875 0.06875
0 0.6078125 0.82109375 0.0671875 0.06875
0 0.975 0.1375 0.05 0.065625
0 0.14140625 0.9359375 0.0671875 0.0640625
0 0.16484375 0.4984375 0.0703125 0.0703125
0 0.778125 0.890625 0.071875 0.06875
0 0.28203125 0.69609375 0.0703125 0.0671875
0 0.046875 0.44375 0.071875 0.071875
0 0.7859375 0.76640625 0.0703125 0.06875
0 0.50234375 0.0296875 0.0671875 0.059375
0 0.2875 0.17421875 0.071875 0.06875
0 0.93828125 0.5546875 0.071875 0.06875
0 0.89296875 0.59765625 0.0734375 0.0703125
0 0.29921875 0.634375 0.0703125 0.06875
0 0.6 0.9296875 0.071875 0.06875
0 0.61640625 0.11640625 0.0703125 0.06875
0 0.93359375 0.09140625 0.06875 0.06875
0 0.059375 0.84921875 0.0703125 0.0703125
1 0.8015625 0.3125 0.0703125 0.0625
0 0.746875 0.8234375 0.0703125 0.0703125
0 0.11328125 0.71640625 0.0703125 0.06875
1 0.29140625 0.5140625 0.06875 0.078125
0 0.70546875 0.03046875 0.0703125 0.0296875
0 0.5703125 0.8734375 0.0703125 0.0671875
1 0.66640625 0.41796875 0.078125 0.0671875
0 0.2375 0.8125 0.0671875 0.06875
1 0.3265625 0.571875 0.075 0.0609375
0 0.88984375 0.21796875 0.06875 0.06875
1 0.33984375 0.93828125 0.06875 0.078125
1 0.88203125 0.83984375 0.06875 0.0625
1 0.6859375 0.70546875 0.0671875 0.0609375
1 0.26953125 0.45625 0.0640625 0.06875
1 0.40625 0.55390625 0.065625 0.0703125
1 0.7109375 0.76328125 0.0671875 0.06875
1 0.07578125 0.65390625 0.0703125 0.0671875
1 0.6265625 0.053125 0.065625 0.0625
1 0.0515625 0.5734375 0.075 0.065625
1 0.40625 0.11796875 0.06875 0.071875
1 0.75546875 0.4703125 0.0671875 0.078125
1 0.63828125 0.6484375 0.071875 0.0625
1 0.165625 0.025 0.065625 0.05
1 0.4 0.42890625 0.0703125 0.08125
1 0.46875 0.42421875 0.071875 0.071875
1 0.071875 0.32109375 0.0703125 0.0703125
1 0.9140625 0.48203125 0.065625 0.0640625
1 0.340625 0.871875 0.065625 0.0609375
1 0.225 0.515625 0.071875 0.065625
1 0.3796875 0.25 0.06875 0.0625
1 0.6546875 0.23515625 0.06875 0.075
1 0.39296875 0.31875 0.065625 0.0828125
1 0.41328125 0.66015625 0.0703125 0.0625
1 0.6515625 0.30078125 0.0734375 0.0734375
1 0.875 0.43203125 0.0640625 0.0671875
1 0.7453125 0.58671875 0.0640625 0.0734375
1 0.6015625 0.59296875 0.06875 0.06875
1 0.6828125 0.08515625 0.071875 0.06875
1 0.08828125 0.38203125 0.0671875 0.0703125
0 0.453125 0.00703125 0.06875 0.0140625
1 0.03203125 0.378125 0.05 0.0625
1 0.58828125 0.3109375 0.06875 0.0640625
1 0.45 0.6 0.0796875 0.06875
1 0.4828125 0.3609375 0.10625 0.075
1 0.25078125 0.578125 0.06875 0.075
1 0.9625 0.43984375 0.0671875 0.0609375
1 0.9234375 0.390625 0.0671875 0.0640625
1 0.175 0.571875 0.0703125 0.0734375
1 0.59296875 0.25234375 0.0546875 0.0609375
1 0.85390625 0.3671875 0.0640625 0.071875
1 0.034375 0.7078125 0.06875 0.075
0 0.0484375 0.11484375 0.028125 0.0671875
1 0.37109375 0.61875 0.0625 0.0734375
1 0.29921875 0.03515625 0.071875 0.0671875
1 0.48984375 0.7671875 0.065625 0.0765625
1 0.71328125 0.225 0.065625 0.0640625
1 0.75625 0.26640625 0.0625 0.0671875
1 0.1171875 0.60234375 0.0671875 0.0703125
1 0.02578125 0.6328125 0.0515625 0.071875
1 0.325 0.43828125 0.0625 0.06875
1 0.740625 0.071875 0.0703125 0.065625
1 0.3328125 0.30546875 0.071875 0.0625
1 0.45390625 0.71015625 0.0640625 0.0671875
1 0.98046875 0.3828125 0.0390625 0.071875
1 0.8921875 0.7125 0.0546875 0.0578125
1 0.54921875 0.0796875 0.05625 0.0625
1 0.60078125 0.478125 0.0703125 0.0765625
1 0.26328125 0.08828125 0.06875 0.0734375
0 0.51640625 0.98984375 0.0703125 0.0203125
1 0.71953125 0.5234375 0.0703125 0.0578125
1 0.81015625 0.41640625 0.0703125 0.0609375
1 0.775 0.3671875 0.071875 0.075
1 0.9765625 0.5015625 0.046875 0.06875
1 0.709375 0.64296875 0.071875 0.0609375
1 0.95703125 0.728125 0.05 0.0671875
1 0.97734375 0.30703125 0.0453125 0.0609375
1 0.92890625 0.79375 0.071875 0.0703125
1 0.328125 0.36796875 0.0671875 0.0734375
1 0.67890625 0.47734375 0.065625 0.065625
1 0.8109375 0.8359375 0.0640625 0.0671875
1 0.0046875 0.671875 0.009375 0.053125
1 0.353125 0.68515625 0.0578125 0.0578125
1 0.92890625 0.33203125 0.065625 0.0640625
0 0.77421875 0.03125 0.0671875 0.0171875
1 0.9265625 0.659375 0.065625 0.059375
0 0.0515625 0.9484375 0.065625 0.0203125
1 0.009375 0.56953125 0.01875 0.0578125
1 0.20703125 0.69921875 0.0640625 0.05625
1 0.028125 0.31875 0.0296875 0.0671875
1 0.5859375 0.38125 0.090625 0.0890625
0 0.303125 0.97578125 0.065625 0.01875
0 0.99765625 0.4421875 0.0046875 0.059375