1 0.71875 0.94375 0.1984375 0.0984375
1 0.78984375 0.85390625 0.1953125 0.2078125
1 0.8515625 0.67734375 0.2171875 0.2109375
1 0.915625 0.52734375 0.16875 0.1890625
1 0.95 0.3796875 0.0984375 0.1921875
1 0.92421875 0.0765625 0.1046875 0.153125
1 0.88359375 0.225 0.1921875 0.2
1 0.81875 0.36875 0.1984375 0.1875
1 0.7390625 0.5375 0.209375 0.2015625
1 0.68125 0.69375 0.1828125 0.184375
1 0.61328125 0.853125 0.2046875 0.190625
1 0.428125 0.8734375 0.2046875 0.20625
1 0.50390625 0.71640625 0.209375 0.1921875
1 0.57578125 0.5640625 0.20625 0.2171875
1 0.6375 0.3828125 0.203125 0.203125
1 0.7171875 0.2265625 0.2046875 0.2109375
1 0.77734375 0.07890625 0.2015625 0.1578125
1 0.6015625 0.10546875 0.1984375 0.2015625
1 0.53203125 0.25546875 0.190625 0.1953125
1 0.45703125 0.44453125 0.1921875 0.1859375
1 0.38671875 0.60234375 0.19375 0.1921875
1 0.30390625 0.73515625 0.2015625 0.196875
1 0.25 0.8984375 0.19375 0.203125
1 0.09609375 0.90703125 0.15 0.184375
1 0.13828125 0.75390625 0.1859375 0.2109375
1 0.20859375 0.575 0.1859375 0.2140625
1 0.0640625 0.59609375 0.128125 0.1921875
1 0.09140625 0.41875 0.1828125 0.1875
1 0.2859375 0.434375 0.1890625 0.1828125
1 0.3625 0.28984375 0.1828125 0.1953125
1 0.178125 0.28828125 0.19375 0.1859375
1 0.0921875 0.140625 0.184375 0.19375
1 0.2578125 0.1421875 0.18125 0.1984375
1 0.42109375 0.13046875 0.190625 0.203125