0 0.0359375 0.3078125 0.0671875 0.065625
0 0.03125 0.93359375 0.0484375 0.0671875
0 0.37890625 0.2015625 0.0640625 0.065625
0 0.3640625 0.51640625 0.06875 0.065625
0 0.021875 0.24296875 0.04375 0.0640625
0 0.509375 0.02109375 0.065625 0.0421875
0 0.3390625 0.83203125 0.0671875 0.0640625
0 0.9078125 0.20546875 0.0671875 0.0640625
0 0.31796875 0.89609375 0.0671875 0.0640625
0 0.1765625 0.19296875 0.06875 0.0671875
0 0.71328125 0.79921875 0.06875 0.065625
0 0.5171875 0.8390625 0.0640625 0.0625
0 0.325 0.028125 0.065625 0.05
0 0.97109375 0.1765625 0.0484375 0.0640625
0 0.63125 0.1375 0.065625 0.065625
0 0.871875 0.60703125 0.0703125 0.0640625
0 0.2828125 0.26484375 0.0671875 0.0671875
0 0.171875 0.3203125 0.0671875 0.065625
0 0.84296875 0.246875 0.065625 0.0640625
0 0.04375 0.871875 0.065625 0.0640625
0 0.2796875 0.1453125 0.0671875 0.065625
0 0.0796875 0.1203125 0.0671875 0.065625
0 0.12109375 0.58046875 0.065625 0.0640625
0 0.02265625 0.115625 0.0453125 0.065625
0 0.4671875 0.803125 0.065625 0.0640625
0 0.51328125 0.6515625 0.06875 0.065625
0 0.1890625 0.9140625 0.0671875 0.0625
0 0.5609375 0.5296875 0.065625 0.0625
0 0.4046875 0.81953125 0.0625 0.0625
0 0.60390625 0.7546875 0.0671875 0.0609375
0 0.1140625 0.18984375 0.065625 0.065625
0 0.2546875 0.9078125 0.0640625 0.065625
0 0.17109375 0.06171875 0.0671875 0.065625
0 0.86875 0.109375 0.065625 0.0640625
0 0.77890625 0.6734375 0.0671875 0.0671875
0 0.6890625 0.11015625 0.0640625 0.065625
0 0.04375 0.05703125 0.065625 0.0625
0 0.21953125 0.26875 0.065625 0.065625
0 0.81484375 0.065625 0.06875 0.065625
0 0.1671875 0.70390625 0.0671875 0.0640625
0 0.4953125 0.91171875 0.065625 0.0625
0 0.2 0.7921875 0.0671875 0.065625
0 0.43046875 0.09921875 0.0671875 0.0640625
0 0.57578125 0.8109375 0.065625 0.065625
0 0.50546875 0.27421875 0.065625 0.0640625
0 0.2171875 0.8515625 0.0640625 0.0625
0 0.08671875 0.24765625 0.06875 0.0640625
0 0.68125 0.859375 0.065625 0.0640625
0 0.12890625 0.37265625 0.0671875 0.065625
0 0.38046875 0.05703125 0.065625 0.0625
0 0.4359375 0.49609375 0.065625 0.065625
0 0.54453125 0.58984375 0.06875 0.0640625
0 0.82578125 0.01640625 0.0640625 0.0328125
0 0.1546875 0.86015625 0.065625 0.0640625
0 0.759375 0.02578125 0.06875 0.0515625
0 0.290625 0.78203125 0.06875 0.0640625
0 0.759375 0.96875 0.0671875 0.053125
0 0.2359375 0.34140625 0.065625 0.065625
0 0.56015625 0.70234375 0.065625 0.0625
0 0.19140625 0.384375 0.0640625 0.0625
0 0.58671875 0.64140625 0.0671875 0.0640625
0 0.690625 0.56640625 0.0671875 0.0625
0 0.20625 0.4828125 0.065625 0.065625
0 0.31484375 0.203125 0.0640625 0.0640625
0 0.834375 0.55078125 0.0671875 0.065625
0 0.046875 0.1859375 0.0625 0.065625
0 0.56796875 0.16640625 0.065625 0.065625
0 0.93671875 0.01953125 0.0640625 0.0390625
0 0.6984375 0.3015625 0.0703125 0.065625
0 0.309375 0.08515625 0.0671875 0.0640625
0 0.51953125 0.4765625 0.06875 0.065625
0 0.4265625 0.7546875 0.0625 0.0640625
0 0.075 0.96796875 0.065625 0.0640625
0 0.02109375 0.82265625 0.0328125 0.0609375
0 0.75 0.8484375 0.065625 0.0609375
0 0.59765625 0.95078125 0.065625 0.0640625
0 0.8828125 0.725 0.065625 0.065625
0 0.871875 0.48671875 0.06875 0.065625
0 0.8328125 0.96953125 0.071875 0.0515625
0 0.43515625 0.2953125 0.06875 0.065625
0 0.64921875 0.51640625 0.06875 0.065625
0 0.50625 0.20546875 0.0640625 0.0640625
0 0.790625 0.91640625 0.0671875 0.065625
0 0.675 0.74296875 0.065625 0.0625
0 0.04765625 0.56171875 0.06875 0.0640625
0 0.74921875 0.0859375 0.065625 0.0625
0 0.46484375 0.9703125 0.0671875 0.059375
0 0.32578125 0.9625 0.065625 0.065625
0 0.72265625 0.9109375 0.065625 0.0640625
0 0.23046875 0.6765625 0.0671875 0.065625
0 0.903125 0.85703125 0.0703125 0.0671875
0 0.44140625 0.16328125 0.065625 0.0640625
0 0.846875 0.66640625 0.0671875 0.0640625
0 0.86640625 0.915625 0.065625 0.065625
0 0.74140625 0.15625 0.0671875 0.0640625
0 0.56015625 0.89296875 0.0640625 0.0640625
0 0.50859375 0.1375 0.065625 0.0640625
0 0.36015625 0.76953125 0.065625 0.0640625
0 0.2640625 0.971875 0.0625 0.05625
0 0.2421875 0.428125 0.0671875 0.0640625
0 0.103125 0.309375 0.065625 0.0640625
0 0.9234375 0.14375 0.065625 0.0625
0 0.63515625 0.696875 0.06875 0.065625
0 0.82421875 0.4390625 0.0671875 0.065625
0 0.11015625 0.51015625 0.0640625 0.065625
0 0.9765625 0.5484375 0.046875 0.0625
0 0.52890625 0.96796875 0.0625 0.0625
0 0.4390625 0.2296875 0.0640625 0.0625
0 0.79921875 0.60546875 0.0640625 0.0640625
0 0.153125 0.25 0.0640625 0.0640625
0 0.15 0.43515625 0.06875 0.0640625
0 0.80390625 0.1328125 0.0625 0.065625
0 0.009375 0.0328125 0.01875 0.05
0 0.146875 0.125 0.06875 0.065625
0 0.79296875 0.20234375 0.06875 0.065625
0 0.096875 0.8296875 0.06875 0.065625
0 0.49375 0.540625 0.0671875 0.065625
0 0.6890625 0.96796875 0.0671875 0.0578125
0 0.7953125 0.49765625 0.0671875 0.0640625
0 0.1390625 0.95390625 0.0609375 0.065625
0 0.4515625 0.86484375 0.0671875 0.0640625
0 0.64609375 0.80546875 0.0609375 0.0640625
0 0.203125 0.01875 0.0671875 0.028125
0 0.93671875 0.08203125 0.0640625 0.0609375
0 0.196875 0.9734375 0.0625 0.053125
0 0.1671875 0.5390625 0.0640625 0.065625
0 0.8234375 0.85390625 0.0671875 0.0640625
0 0.3078125 0.72109375 0.065625 0.0625
0 0.04375 0.49921875 0.065625 0.065625
0 0.81640625 0.7296875 0.065625 0.0640625
0 0.4453125 0.03046875 0.0625 0.059375
0 0.24921875 0.203125 0.0671875 0.0640625
0 0.94140625 0.50078125 0.0671875 0.0640625
0 0.9015625 0.54921875 0.0671875 0.065625
0 0.31640625 0.6578125 0.065625 0.0640625
0 0.6515625 0.91484375 0.0671875 0.0625
0 0.56875 0.1046875 0.065625 0.0625
0 0.88046875 0.04140625 0.0625 0.0640625
0 0.10546875 0.9 0.065625 0.0640625
1 0.7765625 0.27734375 0.065625 0.05625
0 0.78515625 0.79140625 0.0640625 0.065625
0 0.14296875 0.76171875 0.065625 0.0625
1 0.29453125 0.53984375 0.0625 0.0734375
0 0.646875 0.01015625 0.06875 0.0203125
0 0.61484375 0.8625 0.065625 0.0625
1 0.65546875 0.3984375 0.0734375 0.0609375
0 0.278125 0.8421875 0.0625 0.0640625
0 0.2640625 0.01328125 0.059375 0.0203125
0 0.978125 0.040625 0.028125 0.0640625
1 0.33671875 0.59296875 0.071875 0.0546875
0 0.853125 0.17265625 0.0640625 0.0640625
1 0.39453125 0.95390625 0.0625 0.0734375
1 0.92109375 0.790625 0.065625 0.05625
1 0.709375 0.68125 0.0640625 0.05625
1 0.26640625 0.484375 0.059375 0.0640625
1 0.41328125 0.56484375 0.0609375 0.065625
1 0.74140625 0.7359375 0.0625 0.0640625
1 0.09765625 0.7046875 0.065625 0.0625
1 0.57109375 0.040625 0.0609375 0.0578125
1 0.0640625 0.62734375 0.0703125 0.059375
1 0.3609375 0.13203125 0.0625 0.0671875
1 0.75 0.4390625 0.0609375 0.0734375
1 0.65546875 0.63046875 0.0671875 0.0578125
1 0.11015625 0.06171875 0.0609375 0.0609375
1 0.3921875 0.44140625 0.0640625 0.0765625
1 0.459375 0.42890625 0.0671875 0.065625
1 0.053125 0.375 0.065625 0.065625
1 0.909375 0.43203125 0.0609375 0.059375
1 0.3875 0.8890625 0.0609375 0.05625
1 0.22890625 0.54921875 0.0671875 0.0609375
0 0.0671875 0.01796875 0.0671875 0.021875
1 0.35 0.26640625 0.0640625 0.0578125
1 0.62109375 0.21796875 0.0640625 0.0703125
1 0.371875 0.33359375 0.059375 0.078125
1 0.43359375 0.66953125 0.065625 0.0578125
1 0.62578125 0.28359375 0.06875 0.0671875
1 0.8640625 0.38671875 0.059375 0.0625
1 0.75390625 0.55625 0.0578125 0.06875
1 0.6125 0.58046875 0.0625 0.0640625
1 0.63046875 0.065625 0.0671875 0.0640625
1 0.0765625 0.4328125 0.0609375 0.065625
0 0.39375 0.0109375 0.06875 0.01875
1 0.02109375 0.43515625 0.0421875 0.0578125
1 0.56484375 0.30234375 0.0640625 0.059375
1 0.4625 0.60546875 0.075 0.0625
1 0.465625 0.3640625 0.1015625 0.0671875
1 0.26171875 0.6078125 0.0625 0.0703125
1 0.95234375 0.384375 0.0625 0.05625
1 0.90625 0.33984375 0.0625 0.059375
1 0.1859375 0.6109375 0.065625 0.0671875
1 0.56171875 0.24296875 0.05 0.05625
1 0.83515625 0.325 0.059375 0.0671875
1 0.13203125 0.0203125 0.0625 0.0296875
1 0.0625 0.7640625 0.065625 0.0703125
0 0.00859375 0.171875 0.0171875 0.065625
1 0.38671875 0.63359375 0.05625 0.06875
1 0.24375 0.06328125 0.0671875 0.0625
1 0.52265625 0.76640625 0.059375 0.071875
1 0.678125 0.20078125 0.0609375 0.059375
1 0.72578125 0.23671875 0.0578125 0.0625
1 0.13203125 0.6484375 0.0609375 0.065625
1 0.03984375 0.690625 0.0578125 0.0671875
1 0.31875 0.46015625 0.0578125 0.0640625
1 0.68671875 0.04609375 0.065625 0.059375
1 0.31015625 0.32734375 0.0671875 0.0578125
1 0.4796875 0.7140625 0.059375 0.0625
1 0.971875 0.32421875 0.0515625 0.0671875
1 0.915625 0.66328125 0.0515625 0.0546875
1 0.49765625 0.0765625 0.0515625 0.059375
1 0.596875 0.46640625 0.065625 0.0703125
1 0.21484375 0.1203125 0.0640625 0.06875
0 0.57734375 0.98828125 0.06875 0.021875
1 0.72109375 0.49609375 0.0671875 0.053125
1 0.79765625 0.37890625 0.0671875 0.0546875
1 0.75625 0.334375 0.0671875 0.06875
1 0.9765625 0.44375 0.046875 0.0640625
1 0.72578125 0.61640625 0.06875 0.0546875
1 0.97890625 0.66953125 0.0421875 0.0640625
1 0.95703125 0.25 0.0546875 0.05625
1 0.9609375 0.73984375 0.0671875 0.0640625
1 0.3140625 0.38984375 0.0625 0.06875
1 0.675 0.45546875 0.0609375 0.0609375
1 0.85 0.7953125 0.059375 0.0625
1 0.01796875 0.7328125 0.0296875 0.0515625
1 0.3765625 0.7015625 0.053125 0.0546875
1 0.90546875 0.28125 0.0609375 0.059375
0 0.71484375 0.00390625 0.0671875 0.0078125
1 0.9421875 0.60625 0.0625 0.0546875
0 0.10859375 0.99609375 0.0640625 0.0078125
1 0.015625 0.63046875 0.0265625 0.05625
1 0.23359375 0.73359375 0.059375 0.0515625
0 0.0171875 0.98359375 0.01875 0.0328125
1 0.0109375 0.3765625 0.021875 0.065625
1 0.5703125 0.37109375 0.0828125 0.0828125
0 0.36171875 0.99453125 0.0640625 0.0109375
1 0.9796875 0.12109375 0.0296875 0.05625
0 0.9921875 0.38203125 0.0109375 0.059375