1 0.746875 0.184375 0.20625 0.209375
1 0.928125 0.4578125 0.14375 0.196875
1 0.81015625 0.49296875 0.2109375 0.2078125
1 0.44140625 0.140625 0.25 0.2203125
1 0.584375 0.09765625 0.196875 0.1953125
1 0.590625 0.2671875 0.2359375 0.221875
1 0.8671875 0.15546875 0.16875 0.190625
1 0.67421875 0.37890625 0.225 0.21875
1 0.759375 0.06484375 0.259375 0.1296875
1 0.84375 0.30546875 0.23125 0.20625
1 0.90703125 0.621875 0.1859375 0.20625
1 0.97578125 0.7484375 0.0484375 0.1875
1 0.87109375 0.04140625 0.0953125 0.0828125
1 0.47109375 0.0328125 0.2015625 0.065625
1 0.32109375 0.05625 0.1921875 0.0953125
1 0.94921875 0.29296875 0.071875 0.190625