0 0.440625 0.9234375 0.0546875 0.0546875
0 0.6109375 0.86875 0.053125 0.0546875
0 0.2234375 0.98125 0.053125 0.0375
0 0.17890625 0.98671875 0.0546875 0.0265625
0 0.359375 0.94609375 0.053125 0.0546875
0 0.91015625 0.775 0.0515625 0.053125
0 0.1390625 0.99296875 0.046875 0.0140625
0 0.39921875 0.93671875 0.053125 0.0546875
0 0.86796875 0.78984375 0.053125 0.0546875
0 0.6546875 0.8578125 0.053125 0.0546875
0 0.2671875 0.97421875 0.053125 0.0515625
0 0.64765625 0.90390625 0.0515625 0.0515625
0 0.38984375 0.97734375 0.0515625 0.0453125
0 0.48515625 0.90546875 0.0546875 0.0546875
0 0.43203125 0.96875 0.05 0.0515625
0 0.815625 0.84765625 0.0515625 0.0515625
0 0.5140625 0.94296875 0.0515625 0.0515625
0 0.82421875 0.80546875 0.0546875 0.0546875
0 0.70078125 0.840625 0.0578125 0.05625
0 0.5046875 0.97734375 0.053125 0.0453125
0 0.68515625 0.88671875 0.0515625 0.0515625
0 0.80703125 0.8875 0.053125 0.0515625
0 0.4703125 0.95546875 0.0515625 0.0515625
0 0.77421875 0.8625 0.0515625 0.05
0 0.76640625 0.90390625 0.053125 0.0515625
0 0.6046875 0.9125 0.05 0.05
0 0.30078125 0.9921875 0.0515625 0.015625
0 0.59375 0.95 0.0515625 0.05
0 0.75234375 0.8046875 0.0546875 0.05625
0 0.55078125 0.96484375 0.0515625 0.0515625
0 0.540625 0.8640625 0.05625 0.0578125
0 0.93671875 0.84921875 0.0515625 0.0515625
0 0.98125 0.7921875 0.0375 0.05
0 0.4203125 0.9921875 0.053125 0.015625
0 0.99296875 0.8625 0.0140625 0.04375
0 0.7296875 0.87734375 0.053125 0.0515625
0 0.9453125 0.8109375 0.05 0.0515625
0 0.89375 0.8703125 0.0515625 0.0515625
0 0.925 0.890625 0.05 0.0359375
0 0.96953125 0.87421875 0.05 0.04375
0 0.72109375 0.91796875 0.053125 0.053125
0 0.75390625 0.93828125 0.0484375 0.03125
0 0.34453125 0.9859375 0.0515625 0.028125
0 0.57578125 0.884375 0.0484375 0.0515625
0 0.31328125 0.94375 0.0515625 0.0546875
0 0.8546875 0.83671875 0.05 0.0484375
0 0.79609375 0.92578125 0.046875 0.034375
0 0.90625 0.81796875 0.053125 0.0515625
0 0.6796875 0.928125 0.0515625 0.0515625
0 0.9765625 0.83359375 0.046875 0.0515625
0 0.46328125 0.98515625 0.0484375 0.0296875
0 0.56171875 0.925 0.0515625 0.0484375
0 0.540625 0.9890625 0.046875 0.021875
0 0.6390625 0.94375 0.0484375 0.0484375
0 0.98984375 0.74296875 0.0203125 0.0546875
0 0.78828125 0.8140625 0.0484375 0.053125
0 0.58125 0.984375 0.046875 0.03125
0 0.62890625 0.9703125 0.0484375 0.0359375
0 0.85234375 0.87265625 0.0484375 0.05
0 0.84453125 0.90859375 0.05 0.0421875
0 0.7078125 0.953125 0.0421875 0.0265625
0 0.11953125 0.9859375 0.0203125 0.028125
0 0.88359375 0.9046875 0.0390625 0.028125
0 0.96484375 0.73671875 0.053125 0.05625
0 0.67265625 0.959375 0.0453125 0.0328125