0 0.81953125 0.5890625 0.06015625 0.059375
0 0.01796875 0.8421875 0.0359375 0.059375
0 0.84375 0.52734375 0.06015625 0.06171875
0 0.74609375 0.86953125 0.0609375 0.059375
0 0.66015625 0.93671875 0.06015625 0.0609375
0 0.81484375 0.46875 0.059375 0.05703125
0 0.9859375 0.8375 0.028125 0.059375
0 0.97578125 0.509375 0.04765625 0.06171875
0 0.18203125 0.18984375 0.0609375 0.059375
0 0.5390625 0.7734375 0.0625 0.059375
0 0.79140625 0.64375 0.059375 0.05546875
0 0.909375 0.90390625 0.059375 0.05859375
0 0.97578125 0.62109375 0.04765625 0.0578125
0 0.025 0.51953125 0.05 0.0578125
0 0.88984375 0.690625 0.059375 0.0578125
0 0.59453125 0.9375 0.0640625 0.06171875
0 0.56796875 0.71953125 0.06171875 0.059375
0 0.97421875 0.39765625 0.0515625 0.06015625
0 0.88203125 0.58046875 0.059375 0.0578125
0 0.59140625 0.4421875 0.06171875 0.05859375
0 0.878125 0.46484375 0.0609375 0.05859375
0 0.36953125 0.62578125 0.0609375 0.059375
0 0.846875 0.9140625 0.059375 0.05625
0 0.78359375 0.18515625 0.06015625 0.05703125
0 0.49609375 0.50625 0.0625 0.06171875
0 0.81328125 0.865625 0.06015625 0.0578125
0 0.9515625 0.68125 0.059375 0.0578125
0 0.9734375 0.8921875 0.053125 0.0609375
0 0.30390625 0.3078125 0.05859375 0.05625
0 0.90078125 0.7984375 0.0609375 0.06171875
0 0.9796875 0.73125 0.03984375 0.06171875
0 0.59921875 0.65546875 0.059375 0.05625
0 0.72109375 0.54375 0.0578125 0.05859375
0 0.39765625 0.5703125 0.06328125 0.0578125
0 0.49453125 0.39453125 0.059375 0.05625
0 0.46015625 0.33671875 0.0609375 0.0578125
0 0.92734375 0.73984375 0.06015625 0.05625
0 0.0203125 0.3203125 0.03984375 0.06171875
0 0.7484375 0.4828125 0.059375 0.05859375
0 0.87890625 0.03671875 0.05859375 0.05625
0 0.02109375 0.38828125 0.0421875 0.06015625
0 0.69609375 0.978125 0.0609375 0.04375
0 0.50078125 0.6109375 0.0625 0.0609375
0 0.39375 0.84140625 0.06171875 0.0625
0 0.83671875 0.8015625 0.06015625 0.059375
0 0.90859375 0.3015625 0.06171875 0.05703125
0 0.553125 0.046875 0.06171875 0.05859375
0 0.49921875 0.98203125 0.0609375 0.0359375
0 0.6859375 0.1390625 0.06171875 0.05703125
0 0.30078125 0.91015625 0.0609375 0.06015625
0 0.01796875 0.67890625 0.0359375 0.05859375
0 0.8453125 0.29921875 0.06015625 0.0578125
0 0.46796875 0.94296875 0.0625 0.059375
0 0.82734375 0.69140625 0.05859375 0.05625
0 0.46796875 0.66640625 0.0625 0.06171875
0 0.653125 0.3203125 0.059375 0.059375
0 0.7203125 0.92734375 0.0609375 0.06015625
0 0.6203125 0.1515625 0.0640625 0.06171875
0 0.43671875 0.9859375 0.0609375 0.028125
0 0.715625 0.42890625 0.0609375 0.05703125
0 0.4578125 0.8421875 0.06328125 0.0625
0 0.06796875 0.67578125 0.06171875 0.06015625
0 0.9734375 0.078125 0.053125 0.059375
0 0.878125 0.35 0.06015625 0.05859375
0 0.9171875 0.62734375 0.059375 0.059375
0 0.0671875 0.08125 0.05859375 0.05546875
0 0.33359375 0.575 0.0609375 0.06015625
0 0.49296875 0.89375 0.0625 0.05859375
0 0.40546875 0.675 0.0609375 0.06015625
0 0.62890625 0.60546875 0.059375 0.05625
0 0.3671875 0.52265625 0.0625 0.0640625
0 0.2125 0.96171875 0.06171875 0.059375
0 0.0171875 0.12578125 0.034375 0.0578125
0 0.8546875 0.63671875 0.059375 0.05859375
0 0.4359375 0.61875 0.0609375 0.05859375
0 0.96953125 0.29765625 0.05859375 0.0609375
0 0.71953125 0.08828125 0.0625 0.05859375
0 0.3671875 0.73046875 0.06171875 0.05703125
0 0.43359375 0.509375 0.05859375 0.05703125
0 0.28125 0.79375 0.06171875 0.05859375
0 0.596875 0.55625 0.06015625 0.0546875
0 0.65625 0.434375 0.05859375 0.0578125
0 0.35625 0.17734375 0.06171875 0.06171875
0 0.40546875 0.9546875 0.0609375 0.05625
0 0.68671875 0.87578125 0.06015625 0.059375
0 0.625 0.49453125 0.05859375 0.05703125
0 0.6234375 0.2625 0.0625 0.059375
0 0.1421875 0.971875 0.06171875 0.05546875
0 0.26171875 0.4734375 0.0609375 0.06171875
0 0.6515625 0.82109375 0.06015625 0.06015625
0 0.0375 0.79296875 0.06015625 0.059375
0 0.65859375 0.54921875 0.0578125 0.05703125
0 0.753125 0.59296875 0.05859375 0.05859375
0 0.5640625 0.98203125 0.0625 0.0359375
0 0.63125 0.978125 0.06171875 0.04296875
0 0.2390625 0.2265625 0.05859375 0.0578125
0 0.5296875 0.93984375 0.06015625 0.05859375
0 0.84609375 0.08046875 0.06015625 0.05625
0 0.71328125 0.81484375 0.059375 0.059375
0 0.559375 0.49921875 0.06015625 0.05859375
0 0.4921875 0.284375 0.06171875 0.0578125
0 0.81484375 0.13359375 0.0609375 0.05625
0 0.9140625 0.0796875 0.06171875 0.05546875
0 0.765625 0.6984375 0.059375 0.0609375
0 0.87578125 0.853125 0.059375 0.059375
0 0.8859375 0.9609375 0.06015625 0.06171875
0 0.84375 0.41015625 0.0609375 0.06015625
0 0.13046875 0.665625 0.06171875 0.06015625
0 0.24453125 0.28671875 0.0609375 0.05703125
0 0.878125 0.14375 0.06171875 0.0546875
0 0.56328125 0.609375 0.06015625 0.05625
0 0.4296875 0.8984375 0.06171875 0.06015625
0 0.62265625 0.38203125 0.0609375 0.05859375
0 0.825 0.9703125 0.059375 0.05703125
0 0.91015625 0.00859375 0.06171875 0.0171875
0 0.0328125 0.73203125 0.0609375 0.05546875
0 0.01796875 0.059375 0.0359375 0.0625
0 0.84609375 0.18515625 0.06328125 0.06015625
0 0.303125 0.621875 0.0609375 0.0609375
0 0.71640625 0.19375 0.06328125 0.06171875
0 0.74921875 0.24921875 0.059375 0.059375
0 0.13125 0.34921875 0.06015625 0.05703125
0 0.8171875 0.35625 0.06015625 0.05625
0 0.68984375 0.253125 0.0609375 0.05703125
0 0.58828125 0.81640625 0.059375 0.059375
0 0.9375 0.3484375 0.06171875 0.059375
0 0.94921875 0.56953125 0.06015625 0.05703125
0 0.90859375 0.40625 0.06171875 0.06015625
0 0.7796875 0.415625 0.06015625 0.05859375
0 0.303125 0.51796875 0.06015625 0.05546875
0 0.78203125 0.53828125 0.059375 0.05703125
0 0.52734375 0.10078125 0.0625 0.05546875
0 0.40703125 0.77578125 0.06171875 0.0609375
0 0.94296875 0.13046875 0.0609375 0.05859375
0 0.50234375 0.715625 0.06171875 0.0625
0 0.01875 0.2546875 0.0375 0.06015625
0 0.13046875 0.1015625 0.059375 0.05625
0 0.39765625 0.45703125 0.06171875 0.05703125
0 0.165625 0.92734375 0.06328125 0.06015625
0 0.4625 0.45234375 0.06328125 0.0609375
0 0.8 0.75 0.059375 0.05703125
0 0.94375 0.0328125 0.0625 0.05546875
0 0.68984375 0.484375 0.0578125 0.05859375
0 0.33359375 0.84296875 0.0609375 0.0578125
0 0.23515625 0.74296875 0.0609375 0.05625
0 0.38828125 0.23671875 0.06328125 0.059375
0 0.36640625 0.28828125 0.05859375 0.06015625
0 0.30078125 0.7296875 0.0625 0.0609375
0 0.94765625 0.9546875 0.0609375 0.0578125
0 0.27109375 0.5640625 0.0609375 0.05859375
0 0.08984375 0.93671875 0.06015625 0.05703125
0 0.4546875 0.10546875 0.0625 0.0609375
0 0.4703125 0.7765625 0.0625 0.06015625
0 0.26484375 0.8515625 0.06171875 0.0578125
0 0.46640625 0.5578125 0.06015625 0.05703125
0 0.53515625 0.66015625 0.0609375 0.05703125
0 0.52265625 0.83359375 0.0640625 0.059375
0 0.65625 0.19609375 0.0625 0.0609375
0 0.5265625 0.45078125 0.059375 0.05859375
0 0.14140625 0.83828125 0.065625 0.0609375
0 0.19375 0.3765625 0.0609375 0.05859375
0 0.3296875 0.45625 0.06171875 0.0609375
0 0.62265625 0.87734375 0.059375 0.059375
0 0.96484375 0.7890625 0.05859375 0.05546875
0 0.69140625 0.6 0.05859375 0.05625
0 0.61015625 0.76171875 0.059375 0.05546875
0 0.69921875 0.7015625 0.059375 0.0578125
0 0.33515625 0.6796875 0.0625 0.05859375
0 0.878125 0.2421875 0.06015625 0.0578125
0 0.93671875 0.8484375 0.06171875 0.05859375
0 0.5828125 0.01015625 0.0640625 0.01953125
0 0.1 0.7890625 0.0625 0.06015625
0 0.11796875 0.8859375 0.0625 0.06015625
0 0.6375 0.70625 0.06015625 0.06015625
0 0.51640625 0.015625 0.065625 0.03046875
0 0.7515625 0.13203125 0.0609375 0.0546875
0 0.34140625 0.96171875 0.0609375 0.06015625
0 0.97265625 0.1921875 0.0546875 0.0625
0 0.396875 0.340625 0.06171875 0.05703125
0 0.078125 0.84140625 0.06171875 0.05703125
0 0.28046875 0.96171875 0.0625 0.0609375
0 0.0703125 0.271875 0.0609375 0.0578125
0 0.4421875 0.7234375 0.059375 0.05703125
0 0.01953125 0.1890625 0.0390625 0.06015625
0 0.2203125 0.8046875 0.0609375 0.05859375
0 0.240625 0.9125 0.05859375 0.06171875
0 0.078125 0.9859375 0.06328125 0.02734375
0 0.76015625 0.97421875 0.0609375 0.0515625
0 0.4296875 0.284375 0.0625 0.05859375
0 0.08046875 0.4640625 0.0609375 0.0578125
0 0.7859375 0.925 0.06015625 0.059375
0 0.175 0.7078125 0.06328125 0.06171875
0 0.53359375 0.55625 0.0609375 0.0578125
0 0.675 0.7640625 0.06015625 0.0609375
0 0.421875 0.17734375 0.06484375 0.06328125
0 0.5921875 0.20859375 0.06171875 0.0609375
0 0.94375 0.4546875 0.06015625 0.05859375
0 0.25390625 0.6875 0.0609375 0.059375
0 0.18515625 0.25 0.053125 0.053125
0 0.61953125 0.034375 0.0609375 0.0515625
0 0.2015625 0.571875 0.0609375 0.05859375
0 0.7734375 0.81171875 0.059375 0.05859375
0 0.36171875 0.90625 0.06015625 0.05703125
0 0.15859375 0.61015625 0.0640625 0.05703125
0 0.0875 0.6203125 0.06328125 0.05625
0 0.5578125 0.27578125 0.0640625 0.059375
0 0.3140625 0.08046875 0.0625 0.0578125
0 0.8125 0.25 0.0609375 0.05859375
0 0.7125 0.31484375 0.0625 0.06015625
0 0.73671875 0.753125 0.05859375 0.0578125
0 0.115625 0.56953125 0.06015625 0.05703125
0 0.66640625 0.653125 0.059375 0.05546875
0 0.4578125 0.23046875 0.06328125 0.05546875
0 0.36484375 0.40078125 0.0609375 0.059375
0 0.446875 0.01015625 0.0625 0.0203125
0 0.940625 0.2453125 0.0609375 0.05546875
0 0.41796875 0.05 0.06484375 0.06015625
0 0.07109375 0.2078125 0.06015625 0.06015625
0 0.24296875 0.615625 0.06171875 0.06015625
0 0.75 0.36171875 0.06015625 0.06015625
0 0.5578125 0.38671875 0.0625 0.06171875
0 0.34296875 0.78203125 0.0609375 0.0578125
0 0.9125 0.1875 0.0609375 0.06015625
0 0.03046875 0.96171875 0.0578125 0.06015625
0 0.75 0.02734375 0.0609375 0.0546875
0 0.0453125 0.575 0.06640625 0.06015625
0 0.43046875 0.403125 0.06171875 0.06015625
0 0.6890625 0.375 0.06015625 0.05859375
0 0.14609375 0.478125 0.06171875 0.0578125
0 0.8671875 0.74296875 0.05703125 0.05546875
0 0.5890625 0.3265625 0.0609375 0.05703125
0 0.784375 0.08125 0.06171875 0.059375
0 0.165625 0.77265625 0.06015625 0.05703125
0 0.52734375 0.33046875 0.0609375 0.05546875
0 0.1296875 0.2234375 0.05859375 0.05859375
0 0.98828125 0.0265625 0.0234375 0.05234375
0 0.78125 0.30390625 0.0625 0.059375
0 0.49296875 0.1703125 0.0609375 0.05703125
0 0.03203125 0.9 0.06015625 0.0625
0 0.91015625 0.5234375 0.06171875 0.06015625
0 0.1109375 0.721875 0.0609375 0.05625
0 0.98125 0.98828125 0.034375 0.0234375
0 0.5609375 0.88828125 0.06171875 0.05859375
0 0.29140625 0.19765625 0.059375 0.06015625
0 0.11953125 0.04140625 0.0609375 0.0578125
0 0.990625 0.24375 0.01875 0.06484375
0 0.3 0.025 0.0640625 0.05
0 0.06796875 0.14140625 0.0609375 0.05625
0 0.13359375 0.41875 0.0609375 0.05546875
0 0.13203125 0.2875 0.05546875 0.05625
0 0.2 0.65625 0.06171875 0.0578125
0 0.65625 0.07890625 0.05859375 0.05703125
0 0.64609375 0.0109375 0.065625 0.021875
0 0.02578125 0.62421875 0.0515625 0.05703125
0 0.0671875 0.33515625 0.06171875 0.05703125
0 0.4953125 0.0421875 0.0609375 0.05625
0 0.12890625 0.16171875 0.05703125 0.05703125
0 0.315625 0.2484375 0.059375 0.05625
0 0.15546875 0.53046875 0.06171875 0.05546875
0 0.81875 0.025 0.05625 0.05
0 0.1890625 0.12265625 0.0578125 0.05703125
0 0.86015625 0.99375 0.0609375 0.01171875
0 0.69140625 0.0296875 0.06640625 0.05625
0 0.31328125 0.3703125 0.0578125 0.05546875
0 0.0734375 0.4 0.0609375 0.05625
0 0.1953125 0.31796875 0.05859375 0.05625
0 0.20234375 0.8609375 0.05546875 0.05703125
0 0.84921875 0.00625 0.06015625 0.0125
0 0.725 0.64453125 0.059375 0.05625
0 0.92890625 0.99140625 0.0640625 0.0171875
0 0.37734375 0.9890625 0.0609375 0.021875
0 0.30703125 0.1359375 0.06171875 0.05625
0 0.99296875 0.66953125 0.0140625 0.0609375
0 0.253125 0.990625 0.065625 0.01875
0 0.2 0.44453125 0.0609375 0.05703125
0 0.99140625 0.56328125 0.01640625 0.06953125
0 0.38125 0.01640625 0.0671875 0.0328125
0 0.0609375 0.02265625 0.06171875 0.04453125
0 0.23984375 0.16328125 0.06015625 0.06015625
0 0.18515625 0.01796875 0.0640625 0.0359375
0 0.0921875 0.51953125 0.06171875 0.05546875
0 0.3734375 0.1125 0.06328125 0.06015625
0 0.1828125 0.99453125 0.05625 0.0109375
0 0.31796875 0.990625 0.059375 0.01875
0 0.98984375 0.140625 0.01953125 0.06015625
0 0.02421875 0.45546875 0.0484375 0.0609375
0 0.26015625 0.4078125 0.0609375 0.05546875
0 0.52265625 0.225 0.065625 0.0609375
0 0.990625 0.45078125 0.01875 0.06796875
0 0.56015625 0.1453125 0.0546875 0.0578125
0 0.1859375 0.06171875 0.06015625 0.0546875
0 0.99453125 0.94296875 0.01015625 0.0609375
0 0.78203125 0.0078125 0.06875 0.015625
0 0.20859375 0.49453125 0.065625 0.0609375
0 0.240625 0.03359375 0.05859375 0.059375
0 0.24921875 0.096875 0.0625 0.0546875
0 0.59921875 0.0765625 0.04765625 0.04609375