0 0.14921875 0.0328125 0.0625 0.0546875
0 0.69296875 0.8828125 0.0625 0.0625
0 0.02421875 0.7671875 0.0390625 0.0640625
0 0.49609375 0.234375 0.0609375 0.0640625
0 0.05234375 0.821875 0.0640625 0.0640625
0 0.32890625 0.88984375 0.0640625 0.0640625
0 0.665625 0.209375 0.0625 0.065625
0 0.54765625 0.68828125 0.0640625 0.0640625
0 0.575 0.76015625 0.0625 0.0609375
0 0.59921875 0.2 0.0625 0.0625
0 0.22734375 0.9265625 0.0625 0.065625
0 0.20859375 0.41796875 0.0625 0.0640625
0 0.24453125 0.0875 0.0609375 0.059375
0 0.728125 0.2109375 0.0640625 0.0640625
0 0.82578125 0.65078125 0.0625 0.0640625
0 0.059375 0.34375 0.0625 0.0625
0 0.03125 0.1875 0.0625 0.059375
0 0.06328125 0.13125 0.0625 0.0609375
0 0.075 0.75390625 0.0640625 0.065625
0 0.34296875 0.16171875 0.065625 0.065625
0 0.27421875 0.6 0.0625 0.0625
0 0.7921875 0.828125 0.0625 0.0578125
0 0.0171875 0.49921875 0.034375 0.0640625
0 0.26953125 0.42734375 0.0625 0.0609375
0 0.8015625 0.39140625 0.0625 0.0609375
0 0.23203125 0.47421875 0.0625 0.0609375
0 0.97421875 0.71328125 0.0515625 0.0640625
0 0.03203125 0.2890625 0.059375 0.059375
0 0.790625 0.21875 0.0625 0.0625
0 0.60859375 0.3671875 0.0625 0.0625
0 0.0265625 0.3875 0.053125 0.0625
0 0.72734375 0.83046875 0.0640625 0.0640625
0 0.67578125 0.54375 0.0640625 0.0640625
0 0.51484375 0.128125 0.0625 0.0625
0 0.43515625 0.04453125 0.0625 0.0609375
0 0.2671875 0.87265625 0.0609375 0.0640625
0 0.4546875 0.44921875 0.0625 0.059375
0 0.29296875 0.66015625 0.0625 0.0625
0 0.06484375 0.50625 0.0609375 0.0625
0 0.87734375 0.13125 0.0625 0.0609375
0 0.76015625 0.2765625 0.0609375 0.0609375
0 0.63671875 0.76796875 0.0609375 0.0625
0 0.91484375 0.9375 0.0625 0.0640625
0 0.546875 0.35625 0.0625 0.059375
0 0.60078125 0.825 0.0625 0.0640625
0 0.0828125 0.40078125 0.0625 0.0625
0 0.63046875 0.88515625 0.0625 0.0609375
0 0.98125 0.60703125 0.0375 0.0640625
0 0.5234375 0.29375 0.0625 0.0640625
0 0.9609375 0.0828125 0.0625 0.0625
0 0.88515625 0.7640625 0.0625 0.0625
0 0.975 0.93828125 0.05 0.0609375
0 0.21328125 0.0328125 0.065625 0.0578125
0 0.2015625 0.246875 0.0625 0.065625
0 0.21796875 0.7578125 0.0625 0.05625
0 0.0625 0.034375 0.0640625 0.0546875
0 0.85 0.23046875 0.059375 0.0609375
0 0.0453125 0.95078125 0.0609375 0.0625
0 0.94609375 0.4859375 0.0625 0.0609375
0 0.77578125 0.3296875 0.0625 0.0625
0 0.040625 0.696875 0.065625 0.0640625
0 0.87578125 0.41328125 0.0625 0.0609375
0 0.92578125 0.60078125 0.0640625 0.0640625
0 0.278125 0.1375 0.0640625 0.0625
0 0.03046875 0.0796875 0.0609375 0.0609375
0 0.146875 0.4109375 0.0625 0.0625
0 0.2390625 0.19765625 0.0640625 0.0625
0 0.17421875 0.0921875 0.0625 0.0609375
0 0.859375 0.5984375 0.0625 0.0640625
0 0.2546875 0.53671875 0.0640625 0.0640625
0 0.01171875 0.028125 0.0234375 0.040625
0 0.6078125 0.69921875 0.0625 0.0640625
0 0.55703125 0.0859375 0.0625 0.0609375
0 0.7046875 0.60546875 0.0625 0.0609375
0 0.33203125 0.425 0.0609375 0.0625
0 0.82109375 0.28046875 0.0625 0.0625
0 0.76953125 0.0203125 0.0640625 0.040625
0 0.9734375 0.25390625 0.046875 0.0578125
0 0.91484375 0.2453125 0.0625 0.059375
0 0.44140625 0.72890625 0.0625 0.0640625
0 0.95625 0.66328125 0.0640625 0.0609375
0 0.203125 0.85625 0.0625 0.0640625
0 0.7515625 0.97734375 0.0609375 0.0375
0 0.7921875 0.70546875 0.0609375 0.0640625
0 0.62890625 0.98203125 0.0609375 0.0328125
0 0.35234375 0.9515625 0.0640625 0.0625
0 0.346875 0.78203125 0.0640625 0.059375
0 0.58046875 0.140625 0.0640625 0.059375
0 0.80546875 0.57265625 0.0609375 0.0625
0 0.55859375 0.24375 0.0625 0.0609375
0 0.73984375 0.55234375 0.0625 0.0640625
0 0.52734375 0.62109375 0.0625 0.0625
0 0.41875 0.6703125 0.0625 0.0640625
0 0.503125 0.56171875 0.0625 0.0625
0 0.54765625 0.51640625 0.0625 0.0640625
0 0.8578125 0.828125 0.0640625 0.0640625
0 0.0140625 0.234375 0.028125 0.059375
0 0.3671875 0.04140625 0.0640625 0.0625
0 0.89921875 0.17890625 0.0640625 0.05625
0 0.69921875 0.7734375 0.0625 0.0640625
0 0.94609375 0.8828125 0.0625 0.059375
0 0.725 0.93828125 0.0625 0.0609375
0 0.5921875 0.6375 0.0625 0.0640625
0 0.0125 0.13671875 0.025 0.0609375
0 0.91484375 0.7125 0.0640625 0.0625
0 0.625 0.253125 0.0609375 0.0609375
0 0.15234375 0.75703125 0.0640625 0.0625
0 0.19140625 0.703125 0.0625 0.0640625
0 0.97578125 0.83046875 0.0484375 0.0609375
0 0.696875 0.4296875 0.0625 0.0609375
0 0.28671875 0.0515625 0.0640625 0.0609375
0 0.10390625 0.18046875 0.065625 0.0640625
0 0.65390625 0.6515625 0.0609375 0.0609375
0 0.82109375 0.7734375 0.0625 0.0625
0 0.353125 0.3140625 0.0609375 0.0609375
0 0.5125 0.74453125 0.0625 0.065625
0 0.67421875 0.09375 0.0625 0.0625
0 0.559375 0.87734375 0.0640625 0.0625
0 0.72109375 0.48984375 0.0640625 0.0640625
0 0.0875 0.5609375 0.0625 0.0625
0 0.13671875 0.23984375 0.0640625 0.065625
0 0.7140625 0.321875 0.0625 0.0609375
0 0.28046875 0.76875 0.0609375 0.0609375
0 0.29453125 0.4765625 0.0609375 0.059375
0 0.49921875 0.853125 0.0625 0.0640625
0 0.5984375 0.940625 0.0625 0.0625
0 0.53828125 0.93515625 0.0640625 0.0640625
0 0.3015625 0.20859375 0.0625 0.0609375
0 0.3546875 0.4921875 0.0625 0.0640625
0 0.33515625 0.60078125 0.0609375 0.0625
0 0.7328125 0.7203125 0.0625 0.059375
0 0.73671875 0.38046875 0.0625 0.059375
0 0.64609375 0.146875 0.0625 0.059375
0 0.16796875 0.640625 0.0625 0.0640625
0 0.65 0.31171875 0.0640625 0.0625
0 0.7625 0.8859375 0.0625 0.0625
0 0.32578125 0.2625 0.0625 0.059375
0 0.4796875 0.79140625 0.0625 0.0640625
0 0.903125 0.53671875 0.0625 0.0640625
0 0.1609375 0.3078125 0.0609375 0.059375
0 0.16328125 0.91328125 0.0625 0.0640625
0 0.415625 0.95 0.0625 0.0640625
0 0.771875 0.15859375 0.0609375 0.0609375
0 0.85234375 0.9375 0.0640625 0.0625
0 0.65859375 0.0203125 0.0609375 0.040625
0 0.89140625 0.28828125 0.0625 0.0609375
0 0.12265625 0.35234375 0.0609375 0.0609375
0 0.60703125 0.5265625 0.0625 0.0625
0 0.04375 0.44765625 0.0609375 0.0609375
0 0.53828125 0.18984375 0.0625 0.0609375
0 0.309375 0.37265625 0.0609375 0.0609375
0 0.30546875 0.82421875 0.0625 0.0609375
0 0.12734375 0.51484375 0.0625 0.0609375
0 0.96796875 0.5453125 0.0640625 0.0609375
0 0.82421875 0.4484375 0.0609375 0.0625
0 0.26328125 0.26015625 0.0625 0.0640625
0 0.66328125 0.82734375 0.0625 0.0640625
0 0.8375 0.17578125 0.0625 0.0609375
0 0.825 0.884375 0.0640625 0.0640625
0 0.76328125 0.43984375 0.0625 0.0625
0 0.84296875 0.51875 0.0609375 0.0640625
0 0.88828125 0.65859375 0.0640625 0.0609375
0 0.884375 0.47734375 0.0625 0.0640625
0 0.7828125 0.4984375 0.0609375 0.0609375
0 0.6609375 0.940625 0.0625 0.0625
0 0.16796875 0.46875 0.0625 0.0609375
0 0.634375 0.58984375 0.0640625 0.0640625
0 0.43359375 0.23125 0.0640625 0.0625
0 0.48203125 0.6734375 0.0625 0.0625
0 0.61640625 0.059375 0.0640625 0.0640625
0 0.4171875 0.496875 0.0609375 0.0609375
0 0.58359375 0.3046875 0.0625 0.0625
0 0.17734375 0.80625 0.0609375 0.0578125
0 0.8828125 0.978125 0.0609375 0.03125
0 0.93828125 0.01953125 0.0609375 0.0390625
0 0.2890625 0.3171875 0.0640625 0.0625
0 0.7671875 0.62734375 0.0640625 0.0640625
0 0.47421875 0.17421875 0.0640625 0.0609375
0 0.22421875 0.31015625 0.0625 0.0609375
0 0.853125 0.7109375 0.0625 0.0625
0 0.37734375 0.55234375 0.0625 0.0578125
0 0.7140625 0.040625 0.0640625 0.0625
0 0.7078125 0.14296875 0.0625 0.0609375
0 0.09609375 0.2984375 0.0640625 0.0625
0 0.31953125 0.7203125 0.0609375 0.0640625
0 0.07265625 0.2359375 0.0625 0.0609375
0 0.41171875 0.1625 0.0625 0.0625
0 0.62890625 0.428125 0.0609375 0.059375
0 0.43828125 0.8375 0.0609375 0.059375
0 0.03515625 0.628125 0.0609375 0.05625
0 0.10703125 0.459375 0.0625 0.0609375
0 0.5015625 0.40234375 0.0640625 0.0625
0 0.1171875 0.80390625 0.0625 0.0609375
0 0.21171875 0.5859375 0.0625 0.0625
0 0.115625 0.6984375 0.0640625 0.0640625
0 0.4015625 0.6078125 0.0625 0.0609375
0 0.47890625 0.5015625 0.0625 0.0625
0 0.25546875 0.70859375 0.0609375 0.0625
0 0.3125 0.54140625 0.059375 0.0625
0 0.4640625 0.61171875 0.0625 0.0625
0 0.4953125 0.06640625 0.0625 0.0640625
0 0.38671875 0.11015625 0.0625 0.0625
0 0.3703125 0.2140625 0.0640625 0.0625
0 0.9203125 0.82734375 0.0625 0.0625
0 0.89375 0.06953125 0.0640625 0.0609375
0 0.14453125 0.14375 0.0625 0.0609375
0 0.23125 0.65 0.0625 0.0625
0 0.4078125 0.77890625 0.0609375 0.0625
0 0.565625 0.415625 0.0625 0.0546875
0 0.3734375 0.371875 0.059375 0.0578125
0 0.02890625 0.5640625 0.0578125 0.0609375
0 0.8859375 0.88046875 0.0625 0.0625
0 0.54375 0.0234375 0.0625 0.046875
0 0.76015625 0.090625 0.0625 0.0625
0 0.36875 0.8328125 0.0640625 0.0625
0 0.390625 0.8875 0.0625 0.0625
0 0.52265625 0.45390625 0.0625 0.0625
0 0.45625 0.89296875 0.0640625 0.0609375
0 0.10234375 0.62734375 0.0640625 0.0640625
0 0.35625 0.6640625 0.0625 0.0640625
0 0.1875 0.359375 0.0625 0.0609375
0 0.44140625 0.553125 0.0609375 0.059375
0 0.94140625 0.1375 0.0640625 0.059375
0 0.984375 0.42421875 0.0296875 0.059375
0 0.3828125 0.72578125 0.0625 0.0609375
0 0.45234375 0.1171875 0.0625 0.059375
0 0.81875 0.109375 0.0609375 0.065625
0 0.1359375 0.85546875 0.0640625 0.059375
0 0.2078125 0.14453125 0.0640625 0.0625
0 0.696875 0.26953125 0.065625 0.0625
0 0.434375 0.38828125 0.0609375 0.0609375
0 0.76015625 0.7734375 0.0609375 0.0609375
0 0.7875 0.93515625 0.0625 0.059375
0 0.5703125 0.57265625 0.0625 0.0578125
0 0.6703125 0.71015625 0.0640625 0.0640625
0 0.25078125 0.37421875 0.0640625 0.065625
0 0.95234375 0.7859375 0.0640625 0.05625
0 0.9265625 0.35859375 0.0625 0.0640625
0 0.85 0.346875 0.0640625 0.0640625
0 0.08828125 0.9859375 0.0609375 0.028125
0 0.18984375 0.52578125 0.0625 0.0625
0 0.8203125 0.98046875 0.0625 0.0296875
0 0.87890625 0.015625 0.0640625 0.03125
0 0.45859375 0.28359375 0.0625 0.059375
0 0.96015625 0.3046875 0.0640625 0.0640625
0 0.69140625 0.9828125 0.0609375 0.028125
0 0.83046875 0.0453125 0.0609375 0.059375
0 0.71484375 0.6671875 0.0640625 0.0609375
0 0.675 0.365625 0.0625 0.059375
0 0.9359375 0.421875 0.0625 0.0625
0 0.33203125 0.01796875 0.065625 0.03125
0 0.24140625 0.9859375 0.0609375 0.028125
0 0.24140625 0.80703125 0.0609375 0.0546875
0 0.11015625 0.94296875 0.0625 0.0640625
0 0.475 0.33828125 0.0625 0.0625
0 0.4796875 0.0171875 0.0640625 0.034375
0 0.5421875 0.8046875 0.0625 0.0609375
0 0.9890625 0.9765625 0.021875 0.028125
0 0.1765625 0.18828125 0.0609375 0.053125
0 0.5625 0.98359375 0.065625 0.0328125
0 0.6546875 0.4765625 0.0625 0.0609375
0 0.321875 0.0921875 0.0640625 0.0609375
0 0.9796875 0.01640625 0.021875 0.0328125
0 0.96484375 0.184375 0.0609375 0.0609375
0 0.41484375 0.32109375 0.0609375 0.059375
0 0.4015625 0.0125 0.06875 0.0234375
0 0.58515625 0.46484375 0.0625 0.059375
0 0.9828125 0.12734375 0.0234375 0.0625
0 0.6 0.009375 0.059375 0.01875
0 0.9890625 0.4859375 0.021875 0.0609375
0 0.99140625 0.87890625 0.0171875 0.0609375
0 0.15 0.5671875 0.0609375 0.0609375
0 0.37734375 0.9890625 0.0640625 0.021875
0 0.48046875 0.965625 0.0640625 0.0625
0 0.94609375 0.98046875 0.0625 0.025
0 0.39375 0.2671875 0.0625 0.0609375
1 0.07109375 0.87890625 0.05625 0.05625
1 0.1078125 0.0765625 0.05625 0.0609375
1 0.02421875 0.8859375 0.0359375 0.0671875
0 0.99140625 0.7765625 0.0171875 0.071875
0 0.43828125 0.9890625 0.0609375 0.021875
0 0.99375 0.66640625 0.0125 0.0609375
0 0.2578125 0.01328125 0.071875 0.0203125
1 0.17265625 0.9734375 0.0671875 0.053125
0 0.00546875 0.31484375 0.0109375 0.0703125
0 0.39375 0.4234375 0.0609375 0.05625
1 0.28671875 0.94453125 0.0609375 0.0578125
0 0.00703125 0.60078125 0.0109375 0.05
0 0.98671875 0.3578125 0.0234375 0.0703125
0 0.00625 0.440625 0.0125 0.0625
0 0.03203125 0.99140625 0.0484375 0.0171875
0 0.0078125 0.6640625 0.0109375 0.0546875
1 0.30703125 0.98046875 0.0609375 0.0390625