0 0.8546875 0.01953125 0.040625 0.0171875
0 0.88125 0.046875 0.046875 0.0390625
0 0.89921875 0.08203125 0.04375 0.04375
0 0.925 0.12109375 0.0421875 0.0421875
0 0.94375 0.15859375 0.0453125 0.0453125
0 0.965625 0.1984375 0.04375 0.0453125
0 0.98359375 0.2375 0.0328125 0.04375
0 0.92578125 0.03984375 0.0421875 0.0421875
0 0.94921875 0.07734375 0.040625 0.04375
0 0.96953125 0.1171875 0.0453125 0.04375
0 0.98671875 0.15390625 0.0265625 0.0453125
0 0.9703125 0.0375 0.04375 0.04375
0 0.996875 0.03671875 0.00625 0.0390625
0 0.9859375 0.0765625 0.028125 0.040625
0 0.996875 0.1140625 0.00625 0.04375