1 0.7984375 0.5046875 0.196875 0.2015625
1 0.8609375 0.36171875 0.20625 0.209375
1 0.50546875 0.10546875 0.1953125 0.1875
1 0.84921875 0.07421875 0.1953125 0.1484375
1 0.7921875 0.221875 0.1921875 0.2
1 0.59609375 0.24609375 0.190625 0.2109375
1 0.8953125 0.653125 0.178125 0.1984375
1 0.9390625 0.51015625 0.121875 0.1859375
1 0.6953125 0.3640625 0.16875 0.16875
1 0.66953125 0.0953125 0.1734375 0.190625
1 0.409375 0.03828125 0.171875 0.0765625
1 0.93125 0.19921875 0.1171875 0.1890625
1 0.74375 0.02265625 0.2125 0.0453125
1 0.9625 0.84453125 0.075 0.1015625
1 0.559375 0.01796875 0.178125 0.0359375
1 0.9546875 0.06171875 0.053125 0.1234375
1 0.96875 0.3515625 0.0578125 0.1953125
1 0.984375 0.628125 0.03125 0.18125
1 0.95859375 0.7484375 0.0828125 0.09375