0 0.42890625 0.98828125 0.046875 0.0234375
0 0.4765625 0.98828125 0.046875 0.0234375
0 0.525 0.9859375 0.0421875 0.028125
0 0.56953125 0.98671875 0.0484375 0.0265625
0 0.62109375 0.9828125 0.046875 0.034375
0 0.66875 0.98359375 0.046875 0.0328125
0 0.715625 0.98046875 0.0453125 0.0390625
0 0.7609375 0.9796875 0.0453125 0.040625
0 0.80859375 0.9765625 0.0484375 0.046875
0 0.8578125 0.9765625 0.046875 0.046875
0 0.90546875 0.97578125 0.05078125 0.04609375
0 0.9546875 0.97265625 0.05078125 0.04765625
0 0.4515625 0.9625 0.04296875 0.04765625
0 0.49765625 0.95625 0.046875 0.04609375
0 0.5453125 0.953125 0.04765625 0.0453125
0 0.5953125 0.953125 0.05078125 0.04765625
0 0.64453125 0.9515625 0.04765625 0.04453125
0 0.69140625 0.94765625 0.04609375 0.0484375
0 0.7375 0.946875 0.05 0.0453125
0 0.784375 0.93984375 0.04609375 0.04765625
0 0.83125 0.93515625 0.0515625 0.05234375
0 0.8796875 0.93359375 0.04609375 0.04765625
0 0.9265625 0.93515625 0.0484375 0.04375
0 0.975 0.9328125 0.05 0.0453125
0 0.4265625 0.92109375 0.04609375 0.0484375
0 0.47265625 0.915625 0.04609375 0.04609375
0 0.51875 0.9140625 0.04375 0.0453125
0 0.565625 0.90703125 0.05078125 0.04765625
0 0.615625 0.91015625 0.04765625 0.0453125
0 0.66171875 0.90703125 0.04609375 0.0484375
0 0.71015625 0.90546875 0.04765625 0.04765625
0 0.75859375 0.90703125 0.0484375 0.04296875
0 0.80546875 0.890625 0.04609375 0.04765625
0 0.85546875 0.89140625 0.04921875 0.0453125
0 0.903125 0.8921875 0.046875 0.04609375
0 0.95078125 0.89375 0.04609375 0.04765625
0 0.9875 0.89921875 0.025 0.053125
0 0.44765625 0.87734375 0.0515625 0.04765625
0 0.49609375 0.871875 0.0453125 0.046875
0 0.5421875 0.86953125 0.04765625 0.0515625
0 0.5890625 0.8640625 0.04609375 0.04765625
0 0.63515625 0.8640625 0.05078125 0.046875
0 0.68359375 0.86328125 0.04609375 0.046875
0 0.73359375 0.86484375 0.04375 0.0453125
0 0.78046875 0.865625 0.04453125 0.04609375
0 0.83203125 0.85625 0.046875 0.0421875
0 0.88046875 0.859375 0.0453125 0.04140625
0 0.928125 0.85703125 0.0453125 0.04296875
0 0.97421875 0.859375 0.0453125 0.0453125
0 0.9546875 0.81953125 0.04765625 0.04765625
0 0.7046875 0.81796875 0.05078125 0.05078125
0 0.6546875 0.8296875 0.04609375 0.0453125
0 0.02109375 0.9796875 0.0421875 0.040625
0 0.06875 0.9703125 0.0703125 0.059375
0 0.11484375 0.97578125 0.04375 0.0453125
0 0.1609375 0.9703125 0.04765625 0.04296875
0 0.009375 0.940625 0.01875 0.0453125
0 0.0421875 0.93671875 0.04609375 0.04609375
0 0.06015625 0.88828125 0.046875 0.05
0 0.08828125 0.93125 0.04609375 0.053125
0 0.1125 0.89375 0.04609375 0.04765625
0 0.15703125 0.884375 0.04609375 0.05
0 0.19765625 0.871875 0.04765625 0.04921875
0 0.13671875 0.934375 0.0484375 0.04609375
0 0.18359375 0.92734375 0.04609375 0.0484375
0 0.2765625 0.9890625 0.053125 0.021875
0 0.21015625 0.96796875 0.046875 0.04765625
0 0.25546875 0.9625 0.04765625 0.04453125
0 0.30390625 0.959375 0.04765625 0.04609375
0 0.3546875 0.96484375 0.05078125 0.04765625
0 0.40546875 0.96328125 0.04765625 0.04609375
0 0.23125 0.92421875 0.04609375 0.04765625
0 0.27734375 0.921875 0.04609375 0.04453125
0 0.32578125 0.91875 0.04765625 0.04609375
0 0.375 0.9203125 0.0484375 0.04609375
0 0.4 0.88125 0.0484375 0.04765625
0 0.3515625 0.87734375 0.046875 0.0515625
0 0.30234375 0.88046875 0.053125 0.04609375
0 0.25546875 0.88203125 0.04609375 0.04765625