0 0.89140625 0.0109375 0.04375 0.021875
0 0.86796875 0.04140625 0.04375 0.04375
0 0.8484375 0.07890625 0.04609375 0.04453125
0 0.82578125 0.12265625 0.04453125 0.0421875
0 0.81015625 0.1609375 0.0484375 0.04609375
0 0.78828125 0.20234375 0.04609375 0.04453125
0 0.765625 0.24296875 0.04765625 0.04609375
0 0.7453125 0.284375 0.0421875 0.0421875
0 0.72890625 0.32421875 0.0390625 0.03984375
0 0.70234375 0.365625 0.0421875 0.04453125
0 0.68046875 0.40625 0.04375 0.04140625
0 0.66484375 0.44609375 0.04296875 0.04375
0 0.62109375 0.528125 0.04296875 0.0421875
0 0.6078125 0.565625 0.0421875 0.04453125
0 0.5859375 0.60546875 0.0453125 0.0453125
0 0.5640625 0.64921875 0.0453125 0.04296875
0 0.54140625 0.69375 0.03984375 0.0421875
0 0.51640625 0.73515625 0.04609375 0.0390625
0 0.50234375 0.7703125 0.0421875 0.04453125
0 0.48125 0.81171875 0.04453125 0.04453125
0 0.459375 0.853125 0.04609375 0.04375
0 0.43359375 0.90234375 0.03671875 0.0359375
0 0.415625 0.93828125 0.04609375 0.040625
0 0.39609375 0.97734375 0.0421875 0.04453125
2 0.640625 0.4875 0.05234375 0.03984375
1 0.26875 0.0625 0.059375 0.046875
0 0.06953125 0.159375 0.0421875 0.04140625
0 0.0734375 0.20234375 0.0421875 0.0421875
0 0.11875 0.1890625 0.04453125 0.04375
0 0.65234375 0.015625 0.0421875 0.03125
0 0.70078125 0.015625 0.04375 0.03125
0 0.75234375 0.01328125 0.04375 0.0265625
0 0.7984375 0.0125 0.0421875 0.025
0 0.840625 0.01328125 0.040625 0.0265625
0 0.63515625 0.05234375 0.04296875 0.04296875
0 0.67890625 0.053125 0.0421875 0.04375
0 0.72421875 0.04765625 0.040625 0.0390625
0 0.77734375 0.04296875 0.04453125 0.04453125
0 0.61484375 0.09140625 0.04296875 0.04296875
0 0.66015625 0.08984375 0.0421875 0.0421875
0 0.7078125 0.0859375 0.0453125 0.04609375
0 0.75234375 0.0859375 0.040625 0.0421875
0 0.7796875 0.12109375 0.0453125 0.04375
0 0.73359375 0.12421875 0.04296875 0.04375
0 0.6875 0.128125 0.04375 0.04296875
0 0.64140625 0.13046875 0.04296875 0.04609375
0 0.71328125 0.16328125 0.0421875 0.04140625
0 0.75859375 0.16484375 0.0421875 0.0421875
0 0.5953125 0.13203125 0.0421875 0.04140625
0 0.621875 0.17109375 0.04140625 0.0421875
0 0.6484375 0.20703125 0.04296875 0.04296875
0 0.66796875 0.16796875 0.040625 0.0421875
0 0.69453125 0.20546875 0.04453125 0.0421875
0 0.73828125 0.20703125 0.0421875 0.04296875
0 0.55078125 0.13515625 0.04296875 0.040625
0 0.57265625 0.17578125 0.04375 0.03828125
0 0.59921875 0.209375 0.0421875 0.04296875
0 0.6234375 0.2484375 0.04375 0.04296875
0 0.66953125 0.246875 0.0421875 0.04375
0 0.7140625 0.246875 0.04609375 0.04296875
0 0.52421875 0.175 0.0421875 0.0421875
0 0.50703125 0.2125 0.04375 0.04296875
0 0.5546875 0.2109375 0.04296875 0.04296875
0 0.578125 0.24921875 0.04375 0.04296875
0 0.5328125 0.25078125 0.04296875 0.04296875
0 0.603125 0.28828125 0.04375 0.04375
0 0.6515625 0.284375 0.040625 0.04296875
0 0.69609375 0.28671875 0.04609375 0.0453125
0 0.5125 0.290625 0.04296875 0.04296875
0 0.56015625 0.28828125 0.04375 0.04296875
0 0.4921875 0.33203125 0.0421875 0.04296875
0 0.53984375 0.3296875 0.04375 0.0421875
0 0.5859375 0.32890625 0.0421875 0.0421875
0 0.6296875 0.32578125 0.04140625 0.0421875
0 0.675 0.325 0.0421875 0.0421875
0 0.5625 0.37109375 0.04296875 0.04296875
0 0.61484375 0.36640625 0.04609375 0.04296875
0 0.659375 0.365625 0.0421875 0.04296875
0 0.590625 0.40390625 0.04609375 0.04375
0 0.6375 0.40859375 0.040625 0.040625
0 0.44921875 0.3359375 0.04375 0.04296875
0 0.47265625 0.375 0.04140625 0.0421875
0 0.5171875 0.36953125 0.04140625 0.04296875
0 0.54453125 0.41171875 0.04609375 0.04375
0 0.57421875 0.44453125 0.04375 0.04296875
0 0.5015625 0.409375 0.0390625 0.04296875
0 0.453125 0.41328125 0.0421875 0.04375
0 0.52265625 0.45078125 0.0421875 0.04453125
0 0.47734375 0.4515625 0.040625 0.04296875
0 0.54921875 0.48671875 0.04453125 0.04375
0 0.59453125 0.4859375 0.04296875 0.04375
0 0.4046875 0.4171875 0.0421875 0.04375
0 0.43125 0.453125 0.0453125 0.04296875
0 0.45859375 0.4921875 0.04296875 0.04375
0 0.50390625 0.49140625 0.04296875 0.04453125
0 0.35859375 0.41953125 0.04296875 0.0421875
0 0.3859375 0.45859375 0.04296875 0.04453125
0 0.340625 0.46171875 0.04375 0.04375
0 0.365625 0.5 0.04296875 0.04453125
0 0.4109375 0.49609375 0.04609375 0.04453125
0 0.43515625 0.5375 0.04140625 0.04296875
0 0.39140625 0.5375 0.0453125 0.04296875
0 0.48359375 0.5296875 0.0421875 0.0421875
0 0.52734375 0.53203125 0.04375 0.0453125
0 0.57734375 0.5265625 0.04375 0.04296875
0 0.55625 0.56875 0.04453125 0.04375
0 0.5109375 0.56796875 0.04453125 0.04609375
0 0.4640625 0.571875 0.0421875 0.0453125
0 0.31875 0.50390625 0.04375 0.040625
0 0.3421875 0.53984375 0.04375 0.04375
0 0.371875 0.58359375 0.04296875 0.04296875
0 0.41484375 0.57734375 0.0421875 0.040625
0 0.4421875 0.61328125 0.04296875 0.04453125
0 0.48671875 0.61015625 0.04375 0.04453125
0 0.53046875 0.6109375 0.04140625 0.0421875
0 0.2953125 0.5484375 0.04296875 0.04375
0 0.32265625 0.5859375 0.04453125 0.04375
0 0.3484375 0.6234375 0.04296875 0.0421875
0 0.39375 0.6203125 0.04296875 0.04296875
0 0.27578125 0.58984375 0.04296875 0.04453125
0 0.51171875 0.64765625 0.04140625 0.0421875
0 0.2578125 0.628125 0.0421875 0.04375
0 0.3015625 0.62734375 0.04140625 0.04375
0 0.3296875 0.6625 0.0421875 0.0421875
0 0.37421875 0.66015625 0.04140625 0.04296875
0 0.41875 0.65703125 0.04140625 0.04375
0 0.4671875 0.65234375 0.04375 0.04453125
0 0.45 0.69140625 0.04453125 0.04375
0 0.49765625 0.6875 0.04296875 0.0453125
0 0.26171875 0.709375 0.04296875 0.04140625
0 0.23671875 0.66796875 0.0421875 0.0421875
0 0.28515625 0.66640625 0.03984375 0.04375
0 0.31015625 0.703125 0.04296875 0.04296875
0 0.35625 0.70078125 0.04375 0.0375
0 0.403125 0.696875 0.04140625 0.04375
0 0.16875 0.71171875 0.04453125 0.04296875
0 0.2171875 0.70859375 0.04140625 0.0421875
0 0.14765625 0.753125 0.04296875 0.04140625
0 0.1953125 0.74921875 0.04296875 0.04140625
0 0.240625 0.74765625 0.040625 0.0421875
0 0.290625 0.7453125 0.04453125 0.04296875
0 0.334375 0.74375 0.04140625 0.04140625
0 0.37890625 0.740625 0.04296875 0.0421875
0 0.428125 0.734375 0.04296875 0.04140625
0 0.471875 0.7328125 0.0421875 0.0421875
0 0.084375 0.7953125 0.0421875 0.0421875
0 0.13125 0.79296875 0.0421875 0.04375
0 0.17578125 0.790625 0.04140625 0.04453125
0 0.22265625 0.78984375 0.04140625 0.046875
0 0.26484375 0.78671875 0.040625 0.0390625
0 0.315625 0.78359375 0.0421875 0.0421875
0 0.3609375 0.78046875 0.03984375 0.04296875
0 0.38671875 0.8203125 0.040625 0.04140625
0 0.4109375 0.77578125 0.04140625 0.0421875
0 0.4546875 0.77421875 0.03984375 0.0421875
0 0.4328125 0.81484375 0.0421875 0.0421875
0 0.01796875 0.84296875 0.0359375 0.0375
0 0.0609375 0.8359375 0.04140625 0.04140625
0 0.11171875 0.83359375 0.0421875 0.04140625
0 0.15625 0.83046875 0.04296875 0.04453125
0 0.2 0.828125 0.04453125 0.040625
0 0.246875 0.82734375 0.0421875 0.03984375
0 0.29140625 0.82421875 0.0421875 0.04296875
0 0.3421875 0.82109375 0.0453125 0.0453125
0 0.00859375 0.88203125 0.0171875 0.0453125
0 0.04296875 0.87890625 0.04296875 0.0421875
0 0.08828125 0.8734375 0.04296875 0.04296875
0 0.13515625 0.87421875 0.04296875 0.04296875
0 0.18203125 0.8703125 0.04296875 0.04453125
0 0.228125 0.86796875 0.04296875 0.0421875
0 0.2765625 0.8640625 0.04375 0.04296875
0 0.32265625 0.86328125 0.0421875 0.0421875
0 0.365625 0.86328125 0.0390625 0.0421875
0 0.41328125 0.85625 0.04140625 0.04296875
0 0.021875 0.91796875 0.0421875 0.040625
0 0.06796875 0.91484375 0.0421875 0.04296875
0 0.1140625 0.91328125 0.04140625 0.0421875
0 0.1609375 0.91015625 0.04296875 0.04375
0 0.20625 0.9078125 0.0453125 0.046875
0 0.2515625 0.90546875 0.04296875 0.04375
0 0.29921875 0.90625 0.0421875 0.04140625
0 0.346875 0.90078125 0.04296875 0.040625
0 0.39375 0.896875 0.04296875 0.04375
0 0.009375 0.96015625 0.01875 0.0421875
0 0.04609375 0.9546875 0.04375 0.04140625
0 0.09140625 0.953125 0.0421875 0.04296875
0 0.13671875 0.94921875 0.03984375 0.04375
0 0.1859375 0.94921875 0.0390625 0.04296875
0 0.22890625 0.94765625 0.04375 0.040625
0 0.2765625 0.9421875 0.04296875 0.0421875
0 0.31796875 0.9453125 0.0359375 0.03984375
0 0.02421875 0.9875 0.0421875 0.025
0 0.07109375 0.9859375 0.040625 0.028125
0 0.11875 0.98515625 0.0421875 0.0296875
0 0.36796875 0.94140625 0.04375 0.04296875
0 0.1625 0.98515625 0.0421875 0.0296875
0 0.21171875 0.9828125 0.040625 0.034375
0 0.25703125 0.98125 0.04375 0.0375
0 0.3015625 0.98125 0.0421875 0.0375
0 0.021875 0.5640625 0.0421875 0.04453125
0 0.0671875 0.56171875 0.0421875 0.04375
0 0.11328125 0.559375 0.0421875 0.04296875
0 0.1609375 0.55625 0.0421875 0.04296875
0 0.20546875 0.55390625 0.04296875 0.04375
0 0.25078125 0.55 0.04453125 0.04375
0 0.009375 0.60390625 0.01875 0.040625
0 0.04609375 0.6015625 0.040625 0.04375
0 0.0921875 0.5984375 0.0453125 0.04296875
0 0.23046875 0.59140625 0.04296875 0.0421875
0 0.184375 0.59375 0.0421875 0.040625
0 0.1390625 0.59765625 0.04140625 0.04140625
0 0.1203125 0.6359375 0.04453125 0.04296875
0 0.1640625 0.634375 0.04140625 0.040625
0 0.21171875 0.63125 0.040625 0.04296875
0 0.09921875 0.67578125 0.040625 0.04453125
0 0.1453125 0.67421875 0.04375 0.04375
0 0.190625 0.67109375 0.04140625 0.04375
0 0.02734375 0.6421875 0.04375 0.04375
0 0.071875 0.6390625 0.04140625 0.04453125
0 0.0140625 0.68125 0.028125 0.04375
0 0.05390625 0.68125 0.04453125 0.04296875
0 0.078125 0.71875 0.04140625 0.04296875
0 0.121875 0.71640625 0.0421875 0.0421875
0 0.034375 0.72109375 0.0421875 0.04375
0 0.0171875 0.76171875 0.034375 0.04375
0 0.05859375 0.7609375 0.0421875 0.0421875
0 0.1046875 0.75625 0.04296875 0.0421875
0 0.0375 0.8 0.04375 0.04453125
0 0.01796875 0.0234375 0.0359375 0.0421875
0 0.0609375 0.02109375 0.040625 0.0421875
0 0.10625 0.02265625 0.04375 0.04296875
0 0.15078125 0.02578125 0.04609375 0.04453125
0 0.19609375 0.0265625 0.04140625 0.0421875
0 0.240625 0.0234375 0.0421875 0.04296875
0 0.2875 0.02109375 0.0421875 0.0421875
0 0.33515625 0.01875 0.0453125 0.0375
0 0.3171875 0.06328125 0.04375 0.04375
0 0.36171875 0.0625 0.0421875 0.0421875
0 0.38046875 0.02109375 0.04296875 0.04140625
0 0.42734375 0.01875 0.04375 0.0375
0 0.47109375 0.01796875 0.040625 0.0359375
0 0.51640625 0.01640625 0.0421875 0.0328125
0 0.5625 0.01640625 0.0421875 0.0328125
0 0.60859375 0.01875 0.0421875 0.0375
0 0.4078125 0.05859375 0.04140625 0.04296875
0 0.453125 0.05390625 0.04453125 0.04296875
0 0.49921875 0.05390625 0.0421875 0.04375
0 0.54375 0.053125 0.040625 0.0421875
0 0.5890625 0.0546875 0.04296875 0.04453125
0 0.22109375 0.0671875 0.0421875 0.0421875
0 0.17578125 0.0671875 0.0421875 0.04296875
0 0.13125 0.071875 0.0421875 0.0421875
0 0.08671875 0.065625 0.04375 0.04296875
0 0.1578125 0.1078125 0.04453125 0.04453125
0 0.20234375 0.10859375 0.04375 0.04375
0 0.2484375 0.10546875 0.04296875 0.04453125
0 0.29453125 0.103125 0.0421875 0.04140625
0 0.3421875 0.10234375 0.0421875 0.0421875
0 0.3859375 0.1 0.0421875 0.04375
0 0.43515625 0.09453125 0.04453125 0.04296875
0 0.48046875 0.0921875 0.0421875 0.0421875
0 0.525 0.09375 0.04296875 0.04375
0 0.57109375 0.0953125 0.04296875 0.04296875
0 0.27265625 0.1421875 0.04296875 0.0421875
0 0.31953125 0.13984375 0.0421875 0.04296875
0 0.36640625 0.13984375 0.0421875 0.0421875
0 0.4125 0.1359375 0.04296875 0.04296875
0 0.4578125 0.13359375 0.04296875 0.04375
0 0.50625 0.13359375 0.04296875 0.04375
0 0.03984375 0.0609375 0.0421875 0.04375
0 0.015625 0.09375 0.03125 0.04375
0 0.059375 0.10078125 0.0421875 0.04296875
0 0.10859375 0.11171875 0.0421875 0.04140625
0 0.0296875 0.13359375 0.04375 0.0421875
0 0.13671875 0.1484375 0.04140625 0.04296875
0 0.1828125 0.1484375 0.04375 0.04296875
0 0.22734375 0.146875 0.04140625 0.04296875
0 0.01171875 0.1703125 0.0234375 0.04375
0 0.02890625 0.20859375 0.040625 0.040625
0 0.04921875 0.24609375 0.04375 0.04296875
0 0.0953125 0.2421875 0.0421875 0.04296875
0 0.1421875 0.2296875 0.04296875 0.0421875
0 0.16328125 0.18828125 0.0390625 0.0421875
0 0.20859375 0.18671875 0.04140625 0.04140625
0 0.253125 0.18359375 0.04140625 0.0421875
0 0.29921875 0.1828125 0.040625 0.04296875
0 0.34453125 0.18125 0.03984375 0.040625
0 0.18671875 0.22734375 0.04296875 0.04140625
0 0.2328125 0.2265625 0.04140625 0.04140625
0 0.278125 0.22265625 0.0421875 0.0421875
0 0.325 0.221875 0.03984375 0.04140625
0 0.36953125 0.2203125 0.04296875 0.04375
0 0.390625 0.1796875 0.04296875 0.04140625
0 0.43671875 0.17578125 0.04140625 0.0421875
0 0.415625 0.21640625 0.04453125 0.04296875
0 0.48203125 0.175 0.04609375 0.04375
0 0.46171875 0.215625 0.04375 0.04453125
0 0.4859375 0.253125 0.04296875 0.04296875
0 0.440625 0.2546875 0.04296875 0.04375
0 0.39453125 0.2578125 0.04375 0.0421875
0 0.35078125 0.26171875 0.04296875 0.04296875
0 0.30546875 0.26171875 0.04140625 0.04140625
0 0.2578125 0.26328125 0.03984375 0.0421875
0 0.21171875 0.26640625 0.040625 0.04140625
0 0.165625 0.265625 0.03984375 0.04296875
0 0.18984375 0.30546875 0.04140625 0.04296875
0 0.2359375 0.30234375 0.04296875 0.0421875
0 0.28359375 0.303125 0.040625 0.04140625
0 0.3296875 0.30234375 0.04296875 0.0421875
0 0.37578125 0.30078125 0.0421875 0.0421875
0 0.4203125 0.296875 0.03984375 0.0421875
0 0.4671875 0.29453125 0.0421875 0.04375
0 0.12109375 0.28046875 0.04375 0.0421875
0 0.146875 0.31875 0.040625 0.0421875
0 0.30859375 0.3421875 0.04140625 0.0421875
0 0.35390625 0.340625 0.04375 0.04296875
0 0.4 0.3375 0.04375 0.04453125
0 0.0125 0.2453125 0.025 0.0421875
0 0.075 0.2828125 0.03984375 0.0390625
0 0.02734375 0.28359375 0.0375 0.03984375
0 0.01484375 0.328125 0.0296875 0.040625
0 0.0546875 0.32421875 0.040625 0.040625
0 0.1015625 0.32265625 0.0421875 0.04296875
0 0.0359375 0.36640625 0.0421875 0.0421875
0 0.0796875 0.36171875 0.04140625 0.04140625
0 0.125 0.36015625 0.04140625 0.04140625
0 0.17109375 0.35625 0.04140625 0.04296875
0 0.21796875 0.34375 0.040625 0.04296875
0 0.2640625 0.34296875 0.0421875 0.0421875
0 0.24140625 0.38203125 0.04453125 0.04296875
0 0.196875 0.3953125 0.04375 0.0421875
0 0.15 0.39765625 0.04296875 0.04296875
0 0.10390625 0.39921875 0.04453125 0.0421875
0 0.059375 0.4046875 0.04140625 0.04296875
0 0.0171875 0.40546875 0.034375 0.0421875
0 0.378125 0.38046875 0.0421875 0.04140625
0 0.425 0.378125 0.03984375 0.04296875
0 0.33125 0.38125 0.04296875 0.0421875
0 0.2859375 0.38203125 0.04296875 0.04140625
0 0.31171875 0.41953125 0.04140625 0.04296875
0 0.265625 0.42109375 0.04375 0.04140625
0 0.21953125 0.434375 0.04140625 0.04375
0 0.29140625 0.4625 0.0421875 0.04140625
0 0.27109375 0.51015625 0.0421875 0.04296875
0 0.2453125 0.47265625 0.040625 0.04296875
0 0.17421875 0.43515625 0.0421875 0.04375
0 0.2 0.475 0.0421875 0.04140625
0 0.225 0.51171875 0.0421875 0.04453125
0 0.128125 0.4390625 0.040625 0.04375
0 0.08359375 0.44296875 0.040625 0.04453125
0 0.03671875 0.44453125 0.0421875 0.0421875
0 0.01953125 0.48515625 0.0390625 0.0421875
0 0.0625 0.4828125 0.0453125 0.04296875
0 0.11015625 0.4796875 0.0421875 0.0421875
0 0.15390625 0.47890625 0.04140625 0.04375
0 0.178125 0.51484375 0.04375 0.04140625
0 0.13359375 0.51796875 0.04140625 0.04375
0 0.08828125 0.5203125 0.04296875 0.0421875
0 0.04140625 0.52265625 0.0421875 0.04375
0 0.0078125 0.525 0.015625 0.04375
0 0.825 0.040625 0.0421875 0.04375
0 0.803125 0.0796875 0.04296875 0.0453125
0 0.61953125 0.44765625 0.0453125 0.04453125
0 0.3484375 0.97890625 0.04375 0.0421875