0 0.0203125 0.53984375 0.03984375 0.0640625
0 0.02109375 0.059375 0.0421875 0.065625
0 0.02578125 0.36328125 0.0515625 0.0640625
0 0.01875 0.89765625 0.0375 0.0609375
0 0.04921875 0.6078125 0.06328125 0.06328125
0 0.18515625 0.61328125 0.06328125 0.0625
0 0.1109375 0.3875 0.06484375 0.0640625
0 0.0265625 0.66875 0.053125 0.06484375
0 0.078125 0.546875 0.06171875 0.0625
0 0.0875 0.66484375 0.0609375 0.06171875
0 0.04140625 0.48046875 0.06640625 0.0625
0 0.30078125 0.028125 0.06484375 0.05546875
0 0.05859375 0.4203125 0.06328125 0.06328125
0 0.0296875 0.16953125 0.05859375 0.06328125
0 0.25703125 0.5 0.0640625 0.06171875
0 0.15625 0.67265625 0.0625 0.0640625
0 0.053125 0.11015625 0.0640625 0.0625
0 0.225 0.5625 0.0640625 0.0640625
0 0.328125 0.38828125 0.0640625 0.0625
0 0.08046875 0.79453125 0.06328125 0.06171875
0 0.11796875 0.60703125 0.0640625 0.0609375
0 0.14453125 0.55 0.06484375 0.0625
0 0.175 0.27109375 0.06640625 0.06484375
0 0.184375 0.38515625 0.06484375 0.0625
0 0.15 0.440625 0.065625 0.06328125
0 0.1578125 0.03828125 0.06640625 0.06328125
0 0.34453125 0.203125 0.065625 0.0640625
0 0.0546875 0.728125 0.0640625 0.06171875
0 0.21484375 0.32421875 0.06484375 0.0609375
0 0.29375 0.44921875 0.0640625 0.0640625
0 0.33828125 0.08359375 0.0671875 0.06171875
0 0.24609375 0.14453125 0.06875 0.06484375
0 0.0234375 0.7734375 0.046875 0.0625
0 0.10078125 0.16484375 0.06796875 0.0640625
0 0.03984375 0.28125 0.06484375 0.0640625
0 0.10859375 0.4921875 0.06484375 0.06328125
0 0.45546875 0.02890625 0.0671875 0.0578125
0 0.22109375 0.446875 0.06640625 0.06328125
0 0.14375 0.3296875 0.06484375 0.06171875
0 0.26953125 0.07734375 0.06484375 0.06171875
0 0.06796875 0.22265625 0.06640625 0.0609375
0 0.2546875 0.38828125 0.065625 0.065625
0 0.37109375 0.0296875 0.065625 0.0578125
0 0.1421875 0.21328125 0.0640625 0.06171875
0 0.04453125 0.84296875 0.0625 0.06171875
0 0.534375 0.0375 0.06796875 0.06484375
0 0.12265625 0.72421875 0.05859375 0.0609375
0 0.11171875 0.275 0.06015625 0.0640625
0 0.0796875 0.33203125 0.0625 0.0609375
0 0.28046875 0.20703125 0.0625 0.0609375
0 0.03125 0.0125 0.0625 0.025
0 0.25078125 0.2671875 0.0625 0.06328125
0 0.18671875 0.4984375 0.0625 0.05859375
0 0.284375 0.3296875 0.0671875 0.0625
0 0.3109375 0.14453125 0.065625 0.06484375
0 0.3671875 0.33359375 0.06953125 0.06484375
1 0.38515625 0.2640625 0.06640625 0.053125
0 0.1171875 0.01015625 0.07265625 0.01953125
0 0.01171875 0.4390625 0.0234375 0.06328125
1 0.315625 0.26875 0.059375 0.06015625
1 0.17109375 0.1515625 0.06484375 0.05546875
1 0.12265625 0.1015625 0.06640625 0.05625
0 0.0078125 0.60078125 0.015625 0.0640625
1 0.0796875 0.04921875 0.06015625 0.06484375
0 0.0078125 0.12421875 0.015625 0.06484375
1 0.2046875 0.209375 0.059375 0.06015625
1 0.2234375 0.034375 0.05859375 0.065625
1 0.19296875 0.090625 0.065625 0.05234375
1 0.4875 0.096875 0.06171875 0.06328125
1 0.45625 0.153125 0.06328125 0.05703125
0 0.00625 0.31015625 0.0125 0.0609375
1 0.42734375 0.21640625 0.059375 0.06171875
1 0.4078125 0.0859375 0.05703125 0.05078125
0 0.00625 0.9625 0.0125 0.065625
0 0.009375 0.71796875 0.01796875 0.05546875
1 0.3828125 0.1390625 0.0484375 0.05390625