0 0.925 0.1703125 0.06640625 0.06875
0 0.82890625 0.80234375 0.06640625 0.0671875
0 0.62578125 0.17109375 0.06171875 0.0625
0 0.971875 0.29375 0.05625 0.0640625
0 0.65078125 0.1109375 0.065625 0.06171875
0 0.7921875 0.18046875 0.06640625 0.06484375
0 0.59765625 0.2265625 0.065625 0.06328125
0 0.56171875 0.15859375 0.06484375 0.06640625
0 0.96328125 0.36875 0.06875 0.065625
0 0.70859375 0.07734375 0.06328125 0.0625
0 0.96953125 0.8015625 0.0609375 0.06328125
0 0.865625 0.48046875 0.06484375 0.0625
0 0.834375 0.425 0.06640625 0.06328125
0 0.73046875 0.35078125 0.06484375 0.06328125
0 0.8015625 0.48125 0.0625 0.059375
0 0.69140625 0.17890625 0.065625 0.06484375
0 0.7984375 0.72421875 0.065625 0.065625
0 0.83203125 0.54453125 0.06328125 0.06484375
0 0.89765625 0.54296875 0.06484375 0.0625
0 0.93671875 0.4828125 0.06328125 0.0625
0 0.9140625 0.60625 0.06484375 0.06640625
0 0.984375 0.8609375 0.03125 0.06875
0 0.7453125 0.13046875 0.06640625 0.06328125
0 0.6671875 0.34921875 0.0640625 0.06328125
0 0.8921875 0.25703125 0.0671875 0.06484375
0 0.425 0.0453125 0.0640625 0.06328125
0 0.79765625 0.35390625 0.065625 0.0671875
0 0.6984375 0.28984375 0.06484375 0.0640625
0 0.89765625 0.68515625 0.0671875 0.0671875
0 0.7640625 0.66484375 0.06484375 0.06328125
0 0.79296875 0.60546875 0.0640625 0.0625
0 0.7671875 0.5390625 0.0640625 0.0625
0 0.9359375 0.975 0.065625 0.05
1 0.90625 0.4078125 0.0671875 0.059375
0 0.65703125 0.48125 0.065625 0.06484375
1 0.58671875 0.08203125 0.0609375 0.071875
0 0.628125 0.41796875 0.06640625 0.06484375
1 0.8671875 0.7328125 0.0625 0.04609375
1 0.90703125 0.0265625 0.06328125 0.053125
1 0.52109375 0.2234375 0.06640625 0.07109375
0 0.6921875 0.55625 0.0640625 0.065625
1 0.93203125 0.85234375 0.0640625 0.053125
0 0.83515625 0.66640625 0.0625 0.065625
1 0.96484375 0.2296875 0.05546875 0.06640625
1 0.59375 0.35 0.06796875 0.0640625
0 0.9015625 0.925 0.06796875 0.0640625
1 0.84296875 0.3 0.05859375 0.06640625
1 0.8171875 0.24453125 0.06640625 0.0546875
0 0.728125 0.59453125 0.059375 0.06328125
1 0.46328125 0.1015625 0.05859375 0.07109375
1 0.84609375 0.04375 0.06640625 0.075
1 0.49375 0.17109375 0.065625 0.06796875
1 0.97421875 0.61328125 0.05078125 0.05859375
1 0.6546875 0.034375 0.0734375 0.065625
1 0.9734375 0.54453125 0.053125 0.0765625
1 0.91171875 0.090625 0.06484375 0.0609375
0 0.7640625 0.29140625 0.06328125 0.06171875
1 0.76796875 0.03984375 0.07109375 0.06796875
1 0.52109375 0.09140625 0.0625 0.0578125
1 0.80546875 0.10390625 0.05859375 0.06875
0 0.3890625 0.01015625 0.0671875 0.01875
1 0.8984375 0.79296875 0.06328125 0.06796875
1 0.975 0.6875 0.04921875 0.07734375
1 0.7671875 0.41796875 0.0640625 0.0546875
1 0.91328125 0.32109375 0.0609375 0.06328125
1 0.73203125 0.46875 0.06171875 0.06953125
0 0.74375 0.2265625 0.065625 0.0609375
1 0.86640625 0.85703125 0.0578125 0.0578125
1 0.96484375 0.053125 0.0625 0.05546875
1 0.978125 0.43359375 0.04375 0.0703125
1 0.50625 0.03359375 0.06796875 0.0671875
1 0.85546875 0.60546875 0.0515625 0.05546875
1 0.8640625 0.35703125 0.0609375 0.0515625
1 0.6234375 0.2890625 0.065625 0.06875
1 0.86015625 0.18828125 0.06171875 0.06875
1 0.934375 0.7328125 0.06328125 0.05859375
1 0.5515625 0.2734375 0.06328125 0.05546875
1 0.58359375 0.02265625 0.06171875 0.0453125
1 0.97734375 0.0140625 0.0453125 0.028125
1 0.8578125 0.1234375 0.06796875 0.06484375
1 0.98203125 0.1734375 0.0359375 0.05625
1 0.97578125 0.1125 0.04765625 0.06640625
0 0.66875 0.2296875 0.0671875 0.0578125
1 0.72421875 0.00859375 0.0765625 0.01640625
1 0.9859375 0.971875 0.028125 0.053125