0 0.59140625 0.871875 0.1390625 0.13125
1 0.1234375 0.0140625 0.128125 0.028125
0 0.03984375 0.54765625 0.0796875 0.1203125
0 0.4984375 0.93515625 0.1375 0.1296875
0 0.190625 0.1578125 0.11875 0.1234375
0 0.940625 0.5671875 0.11875 0.14375
0 0.37421875 0.0671875 0.15625 0.1328125
0 0.63125 0.09140625 0.1359375 0.134375
0 0.8546875 0.20625 0.1546875 0.1453125
0 0.67421875 0.78515625 0.146875 0.165625
1 0.21328125 0.01328125 0.0859375 0.0265625
0 0.78828125 0.31875 0.1421875 0.1375
0 0.50390625 0.08671875 0.134375 0.1234375
1 0.16640625 0.065625 0.1140625 0.10625
0 0.77421875 0.09375 0.1390625 0.1359375
0 0.8828125 0.675 0.1421875 0.1375
0 0.70625 0.2078125 0.140625 0.1359375
0 0.2609375 0.07265625 0.103125 0.121875
0 0.42734375 0.653125 0.171875 0.1703125
0 0.73828125 0.66796875 0.14375 0.1546875
0 0.53203125 0.5421875 0.1453125 0.15
0 0.4390625 0.8234375 0.1421875 0.140625
0 0.23984375 0.9046875 0.134375 0.146875
0 0.22109375 0.28203125 0.125 0.1296875
0 0.11875 0.2484375 0.1125 0.1265625
0 0.80625 0.55234375 0.1375 0.140625
0 0.59296875 0.42265625 0.1375 0.1328125
0 0.7625 0.89140625 0.15625 0.1375
0 0.46484375 0.42578125 0.1296875 0.128125
0 0.084375 0.65859375 0.1203125 0.1265625
0 0.91171875 0.0921875 0.1625 0.1078125
0 0.9703125 0.4390625 0.059375 0.146875
0 0.1453125 0.36015625 0.140625 0.13125
0 0.309375 0.0109375 0.11875 0.021875
0 0.44453125 0.01640625 0.1265625 0.0328125
0 0.8359375 0.78828125 0.1359375 0.125
0 0.16484375 0.79609375 0.125 0.125
0 0.7375 0.4296875 0.14375 0.1375
0 0.57265625 0.02265625 0.1234375 0.0453125
0 0.3125 0.82265625 0.1359375 0.1328125
0 0.10234375 0.47109375 0.1140625 0.1234375
0 0.59921875 0.65234375 0.1609375 0.1359375
0 0.1078125 0.89765625 0.140625 0.125
0 0.67109375 0.5453125 0.14375 0.140625
0 0.5234375 0.74140625 0.1390625 0.134375
0 0.16875 0.57890625 0.11875 0.125
0 0.67890625 0.95859375 0.1359375 0.0828125
0 0.00625 0.640625 0.0125 0.128125
0 0.38359375 0.31015625 0.121875 0.1171875
0 0.55390625 0.20625 0.140625 0.134375
1 0.0921875 0.1328125 0.115625 0.128125
0 0.9171875 0.89140625 0.0921875 0.140625
0 0.05 0.78359375 0.1 0.1328125
0 0.225 0.725 0.1265625 0.1203125
0 0.23046875 0.478125 0.140625 0.13125
0 0.9328125 0.32578125 0.134375 0.1421875
0 0.04140625 0.31484375 0.0578125 0.1265625
0 0.87265625 0.44765625 0.153125 0.165625
0 0.946875 0.7796875 0.0609375 0.134375
0 0.02109375 0.4390625 0.0421875 0.134375
0 0.86796875 0.96015625 0.1515625 0.0796875
0 0.65390625 0.31640625 0.1328125 0.13125
0 0.3984375 0.51953125 0.140625 0.1375
0 0.36484375 0.928125 0.16875 0.1328125
0 0.9703125 0.1890625 0.059375 0.13125
0 0.99296875 0.096875 0.0140625 0.08125
0 0.3671875 0.18828125 0.128125 0.115625
0 0.31875 0.39765625 0.1078125 0.11875
0 0.5171875 0.31015625 0.1421875 0.1265625
0 0.3640625 0.71953125 0.11875 0.1109375
0 0.24765625 0.61875 0.1390625 0.13125
1 0.090625 0.0484375 0.071875 0.059375