0 0.8828125 0.8265625 0.06015625 0.059375
0 0.85 0.571875 0.06015625 0.0609375
0 0.85 0.77265625 0.0609375 0.059375
0 0.88203125 0.93984375 0.0609375 0.059375
0 0.8421875 0.890625 0.0609375 0.06328125
0 0.84609375 0.98046875 0.0625 0.03828125
0 0.90859375 0.6125 0.06015625 0.059375
0 0.91640625 0.76953125 0.059375 0.05625
0 0.84921875 0.7140625 0.059375 0.05859375
0 0.97109375 0.59375 0.0578125 0.059375
0 0.9109375 0.8796875 0.0640625 0.0609375
0 0.9109375 0.71015625 0.06015625 0.06015625
0 0.975 0.98046875 0.05 0.0390625
0 0.91875 0.97734375 0.0625 0.0453125
0 0.87109375 0.65390625 0.06171875 0.0578125
0 0.94921875 0.934375 0.06328125 0.0578125
0 0.94375 0.8234375 0.0609375 0.05859375
0 0.97578125 0.865625 0.0484375 0.05625
0 0.93125 0.54296875 0.05859375 0.0578125
0 0.93671875 0.48046875 0.06015625 0.05625
0 0.92890625 0.4125 0.0609375 0.06171875
0 0.8703125 0.48046875 0.059375 0.0546875
0 0.8609375 0.434375 0.06015625 0.0546875
0 0.97890625 0.43515625 0.0421875 0.06015625
0 0.98671875 0.8171875 0.0265625 0.059375
0 0.978125 0.709375 0.04375 0.05546875
0 0.9546875 0.64765625 0.05625 0.05546875
0 0.98203125 0.53203125 0.0359375 0.059375
0 0.990625 0.6484375 0.01875 0.059375
0 0.9734375 0.76171875 0.053125 0.0640625
0 0.97890625 0.37890625 0.0421875 0.053125