0 0.23671875 0.09921875 0.065625 0.065625
0 0.2640625 0.03828125 0.0640625 0.0640625
0 0.20546875 0.1609375 0.0640625 0.06875
0 0.08515625 0.31953125 0.065625 0.0671875
0 0.18671875 0.38828125 0.0640625 0.0625
0 0.03828125 0.1046875 0.0515625 0.06875
0 0.17109375 0.0921875 0.065625 0.065625
0 0.26875 0.15625 0.065625 0.0625
0 0.375 0.01171875 0.065625 0.0234375
0 0.05703125 0.0453125 0.065625 0.0671875
0 0.14609375 0.009375 0.0671875 0.01875
0 0.12109375 0.375 0.0671875 0.065625
0 0.121875 0.04453125 0.0640625 0.0671875
0 0.16484375 0.20625 0.0671875 0.0625
0 0.09296875 0.09921875 0.0625 0.0640625
0 0.33203125 0.04453125 0.06875 0.065625
0 0.15234375 0.3171875 0.06875 0.0671875
0 0.29765625 0.00859375 0.0640625 0.0171875
0 0.3046875 0.1015625 0.0640625 0.0625
0 0.2 0.03125 0.065625 0.0625
0 0.11484375 0.26015625 0.065625 0.0671875
0 0.1375 0.15 0.071875 0.065625
0 0.1953125 0.2625 0.0640625 0.0640625
0 0.028125 0.315625 0.0453125 0.06875
0 0.1546875 0.45234375 0.0640625 0.0640625
0 0.23515625 0.21875 0.06875 0.0671875
0 0.4453125 0.01640625 0.065625 0.0328125
0 0.02421875 0.56875 0.0484375 0.0625
0 0.1140625 0.51484375 0.0625 0.0640625
0 0.08203125 0.0078125 0.0671875 0.015625
0 0.2203125 0.33359375 0.065625 0.0609375
0 0.0453125 0.25546875 0.06875 0.0671875
0 0.340625 0.17265625 0.0625 0.0609375
0 0.3734375 0.11484375 0.065625 0.0625
0 0.303125 0.21484375 0.0625 0.0609375
0 0.08984375 0.4390625 0.0703125 0.0703125
0 0.078125 0.5609375 0.065625 0.0625
0 0.08984375 0.19453125 0.0703125 0.06875
0 0.0171875 0.4359375 0.0328125 0.0640625
0 0.41328125 0.065625 0.0640625 0.0640625
0 0.259375 0.28515625 0.0625 0.0640625
0 0.03125 0.64375 0.0625 0.065625
1 0.0484375 0.4859375 0.0640625 0.0546875
1 0.04453125 0.3828125 0.071875 0.075
1 0.028125 0.16875 0.0359375 0.0625