0 0.01328125 0.58515625 0.0265625 0.0609375
0 0.1453125 0.66171875 0.0703125 0.0671875
0 0.378125 0.71796875 0.0734375 0.071875
0 0.08203125 0.66015625 0.0640625 0.0671875
0 0.24921875 0.90234375 0.06875 0.06875
0 0.4734375 0.80390625 0.071875 0.071875
0 0.41171875 0.77734375 0.071875 0.0703125
0 0.02265625 0.83203125 0.0453125 0.0703125
0 0.1125 0.90546875 0.071875 0.06875
0 0.48515625 0.97265625 0.0703125 0.0546875
0 0.60625 0.9296875 0.0703125 0.0671875
0 0.053125 0.603125 0.06875 0.0640625
0 0.14453125 0.840625 0.065625 0.0703125
0 0.25 0.771875 0.071875 0.0703125
0 0.20859375 0.84765625 0.0703125 0.0703125
0 0.5609375 0.971875 0.071875 0.05625
0 0.52421875 0.759375 0.06875 0.0671875
0 0.66015625 0.89609375 0.0703125 0.06875
0 0.284375 0.828125 0.0703125 0.0703125
0 0.0828125 0.84296875 0.0703125 0.06875
0 0.2859375 0.95546875 0.071875 0.059375
0 0.17578125 0.903125 0.06875 0.0625
0 0.5640625 0.87734375 0.06875 0.0671875
0 0.73671875 0.88046875 0.0703125 0.065625
1 0.32109375 0.88984375 0.065625 0.071875
0 0.13984375 0.95078125 0.0703125 0.0453125
0 0.52578125 0.92734375 0.0703125 0.0640625
0 0.01875 0.9421875 0.0375 0.0375
0 0.54140625 0.82265625 0.0703125 0.0671875
0 0.6203125 0.84375 0.0703125 0.06875
1 0.1765625 0.71875 0.0703125 0.0640625
1 0.10625 0.72421875 0.06875 0.0703125
1 0.35390625 0.83125 0.071875 0.0640625
1 0.11015625 0.78203125 0.0703125 0.059375
0 0.0734375 0.9453125 0.0640625 0.04375
1 0.4515625 0.91953125 0.071875 0.0671875
0 0.02578125 0.65859375 0.0515625 0.0703125
1 0.38203125 0.9015625 0.0671875 0.0703125
1 0.01171875 0.7703125 0.0234375 0.059375
1 0.815625 0.88359375 0.084375 0.078125
1 0.18046875 0.7796875 0.0640625 0.0640625
1 0.715625 0.94375 0.0703125 0.059375
1 0.03984375 0.90078125 0.065625 0.05625
1 0.4875 0.8703125 0.0734375 0.0640625
1 0.4171875 0.853125 0.0640625 0.0671875
1 0.0390625 0.72421875 0.071875 0.065625
0 0.003125 0.7046875 0.00625 0.065625
1 0.6890625 0.83359375 0.0703125 0.0625
1 0.33359375 0.77734375 0.065625 0.059375
1 0.6515625 0.97734375 0.071875 0.0453125
1 0.78671875 0.94921875 0.0625 0.0703125
1 0.3546875 0.95859375 0.0671875 0.0625
1 0.2109375 0.95390625 0.065625 0.05
1 0.05546875 0.78046875 0.0578125 0.0609375
1 0.253125 0.69765625 0.0828125 0.0734375
1 0.8453125 0.9609375 0.071875 0.0703125
1 0.41484375 0.96953125 0.0640625 0.0546875
0 0.91953125 0.971875 0.0734375 0.05625
1 0.7203125 0.98671875 0.0625 0.0265625
1 0.78671875 0.98984375 0.0703125 0.0203125