1 0.5 0.11640625 0.2140625 0.1984375
1 0.33203125 0.09140625 0.2046875 0.1828125
1 0.1390625 0.7859375 0.225 0.23125
1 0.471875 0.415625 0.21875 0.21875
1 0.0921875 0.61484375 0.184375 0.2640625
1 0.27890625 0.37265625 0.2203125 0.2203125
1 0.57578125 0.2546875 0.2171875 0.2171875
1 0.115625 0.31640625 0.2015625 0.2125
1 0.3890625 0.2265625 0.2234375 0.21875
1 0.2515625 0.6703125 0.21875 0.221875
1 0.15859375 0.06796875 0.1859375 0.1359375
1 0.35546875 0.525 0.2234375 0.24375
1 0.209375 0.18515625 0.225 0.246875
1 0.68046875 0.1296875 0.2203125 0.23125
1 0.04765625 0.44375 0.0953125 0.2
1 0.2515625 0.0171875 0.1875 0.034375
1 0.171875 0.503125 0.2046875 0.2234375
1 0.025 0.746875 0.05 0.20625
1 0.07109375 0.8703125 0.1421875 0.13125
1 0.0859375 0.18671875 0.0984375 0.1890625
1 0.6 0.03984375 0.196875 0.0796875
1 0.4234375 0.021875 0.19375 0.04375
1 0.7734375 0.06484375 0.2046875 0.078125