0 0.034375 0.72734375 0.04375 0.0609375
0 0.30703125 0.784375 0.0640625 0.0625
0 0.034375 0.55078125 0.065625 0.065625
0 0.38515625 0.9734375 0.0640625 0.053125
0 0.1421875 0.940625 0.065625 0.0640625
0 0.50546875 0.8453125 0.065625 0.0640625
0 0.50859375 0.9578125 0.0671875 0.0640625
0 0.56875 0.83671875 0.0625 0.0625
0 0.0734375 0.940625 0.0640625 0.0625
0 0.04921875 0.8859375 0.05 0.059375
0 0.18359375 0.9828125 0.0671875 0.034375
0 0.10078125 0.05546875 0.0625 0.0625
0 0.365625 0.75234375 0.0640625 0.0640625
0 0.2171875 0.11328125 0.0640625 0.0609375
0 0.11015625 0.98046875 0.0640625 0.0390625
0 0.20859375 0.93671875 0.065625 0.0625
0 0.08828125 0.72421875 0.0640625 0.0640625
0 0.31328125 0.97265625 0.0640625 0.0546875
0 0.04609375 0.21484375 0.059375 0.059375
0 0.02890625 0.26875 0.0578125 0.0625
0 0.10703125 0.54765625 0.065625 0.065625
0 0.871875 0.8875 0.0640625 0.065625
0 0.5375 0.7828125 0.065625 0.065625
0 0.44921875 0.97265625 0.0609375 0.0546875
0 0.31171875 0.871875 0.0671875 0.0625
0 0.25546875 0.6859375 0.065625 0.06875
0 0.43046875 0.73828125 0.065625 0.0671875
0 0.328125 0.6609375 0.065625 0.0640625
0 0.06640625 0.49921875 0.0609375 0.059375
0 0.07578125 0.5984375 0.065625 0.0609375
0 0.05234375 0.78203125 0.0609375 0.0609375
0 0.896875 0.828125 0.0625 0.0609375
0 0.77421875 0.95 0.0625 0.0609375
0 0.028125 0.6625 0.0390625 0.0625
0 0.15703125 0.57890625 0.0640625 0.0640625
0 0.20703125 0.725 0.0640625 0.0640625
0 0.9375 0.05703125 0.059375 0.059375
0 0.909375 0.93203125 0.0625 0.0609375
0 0.3515625 0.92734375 0.0625 0.0625
0 0.46796875 0.80703125 0.0671875 0.0625
0 0.76484375 0.734375 0.0640625 0.0625
0 0.0796875 0.6609375 0.0640625 0.0625
0 0.03984375 0.053125 0.0625 0.046875
0 0.346875 0.53359375 0.0625 0.0640625
0 0.5421875 0.903125 0.065625 0.065625
0 0.2078125 0.03671875 0.0609375 0.0375
0 0.6734375 0.8953125 0.065625 0.0625
0 0.346875 0.81875 0.0640625 0.0625
0 0.79765625 0.89296875 0.0609375 0.0609375
0 0.1 0.30546875 0.0640625 0.0625
0 0.26171875 0.06328125 0.0640625 0.0640625
0 0.28203125 0.19296875 0.059375 0.0578125
0 0.83203125 0.73046875 0.0671875 0.0640625
0 0.11875 0.78125 0.065625 0.0640625
0 0.28125 0.92734375 0.06875 0.065625
0 0.01953125 0.6046875 0.03125 0.0609375
0 0.47578125 0.89921875 0.065625 0.065625
0 0.6671875 0.78046875 0.0640625 0.0625
0 0.2734375 0.83203125 0.0671875 0.0625
0 0.328125 0.09296875 0.0609375 0.0578125
0 0.92109375 0.7703125 0.0625 0.0640625
0 0.2453125 0.7703125 0.0640625 0.065625
0 0.4015625 0.56328125 0.065625 0.0625
0 0.17421875 0.890625 0.065625 0.0625
0 0.7953125 0.78359375 0.065625 0.0625
0 0.25078125 0.9765625 0.0640625 0.046875
0 0.63125 0.834375 0.065625 0.0640625
0 0.4046875 0.7953125 0.0625 0.0625
0 0.6609375 0.2703125 0.0625 0.0609375
0 0.00703125 0.203125 0.0140625 0.0625
0 0.6984375 0.84453125 0.065625 0.0640625
0 0.08046875 0.84140625 0.0640625 0.0640625
0 0.60078125 0.78515625 0.0640625 0.0625
0 0.5734375 0.728125 0.065625 0.0671875
0 0.26640625 0.62421875 0.0640625 0.0625
0 0.040625 0.4390625 0.059375 0.05625
0 0.5 0.30625 0.059375 0.0578125
0 0.04140625 0.34140625 0.0625 0.0609375
0 0.0515625 0.99375 0.0375 0.0125
0 0.23984375 0.88203125 0.0640625 0.0625
0 0.0125 0.0921875 0.025 0.0625
0 0.1984375 0.1703125 0.0609375 0.059375
0 0.38046875 0.68828125 0.0640625 0.0609375
0 0.60703125 0.89921875 0.0640625 0.0640625
0 0.12890625 0.4859375 0.0625 0.065625
0 0.69765625 0.734375 0.065625 0.0609375
0 0.834375 0.9390625 0.0671875 0.065625
0 0.1765625 0.3140625 0.0625 0.0609375
0 0.77265625 0.84609375 0.065625 0.0625
0 0.28828125 0.50859375 0.059375 0.059375
0 0.209375 0.82421875 0.0640625 0.0640625
0 0.28671875 0.56875 0.0625 0.065625
0 0.421875 0.93125 0.0625 0.0609375
0 0.45078125 0.66328125 0.0671875 0.0671875
0 0.02109375 0.38984375 0.0421875 0.0609375
0 0.86015625 0.775 0.0625 0.0609375
0 0.7359375 0.9 0.065625 0.0640625
0 0.57890625 0.96015625 0.0671875 0.065625
0 0.9671875 0.92109375 0.065625 0.0609375
0 0.453125 0.59765625 0.059375 0.0609375
0 0.18046875 0.53046875 0.0640625 0.0671875
0 0.39140625 0.1265625 0.0609375 0.05625
0 0.9265625 0.86953125 0.0609375 0.0609375
0 0.31171875 0.72109375 0.0640625 0.0609375
0 0.61953125 0.4984375 0.0625 0.0625
0 0.0265625 0.15234375 0.053125 0.0640625
0 0.77890625 0.3375 0.059375 0.0578125
0 0.178125 0.77109375 0.0609375 0.059375
0 0.77421875 0.2109375 0.059375 0.0625
0 0.21328125 0.5953125 0.065625 0.0640625
0 0.06484375 0.10546875 0.0671875 0.0640625
0 0.59609375 0.109375 0.059375 0.05625
0 0.82890625 0.84609375 0.0625 0.0625
0 0.553125 0.39609375 0.0625 0.0609375
0 0.01796875 0.4953125 0.0359375 0.0625
0 0.5140625 0.68984375 0.0625 0.0609375
0 0.78046875 0.46015625 0.059375 0.0578125
0 0.63359375 0.734375 0.0609375 0.059375
0 0.83671875 0.30546875 0.0609375 0.05625
0 0.7265625 0.7859375 0.0671875 0.0640625
0 0.4375 0.02890625 0.059375 0.0546875
0 0.00703125 0.328125 0.0140625 0.065625
0 0.1421875 0.13515625 0.0625 0.0578125
0 0.55 0.14765625 0.0609375 0.0609375
0 0.66953125 0.4640625 0.0625 0.0640625
0 0.83203125 0.49375 0.0609375 0.0609375
0 0.640625 0.95 0.0625 0.0578125
0 0.70078125 0.94609375 0.0640625 0.0625
0 0.03515625 0.8296875 0.0296875 0.0609375
0 0.334375 0.1671875 0.059375 0.059375
0 0.8015625 0.65546875 0.0640625 0.0640625
0 0.56640625 0.59296875 0.0640625 0.0625
0 0.2265625 0.221875 0.0609375 0.059375
0 0.196875 0.65859375 0.0640625 0.0625
0 0.975 0.61953125 0.05 0.0578125
0 0.3828125 0.0640625 0.0609375 0.059375
0 0.60625 0.2453125 0.0578125 0.059375
0 0.51015625 0.55625 0.0609375 0.0609375
0 0.14375 0.83984375 0.065625 0.0640625
0 0.86484375 0.6734375 0.0640625 0.0671875
0 0.80859375 0.97265625 0.0640625 0.01875
0 0.8296875 0.12109375 0.0609375 0.0578125
0 0.1640625 0.0734375 0.0609375 0.0578125
0 0.73359375 0.5640625 0.0640625 0.0609375
0 0.71171875 0.053125 0.0609375 0.059375
0 0.14140625 0.63984375 0.0640625 0.0640625
0 0.23203125 0.3515625 0.059375 0.05625
0 0.66484375 0.54765625 0.0671875 0.0625
0 0.5421875 0.9875 0.065625 0.025
0 0.9625 0.55390625 0.0640625 0.0671875
0 0.45390625 0.5296875 0.0609375 0.0640625
0 0.3828125 0.884375 0.0640625 0.0640625
0 0.72578125 0.24453125 0.0625 0.0609375
0 0.66953125 0.9796875 0.0640625 0.0234375
0 0.5078125 0.61484375 0.0609375 0.059375
0 0.8359375 0.42890625 0.0625 0.0625
0 0.94453125 0.3015625 0.059375 0.0609375
0 0.39921875 0.63984375 0.0625 0.0640625
0 0.9015625 0.57421875 0.059375 0.0578125
0 0.87578125 0.08515625 0.0546875 0.0546875
0 0.43984375 0.08984375 0.059375 0.05625
0 0.66796875 0.3359375 0.0609375 0.059375
0 0.6828125 0.665625 0.0625 0.0625
0 0.49140625 0.73984375 0.0609375 0.0609375
0 0.98203125 0.95390625 0.0359375 0.0296875
0 0.62421875 0.675 0.0609375 0.0625
0 0.615625 0.4375 0.0578125 0.0578125
0 0.60625 0.1796875 0.059375 0.059375
0 0.85234375 0.55234375 0.0546875 0.0578125
0 0.14765625 0.71328125 0.0640625 0.06875
0 0.28046875 0.12890625 0.0625 0.0609375
0 0.0984375 0.23828125 0.0671875 0.065625
0 0.94609375 0.3625 0.0609375 0.059375
0 0.2859375 0.384375 0.059375 0.0625
0 0.23359375 0.54609375 0.0609375 0.065625
0 0.73359375 0.97734375 0.0625 0.0203125
0 0.71875 0.12109375 0.0609375 0.05625
0 0.60859375 0.98515625 0.0625 0.0203125
0 0.5671875 0.65703125 0.0609375 0.0609375
0 0.171875 0.24453125 0.0640625 0.0578125
0 0.609375 0.30859375 0.0578125 0.059375
0 0.12734375 0.3609375 0.059375 0.059375
0 0.88671875 0.33046875 0.0625 0.05625
0 0.7796875 0.4 0.0625 0.0625
0 0.72890625 0.4921875 0.0640625 0.0609375
0 0.96640625 0.140625 0.0234375 0.059375
0 0.1828125 0.4515625 0.0609375 0.0625
0 0.7625 0.0265625 0.05625 0.053125
0 0.40078125 0.50078125 0.059375 0.0609375
0 0.5046875 0.49453125 0.059375 0.0609375
0 0.76796875 0.14453125 0.0578125 0.059375
0 0.29375 0.44921875 0.05625 0.0578125
0 0.87578125 0.96796875 0.0671875 0.01875
0 0.34453125 0.5953125 0.0609375 0.0609375
0 0.4984375 0.2484375 0.0625 0.0609375
0 0.5015625 0.1875 0.059375 0.05625
0 0.728125 0.43203125 0.0625 0.0609375
0 0.79453125 0.5765625 0.0578125 0.059375
0 0.65625 0.14765625 0.0578125 0.0546875
0 0.7203125 0.30625 0.05625 0.0578125
0 0.9734375 0.79921875 0.053125 0.0671875
0 0.49921875 0.3671875 0.0609375 0.05625
0 0.98046875 0.8609375 0.0390625 0.065625
0 0.10859375 0.88515625 0.0640625 0.059375
0 0.0859375 0.165625 0.059375 0.0609375
0 0.44296875 0.15546875 0.0546875 0.0546875
0 0.55390625 0.3296875 0.05625 0.05625
0 0.6125 0.37109375 0.059375 0.059375
0 0.38828125 0.2515625 0.059375 0.059375
0 0.87578125 0.02734375 0.0609375 0.0546875
0 0.96484375 0.08515625 0.0171875 0.0578125
0 0.5625 0.46484375 0.0609375 0.059375
0 0.07734375 0.3890625 0.0640625 0.0640625
0 0.7765625 0.27421875 0.059375 0.05625
0 0.6671875 0.4046875 0.0625 0.059375
0 0.94296875 0.1828125 0.0625 0.0609375
0 0.22890625 0.28984375 0.059375 0.059375
0 0.00546875 0.43828125 0.0109375 0.0609375
0 0.5546875 0.275 0.0578125 0.05625
0 0.496875 0.12421875 0.0609375 0.0578125
0 0.8890625 0.39375 0.0625 0.0578125
0 0.98125 0.396875 0.0296875 0.059375
0 0.13515625 0.1890625 0.0609375 0.059375
0 0.8875 0.271875 0.0546875 0.05625
0 0.3359375 0.33984375 0.0609375 0.0578125
0 0.9296875 0.115625 0.059375 0.0546875
0 0.18515625 0.38515625 0.059375 0.0609375
0 0.96015625 0.48671875 0.0609375 0.0578125
0 0.34375 0.46875 0.0609375 0.0625
0 0.31953125 0.0359375 0.0546875 0.0515625
0 0.4484375 0.46015625 0.053125 0.05625
0 0.39921875 0.434375 0.05625 0.05625
0 0.33984375 0.41171875 0.05625 0.0609375
0 0.2875 0.31484375 0.053125 0.059375
0 0.28203125 0.253125 0.0578125 0.059375
0 0.34140625 0.228125 0.0546875 0.05625
0 0.3359375 0.28046875 0.065625 0.0625
0 0.39140625 0.31015625 0.0515625 0.05625
0 0.39296875 0.375 0.0625 0.0640625
0 0.45078125 0.39921875 0.0578125 0.059375
0 0.503125 0.43046875 0.053125 0.0609375
0 0.62734375 0.61328125 0.0578125 0.065625
0 0.68359375 0.60546875 0.053125 0.0546875
0 0.74296875 0.67578125 0.0671875 0.059375
0 0.74140625 0.61796875 0.0640625 0.0546875
0 0.859375 0.61875 0.05625 0.0515625
0 0.92109375 0.65078125 0.053125 0.0625
0 0.91875 0.70625 0.05625 0.05625
0 0.97578125 0.734375 0.0484375 0.05
0 0.97421875 0.675 0.0515625 0.053125
0 0.44921875 0.334375 0.0625 0.0578125
0 0.44140625 0.278125 0.059375 0.0515625
0 0.44765625 0.215625 0.05625 0.0484375
0 0.39375 0.18984375 0.0546875 0.0625
0 0.49765625 0.06640625 0.053125 0.05625
0 0.54765625 0.08671875 0.0546875 0.0453125
0 0.5109375 0.0171875 0.05625 0.034375
0 0.55546875 0.028125 0.0515625 0.05625
0 0.60703125 0.05859375 0.05625 0.0546875
0 0.6578125 0.0875 0.0515625 0.0609375
0 0.6125 0.015625 0.05 0.03125
0 0.65390625 0.01796875 0.0546875 0.0359375
0 0.715625 0.0125 0.05625 0.025
0 0.82109375 0.009375 0.0546875 0.01875
0 0.8203125 0.04765625 0.0640625 0.0640625
0 0.77109375 0.09609375 0.0546875 0.05625
0 0.71328125 0.184375 0.0625 0.0609375
0 0.65546875 0.20546875 0.053125 0.0546875
0 0.83203125 0.18984375 0.0609375 0.0640625
0 0.8375 0.2515625 0.0640625 0.0578125
0 0.88359375 0.20546875 0.0625 0.0703125
0 0.9484375 0.246875 0.0515625 0.0578125
0 0.89453125 0.46328125 0.0578125 0.065625
0 0.90859375 0.51875 0.0546875 0.0546875
0 0.56484375 0.52421875 0.0578125 0.0640625
0 0.9484375 0.42734375 0.0546875 0.05625
0 0.8796875 0.1421875 0.0609375 0.05
0 0.93359375 0.0109375 0.0546875 0.021875
0 0.12734375 0.421875 0.0578125 0.0640625