0 0.84921875 0.47109375 0.071875 0.071875
0 0.86640625 0.40859375 0.0734375 0.075
0 0.803125 0.42109375 0.071875 0.0734375
0 0.7484375 0.7828125 0.0765625 0.075
0 0.98359375 0.5453125 0.0328125 0.071875
0 0.83203125 0.53046875 0.0703125 0.06875
0 0.7890625 0.48203125 0.071875 0.0734375
0 0.0359375 0.49609375 0.071875 0.0734375
0 0.7859375 0.65 0.078125 0.078125
0 0.09921875 0.490625 0.071875 0.0734375
0 0.91484375 0.4453125 0.078125 0.078125
0 0.73046875 0.84921875 0.075 0.075
0 0.55703125 0.4140625 0.0765625 0.075
0 0.71171875 0.9109375 0.08125 0.0765625
0 0.89921875 0.51171875 0.0765625 0.0765625
0 0.9859375 0.73203125 0.028125 0.0765625
0 0.878125 0.57421875 0.0734375 0.0734375
0 0.3625 0.43828125 0.0734375 0.0734375
0 0.94375 0.5609375 0.075 0.075
0 0.9703125 0.4328125 0.059375 0.075
0 0.79140625 0.83046875 0.0765625 0.0765625
0 0.81015625 0.58984375 0.0734375 0.071875
0 0.69375 0.38359375 0.075 0.0765625
0 0.9625 0.4984375 0.075 0.075
0 0.5796875 0.94765625 0.078125 0.071875
0 0.1234375 0.2953125 0.0765625 0.078125
0 0.14375 0.546875 0.075 0.075
0 0.66328125 0.44609375 0.071875 0.0734375
0 0.28359375 0.2671875 0.0828125 0.0765625
0 0.76328125 0.71953125 0.0765625 0.0765625
0 0.60078125 0.46484375 0.075 0.075
0 0.85703125 0.6328125 0.0734375 0.071875
0 0.42890625 0.24609375 0.0765625 0.0796875
0 0.0609375 0.43828125 0.071875 0.0734375
0 0.4265625 0.4296875 0.0796875 0.078125
0 0.81171875 0.765625 0.075 0.0765625
0 0.20703125 0.53828125 0.0765625 0.078125
0 0.16328125 0.48359375 0.075 0.075
0 0.71015625 0.3171875 0.0734375 0.071875
0 0.93515625 0.38203125 0.078125 0.078125
0 0.85703125 0.81484375 0.0765625 0.0796875
0 0.90625 0.2046875 0.075 0.071875
0 0.97734375 0.79921875 0.0453125 0.0765625
0 0.6265625 0.39296875 0.0765625 0.078125
0 0.8234375 0.359375 0.0703125 0.0703125
0 0.62578125 0.2578125 0.0765625 0.075
0 0.73828125 0.4359375 0.0765625 0.0765625
0 0.7640625 0.24296875 0.075 0.075
0 0.48359375 0.3015625 0.078125 0.0765625
0 0.31796875 0.98515625 0.0796875 0.0296875
0 0.94921875 0.75078125 0.075 0.0765625
0 0.0765625 0.55078125 0.078125 0.0765625
0 0.60546875 0.759375 0.075 0.0734375
0 0.0171875 0.43984375 0.034375 0.0671875
0 0.4953125 0.42421875 0.0734375 0.0734375
0 0.253125 0.9921875 0.078125 0.015625
0 0.02265625 0.55234375 0.0453125 0.0671875
0 0.92578125 0.81484375 0.0765625 0.0765625
0 0.32421875 0.3890625 0.0765625 0.075
0 0.884375 0.34296875 0.075 0.075
0 0.784375 0.30546875 0.0765625 0.075
0 0.76171875 0.54296875 0.0765625 0.0734375
0 0.02890625 0.38359375 0.0578125 0.0671875
0 0.18515625 0.59765625 0.078125 0.0765625
0 0.33671875 0.5078125 0.075 0.0765625
0 0.53515625 0.4765625 0.0734375 0.0734375
0 0.0828125 0.35546875 0.0765625 0.075
0 0.38828125 0.37421875 0.0734375 0.071875
0 0.15546875 0.23515625 0.078125 0.0734375
0 0.5140625 0.96171875 0.078125 0.0765625
0 0.6015625 0.88359375 0.075 0.0734375
0 0.6140625 0.82265625 0.075 0.071875
0 0.5375 0.89765625 0.0765625 0.08125
0 0.52578125 0.35625 0.075 0.0734375
0 0.38046875 0.97578125 0.0765625 0.0484375
0 0.05078125 0.3 0.0796875 0.078125
0 0.12265625 0.42734375 0.0765625 0.0765625
0 0.7203125 0.671875 0.078125 0.078125
0 0.46328125 0.7859375 0.0765625 0.075
0 0.3609375 0.2546875 0.0796875 0.08125
0 0.6671875 0.8640625 0.0734375 0.0734375
0 0.2 0.32421875 0.075 0.075
0 0.33515625 0.9453125 0.0796875 0.078125
0 0.2171875 0.78671875 0.078125 0.078125
0 0.4125 0.7453125 0.0703125 0.0765625
0 0.04765625 0.61171875 0.0703125 0.0703125
0 0.1796875 0.73046875 0.0734375 0.071875
0 0.234375 0.90546875 0.078125 0.0796875
0 0.13984375 0.7875 0.078125 0.075
0 0.51171875 0.653125 0.078125 0.0765625
0 0.2609375 0.84140625 0.0765625 0.075
0 0.2984375 0.89453125 0.0734375 0.0765625
0 0.540625 0.76171875 0.071875 0.0703125
0 0.6296875 0.70234375 0.0734375 0.0734375
0 0.2265625 0.46875 0.078125 0.078125
0 0.27109375 0.5203125 0.078125 0.0765625
0 0.4453125 0.96953125 0.078125 0.0609375
0 0.5 0.54609375 0.084375 0.0796875
0 0.35625 0.75546875 0.08125 0.078125
0 0.1 0.7328125 0.0890625 0.08125
0 0.2171875 0.65625 0.0765625 0.075
0 0.24140625 0.7203125 0.084375 0.084375
0 0.0203125 0.334375 0.040625 0.078125
1 0.01484375 0.26171875 0.0296875 0.0796875
1 0.1046875 0.215625 0.0828125 0.0828125
1 0.2234375 0.25234375 0.078125 0.08125
1 0.33125 0.19296875 0.0796875 0.0890625
1 0.15 0.36328125 0.0765625 0.06875
1 0.275 0.3359375 0.078125 0.0765625
1 0.18359375 0.41484375 0.0765625 0.0765625
1 0.25234375 0.3984375 0.078125 0.0703125
1 0.50234375 0.225 0.090625 0.0828125
1 0.59296875 0.2046875 0.084375 0.075
1 0.66875 0.1859375 0.090625 0.075
1 0.76796875 0.17109375 0.11875 0.084375
1 0.85546875 0.1515625 0.0765625 0.075
1 0.34140625 0.31875 0.078125 0.0796875
1 0.4109375 0.3140625 0.0703125 0.071875
1 0.5546875 0.26875 0.075 0.075
1 0.69375 0.25 0.0734375 0.078125
1 0.846875 0.21953125 0.078125 0.0703125
1 0.46015625 0.36796875 0.0640625 0.075
1 0.57890625 0.321875 0.0671875 0.0703125
1 0.6390625 0.32421875 0.0828125 0.0828125
1 0.853125 0.28359375 0.0796875 0.0703125
1 0.29453125 0.45 0.0796875 0.0703125
1 0.75625 0.371875 0.078125 0.06875
1 0.4046875 0.49609375 0.0703125 0.0703125
1 0.46953125 0.4875 0.071875 0.0671875
1 0.11171875 0.60859375 0.0734375 0.0671875
1 0.25546875 0.58984375 0.0765625 0.0703125
1 0.31875 0.5765625 0.071875 0.0734375
1 0.37734375 0.56484375 0.0671875 0.078125
1 0.4328125 0.55234375 0.0703125 0.0671875
1 0.575 0.5296875 0.0765625 0.0609375
1 0.653125 0.51640625 0.0625 0.0671875
1 0.70703125 0.49765625 0.0765625 0.059375
1 0.04453125 0.67421875 0.0484375 0.0671875
1 0.10078125 0.66640625 0.090625 0.06875
1 0.16171875 0.66640625 0.0546875 0.0640625
1 0.28828125 0.64765625 0.0765625 0.0703125
1 0.3515625 0.63359375 0.075 0.071875
1 0.41484375 0.61796875 0.0734375 0.071875
1 0.471875 0.60546875 0.0671875 0.065625
1 0.55703125 0.5953125 0.0703125 0.0703125
1 0.6140625 0.58203125 0.075 0.0734375
1 0.6796875 0.56875 0.0765625 0.065625
1 0.3171875 0.6984375 0.075 0.0625
1 0.37890625 0.68828125 0.0734375 0.0703125
1 0.44453125 0.675 0.0828125 0.0765625
1 0.596875 0.64453125 0.0765625 0.0671875
1 0.6609375 0.63046875 0.075 0.071875
1 0.73515625 0.60078125 0.0796875 0.0703125
1 0.078125 0.7953125 0.0625 0.0671875
1 0.2921875 0.771875 0.0796875 0.0765625
1 0.48984375 0.7171875 0.0875 0.0671875
1 0.56953125 0.7046875 0.0671875 0.0765625
1 0.9265625 0.628125 0.08125 0.078125
1 0.97578125 0.61328125 0.0484375 0.0703125
1 0.1140625 0.85 0.0875 0.0796875
1 0.190625 0.8453125 0.0765625 0.078125
1 0.33046875 0.82265625 0.0796875 0.0625
1 0.3984375 0.8078125 0.078125 0.06875
1 0.70078125 0.73515625 0.071875 0.0703125
1 0.8390625 0.69609375 0.0703125 0.0671875
1 0.89921875 0.68984375 0.0765625 0.078125
1 0.96171875 0.678125 0.075 0.075
1 0.16875 0.9125 0.075 0.0765625
1 0.3671875 0.87421875 0.084375 0.06875
1 0.4359375 0.86171875 0.0671875 0.071875
1 0.496875 0.8421875 0.08125 0.0703125
1 0.55625 0.8203125 0.06875 0.0671875
1 0.68359375 0.796875 0.0734375 0.0671875
1 0.88203125 0.7515625 0.0765625 0.0796875
1 0.2109375 0.96640625 0.071875 0.0671875
1 0.27109375 0.95546875 0.0734375 0.0703125
1 0.40546875 0.91953125 0.0703125 0.059375
1 0.65 0.93046875 0.0765625 0.0796875
1 0.784375 0.89296875 0.078125 0.075
1 0.85234375 0.88359375 0.0765625 0.078125
1 0.91328125 0.88046875 0.0765625 0.075
1 0.96328125 0.86875 0.0734375 0.078125
1 0.7546875 0.94140625 0.06875 0.04375
1 0.92109375 0.26875 0.0828125 0.0796875
1 0.946875 0.31171875 0.0578125 0.06875