1 0.909375 0.4453125 0.18125 0.190625
1 0.884375 0.1625 0.184375 0.1953125
1 0.7203125 0.6640625 0.203125 0.1671875
1 0.553125 0.6953125 0.1953125 0.1859375
1 0.2859375 0.57734375 0.1921875 0.1890625
1 0.92578125 0.89296875 0.1484375 0.1546875
1 0.77578125 0.91796875 0.1984375 0.134375
1 0.4109375 0.246875 0.225 0.1859375
1 0.3390625 0.39609375 0.2140625 0.1828125
1 0.09765625 0.31875 0.1953125 0.2
1 0.57734375 0.2203125 0.203125 0.18125
1 0.83671875 0.32734375 0.2109375 0.19375
1 0.2515625 0.26328125 0.1875 0.1921875
1 0.80390625 0.05390625 0.2015625 0.1078125
1 0.10859375 0.15390625 0.178125 0.184375
1 0.1625 0.446875 0.2078125 0.1984375
1 0.67578125 0.35546875 0.1828125 0.184375
1 0.4546875 0.08359375 0.2 0.1671875
1 0.61484375 0.07421875 0.2296875 0.1484375
1 0.8328125 0.778125 0.2109375 0.1921875
1 0.603125 0.534375 0.225 0.196875
1 0.49140625 0.84453125 0.203125 0.16875
1 0.28515625 0.1 0.246875 0.1859375
1 0.9015625 0.6125 0.196875 0.175
1 0.43671875 0.553125 0.2 0.1875
1 0.728125 0.17734375 0.20625 0.1828125
1 0.3765625 0.7203125 0.2078125 0.1828125
1 0.6015625 0.93984375 0.1875 0.1203125
1 0.03515625 0.17890625 0.0703125 0.1890625
1 0.52109375 0.38671875 0.2046875 0.190625
1 0.65390625 0.81015625 0.2015625 0.1828125
1 0.95703125 0.7484375 0.0859375 0.184375
1 0.76796875 0.50546875 0.1703125 0.2015625
1 0.921875 0.0375 0.084375 0.075
1 0.05234375 0.06484375 0.1046875 0.0640625
1 0.9625 0.3015625 0.059375 0.1859375
1 0.17578125 0.04296875 0.1890625 0.0484375