1 0.790625 0.615625 0.20625 0.175
1 0.48671875 0.3171875 0.225 0.1734375
1 0.621875 0.6140625 0.209375 0.1921875
1 0.5625 0.17109375 0.2109375 0.175
1 0.865625 0.13984375 0.215625 0.175
1 0.6375 0.3359375 0.19375 0.1921875
1 0.809375 0.309375 0.2109375 0.171875
1 0.71328125 0.76171875 0.225 0.19375
1 0.5421875 0.45546875 0.2234375 0.1828125
1 0.93828125 0.27734375 0.1234375 0.1859375
1 0.8015625 0.9125 0.1703125 0.165625
1 0.47578125 0.05234375 0.2296875 0.1046875
1 0.76015625 0.4765625 0.23125 0.1984375
1 0.89296875 0.7515625 0.1765625 0.1890625
1 0.90234375 0.91171875 0.1296875 0.1703125
1 0.39296875 0.153125 0.2125 0.2
1 0.303125 0.05625 0.1875 0.1125
1 0.7421875 0.1640625 0.23125 0.20625
1 0.93515625 0.603125 0.128125 0.1640625
1 0.90234375 0.446875 0.16875 0.1875
1 0.975 0.13203125 0.05 0.1359375
1 0.6203125 0.04609375 0.171875 0.0890625
1 0.86171875 0.98515625 0.1765625 0.0296875
1 0.97109375 0.43515625 0.0578125 0.2078125
1 0.79609375 0.05078125 0.2140625 0.0671875
1 0.940625 0.0640625 0.11875 0.053125