1 0.14296875 0.38828125 0.2140625 0.2125
1 0.3390625 0.36484375 0.2 0.1921875
1 0.5140625 0.3578125 0.184375 0.209375
1 0.771875 0.25546875 0.265625 0.2171875
1 0.67890625 0.38671875 0.196875 0.2078125
1 0.8703125 0.3859375 0.2078125 0.203125
1 0.86953125 0.959375 0.1890625 0.08125
1 0.915625 0.859375 0.128125 0.221875
1 0.928125 0.540625 0.14375 0.20625
1 0.775 0.54609375 0.2109375 0.1984375
1 0.87890625 0.7140625 0.2234375 0.203125
1 0.59453125 0.5296875 0.2046875 0.2046875
1 0.6984375 0.68828125 0.2 0.2203125
1 0.771875 0.85234375 0.20625 0.20625
1 0.4140625 0.528125 0.2109375 0.20625
1 0.52265625 0.6890625 0.20625 0.2234375
1 0.59375 0.86328125 0.2 0.203125
1 0.70703125 0.95234375 0.1984375 0.0953125
1 0.23046875 0.5140625 0.1984375 0.2359375
1 0.32890625 0.67421875 0.203125 0.20625
1 0.434375 0.8359375 0.18125 0.225
1 0.51484375 0.9578125 0.1953125 0.084375
1 0.07265625 0.528125 0.1453125 0.228125
1 0.15546875 0.678125 0.1890625 0.2
1 0.26171875 0.83828125 0.196875 0.2046875
1 0.33203125 0.93515625 0.1953125 0.11875
1 0.15390625 0.91796875 0.1765625 0.1203125
1 0.08671875 0.8328125 0.1734375 0.20625
1 0.04140625 0.6796875 0.0828125 0.209375