0 0.02734375 0.48125 0.0515625 0.05
0 0.2046875 0.20546875 0.053125 0.0546875
0 0.1578125 0.20078125 0.0546875 0.053125
0 0.0375 0.528125 0.05 0.05
0 0.15078125 0.38984375 0.05 0.05
0 0.23203125 0.2921875 0.05 0.05
0 0.05703125 0.265625 0.0390625 0.0453125
0 0.17109375 0.24375 0.05 0.05
0 0.21796875 0.24921875 0.053125 0.053125
0 0.18203125 0.353125 0.0515625 0.05
0 0.01640625 0.559375 0.0328125 0.05
0 0.115625 0.30859375 0.0515625 0.05
0 0.06953125 0.48828125 0.05 0.05
0 0.01484375 0.440625 0.0296875 0.046875
0 0.24765625 0.215625 0.0515625 0.053125
0 0.028125 0.4109375 0.0484375 0.05
0 0.1125 0.38046875 0.05 0.05
0 0.12109375 0.42421875 0.0515625 0.05
0 0.06015625 0.37734375 0.0515625 0.0515625
0 0.16171875 0.31015625 0.046875 0.05
0 0.19140625 0.28359375 0.05 0.0515625
0 0.0703125 0.425 0.046875 0.046875
0 0.09765625 0.27109375 0.05 0.0484375
0 0.26328125 0.253125 0.05 0.0484375
0 0.13515625 0.3484375 0.0515625 0.05
0 0.096875 0.4578125 0.0515625 0.05
0 0.0453125 0.3328125 0.0484375 0.0515625
0 0.10703125 0.21015625 0.053125 0.0546875
0 0.14609375 0.27734375 0.0515625 0.05
0 0.05 0.4515625 0.0515625 0.05
0 0.01171875 0.5125 0.0234375 0.046875
0 0.2859375 0.225 0.0484375 0.05
0 0.08515625 0.34921875 0.0484375 0.05
0 0.040625 0.29765625 0.021875 0.0390625
0 0.20234375 0.328125 0.0484375 0.0453125
0 0.06484375 0.30703125 0.05 0.0484375
0 0.05703125 0.225 0.021875 0.046875
0 0.021875 0.37890625 0.0234375 0.0484375
0 0.003125 0.478125 0.00625 0.04375
0 0.1296875 0.23671875 0.04375 0.0484375