1 0.115625 0.54765625 0.2109375 0.1921875
1 0.29140625 0.53515625 0.221875 0.1984375
1 0.46875 0.56015625 0.19375 0.1890625
1 0.653125 0.51796875 0.2 0.215625
1 0.83359375 0.55 0.184375 0.19375
1 0.18671875 0.9578125 0.1890625 0.084375
1 0.39140625 0.9546875 0.2140625 0.090625
1 0.58046875 0.94375 0.1921875 0.1125
1 0.7734375 0.93828125 0.1859375 0.1234375
1 0.934375 0.928125 0.13125 0.14375
1 0.8546875 0.81953125 0.1921875 0.1859375
1 0.65390625 0.8359375 0.19375 0.1859375
1 0.5015625 0.82421875 0.1859375 0.196875
1 0.30234375 0.85078125 0.2 0.1875
1 0.1140625 0.8671875 0.1921875 0.1453125
1 0.05078125 0.71015625 0.1015625 0.190625
1 0.18828125 0.72890625 0.2 0.1890625
1 0.38359375 0.715625 0.2125 0.184375
1 0.59765625 0.6796875 0.2 0.153125
1 0.76875 0.6765625 0.1890625 0.190625
1 0.93046875 0.66171875 0.1390625 0.184375