1 0.146875 0.06640625 0.234375 0.1328125
1 0.325 0.06640625 0.1875 0.1328125
1 0.4734375 0.0671875 0.215625 0.134375
1 0.65859375 0.06796875 0.215625 0.1328125
1 0.83984375 0.06328125 0.184375 0.109375
1 0.0671875 0.2109375 0.1203125 0.1828125
1 0.2203125 0.19296875 0.2046875 0.159375
1 0.384375 0.19375 0.19375 0.159375
1 0.203125 0.9328125 0.215625 0.121875
1 0.353125 0.9203125 0.1484375 0.1546875
1 0.5078125 0.91796875 0.215625 0.1640625
1 0.6859375 0.9234375 0.2375 0.153125
1 0.8640625 0.928125 0.1875 0.14375
1 0.9234375 0.78046875 0.140625 0.2
1 0.76015625 0.80234375 0.2046875 0.165625
1 0.56328125 0.77890625 0.209375 0.1640625
1 0.4109375 0.7625 0.1796875 0.1875
1 0.2515625 0.8 0.2015625 0.1609375
1 0.084375 0.8421875 0.16875 0.1875
1 0.04140625 0.68359375 0.0828125 0.1609375
1 0.175 0.66015625 0.2234375 0.2
1 0.290625 0.628125 0.203125 0.1546875
1 0.48203125 0.6234375 0.2078125 0.1578125
1 0.67578125 0.65859375 0.215625 0.1953125
1 0.84921875 0.64375 0.190625 0.1578125
1 0.08203125 0.50859375 0.1640625 0.1546875
1 0.23125 0.49609375 0.2125 0.1359375
1 0.40703125 0.4859375 0.184375 0.1796875
1 0.584375 0.4765625 0.1921875 0.190625
1 0.7421875 0.496875 0.2125 0.175
1 0.90546875 0.5 0.1890625 0.196875
1 0.94375 0.35078125 0.1125 0.1578125
1 0.83046875 0.3375 0.1828125 0.1953125
1 0.659375 0.34921875 0.2078125 0.1890625
1 0.46796875 0.334375 0.1875 0.159375
1 0.30390625 0.33125 0.1921875 0.1921875
1 0.15546875 0.34140625 0.159375 0.171875
1 0.05390625 0.35859375 0.103125 0.15625
1 0.56953125 0.2 0.175 0.1796875
1 0.73046875 0.1703125 0.203125 0.165625
1 0.896875 0.20078125 0.20625 0.1953125