1 0.275 0.96953125 0.225 0.0609375
1 0.45546875 0.953125 0.2078125 0.09375
1 0.62734375 0.93203125 0.2296875 0.1359375
1 0.8015625 0.896875 0.1953125 0.1484375
1 0.93125 0.84609375 0.1375 0.1953125
1 0.96640625 0.72734375 0.0671875 0.1921875
1 0.825 0.74609375 0.2078125 0.1875
1 0.66953125 0.81015625 0.1859375 0.2046875
1 0.49921875 0.8484375 0.2265625 0.196875
1 0.3109375 0.89140625 0.225 0.2046875
1 0.16640625 0.9046875 0.1953125 0.1828125
1 0.09375 0.77734375 0.1359375 0.18125
1 0.21328125 0.74609375 0.225 0.2125
1 0.38046875 0.7296875 0.2046875 0.2078125
1 0.5359375 0.6890625 0.221875 0.19375
1 0.71015625 0.6390625 0.25625 0.2078125
1 0.90546875 0.60546875 0.1890625 0.2078125
1 0.91328125 0.44921875 0.1734375 0.2046875
1 0.77890625 0.49609375 0.2078125 0.1875
1 0.5921875 0.49765625 0.2125 0.1765625
1 0.45234375 0.5484375 0.21875 0.1921875
1 0.27109375 0.578125 0.2140625 0.1796875
1 0.1015625 0.61328125 0.19375 0.19375
1 0.05 0.47734375 0.1 0.2078125
1 0.159375 0.45859375 0.2578125 0.21875
1 0.3359375 0.43203125 0.209375 0.20625
1 0.48984375 0.3765625 0.228125 0.2078125
1 0.66953125 0.34921875 0.24375 0.2140625
1 0.840625 0.31953125 0.1921875 0.171875
1 0.87890625 0.17734375 0.1765625 0.20625
1 0.71796875 0.20234375 0.2234375 0.2109375
1 0.53125 0.21640625 0.2125 0.184375
1 0.37421875 0.25078125 0.190625 0.21875
1 0.2046875 0.30546875 0.221875 0.1875
1 0.06015625 0.315625 0.1203125 0.178125
1 0.10625 0.18046875 0.2125 0.2171875
1 0.2625 0.1328125 0.20625 0.178125
1 0.42578125 0.096875 0.2015625 0.171875
1 0.6078125 0.08515625 0.215625 0.1703125
1 0.76953125 0.07109375 0.2640625 0.1421875