0 0.89140625 0.94453125 0.05 0.028125
0 0.9375 0.93828125 0.0515625 0.0296875
0 0.97890625 0.92890625 0.0421875 0.0359375
0 0.621875 0.9546875 0.0546875 0.0546875
0 0.6734375 0.95234375 0.0546875 0.053125
0 0.721875 0.9453125 0.0546875 0.0515625
0 0.76875 0.93984375 0.05 0.05
0 0.81484375 0.93046875 0.0515625 0.053125
0 0.8609375 0.925 0.053125 0.053125
0 0.90859375 0.91484375 0.05 0.0484375
0 0.95703125 0.90546875 0.0546875 0.05
0 0.98984375 0.90234375 0.0203125 0.0515625
0 0.59375 0.92265625 0.053125 0.05
0 0.640625 0.91640625 0.053125 0.05
0 0.68828125 0.9109375 0.05 0.05
0 0.7359375 0.90234375 0.0515625 0.05
0 0.784375 0.8984375 0.0515625 0.0515625
0 0.83203125 0.88515625 0.0515625 0.053125
0 0.88046875 0.875 0.053125 0.053125
0 0.9265625 0.86875 0.05 0.05
0 0.9734375 0.85859375 0.0515625 0.05
0 0.56171875 0.8875 0.0515625 0.0515625
0 0.58203125 0.8484375 0.0515625 0.053125
0 0.61484375 0.88984375 0.053125 0.0515625
0 0.66015625 0.87421875 0.0515625 0.0515625
0 0.6296875 0.8359375 0.0546875 0.0546875
0 0.67578125 0.821875 0.053125 0.0515625
0 0.70546875 0.859375 0.0515625 0.053125
0 0.7234375 0.821875 0.0515625 0.053125
0 0.7546875 0.85859375 0.053125 0.053125
0 0.80234375 0.84921875 0.053125 0.0515625
0 0.84765625 0.83359375 0.05 0.05
0 0.89375 0.82734375 0.0515625 0.0484375
0 0.94296875 0.82265625 0.0546875 0.0515625
0 0.9828125 0.8140625 0.034375 0.05
0 0.7703125 0.81171875 0.05625 0.0578125
0 0.8171875 0.803125 0.0515625 0.053125
0 0.865625 0.79453125 0.0515625 0.0515625
0 0.9125 0.7875 0.053125 0.0515625
0 0.96171875 0.784375 0.0515625 0.0546875
0 0.98984375 0.76953125 0.0203125 0.0546875
0 0.2890625 0.99296875 0.05 0.0140625
0 0.3359375 0.98671875 0.053125 0.0265625
0 0.38515625 0.984375 0.0515625 0.03125
0 0.4328125 0.98046875 0.05625 0.0390625
0 0.48125 0.97578125 0.05625 0.0484375
0 0.53203125 0.971875 0.05 0.0515625
0 0.578125 0.9640625 0.0515625 0.053125
0 0.07734375 0.99140625 0.0421875 0.0171875
0 0.121875 0.98828125 0.05625 0.0234375
0 0.1703125 0.98515625 0.053125 0.0296875
0 0.21640625 0.9796875 0.0515625 0.040625
0 0.26328125 0.9765625 0.0546875 0.046875
0 0.30859375 0.96640625 0.0515625 0.053125
0 0.3546875 0.95625 0.0578125 0.0578125
0 0.40234375 0.94921875 0.0515625 0.053125
0 0.44921875 0.94453125 0.053125 0.05
0 0.496875 0.93671875 0.05625 0.0515625
0 0.5515625 0.92890625 0.0765625 0.0734375
0 0.0875 0.9609375 0.05625 0.053125
0 0.1375 0.9578125 0.053125 0.0515625
0 0.1828125 0.94921875 0.0515625 0.053125
0 0.23046875 0.94140625 0.053125 0.053125
0 0.27890625 0.9375 0.053125 0.0484375
0 0.3234375 0.91484375 0.0515625 0.053125
0 0.3734375 0.91015625 0.0546875 0.0515625
0 0.4203125 0.9046875 0.0515625 0.0515625
0 0.46796875 0.90078125 0.0515625 0.053125
0 0.5171875 0.9 0.0546875 0.059375
0 0.06640625 0.92578125 0.0421875 0.05625
0 0.10546875 0.915625 0.0515625 0.053125
0 0.1515625 0.909375 0.05625 0.053125
0 0.19921875 0.903125 0.0515625 0.0515625
0 0.24921875 0.8984375 0.0484375 0.05
0 0.2953125 0.89375 0.05 0.0515625
0 0.3453125 0.878125 0.0515625 0.046875
0 0.39375 0.875 0.05 0.046875
0 0.44140625 0.8671875 0.05 0.0484375
0 0.4875 0.86328125 0.05 0.05
0 0.534375 0.85859375 0.05 0.0515625
0 0.46328125 0.8265625 0.053125 0.053125
0 0.21484375 0.85546875 0.05625 0.05625
0 0.16640625 0.8734375 0.0515625 0.05