0 0.04765625 0.028125 0.0359375 0.05625
0 0.2265625 0.1859375 0.06875 0.0671875
0 0.2703125 0.1390625 0.0703125 0.0703125
0 0.28671875 0.025 0.0671875 0.05
0 0.35546875 0.02890625 0.0703125 0.0578125
0 0.096875 0.02890625 0.06875 0.0578125
0 0.06484375 0.0875 0.0703125 0.06875
0 0.2484375 0.07109375 0.0703125 0.0671875
0 0.20234375 0.11875 0.06875 0.065625
0 0.22890625 0.0109375 0.0703125 0.021875
0 0.18671875 0.04375 0.06875 0.06875
0 0.3109375 0.07890625 0.0703125 0.071875
0 0.1625 0.1671875 0.065625 0.0640625
0 0.13125 0.09453125 0.0671875 0.06875
0 0.10234375 0.15625 0.0671875 0.0625
0 0.05859375 0.225 0.071875 0.0734375
0 0.046875 0.15078125 0.05 0.0640625
0 0.121875 0.221875 0.0734375 0.071875