0 0.128125 0.02421875 0.05 0.0484375
0 0.2734375 0.0375 0.0515625 0.0515625
0 0.40234375 0.0140625 0.0484375 0.028125
0 0.26328125 0.20234375 0.0515625 0.053125
0 0.3515625 0.0109375 0.05 0.021875
0 0.17734375 0.02734375 0.0484375 0.05
0 0.2515625 0.01015625 0.05 0.0203125
0 0.24453125 0.07734375 0.05 0.05
0 0.15 0.06484375 0.05 0.0515625
0 0.140625 0.15859375 0.0515625 0.053125
0 0.2046875 0.00703125 0.05 0.0140625
0 0.23515625 0.24453125 0.053125 0.053125
0 0.2984375 0.01171875 0.05 0.0234375
0 0.15703125 0.28515625 0.053125 0.053125
0 0.19140625 0.24765625 0.05 0.0515625
0 0.22734375 0.03125 0.05 0.0515625
0 0.10546875 0.27734375 0.053125 0.0515625
0 0.11328125 0.1953125 0.0515625 0.0515625
0 0.05546875 0.275 0.053125 0.0515625
0 0.1 0.0625 0.05 0.0515625
0 0.09296875 0.1515625 0.053125 0.0546875
0 0.128125 0.32265625 0.053125 0.053125
0 0.3796875 0.040625 0.05 0.05
0 0.3 0.0796875 0.0515625 0.0515625
0 0.04296875 0.23046875 0.03125 0.053125
0 0.1359375 0.2375 0.0515625 0.0515625
0 0.0625 0.06171875 0.0296875 0.05
0 0.07734375 0.021875 0.0484375 0.04375
0 0.0625 0.1890625 0.05 0.0515625
0 0.32265625 0.12734375 0.053125 0.0515625
0 0.08359375 0.23359375 0.0515625 0.053125
0 0.16640625 0.20546875 0.0515625 0.053125
0 0.21796875 0.11640625 0.05 0.0515625
0 0.16875 0.11640625 0.0515625 0.053125
0 0.17890625 0.32421875 0.0546875 0.0546875
0 0.24296875 0.16015625 0.053125 0.053125
0 0.29609375 0.17265625 0.0515625 0.053125
0 0.2109375 0.28359375 0.0515625 0.0484375
0 0.32734375 0.0375 0.0515625 0.05
0 0.07265625 0.10625 0.05 0.0515625
0 0.19921875 0.07109375 0.0515625 0.0515625
0 0.05234375 0.1453125 0.0296875 0.0484375
0 0.0984375 0.35703125 0.0515625 0.0515625
0 0.21484375 0.19921875 0.0515625 0.053125
0 0.2703125 0.12109375 0.053125 0.053125
0 0.07734375 0.31484375 0.0515625 0.0515625
0 0.34921875 0.08203125 0.0546875 0.05625
0 0.190625 0.1609375 0.053125 0.0546875
0 0.12421875 0.11171875 0.05 0.0515625
0 0.15390625 0.3671875 0.053125 0.0515625