1 0.82421875 0.23515625 0.209375 0.203125
1 0.22890625 0.75 0.2203125 0.190625
1 0.07890625 0.171875 0.1578125 0.196875
1 0.5125 0.79375 0.20625 0.2078125
1 0.696875 0.10625 0.203125 0.196875
1 0.61015625 0.43359375 0.2265625 0.2109375
1 0.3984375 0.6734375 0.221875 0.19375
1 0.67265625 0.7203125 0.23125 0.2203125
1 0.9109375 0.35703125 0.16875 0.196875
1 0.415625 0.50078125 0.275 0.228125
1 0.06484375 0.32890625 0.1296875 0.1984375
1 0.3140625 0.95859375 0.209375 0.0828125
1 0.48828125 0.33828125 0.2328125 0.221875
1 0.8359375 0.08515625 0.184375 0.1703125
1 0.134375 0.45234375 0.203125 0.2046875
1 0.21796875 0.115625 0.2125 0.1625
1 0.3390625 0.2328125 0.2375 0.221875
1 0.10546875 0.6359375 0.20625 0.2125
1 0.56171875 0.59296875 0.2265625 0.2203125
1 0.77734375 0.3984375 0.2140625 0.2203125
1 0.86484375 0.67734375 0.2125 0.19375
1 0.1609375 0.26875 0.225 0.2046875
1 0.93203125 0.78125 0.1359375 0.2125
1 0.29375 0.4015625 0.228125 0.215625
1 0.17578125 0.9015625 0.2203125 0.196875
1 0.65546875 0.26484375 0.2234375 0.20625
1 0.65703125 0.89609375 0.2171875 0.1953125
1 0.50546875 0.14921875 0.2234375 0.2140625
1 0.390625 0.0703125 0.215625 0.140625
1 0.171875 0.984375 0.140625 0.03125
1 0.35625 0.84765625 0.2328125 0.215625
1 0.90390625 0.5140625 0.1921875 0.178125
1 0.10078125 0.7953125 0.1265625 0.1890625
1 0.48671875 0.92578125 0.2171875 0.1484375
1 0.740625 0.546875 0.228125 0.2078125
1 0.57578125 0.05 0.2109375 0.1
1 0.80546875 0.82578125 0.1984375 0.2046875
1 0.74609375 0.0171875 0.1984375 0.034375
1 0.25078125 0.58515625 0.1921875 0.215625
1 0.95859375 0.61953125 0.0828125 0.1921875
1 0.04765625 0.49140625 0.0953125 0.1984375
1 0.91484375 0.87734375 0.1703125 0.1109375
1 0.92265625 0.20390625 0.084375 0.1921875
1 0.75703125 0.934375 0.175 0.075