0 0.44375 0.02734375 0.0625 0.0546875
0 0.54375 0.06640625 0.06171875 0.05859375
0 0.02421875 0.05625 0.0484375 0.06015625
0 0.26953125 0.06953125 0.0640625 0.0625
0 0.40546875 0.0828125 0.06171875 0.05859375
0 0.60859375 0.0703125 0.06171875 0.06015625
0 0.02109375 0.165625 0.04140625 0.0578125
0 0.9828125 0.0671875 0.034375 0.0625
0 0.1390625 0.16875 0.0625 0.05859375
0 0.14296875 0.05625 0.06328125 0.06015625
0 0.37890625 0.02890625 0.06328125 0.05703125
0 0.50625 0.12890625 0.0625 0.0609375
0 0.44140625 0.12109375 0.0625 0.059375
0 0.078125 0.165625 0.06171875 0.0578125
0 0.63828125 0.12421875 0.06171875 0.05859375
0 0.6703125 0.07421875 0.06171875 0.0609375
0 0.47890625 0.06953125 0.06171875 0.0609375
0 0.09765625 0.01328125 0.06171875 0.0265625
0 0.30703125 0.02734375 0.06328125 0.05390625
0 0.17109375 0.1203125 0.06015625 0.06171875
0 0.20078125 0.17265625 0.06171875 0.0609375
0 0.73359375 0.08515625 0.06328125 0.0609375
0 0.30546875 0.1234375 0.0640625 0.059375
0 0.3421875 0.07421875 0.0609375 0.0578125
0 0.40390625 0.1765625 0.06328125 0.0625
0 0.76953125 0.0265625 0.0625 0.05234375
0 0.8953125 0.1296875 0.06171875 0.0609375
0 0.20546875 0.06015625 0.059375 0.0578125
0 0.70703125 0.12890625 0.06171875 0.0578125
0 0.92890625 0.07109375 0.06171875 0.0609375
0 0.47578125 0.1796875 0.0625 0.0578125
0 0.8015625 0.078125 0.06171875 0.059375
0 0.77109375 0.13125 0.06328125 0.06015625
0 0.10859375 0.115625 0.0625 0.0625
0 0.834375 0.13359375 0.0625 0.06015625
0 0.37265625 0.121875 0.0625 0.05859375
0 0.23671875 0.115625 0.0640625 0.0609375
0 0.16328125 0.01328125 0.0625 0.02578125
0 0.54296875 0.1796875 0.06171875 0.0609375
0 0.9328125 0.18125 0.0609375 0.0609375
0 0.60703125 0.18359375 0.0640625 0.05859375
0 0.04765625 0.11171875 0.06015625 0.05859375
0 0.57421875 0.12265625 0.0625 0.0609375
0 0.33515625 0.175 0.06171875 0.06015625
0 0.63984375 0.02578125 0.0640625 0.0515625
0 0.27109375 0.17578125 0.0640625 0.0640625
0 0.9828125 0.184375 0.034375 0.06015625
0 0.08203125 0.05546875 0.05859375 0.05703125
0 0.96328125 0.121875 0.06328125 0.059375
0 0.834375 0.0234375 0.0625 0.046875
0 0.80703125 0.1828125 0.0640625 0.0640625
0 0.5109375 0.02265625 0.065625 0.0453125
0 0.734375 0.17578125 0.0625 0.05703125
0 0.9671875 0.01875 0.06484375 0.0375
0 0.22734375 0.01484375 0.065625 0.0296875
0 0.67109375 0.1765625 0.0609375 0.0578125
0 0.03515625 0.0109375 0.0640625 0.021875
0 0.90078125 0.01953125 0.0640625 0.0390625
0 0.86328125 0.0734375 0.0625 0.05703125
0 0.5765625 0.01875 0.0625 0.0375
0 0.70703125 0.02421875 0.06171875 0.0484375
0 0.87109375 0.1953125 0.0625 0.06171875