2 0.94765625 0.115625 0.0703125 0.0421875
2 0.70078125 0.2578125 0.0609375 0.0484375
0 0.459375 0.01484375 0.053125 0.0296875
0 0.4703125 0.04453125 0.053125 0.053125
0 0.48671875 0.0890625 0.05 0.05
0 0.49609375 0.12890625 0.053125 0.0546875
0 0.50859375 0.1734375 0.0515625 0.053125
0 0.52265625 0.21640625 0.05 0.0515625
0 0.53671875 0.2578125 0.0515625 0.0515625
0 0.55 0.30703125 0.053125 0.053125
0 0.56484375 0.3546875 0.053125 0.053125
0 0.58046875 0.39765625 0.05 0.0515625
0 0.59140625 0.44140625 0.053125 0.0515625
0 0.60546875 0.484375 0.05 0.0515625
0 0.61875 0.52890625 0.053125 0.0515625
0 0.63125 0.571875 0.053125 0.0515625
0 0.64375 0.61796875 0.0515625 0.053125
0 0.65703125 0.66015625 0.0546875 0.053125
0 0.67109375 0.69921875 0.0515625 0.05
0 0.68203125 0.74453125 0.053125 0.053125
0 0.696875 0.78828125 0.0484375 0.0515625
0 0.71015625 0.83046875 0.05 0.0515625
0 0.7234375 0.87421875 0.0515625 0.05
0 0.734375 0.91640625 0.0515625 0.053125
0 0.7484375 0.959375 0.05 0.05
0 0.759375 0.9875 0.053125 0.025
0 0.5046875 0.0171875 0.05 0.034375
0 0.51953125 0.0515625 0.0484375 0.0515625
0 0.53125 0.0953125 0.0546875 0.0515625
0 0.54765625 0.1375 0.0515625 0.053125
0 0.5578125 0.1796875 0.05625 0.0546875
0 0.5671875 0.22578125 0.0484375 0.0484375
0 0.578125 0.26953125 0.0515625 0.0546875
0 0.59375 0.31484375 0.0546875 0.0546875
0 0.61015625 0.36328125 0.0515625 0.0515625
0 0.6234375 0.40703125 0.0546875 0.05625
0 0.63671875 0.44921875 0.0484375 0.0484375
0 0.6515625 0.49140625 0.05 0.053125
0 0.66328125 0.5359375 0.0515625 0.0546875
0 0.67734375 0.57734375 0.05 0.05
0 0.690625 0.62265625 0.0515625 0.053125
0 0.703125 0.665625 0.053125 0.0515625
0 0.715625 0.71171875 0.0546875 0.053125
0 0.728125 0.75390625 0.0515625 0.0546875
0 0.7421875 0.7953125 0.053125 0.0515625
0 0.7546875 0.84140625 0.05 0.0515625
0 0.76875 0.88359375 0.053125 0.0515625
0 0.78125 0.92734375 0.0515625 0.0515625
0 0.79453125 0.97109375 0.053125 0.0546875
0 0.80703125 0.99375 0.0515625 0.0125
0 0.54921875 0.02109375 0.0515625 0.0421875
0 0.59296875 0.02734375 0.05 0.0484375
0 0.64140625 0.03984375 0.0484375 0.046875
0 0.6828125 0.0515625 0.05 0.0484375
0 0.7265625 0.0609375 0.0484375 0.04375
0 0.771875 0.0734375 0.046875 0.04375
0 0.8125 0.084375 0.046875 0.04375
0 0.56328125 0.0609375 0.0515625 0.05
0 0.609375 0.06640625 0.05 0.05
0 0.653125 0.08046875 0.0515625 0.05
0 0.69765625 0.0921875 0.05 0.05
0 0.740625 0.10234375 0.05 0.0515625
0 0.78359375 0.1140625 0.0515625 0.0515625
0 0.57578125 0.10390625 0.05 0.0515625
0 0.6203125 0.11328125 0.0515625 0.05
0 0.66484375 0.1265625 0.046875 0.04375
0 0.71015625 0.13515625 0.05 0.05
0 0.85859375 0.0953125 0.046875 0.0421875
0 0.82890625 0.125 0.0515625 0.05
0 0.8734375 0.1359375 0.05 0.05
0 0.90234375 0.10625 0.046875 0.040625
0 0.98671875 0.13125 0.0265625 0.040625
0 0.9171875 0.14375 0.05 0.05
0 0.9640625 0.15546875 0.0484375 0.0484375
0 0.99296875 0.16875 0.0140625 0.05
0 0.75546875 0.14765625 0.0484375 0.0484375
0 0.7984375 0.15546875 0.0515625 0.0515625
0 0.84140625 0.16484375 0.0515625 0.0515625
0 0.8859375 0.17734375 0.0515625 0.053125
0 0.93359375 0.18984375 0.0546875 0.0515625
0 0.97578125 0.19921875 0.0484375 0.0515625
0 0.5890625 0.14609375 0.0515625 0.053125
0 0.634375 0.16015625 0.05 0.053125
0 0.67734375 0.1703125 0.0546875 0.053125
0 0.72109375 0.17734375 0.0515625 0.0515625
0 0.76640625 0.19140625 0.05 0.0515625
0 0.81171875 0.2 0.0515625 0.0484375
0 0.85390625 0.209375 0.0515625 0.0515625
0 0.6015625 0.19453125 0.053125 0.0515625
0 0.64765625 0.20390625 0.0484375 0.0515625
0 0.68984375 0.21328125 0.0515625 0.0515625
0 0.73671875 0.2234375 0.053125 0.0546875
0 0.89921875 0.21875 0.053125 0.053125
0 0.82421875 0.24453125 0.0484375 0.046875
0 0.865625 0.2546875 0.053125 0.0515625
0 0.77890625 0.234375 0.05 0.05
0 0.9125 0.2625 0.0515625 0.0546875
0 0.9453125 0.2328125 0.0515625 0.0515625
0 0.9578125 0.2765625 0.0546875 0.053125
0 0.87734375 0.296875 0.0515625 0.053125
0 0.834375 0.2875 0.05 0.0515625
0 0.78984375 0.27734375 0.0515625 0.053125
0 0.74921875 0.2703125 0.05 0.0515625
0 0.66015625 0.246875 0.0515625 0.05
0 0.61328125 0.2375 0.05 0.05
0 0.62578125 0.2796875 0.0515625 0.0515625
0 0.66875 0.29296875 0.0515625 0.0515625
0 0.71484375 0.30234375 0.0515625 0.053125
0 0.6421875 0.32578125 0.0484375 0.05
0 0.684375 0.3390625 0.0515625 0.0546875
0 0.76015625 0.31328125 0.053125 0.0546875
0 0.803125 0.3203125 0.053125 0.0515625
0 0.84765625 0.33359375 0.0515625 0.05
0 0.896875 0.34140625 0.0515625 0.053125
0 0.73046875 0.34609375 0.0515625 0.0515625
0 0.77578125 0.35546875 0.0515625 0.053125
0 0.81796875 0.3640625 0.053125 0.053125
0 0.8625 0.375 0.0546875 0.053125
0 0.90703125 0.384375 0.0546875 0.053125
0 0.653125 0.3734375 0.05625 0.05625
0 0.69765625 0.38125 0.053125 0.053125
0 0.74140625 0.390625 0.0515625 0.0515625
0 0.7859375 0.3984375 0.0515625 0.053125
0 0.83359375 0.40859375 0.053125 0.053125
0 0.87578125 0.41796875 0.05 0.053125
0 0.6671875 0.415625 0.0515625 0.053125
0 0.7140625 0.425 0.0515625 0.053125
0 0.75625 0.43359375 0.0515625 0.053125
0 0.8015625 0.440625 0.053125 0.0546875
0 0.8453125 0.4515625 0.05 0.053125
0 0.89140625 0.4625 0.0515625 0.053125
0 0.68359375 0.45859375 0.053125 0.053125
0 0.7265625 0.4671875 0.0515625 0.0515625
0 0.7703125 0.475 0.0515625 0.053125
0 0.81484375 0.4859375 0.0515625 0.053125
0 0.85859375 0.4953125 0.05 0.0515625
0 0.6953125 0.50078125 0.0515625 0.0546875
0 0.7390625 0.5109375 0.05 0.0515625
0 0.78359375 0.51796875 0.0546875 0.053125
0 0.8265625 0.52734375 0.053125 0.053125
0 0.7078125 0.54453125 0.0546875 0.053125
0 0.75390625 0.55234375 0.0515625 0.0515625
0 0.79765625 0.56171875 0.0546875 0.0546875
0 0.840625 0.57109375 0.0515625 0.053125
0 0.8859375 0.58359375 0.0515625 0.053125
0 0.7203125 0.5890625 0.053125 0.0515625
0 0.7640625 0.59765625 0.05 0.0515625
0 0.8109375 0.60546875 0.0515625 0.0546875
0 0.853125 0.6171875 0.053125 0.053125
0 0.8984375 0.625 0.053125 0.053125
0 0.7328125 0.63046875 0.0515625 0.053125
0 0.778125 0.63828125 0.053125 0.053125
0 0.82265625 0.65078125 0.053125 0.053125
0 0.86875 0.66015625 0.0515625 0.0515625
0 0.9140625 0.6703125 0.0515625 0.053125
0 0.7484375 0.675 0.0515625 0.053125
0 0.7890625 0.68515625 0.05 0.0515625
0 0.83828125 0.69296875 0.0484375 0.0484375
0 0.88203125 0.70390625 0.05 0.0515625
0 0.92421875 0.71484375 0.0515625 0.0515625
0 0.7609375 0.71953125 0.0515625 0.0515625
0 0.80234375 0.72734375 0.0515625 0.05
0 0.85078125 0.734375 0.0515625 0.053125
0 0.771875 0.7625 0.053125 0.053125
0 0.81796875 0.76953125 0.0515625 0.0515625
0 0.8640625 0.778125 0.05 0.05
0 0.90625 0.790625 0.053125 0.053125
0 0.8953125 0.74609375 0.05 0.0515625
0 0.93359375 0.75625 0.0390625 0.046875
0 0.9125 0.83046875 0.0421875 0.05
0 0.87578125 0.821875 0.0515625 0.053125
0 0.83203125 0.815625 0.05 0.0515625
0 0.78828125 0.80625 0.053125 0.053125
0 0.9828125 0.2421875 0.034375 0.053125
0 0.98671875 0.28671875 0.0265625 0.0546875
0 0.92578125 0.309375 0.0515625 0.0515625
0 0.96953125 0.31953125 0.05 0.0515625
0 0.93828125 0.35234375 0.0515625 0.053125
0 0.80078125 0.84765625 0.0515625 0.053125
0 0.8453125 0.85625 0.0515625 0.053125
0 0.8875 0.86796875 0.0515625 0.0546875
0 0.81328125 0.89140625 0.0484375 0.05
0 0.85703125 0.90234375 0.0515625 0.0515625
0 0.89375 0.90859375 0.0390625 0.05
0 0.82421875 0.934375 0.0515625 0.05
0 0.86953125 0.94453125 0.053125 0.053125
0 0.8375 0.97734375 0.05 0.0453125
0 0.8734375 0.98125 0.0375 0.0375
0 0.9796875 0.36640625 0.040625 0.0515625
0 0.9515625 0.39375 0.0515625 0.053125
0 0.91953125 0.42734375 0.05 0.0515625
0 0.9375 0.4703125 0.05 0.053125
0 0.90625 0.50390625 0.05 0.05
0 0.94921875 0.5140625 0.053125 0.053125
0 0.9875 0.40703125 0.025 0.0515625
0 0.9671875 0.43984375 0.053125 0.0515625
0 0.99375 0.45 0.0125 0.05
0 0.9765625 0.4828125 0.046875 0.05
0 0.87265625 0.53671875 0.0546875 0.053125
0 0.91796875 0.55 0.0515625 0.0515625
0 0.98359375 0.52734375 0.0328125 0.0484375
0 0.9625 0.56171875 0.053125 0.0546875
0 0.93359375 0.59375 0.0484375 0.0515625
0 0.971875 0.603125 0.04375 0.046875
0 0.9453125 0.6375 0.05 0.05
0 0.953125 0.68125 0.0421875 0.0515625