0 0.8171875 0.98515625 0.04375 0.0296875
0 0.7296875 0.984375 0.04375 0.03125
0 0.86171875 0.9828125 0.0421875 0.034375
0 0.4515625 0.978125 0.04375 0.0421875
0 0.775 0.98515625 0.04375 0.0296875
0 0.58984375 0.98125 0.0453125 0.0375
0 0.9046875 0.97578125 0.046875 0.0484375
0 0.5046875 0.984375 0.04375 0.03125
0 0.54453125 0.9828125 0.0453125 0.034375
0 0.63515625 0.9828125 0.0453125 0.034375
0 0.678125 0.9765625 0.046875 0.046875
0 0.9546875 0.984375 0.04375 0.03125
0 0.3703125 0.98125 0.04375 0.0296875
0 0.04609375 0.97421875 0.0453125 0.021875
0 0.00859375 0.9671875 0.0171875 0.03125
0 0.31953125 0.98359375 0.0453125 0.021875
0 0.14140625 0.97734375 0.0421875 0.021875
0 0.096875 0.97578125 0.04375 0.021875
0 0.978125 0.98671875 0.009375 0.0265625
0 0.27265625 0.98203125 0.0421875 0.021875
0 0.41171875 0.9796875 0.040625 0.0359375
0 0.17890625 0.97890625 0.0359375 0.021875