0 0.075 0.66015625 0.0671875 0.0671875
0 0.6265625 0.26328125 0.065625 0.065625
0 0.46015625 0.8015625 0.06875 0.06875
0 0.0421875 0.6 0.065625 0.0640625
0 0.59609375 0.90859375 0.0671875 0.0671875
0 0.8625 0.90390625 0.0671875 0.065625
0 0.34765625 0.740625 0.06875 0.06875
0 0.01953125 0.5265625 0.0390625 0.06875
0 0.2484375 0.81328125 0.06875 0.065625
0 0.01953125 0.38671875 0.0390625 0.0640625
0 0.28515625 0.76328125 0.0671875 0.0625
0 0.00703125 0.09296875 0.0140625 0.0609375
0 0.06953125 0.54453125 0.065625 0.0671875
0 0.96796875 0.934375 0.0640625 0.05625
0 0.8859375 0.83984375 0.06875 0.06875
0 0.0171875 0.453125 0.034375 0.065625
0 0.24453125 0.59296875 0.065625 0.0671875
0 0.496875 0.05390625 0.0625 0.0609375
0 0.06328125 0.7671875 0.0671875 0.065625
0 0.49140625 0.7421875 0.0671875 0.065625
0 0.23046875 0.97578125 0.0671875 0.0484375
0 0.49765625 0.86015625 0.0671875 0.06875
0 0.0265625 0.20234375 0.053125 0.0671875
0 0.43359375 0.853125 0.065625 0.065625
0 0.39765625 0.7921875 0.0671875 0.0640625
0 0.26171875 0.70390625 0.0671875 0.065625
0 0.84140625 0.77890625 0.065625 0.0640625
0 0.55859375 0.03203125 0.065625 0.0625
0 0.04375 0.71171875 0.059375 0.0640625
0 0.1234375 0.5125 0.065625 0.0671875
0 0.4984375 0.97109375 0.065625 0.0578125
0 0.1796875 0.54765625 0.0671875 0.0640625
0 0.97421875 0.87265625 0.0515625 0.0671875
0 0.90625 0.94140625 0.0671875 0.0546875
0 0.9203125 0.8875 0.065625 0.0671875
0 0.9578125 0.1984375 0.040625 0.0625
0 0.6703125 0.52265625 0.0671875 0.065625
0 0.0828125 0.98125 0.065625 0.0375
0 0.17890625 0.4828125 0.0671875 0.0671875
0 0.56484375 0.9640625 0.06875 0.0671875
0 0.1171875 0.93828125 0.0671875 0.0671875
0 0.17734375 0.60859375 0.0671875 0.065625
0 0.1765625 0.80390625 0.0671875 0.0640625
0 0.240625 0.38359375 0.065625 0.0640625
0 0.153125 0.7484375 0.0671875 0.0671875
0 0.47734375 0.50703125 0.0640625 0.0671875
0 0.6015625 0.62578125 0.0671875 0.065625
0 0.50078125 0.3015625 0.065625 0.065625
0 0.13671875 0.65234375 0.065625 0.065625
0 0.334375 0.2890625 0.065625 0.0671875
0 0.4328125 0.96953125 0.06875 0.0609375
0 0.2984375 0.3421875 0.0671875 0.0671875
0 0.42734375 0.73359375 0.0671875 0.06875
0 0.18359375 0.6921875 0.0703125 0.065625
0 0.44921875 0.66953125 0.0671875 0.065625
0 0.6515625 0.79296875 0.0671875 0.0640625
0 0.3703125 0.85078125 0.065625 0.065625
0 0.05703125 0.94296875 0.0453125 0.0640625
0 0.46640625 0.90703125 0.0671875 0.065625
0 0.62734375 0.85625 0.0671875 0.0671875
0 0.1390625 0.86875 0.06875 0.0671875
0 0.696875 0.959375 0.0640625 0.0546875
0 0.02265625 0.328125 0.0453125 0.065625
0 0.8203125 0.840625 0.0671875 0.0671875
0 0.184375 0.3578125 0.065625 0.065625
0 0.68515625 0.2828125 0.0640625 0.0640625
0 0.128125 0.38671875 0.065625 0.065625
0 0.05234375 0.8375 0.0546875 0.0640625
0 0.9828125 0.77578125 0.034375 0.0609375
0 0.52578125 0.79453125 0.065625 0.0640625
0 0.5625 0.8484375 0.0671875 0.06875
0 0.97265625 0.32734375 0.0328125 0.0640625
0 0.70859375 0.6828125 0.065625 0.0640625
0 0.5671875 0.4140625 0.0671875 0.0640625
0 0.63984375 0.575 0.0671875 0.0640625
0 0.22265625 0.63984375 0.0671875 0.0640625
0 0.13515625 0.2609375 0.065625 0.065625
0 0.184375 0.42109375 0.0640625 0.0625
0 0.75546875 0.84609375 0.0671875 0.0671875
0 0.94765625 0.815625 0.0671875 0.0671875
0 0.971875 0.38984375 0.0453125 0.0609375
0 0.39921875 0.90234375 0.0671875 0.065625
0 0.8078125 0.72890625 0.0671875 0.0625
0 0.35078125 0.3796875 0.0671875 0.065625
0 0.440625 0.03125 0.0625 0.0609375
0 0.871875 0.38203125 0.0640625 0.0640625
0 0.92421875 0.290625 0.065625 0.0671875
0 0.303125 0.55625 0.0671875 0.0671875
0 0.7390625 0.63203125 0.065625 0.0625
0 0.5640625 0.21953125 0.0671875 0.0625
0 0.1015625 0.18125 0.0625 0.0671875
0 0.71328125 0.7859375 0.0671875 0.0640625
0 0.9015625 0.76875 0.0671875 0.065625
0 0.6140625 0.13984375 0.065625 0.0609375
0 0.6453125 0.68515625 0.0671875 0.065625
0 0.38359375 0.07109375 0.065625 0.065625
0 0.70703125 0.57578125 0.0671875 0.0671875
0 0.409375 0.40859375 0.0671875 0.065625
0 0.07421875 0.88984375 0.065625 0.0640625
0 0.41328125 0.475 0.0671875 0.065625
0 0.5125 0.6765625 0.0671875 0.065625
0 0.57890625 0.68203125 0.0671875 0.0640625
0 0.98515625 0.69296875 0.0296875 0.0640625
0 0.69140625 0.84921875 0.0671875 0.06875
0 0.615625 0.08125 0.065625 0.0671875
0 0.778125 0.77890625 0.06875 0.065625
0 0.09921875 0.71171875 0.065625 0.065625
0 0.38125 0.1875 0.065625 0.065625
0 0.35078125 0.44921875 0.0640625 0.065625
0 0.5015625 0.375 0.065625 0.0671875
0 0.77265625 0.57421875 0.065625 0.0671875
0 0.02578125 0.26640625 0.0515625 0.0640625
0 0.21171875 0.859375 0.0671875 0.0640625
0 0.02734375 0.6625 0.034375 0.0640625
0 0.3 0.9921875 0.065625 0.015625
0 0.121875 0.44375 0.0640625 0.0625
0 0.740625 0.72890625 0.06875 0.0640625
0 0.17734375 0.921875 0.0671875 0.065625
0 0.55078125 0.33828125 0.065625 0.0640625
0 0.47890625 0.61796875 0.0640625 0.065625
0 0.8234375 0.94453125 0.065625 0.0625
0 0.9453125 0.6765625 0.0640625 0.0640625
0 0.53984375 0.62109375 0.065625 0.0671875
0 0.2203125 0.74921875 0.065625 0.065625
0 0.62265625 0.025 0.0640625 0.05
0 0.5484375 0.1546875 0.065625 0.0640625
0 0.93203125 0.53828125 0.0625 0.065625
0 0.18125 0.2921875 0.0671875 0.0671875
0 0.24140625 0.92109375 0.0640625 0.065625
0 0.0421875 0.14296875 0.0671875 0.0640625
0 0.3015625 0.48984375 0.065625 0.06875
0 0.68125 0.73671875 0.0625 0.0640625
0 0.565625 0.56640625 0.0671875 0.0640625
0 0.6203125 0.7421875 0.06875 0.0671875
0 0.81484375 0.61953125 0.06875 0.0625
0 0.2953125 0.41484375 0.065625 0.0671875
0 0.065625 0.47890625 0.0671875 0.065625
0 0.80703125 0.359375 0.0671875 0.06875
0 0.31875 0.09921875 0.0609375 0.0609375
0 0.4671875 0.434375 0.065625 0.0671875
0 0.07421875 0.30078125 0.065625 0.06875
1 0.53125 0.90859375 0.0671875 0.0546875
0 0.5875 0.7890625 0.065625 0.065625
0 0.7609375 0.5046875 0.06875 0.065625
0 0.70625 0.46953125 0.0640625 0.065625
0 0.7953125 0.15859375 0.065625 0.065625
0 0.90546875 0.0953125 0.065625 0.0671875
0 0.7609375 0.95 0.0671875 0.0609375
0 0.73125 0.1328125 0.0671875 0.0640625
0 0.54453125 0.08984375 0.065625 0.0640625
0 0.4203125 0.534375 0.06875 0.065625
0 0.13046875 0.32265625 0.065625 0.0625
0 0.95390625 0.134375 0.0359375 0.0546875
0 0.56015625 0.27578125 0.065625 0.0640625
0 0.26640625 0.2546875 0.0640625 0.065625
0 0.62890625 0.3984375 0.0625 0.0625
0 0.86328125 0.3140625 0.0625 0.0640625
0 0.74453125 0.384375 0.0640625 0.0640625
0 0.07578125 0.23359375 0.0671875 0.0671875
0 0.7890625 0.9 0.0671875 0.0640625
0 0.9296875 0.3578125 0.0640625 0.0640625
0 0.36953125 0.6328125 0.065625 0.0625
0 0.96796875 0.2625 0.03125 0.0609375
0 0.32421875 0.1640625 0.0640625 0.0609375
0 0.340625 0.903125 0.065625 0.065625
0 0.24609375 0.52734375 0.0671875 0.06875
0 0.76796875 0.67578125 0.0640625 0.0625
0 0.3796875 0.68359375 0.0671875 0.0640625
0 0.1171875 0.5859375 0.065625 0.06875
0 0.321875 0.80234375 0.06875 0.0671875
0 0.06875 0.36171875 0.065625 0.0640625
0 0.64375 0.453125 0.0609375 0.0625
0 0.765625 0.44375 0.0640625 0.0609375
0 0.87421875 0.4578125 0.0625 0.0625
0 0.60078125 0.5203125 0.0671875 0.065625
0 0.84921875 0.128125 0.0640625 0.0640625
0 0.43671875 0.09140625 0.0625 0.0640625
0 0.32421875 0.03984375 0.065625 0.0578125
0 0.953125 0.73359375 0.0640625 0.0609375
0 0.8578125 0.25078125 0.065625 0.0625
0 0.9421875 0.01796875 0.0375 0.0359375
0 0.92578125 0.41484375 0.0640625 0.0609375
0 0.6734375 0.09375 0.0640625 0.0625
0 0.68671875 0.34453125 0.0640625 0.0625
0 0.5828125 0.46484375 0.0640625 0.0609375
0 0.8953125 0.0296875 0.065625 0.059375
0 0.1625 0.971875 0.065625 0.05625
0 0.8421875 0.05859375 0.0640625 0.0625
0 0.2125 0.04921875 0.0640625 0.05625
0 0.1125 0.7984375 0.0671875 0.065625
0 0.9125 0.2203125 0.065625 0.0640625
0 0.7265625 0.91015625 0.0703125 0.0671875
0 0.53828125 0.509375 0.065625 0.065625
0 0.634375 0.96640625 0.06875 0.053125
0 0.92890625 0.47734375 0.0625 0.0625
0 0.4234375 0.59765625 0.0671875 0.0640625
0 0.50234375 0.56171875 0.0625 0.0625
0 0.85703125 0.190625 0.0640625 0.059375
0 0.103125 0.11640625 0.065625 0.0640625
0 0.296875 0.95546875 0.0640625 0.0609375
0 0.28828125 0.8765625 0.0640625 0.06875
0 0.9875 0.63046875 0.025 0.0609375
0 0.94765625 0.0703125 0.0375 0.0625
0 0.6265625 0.203125 0.065625 0.0640625
0 0.15859375 0.20390625 0.0625 0.0640625
0 0.0484375 0.0875 0.065625 0.0671875
0 0.659375 0.9015625 0.065625 0.065625
0 0.36171875 0.56875 0.0625 0.0625
0 0.21328125 0.1671875 0.0640625 0.0625
0 0.81015625 0.2953125 0.0625 0.0671875
0 0.55078125 0.73046875 0.065625 0.06875
0 0.49453125 0.18515625 0.0671875 0.0609375
0 0.521875 0.45234375 0.0625 0.0640625
0 0.2375 0.3203125 0.0640625 0.0640625
0 0.88984375 0.709375 0.0640625 0.0609375
0 0.24140625 0.46796875 0.065625 0.0640625
0 0.8 0.22578125 0.065625 0.065625
1 0.359375 0.95703125 0.0703125 0.0625
1 0.6203125 0.328125 0.065625 0.065625
1 0.3859375 0.31640625 0.0484375 0.053125
0 0.675 0.62421875 0.06875 0.0625
0 0.9140625 0.1609375 0.065625 0.0640625
0 0.7921875 0.09609375 0.0625 0.0625
0 0.94375 0.61015625 0.0640625 0.0640625
0 0.37109375 0.121875 0.0578125 0.053125
0 0.16171875 0.14453125 0.0640625 0.0640625
0 0.0625 0.4171875 0.065625 0.0609375
0 0.30390625 0.61640625 0.0640625 0.0578125
0 0.73984375 0.18984375 0.065625 0.0625
0 0.825 0.4234375 0.0640625 0.059375
0 0.68203125 0.21953125 0.065625 0.0609375
0 0.434375 0.15625 0.0625 0.0640625
0 0.48828125 0.11171875 0.065625 0.0640625
0 0.73359375 0.06640625 0.0625 0.0640625
0 0.265625 0.06875 0.0625 0.0625
0 0.746875 0.2640625 0.065625 0.0625
0 0.67734375 0.16171875 0.0640625 0.0625
0 0.10078125 0.0578125 0.0625 0.0546875
0 0.8140625 0.48125 0.0640625 0.0609375
0 0.878125 0.5703125 0.065625 0.059375
0 0.89296875 0.64609375 0.0671875 0.065625
0 0.828125 0.553125 0.0625 0.0671875
0 0.8609375 0.96171875 0.046875 0.0203125
0 0.98046875 0.56640625 0.0390625 0.0609375
1 0.43359375 0.3375 0.059375 0.0515625
0 0.8359375 0.675 0.06875 0.0640625
0 0.16328125 0.0375 0.065625 0.025
0 0.4359375 0.2171875 0.0625 0.059375
0 0.79375 0.02890625 0.065625 0.0578125
0 0.6890625 0.4109375 0.065625 0.0625
0 0.359375 0.51171875 0.0609375 0.0609375
0 0.32265625 0.221875 0.0640625 0.0625
0 0.7484375 0.31328125 0.065625 0.0609375
0 0.39140625 0.26015625 0.059375 0.0640625
0 0.49609375 0.23671875 0.065625 0.0609375
0 0.6796875 0.0359375 0.0625 0.0609375
0 0.2671875 0.1265625 0.0640625 0.0609375
0 0.2109375 0.22890625 0.0640625 0.065625
0 0.26640625 0.19765625 0.0625 0.0625
0 0.38125 0.02109375 0.0671875 0.03125
0 0.03828125 0.8859375 0.0171875 0.0625
0 0.44453125 0.28828125 0.0609375 0.065625
0 0.16015625 0.07890625 0.0515625 0.053125
0 0.21796875 0.10703125 0.0453125 0.040625
0 0.984375 0.5125 0.03125 0.05