1 0.90859375 0.22734375 0.1828125 0.2015625
1 0.478125 0.33515625 0.228125 0.190625
1 0.49375 0.6703125 0.2421875 0.20625
1 0.76484375 0.81484375 0.1953125 0.1984375
1 0.16015625 0.05703125 0.2109375 0.1140625
1 0.58515625 0.190625 0.21875 0.19375
1 0.81328125 0.9328125 0.2265625 0.134375
1 0.75 0.19765625 0.2265625 0.20625
1 0.64296875 0.6765625 0.184375 0.190625
1 0.8890625 0.82578125 0.159375 0.1828125
1 0.80703125 0.36796875 0.225 0.1921875
1 0.59140625 0.83125 0.2234375 0.2078125
1 0.6359375 0.93203125 0.2125 0.1359375
1 0.4109375 0.484375 0.2484375 0.209375
1 0.9015625 0.5203125 0.196875 0.1875
1 0.5703125 0.5015625 0.21875 0.196875
1 0.83671875 0.66484375 0.25625 0.2
1 0.6640625 0.34375 0.19375 0.1828125
1 0.25078125 0.17265625 0.2328125 0.1984375
1 0.7359375 0.50703125 0.2328125 0.1984375
1 0.9375 0.3765625 0.125 0.175
1 0.33671875 0.05859375 0.2109375 0.1171875
1 0.50390625 0.05390625 0.2046875 0.1078125
1 0.334375 0.31484375 0.1765625 0.1671875
1 0.84765625 0.0875 0.20625 0.1125
1 0.4421875 0.1734375 0.1921875 0.196875
1 0.671875 0.0703125 0.2015625 0.1265625
1 0.95859375 0.10703125 0.0828125 0.1046875
1 0.94765625 0.6796875 0.0859375 0.171875
1 0.98359375 0.24140625 0.0328125 0.1734375
1 0.921875 0.9421875 0.05625 0.115625