0 0.85859375 0.70078125 0.0671875 0.0671875
0 0.8640625 0.26171875 0.065625 0.0640625
0 0.925 0.525 0.065625 0.065625
0 0.82890625 0.33203125 0.065625 0.0671875
0 0.93359375 0.9359375 0.065625 0.0609375
0 0.884375 0.47890625 0.065625 0.0625
0 0.8421875 0.4296875 0.06875 0.065625
0 0.97421875 0.84375 0.0515625 0.065625
0 0.871875 0.37890625 0.065625 0.065625
0 0.8234375 0.15234375 0.0625 0.0625
0 0.86953125 0.046875 0.065625 0.065625
0 0.85 0.53671875 0.0671875 0.06875
0 0.97890625 0.63125 0.0421875 0.065625
0 0.890625 0.2 0.0640625 0.0609375
0 0.89921875 0.3125 0.0703125 0.065625
0 0.92421875 0.2546875 0.0671875 0.065625
0 0.96796875 0.69453125 0.0640625 0.0671875
0 0.93046875 0.028125 0.0640625 0.05625
0 0.8078125 0.02265625 0.065625 0.0453125
0 0.9109375 0.41640625 0.065625 0.0625
0 0.8265625 0.21328125 0.065625 0.0625
0 0.88046875 0.14375 0.065625 0.065625
0 0.9703125 0.41640625 0.053125 0.0640625
0 0.97265625 0.759375 0.0546875 0.065625
0 0.83671875 0.0921875 0.065625 0.0625
0 0.96015625 0.5796875 0.065625 0.0625
0 0.93046875 0.6296875 0.0625 0.0609375
0 0.98125 0.94375 0.0375 0.034375
0 0.85625 0.63515625 0.06875 0.065625
0 0.871875 0.77734375 0.0640625 0.0640625
0 0.94296875 0.3640625 0.0703125 0.0703125
0 0.89453125 0.5828125 0.065625 0.065625
0 0.915625 0.746875 0.065625 0.06875
0 0.87890625 0.9015625 0.065625 0.0625
0 0.92890625 0.87109375 0.0609375 0.0609375
0 0.9484375 0.140625 0.0484375 0.059375
0 0.8765625 0.9546875 0.0625 0.0328125
0 0.95390625 0.4703125 0.0671875 0.0640625
0 0.92578125 0.81171875 0.0640625 0.0640625
0 0.96796875 0.24765625 0.028125 0.0625
0 0.9171875 0.07734375 0.0625 0.059375
0 0.9609375 0.296875 0.05 0.05625
0 0.87578125 0.840625 0.0625 0.0640625
0 0.95546875 0.07578125 0.0234375 0.0625
0 0.94921875 0.18984375 0.05625 0.0625
0 0.99453125 0.57421875 0.0109375 0.0578125
0 0.98125 0.89921875 0.0375 0.0609375
0 0.97890625 0.5234375 0.0421875 0.0625