0 0.7796875 0.99375 0.046875 0.0125
0 0.82578125 0.9953125 0.0421875 0.009375
0 0.36796875 0.9703125 0.0484375 0.046875
0 0.41640625 0.96953125 0.05 0.05
0 0.46328125 0.9734375 0.05 0.0484375
0 0.51171875 0.96875 0.0515625 0.05
0 0.55390625 0.97734375 0.0484375 0.0453125
0 0.6140625 0.9671875 0.0546875 0.0484375
0 0.66328125 0.965625 0.046875 0.046875
0 0.7078125 0.971875 0.046875 0.05
0 0.7546875 0.97265625 0.0484375 0.0484375
0 0.79921875 0.978125 0.0484375 0.04375
0 0.8515625 0.971875 0.046875 0.046875
0 0.89609375 0.98046875 0.0484375 0.0390625
0 0.38984375 0.9296875 0.05 0.0484375
0 0.43515625 0.9328125 0.0484375 0.0484375
0 0.484375 0.93359375 0.053125 0.0484375
0 0.534375 0.93203125 0.05 0.05
0 0.5859375 0.928125 0.05 0.05
0 0.634375 0.9296875 0.053125 0.0484375
0 0.6828125 0.92890625 0.05 0.0484375
0 0.72890625 0.93359375 0.0484375 0.0484375
0 0.7796875 0.92890625 0.046875 0.0484375
0 0.825 0.934375 0.0515625 0.0546875
0 0.87890625 0.92890625 0.046875 0.046875
0 0.925 0.94140625 0.053125 0.053125
0 0.36328125 0.89453125 0.0484375 0.0453125
0 0.4125 0.88984375 0.0484375 0.0484375
0 0.4609375 0.88984375 0.0515625 0.046875
0 0.509375 0.890625 0.0484375 0.0515625
0 0.56171875 0.88671875 0.05 0.046875
0 0.61171875 0.8890625 0.05 0.0515625
0 0.659375 0.88515625 0.0484375 0.0484375
0 0.7078125 0.8875 0.0515625 0.046875
0 0.75625 0.8875 0.046875 0.0484375
0 0.80234375 0.89453125 0.0484375 0.0453125
0 0.85546875 0.8859375 0.046875 0.05
0 0.90234375 0.88984375 0.0515625 0.0484375
0 0.95078125 0.8921875 0.046875 0.0484375
0 0.38828125 0.8546875 0.0453125 0.0484375
0 0.44140625 0.8453125 0.053125 0.0484375
0 0.4859375 0.85234375 0.0484375 0.0484375
0 0.53125 0.85 0.0484375 0.0453125
0 0.58046875 0.85234375 0.05 0.05
0 0.63203125 0.8484375 0.0515625 0.0515625
0 0.6796875 0.84921875 0.0484375 0.0453125
0 0.7265625 0.84765625 0.0484375 0.0484375
0 0.7734375 0.8546875 0.046875 0.0484375
0 0.821875 0.85703125 0.053125 0.0484375
0 0.8734375 0.84609375 0.05 0.046875
0 0.91875 0.8578125 0.04375 0.04375
0 0.959375 0.859375 0.0359375 0.0453125
0 0.36640625 0.80703125 0.0453125 0.0484375
0 0.41171875 0.81015625 0.0484375 0.0453125
0 0.46171875 0.8078125 0.05 0.0484375
0 0.5109375 0.81015625 0.05 0.053125
0 0.55859375 0.8109375 0.05 0.0484375
0 0.60625 0.80546875 0.0484375 0.0484375
0 0.653125 0.81171875 0.0453125 0.0453125
0 0.703125 0.81015625 0.053125 0.046875
0 0.7515625 0.81015625 0.0484375 0.0484375
0 0.79921875 0.81328125 0.0484375 0.046875
0 0.84765625 0.81171875 0.0515625 0.053125
0 0.90234375 0.80703125 0.0515625 0.05
0 0.953125 0.80625 0.053125 0.0515625
0 0.390625 0.765625 0.0453125 0.046875
0 0.43671875 0.76953125 0.0546875 0.05
0 0.4875 0.7640625 0.0546875 0.046875
0 0.5390625 0.7640625 0.05 0.0546875
0 0.5828125 0.771875 0.0484375 0.0484375
0 0.62578125 0.7734375 0.0453125 0.04375
0 0.67578125 0.76953125 0.05 0.0484375
0 0.72578125 0.77109375 0.0515625 0.05
0 0.77265625 0.77421875 0.046875 0.0484375
0 0.82109375 0.78203125 0.05 0.05
0 0.8765625 0.7703125 0.0484375 0.0484375
0 0.9265625 0.7671875 0.0484375 0.0484375
0 0.96640625 0.77109375 0.034375 0.046875
0 0.36171875 0.72578125 0.0515625 0.053125
0 0.4109375 0.728125 0.05 0.0484375
0 0.46171875 0.725 0.05 0.0484375
0 0.5125 0.72265625 0.05 0.0515625
0 0.56171875 0.7203125 0.053125 0.0515625
0 0.6015625 0.7375 0.0421875 0.053125
0 0.65546875 0.7265625 0.05 0.05
0 0.70390625 0.72890625 0.0453125 0.0515625
0 0.7453125 0.73828125 0.04375 0.04375
0 0.79296875 0.73828125 0.053125 0.053125
0 0.85078125 0.7328125 0.0484375 0.0484375
0 0.90234375 0.72890625 0.0515625 0.0484375
0 0.95703125 0.7203125 0.0484375 0.0484375
0 0.38359375 0.68984375 0.05 0.0484375
0 0.4328125 0.68828125 0.05 0.046875
0 0.48359375 0.68671875 0.0484375 0.0484375
0 0.53046875 0.68671875 0.05 0.0484375
0 0.58359375 0.68125 0.0515625 0.05
0 0.63125 0.6875 0.05 0.0515625
0 0.67890625 0.6875 0.05 0.0515625
0 0.73125 0.68984375 0.05 0.0484375
0 0.78046875 0.6890625 0.0484375 0.0484375
0 0.8265625 0.68671875 0.05 0.046875
0 0.8765625 0.6875 0.0484375 0.0484375
0 0.9234375 0.6875 0.0453125 0.0453125
0 0.96875 0.684375 0.0421875 0.046875
0 0.359375 0.65 0.0453125 0.0484375
0 0.40625 0.65546875 0.046875 0.046875
0 0.45234375 0.65390625 0.05 0.046875
0 0.50234375 0.65625 0.05625 0.0453125
0 0.55390625 0.646875 0.046875 0.046875
0 0.60078125 0.65 0.0484375 0.046875
0 0.65 0.65546875 0.0515625 0.0453125
0 0.69921875 0.6515625 0.05 0.0515625
0 0.74453125 0.65625 0.0453125 0.04375
0 0.79296875 0.65703125 0.053125 0.046875
0 0.85390625 0.6421875 0.05 0.0546875
0 0.8953125 0.6546875 0.0484375 0.05
0 0.3875 0.60703125 0.0484375 0.0515625
0 0.4375 0.6046875 0.053125 0.05
0 0.4875 0.6046875 0.0515625 0.053125
0 0.53125 0.60703125 0.046875 0.05
0 0.58125 0.6046875 0.053125 0.046875
0 0.63125 0.603125 0.0453125 0.0484375
0 0.67578125 0.6125 0.053125 0.05
0 0.7234375 0.6140625 0.0515625 0.0453125
0 0.7796875 0.59609375 0.0546875 0.0484375
0 0.82890625 0.6015625 0.0484375 0.0484375
0 0.878125 0.60078125 0.0484375 0.046875
0 0.925 0.60703125 0.05 0.0515625
0 0.36015625 0.571875 0.0515625 0.053125
0 0.41171875 0.5640625 0.0515625 0.05
0 0.46171875 0.5625 0.0515625 0.0484375
0 0.50859375 0.56953125 0.0484375 0.046875
0 0.5578125 0.56640625 0.0484375 0.046875
0 0.60625 0.56484375 0.0515625 0.046875
0 0.653125 0.5671875 0.053125 0.05
0 0.7046875 0.56484375 0.0484375 0.0484375
0 0.7484375 0.5640625 0.046875 0.0484375
0 0.8 0.56484375 0.0546875 0.0421875
0 0.853125 0.5609375 0.05 0.05
0 0.90078125 0.56328125 0.0515625 0.0515625
0 0.38984375 0.52265625 0.0453125 0.0484375
0 0.43203125 0.52890625 0.0484375 0.0484375
0 0.4859375 0.51953125 0.0484375 0.0453125
0 0.5328125 0.52265625 0.05 0.0484375
0 0.58046875 0.525 0.05 0.0484375
0 0.63125 0.521875 0.0515625 0.0515625
0 0.67890625 0.52265625 0.0484375 0.0484375
0 0.72421875 0.52265625 0.0515625 0.0484375
0 0.77578125 0.51953125 0.0515625 0.0515625
0 0.825 0.52421875 0.046875 0.046875
0 0.871875 0.52265625 0.05 0.0484375
0 0.9265625 0.51875 0.053125 0.0515625
0 0.36328125 0.48515625 0.0484375 0.0484375
0 0.409375 0.48515625 0.0484375 0.046875
0 0.45546875 0.49453125 0.0484375 0.0484375
0 0.50234375 0.4890625 0.0484375 0.0453125
0 0.5546875 0.48203125 0.0484375 0.0453125
0 0.60234375 0.48671875 0.05 0.0484375
0 0.65234375 0.48046875 0.05 0.0484375
0 0.703125 0.47734375 0.05 0.05
0 0.75234375 0.47890625 0.0515625 0.0484375
0 0.7984375 0.48671875 0.05 0.05
0 0.84921875 0.48203125 0.05 0.0453125
0 0.896875 0.490625 0.05 0.05
0 0.38828125 0.44375 0.046875 0.0484375
0 0.43203125 0.446875 0.0453125 0.046875
0 0.484375 0.44453125 0.053125 0.046875
0 0.5328125 0.44140625 0.0515625 0.046875
0 0.578125 0.44765625 0.0453125 0.046875
0 0.62578125 0.44296875 0.05 0.046875
0 0.67734375 0.44140625 0.0484375 0.0453125
0 0.72578125 0.440625 0.05 0.05
0 0.77734375 0.4390625 0.05 0.0515625
0 0.825 0.44609375 0.0484375 0.0484375
0 0.8734375 0.44296875 0.05 0.05
0 0.92265625 0.43828125 0.0484375 0.046875
0 0.3640625 0.39921875 0.046875 0.046875
0 0.4078125 0.40625 0.0484375 0.046875
0 0.45703125 0.409375 0.053125 0.0515625
0 0.50859375 0.4 0.0515625 0.0484375
0 0.55546875 0.4 0.0484375 0.05
0 0.60390625 0.40390625 0.053125 0.05
0 0.6546875 0.4 0.053125 0.05
0 0.7046875 0.396875 0.053125 0.0484375
0 0.7546875 0.39453125 0.0484375 0.0484375
0 0.80234375 0.39765625 0.05 0.0515625
0 0.84921875 0.40078125 0.0484375 0.0484375
0 0.89765625 0.4 0.0515625 0.05
0 0.384375 0.3671875 0.05 0.046875
0 0.43515625 0.36015625 0.0515625 0.05
0 0.4828125 0.3671875 0.05 0.05
0 0.53359375 0.36015625 0.0515625 0.0484375
0 0.57734375 0.36484375 0.0484375 0.0453125
0 0.62890625 0.3609375 0.046875 0.0484375
0 0.67890625 0.365625 0.053125 0.0515625
0 0.72734375 0.3546875 0.046875 0.0453125
0 0.7734375 0.3609375 0.0515625 0.0453125
0 0.825 0.36015625 0.0515625 0.046875
0 0.8765625 0.3625 0.0828125 0.0765625
0 0.92265625 0.3609375 0.0515625 0.05
0 0.36640625 0.31484375 0.05 0.046875
0 0.41171875 0.32265625 0.0515625 0.0515625
0 0.45703125 0.3234375 0.0484375 0.0484375
0 0.50546875 0.3234375 0.0484375 0.046875
0 0.55625 0.31953125 0.053125 0.0484375
0 0.60625 0.31484375 0.05 0.0484375
0 0.65546875 0.315625 0.0515625 0.0453125
0 0.70234375 0.3203125 0.046875 0.0453125
0 0.75 0.32265625 0.053125 0.04375
0 0.8 0.31953125 0.0484375 0.046875
0 0.85 0.31796875 0.0515625 0.0484375
0 0.89921875 0.31875 0.0515625 0.05
0 0.9484375 0.321875 0.053125 0.0515625
0 0.38515625 0.28203125 0.05 0.0484375
0 0.43125 0.2859375 0.0546875 0.05
0 0.48125 0.284375 0.0484375 0.0453125
0 0.52734375 0.28515625 0.046875 0.046875
0 0.58125 0.2828125 0.0484375 0.0484375
0 0.63046875 0.27734375 0.053125 0.05
0 0.67734375 0.27734375 0.046875 0.046875
0 0.72421875 0.28359375 0.046875 0.046875
0 0.77578125 0.27734375 0.046875 0.0484375
0 0.82421875 0.27578125 0.05 0.046875
0 0.8734375 0.278125 0.05 0.04375
0 0.92265625 0.28125 0.0546875 0.05
0 0.97578125 0.2734375 0.0484375 0.046875
0 0.3671875 0.23828125 0.053125 0.05
0 0.4125 0.240625 0.0453125 0.046875
0 0.45703125 0.2453125 0.05 0.0484375
0 0.5015625 0.2515625 0.05 0.046875
0 0.5515625 0.24921875 0.046875 0.0453125
0 0.59765625 0.2484375 0.0515625 0.04375
0 0.65390625 0.2265625 0.0546875 0.046875
0 0.70234375 0.2375 0.05 0.0515625
0 0.746875 0.24921875 0.0453125 0.0484375
0 0.796875 0.24453125 0.0515625 0.046875
0 0.85 0.2390625 0.053125 0.0484375
0 0.90078125 0.2375 0.05 0.0515625
0 0.9515625 0.234375 0.0484375 0.0484375
0 0.9875 0.234375 0.025 0.046875
0 0.3390625 0.20078125 0.0515625 0.0515625
0 0.38515625 0.20625 0.046875 0.05
0 0.43515625 0.20390625 0.05625 0.0515625
0 0.48046875 0.2078125 0.046875 0.05
0 0.528125 0.20546875 0.05 0.0484375
0 0.57734375 0.20546875 0.05 0.0515625
0 0.40625 0.16875 0.0546875 0.046875
0 0.50078125 0.16796875 0.053125 0.05
0 0.55390625 0.1640625 0.0546875 0.0515625
0 0.6296875 0.1796875 0.0546875 0.0515625
0 0.6796875 0.184375 0.0515625 0.0546875
0 0.728125 0.19765625 0.05 0.053125
0 0.77265625 0.20234375 0.0484375 0.05
0 0.81796875 0.20546875 0.046875 0.046875
0 0.83671875 0.16640625 0.0515625 0.0484375
0 0.87109375 0.19765625 0.05 0.0484375
0 0.88671875 0.16640625 0.0484375 0.046875
0 0.9171875 0.20078125 0.05 0.0515625
0 0.96875 0.20078125 0.053125 0.046875
0 0.996875 0.20078125 0.00625 0.0453125
0 0.9484375 0.64765625 0.0515625 0.0515625
0 0.97578125 0.596875 0.040625 0.0453125
0 0.9515625 0.5609375 0.0453125 0.0484375
0 0.98515625 0.565625 0.0265625 0.040625
0 0.975 0.5171875 0.0484375 0.0515625
0 0.94921875 0.48046875 0.05 0.0484375
0 0.9875 0.475 0.025 0.046875
0 0.96953125 0.4453125 0.0484375 0.0484375
0 0.94765625 0.39921875 0.0484375 0.0484375
0 0.984375 0.4015625 0.03125 0.053125
0 0.97265625 0.36015625 0.0515625 0.0515625
0 0.9875 0.31796875 0.025 0.0484375
0 0.03125 0.9578125 0.0484375 0.025
0 0.08203125 0.959375 0.05 0.028125
0 0.12890625 0.96015625 0.046875 0.0328125
0 0.1765625 0.96171875 0.046875 0.0375
0 0.2234375 0.9625 0.053125 0.0421875
0 0.27109375 0.965625 0.05 0.0421875
0 0.321875 0.96796875 0.0515625 0.0453125
0 0.015625 0.93046875 0.03125 0.0515625
0 0.0546875 0.92890625 0.05 0.0515625
0 0.1046875 0.92734375 0.0484375 0.0484375
0 0.15078125 0.92734375 0.05 0.05
0 0.19921875 0.92890625 0.0515625 0.0515625
0 0.24765625 0.92578125 0.0515625 0.05
0 0.29609375 0.928125 0.0515625 0.0515625
0 0.34375 0.93125 0.053125 0.053125
0 0.02421875 0.89453125 0.046875 0.046875
0 0.07109375 0.89453125 0.0515625 0.046875
0 0.1234375 0.8875 0.05 0.05
0 0.17109375 0.8890625 0.05 0.05
0 0.22109375 0.8875 0.053125 0.05
0 0.27265625 0.88515625 0.0515625 0.0515625
0 0.31875 0.88984375 0.0484375 0.05
0 0.01328125 0.84921875 0.0265625 0.0515625
0 0.0515625 0.8484375 0.0484375 0.0484375
0 0.09921875 0.8484375 0.05 0.046875
0 0.1484375 0.846875 0.0515625 0.0515625
0 0.1984375 0.84453125 0.053125 0.0515625
0 0.24453125 0.85 0.05 0.05
0 0.29140625 0.85234375 0.0515625 0.05
0 0.34296875 0.84765625 0.053125 0.053125
0 0.02578125 0.80859375 0.0484375 0.0453125
0 0.07265625 0.81484375 0.0515625 0.0484375
0 0.12421875 0.8046875 0.0515625 0.0484375
0 0.17421875 0.80546875 0.0515625 0.05
0 0.221875 0.80390625 0.05 0.05
0 0.26953125 0.809375 0.0484375 0.0515625
0 0.31875 0.803125 0.053125 0.05
0 0.0140625 0.76875 0.028125 0.05
0 0.0515625 0.765625 0.0484375 0.0484375
0 0.0984375 0.76796875 0.0515625 0.0484375
0 0.14609375 0.76875 0.0484375 0.0484375
0 0.19453125 0.76953125 0.0546875 0.0515625
0 0.2453125 0.7625 0.05 0.05
0 0.290625 0.7703125 0.0484375 0.0515625
0 0.34453125 0.765625 0.053125 0.05
0 0.02578125 0.7234375 0.0515625 0.05
0 0.0796875 0.72421875 0.05 0.05
0 0.12578125 0.72421875 0.0484375 0.0484375
0 0.1734375 0.72578125 0.0515625 0.0515625
0 0.22109375 0.72265625 0.053125 0.0515625
0 0.26796875 0.72421875 0.05 0.0515625
0 0.31484375 0.734375 0.053125 0.0515625
0 0.015625 0.68203125 0.03125 0.0515625
0 0.0546875 0.6859375 0.05 0.0515625
0 0.1 0.684375 0.046875 0.046875
0 0.14296875 0.68984375 0.05 0.046875
0 0.1953125 0.6828125 0.05 0.0484375
0 0.24375 0.68515625 0.053125 0.0515625
0 0.29140625 0.6890625 0.05 0.0515625
0 0.3390625 0.68671875 0.0515625 0.0484375
0 0.02578125 0.64609375 0.0515625 0.0515625
0 0.0765625 0.64609375 0.05 0.0515625
0 0.12421875 0.64765625 0.05 0.0484375
0 0.171875 0.64765625 0.0515625 0.05
0 0.2203125 0.64609375 0.0515625 0.0484375
0 0.26875 0.64609375 0.0515625 0.05
0 0.31796875 0.64453125 0.05 0.053125
0 0.0140625 0.6 0.028125 0.046875
0 0.05234375 0.60859375 0.0515625 0.0515625
0 0.1015625 0.6046875 0.05 0.046875
0 0.15 0.60234375 0.05 0.05
0 0.19765625 0.6046875 0.05 0.0515625
0 0.24375 0.6046875 0.0515625 0.0515625
0 0.2921875 0.60078125 0.0453125 0.0484375
0 0.3390625 0.60703125 0.0515625 0.0515625
0 0.02734375 0.5578125 0.0515625 0.0484375
0 0.075 0.56328125 0.0484375 0.05
0 0.12109375 0.56875 0.05 0.0515625
0 0.16953125 0.56328125 0.053125 0.05
0 0.21953125 0.56171875 0.05 0.05
0 0.26953125 0.5625 0.053125 0.0484375
0 0.315625 0.56484375 0.0484375 0.05
0 0.01484375 0.5203125 0.0296875 0.05
0 0.053125 0.5203125 0.0484375 0.05
0 0.09921875 0.52109375 0.0546875 0.0515625
0 0.146875 0.521875 0.0484375 0.0484375
0 0.19453125 0.52109375 0.0515625 0.0515625
0 0.24375 0.52109375 0.0515625 0.046875
0 0.29296875 0.52265625 0.0484375 0.0484375
0 0.34296875 0.5234375 0.05625 0.0515625
0 0.02734375 0.478125 0.0515625 0.046875
0 0.0765625 0.47734375 0.05 0.05
0 0.12421875 0.4796875 0.05 0.0484375
0 0.1734375 0.48046875 0.0515625 0.046875
0 0.22109375 0.48125 0.0484375 0.0484375
0 0.26484375 0.4890625 0.05 0.0484375
0 0.31875 0.48203125 0.0515625 0.0484375
0 0.01015625 0.44375 0.01875 0.0390625
0 0.04921875 0.43828125 0.053125 0.046875
0 0.10078125 0.43671875 0.053125 0.046875
0 0.15 0.4375 0.05 0.053125
0 0.1953125 0.4390625 0.0484375 0.0453125
0 0.240625 0.4453125 0.0484375 0.0515625
0 0.2890625 0.44296875 0.0546875 0.0515625
0 0.3375 0.446875 0.0546875 0.0515625
0 0.02734375 0.4 0.046875 0.0515625
0 0.075 0.39921875 0.05 0.05
0 0.1234375 0.396875 0.05 0.0484375
0 0.17109375 0.39765625 0.0484375 0.046875
0 0.21796875 0.403125 0.0484375 0.0484375
0 0.265625 0.4046875 0.0515625 0.05
0 0.31640625 0.39921875 0.0515625 0.05
0 0.0484375 0.359375 0.0515625 0.0484375
0 0.0984375 0.359375 0.0515625 0.0515625
0 0.1484375 0.35703125 0.05 0.0484375
0 0.19609375 0.359375 0.0515625 0.05
0 0.24296875 0.3625 0.0484375 0.053125
0 0.28984375 0.3640625 0.053125 0.05
0 0.3390625 0.36640625 0.0515625 0.0515625
0 0.0296875 0.3203125 0.0390625 0.0484375
0 0.075 0.31640625 0.053125 0.046875
0 0.1234375 0.31953125 0.05 0.046875
0 0.17109375 0.3203125 0.0484375 0.05
0 0.21875 0.31953125 0.046875 0.0484375
0 0.2640625 0.3265625 0.0453125 0.0453125
0 0.315625 0.32578125 0.053125 0.053125
0 0.0484375 0.284375 0.05 0.0484375
0 0.10078125 0.27578125 0.0484375 0.046875
0 0.1484375 0.278125 0.0484375 0.0453125
0 0.19375 0.284375 0.0515625 0.0515625
0 0.24453125 0.2796875 0.046875 0.0484375
0 0.2921875 0.2828125 0.0515625 0.0515625
0 0.340625 0.278125 0.046875 0.0484375
0 0.034375 0.2328125 0.0375 0.0515625
0 0.07578125 0.2390625 0.0484375 0.046875
0 0.12265625 0.23984375 0.0484375 0.046875
0 0.1703125 0.23984375 0.0515625 0.05
0 0.21796875 0.24296875 0.0484375 0.0484375
0 0.26640625 0.2453125 0.0515625 0.046875
0 0.31796875 0.23671875 0.0515625 0.046875
0 0.05859375 0.1890625 0.0515625 0.0546875
0 0.10390625 0.19921875 0.0484375 0.05
0 0.17734375 0.15390625 0.0515625 0.0546875
0 0.24375 0.2046875 0.0484375 0.0484375
0 0.290625 0.203125 0.05 0.05
0 0.25625 0.15546875 0.0515625 0.053125
0 0.30390625 0.15625 0.05 0.0515625