0 0.71953125 0.16015625 0.0734375 0.071875
0 0.9671875 0.41953125 0.065625 0.0734375
0 0.38984375 0.33984375 0.0734375 0.075
0 0.91171875 0.4234375 0.0734375 0.0734375
0 0.309375 0.0859375 0.071875 0.0734375
0 0.42890625 0.28671875 0.0734375 0.0765625
0 0.75234375 0.2234375 0.071875 0.075
0 0.26796875 0.14140625 0.0734375 0.0765625
0 0.1765625 0.0796875 0.0734375 0.0765625
0 0.94609375 0.36015625 0.075 0.078125
0 0.34296875 0.21796875 0.0765625 0.0765625
0 0.284375 0.03125 0.075 0.0625
0 0.75859375 0.10078125 0.0734375 0.078125
0 0.325 0.3359375 0.075 0.075
0 0.6734375 0.4140625 0.0765625 0.0796875
0 0.878125 0.3640625 0.078125 0.08125
0 0.24296875 0.08125 0.0765625 0.075
0 0.81640625 0.2328125 0.0734375 0.0765625
0 0.97421875 0.29921875 0.0515625 0.0734375
0 0.40625 0.22734375 0.0734375 0.078125
0 0.33203125 0.14921875 0.0734375 0.075
0 0.3625 0.28125 0.075 0.0765625
0 0.30078125 0.2703125 0.071875 0.075
0 0.603125 0.33828125 0.0765625 0.0796875
0 0.52890625 0.18515625 0.0765625 0.075
0 0.3484375 0.0359375 0.075 0.071875
0 0.84375 0.4234375 0.0734375 0.075
0 0.21640625 0.0296875 0.0765625 0.059375
0 0.28359375 0.2046875 0.0703125 0.075
0 0.2609375 0.32734375 0.0734375 0.075
0 0.91171875 0.53203125 0.0765625 0.078125
0 0.78515625 0.29453125 0.0765625 0.0734375
0 0.37265625 0.09453125 0.075 0.0734375
0 0.609375 0.4078125 0.071875 0.075
0 0.83515625 0.68984375 0.075 0.0765625
0 0.2890625 0.39140625 0.071875 0.0703125
0 0.453125 0.346875 0.075 0.078125
0 0.3328125 0.525 0.071875 0.0734375
0 0.6875 0.92109375 0.0703125 0.0734375
0 0.91953125 0.28984375 0.075 0.078125
0 0.41328125 0.4 0.075 0.0765625
0 0.66875 0.34921875 0.0765625 0.075
0 0.7234375 0.30234375 0.0734375 0.0765625
0 0.7859375 0.16875 0.0765625 0.075
0 0.9625 0.4796875 0.075 0.075
0 0.31328125 0.4609375 0.075 0.075
0 0.690625 0.10390625 0.075 0.0765625
0 0.98828125 0.3640625 0.0234375 0.075
0 0.30546875 0.6328125 0.0734375 0.0703125
0 0.85390625 0.28984375 0.078125 0.0796875
0 0.5984375 0.27109375 0.0765625 0.0765625
0 0.91484375 0.109375 0.071875 0.0703125
0 0.5484375 0.4 0.0703125 0.075
0 0.97109375 0.1125 0.0578125 0.075
0 0.5375 0.25 0.0734375 0.075
0 0.76796875 0.70390625 0.0765625 0.08125
0 0.93125 0.17578125 0.075 0.075
0 0.7328125 0.44375 0.0765625 0.075
0 0.53984375 0.3375 0.071875 0.0734375
0 0.265625 0.50859375 0.0765625 0.071875
0 0.284375 0.57109375 0.071875 0.0703125
0 0.353125 0.3984375 0.06875 0.071875
0 0.77578125 0.41015625 0.0734375 0.0765625
0 0.628125 0.09296875 0.0734375 0.075
0 0.73203125 0.36484375 0.071875 0.0734375
0 0.80859375 0.3546875 0.0765625 0.0734375
0 0.9546875 0.23828125 0.071875 0.071875
0 0.24375 0.4453125 0.0734375 0.071875
0 0.665625 0.28515625 0.075 0.0734375
0 0.49140625 0.29453125 0.075 0.075
0 0.96953125 0.55546875 0.0609375 0.0765625
0 0.19609375 0.325 0.06875 0.06875
0 0.2390625 0.26796875 0.071875 0.0734375
0 0.8203125 0.9859375 0.078125 0.028125
0 0.203125 0.13984375 0.0765625 0.075
0 0.596875 0.20390625 0.0796875 0.0765625
0 0.54609375 0.95390625 0.078125 0.0828125
0 0.6625 0.49375 0.075 0.075
0 0.471875 0.23515625 0.0765625 0.0765625
0 0.346875 0.5890625 0.071875 0.0703125
0 0.6671875 0.77890625 0.0796875 0.078125
0 0.21640625 0.38984375 0.0734375 0.071875
0 0.58125 0.990625 0.071875 0.01875
0 0.68984375 0.22421875 0.0765625 0.0765625
0 0.796875 0.5609375 0.075 0.075
0 0.38203125 0.646875 0.078125 0.0703125
0 0.1109375 0.07578125 0.0765625 0.075
0 0.71171875 0.97421875 0.0796875 0.0515625
0 0.5859375 0.1390625 0.075 0.0734375
0 0.4640625 0.01484375 0.071875 0.0296875
0 0.61953125 0.9453125 0.075 0.0765625
0 0.153125 0.028125 0.06875 0.05625
0 0.71171875 0.72890625 0.075 0.0734375
0 0.86953125 0.1546875 0.071875 0.0703125
0 0.6625 0.86484375 0.0765625 0.0765625
0 0.990625 0.2484375 0.01875 0.071875
0 0.83125 0.62578125 0.075 0.0734375
0 0.890625 0.6484375 0.078125 0.0734375
0 0.49375 0.05390625 0.0734375 0.0734375
0 0.71953125 0.53203125 0.075 0.0734375
0 0.63125 0.565625 0.0765625 0.0765625
0 0.41796875 0.9453125 0.0703125 0.0734375
0 0.48046875 0.94921875 0.0765625 0.078125
0 0.91015625 0.93671875 0.0625 0.0734375
0 0.890625 0.9796875 0.08125 0.040625
0 0.52265625 0.8890625 0.071875 0.0703125
0 0.821875 0.10703125 0.071875 0.0765625
0 0.94140625 0.68984375 0.078125 0.075
0 0.46015625 0.8765625 0.0734375 0.075
0 0.68828125 0.5984375 0.075 0.0765625
0 0.8421875 0.515625 0.075 0.0734375
0 0.215625 0.2078125 0.078125 0.075
0 0.1734375 0.2671875 0.0734375 0.0765625
0 0.1484375 0.21015625 0.071875 0.075
0 0.59296875 0.88515625 0.0765625 0.075
0 0.73046875 0.84375 0.075 0.075
0 0.09375 0.02734375 0.05625 0.0546875
0 0.61171875 0.8234375 0.071875 0.0734375
0 0.4828125 0.40390625 0.0765625 0.075
0 0.46875 0.16484375 0.0734375 0.0765625
0 0.13203125 0.14296875 0.0765625 0.078125
0 0.37265625 0.82265625 0.075 0.0734375
0 0.4171875 0.0453125 0.08125 0.0765625
0 0.871875 0.80703125 0.071875 0.071875
0 0.54453125 0.834375 0.0734375 0.078125
1 0.65234375 0.15546875 0.0703125 0.06875
0 0.56171875 0.62421875 0.0734375 0.0765625
0 0.33125 0.70234375 0.0765625 0.078125
0 0.39921875 0.55078125 0.0765625 0.078125
0 0.428125 0.6078125 0.0796875 0.0796875
0 0.4921875 0.63359375 0.08125 0.08125
0 0.5578125 0.56953125 0.0796875 0.078125
0 0.34609375 0.765625 0.0796875 0.075
0 0.41875 0.7859375 0.0828125 0.0765625
0 0.48203125 0.8125 0.0828125 0.0875
1 0.3984375 0.00625 0.071875 0.0125
1 0.53359375 0.015625 0.0640625 0.03125
1 0.603125 0.02734375 0.0703125 0.04375
1 0.66640625 0.04140625 0.0609375 0.05
1 0.72734375 0.0484375 0.059375 0.0453125
1 0.78984375 0.05859375 0.0671875 0.046875
1 0.85390625 0.06484375 0.065625 0.0390625
1 0.57265625 0.06796875 0.078125 0.0828125
1 0.521875 0.11875 0.0828125 0.0734375
1 0.45546875 0.10859375 0.071875 0.06875
1 0.40625 0.15625 0.0734375 0.078125
1 0.3953125 0.471875 0.0953125 0.0859375
1 0.47890625 0.55546875 0.0890625 0.0828125
0 0.484375 0.4515625 0.0765625 0.0546875
1 0.45 0.66875 0.06875 0.0640625
1 0.40390625 0.715625 0.075 0.075
1 0.47890625 0.7328125 0.0734375 0.0828125
1 0.51484375 0.69140625 0.06875 0.0671875
1 0.54921875 0.7546875 0.071875 0.084375
1 0.61171875 0.75078125 0.0671875 0.0640625
0 0.58203125 0.69453125 0.0734375 0.0765625
1 0.63671875 0.6390625 0.0609375 0.0703125
1 0.70390625 0.6625 0.0765625 0.0671875
1 0.76796875 0.63125 0.075 0.08125
1 0.6515625 0.70625 0.0671875 0.0765625
1 0.8234375 0.75625 0.0671875 0.078125
1 0.81171875 0.81640625 0.06875 0.0703125
1 0.81171875 0.8796875 0.075 0.071875
0 0.390625 0.88828125 0.075 0.0734375
1 0.79296875 0.475 0.071875 0.0625
1 0.74609375 0.91015625 0.071875 0.0671875
1 0.64921875 0.984375 0.0640625 0.03125
1 0.984375 0.178125 0.03125 0.078125
1 0.890625 0.225 0.0765625 0.071875
1 0.94453125 0.61796875 0.0734375 0.08125
1 0.88671875 0.73515625 0.0671875 0.0671875
1 0.940625 0.74921875 0.0625 0.078125
1 0.93203125 0.8140625 0.0578125 0.0703125
1 0.88671875 0.87578125 0.090625 0.075
1 0.8546875 0.93046875 0.0703125 0.0703125
1 0.79453125 0.95078125 0.071875 0.0875