0 0.01484375 0.50234375 0.0296875 0.0546875
0 0.04296875 0.4890625 0.0546875 0.05625
0 0.0875 0.4765625 0.053125 0.05625
0 0.128125 0.465625 0.0515625 0.053125
0 0.17734375 0.43203125 0.053125 0.0546875
0 0.21953125 0.434375 0.053125 0.0546875
0 0.2609375 0.42421875 0.053125 0.05625
0 0.303125 0.409375 0.053125 0.0546875
0 0.3453125 0.39453125 0.0546875 0.0546875
0 0.40234375 0.35390625 0.0546875 0.05625
0 0.4375 0.37109375 0.0484375 0.0515625
0 0.475 0.35703125 0.053125 0.0515625
0 0.51796875 0.346875 0.0546875 0.0546875
0 0.56171875 0.32734375 0.05625 0.05625
0 0.6171875 0.28984375 0.0578125 0.0578125
0 0.64765625 0.3015625 0.05 0.053125
0 0.6875 0.2921875 0.053125 0.0546875
0 0.73125 0.2765625 0.0546875 0.0546875
0 0.77421875 0.26328125 0.0546875 0.0546875
0 0.82890625 0.22421875 0.0546875 0.0546875
0 0.86484375 0.23046875 0.053125 0.05625
0 0.90234375 0.2265625 0.0515625 0.0546875
0 0.009375 0.5453125 0.01875 0.04375
0 0.034375 0.53359375 0.0515625 0.05
0 0.078125 0.52109375 0.0546875 0.0546875
0 0.121875 0.50703125 0.0515625 0.0515625
0 0.16328125 0.496875 0.053125 0.0515625
0 0.20546875 0.48359375 0.0515625 0.05
0 0.2515625 0.4671875 0.0515625 0.053125
0 0.29296875 0.45546875 0.0515625 0.0515625
0 0.3359375 0.4421875 0.0515625 0.0515625
0 0.378125 0.42734375 0.053125 0.0515625
0 0.42578125 0.4140625 0.05 0.046875
0 0.46875 0.39765625 0.0515625 0.0515625
0 0.51015625 0.3890625 0.05 0.05
0 0.5515625 0.37265625 0.053125 0.053125
0 0.59375 0.3640625 0.0515625 0.0515625
0 0.6375 0.34765625 0.0484375 0.0484375
0 0.6796875 0.33359375 0.0515625 0.0515625
0 0.71953125 0.32421875 0.0484375 0.05
0 0.76796875 0.303125 0.0515625 0.0515625
0 0.81015625 0.29609375 0.0515625 0.0515625
0 0.85390625 0.28046875 0.0484375 0.0484375
0 0.89296875 0.26640625 0.05 0.05
0 0.93203125 0.2546875 0.0484375 0.05
0 0.025 0.58515625 0.046875 0.05
0 0.06484375 0.56171875 0.05 0.05
0 0.11015625 0.5546875 0.0515625 0.05
0 0.15234375 0.53359375 0.05 0.05
0 0.19765625 0.525 0.0484375 0.05
0 0.2390625 0.51015625 0.0515625 0.0515625
0 0.28203125 0.496875 0.0515625 0.0515625
0 0.3265625 0.48515625 0.05 0.0515625
0 0.3703125 0.46953125 0.0515625 0.0515625
0 0.41484375 0.45390625 0.05 0.0484375
0 0.45859375 0.4375 0.0515625 0.0484375
0 0.5 0.43359375 0.0484375 0.0484375
0 0.54296875 0.41640625 0.0515625 0.05
0 0.5859375 0.40703125 0.0515625 0.0515625
0 0.67109375 0.37421875 0.0515625 0.0484375
0 0.71328125 0.35859375 0.05 0.05
0 0.7546875 0.35703125 0.0453125 0.0484375
0 0.80078125 0.3359375 0.0515625 0.05
0 0.84375 0.321875 0.046875 0.046875
0 0.8859375 0.31328125 0.053125 0.0515625
0 0.92734375 0.2984375 0.05 0.05
0 0.95546875 0.328125 0.040625 0.0484375
0 0.91796875 0.3421875 0.0515625 0.05
0 0.02421875 0.6171875 0.03125 0.046875
0 0.05625 0.6046875 0.0515625 0.053125
0 0.09921875 0.59375 0.0546875 0.0546875
0 0.1421875 0.584375 0.0515625 0.0515625
0 0.1890625 0.5609375 0.053125 0.05
0 0.2328125 0.55078125 0.053125 0.05
0 0.275 0.53828125 0.053125 0.0515625
0 0.31953125 0.52578125 0.05 0.046875
0 0.3609375 0.50859375 0.0515625 0.05
0 0.40390625 0.4921875 0.053125 0.053125
0 0.446875 0.48359375 0.0515625 0.0515625
0 0.49140625 0.465625 0.0515625 0.05
0 0.53671875 0.4546875 0.046875 0.046875
0 0.5765625 0.45 0.046875 0.0484375
0 0.6296875 0.390625 0.05625 0.053125
0 0.61796875 0.434375 0.0515625 0.0515625
0 0.66015625 0.42109375 0.0515625 0.05
0 0.709375 0.3984375 0.0515625 0.05
0 0.746875 0.4046875 0.046875 0.046875
0 0.7875 0.384375 0.0515625 0.05
0 0.834375 0.36484375 0.0515625 0.0515625
0 0.8765625 0.353125 0.05 0.0515625
0 0.0453125 0.6484375 0.053125 0.053125
0 0.09296875 0.6328125 0.0515625 0.0484375
0 0.1359375 0.61640625 0.053125 0.0515625
0 0.17578125 0.60234375 0.05 0.0515625
0 0.21953125 0.5921875 0.0515625 0.0515625
0 0.26171875 0.58359375 0.0515625 0.0515625
0 0.30703125 0.56640625 0.05 0.05
0 0.34921875 0.5546875 0.05 0.0515625
0 0.39453125 0.540625 0.0546875 0.0546875
0 0.4375 0.521875 0.0515625 0.053125
0 0.48203125 0.509375 0.0515625 0.0515625
0 0.52578125 0.4953125 0.053125 0.053125
0 0.5671875 0.48359375 0.05 0.0484375
0 0.60859375 0.47578125 0.05 0.05
0 0.65078125 0.4609375 0.053125 0.0515625
0 0.6984375 0.43828125 0.053125 0.0515625
0 0.73828125 0.43515625 0.046875 0.046875
0 0.78046875 0.42421875 0.0515625 0.0484375
0 0.821875 0.41015625 0.05 0.0484375
0 0.8640625 0.403125 0.0515625 0.0484375
0 0.90625 0.38515625 0.05 0.05
0 0.95 0.36875 0.0515625 0.0515625
0 0.04609375 0.69375 0.0328125 0.046875
0 0.08046875 0.678125 0.053125 0.0515625
0 0.125 0.6640625 0.0515625 0.053125
0 0.16875 0.64609375 0.05 0.053125
0 0.21171875 0.63359375 0.046875 0.05
0 0.2515625 0.62734375 0.0515625 0.05
0 0.296875 0.6109375 0.053125 0.0515625
0 0.33984375 0.59453125 0.053125 0.0515625
0 0.3828125 0.58203125 0.0515625 0.053125
0 0.42734375 0.57109375 0.053125 0.0515625
0 0.46953125 0.55546875 0.0515625 0.05
0 0.5109375 0.54765625 0.05 0.05
0 0.55859375 0.5265625 0.053125 0.0515625
0 0.6015625 0.515625 0.0515625 0.0484375
0 0.6453125 0.5046875 0.05 0.0484375
0 0.68984375 0.4875 0.053125 0.0515625
0 0.7296875 0.4765625 0.05 0.0515625
0 0.771875 0.46171875 0.053125 0.0515625
0 0.8171875 0.446875 0.0515625 0.053125
0 0.86015625 0.4375 0.05 0.05
0 0.89921875 0.42734375 0.0515625 0.0515625
0 0.93984375 0.41640625 0.05 0.0484375
0 0.97890625 0.39375 0.03125 0.0453125
0 0.97265625 0.4421875 0.053125 0.0484375
0 0.07109375 0.725 0.053125 0.0515625
0 0.1109375 0.7125 0.0515625 0.0515625
0 0.15859375 0.6953125 0.0515625 0.0515625
0 0.20078125 0.678125 0.05 0.05
0 0.24375 0.66171875 0.0515625 0.053125
0 0.06796875 0.76875 0.0359375 0.0453125
0 0.10390625 0.75625 0.05 0.05
0 0.14921875 0.73046875 0.0515625 0.05
0 0.19140625 0.7203125 0.05 0.0515625
0 0.234375 0.70625 0.053125 0.0515625
0 0.27734375 0.69296875 0.053125 0.053125
0 0.284375 0.65390625 0.0484375 0.05
0 0.328125 0.6421875 0.0484375 0.05
0 0.37109375 0.62578125 0.0484375 0.0484375
0 0.41328125 0.615625 0.0484375 0.0484375
0 0.4578125 0.6046875 0.05 0.0484375
0 0.50078125 0.59140625 0.05 0.0484375
0 0.54296875 0.57890625 0.0515625 0.0515625
0 0.58984375 0.56015625 0.0484375 0.0484375
0 0.63046875 0.55078125 0.0515625 0.05
0 0.67421875 0.54140625 0.0515625 0.0515625
0 0.7171875 0.52421875 0.0546875 0.0484375
0 0.7609375 0.509375 0.05 0.05
0 0.80234375 0.496875 0.05 0.05
0 0.84609375 0.48203125 0.0515625 0.0515625
0 0.8890625 0.4703125 0.0515625 0.05
0 0.93046875 0.45546875 0.0515625 0.053125
0 0.98984375 0.4765625 0.0203125 0.04375
0 0.9625 0.4890625 0.0515625 0.0515625
0 0.92109375 0.5 0.0484375 0.046875
0 0.88203125 0.51015625 0.046875 0.0484375
0 0.3203125 0.67890625 0.0546875 0.053125
0 0.3625 0.6671875 0.0515625 0.0515625
0 0.40546875 0.65703125 0.053125 0.05
0 0.4484375 0.64609375 0.05 0.05
0 0.4921875 0.6296875 0.0484375 0.0484375
0 0.53359375 0.61953125 0.05 0.0546875
0 0.57734375 0.60625 0.05 0.05
0 0.62421875 0.5859375 0.05 0.05
0 0.65703125 0.6140625 0.0515625 0.0546875
1 0.66640625 0.58359375 0.046875 0.0484375
0 0.71328125 0.56171875 0.0453125 0.046875
0 0.75 0.55 0.05 0.0484375
0 0.7953125 0.5375 0.04375 0.0453125
0 0.83828125 0.525 0.05 0.05
0 0.871875 0.55390625 0.05 0.05
0 0.83125 0.56484375 0.05 0.05
0 0.784375 0.57734375 0.0515625 0.0515625
0 0.0953125 0.790625 0.0515625 0.05
0 0.13671875 0.77734375 0.05 0.0484375
0 0.18125 0.7640625 0.0515625 0.0515625
0 0.22421875 0.7484375 0.0515625 0.0515625
0 0.26640625 0.73828125 0.05 0.0515625
0 0.31015625 0.7234375 0.0546875 0.0515625
0 0.35234375 0.7109375 0.05 0.05
0 0.4 0.6984375 0.0484375 0.0484375
0 0.4390625 0.68828125 0.05 0.0515625
0 0.48125 0.66953125 0.0515625 0.0515625
0 0.52421875 0.65859375 0.05 0.05
0 0.5703125 0.6453125 0.053125 0.0515625
0 0.61328125 0.62890625 0.0546875 0.0515625
0 0.69921875 0.60546875 0.053125 0.05
0 0.74296875 0.5890625 0.05 0.05
0 0.915625 0.5390625 0.05 0.05
0 0.9546875 0.52890625 0.0484375 0.0484375
0 0.98515625 0.51875 0.0296875 0.05
0 0.98203125 0.55625 0.0359375 0.053125
0 0.08984375 0.8390625 0.0421875 0.0484375
0 0.12734375 0.8234375 0.05 0.0484375
0 0.16875 0.80859375 0.05 0.0484375
0 0.21484375 0.79296875 0.0515625 0.0515625
0 0.25546875 0.78203125 0.0515625 0.0484375
0 0.29765625 0.77265625 0.0484375 0.05
0 0.34140625 0.7578125 0.05 0.05
2 0.3640625 0.821875 0.0578125 0.05
1 0.51484375 0.85703125 0.059375 0.05625
0 0.3859375 0.740625 0.05 0.05
0 0.43203125 0.72734375 0.05 0.0484375
0 0.4734375 0.71796875 0.05 0.0515625
0 0.51484375 0.7015625 0.0515625 0.0515625
0 0.55625 0.69140625 0.05 0.0515625
0 0.60078125 0.675 0.05 0.0484375
0 0.64453125 0.6609375 0.0453125 0.04375
0 0.68984375 0.6546875 0.0453125 0.0453125
0 0.73359375 0.634375 0.05 0.046875
0 0.7734375 0.62578125 0.0484375 0.0484375
0 0.81875 0.6046875 0.0484375 0.0484375
0 0.903125 0.5859375 0.0515625 0.0484375
0 0.8609375 0.596875 0.05 0.046875
0 0.94765625 0.56953125 0.0515625 0.05
0 0.97734375 0.5984375 0.0453125 0.05
0 0.99296875 0.628125 0.0140625 0.053125
0 0.9359375 0.6140625 0.053125 0.0484375
0 0.89453125 0.625 0.0484375 0.05
0 0.85078125 0.6390625 0.053125 0.05
0 0.11796875 0.8734375 0.0484375 0.05
0 0.16171875 0.859375 0.0515625 0.05
0 0.2046875 0.840625 0.053125 0.0515625
0 0.246875 0.825 0.0484375 0.05
0 0.28828125 0.81484375 0.05 0.05
0 0.32265625 0.83828125 0.05 0.0515625
0 0.334375 0.7953125 0.046875 0.0484375
0 0.3765625 0.784375 0.05 0.05
0 0.41875 0.76953125 0.05 0.05
0 0.409375 0.815625 0.053125 0.0515625
0 0.46328125 0.7609375 0.05 0.05
0 0.50703125 0.74296875 0.05 0.05
0 0.45078125 0.8 0.053125 0.053125
0 0.49375 0.79296875 0.053125 0.0515625
0 0.546875 0.73359375 0.05 0.05
0 0.540625 0.77265625 0.053125 0.053125
0 0.634375 0.7046875 0.0515625 0.05
0 0.58984375 0.72109375 0.0515625 0.0515625
0 0.678125 0.68671875 0.0484375 0.05
0 0.72421875 0.6734375 0.05 0.05
0 0.76484375 0.6640625 0.05 0.05
0 0.80625 0.6578125 0.0484375 0.05
0 0.96953125 0.64453125 0.0515625 0.0515625
0 0.9265625 0.65859375 0.0515625 0.05
0 0.96015625 0.68984375 0.0515625 0.0515625
0 0.98828125 0.67890625 0.0234375 0.0484375
0 0.8828125 0.67109375 0.0515625 0.05
0 0.9171875 0.7046875 0.0546875 0.053125
0 0.11171875 0.9140625 0.0453125 0.0484375
0 0.15 0.8984375 0.0484375 0.0484375
0 0.19296875 0.890625 0.05 0.0484375
0 0.23359375 0.87109375 0.05 0.05
0 0.27890625 0.85625 0.0515625 0.0515625
0 0.3125 0.88125 0.053125 0.0515625
0 0.35703125 0.87109375 0.0515625 0.0515625
0 0.4 0.8578125 0.0515625 0.0515625
0 0.4421875 0.84453125 0.0515625 0.05
0 0.48359375 0.82890625 0.05 0.0515625
0 0.52890625 0.81796875 0.0515625 0.0515625
0 0.5828125 0.76328125 0.0515625 0.0515625
0 0.628125 0.75078125 0.0484375 0.05
0 0.66796875 0.740625 0.0484375 0.046875
0 0.71484375 0.71875 0.0515625 0.05
0 0.759375 0.703125 0.05 0.0484375
0 0.7984375 0.696875 0.046875 0.05
0 0.83984375 0.6828125 0.0515625 0.0515625
0 0.8734375 0.7125 0.053125 0.053125
0 0.83203125 0.725 0.0515625 0.053125
0 0.78984375 0.7421875 0.0546875 0.0515625
0 0.7453125 0.753125 0.053125 0.053125
0 0.69921875 0.7703125 0.05 0.05
0 0.65859375 0.77890625 0.0484375 0.05
0 0.61484375 0.7953125 0.0515625 0.0515625
0 0.571875 0.809375 0.053125 0.05
0 0.5625 0.85 0.053125 0.053125
0 0.60546875 0.8359375 0.05 0.05
0 0.65 0.8203125 0.053125 0.053125
0 0.69296875 0.80703125 0.0515625 0.053125
0 0.7390625 0.79453125 0.053125 0.053125
0 0.78125 0.784375 0.05 0.05
0 0.13984375 0.94765625 0.0515625 0.0515625
0 0.18515625 0.9296875 0.0515625 0.05
0 0.2265625 0.91796875 0.05 0.0484375
0 0.26875 0.90390625 0.05 0.05
0 0.13203125 0.9828125 0.0453125 0.034375
0 0.1734375 0.975 0.05 0.05
0 0.21640625 0.95859375 0.0546875 0.053125
0 0.259375 0.9453125 0.0484375 0.05
0 0.3015625 0.928125 0.05 0.05
0 0.3453125 0.91171875 0.05 0.05
0 0.3890625 0.90078125 0.0515625 0.053125
0 0.43203125 0.8890625 0.046875 0.0484375
0 0.47421875 0.875 0.0515625 0.0515625
0 0.50859375 0.9015625 0.053125 0.0515625
0 0.55390625 0.8890625 0.0515625 0.0515625
0 0.8234375 0.7734375 0.0515625 0.0515625
0 0.8640625 0.75703125 0.05 0.05
0 0.9078125 0.73984375 0.05 0.05
0 0.95078125 0.73046875 0.0484375 0.05
0 0.9828125 0.71875 0.034375 0.053125
0 0.16640625 0.99453125 0.0515625 0.0109375
0 0.20859375 0.9890625 0.0484375 0.021875
0 0.25078125 0.97890625 0.0515625 0.0421875
0 0.2921875 0.9703125 0.05 0.053125
0 0.33515625 0.95625 0.05 0.05
0 0.3796875 0.94296875 0.0515625 0.05
0 0.4234375 0.92890625 0.053125 0.0515625
0 0.4640625 0.92109375 0.0484375 0.0484375
0 0.32578125 0.98671875 0.0515625 0.0265625
0 0.36953125 0.98125 0.0515625 0.0375
0 0.41171875 0.971875 0.053125 0.0515625
0 0.596875 0.8734375 0.053125 0.0515625
0 0.63984375 0.8671875 0.0515625 0.0515625
0 0.68125 0.853125 0.0515625 0.0515625
0 0.72578125 0.84296875 0.0546875 0.0515625
0 0.76953125 0.82890625 0.0515625 0.053125
0 0.81171875 0.81875 0.0515625 0.0515625
0 0.8578125 0.80078125 0.05 0.0515625
0 0.89921875 0.7859375 0.05 0.0515625
0 0.94140625 0.77109375 0.0515625 0.0515625
0 0.9796875 0.75859375 0.040625 0.0515625
0 0.44453125 0.98828125 0.0515625 0.0234375
0 0.45859375 0.95859375 0.0546875 0.053125
0 0.50234375 0.94765625 0.0484375 0.0515625
0 0.54375 0.93046875 0.053125 0.05
0 0.5890625 0.9171875 0.05 0.05
0 0.63125 0.90859375 0.0515625 0.0515625
0 0.67265625 0.89375 0.0515625 0.0515625
0 0.715625 0.88359375 0.0515625 0.0515625
0 0.759375 0.871875 0.0515625 0.0515625
0 0.80234375 0.85625 0.0515625 0.0515625
0 0.84609375 0.84609375 0.0515625 0.0515625
0 0.890625 0.83203125 0.053125 0.0546875
0 0.93125 0.8203125 0.05 0.05
0 0.975 0.80546875 0.05 0.0515625
0 0.4890625 0.9828125 0.05 0.034375
0 0.5328125 0.97578125 0.05 0.0484375
0 0.57734375 0.96328125 0.05 0.05
0 0.61953125 0.95234375 0.0515625 0.0515625
0 0.6625 0.93984375 0.05 0.0515625
0 0.7046875 0.93359375 0.0515625 0.0515625
0 0.746875 0.9125 0.05 0.053125
0 0.79140625 0.9 0.0515625 0.05
0 0.8328125 0.8921875 0.0515625 0.05
0 0.87890625 0.87578125 0.0546875 0.053125
0 0.9234375 0.8609375 0.0515625 0.05
0 0.96484375 0.84765625 0.05 0.05
0 0.990625 0.8359375 0.01875 0.05
0 0.7828125 0.93046875 0.0484375 0.0328125
0 0.8265625 0.91875 0.046875 0.0328125
0 0.86875 0.9078125 0.0453125 0.03125
0 0.91171875 0.89453125 0.0453125 0.034375
0 0.95390625 0.88359375 0.046875 0.0328125
0 0.9859375 0.87265625 0.028125 0.0328125