0 0.121875 0.8828125 0.0421875 0.0453125
0 0.95 0.08828125 0.04375 0.0453125
0 0.2859375 0.05 0.04375 0.0453125
0 0.4203125 0.8421875 0.04375 0.04375
0 0.14296875 0.9234375 0.04375 0.04375
0 0.740625 0.209375 0.04375 0.04375
0 0.09765625 0.59921875 0.0421875 0.04375
0 0.190625 0.3640625 0.04375 0.04375
0 0.39921875 0.80078125 0.04375 0.04375
0 0.39921875 0.2484375 0.04375 0.04375
0 0.98671875 0.08515625 0.0265625 0.0453125
0 0.03125 0.56015625 0.0421875 0.04375
0 0.07578125 0.16640625 0.0421875 0.0453125
0 0.46875 0.1296875 0.0421875 0.04375
0 0.925 0.36640625 0.04375 0.04375
0 0.696875 0.4453125 0.04375 0.04375
0 0.2171875 0.2453125 0.04375 0.04375
0 0.078125 0.0875 0.04375 0.04375
0 0.21015625 0.64140625 0.0421875 0.04375
0 0.1703125 0.0140625 0.04375 0.028125
0 0.3234375 0.9203125 0.04375 0.0453125
0 0.32734375 0.60234375 0.04375 0.04375
0 0.1671875 0.48359375 0.04375 0.0453125
0 0.30390625 0.01484375 0.0421875 0.0296875
0 0.98671875 0.16640625 0.0265625 0.0453125
0 0.78515625 0.36796875 0.04375 0.0453125
0 0.46640625 0.04921875 0.04375 0.04375
0 0.625 0.2484375 0.04375 0.04375
0 0.88125 0.20625 0.0421875 0.04375
0 0.28046875 0.68046875 0.0421875 0.04375
0 0.94609375 0.484375 0.04375 0.0453125
0 0.53671875 0.721875 0.0421875 0.0453125
0 0.3078125 0.403125 0.0421875 0.04375
0 0.1703125 0.08828125 0.04375 0.04375
0 0.325 0.840625 0.0421875 0.04375
0 0.83515625 0.20859375 0.04375 0.04375
0 0.39921875 0.32890625 0.04375 0.0453125
0 0.903125 0.5640625 0.0453125 0.046875
0 0.30234375 0.96171875 0.04375 0.0453125
0 0.95 0.16953125 0.0421875 0.04375
0 0.146875 0.365625 0.0421875 0.0421875
0 0.7640625 0.3265625 0.04375 0.04375
0 0.05625 0.20625 0.0421875 0.04375
0 0.5125 0.3671875 0.04375 0.0453125
0 0.1 0.12734375 0.04375 0.0453125
0 0.440625 0.8828125 0.04375 0.04375
0 0.07734375 0.64140625 0.04375 0.0453125
0 0.30546875 0.56328125 0.04375 0.0453125
0 0.35234375 0.246875 0.04375 0.04375
0 0.96875 0.9234375 0.034375 0.046875
0 0.14765625 0.1265625 0.04375 0.04375
0 0.903125 0.08828125 0.04375 0.04375
0 0.121875 0.325 0.0421875 0.04375
0 0.88203125 0.68515625 0.0453125 0.0453125
0 0.6046875 0.84140625 0.04375 0.0453125
0 0.37109375 0.92109375 0.0421875 0.0453125
0 0.328125 0.4453125 0.04375 0.0453125
0 0.1640625 0.9578125 0.0453125 0.04375
0 0.74296875 0.13125 0.04375 0.04375
0 0.69375 0.29140625 0.0421875 0.0453125
0 0.16328125 0.8796875 0.04375 0.04375
0 0.8328125 0.446875 0.04375 0.0453125
0 0.07578125 0.24375 0.04375 0.04375
0 0.60546875 0.13203125 0.04375 0.04375
0 0.71640625 0.40625 0.04375 0.04375
0 0.05390625 0.36328125 0.04375 0.04375
0 0.53359375 0.88203125 0.04375 0.04375
0 0.09921875 0.68046875 0.04375 0.0453125
0 0.9859375 0.32421875 0.028125 0.0453125
0 0.42265625 0.128125 0.0421875 0.0453125
0 0.92734375 0.84609375 0.0453125 0.0453125
0 0.7859375 0.28984375 0.04375 0.04375
0 0.1921875 0.209375 0.0453125 0.0453125
0 0.5375 0.56484375 0.04375 0.0453125
0 0.3078125 0.2453125 0.04375 0.04375
0 0.2359375 0.76171875 0.0421875 0.0453125
0 0.6734375 0.08828125 0.0421875 0.04375
0 0.78828125 0.5234375 0.04375 0.0453125
0 0.12265625 0.559375 0.0421875 0.04375
0 0.71875 0.08984375 0.04375 0.04375
0 0.190625 0.1296875 0.04375 0.04375
0 0.49296875 0.1703125 0.04375 0.04375
0 0.053125 0.44375 0.04375 0.04375
0 0.12578125 0.01484375 0.0421875 0.0296875
0 0.9015625 0.246875 0.04375 0.04375
0 0.928125 0.1296875 0.04375 0.04375
0 0.103125 0.046875 0.0421875 0.04375
0 0.809375 0.32734375 0.0421875 0.0453125
0 0.58359375 0.484375 0.04375 0.0453125
0 0.3296875 0.525 0.04375 0.04375
0 0.8546875 0.3265625 0.04375 0.04375
0 0.5578125 0.44765625 0.04375 0.0453125
0 0.46796875 0.7625 0.0421875 0.0453125
0 0.25625 0.8 0.04375 0.0453125
0 0.3984375 0.1671875 0.04375 0.04375
0 0.278125 0.92265625 0.04375 0.0453125
0 0.534375 0.80390625 0.04375 0.0453125
0 0.51328125 0.84140625 0.04375 0.0453125
0 0.53359375 0.96015625 0.04375 0.0453125
0 0.8578125 0.4078125 0.04375 0.04375
0 0.7421875 0.046875 0.0421875 0.04375
0 0.92890625 0.765625 0.0453125 0.0453125
0 0.096875 0.84140625 0.04375 0.0453125
0 0.1671875 0.56015625 0.04375 0.04375
0 0.92578125 0.603125 0.0453125 0.0453125
0 0.053125 0.28203125 0.04375 0.0453125
0 0.0796875 0.01484375 0.04375 0.0296875
0 0.62578125 0.16953125 0.04375 0.0453125
0 0.33125 0.20625 0.04375 0.04375
0 0.03125 0.16484375 0.040625 0.0453125
0 0.121875 0.4015625 0.04375 0.0453125
0 0.1671875 0.4015625 0.04375 0.0453125
0 0.44453125 0.015625 0.0421875 0.03125
0 0.625 0.328125 0.04375 0.04375
0 0.67578125 0.6453125 0.04375 0.04375
0 0.2109375 0.72109375 0.04375 0.04375
0 0.5609375 0.68203125 0.04375 0.04375
0 0.2640625 0.01640625 0.04375 0.0328125
0 0.44609375 0.1703125 0.0421875 0.04375
0 0.096875 0.7609375 0.04375 0.0453125
0 0.146875 0.52265625 0.04375 0.04375
0 0.74140625 0.44765625 0.0453125 0.0453125
0 0.2359375 0.68046875 0.04375 0.0453125
0 0.58046875 0.25 0.04375 0.04375
0 0.12109375 0.8046875 0.04375 0.04375
0 0.53671875 0.32890625 0.04375 0.04375
0 0.440625 0.8015625 0.0421875 0.04375
0 0.9484375 0.32421875 0.04375 0.04375
0 0.3984375 0.01484375 0.04375 0.0296875
0 0.30546875 0.16796875 0.0421875 0.04375
0 0.26015625 0.56328125 0.0421875 0.0453125
0 0.37421875 0.76484375 0.04375 0.04375
0 0.8546875 0.17109375 0.0421875 0.04375
0 0.78828125 0.0484375 0.04375 0.04375
0 0.5109375 0.92109375 0.0421875 0.04375
0 0.5390625 0.484375 0.04375 0.04375
0 0.90390625 0.484375 0.04375 0.0453125
0 0.1921875 0.52109375 0.04375 0.04375
0 0.57890625 0.80234375 0.04375 0.04375
0 0.46640625 0.840625 0.04375 0.04375
0 0.34921875 0.8 0.04375 0.0453125
0 0.18984375 0.6015625 0.0421875 0.0453125
0 0.559375 0.21015625 0.04375 0.0453125
0 0.26484375 0.165625 0.04375 0.04375
0 0.42109375 0.05078125 0.04375 0.04375
0 0.92578125 0.4484375 0.04375 0.04375
0 0.16953125 0.24375 0.04375 0.0453125
0 0.05703125 0.046875 0.0421875 0.04375
0 0.23515625 0.52265625 0.04375 0.04375
0 0.71953125 0.246875 0.04375 0.0453125
0 0.8828125 0.765625 0.0453125 0.0453125
0 0.346875 0.959375 0.04375 0.0453125
0 0.834375 0.60625 0.0453125 0.046875
0 0.6046875 0.0515625 0.04375 0.04375
0 0.85703125 0.0890625 0.0421875 0.04375
0 0.7390625 0.36640625 0.04375 0.04375
0 0.2140625 0.56171875 0.0421875 0.04375
0 0.90234375 0.1703125 0.04375 0.04375
0 0.46875 0.6828125 0.04375 0.04375
0 0.5796875 0.0875 0.0421875 0.04375
0 0.6046875 0.2875 0.04375 0.04375
0 0.67265625 0.3296875 0.04375 0.0453125
0 0.58046875 0.1703125 0.0421875 0.0453125
0 0.14375 0.840625 0.04375 0.0453125
0 0.83359375 0.0515625 0.04375 0.04375
0 0.2578125 0.71953125 0.0421875 0.0453125
0 0.4453125 0.328125 0.0421875 0.04375
0 0.8125 0.02109375 0.040625 0.021875
0 0.53671875 0.01640625 0.0421875 0.0328125
0 0.5796875 0.01796875 0.0453125 0.0328125
0 0.3078125 0.4875 0.04375 0.0453125
0 0.55703125 0.92265625 0.0453125 0.0453125
0 0.2640625 0.24609375 0.0421875 0.04375
0 0.46953125 0.20625 0.04375 0.0453125
0 0.65078125 0.20859375 0.0421875 0.04375
0 0.7671875 0.08828125 0.0453125 0.0453125
0 0.0515625 0.60078125 0.04375 0.0453125
0 0.2859375 0.20859375 0.04375 0.04375
0 0.88046875 0.04765625 0.0421875 0.04375
0 0.3703125 0.84140625 0.0421875 0.04375
0 0.5125 0.04921875 0.04375 0.04375
0 0.628125 0.01796875 0.0453125 0.0296875
0 0.1921875 0.0484375 0.04375 0.04375
0 0.98515625 0.40703125 0.0296875 0.0453125
0 0.92578125 0.2875 0.04375 0.04375
0 0.23828125 0.2078125 0.04375 0.0453125
0 0.57890625 0.88359375 0.0453125 0.0453125
0 0.69453125 0.1265625 0.04375 0.0453125
0 0.25703125 0.87890625 0.04375 0.04375
0 0.4 0.721875 0.0421875 0.04375
0 0.14375 0.6 0.04375 0.046875
0 0.378125 0.28671875 0.04375 0.0453125
0 0.9296875 0.04765625 0.04375 0.04375
0 0.72109375 0.5640625 0.04375 0.0453125
0 0.14921875 0.0484375 0.04375 0.04375
0 0.6984375 0.92265625 0.04375 0.0453125
0 0.165625 0.71875 0.04375 0.0453125
0 0.62890625 0.6453125 0.04375 0.0453125
0 0.23671875 0.28671875 0.04375 0.04375
0 0.7890625 0.209375 0.04375 0.0453125
0 0.1453125 0.20703125 0.04375 0.04375
0 0.8578125 0.2484375 0.0421875 0.04375
0 0.10078125 0.36640625 0.04375 0.0453125
0 0.125 0.0875 0.04375 0.0453125
0 0.5375 0.09140625 0.0421875 0.04375
0 0.51484375 0.76328125 0.04375 0.0453125
0 0.5796875 0.328125 0.04375 0.0453125
0 0.3765625 0.365625 0.04375 0.0453125
0 0.5578125 0.36640625 0.04375 0.04375
0 0.16484375 0.8015625 0.04375 0.04375
0 0.21640625 0.16640625 0.04375 0.04375
0 0.3953125 0.9609375 0.0453125 0.0453125
0 0.67421875 0.01875 0.04375 0.028125
0 0.6046875 0.20703125 0.04375 0.04375
0 0.67265625 0.16796875 0.04375 0.04375
0 0.9515625 0.8828125 0.046875 0.046875
0 0.87890625 0.446875 0.04375 0.0453125
0 0.2625 0.3265625 0.04375 0.04375
0 0.65234375 0.13203125 0.0421875 0.04375
0 0.48984375 0.8015625 0.04375 0.04375
0 0.396875 0.0875 0.0421875 0.04375
0 0.03515625 0.01484375 0.0390625 0.0296875
0 0.28203125 0.52265625 0.04375 0.0453125
0 0.53671875 0.4078125 0.04375 0.04375
0 0.46640625 0.6046875 0.04375 0.0453125
0 0.928125 0.9265625 0.046875 0.046875
0 0.97109375 0.128125 0.04375 0.0453125
0 0.10078125 0.20703125 0.04375 0.04375
0 0.075 0.3234375 0.04375 0.0453125
0 0.12109375 0.6421875 0.0421875 0.04375
0 0.18984375 0.7609375 0.0421875 0.04375
0 0.03125 0.40390625 0.04375 0.0453125
0 0.86015625 0.96484375 0.0453125 0.0453125
0 0.3515625 0.72265625 0.04375 0.04375
0 0.0140625 0.60234375 0.028125 0.0453125
0 0.34609375 0.8796875 0.040625 0.04375
0 0.5375 0.24921875 0.04375 0.04375
0 0.65234375 0.68671875 0.04375 0.046875
0 0.60390625 0.446875 0.04375 0.0453125
0 0.60625 0.684375 0.04375 0.046875
0 0.44609375 0.0890625 0.04375 0.04375
0 0.83046875 0.36875 0.0421875 0.04375
0 0.18984375 0.284375 0.04375 0.04375
0 0.603125 0.91953125 0.0453125 0.0453125
0 0.46640625 0.28828125 0.0421875 0.0453125
0 0.6953125 0.365625 0.04375 0.0453125
0 0.1875 0.84140625 0.0421875 0.04375
0 0.21640625 0.08984375 0.04375 0.0453125
0 0.9703125 0.2078125 0.04375 0.0453125
0 0.64921875 0.05 0.04375 0.04375
0 0.37578125 0.68515625 0.04375 0.0453125
0 0.94609375 0.4078125 0.04375 0.04375
0 0.67734375 0.9609375 0.0453125 0.0453125
0 0.48671875 0.88203125 0.0421875 0.04375
0 0.39921875 0.4078125 0.0453125 0.04375
0 0.12109375 0.4828125 0.0421875 0.04375
0 0.721875 0.16953125 0.0421875 0.04375
0 0.56015625 0.1296875 0.0421875 0.04375
0 0.67578125 0.72578125 0.0453125 0.0453125
0 0.65078125 0.36953125 0.0453125 0.04375
0 0.3765625 0.52734375 0.04375 0.04375
0 0.075 0.40546875 0.04375 0.04375
0 0.18828125 0.9203125 0.04375 0.04375
0 0.9015625 0.40625 0.04375 0.0453125
0 0.88125 0.12890625 0.04375 0.04375
0 0.55703125 0.76328125 0.04375 0.0453125
0 0.41953125 0.76484375 0.0421875 0.04375
0 0.9859375 0.24453125 0.028125 0.0453125
0 0.7875 0.44765625 0.0421875 0.04375
0 0.30546875 0.64296875 0.04375 0.0453125
0 0.23203125 0.603125 0.04375 0.04375
0 0.0140625 0.4421875 0.0265625 0.0453125
0 0.96875 0.44765625 0.04375 0.04375
0 0.35390625 0.1671875 0.04375 0.04375
0 0.83671875 0.128125 0.0421875 0.0453125
0 0.121875 0.246875 0.0421875 0.0453125
0 0.90703125 0.9640625 0.0453125 0.0453125
0 0.27890625 0.83828125 0.0421875 0.0453125
0 0.98515625 0.48203125 0.0296875 0.0453125
0 0.27734375 0.76015625 0.0421875 0.0453125
0 0.65078125 0.60625 0.04375 0.04375
0 0.2109375 0.88046875 0.04375 0.04375
0 0.16953125 0.16796875 0.04375 0.0453125
0 0.075 0.48359375 0.04375 0.04375
0 0.81328125 0.1703125 0.0421875 0.04375
0 0.603125 0.765625 0.04375 0.0453125
0 0.37421875 0.128125 0.0421875 0.04375
0 0.7890625 0.13125 0.04375 0.0453125
0 0.69921875 0.04765625 0.04375 0.0453125
0 0.8625 0.725 0.0453125 0.0453125
0 0.51328125 0.1328125 0.0421875 0.04375
0 0.3015625 0.88125 0.04375 0.0453125
0 0.40234375 0.565625 0.0453125 0.0453125
0 0.14375 0.2859375 0.0421875 0.04375
0 0.51328125 0.28671875 0.0421875 0.04375
0 0.8109375 0.25 0.0421875 0.04375
0 0.7421875 0.2875 0.04375 0.0453125
0 0.14609375 0.44375 0.0453125 0.0453125
0 0.26171875 0.4046875 0.0421875 0.04375
0 0.6296875 0.4859375 0.04375 0.0453125
0 0.35234375 0.090625 0.0421875 0.04375
0 0.51328125 0.20859375 0.040625 0.04375
0 0.03359375 0.08828125 0.0390625 0.04375
0 0.76640625 0.2515625 0.0421875 0.04375
0 0.353125 0.4859375 0.0421875 0.0453125
0 0.1234375 0.16640625 0.04375 0.04375
0 0.49140625 0.25078125 0.0421875 0.0453125
0 0.58125 0.56484375 0.04375 0.04375
0 0.9265625 0.20546875 0.0421875 0.04375
0 0.696875 0.684375 0.0453125 0.0453125
0 0.07421875 0.5625 0.0421875 0.04375
0 0.028125 0.240625 0.040625 0.04375
0 0.375 0.05 0.04375 0.0453125
0 0.76796875 0.17109375 0.0421875 0.04375
0 0.62578125 0.72578125 0.04375 0.04375
0 0.14453125 0.7609375 0.0421875 0.0421875
0 0.81328125 0.0921875 0.04375 0.04375
0 0.9546875 0.9640625 0.0453125 0.0453125
0 0.88046875 0.28828125 0.04375 0.0453125
0 0.584375 0.9625 0.04375 0.0453125
0 0.24140625 0.05234375 0.0421875 0.04375
0 0.55625 0.84375 0.04375 0.04375
0 0.83359375 0.290625 0.0421875 0.04375
0 0.8578125 0.6453125 0.0453125 0.0453125
0 0.55859375 0.28828125 0.0421875 0.04375
0 0.9484375 0.24765625 0.04375 0.04375
0 0.65078125 0.28828125 0.0421875 0.0453125
0 0.21640625 0.4046875 0.04375 0.04375
0 0.325 0.76015625 0.04375 0.04375
0 0.83515625 0.92578125 0.0453125 0.0453125
0 0.5609375 0.52421875 0.04375 0.04375
0 0.51484375 0.60546875 0.04375 0.0453125
0 0.3109375 0.32421875 0.04375 0.04375
0 0.215625 0.325 0.04375 0.04375
0 0.85546875 0.4875 0.0453125 0.0453125
0 0.60625 0.5265625 0.04375 0.0453125
0 0.3046875 0.7171875 0.0421875 0.04375
0 0.5359375 0.1703125 0.0421875 0.04375
0 0.328125 0.128125 0.04375 0.04375
0 0.9703125 0.84453125 0.0375 0.0453125
0 0.16796875 0.3234375 0.04375 0.04375
0 0.74453125 0.525 0.0453125 0.0453125
0 0.7921875 0.98984375 0.046875 0.0203125
0 0.9046875 0.646875 0.0453125 0.0453125
0 0.83828125 0.7640625 0.04375 0.0453125
0 0.8140625 0.64453125 0.0453125 0.0453125
0 0.971875 0.76640625 0.0390625 0.046875
0 0.58203125 0.7234375 0.04375 0.04375
0 0.62890625 0.88046875 0.0453125 0.0453125
0 0.1 0.4421875 0.0421875 0.0453125
0 0.2109375 0.8046875 0.04375 0.0453125
0 0.8578125 0.56328125 0.04375 0.0453125
0 0.30703125 0.090625 0.0421875 0.04375
0 0.2609375 0.484375 0.04375 0.0453125
0 0.90859375 0.80546875 0.0453125 0.046875
0 0.96875 0.36640625 0.04375 0.0453125
0 0.05703125 0.125 0.0421875 0.04375
0 0.72265625 0.8015625 0.0453125 0.0453125
0 0.5125 0.4484375 0.0421875 0.04375
0 0.49140625 0.565625 0.0453125 0.0453125
0 0.76640625 0.48359375 0.04375 0.0453125
0 0.39375 0.88125 0.0453125 0.0453125
0 0.26171875 0.0875 0.0421875 0.0421875
0 0.19453125 0.44296875 0.04375 0.04375
0 0.4640625 0.91953125 0.04375 0.04375
0 0.28359375 0.44375 0.04375 0.0453125
0 0.12265625 0.72109375 0.04375 0.04375
0 0.49296875 0.48828125 0.04375 0.04375
0 0.28515625 0.28515625 0.04375 0.04375
0 0.3546875 0.5625 0.0453125 0.04375
0 0.4453125 0.409375 0.04375 0.0453125
0 0.86171875 0.80234375 0.046875 0.046875
0 0.559375 0.60546875 0.04375 0.0453125
0 0.5140625 0.68359375 0.04375 0.04375
0 0.284375 0.1265625 0.0421875 0.04375
0 0.671875 0.2515625 0.04375 0.0453125
0 0.209375 0.96328125 0.0421875 0.0453125
0 0.4453125 0.4890625 0.04375 0.04375
0 0.8328125 0.52421875 0.04375 0.0453125
0 0.76640625 0.56796875 0.0453125 0.0453125
0 0.33203125 0.36484375 0.04375 0.04375
0 0.10078125 0.28515625 0.0421875 0.04375
0 0.67734375 0.565625 0.04375 0.0453125
0 0.671875 0.40546875 0.04375 0.04375
0 0.42421875 0.52578125 0.04375 0.0453125
0 0.62734375 0.09140625 0.04375 0.04375
0 0.35078125 0.6421875 0.04375 0.0453125
0 0.6984375 0.20859375 0.04375 0.04375
0 0.49140625 0.328125 0.04375 0.04375
0 0.35078125 0.40859375 0.04375 0.0453125
0 0.9296875 0.6828125 0.046875 0.046875
0 0.88125 0.60546875 0.0453125 0.0453125
0 0.71953125 0.72890625 0.0453125 0.04375
0 0.653125 0.91875 0.0453125 0.0453125
0 0.72109375 0.48671875 0.04375 0.0453125
0 0.55859375 0.0515625 0.04375 0.04375
0 0.90078125 0.328125 0.04375 0.0453125
0 0.4875 0.959375 0.04375 0.04375
0 0.6984375 0.52421875 0.04375 0.04375
0 0.809375 0.4078125 0.04375 0.04375
0 0.02890625 0.64375 0.0453125 0.046875
0 0.353125 0.3265625 0.04375 0.0421875
0 0.8140625 0.88515625 0.0453125 0.046875
0 0.33125 0.05078125 0.04375 0.04375
0 0.79375 0.765625 0.046875 0.046875
0 0.721875 0.88359375 0.0453125 0.04375
0 0.63046875 0.9609375 0.046875 0.046875
0 0.6546875 0.98984375 0.04375 0.0203125
0 0.16640625 0.64296875 0.0421875 0.0453125
0 0.71796875 0.32890625 0.04375 0.04375
0 0.58046875 0.41015625 0.04375 0.04375
0 0.1890625 0.68046875 0.04375 0.0453125
0 0.21875 0.0140625 0.04375 0.028125
0 0.44765625 0.24921875 0.04375 0.0421875
0 0.79375 0.84453125 0.0453125 0.0453125
0 0.86171875 0.8828125 0.04375 0.0453125
0 0.284375 0.3625 0.04375 0.0453125
0 0.03125 0.48359375 0.0421875 0.04375
0 0.4921875 0.015625 0.04375 0.03125
0 0.01640625 0.36171875 0.025 0.0453125
0 0.946875 0.56484375 0.0453125 0.046875
0 0.3765625 0.44375 0.0421875 0.04375
0 0.88125 0.92578125 0.0453125 0.046875
0 0.23828125 0.44296875 0.04375 0.04375
0 0.0140625 0.6875 0.028125 0.046875
0 0.4234375 0.684375 0.04375 0.04375
0 0.2578125 0.64140625 0.04375 0.0453125
0 0.46484375 0.44609375 0.04375 0.0453125
0 0.71796875 0.01796875 0.0421875 0.0234375
0 0.4921875 0.7234375 0.04375 0.04375
0 0.2140625 0.484375 0.0421875 0.0453125
0 0.6515625 0.76171875 0.04375 0.0453125
0 0.7875 0.60703125 0.0453125 0.0453125
0 0.60390625 0.3671875 0.04375 0.04375
0 0.76796875 0.6484375 0.0453125 0.0453125
0 0.8796875 0.5234375 0.0453125 0.04375
0 0.2375 0.36484375 0.04375 0.0453125
0 0.78984375 0.92578125 0.0453125 0.0453125
0 0.5390625 0.6421875 0.0453125 0.04375
0 0.37578125 0.6046875 0.04375 0.0453125
0 0.96953125 0.5234375 0.0453125 0.046875
0 0.9078125 0.72421875 0.04375 0.046875
0 0.97265625 0.6828125 0.04375 0.0484375
0 0.25703125 0.96171875 0.04375 0.0453125
0 0.37890625 0.209375 0.04375 0.04375
0 0.49296875 0.6453125 0.04375 0.0421875
0 0.90625 0.88359375 0.0453125 0.0453125
0 0.8125 0.5671875 0.0453125 0.046875
0 0.7 0.60234375 0.04375 0.04375
0 0.6265625 0.803125 0.04375 0.04375
0 0.4234375 0.36875 0.04375 0.0453125
0 0.14765625 0.678125 0.0421875 0.040625
0 0.76875 0.72578125 0.0453125 0.0453125
0 0.44375 0.721875 0.0421875 0.0453125
0 0.6515625 0.4453125 0.04375 0.0453125
0 0.05546875 0.52265625 0.04375 0.046875
0 0.02734375 0.31953125 0.04375 0.0453125
0 0.4671875 0.36640625 0.0421875 0.04375
0 0.975 0.28671875 0.0421875 0.04375
0 0.35 0.015625 0.04375 0.03125
0 0.421875 0.44609375 0.04375 0.04375
0 0.74375 0.60703125 0.0453125 0.0453125
0 0.41796875 0.91875 0.04375 0.04375
0 0.5828125 0.6421875 0.04375 0.0453125
0 0.975 0.05078125 0.04375 0.04375
0 0.765625 0.4078125 0.0421875 0.04375
0 0.3296875 0.684375 0.0453125 0.04375
0 0.628125 0.5640625 0.04375 0.0453125
0 0.03046875 0.7296875 0.04375 0.0453125
0 0.76953125 0.80859375 0.0453125 0.0453125
0 0.8140625 0.7234375 0.0453125 0.04375
0 0.4921875 0.40859375 0.04375 0.04375
0 0.7484375 0.7640625 0.0453125 0.0453125
0 0.05234375 0.7640625 0.04375 0.0453125
0 0.7453125 0.9890625 0.04375 0.021875
0 0.2359375 0.92109375 0.0453125 0.04375
0 0.74453125 0.68828125 0.0453125 0.0453125
0 0.28125 0.60234375 0.0421875 0.04375
0 0.33203125 0.2859375 0.0421875 0.04375
0 0.49296875 0.08828125 0.040625 0.04375
0 0.62578125 0.4078125 0.0421875 0.04375
0 0.653125 0.52734375 0.04375 0.04375
0 0.83671875 0.84140625 0.04375 0.0453125
0 0.90234375 0.0234375 0.04375 0.01875
0 0.2390625 0.1296875 0.04375 0.04375
0 0.88125 0.36640625 0.0421875 0.04375
0 0.43828125 0.959375 0.04375 0.0453125
0 0.95 0.02421875 0.0421875 0.0171875
0 0.65078125 0.8421875 0.0453125 0.04375
0 0.88203125 0.990625 0.0453125 0.01875
0 0.8359375 0.99140625 0.04375 0.0171875
0 0.675 0.484375 0.04375 0.0453125
0 0.925 0.52421875 0.04375 0.0453125
0 0.696875 0.76171875 0.0453125 0.04375
0 0.09921875 0.52109375 0.0421875 0.04375
0 0.81484375 0.9640625 0.0453125 0.0453125
0 0.30390625 0.8 0.04375 0.04375
0 0.7203125 0.646875 0.0453125 0.0453125
0 0.9296875 0.990625 0.046875 0.01875
0 0.9734375 0.60234375 0.046875 0.0453125
0 0.07421875 0.72109375 0.04375 0.0421875
0 0.46484375 0.9890625 0.0421875 0.021875
0 0.884375 0.84296875 0.04375 0.0453125
0 0.746875 0.925 0.046875 0.046875
0 0.42578125 0.209375 0.0421875 0.04375
0 0.0140625 0.51796875 0.028125 0.0453125
0 0.76796875 0.884375 0.0453125 0.0453125
0 0.746875 0.84375 0.0453125 0.04375
0 0.60703125 0.603125 0.04375 0.0453125
0 0.815625 0.8046875 0.04375 0.0453125
0 0.76796875 0.0203125 0.040625 0.0234375
0 0.403125 0.6421875 0.04375 0.04375
0 0.67890625 0.88125 0.04375 0.0453125
0 0.4234375 0.60390625 0.0421875 0.04375
0 0.9546875 0.80703125 0.0453125 0.0453125
0 0.5171875 0.52734375 0.04375 0.0453125
0 0.984375 0.56484375 0.028125 0.046875
0 0.9515625 0.7265625 0.046875 0.046875
0 0.7 0.9890625 0.04375 0.021875
0 0.96796875 0.990625 0.0296875 0.01875
0 0.809375 0.48515625 0.0453125 0.0453125
0 0.4453125 0.64296875 0.04375 0.04375
0 0.76796875 0.9625 0.0453125 0.04375
0 0.0546875 0.68125 0.0421875 0.04375
0 0.2359375 0.8390625 0.04375 0.04375
0 0.98359375 0.64375 0.025 0.0421875
0 0.85625 0.02265625 0.0421875 0.021875
0 0.07578125 0.80078125 0.04375 0.0421875
0 0.98828125 0.02421875 0.0234375 0.0171875
0 0.69765625 0.84375 0.0453125 0.0453125
0 0.46875 0.52578125 0.0453125 0.0453125
0 0.6765625 0.8046875 0.0453125 0.0453125
0 0.3984375 0.48828125 0.04375 0.0421875
0 0.99765625 0.12890625 0.0046875 0.0421875
0 0.79453125 0.6875 0.0453125 0.0453125
0 0.725 0.96015625 0.04375 0.04375
0 0.025 0.04609375 0.0203125 0.04375
0 0.44609375 0.56328125 0.04375 0.04375
0 0.41796875 0.98671875 0.0421875 0.0234375
0 0.42109375 0.2875 0.04375 0.0453125
0 0.5609375 0.98984375 0.04375 0.0203125
0 0.83671875 0.68515625 0.0453125 0.046875
0 0.9515625 0.6453125 0.0390625 0.0390625
0 0.6109375 0.990625 0.04375 0.01875
0 0.0171875 0.28046875 0.021875 0.04375
0 0.02109375 0.1234375 0.01875 0.040625
0 0.37265625 0.9875 0.0421875 0.01875
0 0.278125 0.9859375 0.040625 0.0140625
0 0.01875 0.20234375 0.01875 0.0421875
0 0.5109375 0.98984375 0.040625 0.0203125
0 0.2328125 0.984375 0.0421875 0.0125
0 0.003125 0.5640625 0.00625 0.04375
0 0.32734375 0.9875 0.0421875 0.015625
0 0.99765625 0.20546875 0.0046875 0.0421875
0 0.18984375 0.98515625 0.040625 0.0109375
0 0.00234375 0.64609375 0.0046875 0.0421875
0 0.9828125 0.8046875 0.0140625 0.04375
0 0.99765625 0.28671875 0.0046875 0.0421875
0 0.984375 0.7265625 0.0171875 0.04375
0 0.98203125 0.88203125 0.0109375 0.0453125
0 0.9796875 0.96328125 0.0109375 0.0421875
0 0.996875 0.3625 0.00625 0.046875
0 0.99609375 0.446875 0.0078125 0.04375