0 0.56953125 0.99375 0.0515625 0.0125
0 0.5515625 0.97265625 0.05625 0.0546875
0 0.59921875 0.975 0.0578125 0.05
0 0.64609375 0.9796875 0.0546875 0.040625
0 0.69453125 0.98046875 0.0578125 0.0390625
0 0.74296875 0.9828125 0.0546875 0.034375
0 0.83359375 0.99375 0.0578125 0.0125
0 0.53984375 0.92734375 0.0546875 0.0546875
0 0.5828125 0.94140625 0.0578125 0.0546875
0 0.6296875 0.94453125 0.05625 0.05625
0 0.678125 0.95 0.05625 0.053125
0 0.72734375 0.95546875 0.0578125 0.0578125
0 0.77421875 0.9625 0.05625 0.0625
0 0.8203125 0.97109375 0.05625 0.05625
0 0.86640625 0.97578125 0.0546875 0.0484375
0 0.56640625 0.89453125 0.05625 0.0578125
0 0.6125 0.90703125 0.0578125 0.0578125
0 0.66015625 0.91015625 0.05625 0.05625
0 0.70859375 0.915625 0.0578125 0.0546875
0 0.75703125 0.91640625 0.0546875 0.0578125
0 0.803125 0.928125 0.05625 0.059375
0 0.84921875 0.93515625 0.053125 0.0546875
0 0.89375 0.93671875 0.0453125 0.05
0 0.553125 0.84375 0.0546875 0.0578125
0 0.59765625 0.85703125 0.059375 0.0578125
0 0.6453125 0.86171875 0.0515625 0.0546875
0 0.68984375 0.86875 0.05625 0.05625
0 0.73984375 0.87578125 0.05625 0.059375
0 0.7859375 0.8921875 0.059375 0.05625
0 0.87265625 0.8859375 0.05625 0.059375
0 0.909375 0.89453125 0.034375 0.05
0 0.58203125 0.80625 0.0546875 0.0578125
0 0.62578125 0.82421875 0.0578125 0.0578125
0 0.67421875 0.82421875 0.0578125 0.0578125
0 0.1984375 0.93203125 0.0515625 0.0328125
0 0.24296875 0.9421875 0.053125 0.034375
0 0.29140625 0.95 0.05625 0.040625
0 0.3359375 0.9625 0.05 0.034375
0 0.38359375 0.97265625 0.0515625 0.0359375
0 0.43203125 0.978125 0.0515625 0.04375
0 0.47734375 0.9828125 0.0546875 0.034375
0 0.52578125 0.9859375 0.0609375 0.028125
0 0.01015625 0.86484375 0.0203125 0.0578125
0 0.03828125 0.87421875 0.059375 0.0546875
0 0.084375 0.8859375 0.0546875 0.0546875
0 0.13125 0.89296875 0.05625 0.05625
0 0.17578125 0.903125 0.0578125 0.0578125
0 0.22421875 0.91015625 0.0546875 0.053125
0 0.27265625 0.9171875 0.0578125 0.0546875
0 0.31875 0.93125 0.053125 0.0546875
0 0.365625 0.9359375 0.0578125 0.0578125
0 0.41484375 0.94453125 0.05625 0.0546875
0 0.4609375 0.95078125 0.0578125 0.0578125
0 0.50625 0.96484375 0.0515625 0.053125
0 0.02265625 0.83046875 0.0453125 0.0546875
0 0.06640625 0.8390625 0.0546875 0.053125
0 0.11328125 0.85234375 0.05625 0.0546875
0 0.1625 0.85625 0.05625 0.05625
0 0.21171875 0.86328125 0.0578125 0.05625
0 0.25703125 0.87265625 0.0546875 0.0546875
0 0.3046875 0.87890625 0.0546875 0.0546875
0 0.35234375 0.8890625 0.0578125 0.0546875
0 0.4 0.89765625 0.0546875 0.0546875
0 0.44765625 0.90703125 0.0546875 0.0546875
0 0.49375 0.915625 0.059375 0.05625
0 0.015625 0.7859375 0.03125 0.05625
0 0.00859375 0.740625 0.0171875 0.059375
0 0.0375 0.74296875 0.05625 0.0546875
0 0.05234375 0.7890625 0.0546875 0.05625
0 0.0828125 0.759375 0.0546875 0.05625
0 0.09921875 0.8046875 0.0578125 0.0578125
0 0.14765625 0.8125 0.05625 0.0546875
0 0.1953125 0.81328125 0.053125 0.0546875
0 0.240625 0.82265625 0.05625 0.053125
0 0.28828125 0.83515625 0.0578125 0.05625
0 0.33515625 0.84453125 0.0546875 0.053125
0 0.38125 0.85546875 0.059375 0.05625
0 0.4296875 0.86484375 0.0578125 0.0578125
0 0.478125 0.87265625 0.053125 0.0546875
0 0.52265625 0.8828125 0.053125 0.053125
0 0.1296875 0.765625 0.0609375 0.0609375
0 0.1765625 0.77421875 0.05625 0.0578125
0 0.22578125 0.78203125 0.0546875 0.0546875
0 0.27109375 0.7921875 0.05625 0.0546875
0 0.31875 0.80546875 0.05625 0.0578125
0 0.3671875 0.80859375 0.0578125 0.0578125
0 0.4140625 0.8171875 0.053125 0.0546875
0 0.45859375 0.83359375 0.0578125 0.05625
0 0.50390625 0.84296875 0.0546875 0.0546875
0 0.4921875 0.79296875 0.0578125 0.059375
0 0.53515625 0.81328125 0.0546875 0.0609375