0 0.40859375 0.2109375 0.078125 0.078125
0 0.5046875 0.11171875 0.075 0.075
0 0.56171875 0.14296875 0.075 0.075
0 0.27265625 0.18125 0.0734375 0.075
0 0.61015625 0.04609375 0.078125 0.0734375
0 0.365625 0.08671875 0.0765625 0.0765625
0 0.35859375 0.2546875 0.075 0.075
0 0.22734375 0.04453125 0.075 0.075
0 0.5359375 0.025 0.075 0.05
0 0.55078125 0.2953125 0.0734375 0.0734375
0 0.2734375 0.0203125 0.075 0.040625
0 0.553125 0.071875 0.078125 0.0765625
0 0.43828125 0.08828125 0.078125 0.078125
0 0.39140625 0.14296875 0.075 0.0734375
0 0.4734375 0.228125 0.0734375 0.075
0 0.30390625 0.0734375 0.071875 0.0734375
0 0.16875 0.21875 0.078125 0.078125
0 0.60234375 0.23125 0.075 0.078125
0 0.2125 0.1734375 0.075 0.075
0 0.4796875 0.0359375 0.075 0.071875
0 0.4046875 0.03515625 0.078125 0.0703125
0 0.25703125 0.115625 0.075 0.0765625
0 0.6171875 0.1671875 0.0734375 0.0734375
0 0.29453125 0.24609375 0.0734375 0.0734375
0 0.1125 0.04609375 0.0421875 0.06875
0 0.5265625 0.19375 0.075 0.075
0 0.20546875 0.0125 0.0765625 0.025
0 0.23359375 0.228125 0.075 0.075
0 0.62890625 0.10078125 0.0734375 0.0734375
0 0.65546875 0.03359375 0.0703125 0.034375
0 0.440625 0.00703125 0.06875 0.0140625
0 0.0921875 0.1953125 0.0734375 0.0765625
0 0.34140625 0.01875 0.0765625 0.0375
0 0.19453125 0.11484375 0.071875 0.0734375
0 0.1375 0.01171875 0.0625 0.0234375
1 0.14296875 0.15078125 0.0796875 0.075
0 0.165625 0.0328125 0.075 0.065625
1 0.33984375 0.18671875 0.0765625 0.075
0 0.5375 0.240625 0.0703125 0.06875
1 0.125 0.0984375 0.0671875 0.0671875
1 0.45625 0.15390625 0.0671875 0.0609375
0 0.0859375 0.14296875 0.0375 0.0640625
1 0.48515625 0.284375 0.0765625 0.0671875
1 0.4203125 0.2671875 0.065625 0.065625