0 0.0546875 0.78125 0.0609375 0.059375
0 0.06171875 0.85625 0.06015625 0.0578125
0 0.0546875 0.5953125 0.0578125 0.059375
0 0.05625 0.66015625 0.05703125 0.05703125
0 0.0546875 0.71953125 0.0609375 0.05703125
0 0.12109375 0.6703125 0.06171875 0.0578125
0 0.05703125 0.46875 0.05703125 0.05859375
0 0.059375 0.40546875 0.06015625 0.0578125
0 0.12421875 0.86484375 0.06171875 0.05703125
0 0.015625 0.55 0.03046875 0.0609375
0 0.04296875 0.9109375 0.06171875 0.05859375
0 0.121875 0.79375 0.0609375 0.0578125
0 0.05390625 0.53125 0.05859375 0.05625
0 0.121875 0.5421875 0.06015625 0.0578125
0 0.01171875 0.8671875 0.0234375 0.0578125
0 0.01328125 0.6734375 0.02578125 0.05859375
0 0.12109375 0.59921875 0.059375 0.05625
0 0.0640625 0.98671875 0.06875 0.0265625
0 0.121875 0.4171875 0.059375 0.05703125
0 0.009375 0.79765625 0.01796875 0.059375
0 0.01484375 0.48671875 0.0296875 0.05703125
0 0.11875 0.478125 0.05703125 0.05390625
0 0.0140625 0.42421875 0.028125 0.0609375
0 0.0125 0.6109375 0.02421875 0.05625
0 0.121875 0.7328125 0.0625 0.05625
0 0.009375 0.7328125 0.01796875 0.0625
0 0.11015625 0.91640625 0.0640625 0.053125
0 0.115625 0.9671875 0.05703125 0.04140625
0 0.021875 0.95859375 0.04296875 0.04375