0 0.30078125 0.3375 0.06875 0.06875
0 0.425 0.35 0.0671875 0.0640625
0 0.928125 0.478125 0.0703125 0.071875
0 0.059375 0.109375 0.0484375 0.0671875
0 0.46171875 0.13359375 0.06875 0.065625
0 0.51328125 0.71484375 0.06875 0.06875
0 0.42421875 0.01796875 0.0671875 0.0359375
0 0.04453125 0.2984375 0.0578125 0.0671875
0 0.0875 0.0140625 0.065625 0.028125
0 0.37734375 0.228125 0.0671875 0.0671875
0 0.1578125 0.43515625 0.0671875 0.065625
0 0.10234375 0.0640625 0.0671875 0.0671875
0 0.190625 0.68125 0.065625 0.0671875
0 0.33984375 0.74453125 0.0671875 0.06875
0 0.540625 0.1984375 0.0671875 0.0640625
0 0.96640625 0.24609375 0.0671875 0.0703125
0 0.07109375 0.3625 0.0671875 0.065625
0 0.1296875 0.66875 0.0671875 0.06875
0 0.0171875 0.65546875 0.034375 0.0671875
0 0.51484375 0.4265625 0.0671875 0.06875
0 0.253125 0.21875 0.0671875 0.0671875
0 0.11328125 0.48984375 0.06875 0.0671875
0 0.04609375 0.7734375 0.0671875 0.065625
0 0.3171875 0.6765625 0.0671875 0.065625
0 0.03359375 0.41796875 0.0609375 0.06875
0 0.465625 0.3078125 0.0671875 0.0640625
0 0.29453125 0.15390625 0.0671875 0.06875
0 0.2734375 0.07578125 0.06875 0.0703125
0 0.6046875 0.2078125 0.06875 0.0671875
0 0.08203125 0.5390625 0.0671875 0.065625
0 0.13125 0.20078125 0.0671875 0.06875
0 0.2765625 0.27578125 0.065625 0.0640625
0 0.5828125 0.60546875 0.0703125 0.071875
0 0.46953125 0.46796875 0.065625 0.0671875
0 0.0484375 0.4859375 0.06875 0.0671875
0 0.23046875 0.1625 0.0671875 0.0640625
0 0.1609375 0.084375 0.065625 0.0640625
0 0.61171875 0.65859375 0.0671875 0.0671875
0 0.50390625 0.25625 0.0671875 0.06875
0 0.65 0.61796875 0.0671875 0.065625
0 0.375 0.05546875 0.06875 0.06875
0 0.0859375 0.25078125 0.0671875 0.06875
0 0.48515625 0.02421875 0.0671875 0.0484375
0 0.196875 0.00703125 0.06875 0.0140625
0 0.66484375 0.79140625 0.065625 0.065625
0 0.2390625 0.33203125 0.06875 0.0671875
0 0.7703125 0.753125 0.0671875 0.06875
0 0.1890625 0.2140625 0.06875 0.06875
0 0.3515625 0.16796875 0.065625 0.065625
0 0.81796875 0.07109375 0.0671875 0.0671875
0 0.77734375 0.2890625 0.06875 0.0671875
0 0.33984375 0.284375 0.0671875 0.06875
0 0.2296875 0.63359375 0.06875 0.0671875
0 0.2578125 0.38359375 0.06875 0.0625
0 0.065625 0.65703125 0.0671875 0.0671875
0 0.59140625 0.328125 0.0671875 0.065625
0 0.45859375 0.58046875 0.0671875 0.06875
0 0.084375 0.72109375 0.065625 0.0671875
0 0.146875 0.26328125 0.06875 0.06875
0 0.95234375 0.3640625 0.0671875 0.065625
0 0.11015625 0.1265625 0.065625 0.06875
0 0.41640625 0.1765625 0.0671875 0.0671875
0 0.52578125 0.14453125 0.0671875 0.065625
0 0.6515625 0.1578125 0.065625 0.0640625
0 0.8859375 0.2375 0.0671875 0.06875
0 0.15078125 0.028125 0.0703125 0.05625
0 0.06953125 0.18125 0.0671875 0.0671875
0 0.3140625 0.22578125 0.0671875 0.0671875
0 0.96796875 0.4203125 0.0640625 0.065625
0 0.728125 0.453125 0.06875 0.06875
0 0.14609375 0.55703125 0.06875 0.0703125
0 0.55859375 0.37578125 0.0671875 0.0671875
0 0.478125 0.18671875 0.06875 0.0671875
0 0.6765625 0.66875 0.0671875 0.06875
0 0.990625 0.3765625 0.01875 0.065625
0 0.10703125 0.31484375 0.0671875 0.065625
0 0.10234375 0.60078125 0.0671875 0.0671875
0 0.81875 0.69453125 0.06875 0.06875
0 0.3203125 0.02890625 0.06875 0.0578125
0 0.45234375 0.41015625 0.06875 0.065625
0 0.50546875 0.08671875 0.0703125 0.06875
0 0.26015625 0.0171875 0.0671875 0.034375
0 0.4359375 0.06796875 0.0703125 0.0703125
0 0.69921875 0.1109375 0.065625 0.0671875
0 0.73046875 0.79609375 0.0671875 0.06875
0 0.165625 0.61484375 0.0671875 0.0671875
0 0.16875 0.78515625 0.0640625 0.065625
0 0.2078125 0.5640625 0.0671875 0.06875
0 0.8609375 0.81484375 0.06875 0.06875
0 0.37421875 0.51484375 0.06875 0.0671875
0 0.02734375 0.715625 0.0546875 0.06875
0 0.63671875 0.10546875 0.0671875 0.0671875
0 0.0953125 0.42265625 0.0671875 0.065625
0 0.8484375 0.3921875 0.0671875 0.0671875
0 0.57890625 0.72890625 0.06875 0.06875
0 0.5203125 0.6 0.0671875 0.0671875
0 0.21484375 0.74453125 0.065625 0.065625
0 0.91875 0.5953125 0.0671875 0.06875
0 0.9828125 0.18359375 0.034375 0.0671875
0 0.33125 0.1046875 0.0671875 0.06875
0 0.56953125 0.1 0.06875 0.06875
0 0.821875 0.24609375 0.065625 0.0625
0 0.89140625 0.3453125 0.0671875 0.065625
0 0.49921875 0.5296875 0.065625 0.0671875
0 0.40546875 0.759375 0.065625 0.06875
0 0.40703125 0.4671875 0.065625 0.0671875
0 0.36796875 0.8125 0.0671875 0.0671875
0 0.17265625 0.3203125 0.0671875 0.06875
0 0.33359375 0.575 0.0671875 0.06875
0 0.73671875 0.15859375 0.06875 0.0671875
0 0.61796875 0.48359375 0.06875 0.0671875
0 0.0265625 0.3546875 0.034375 0.0640625
0 0.38671875 0.403125 0.0671875 0.0671875
0 0.34609375 0.44921875 0.06875 0.0671875
0 0.96640625 0.55390625 0.0671875 0.065625
0 0.7953125 0.575 0.0671875 0.0671875
0 0.3953125 0.5796875 0.065625 0.06875
0 0.00703125 0.76796875 0.0140625 0.0640625
0 0.27734375 0.74140625 0.0671875 0.0703125
0 0.8109375 0.18359375 0.0671875 0.065625
0 0.690625 0.5734375 0.0671875 0.06875
0 0.3625 0.34375 0.0671875 0.0671875
0 0.5328125 0.3125 0.065625 0.0671875
0 0.4890625 0.65 0.065625 0.0671875
0 0.70703125 0.26328125 0.06875 0.0640625
0 0.42734375 0.63984375 0.065625 0.065625
0 0.1078125 0.778125 0.0671875 0.0671875
0 0.6171875 0.03828125 0.0671875 0.0625
0 0.28515625 0.446875 0.0671875 0.065625
0 0.55 0.6546875 0.0671875 0.0671875
0 0.6875 0.84375 0.06875 0.0640625
0 0.490625 0.35546875 0.06875 0.065625
0 0.67890625 0.49765625 0.0671875 0.06875
0 0.215625 0.04375 0.065625 0.065625
0 0.215625 0.27109375 0.06875 0.0671875
0 0.3921875 0.1234375 0.0671875 0.0640625
0 0.97890625 0.4921875 0.0421875 0.06875
0 0.271875 0.57109375 0.0671875 0.0671875
0 0.29140625 0.63046875 0.0671875 0.06875
0 0.17578125 0.49140625 0.065625 0.0671875
0 0.8609375 0.58671875 0.065625 0.065625
0 0.58359375 0.43359375 0.0671875 0.065625
0 0.69765625 0.203125 0.06875 0.0671875
0 0.6578125 0.32109375 0.06875 0.06875
0 0.0421875 0.5953125 0.0671875 0.0671875
0 0.32578125 0.396875 0.06875 0.065625
0 0.73203125 0.61875 0.06875 0.06875
0 0.30859375 0.52109375 0.0703125 0.0703125
0 0.83671875 0.75546875 0.0671875 0.0671875
0 0.9765625 0.31640625 0.046875 0.0703125
0 0.2203125 0.4328125 0.0671875 0.0671875
0 0.5578125 0.534375 0.0640625 0.065625
0 0.60078125 0.77578125 0.06875 0.065625
0 0.1953125 0.38125 0.0671875 0.065625
0 0.5765625 0.27265625 0.065625 0.065625
0 0.21953125 0.11171875 0.0671875 0.0671875
0 0.9328125 0.134375 0.06875 0.065625
0 0.40078125 0.2953125 0.065625 0.0671875
0 0.16953125 0.14453125 0.065625 0.065625
0 0.7421875 0.54140625 0.0671875 0.06875
0 0.62421875 0.3828125 0.0671875 0.065625
0 0.85078125 0.2890625 0.0671875 0.065625
0 0.4375 0.525 0.065625 0.065625
0 0.75390625 0.86484375 0.065625 0.06875
0 0.9046875 0.5328125 0.065625 0.065625
0 0.04296875 0.22734375 0.040625 0.0671875
0 0.3609375 0.00390625 0.0625 0.0078125
0 0.028125 0.53203125 0.05625 0.0640625
0 0.76171875 0.21640625 0.0640625 0.0671875
0 0.54296875 0.47578125 0.0671875 0.0640625
0 0.1328125 0.37265625 0.0671875 0.065625
0 0.72890625 0.32734375 0.06875 0.065625
0 0.746875 0.07421875 0.0671875 0.065625
0 0.92734375 0.29453125 0.0671875 0.065625
0 0.8265625 0.88359375 0.0671875 0.06875
0 0.2546875 0.68359375 0.0671875 0.0640625
0 0.9125 0.7703125 0.06875 0.06875
0 0.5484375 0.02890625 0.06875 0.0578125
0 0.5890625 0.14765625 0.06875 0.0671875
0 0.61796875 0.54296875 0.06875 0.0671875
0 0.7890625 0.4953125 0.065625 0.0671875
0 0.4453125 0.25546875 0.065625 0.059375
0 0.6890625 0.04375 0.065625 0.0578125
0 0.78515625 0.11171875 0.0671875 0.0640625
0 0.884375 0.70703125 0.065625 0.0671875
0 0.79609375 0.4359375 0.065625 0.0625
0 0.7890625 0.63046875 0.065625 0.0640625
1 0.93671875 0.83125 0.0671875 0.0609375
0 0.88984375 0.878125 0.065625 0.0671875
0 0.871875 0.63828125 0.0703125 0.065625
0 0.665625 0.4265625 0.065625 0.0609375
0 0.6453125 0.2453125 0.0671875 0.0671875
0 0.6875 0.378125 0.0671875 0.06875
0 0.84765625 0.5234375 0.06875 0.065625
0 0.74609375 0.390625 0.0640625 0.0671875
0 0.90859375 0.40703125 0.0671875 0.06875
0 0.00625 0.5953125 0.0125 0.065625
1 0.465625 0.76015625 0.065625 0.065625
0 0.9640625 0.77734375 0.025 0.0625
0 0.0578125 0.04453125 0.03125 0.06875
0 0.94375 0.6703125 0.0671875 0.06875
0 0.97734375 0.10859375 0.0453125 0.0640625
1 0.30390625 0.7984375 0.06875 0.0578125
0 0.8828125 0.05625 0.0671875 0.04375
1 0.7046875 0.73046875 0.0609375 0.0625
1 0.53359375 0.775 0.0671875 0.059375
1 0.64453125 0.72265625 0.059375 0.05625
0 0.93046875 0.18515625 0.06875 0.0625
1 0.79609375 0.81171875 0.0609375 0.05625
1 0.240625 0.49921875 0.0625 0.06875
1 0.490625 0.82890625 0.0640625 0.0703125
1 0.97265625 0.6109375 0.04375 0.075
1 0.85546875 0.45234375 0.0703125 0.0625
0 0.9359375 0.06875 0.0625 0.0578125
0 0.8703125 0.10390625 0.0640625 0.0578125
1 0.44140625 0.684375 0.0640625 0.0515625
1 0.740625 0.675 0.0640625 0.05625
1 0.146875 0.71953125 0.065625 0.053125
1 0.4296875 0.82421875 0.0625 0.0578125
1 0.2359375 0.7984375 0.0578125 0.0578125
0 0.9515625 0.72578125 0.0609375 0.065625
1 0.62421875 0.8421875 0.0640625 0.0625
0 0.0109375 0.48359375 0.021875 0.0734375
0 0.98203125 0.06328125 0.0359375 0.0328125
0 0.803125 0.35859375 0.0671875 0.065625
1 0.5609375 0.83203125 0.05625 0.0546875
1 0.365625 0.6390625 0.0671875 0.059375
0 0.75859375 0.03203125 0.071875 0.0234375
0 0.0375 0.1625 0.015625 0.065625