0 0.40859375 0.99296875 0.0515625 0.0140625
0 0.45 0.98515625 0.05 0.0296875
0 0.48515625 0.9734375 0.0546875 0.053125
0 0.5375 0.97578125 0.053125 0.0484375
0 0.58203125 0.9703125 0.05 0.053125
0 0.621875 0.9578125 0.05 0.053125
0 0.665625 0.94765625 0.053125 0.05625
0 0.7078125 0.93515625 0.0546875 0.05625
0 0.75625 0.9328125 0.0484375 0.053125
0 0.79921875 0.91953125 0.053125 0.0578125
0 0.8421875 0.90859375 0.053125 0.0546875
0 0.88515625 0.90078125 0.0515625 0.05625
0 0.9265625 0.88359375 0.053125 0.0546875
0 0.975 0.88203125 0.0484375 0.05
0 0.99375 0.86640625 0.0125 0.0546875