1 0.22734375 0.2234375 0.25625 0.20625
1 0.1421875 0.359375 0.1875 0.1984375
1 0.3328125 0.34765625 0.1984375 0.19375
1 0.6265625 0.22890625 0.24375 0.190625
1 0.53125 0.3734375 0.2265625 0.203125
1 0.93046875 0.2046875 0.1390625 0.1875
1 0.71953125 0.3875 0.1890625 0.1890625
1 0.9015625 0.34609375 0.196875 0.1765625
1 0.69765625 0.96328125 0.1859375 0.0734375
1 0.8 0.83984375 0.1796875 0.203125
1 0.89765625 0.71484375 0.196875 0.1921875
1 0.93671875 0.553125 0.1265625 0.2
1 0.8078125 0.54921875 0.19375 0.1953125
1 0.70703125 0.6828125 0.2203125 0.196875
1 0.6234375 0.8421875 0.2203125 0.190625
1 0.54453125 0.934375 0.1828125 0.13125
1 0.3765625 0.9421875 0.2109375 0.115625
1 0.44296875 0.8203125 0.1984375 0.21875
1 0.528125 0.66015625 0.16875 0.19375
1 0.6234375 0.5421875 0.215625 0.196875
1 0.4265625 0.50078125 0.1890625 0.2015625
1 0.24609375 0.51328125 0.2015625 0.1890625
1 0.36015625 0.67578125 0.215625 0.19375
1 0.08046875 0.50625 0.1609375 0.19375
1 0.17734375 0.659375 0.1890625 0.2109375
1 0.259375 0.81875 0.196875 0.196875
1 0.04921875 0.67109375 0.0984375 0.2109375
1 0.08828125 0.83984375 0.1765625 0.1953125
1 0.2 0.93671875 0.19375 0.1125