0 0.8734375 0.91640625 0.065625 0.065625
0 0.9875 0.8953125 0.025 0.0625
0 0.91015625 0.48828125 0.0640625 0.0640625
0 0.9046875 0.85703125 0.0640625 0.0609375
0 0.05 0.95234375 0.04375 0.0640625
0 0.62734375 0.96484375 0.065625 0.059375
0 0.03515625 0.75390625 0.0421875 0.0609375
0 0.8109375 0.925 0.065625 0.0640625
0 0.79765625 0.6953125 0.0625 0.0625
0 0.64453125 0.78359375 0.065625 0.0640625
0 0.0578125 0.99453125 0.05 0.0109375
0 0.65 0.9046875 0.0640625 0.0625
0 0.975 0.5765625 0.05 0.0625
0 0.7765625 0.87578125 0.0640625 0.0625
0 0.43203125 0.98125 0.0640625 0.0375
0 0.0453125 0.88203125 0.04375 0.0640625
0 0.5625 0.9734375 0.0625 0.0515625
0 0.8859375 0.5421875 0.0640625 0.059375
0 0.8453125 0.9640625 0.0640625 0.03125
0 0.871875 0.8109375 0.0625 0.0609375
0 0.6953125 0.65625 0.0640625 0.0609375
0 0.97265625 0.946875 0.0546875 0.046875
0 0.52421875 0.92578125 0.0625 0.0609375
0 0.2359375 0.98359375 0.0625 0.0328125
0 0.68984375 0.95 0.0640625 0.0640625
0 0.70703125 0.7703125 0.0640625 0.0609375
0 0.92890625 0.80234375 0.0640625 0.0609375
0 0.76796875 0.759375 0.0625 0.0609375
0 0.19765625 0.7421875 0.065625 0.0625
0 0.025 0.6234375 0.0390625 0.065625
0 0.67734375 0.840625 0.0640625 0.0625
0 0.49609375 0.97734375 0.0640625 0.0453125
0 0.48671875 0.86875 0.0640625 0.0609375
0 0.75078125 0.94453125 0.065625 0.0640625
0 0.940625 0.90625 0.0671875 0.065625
0 0.3265625 0.85078125 0.0625 0.0609375
0 0.40703125 0.7765625 0.0671875 0.0640625
0 0.92421875 0.69140625 0.065625 0.0640625
0 0.846875 0.4921875 0.0640625 0.0609375
0 0.3953125 0.94296875 0.065625 0.0640625
0 0.37109375 0.71953125 0.065625 0.065625
0 0.91015625 0.95546875 0.0625 0.0390625
0 0.953125 0.6296875 0.0625 0.059375
0 0.8421875 0.86328125 0.0640625 0.0609375
0 0.38828125 0.8296875 0.0625 0.0640625
0 0.82890625 0.7578125 0.0640625 0.0625
0 0.0296875 0.69296875 0.0390625 0.0609375
0 0.96640625 0.84921875 0.0671875 0.0640625
0 0.94765625 0.53125 0.0640625 0.059375
0 0.5609375 0.57421875 0.0640625 0.0625
0 0.0921875 0.82890625 0.0625 0.0625
0 0.2671875 0.8375 0.0640625 0.0625
0 0.5875 0.9140625 0.0671875 0.065625
0 0.42734375 0.58359375 0.0671875 0.0625
0 0.73515625 0.70703125 0.0671875 0.0671875
0 0.7234375 0.6015625 0.0671875 0.0625
0 0.03984375 0.81640625 0.0421875 0.0640625
0 0.58359375 0.51875 0.0640625 0.0609375
0 0.07578125 0.6421875 0.0625 0.0609375
0 0.95703125 0.74765625 0.0625 0.0609375
0 0.98125 0.7953125 0.0375 0.0625
0 0.45234375 0.82109375 0.065625 0.0625
0 0.78046875 0.50234375 0.0640625 0.0609375
0 0.51484375 0.81484375 0.065625 0.0640625
0 0.821875 0.64140625 0.0625 0.0609375
0 0.63125 0.67109375 0.06875 0.0640625
0 0.534375 0.6296875 0.0640625 0.0609375
0 0.47578125 0.765625 0.065625 0.059375
0 0.140625 0.65625 0.0625 0.0609375
0 0.5234375 0.534375 0.0625 0.0609375
0 0.15546875 0.84453125 0.059375 0.0609375
0 0.3625 0.98359375 0.0625 0.0328125
0 0.921875 0.58359375 0.0640625 0.0609375
0 0.08359375 0.70234375 0.065625 0.0640625
0 0.22265625 0.925 0.0640625 0.0625
0 0.1484375 0.78046875 0.0640625 0.0640625
0 0.9796875 0.6890625 0.040625 0.0625
0 0.4625 0.93671875 0.0640625 0.065625
0 0.67109375 0.71953125 0.0671875 0.0640625
0 0.33515625 0.79453125 0.0640625 0.0609375
0 0.853125 0.58515625 0.0625 0.0609375
0 0.86015625 0.690625 0.0671875 0.065625
0 0.80546875 0.8171875 0.0671875 0.065625
0 0.4640625 0.6375 0.065625 0.0640625
0 0.71640625 0.8921875 0.0640625 0.0625
0 0.15859375 0.9078125 0.0625 0.0609375
0 0.76328125 0.646875 0.0640625 0.0578125
0 0.25703125 0.77734375 0.0625 0.0625
0 0.7390625 0.8265625 0.0671875 0.065625
0 0.09765625 0.89765625 0.0640625 0.0609375
0 0.62421875 0.55859375 0.0640625 0.0546875
0 0.3390625 0.9171875 0.0625 0.0609375
0 0.4234375 0.8796875 0.065625 0.0609375
0 0.61484375 0.8484375 0.0640625 0.0609375
0 0.12421875 0.596875 0.0640625 0.0625
0 0.08828125 0.76640625 0.0640625 0.0640625
0 0.89453125 0.746875 0.0625 0.0625
0 0.3859375 0.54609375 0.065625 0.0640625
0 0.309375 0.74140625 0.065625 0.0625
0 0.296875 0.99296875 0.065625 0.0140625
0 0.38515625 0.653125 0.06875 0.0640625
0 0.2046875 0.80390625 0.05625 0.05625
0 0.20234375 0.678125 0.059375 0.0609375
0 0.996875 0.740625 0.00625 0.0625
0 0.8875 0.64765625 0.0640625 0.0609375
0 0.578125 0.8015625 0.0671875 0.0625
0 0.81875 0.53515625 0.0609375 0.05625
0 0.45625 0.53046875 0.065625 0.0625
0 0.4375 0.71640625 0.0671875 0.0671875
0 0.06484375 0.57734375 0.065625 0.0671875
0 0.2453125 0.58359375 0.0625 0.0625
0 0.78359375 0.97265625 0.059375 0.021875
0 0.60859375 0.73359375 0.065625 0.065625
0 0.99375 0.6390625 0.0125 0.059375
0 0.65078125 0.51875 0.0671875 0.0640625
0 0.25390625 0.7109375 0.065625 0.0671875
0 0.321875 0.625 0.0671875 0.0625
0 0.66328125 0.5921875 0.0609375 0.059375
0 0.553125 0.85703125 0.0625 0.059375
0 0.10234375 0.9609375 0.0640625 0.059375
0 0.71796875 0.50859375 0.0625 0.0609375
0 0.72109375 0.97890625 0.0609375 0.01875
0 0.2421875 0.51484375 0.059375 0.0578125
0 0.79140625 0.58515625 0.065625 0.0625
0 0.50546875 0.7015625 0.065625 0.0625
0 0.14296875 0.715625 0.0609375 0.0609375
0 0.69453125 0.54921875 0.0625 0.0578125
0 0.01640625 0.5546875 0.0328125 0.065625
0 0.21640625 0.8671875 0.0609375 0.0609375
0 0.303125 0.565625 0.0671875 0.0671875
0 0.2875 0.9515625 0.0625 0.0578125
0 0.50078125 0.57421875 0.0625 0.0625
0 0.19296875 0.61328125 0.0640625 0.0578125
0 0.27578125 0.89375 0.0640625 0.0640625
0 0.540625 0.7515625 0.06875 0.0640625
0 0.31484375 0.68046875 0.065625 0.0625
0 0.16640625 0.971875 0.0640625 0.05625
0 0.1921875 0.5609375 0.0640625 0.0625
0 0.13046875 0.52421875 0.0671875 0.0625
0 0.753125 0.54375 0.065625 0.05625
0 0.30546875 0.50390625 0.06875 0.0671875
0 0.57421875 0.67421875 0.0640625 0.0671875
0 0.60703125 0.59296875 0.0546875 0.0546875
0 0.25234375 0.64765625 0.05625 0.059375