0 0.7328125 0.17265625 0.0625 0.0609375
0 0.971875 0.02734375 0.05625 0.0546875
0 0.93359375 0.17578125 0.0640625 0.0625
0 0.9375 0.0828125 0.0625 0.059375
0 0.87265625 0.07265625 0.06171875 0.05859375
0 0.7015625 0.11875 0.06015625 0.0609375
0 0.79921875 0.06953125 0.0640625 0.06171875
0 0.609375 0.165625 0.06171875 0.05859375
0 0.9703125 0.121875 0.059375 0.059375
0 0.67109375 0.16796875 0.0625 0.059375
0 0.49921875 0.0265625 0.059375 0.053125
0 0.55234375 0.05703125 0.059375 0.059375
0 0.7390625 0.05859375 0.05859375 0.05859375
0 0.9109375 0.02890625 0.0625 0.0578125
0 0.83671875 0.12109375 0.0640625 0.059375
0 0.86640625 0.17578125 0.0609375 0.0609375
0 0.5421875 0.16640625 0.0609375 0.059375
0 0.8390625 0.02734375 0.0625 0.0546875
0 0.67578125 0.05625 0.0625 0.059375
0 0.76953125 0.1171875 0.0625 0.0609375
0 0.6390625 0.11484375 0.0625 0.0625
0 0.575 0.1125 0.0609375 0.05859375
0 0.8015625 0.1765625 0.0640625 0.0625
0 0.49375 0.1109375 0.0609375 0.0609375
0 0.6953125 0.0125 0.0640625 0.025
0 0.61484375 0.05390625 0.05859375 0.05703125
0 0.43125 0.13125 0.0609375 0.0625
0 0.9015625 0.12265625 0.06484375 0.0578125
0 0.4421875 0.05546875 0.0609375 0.0578125
0 0.628125 0.01328125 0.06328125 0.0265625
0 0.9890625 0.0765625 0.021875 0.05703125
0 0.759375 0.01484375 0.0625 0.02890625
0 0.98828125 0.18046875 0.0234375 0.0609375
0 0.4734375 0.1703125 0.06484375 0.06015625
0 0.56328125 0.01171875 0.06640625 0.02265625
0 0.43671875 0.0109375 0.06640625 0.021875