0 0.09609375 0.98203125 0.0640625 0.0359375
0 0.08828125 0.75546875 0.0640625 0.0609375
0 0.146875 0.78203125 0.0640625 0.0625
0 0.03828125 0.28203125 0.065625 0.0640625
0 0.0359375 0.4125 0.065625 0.0625
0 0.1578125 0.96640625 0.0640625 0.0609375
0 0.0484375 0.35546875 0.065625 0.0640625
0 0.0328125 0.1578125 0.0609375 0.0609375
0 0.028125 0.0953125 0.05625 0.0625
0 0.09765625 0.16796875 0.065625 0.0625
0 0.075 0.6296875 0.0609375 0.059375
0 0.03359375 0.21875 0.0640625 0.0609375
0 0.14375 0.89921875 0.0640625 0.0625
0 0.0078125 0.36796875 0.015625 0.0609375
0 0.12421875 0.5890625 0.0609375 0.0578125
0 0.06875 0.56171875 0.0625 0.0578125
0 0.0796875 0.81328125 0.0609375 0.05625
0 0.11953125 0.525 0.0640625 0.0578125
0 0.11328125 0.3578125 0.065625 0.0625
0 0.06328125 0.49765625 0.059375 0.0546875
0 0.1328125 0.71015625 0.065625 0.0625
0 0.10625 0.28984375 0.065625 0.0640625
0 0.08359375 0.93515625 0.065625 0.0625
0 0.028125 0.0453125 0.05625 0.03125
0 0.08671875 0.046875 0.0671875 0.04375
0 0.00234375 0.30390625 0.0046875 0.0578125
0 0.07109375 0.68671875 0.0625 0.059375
0 0.01875 0.4640625 0.0375 0.05625
0 0.10234375 0.23046875 0.0671875 0.0625
0 0.090625 0.096875 0.0640625 0.0625
0 0.10546875 0.41640625 0.0609375 0.05
0 0.11015625 0.465625 0.0578125 0.04375
0 0.12890625 0.64921875 0.059375 0.059375
0 0.1390625 0.8390625 0.059375 0.0484375
0 0.08515625 0.875 0.053125 0.0578125
0 0.01875 0.52578125 0.0375 0.0578125
0 0.0265625 0.59921875 0.0453125 0.05
0 0.028125 0.65703125 0.0390625 0.046875
0 0.03125 0.71640625 0.0375 0.0578125
0 0.0359375 0.77734375 0.0390625 0.0578125
0 0.0390625 0.8421875 0.0359375 0.053125
0 0.04453125 0.9046875 0.0390625 0.059375
0 0.0484375 0.96640625 0.0375 0.05625