0 0.959375 0.9671875 0.0578125 0.0359375
0 0.93046875 0.934375 0.053125 0.0546875
0 0.978125 0.9265625 0.04375 0.05625
0 0.8984375 0.8953125 0.0546875 0.053125
0 0.95546875 0.875 0.05 0.05
0 0.99140625 0.87265625 0.0171875 0.0515625
0 0.97578125 0.83671875 0.0484375 0.0546875
0 0.928125 0.83359375 0.053125 0.0515625
0 0.87109375 0.84453125 0.059375 0.05
0 0.8421875 0.80859375 0.05625 0.0546875
0 0.8953125 0.790625 0.05 0.05
0 0.946875 0.790625 0.0546875 0.053125
0 0.9875 0.7875 0.025 0.053125
0 0.97265625 0.74375 0.0546875 0.05
0 0.91953125 0.73984375 0.0546875 0.0484375
0 0.86953125 0.74921875 0.053125 0.05
0 0.81796875 0.76015625 0.05625 0.053125
0 0.78515625 0.72578125 0.05625 0.0578125
0 0.83984375 0.71328125 0.0609375 0.053125
0 0.890625 0.70546875 0.0515625 0.0515625
0 0.94140625 0.7 0.059375 0.0546875
0 0.98515625 0.68984375 0.0296875 0.0484375
0 0.97265625 0.64375 0.0546875 0.053125
0 0.91796875 0.6484375 0.053125 0.053125
0 0.8640625 0.65859375 0.0515625 0.053125
0 0.8125 0.66875 0.053125 0.05
0 0.753125 0.68046875 0.05625 0.053125
0 0.72734375 0.63203125 0.0546875 0.05625
0 0.7828125 0.63046875 0.05625 0.0515625
0 0.834375 0.6125 0.0515625 0.0484375
0 0.88515625 0.60703125 0.053125 0.0484375
0 0.9390625 0.603125 0.0578125 0.0515625
0 0.9828125 0.6 0.034375 0.05
0 0.6984375 0.5890625 0.0578125 0.05625
0 0.75234375 0.5875 0.0515625 0.0609375
0 0.80625 0.5734375 0.053125 0.0546875
0 0.86015625 0.56640625 0.053125 0.0515625
0 0.9109375 0.56015625 0.0546875 0.0515625
0 0.9625 0.55703125 0.05 0.0515625
0 0.67265625 0.54296875 0.0515625 0.0515625
0 0.725 0.53828125 0.053125 0.05
0 0.78359375 0.5296875 0.05 0.05
0 0.83046875 0.52265625 0.053125 0.05
0 0.88125 0.51796875 0.0546875 0.0515625
0 0.934375 0.5140625 0.0484375 0.053125
0 0.9796875 0.51640625 0.040625 0.0578125
0 0.64296875 0.5015625 0.053125 0.053125
0 0.69765625 0.49453125 0.05625 0.05
0 0.75078125 0.49140625 0.053125 0.053125
0 0.80078125 0.48203125 0.053125 0.05
0 0.8515625 0.478125 0.0546875 0.0515625
0 0.90546875 0.475 0.05 0.0515625
0 0.95625 0.46953125 0.053125 0.053125
0 0.6140625 0.459375 0.05625 0.053125
0 0.66875 0.45234375 0.0515625 0.05
0 0.71953125 0.44453125 0.053125 0.053125
0 0.77109375 0.440625 0.0546875 0.053125
0 0.82578125 0.43671875 0.053125 0.0515625
0 0.8734375 0.43359375 0.053125 0.053125
0 0.92578125 0.428125 0.0546875 0.053125
0 0.9765625 0.4234375 0.04375 0.0484375
0 0.5859375 0.41796875 0.05625 0.0484375
0 0.6390625 0.40859375 0.053125 0.053125
0 0.6921875 0.40234375 0.0546875 0.053125
0 0.74453125 0.39765625 0.0546875 0.0546875
0 0.7953125 0.39609375 0.05625 0.053125
0 0.8484375 0.39296875 0.053125 0.0515625
0 0.89765625 0.390625 0.0515625 0.05
0 0.94765625 0.384375 0.0546875 0.05
0 0.55390625 0.390625 0.05625 0.0515625
0 0.6109375 0.3765625 0.0578125 0.05
0 0.6609375 0.36015625 0.0515625 0.05
0 0.71484375 0.3609375 0.0578125 0.0515625
0 0.76953125 0.353125 0.053125 0.05
0 0.81875 0.34765625 0.053125 0.05625
0 0.8703125 0.3484375 0.0515625 0.05
0 0.9203125 0.33984375 0.05625 0.0546875
0 0.97109375 0.3390625 0.0484375 0.0515625
0 0.52890625 0.33671875 0.0515625 0.053125
0 0.58359375 0.3265625 0.0515625 0.05
0 0.63359375 0.31953125 0.0484375 0.0515625
0 0.68359375 0.3203125 0.053125 0.0515625
0 0.73828125 0.315625 0.0515625 0.0546875
0 0.79140625 0.3109375 0.0546875 0.0484375
0 0.84140625 0.30625 0.05 0.053125
0 0.89140625 0.3015625 0.0515625 0.05
0 0.94609375 0.29765625 0.053125 0.053125
0 0.5015625 0.29140625 0.053125 0.0484375
0 0.553125 0.290625 0.05 0.0515625
0 0.60546875 0.28046875 0.053125 0.0546875
0 0.65546875 0.275 0.05625 0.0546875
0 0.709375 0.27421875 0.053125 0.05625
0 0.76015625 0.271875 0.0546875 0.05
0 0.8109375 0.265625 0.0515625 0.0515625
0 0.8609375 0.26171875 0.0546875 0.0515625
0 0.9140625 0.25625 0.053125 0.05
0 0.9671875 0.25 0.05 0.0515625
0 0.4703125 0.25 0.0515625 0.0484375
0 0.52109375 0.25078125 0.0546875 0.0515625
0 0.57265625 0.240625 0.0546875 0.05
0 0.62890625 0.23359375 0.053125 0.0515625
0 0.68125 0.2296875 0.0515625 0.053125
0 0.73203125 0.225 0.0546875 0.0578125
0 0.784375 0.2234375 0.0546875 0.05625
0 0.83515625 0.21875 0.0546875 0.0515625
0 0.88828125 0.21640625 0.05 0.05
0 0.9359375 0.2109375 0.053125 0.0484375
0 0.97734375 0.20390625 0.0265625 0.0515625
0 0.44296875 0.20859375 0.05 0.0515625
0 0.4921875 0.209375 0.053125 0.0515625
0 0.5453125 0.2 0.053125 0.05625
0 0.6 0.19375 0.05 0.05
0 0.65078125 0.18828125 0.0546875 0.05
0 0.70234375 0.18125 0.05 0.0484375
0 0.75390625 0.1765625 0.053125 0.0484375
0 0.80625 0.17578125 0.053125 0.0515625
0 0.85703125 0.17265625 0.0546875 0.05
0 0.909375 0.16875 0.0515625 0.05
0 0.959375 0.165625 0.0515625 0.0546875
0 0.4109375 0.16875 0.0578125 0.053125
0 0.4640625 0.16171875 0.0515625 0.05
0 0.51796875 0.15390625 0.0578125 0.0515625
0 0.57109375 0.1484375 0.05 0.0484375
0 0.621875 0.1453125 0.0546875 0.053125
0 0.67578125 0.13828125 0.053125 0.046875
0 0.725 0.13984375 0.0515625 0.0515625
0 0.7765625 0.134375 0.053125 0.05
0 0.8296875 0.134375 0.0515625 0.0546875
0 0.88046875 0.1296875 0.053125 0.0484375
0 0.928125 0.1234375 0.0515625 0.0515625
0 0.96953125 0.11953125 0.0359375 0.05
0 0.3921875 0.11953125 0.05 0.05625
0 0.43828125 0.1203125 0.05 0.0515625
0 0.49140625 0.11484375 0.0515625 0.0515625
0 0.54140625 0.11328125 0.0515625 0.05625
0 0.59296875 0.10546875 0.053125 0.0484375
0 0.64296875 0.09921875 0.05 0.05
0 0.6953125 0.09765625 0.0546875 0.053125
0 0.74765625 0.0953125 0.0515625 0.0484375
0 0.80078125 0.09140625 0.053125 0.05
0 0.85078125 0.0875 0.05 0.053125
0 0.90078125 0.08203125 0.0515625 0.05
0 0.94921875 0.0765625 0.053125 0.053125
0 0.35859375 0.07890625 0.0546875 0.05
0 0.4109375 0.07421875 0.0484375 0.0515625
0 0.46171875 0.07421875 0.05625 0.05625
0 0.51484375 0.0671875 0.0515625 0.0546875
0 0.5640625 0.065625 0.053125 0.05
0 0.61328125 0.0609375 0.0546875 0.05
0 0.6640625 0.0546875 0.053125 0.0484375
0 0.71953125 0.05 0.053125 0.053125
0 0.77109375 0.053125 0.053125 0.053125
0 0.82265625 0.04609375 0.053125 0.0484375
0 0.8734375 0.040625 0.0515625 0.053125
0 0.9234375 0.03671875 0.053125 0.053125
0 0.965625 0.0328125 0.0375 0.0546875
0 0.33203125 0.04375 0.05625 0.053125
0 0.384375 0.03515625 0.0515625 0.046875
0 0.43515625 0.02890625 0.0546875 0.05
0 0.48515625 0.02421875 0.0546875 0.0484375
0 0.5375 0.0265625 0.0515625 0.053125
0 0.58515625 0.0234375 0.0515625 0.046875
0 0.63359375 0.021875 0.0515625 0.04375
0 0.68671875 0.01953125 0.0515625 0.0390625
0 0.7421875 0.01875 0.05 0.0375
0 0.790625 0.0140625 0.053125 0.028125
0 0.84296875 0.01328125 0.0546875 0.0265625
0 0.89375 0.0109375 0.05 0.021875
0 0.9421875 0.01015625 0.053125 0.0203125