1 0.86796875 0.2875 0.16875 0.1734375
1 0.796875 0.140625 0.190625 0.1890625
1 0.54140625 0.58828125 0.190625 0.1890625
1 0.25 0.16640625 0.1734375 0.1671875
1 0.09296875 0.46796875 0.1859375 0.1765625
1 0.3390625 0.31640625 0.1796875 0.16875
1 0.5125 0.30703125 0.190625 0.18125
1 0.378125 0.88359375 0.2 0.178125
1 0.82890625 0.7359375 0.1765625 0.1796875
1 0.7625 0.8953125 0.1875 0.190625
1 0.7203125 0.58125 0.178125 0.1734375
1 0.56796875 0.871875 0.190625 0.1625
1 0.93046875 0.1109375 0.128125 0.1890625
1 0.890625 0.58515625 0.19375 0.18125
1 0.46953125 0.72734375 0.2109375 0.1765625
1 0.40546875 0.15859375 0.1875 0.1765625
1 0.365625 0.609375 0.18125 0.1453125
1 0.25703125 0.46640625 0.1796875 0.1875
1 0.07109375 0.165625 0.1421875 0.178125
1 0.17578125 0.31171875 0.1953125 0.1734375
1 0.28984375 0.76171875 0.184375 0.1625
1 0.0671875 0.9234375 0.125 0.153125
1 0.70390625 0.3015625 0.1875 0.1890625
1 0.66015625 0.73671875 0.184375 0.1828125
1 0.60703125 0.16328125 0.190625 0.1796875
1 0.31796875 0.0453125 0.1859375 0.0875
1 0.19140625 0.609375 0.1984375 0.175
1 0.19765625 0.890625 0.165625 0.175
1 0.9265625 0.8640625 0.146875 0.184375
1 0.09609375 0.75703125 0.1859375 0.18125
1 0.49921875 0.0546875 0.1859375 0.109375
1 0.05 0.61640625 0.0984375 0.19375
1 0.7859375 0.4296875 0.190625 0.1734375
1 0.1390625 0.0625 0.19375 0.115625
1 0.42421875 0.45390625 0.190625 0.175
1 0.60390625 0.4375 0.175 0.1734375
1 0.94296875 0.421875 0.1140625 0.175
1 0.0421875 0.3375 0.084375 0.16875
1 0.4734375 0.9609375 0.190625 0.078125
1 0.67421875 0.04765625 0.2046875 0.0953125
1 0.65625 0.96015625 0.18125 0.0765625
1 0.95703125 0.6953125 0.0859375 0.20625
1 0.86875 0.95625 0.1921875 0.078125
1 0.3015625 0.9640625 0.18125 0.071875
1 0.8546875 0.02734375 0.203125 0.0546875
1 0.9703125 0.26796875 0.0546875 0.1953125
1 0.021875 0.0609375 0.04375 0.10625
1 0.128125 0.98359375 0.165625 0.0328125