0 0.12421875 0.96640625 0.0625 0.0640625
0 0.11875 0.03046875 0.05625 0.05625
0 0.06328125 0.43515625 0.05859375 0.05625
0 0.1171875 0.340625 0.06171875 0.05859375
0 0.12734375 0.22421875 0.06015625 0.05625
0 0.06640625 0.0703125 0.05625 0.0546875
0 0.075 0.19765625 0.059375 0.05703125
0 0.12265625 0.8921875 0.059375 0.0578125
0 0.1234375 0.83203125 0.059375 0.0578125
0 0.11640625 0.15625 0.0625 0.0578125
0 0.0640625 0.80078125 0.0546875 0.05390625
0 0.06640625 0.86796875 0.05625 0.0546875
0 0.06171875 0.56015625 0.05625 0.05390625
0 0.0203125 0.02890625 0.040625 0.05703125
0 0.06484375 0.01328125 0.0609375 0.0265625
0 0.065625 0.978125 0.059375 0.04375
0 0.0625 0.5 0.05546875 0.05546875
0 0.015625 0.27265625 0.03046875 0.053125
0 0.1234375 0.4140625 0.0609375 0.05859375
0 0.07265625 0.6953125 0.0578125 0.0546875
0 0.12421875 0.659375 0.05859375 0.0578125
0 0.0578125 0.25 0.05859375 0.05234375
0 0.1265625 0.4765625 0.05859375 0.0578125
0 0.12109375 0.5953125 0.0609375 0.05703125
0 0.05859375 0.3734375 0.0578125 0.0578125
0 0.059375 0.1234375 0.0578125 0.0546875
0 0.01953125 0.8953125 0.0390625 0.0578125
0 0.059375 0.3109375 0.04453125 0.03984375
0 0.01640625 0.08984375 0.0328125 0.0453125
0 0.0171875 0.15546875 0.034375 0.0546875
0 0.0171875 0.21484375 0.034375 0.0390625
0 0.12265625 0.096875 0.05390625 0.0515625
0 0.11640625 0.278125 0.06015625 0.05546875
0 0.0171875 0.5296875 0.034375 0.059375
0 0.0203125 0.5953125 0.03984375 0.03984375
0 0.0640625 0.62578125 0.06015625 0.05
0 0.01875 0.65078125 0.0375 0.0515625
0 0.02109375 0.71484375 0.0421875 0.0515625
0 0.06328125 0.74375 0.05 0.05
0 0.125 0.71484375 0.06875 0.0546875
0 0.12734375 0.5421875 0.0671875 0.05
0 0.12265625 0.76640625 0.053125 0.053125
0 0.02265625 0.834375 0.0453125 0.04921875
0 0.02109375 0.959375 0.0421875 0.05
0 0.0671875 0.92109375 0.05390625 0.06015625
0 0.0171875 0.77578125 0.034375 0.0515625
0 0.0171875 0.33359375 0.034375 0.05
0 0.0171875 0.4 0.034375 0.046875
0 0.0171875 0.459375 0.034375 0.05