0 0.52109375 0.003125 0.0453125 0.00625
0 0.50546875 0.0296875 0.0515625 0.05
0 0.49375 0.0734375 0.0515625 0.0484375
0 0.484375 0.11796875 0.0515625 0.0515625
0 0.46953125 0.1671875 0.0515625 0.0484375
0 0.4609375 0.20625 0.0546875 0.053125
0 0.44375 0.25390625 0.0484375 0.046875
0 0.43984375 0.2890625 0.053125 0.0515625
0 0.4234375 0.3390625 0.05 0.05
0 0.41484375 0.38203125 0.05 0.046875
0 0.40625 0.41875 0.053125 0.0515625
0 0.39140625 0.46640625 0.0515625 0.0484375
0 0.3859375 0.5109375 0.05625 0.0546875
0 0.36953125 0.55859375 0.0515625 0.0515625
0 0.35546875 0.6046875 0.0515625 0.0515625
0 0.34375 0.64609375 0.0546875 0.053125
0 0.33125 0.69296875 0.0515625 0.05
0 0.3234375 0.73359375 0.05625 0.0546875
0 0.3109375 0.77890625 0.0546875 0.053125
0 0.296875 0.8234375 0.05625 0.0546875
0 0.2859375 0.86796875 0.05 0.05
0 0.278125 0.9109375 0.046875 0.046875
0 0.2609375 0.95625 0.05 0.0515625
0 0.24765625 0.9875 0.0515625 0.025
0 0.075 0.09921875 0.05 0.046875
0 0.10546875 0.1359375 0.046875 0.05
0 0.1375 0.16171875 0.0515625 0.053125
0 0.16875 0.1921875 0.05 0.0515625
0 0.20078125 0.22734375 0.05 0.0515625
0 0.2359375 0.2609375 0.053125 0.053125
0 0.27109375 0.28828125 0.05 0.05
0 0.3046875 0.32265625 0.0515625 0.0515625
0 0.334375 0.3609375 0.0484375 0.05
0 0.3703125 0.390625 0.0515625 0.0515625
0 0.47265625 0.0109375 0.0453125 0.021875
0 0.4296875 0.0171875 0.05 0.034375
0 0.384375 0.02890625 0.0453125 0.0375
0 0.34140625 0.03671875 0.046875 0.0359375
0 0.29453125 0.04765625 0.0484375 0.0375
0 0.25234375 0.05625 0.046875 0.0375
0 0.20859375 0.06796875 0.0484375 0.040625
0 0.165625 0.07734375 0.05 0.0421875
0 0.1171875 0.08984375 0.05 0.046875
0 0.46015625 0.0390625 0.05 0.05
0 0.41796875 0.0515625 0.053125 0.053125
0 0.4515625 0.08203125 0.05 0.05
0 0.36875 0.06875 0.046875 0.0453125
0 0.40234375 0.0921875 0.053125 0.0515625
0 0.4390625 0.12265625 0.0515625 0.05
0 0.3265625 0.07578125 0.05 0.0515625
0 0.35625 0.10546875 0.0484375 0.0484375
0 0.390625 0.1375 0.053125 0.0515625
0 0.42421875 0.17578125 0.05 0.05
0 0.2375 0.096875 0.0484375 0.046875
0 0.28203125 0.08359375 0.05 0.05
0 0.31328125 0.1171875 0.0515625 0.0515625
0 0.27109375 0.12578125 0.05 0.05
0 0.22734375 0.13828125 0.05 0.0515625
0 0.346875 0.14609375 0.0515625 0.053125
0 0.1828125 0.14921875 0.05 0.05
0 0.15078125 0.11796875 0.0484375 0.0484375
0 0.196875 0.10625 0.05 0.0484375
0 0.25703125 0.17109375 0.05 0.0515625
0 0.3015625 0.15859375 0.05 0.05
0 0.21328125 0.18046875 0.0515625 0.0515625
0 0.290625 0.203125 0.053125 0.0515625
0 0.2453125 0.21796875 0.05 0.0515625
0 0.33359375 0.19375 0.0484375 0.046875
0 0.3828125 0.18125 0.0515625 0.05
0 0.4140625 0.21875 0.053125 0.05
0 0.3703125 0.22890625 0.05 0.05
0 0.32421875 0.2375 0.0515625 0.05
0 0.27890625 0.24765625 0.053125 0.0515625
0 0.1578125 0.2375 0.0484375 0.0484375
0 0.190625 0.26875 0.0484375 0.05
0 0.225 0.303125 0.0515625 0.05
0 0.26015625 0.334375 0.0515625 0.0515625
0 0.2890625 0.3671875 0.0515625 0.0515625
0 0.24609375 0.3796875 0.05 0.05
0 0.28046875 0.409375 0.0515625 0.0515625
0 0.32421875 0.4046875 0.05 0.05
0 0.35546875 0.43828125 0.053125 0.0515625
0 0.19765625 0.39375 0.05 0.05
0 0.23046875 0.43125 0.0453125 0.04375
0 0.271875 0.45234375 0.05 0.0484375
0 0.3125 0.453125 0.0453125 0.0484375
0 0.340625 0.484375 0.05 0.0515625
0 0.22578125 0.46875 0.0515625 0.05
0 0.18515625 0.43984375 0.0515625 0.05
0 0.17734375 0.48359375 0.0515625 0.0515625
0 0.20859375 0.5171875 0.0515625 0.0515625
0 0.253125 0.5078125 0.0515625 0.05
0 0.2984375 0.49453125 0.0515625 0.0484375
0 0.16328125 0.52890625 0.05 0.05
0 0.15078125 0.5734375 0.0484375 0.0484375
0 0.1984375 0.56171875 0.0515625 0.0515625
0 0.2421875 0.55 0.05 0.05
0 0.28671875 0.53671875 0.05 0.05
0 0.33359375 0.525 0.0515625 0.05
0 0.13828125 0.61953125 0.05 0.0484375
0 0.18515625 0.6078125 0.0515625 0.0515625
0 0.23515625 0.59375 0.0515625 0.0515625
0 0.2796875 0.58203125 0.05 0.0515625
0 0.32109375 0.575 0.05 0.05
0 0.1296875 0.6640625 0.0515625 0.0515625
0 0.17265625 0.65546875 0.05 0.0515625
0 0.21640625 0.64140625 0.0484375 0.046875
0 0.2671875 0.625 0.053125 0.053125
0 0.11796875 0.70625 0.0515625 0.0515625
0 0.1625 0.6953125 0.05 0.05
0 0.2078125 0.68203125 0.053125 0.0546875
0 0.2515625 0.67265625 0.0484375 0.05
0 0.2859375 0.7015625 0.053125 0.0515625
0 0.24140625 0.7140625 0.0515625 0.0515625
0 0.196875 0.72734375 0.0515625 0.0515625
0 0.15234375 0.7390625 0.0515625 0.0546875
0 0.2296875 0.75625 0.05 0.05
0 0.27421875 0.7484375 0.05 0.05
0 0.1078125 0.75 0.05 0.05
0 0.14140625 0.7828125 0.05 0.05
0 0.175 0.8125 0.0515625 0.0515625
0 0.1859375 0.7703125 0.0484375 0.05
0 0.21953125 0.8015625 0.0515625 0.05
0 0.26328125 0.79375 0.05 0.0515625
0 0.065625 0.7625 0.0484375 0.0484375
0 0.09453125 0.79765625 0.05 0.046875
0 0.12734375 0.825 0.05 0.0515625
0 0.159375 0.85859375 0.0515625 0.0515625
0 0.20390625 0.846875 0.05 0.0515625
0 0.24765625 0.83828125 0.0546875 0.0515625
0 0.084375 0.8359375 0.0515625 0.0515625
0 0.11484375 0.86875 0.0515625 0.0515625
0 0.08125 0.87734375 0.03125 0.0484375
0 0.14765625 0.9015625 0.0515625 0.0515625
0 0.19453125 0.8875 0.0484375 0.05
0 0.23828125 0.88046875 0.0546875 0.053125
0 0.10546875 0.91015625 0.0515625 0.0515625
0 0.10078125 0.95390625 0.0375 0.046875
0 0.1390625 0.94453125 0.05 0.05
0 0.18125 0.9328125 0.05 0.05
0 0.22578125 0.92265625 0.05 0.05
0 0.12421875 0.98203125 0.0515625 0.0359375
0 0.17421875 0.975 0.0546875 0.05
0 0.21875 0.965625 0.05 0.0515625
0 0.20546875 0.99375 0.0484375 0.0125
0 0.00546875 0.12265625 0.0109375 0.0484375
0 0.03203125 0.109375 0.05 0.046875
0 0.02265625 0.1546875 0.0453125 0.053125
0 0.06328125 0.13984375 0.05 0.05
0 0.015625 0.19921875 0.03125 0.0484375
0 0.0484375 0.18828125 0.05 0.05
0 0.09140625 0.17578125 0.053125 0.0515625
0 0.01015625 0.24140625 0.0203125 0.0515625
0 0.03984375 0.23125 0.05 0.05
0 0.08203125 0.21796875 0.0484375 0.0484375
0 0.1265625 0.20390625 0.05 0.05
0 0.00546875 0.28359375 0.0109375 0.0515625
0 0.0296875 0.2734375 0.0515625 0.0515625
0 0.071875 0.26171875 0.05 0.05
0 0.1140625 0.2515625 0.0515625 0.0515625
0 0.0203125 0.31796875 0.040625 0.0515625
0 0.059375 0.3078125 0.05 0.05
0 0.10390625 0.2953125 0.0515625 0.05
0 0.1453125 0.28359375 0.0484375 0.0484375
0 0.18046875 0.31484375 0.0515625 0.0515625
0 0.2125 0.3484375 0.053125 0.0515625
0 0.1359375 0.32578125 0.0515625 0.05
0 0.01328125 0.365625 0.0265625 0.05
0 0.04765625 0.35 0.0515625 0.0515625
0 0.0921875 0.3390625 0.05 0.0515625
0 0.00859375 0.41015625 0.0171875 0.0515625
0 0.034375 0.3953125 0.0515625 0.0515625
0 0.07890625 0.38671875 0.0484375 0.0484375
0 0.12265625 0.37421875 0.05 0.0484375
0 0.1671875 0.36171875 0.05 0.0515625
0 0.3171875 0.275 0.0546875 0.053125
0 0.34765625 0.31015625 0.046875 0.0484375
0 0.40078125 0.26328125 0.0546875 0.0515625
0 0.3578125 0.27578125 0.040625 0.046875
0 0.38984375 0.30625 0.0515625 0.0515625
0 0.38203125 0.3484375 0.0515625 0.0546875
0 0.0234375 0.44296875 0.046875 0.0515625
0 0.065625 0.428125 0.05 0.0515625
0 0.11015625 0.415625 0.05 0.05
0 0.15390625 0.40625 0.053125 0.0515625
0 0.01796875 0.4859375 0.0359375 0.05
0 0.053125 0.4765625 0.046875 0.0484375
0 0.096875 0.46015625 0.0515625 0.0515625
0 0.1421875 0.45078125 0.05 0.0515625
0 0.13046875 0.49375 0.05 0.0515625
0 0.08671875 0.50546875 0.0515625 0.05
0 0.04296875 0.5203125 0.053125 0.0515625
0 0.01171875 0.525 0.0234375 0.046875
0 0.0296875 0.5625 0.05 0.05
0 0.0765625 0.55078125 0.05 0.0515625
0 0.11875 0.540625 0.0484375 0.0484375
0 0.06328125 0.596875 0.05 0.0515625
0 0.10625 0.5875 0.0515625 0.053125
0 0.0265625 0.6046875 0.0375 0.0484375
0 0.05078125 0.63984375 0.05 0.05
0 0.09609375 0.6328125 0.05 0.0515625
0 0.04453125 0.6828125 0.040625 0.0484375
0 0.08515625 0.67578125 0.0515625 0.053125
0 0.0765625 0.71953125 0.0515625 0.0515625
0 0.31328125 0.61328125 0.05 0.0515625
0 0.3 0.65625 0.0515625 0.053125