1 0.84765625 0.0546875 0.1734375 0.109375
1 0.68203125 0.078125 0.2171875 0.15625
1 0.8015625 0.1640625 0.2171875 0.25
1 0.903125 0.2609375 0.1546875 0.20625
1 0.89765625 0.87109375 0.2046875 0.1609375
1 0.92890625 0.7265625 0.1421875 0.2125
1 0.96015625 0.5765625 0.0796875 0.2
1 0.89453125 0.43046875 0.2109375 0.21875
1 0.85078125 0.609375 0.209375 0.209375
1 0.7890625 0.7765625 0.2171875 0.2109375
1 0.7171875 0.91015625 0.203125 0.1484375
1 0.5453125 0.94296875 0.2 0.1140625
1 0.37734375 0.9640625 0.1859375 0.071875
1 0.21015625 0.9765625 0.1953125 0.046875
1 0.12421875 0.90390625 0.1484375 0.1921875
1 0.26484375 0.884375 0.1984375 0.209375
1 0.4328125 0.88359375 0.2140625 0.209375
1 0.6046875 0.8328125 0.2140625 0.2078125
1 0.665625 0.65390625 0.2109375 0.1984375
1 0.490625 0.71328125 0.215625 0.225
1 0.29296875 0.73828125 0.215625 0.2140625
1 0.12734375 0.76484375 0.19375 0.2078125
1 0.06875 0.62265625 0.1375 0.1984375
1 0.20703125 0.59375 0.19375 0.1953125
1 0.375 0.5734375 0.2125 0.21875
1 0.54140625 0.54375 0.2234375 0.21875
1 0.72890625 0.5015625 0.209375 0.2109375
1 0.09921875 0.4828125 0.1984375 0.246875
1 0.26484375 0.44140625 0.1875 0.2078125
1 0.42265625 0.4015625 0.1984375 0.2203125
1 0.59375 0.38984375 0.2140625 0.2359375
1 0.76875 0.340625 0.215625 0.2140625
1 0.63515625 0.21484375 0.1875 0.209375
1 0.5140625 0.10078125 0.215625 0.2015625
1 0.4734375 0.24765625 0.2140625 0.2125
1 0.34375 0.11328125 0.18125 0.2078125
1 0.31171875 0.284375 0.2140625 0.2296875
1 0.13984375 0.3140625 0.2 0.2125
1 0.0390625 0.36015625 0.078125 0.2015625
1 0.0640625 0.171875 0.128125 0.21875
1 0.18671875 0.1640625 0.215625 0.2203125