0 0.5203125 0.42890625 0.0734375 0.071875
0 0.4375 0.553125 0.075 0.071875
0 0.03515625 0.36640625 0.053125 0.065625
0 0.7 0.6125 0.0734375 0.071875
0 0.32734375 0.415625 0.0703125 0.071875
0 0.9734375 0.4296875 0.053125 0.06875
0 0.6234375 0.7265625 0.071875 0.071875
0 0.9671875 0.33046875 0.065625 0.0703125
0 0.51953125 0.553125 0.0734375 0.0703125
0 0.4546875 0.43125 0.075 0.071875
0 0.83125 0.6546875 0.0734375 0.0703125
0 0.93515625 0.8171875 0.065625 0.0703125
0 0.25390625 0.0078125 0.0703125 0.015625
0 0.05390625 0.2578125 0.0625 0.0703125
0 0.66640625 0.671875 0.0734375 0.071875
0 0.403125 0.803125 0.0703125 0.071875
0 0.75703125 0.7609375 0.0734375 0.0703125
0 0.65 0.79609375 0.071875 0.0703125
0 0.61015625 0.9109375 0.0734375 0.071875
0 0.425 0.36328125 0.0734375 0.071875
0 0.85546875 0.59296875 0.071875 0.0703125
0 0.47890625 0.16953125 0.0734375 0.071875
0 0.4625 0.821875 0.071875 0.071875
0 0.26171875 0.39921875 0.0734375 0.0703125
0 0.4984375 0.7 0.0703125 0.071875
0 0.07734375 0.321875 0.071875 0.0703125
0 0.17109375 0.21875 0.071875 0.071875
0 0.06640625 0.825 0.0703125 0.0671875
0 0.346875 0.16875 0.0734375 0.0734375
0 0.73828125 0.43203125 0.071875 0.0703125
0 0.71640625 0.975 0.0734375 0.05
0 0.79296875 0.70859375 0.075 0.071875
0 0.53515625 0.64453125 0.071875 0.0703125
0 0.55546875 0.71953125 0.0703125 0.0734375
0 0.35390625 0.75859375 0.071875 0.06875
0 0.0296875 0.7765625 0.059375 0.06875
0 0.44140625 0.659375 0.0734375 0.0703125
0 0.5984375 0.43828125 0.0734375 0.071875
0 0.92890625 0.56953125 0.0734375 0.071875
0 0.5625 0.37890625 0.0734375 0.071875
0 0.40546875 0.8703125 0.0734375 0.071875
0 0.01640625 0.83515625 0.0328125 0.0703125
0 0.2796875 0.46640625 0.0734375 0.0703125
0 0.27578125 0.1734375 0.071875 0.071875
0 0.3546875 0.35859375 0.0734375 0.0703125
0 0.671875 0.428125 0.071875 0.0703125
0 0.48515625 0.49375 0.0703125 0.071875
0 0.47421875 0.29921875 0.0703125 0.071875
0 0.5171875 0.76953125 0.071875 0.0703125
0 0.58671875 0.7828125 0.0734375 0.071875
0 0.22734375 0.8859375 0.0703125 0.0703125
0 0.5515625 0.1796875 0.0734375 0.071875
0 0.6765625 0.2921875 0.075 0.0734375
0 0.66484375 0.8671875 0.071875 0.071875
0 0.18984375 0.77109375 0.0734375 0.0703125
0 0.0828125 0.7515625 0.071875 0.0703125
0 0.2 0.62578125 0.0734375 0.06875
0 0.59609375 0.659375 0.0734375 0.071875
0 0.62265625 0.971875 0.0734375 0.05625
0 0.0265625 0.71484375 0.053125 0.0703125
0 0.76328125 0.21953125 0.071875 0.071875
0 0.23984375 0.51796875 0.0703125 0.071875
0 0.18984375 0.5640625 0.071875 0.06875
0 0.4390625 0.240625 0.0703125 0.06875
0 0.4 0.71015625 0.0734375 0.0703125
0 0.67421875 0.93359375 0.0703125 0.06875
0 0.5375 0.31328125 0.071875 0.0703125
0 0.01796875 0.51953125 0.0359375 0.0671875
0 0.3 0.53203125 0.0703125 0.071875
0 0.125 0.2765625 0.075 0.071875
0 0.09921875 0.38125 0.0734375 0.06875
0 0.1484375 0.3390625 0.0734375 0.071875
0 0.25234375 0.28359375 0.0734375 0.071875
0 0.80390625 0.55625 0.06875 0.071875
0 0.4078125 0.29609375 0.0734375 0.0703125
0 0.42109375 0.48984375 0.0734375 0.071875
0 0.1 0.2140625 0.071875 0.0703125
0 0.48125 0.60625 0.071875 0.0703125
0 0.528125 0.8359375 0.0734375 0.071875
0 0.1890625 0.28125 0.0671875 0.0703125
0 0.13828125 0.6640625 0.0703125 0.0703125
0 0.86328125 0.403125 0.071875 0.071875
0 0.7359375 0.5578125 0.0734375 0.071875
0 0.40390625 0.60703125 0.0734375 0.0703125
0 0.0640625 0.55859375 0.071875 0.0703125
0 0.925 0.88046875 0.071875 0.071875
0 0.8203125 0.76953125 0.071875 0.0703125
0 0.21796875 0.4453125 0.0703125 0.0703125
0 0.5703125 0.58828125 0.071875 0.0703125
0 0.78203125 0.8296875 0.0734375 0.071875
0 0.059375 0.49296875 0.071875 0.0703125
0 0.175 0.4953125 0.0734375 0.071875
0 0.36015625 0.65703125 0.0734375 0.071875
0 0.8765625 0.53046875 0.0734375 0.071875
0 0.8859375 0.77734375 0.0703125 0.071875
0 0.27890625 0.92421875 0.071875 0.06875
0 0.31015625 0.70546875 0.0734375 0.0703125
0 0.68671875 0.74140625 0.0734375 0.0734375
0 0.95234375 0.49765625 0.0734375 0.071875
0 0.896875 0.3328125 0.071875 0.0703125
0 0.72578125 0.8984375 0.071875 0.071875
0 0.07109375 0.62109375 0.0703125 0.0703125
0 0.82890625 0.21640625 0.0703125 0.0703125
0 0.0203125 0.5859375 0.040625 0.065625
0 0.965625 0.61875 0.053125 0.0640625
0 0.84296875 0.475 0.0734375 0.071875
0 0.390625 0.42421875 0.0671875 0.0703125
0 0.5265625 0.11875 0.071875 0.06875
0 0.90625 0.63828125 0.071875 0.0703125
0 0.60546875 0.53515625 0.0734375 0.0703125
0 0.23359375 0.22109375 0.0703125 0.0703125
0 0.9390625 0.3875 0.0703125 0.0703125
0 0.1109375 0.87421875 0.071875 0.0703125
0 0.178125 0.02265625 0.075 0.0453125
0 0.246875 0.7375 0.0703125 0.0703125
0 0.23671875 0.815625 0.0703125 0.0703125
0 0.17890625 0.09453125 0.071875 0.0734375
0 0.7078125 0.48671875 0.0703125 0.06875
0 0.19921875 0.69140625 0.071875 0.06875
0 0.290625 0.340625 0.071875 0.071875
0 0.175 0.84296875 0.0703125 0.06875
0 0.05234375 0.42734375 0.0734375 0.06875
0 0.9453125 0.75 0.0625 0.06875
0 0.078125 0.68515625 0.071875 0.06875
0 0.99296875 0.203125 0.0140625 0.065625
0 0.596875 0.8453125 0.071875 0.0703125
0 0.1453125 0.7265625 0.071875 0.06875
0 0.9484375 0.684375 0.0734375 0.0703125
0 0.30546875 0.03359375 0.0703125 0.0671875
0 0.12734375 0.53046875 0.071875 0.0703125
0 0.5734375 0.25 0.0734375 0.071875
0 0.80234375 0.42421875 0.0703125 0.071875
0 0.36953125 0.04921875 0.071875 0.071875
0 0.08984375 0.928125 0.071875 0.0578125
0 0.13203125 0.59921875 0.071875 0.0703125
0 0.16484375 0.90625 0.071875 0.0703125
0 0.021875 0.65234375 0.04375 0.0703125
0 0.3359375 0.95625 0.06875 0.0609375
0 0.34140625 0.8265625 0.071875 0.0703125
0 0.03984375 0.88984375 0.071875 0.0703125
0 0.959375 0.2109375 0.0703125 0.0703125
0 0.2921875 0.78515625 0.071875 0.0703125
0 0.26328125 0.66640625 0.0734375 0.0703125
0 0.90859375 0.45390625 0.071875 0.0703125
0 0.125 0.796875 0.0703125 0.071875
0 0.9921875 0.375 0.015625 0.065625
0 0.16640625 0.40546875 0.0734375 0.0734375
0 0.64609375 0.48515625 0.0703125 0.065625
0 0.71796875 0.821875 0.071875 0.071875
0 0.34140625 0.89375 0.0734375 0.06875
0 0.98046875 0.5578125 0.0390625 0.06875
1 0.48828125 0.9609375 0.071875 0.065625
0 0.80078125 0.1609375 0.071875 0.071875
1 0.7734375 0.49296875 0.0734375 0.0671875
1 0.859375 0.90625 0.0671875 0.0828125
1 0.07109375 0.09140625 0.0546875 0.0625
1 0.7609375 0.3609375 0.0734375 0.06875
0 0.89296875 0.21015625 0.0671875 0.0671875
1 0.7015625 0.3609375 0.065625 0.075
1 0.49765625 0.06015625 0.0625 0.0671875
1 0.47421875 0.8921875 0.0734375 0.0671875
1 0.2046875 0.159375 0.0625 0.0671875
1 0.7453125 0.29140625 0.065625 0.075
1 0.43515625 0.0421875 0.0734375 0.0796875
1 0.4234375 0.9390625 0.0671875 0.0765625
1 0.84765625 0.840625 0.0703125 0.065625
1 0.31875 0.1046875 0.0703125 0.06875
1 0.80234375 0.2875 0.0640625 0.06875
1 0.79765625 0.8921875 0.071875 0.0640625
1 0.1359375 0.153125 0.071875 0.0671875
1 0.45 0.75546875 0.0703125 0.06875
1 0.684375 0.159375 0.0671875 0.0734375
1 0.92578125 0.27421875 0.071875 0.0640625
1 0.3046875 0.23515625 0.0703125 0.0703125
1 0.3703125 0.234375 0.0671875 0.071875
1 0.8703125 0.14453125 0.06875 0.075
1 0.4109375 0.17890625 0.065625 0.0609375
1 0.53515625 0.903125 0.0703125 0.071875
1 0.66953125 0.5515625 0.0703125 0.0703125
1 0.86640625 0.2796875 0.0640625 0.071875
1 0.4515625 0.1078125 0.0703125 0.0640625
1 0.76953125 0.62578125 0.0734375 0.06875
1 0.3671875 0.54453125 0.0734375 0.065625
1 0.1078125 0.0109375 0.065625 0.021875
1 0.6328125 0.36953125 0.06875 0.0765625
1 0.63671875 0.23203125 0.071875 0.0640625
1 0.5515625 0.4921875 0.0734375 0.065625
1 0.9828125 0.27109375 0.034375 0.0703125
0 0.28828125 0.8578125 0.0609375 0.0625
1 0.321875 0.5984375 0.065625 0.065625
1 0.23671875 0.05 0.0609375 0.0703125
1 0.2484375 0.1109375 0.078125 0.065625
1 0.934375 0.14375 0.0765625 0.071875
1 0.790625 0.96171875 0.06875 0.0765625
0 0.15 0.95 0.065625 0.0296875
1 0.821875 0.35 0.0671875 0.071875
1 0.92109375 0.98984375 0.0453125 0.0203125
1 0.2578125 0.5921875 0.0734375 0.0734375
1 0.07734375 0.1515625 0.05625 0.065625
1 0.50234375 0.2375 0.06875 0.06875
1 0.59140625 0.11875 0.0609375 0.0625
1 0.11953125 0.46015625 0.0671875 0.075
1 0.48828125 0.36953125 0.06875 0.0734375
1 0.6984375 0.221875 0.0640625 0.0703125
1 0.38984375 0.11484375 0.0578125 0.065625
1 0.60625 0.31328125 0.0671875 0.06875
1 0.346875 0.4828125 0.0671875 0.0703125
1 0.215625 0.34453125 0.071875 0.0640625
1 0.62421875 0.1703125 0.0671875 0.0765625
0 0.9921875 0.48671875 0.015625 0.0671875
1 0.11796875 0.0578125 0.0625 0.071875
1 0.55234375 0.96640625 0.0671875 0.0671875
0 0.27890625 0.9671875 0.065625 0.0265625
0 0.01015625 0.4609375 0.0203125 0.065625
1 0.8765625 0.709375 0.0671875 0.075
1 0.33515625 0.2921875 0.078125 0.0671875
0 0.02890625 0.3078125 0.025 0.06875
1 0.63515625 0.60390625 0.06875 0.06875
1 0.7453125 0.11953125 0.078125 0.0703125
1 0.653125 0.0796875 0.0890625 0.08125
0 0.3890625 0.97890625 0.0703125 0.0296875
1 0.7328125 0.67734375 0.06875 0.071875
1 0.52421875 0.0171875 0.0734375 0.034375
1 0.38203125 0.0078125 0.0671875 0.015625
1 0.56328125 0.06171875 0.071875 0.0640625
1 0.921875 0.94921875 0.0609375 0.06875
1 0.8625 0.98828125 0.075 0.0234375
1 0.215625 0.95078125 0.0625 0.0421875
1 0.06796875 0.03125 0.0359375 0.0625
1 0.046875 0.196875 0.034375 0.065625