0 0.078125 0.21171875 0.0671875 0.0671875
0 0.09609375 0.01328125 0.0671875 0.0265625
0 0.18515625 0.353125 0.06875 0.0671875
0 0.19765625 0.228125 0.0671875 0.0671875
0 0.215625 0.53203125 0.0671875 0.0640625
0 0.03046875 0.8 0.0609375 0.065625
0 0.11015625 0.559375 0.0671875 0.0671875
0 0.02890625 0.4859375 0.0578125 0.065625
0 0.15703125 0.015625 0.0640625 0.03125
0 0.696875 0.7625 0.0671875 0.0671875
0 0.796875 0.8046875 0.0671875 0.065625
0 0.609375 0.02734375 0.065625 0.04375
0 0.578125 0.14375 0.0671875 0.0671875
0 0.04140625 0.25859375 0.0421875 0.059375
0 0.0578125 0.15078125 0.053125 0.0625
0 0.13203125 0.871875 0.0671875 0.0640625
0 0.2671875 0.1328125 0.065625 0.0625
0 0.859375 0.1484375 0.065625 0.06875
0 0.64140625 0.13515625 0.06875 0.06875
0 0.35546875 0.18359375 0.0671875 0.06875
0 0.81484375 0.39609375 0.0671875 0.06875
0 0.53984375 0.42890625 0.0671875 0.06875
0 0.4109375 0.025 0.06875 0.05
0 0.76953125 0.525 0.0671875 0.0640625
0 0.98203125 0.375 0.0359375 0.065625
0 0.7640625 0.109375 0.0671875 0.0671875
0 0.059375 0.853125 0.06875 0.0671875
0 0.63671875 0.7609375 0.0640625 0.0640625
0 0.63984375 0.25234375 0.06875 0.0703125
0 0.025 0.90546875 0.05 0.0671875
0 0.13984375 0.21640625 0.0671875 0.0625
0 0.44140625 0.3484375 0.0703125 0.0703125
0 0.8640625 0.2609375 0.0671875 0.06875
0 0.60859375 0.19375 0.0671875 0.06875
0 0.725 0.46953125 0.0671875 0.0671875
0 0.05 0.671875 0.06875 0.06875
0 0.36171875 0.46640625 0.0671875 0.065625
0 0.290625 0.28515625 0.0671875 0.06875
0 0.221875 0.01796875 0.06875 0.0359375
0 0.540625 0.8421875 0.065625 0.065625
0 0.16484375 0.2796875 0.0671875 0.06875
0 0.31484375 0.0625 0.0671875 0.0671875
0 0.34375 0.959375 0.065625 0.059375
0 0.89140625 0.20703125 0.0671875 0.065625
0 0.35234375 0.29140625 0.0671875 0.0671875
0 0.28515625 0.01875 0.0671875 0.0375
0 0.8265625 0.09375 0.065625 0.065625
0 0.95625 0.08125 0.0671875 0.0671875
0 0.4828125 0.30078125 0.0671875 0.0671875
0 0.79453125 0.159375 0.0671875 0.06875
0 0.87265625 0.3859375 0.0640625 0.0671875
0 0.58515625 0.075 0.065625 0.065625
0 0.515625 0.2515625 0.0671875 0.0671875
0 0.35 0.021875 0.065625 0.04375
0 0.15234375 0.5125 0.065625 0.065625
0 0.58359375 0.37109375 0.06875 0.06875
0 0.08125 0.103125 0.0671875 0.0625
0 0.89765625 0.50078125 0.0671875 0.0671875
0 0.41796875 0.18984375 0.06875 0.065625
0 0.0328125 0.41484375 0.0578125 0.0640625
0 0.83671875 0.9609375 0.0671875 0.065625
0 0.828125 0.21328125 0.06875 0.06875
0 0.32265625 0.23359375 0.065625 0.065625
0 0.83984375 0.85390625 0.065625 0.065625
0 0.33203125 0.41015625 0.0671875 0.06875
0 0.5453125 0.02890625 0.06875 0.0578125
0 0.01953125 0.734375 0.0390625 0.06875
0 0.32890625 0.71796875 0.0640625 0.0671875
0 0.91953125 0.15703125 0.0671875 0.0671875
0 0.96015625 0.321875 0.065625 0.0640625
0 0.5203125 0.13671875 0.0625 0.0671875
0 0.1109375 0.1640625 0.0671875 0.0640625
0 0.453125 0.24765625 0.0671875 0.0640625
0 0.47890625 0.028125 0.0671875 0.05625
0 0.51171875 0.371875 0.071875 0.0703125
0 0.26015625 0.23203125 0.0671875 0.0671875
0 0.6734375 0.303125 0.06875 0.0671875
0 0.98046875 0.26953125 0.0390625 0.0671875
0 0.546875 0.66796875 0.065625 0.0640625
0 0.703125 0.24453125 0.06875 0.06875
0 0.6515625 0.703125 0.0671875 0.065625
0 0.54921875 0.19921875 0.0671875 0.0671875
0 0.4453125 0.06640625 0.0671875 0.065625
0 0.57734375 0.26015625 0.0671875 0.0671875
0 0.22109375 0.94296875 0.0671875 0.0625
0 0.6765625 0.1875 0.0671875 0.0671875
0 0.65859375 0.9828125 0.0671875 0.034375
0 0.05 0.546875 0.0671875 0.0671875
0 0.2390625 0.81640625 0.0671875 0.0671875
0 0.08984375 0.50390625 0.0671875 0.065625
0 0.125 0.05078125 0.065625 0.06875
0 0.46328125 0.41328125 0.06875 0.06875
0 0.79296875 0.9890625 0.0671875 0.021875
0 0.7359375 0.64140625 0.0671875 0.065625
0 0.2265625 0.29375 0.065625 0.065625
0 0.73828125 0.16875 0.065625 0.0671875
0 0.76640625 0.21796875 0.0671875 0.0671875
0 0.64609375 0.528125 0.0671875 0.0671875
0 0.7609375 0.74921875 0.0640625 0.065625
0 0.10390625 0.271875 0.0671875 0.06875
0 0.97265625 0.1375 0.0546875 0.06875
0 0.4109375 0.290625 0.06875 0.065625
0 0.54609375 0.3109375 0.065625 0.065625
0 0.07734375 0.38046875 0.06875 0.0640625
0 0.48515625 0.1921875 0.065625 0.0671875
0 0.009375 0.6765625 0.01875 0.0625
0 0.42421875 0.4890625 0.065625 0.065625
0 0.63125 0.59296875 0.0640625 0.065625
0 0.196875 0.88203125 0.06875 0.06875
0 0.175 0.16484375 0.0671875 0.0625
0 0.33203125 0.1265625 0.06875 0.0671875
0 0.753125 0.4015625 0.065625 0.0671875
0 0.6921875 0.41015625 0.0671875 0.06875
0 0.72578125 0.9890625 0.0671875 0.021875
0 0.2484375 0.06953125 0.065625 0.065625
0 0.20390625 0.11640625 0.0671875 0.0640625
0 0.396875 0.12890625 0.0640625 0.065625
0 0.95859375 0.48671875 0.065625 0.0671875
0 0.38671875 0.74296875 0.0640625 0.0609375
0 0.27890625 0.55 0.0640625 0.0609375
0 0.14609375 0.11796875 0.0640625 0.059375
0 0.15390625 0.93359375 0.06875 0.0671875
0 0.453125 0.1453125 0.06875 0.0671875
0 0.86171875 0.7921875 0.0671875 0.06875
0 0.33984375 0.65546875 0.0671875 0.065625
0 0.815625 0.57734375 0.0671875 0.0671875
0 0.928125 0.26015625 0.0671875 0.06875
0 0.4015625 0.4171875 0.0671875 0.0671875
0 0.70234375 0.1171875 0.0671875 0.0671875
0 0.86015625 0.62578125 0.0671875 0.0671875
0 0.17265625 0.5703125 0.065625 0.0671875
0 0.01640625 0.62109375 0.0328125 0.0609375
0 0.625 0.94765625 0.0671875 0.065625
0 0.309375 0.34921875 0.0671875 0.071875
0 0.2828125 0.775 0.0671875 0.065625
0 0.01015625 0.8453125 0.0203125 0.065625
0 0.53984375 0.5078125 0.065625 0.0671875
0 0.0671875 0.6125 0.06875 0.0671875
0 0.56953125 0.609375 0.065625 0.0640625
0 0.246875 0.65546875 0.0671875 0.065625
0 0.45 0.59765625 0.0671875 0.06875
0 0.740625 0.2984375 0.065625 0.0671875
0 0.6078125 0.31484375 0.0671875 0.065625
0 0.38671875 0.92421875 0.065625 0.065625
0 0.43359375 0.784375 0.0671875 0.0671875
0 0.4703125 0.8453125 0.06875 0.06875
0 0.40234375 0.54609375 0.0671875 0.0640625
0 0.64765625 0.36015625 0.0671875 0.0671875
0 0.25234375 0.3625 0.065625 0.065625
0 0.80078125 0.2890625 0.0671875 0.06875
0 0.50546875 0.62421875 0.0640625 0.065625
0 0.66328125 0.46953125 0.065625 0.065625
0 0.10234375 0.7015625 0.0640625 0.0625
0 0.8984375 0.675 0.065625 0.065625
0 0.1828125 0.06953125 0.0671875 0.065625
0 0.60859375 0.65625 0.065625 0.065625
0 0.05859375 0.31875 0.0671875 0.065625
0 0.5875 0.7171875 0.065625 0.0625
0 0.2828125 0.94765625 0.0671875 0.06875
0 0.2640625 0.71640625 0.06875 0.06875
0 0.47265625 0.52734375 0.065625 0.0625
0 0.89296875 0.09453125 0.0671875 0.065625
0 0.1109375 0.81640625 0.065625 0.065625
0 0.821875 0.7484375 0.06875 0.06875
0 0.3734375 0.075 0.06875 0.0671875
0 0.29453125 0.17890625 0.0671875 0.065625
0 0.503125 0.0796875 0.06875 0.06875
0 0.89140625 0.73046875 0.0640625 0.0640625
0 0.93359375 0.384375 0.0671875 0.065625
0 0.83671875 0.6875 0.065625 0.0625
0 0.6515625 0.88671875 0.065625 0.065625
0 0.51953125 0.89765625 0.0671875 0.065625
0 0.06484375 0.0515625 0.046875 0.0671875
0 0.28828125 0.615625 0.065625 0.0671875
0 0.7328125 0.8109375 0.0640625 0.06875
0 0.875 0.55859375 0.0640625 0.065625
0 0.91015625 0.4390625 0.065625 0.065625
0 0.121875 0.33671875 0.065625 0.0640625
0 0.9765625 0.6 0.0375 0.0640625
0 0.7984375 0.640625 0.065625 0.065625
0 0.68984375 0.5828125 0.0671875 0.0671875
0 0.3859375 0.2390625 0.065625 0.065625
0 0.19921875 0.41171875 0.0671875 0.0671875
0 0.26953125 0.42578125 0.0671875 0.065625
0 0.23203125 0.58828125 0.065625 0.0625
0 0.59765625 0.98203125 0.0640625 0.0359375
0 0.715625 0.34921875 0.0640625 0.0609375
0 0.84765625 0.4578125 0.0671875 0.065625
0 0.953125 0.7203125 0.0578125 0.065625
0 0.5875 0.8875 0.0671875 0.065625
0 0.18671875 0.6984375 0.0703125 0.0703125
0 0.8359375 0.50859375 0.065625 0.065625
0 0.4140625 0.96640625 0.0671875 0.059375
0 0.84296875 0.05 0.0625 0.0390625
0 0.484375 0.471875 0.065625 0.0671875
0 0.67578125 0.03046875 0.0640625 0.034375
0 0.49609375 0.775 0.065625 0.0671875
0 0.56484375 0.775 0.0671875 0.0671875
0 0.09140625 0.4328125 0.06875 0.065625
0 0.77734375 0.34296875 0.0671875 0.0671875
0 0.4015625 0.68515625 0.0640625 0.0640625
0 0.77421875 0.69140625 0.0625 0.0609375
0 0.778125 0.04765625 0.0640625 0.0484375
0 0.92734375 0.61796875 0.0671875 0.065625
0 0.9390625 0.55 0.065625 0.0671875
0 0.45546875 0.66484375 0.0671875 0.065625
0 0.71484375 0.88984375 0.065625 0.065625
0 0.725 0.05625 0.0671875 0.065625
0 0.896875 0.3328125 0.0671875 0.065625
0 0.0296875 0.3609375 0.040625 0.059375
0 0.39609375 0.62109375 0.0640625 0.0640625
0 0.6203125 0.421875 0.06875 0.0671875
0 0.17421875 0.821875 0.06875 0.06875
0 0.98203125 0.059375 0.0359375 0.025
0 0.4078125 0.84609375 0.0640625 0.0671875
0 0.7140625 0.6984375 0.0671875 0.0625
0 0.50625 0.7109375 0.065625 0.0671875
0 0.78515625 0.46171875 0.0640625 0.0671875
0 0.6703125 0.82109375 0.065625 0.065625
0 0.0859375 0.91015625 0.06875 0.06875
0 0.69140625 0.95078125 0.0671875 0.065625
0 0.83984375 0.3328125 0.0625 0.0640625
0 0.90625 0.84375 0.0671875 0.065625
0 0.92890625 0.7859375 0.065625 0.0671875
0 0.96015625 0.66328125 0.05625 0.065625
0 0.21875 0.471875 0.0671875 0.065625
0 0.3375 0.5203125 0.0671875 0.065625
0 0.7734375 0.8609375 0.0640625 0.0640625
0 0.9015625 0.05078125 0.0640625 0.028125
0 0.64921875 0.07578125 0.0671875 0.06875
0 0.71015625 0.52109375 0.0640625 0.0625
0 0.521875 0.565625 0.065625 0.0640625
0 0.56171875 0.94609375 0.065625 0.065625
0 0.159375 0.4515625 0.06875 0.0671875
0 0.121875 0.6421875 0.065625 0.0671875
0 0.5859375 0.54921875 0.065625 0.0640625
0 0.67265625 0.646875 0.0640625 0.0640625
0 0.53515625 0.9796875 0.0671875 0.040625
0 0.33125 0.8953125 0.065625 0.0640625
1 0.1484375 0.75703125 0.0640625 0.0640625
0 0.59765625 0.4859375 0.065625 0.06875
0 0.34609375 0.58671875 0.065625 0.0671875
0 0.81875 0.90390625 0.065625 0.0625
1 0.88125 0.89453125 0.0625 0.0546875
0 0.75390625 0.58046875 0.0671875 0.0640625
0 0.23515625 0.16875 0.0625 0.059375
0 0.290625 0.47421875 0.065625 0.0640625
0 0.44609375 0.72578125 0.0640625 0.0609375
0 0.61015625 0.82109375 0.065625 0.065625
0 0.184375 0.6296875 0.0671875 0.06875
0 0.3625 0.784375 0.0640625 0.0609375
0 0.37421875 0.36484375 0.0671875 0.0640625
1 0.903125 0.94765625 0.06875 0.0796875
1 0.7609375 0.93515625 0.0578125 0.0734375
0 0.971875 0.4265625 0.05625 0.0625
1 0.209375 0.75234375 0.065625 0.0625
1 0.2703125 0.86953125 0.0671875 0.06875
0 0.984375 0.540625 0.03125 0.06875
0 0.0375 0.19921875 0.0234375 0.0625
0 0.95546875 0.8234375 0.0328125 0.0671875
0 0.059375 0.00703125 0.021875 0.0140625
0 0.115625 0.95625 0.0640625 0.01875
1 0.971875 0.19765625 0.05625 0.0578125
1 0.9421875 0.88125 0.046875 0.0640625
0 0.04609375 0.09765625 0.0171875 0.0578125
1 0.48203125 0.95078125 0.0640625 0.071875
0 0.0046875 0.56875 0.009375 0.065625
1 0.94375 0.934375 0.03125 0.053125
0 0.05625 0.9484375 0.065625 0.021875
1 0.45546875 0.89140625 0.0625 0.046875
0 0.1453125 0.38125 0.0578125 0.053125
1 0.31171875 0.8203125 0.05625 0.0484375