1 0.5078125 0.73515625 0.0578125 0.053125
1 0.2328125 0.77109375 0.0515625 0.0578125
1 0.11015625 0.73515625 0.05625 0.053125
2 0.78984375 0.56171875 0.0546875 0.059375
1 0.40234375 0.15 0.0828125 0.0734375
1 0.09296875 0.11015625 0.090625 0.0765625
0 0.95546875 0.97734375 0.0265625 0.0453125
0 0.94453125 0.934375 0.05 0.05
0 0.95703125 0.89609375 0.0359375 0.046875
0 0.93671875 0.85546875 0.0515625 0.05
0 0.95703125 0.8171875 0.046875 0.0515625
0 0.9359375 0.77265625 0.0484375 0.0484375
0 0.97109375 0.7703125 0.025 0.046875
0 0.9546875 0.73125 0.0546875 0.053125
0 0.93125 0.690625 0.05 0.05
0 0.9734375 0.690625 0.03125 0.046875
0 0.95234375 0.6546875 0.05 0.046875
0 0.93359375 0.61015625 0.053125 0.05
0 0.975 0.60546875 0.040625 0.0515625
0 0.975 0.5671875 0.046875 0.0515625
0 0.95546875 0.52578125 0.0484375 0.046875
0 0.98828125 0.5234375 0.0234375 0.05
0 0.934375 0.478125 0.0484375 0.0484375
0 0.97890625 0.47578125 0.0421875 0.0484375
0 0.95703125 0.43671875 0.05 0.0484375
0 0.98828125 0.4390625 0.0234375 0.046875
0 0.93046875 0.4015625 0.0484375 0.0453125
0 0.97734375 0.39609375 0.0453125 0.0484375
0 0.95546875 0.36171875 0.0453125 0.0484375
0 0.990625 0.3515625 0.01875 0.046875
0 0.93359375 0.3140625 0.0453125 0.0484375
0 0.97734375 0.31640625 0.0453125 0.0453125
0 0.9578125 0.27265625 0.0453125 0.046875
0 0.98828125 0.2765625 0.0234375 0.05
0 0.92890625 0.2328125 0.0515625 0.053125
0 0.9765625 0.23515625 0.046875 0.0484375
0 0.95 0.196875 0.05 0.0484375
0 0.98671875 0.19453125 0.0265625 0.0453125
0 0.9265625 0.15703125 0.0453125 0.0484375
0 0.9734375 0.1625 0.046875 0.046875
0 0.9546875 0.1140625 0.0484375 0.0515625
0 0.9890625 0.11171875 0.021875 0.0484375
0 0.92734375 0.07890625 0.0515625 0.053125
0 0.9765625 0.0703125 0.046875 0.05
0 0.95546875 0.04140625 0.04375 0.025
0 0.9875 0.0453125 0.025 0.028125
0 0.21484375 0.96953125 0.0484375 0.0265625
0 0.2625 0.9703125 0.0484375 0.03125
0 0.3125 0.97109375 0.053125 0.0375
0 0.36328125 0.97265625 0.0515625 0.040625
0 0.41328125 0.9765625 0.0515625 0.040625
0 0.4609375 0.98125 0.0484375 0.0375
0 0.5109375 0.978125 0.053125 0.04375
0 0.56015625 0.97890625 0.0484375 0.0421875
0 0.6078125 0.978125 0.05 0.04375
0 0.65703125 0.97890625 0.0546875 0.0421875
0 0.70625 0.97890625 0.053125 0.0421875
0 0.75859375 0.98046875 0.0546875 0.0390625
0 0.8078125 0.98125 0.05 0.0375
0 0.8625 0.9796875 0.053125 0.040625
0 0.9140625 0.97734375 0.053125 0.0453125
0 0.2859375 0.93515625 0.0484375 0.05
0 0.33515625 0.940625 0.05 0.0515625
0 0.38671875 0.93984375 0.053125 0.0515625
0 0.4375 0.93984375 0.0515625 0.0515625
0 0.4875 0.93984375 0.0484375 0.0515625
0 0.53203125 0.9453125 0.0453125 0.046875
0 0.58515625 0.94140625 0.0484375 0.053125
0 0.63046875 0.94765625 0.046875 0.05
0 0.6796875 0.9453125 0.05 0.046875
0 0.73046875 0.94375 0.0515625 0.0546875
0 0.78046875 0.9453125 0.0515625 0.053125
0 0.83671875 0.940625 0.0515625 0.0515625
0 0.8859375 0.9390625 0.05625 0.0484375
0 0.26640625 0.89296875 0.0515625 0.053125
0 0.31484375 0.89453125 0.05 0.0484375
0 0.36328125 0.89453125 0.0515625 0.05
0 0.4140625 0.90078125 0.0546875 0.05
0 0.46484375 0.8984375 0.05 0.05
0 0.51328125 0.89921875 0.05 0.053125
0 0.55859375 0.90625 0.0484375 0.053125
0 0.60546875 0.90234375 0.05 0.053125
0 0.65234375 0.90546875 0.05 0.05
0 0.69765625 0.90625 0.0484375 0.0484375
0 0.75078125 0.9078125 0.05 0.0515625
0 0.80859375 0.9 0.0546875 0.05
0 0.85390625 0.90390625 0.0453125 0.0453125
0 0.909375 0.89921875 0.0515625 0.0515625
0 0.28828125 0.85078125 0.053125 0.053125
0 0.3359375 0.86015625 0.05 0.05
0 0.38515625 0.859375 0.0484375 0.0484375
0 0.43125 0.86015625 0.053125 0.0484375
0 0.48515625 0.8578125 0.0515625 0.0515625
0 0.53515625 0.8578125 0.0515625 0.0484375
0 0.58515625 0.8625 0.0484375 0.0484375
0 0.63359375 0.86015625 0.0515625 0.0515625
0 0.6828125 0.859375 0.0515625 0.05
0 0.73359375 0.859375 0.05 0.053125
0 0.78203125 0.8609375 0.0515625 0.0515625
0 0.83359375 0.8609375 0.059375 0.059375
0 0.88671875 0.8578125 0.053125 0.0515625
0 0.2625 0.8109375 0.0515625 0.0515625
0 0.31328125 0.81171875 0.0546875 0.0546875
0 0.3640625 0.81328125 0.0546875 0.0515625
0 0.41328125 0.815625 0.0484375 0.0484375
0 0.459375 0.815625 0.05 0.0484375
0 0.51015625 0.81796875 0.0546875 0.0515625
0 0.55703125 0.821875 0.046875 0.0484375
0 0.60390625 0.821875 0.0484375 0.05
0 0.65546875 0.81875 0.053125 0.0515625
0 0.70703125 0.8171875 0.05 0.05
0 0.75703125 0.8171875 0.0515625 0.053125
0 0.80390625 0.82265625 0.0546875 0.0515625
0 0.859375 0.815625 0.0515625 0.05
0 0.91015625 0.81796875 0.053125 0.0515625
0 0.28671875 0.7734375 0.0515625 0.0515625
0 0.33671875 0.771875 0.0515625 0.05
0 0.38671875 0.771875 0.05625 0.0515625
0 0.43515625 0.77421875 0.046875 0.0484375
0 0.4828125 0.78203125 0.0515625 0.0515625
0 0.53203125 0.77734375 0.05 0.05
0 0.58359375 0.77734375 0.0484375 0.0484375
0 0.63203125 0.778125 0.0484375 0.0484375
0 0.68046875 0.78125 0.053125 0.05
0 0.73203125 0.77578125 0.053125 0.0515625
0 0.78203125 0.77734375 0.0515625 0.0515625
0 0.8328125 0.775 0.0484375 0.0484375
0 0.8859375 0.775 0.0546875 0.05
0 0.26328125 0.7296875 0.0546875 0.0515625
0 0.3140625 0.7265625 0.0515625 0.0515625
0 0.36328125 0.73125 0.05 0.0515625
0 0.4109375 0.7296875 0.0546875 0.05
0 0.46015625 0.73125 0.0484375 0.05
0 0.559375 0.7390625 0.0515625 0.0484375
0 0.60859375 0.73359375 0.0515625 0.05
0 0.6578125 0.734375 0.0515625 0.053125
0 0.70390625 0.740625 0.053125 0.05
0 0.7578125 0.73125 0.0515625 0.0515625
0 0.80546875 0.7390625 0.053125 0.0515625
0 0.8546875 0.73515625 0.05 0.05
0 0.90546875 0.73515625 0.0546875 0.0484375
0 0.284375 0.68828125 0.053125 0.0515625
0 0.33671875 0.6859375 0.0484375 0.0515625
0 0.3859375 0.68828125 0.0515625 0.0515625
0 0.43359375 0.68984375 0.0484375 0.05
0 0.4828125 0.6921875 0.0515625 0.0515625
0 0.5328125 0.690625 0.0515625 0.0515625
0 0.5828125 0.69140625 0.0515625 0.0515625
0 0.634375 0.69296875 0.053125 0.0515625
0 0.684375 0.68984375 0.0515625 0.0546875
0 0.7328125 0.6921875 0.05 0.05
0 0.7828125 0.6921875 0.053125 0.05
0 0.83125 0.69453125 0.053125 0.0515625
0 0.884375 0.69296875 0.0515625 0.0515625
0 0.25859375 0.64921875 0.0484375 0.0484375
0 0.30703125 0.646875 0.05 0.05
0 0.3578125 0.65234375 0.053125 0.05
0 0.40703125 0.65 0.05 0.0484375
0 0.4546875 0.653125 0.053125 0.0484375
0 0.5046875 0.64765625 0.05 0.05
0 0.55078125 0.65 0.0515625 0.046875
0 0.609375 0.646875 0.05625 0.0515625
0 0.6578125 0.64921875 0.05 0.05
0 0.70625 0.65 0.053125 0.0515625
0 0.75703125 0.64921875 0.0546875 0.053125
0 0.80625 0.65234375 0.05 0.0515625
0 0.85625 0.64765625 0.053125 0.0515625
0 0.90546875 0.65234375 0.0546875 0.0515625
0 0.284375 0.5984375 0.0515625 0.0515625
0 0.33359375 0.60078125 0.05 0.0515625
0 0.38203125 0.60078125 0.0546875 0.0484375
0 0.4296875 0.60859375 0.053125 0.0546875
0 0.48203125 0.60390625 0.053125 0.0515625
0 0.53203125 0.60390625 0.053125 0.05
0 0.58046875 0.60625 0.053125 0.0515625
0 0.63046875 0.60703125 0.053125 0.0484375
0 0.68203125 0.60859375 0.0515625 0.05
0 0.73203125 0.609375 0.05 0.05
0 0.78125 0.60859375 0.05 0.0484375
0 0.8328125 0.61015625 0.053125 0.05
0 0.88359375 0.6078125 0.053125 0.0515625
0 0.25859375 0.5578125 0.0484375 0.0484375
0 0.30703125 0.55703125 0.0515625 0.05
0 0.3546875 0.55859375 0.05 0.05
0 0.40078125 0.56171875 0.053125 0.0515625
0 0.4484375 0.5640625 0.0484375 0.046875
0 0.49921875 0.56171875 0.05625 0.0515625
0 0.55078125 0.559375 0.0515625 0.0484375
0 0.59921875 0.5609375 0.0515625 0.0515625
0 0.6484375 0.559375 0.05 0.0515625
0 0.6921875 0.56328125 0.0484375 0.0484375
0 0.74609375 0.55703125 0.05 0.0484375
0 0.83046875 0.56328125 0.0515625 0.0515625
0 0.8796875 0.56875 0.0484375 0.0484375
0 0.93203125 0.5640625 0.0515625 0.0484375
0 0.278125 0.51953125 0.0515625 0.0484375
0 0.325 0.5203125 0.05 0.046875
0 0.37734375 0.51796875 0.0515625 0.0515625
0 0.4265625 0.5234375 0.0484375 0.046875
0 0.47734375 0.51953125 0.053125 0.053125
0 0.525 0.51875 0.046875 0.05
0 0.56953125 0.52578125 0.04375 0.0453125
0 0.61640625 0.525 0.0515625 0.0515625
0 0.66640625 0.52578125 0.05 0.05
0 0.7171875 0.51796875 0.0515625 0.05
0 0.76640625 0.5171875 0.0484375 0.046875
0 0.81328125 0.5171875 0.0484375 0.046875
0 0.86015625 0.521875 0.0546875 0.0515625
0 0.90859375 0.521875 0.0515625 0.05
0 0.25625 0.475 0.0484375 0.0484375
0 0.30078125 0.48359375 0.046875 0.0484375
0 0.3515625 0.4796875 0.0515625 0.0515625
0 0.4015625 0.48046875 0.05 0.0484375
0 0.4515625 0.48046875 0.0515625 0.0515625
0 0.5015625 0.4796875 0.0515625 0.0484375
0 0.54765625 0.48359375 0.0484375 0.0484375
0 0.596875 0.47734375 0.05 0.0484375
0 0.64765625 0.47734375 0.0515625 0.0515625
0 0.6953125 0.47734375 0.0484375 0.053125
0 0.74296875 0.475 0.0484375 0.05
0 0.78984375 0.47421875 0.053125 0.0515625
0 0.8375 0.47734375 0.05 0.0515625
0 0.88828125 0.47734375 0.0515625 0.05
0 0.28125 0.43359375 0.0515625 0.053125
0 0.3296875 0.43671875 0.0484375 0.0484375
0 0.378125 0.4375 0.053125 0.0515625
0 0.4265625 0.4359375 0.0515625 0.0546875
0 0.47421875 0.43828125 0.0515625 0.0515625
0 0.5234375 0.434375 0.0515625 0.0484375
0 0.57265625 0.4375 0.0515625 0.0515625
0 0.621875 0.4359375 0.05 0.0515625
0 0.67109375 0.434375 0.0484375 0.0484375
0 0.71796875 0.434375 0.05 0.05
0 0.76640625 0.43671875 0.0515625 0.0515625
0 0.81484375 0.4328125 0.0515625 0.05
0 0.86328125 0.43515625 0.0515625 0.0515625
0 0.9109375 0.43828125 0.053125 0.053125
0 0.25546875 0.396875 0.053125 0.05
0 0.30390625 0.3953125 0.0515625 0.05
0 0.353125 0.39609375 0.05 0.05
0 0.4 0.396875 0.0515625 0.05
0 0.45 0.39921875 0.05 0.05
0 0.4984375 0.39921875 0.0515625 0.053125
0 0.54765625 0.3953125 0.0515625 0.0515625
0 0.59140625 0.4015625 0.046875 0.046875
0 0.63828125 0.4015625 0.0515625 0.046875
0 0.690625 0.39453125 0.05 0.05
0 0.73828125 0.39609375 0.05 0.05
0 0.7875 0.39453125 0.053125 0.05
0 0.83984375 0.3921875 0.0515625 0.0515625
0 0.88515625 0.396875 0.0484375 0.05
0 0.2796875 0.353125 0.046875 0.0484375
0 0.328125 0.353125 0.05 0.0484375
0 0.37578125 0.353125 0.053125 0.05
0 0.42421875 0.3609375 0.0515625 0.0515625
0 0.47265625 0.35859375 0.05 0.0484375
0 0.52109375 0.3578125 0.05 0.0484375
0 0.56953125 0.35625 0.05 0.0515625
0 0.61875 0.35546875 0.0484375 0.0484375
0 0.665625 0.35546875 0.05 0.046875
0 0.715625 0.35390625 0.0515625 0.0515625
0 0.765625 0.3515625 0.053125 0.0515625
0 0.81171875 0.35703125 0.05 0.05
0 0.85859375 0.36015625 0.0515625 0.05
0 0.91015625 0.3546875 0.053125 0.053125
0 0.25703125 0.31171875 0.05 0.0484375
0 0.30234375 0.3171875 0.0484375 0.0484375
0 0.353125 0.3125 0.05 0.05
0 0.4 0.31484375 0.05 0.0484375
0 0.4484375 0.3140625 0.0515625 0.053125
0 0.4953125 0.32109375 0.0484375 0.046875
0 0.54296875 0.31875 0.0484375 0.0484375
0 0.59296875 0.315625 0.0484375 0.0453125
0 0.6390625 0.321875 0.0515625 0.0484375
0 0.690625 0.31171875 0.0515625 0.0484375
0 0.740625 0.3125 0.0515625 0.05
0 0.7890625 0.3109375 0.05 0.05
0 0.8359375 0.31640625 0.0484375 0.0515625
0 0.8859375 0.31015625 0.053125 0.05
0 0.28046875 0.275 0.0515625 0.046875
0 0.32890625 0.271875 0.05 0.0484375
0 0.378125 0.27265625 0.0515625 0.053125
0 0.4234375 0.27734375 0.0515625 0.05
0 0.4734375 0.27421875 0.0515625 0.0515625
0 0.52109375 0.27109375 0.0484375 0.05
0 0.56953125 0.27578125 0.053125 0.05
0 0.61875 0.27265625 0.0484375 0.0484375
0 0.665625 0.275 0.0515625 0.0484375
0 0.71328125 0.27578125 0.0484375 0.0484375
0 0.76171875 0.2765625 0.0546875 0.0515625
0 0.8125 0.26953125 0.05 0.05
0 0.8578125 0.27734375 0.0484375 0.0515625
0 0.91171875 0.27265625 0.053125 0.05
0 0.2578125 0.23046875 0.046875 0.05
0 0.30234375 0.23828125 0.05 0.0484375
0 0.3515625 0.2328125 0.05 0.0515625
0 0.3984375 0.23359375 0.0515625 0.0515625
0 0.44921875 0.23671875 0.05625 0.05
0 0.4984375 0.23203125 0.0515625 0.0484375
0 0.54609375 0.22890625 0.046875 0.05
0 0.59296875 0.23125 0.053125 0.05
0 0.64609375 0.23125 0.05 0.05
0 0.69296875 0.23125 0.0484375 0.0484375
0 0.740625 0.2328125 0.0515625 0.0515625
0 0.78828125 0.2296875 0.053125 0.0515625
0 0.83515625 0.23125 0.05 0.0515625
0 0.88203125 0.24140625 0.053125 0.0515625
0 0.28046875 0.18828125 0.053125 0.05
0 0.33125 0.1859375 0.05 0.05
0 0.37734375 0.18671875 0.0453125 0.0484375
0 0.4265625 0.19140625 0.05 0.046875
0 0.47421875 0.1921875 0.0484375 0.05
0 0.52109375 0.1875 0.0484375 0.0453125
0 0.5703125 0.1890625 0.05625 0.0515625
0 0.621875 0.19296875 0.05 0.0515625
0 0.6671875 0.19140625 0.046875 0.046875
0 0.71015625 0.196875 0.05 0.046875
0 0.76171875 0.18984375 0.05 0.0484375
0 0.81015625 0.1921875 0.053125 0.0515625
0 0.85859375 0.19609375 0.05 0.0515625
0 0.90625 0.19375 0.0515625 0.0484375
0 0.25703125 0.14921875 0.05 0.0515625
0 0.30390625 0.15 0.05 0.05
0 0.35 0.15 0.0515625 0.0484375
0 0.45078125 0.15 0.053125 0.0484375
0 0.4984375 0.14765625 0.046875 0.0484375
0 0.54609375 0.14765625 0.0515625 0.05
0 0.59296875 0.153125 0.0515625 0.0515625
0 0.64296875 0.153125 0.05 0.0515625
0 0.690625 0.1546875 0.05 0.0484375
0 0.7390625 0.1546875 0.0515625 0.05
0 0.7875 0.15390625 0.0515625 0.0484375
0 0.8359375 0.153125 0.0515625 0.05
0 0.884375 0.1515625 0.05 0.053125
0 0.2796875 0.11640625 0.0484375 0.05
0 0.33125 0.10546875 0.0515625 0.0515625
0 0.37734375 0.10234375 0.0515625 0.053125
0 0.42265625 0.1140625 0.046875 0.05
0 0.4734375 0.11015625 0.0515625 0.0515625
0 0.52109375 0.11171875 0.0484375 0.0484375
0 0.56953125 0.10703125 0.0484375 0.0484375
0 0.61953125 0.115625 0.0515625 0.0515625
0 0.66875 0.11171875 0.05 0.046875
0 0.7171875 0.109375 0.05 0.05
0 0.7640625 0.11171875 0.05 0.0515625
0 0.8109375 0.1125 0.0515625 0.0515625
0 0.859375 0.1078125 0.0453125 0.0484375
0 0.90625 0.1140625 0.0515625 0.0515625
0 0.25625 0.06875 0.05 0.053125
0 0.303125 0.07109375 0.0515625 0.05
0 0.35234375 0.0671875 0.0484375 0.0453125
0 0.4015625 0.06796875 0.05 0.05
0 0.44765625 0.06875 0.0515625 0.053125
0 0.496875 0.06953125 0.0515625 0.0515625
0 0.54609375 0.0703125 0.0484375 0.05
0 0.59453125 0.06484375 0.0515625 0.0484375
0 0.6421875 0.0703125 0.0484375 0.05
0 0.6875 0.07578125 0.05 0.0515625
0 0.73671875 0.0703125 0.053125 0.05
0 0.7859375 0.06875 0.05 0.05
0 0.83671875 0.06953125 0.053125 0.0484375
0 0.88203125 0.071875 0.0484375 0.05
0 0.28359375 0.0234375 0.0515625 0.046875
0 0.33125 0.02265625 0.05 0.0453125
0 0.37734375 0.0234375 0.0484375 0.046875
0 0.425 0.02578125 0.053125 0.0515625
0 0.475 0.025 0.0515625 0.05
0 0.52265625 0.02578125 0.0484375 0.0484375
0 0.57109375 0.02734375 0.0515625 0.05
0 0.61953125 0.02890625 0.0484375 0.046875
0 0.665625 0.03125 0.053125 0.0453125
0 0.71328125 0.0328125 0.0484375 0.040625
0 0.7609375 0.03515625 0.0515625 0.0390625
0 0.81015625 0.03515625 0.05 0.0328125
0 0.859375 0.03828125 0.046875 0.03125
0 0.909375 0.04140625 0.0546875 0.03125
0 0.30859375 0.00234375 0.0484375 0.0046875
0 0.4 0.00625 0.046875 0.0125
0 0.00703125 0.94140625 0.0140625 0.0515625
0 0.0390625 0.9375 0.053125 0.053125
0 0.0875 0.93984375 0.05 0.0484375
0 0.134375 0.94296875 0.0546875 0.0515625
0 0.184375 0.9453125 0.053125 0.0515625
0 0.2375 0.94140625 0.053125 0.0515625
0 0.01953125 0.896875 0.0390625 0.05
0 0.065625 0.896875 0.053125 0.053125
0 0.11484375 0.8984375 0.05 0.0515625
0 0.1609375 0.9046875 0.05 0.05
0 0.215625 0.896875 0.053125 0.053125
0 0.0078125 0.8578125 0.015625 0.05
0 0.0390625 0.859375 0.0515625 0.0515625
0 0.08984375 0.8546875 0.0515625 0.0484375
0 0.13828125 0.8578125 0.05 0.0515625
0 0.1875 0.85625 0.053125 0.0515625
0 0.234375 0.859375 0.053125 0.053125
0 0.0203125 0.81875 0.040625 0.053125
0 0.06484375 0.81640625 0.05 0.0484375
0 0.1140625 0.815625 0.0484375 0.0484375
0 0.16171875 0.81875 0.0515625 0.0515625
0 0.2125 0.8109375 0.053125 0.0515625
0 0.00859375 0.77265625 0.0171875 0.0515625
0 0.04140625 0.775 0.0515625 0.0515625
0 0.08984375 0.775 0.0484375 0.0484375
0 0.1375 0.7765625 0.0515625 0.0515625
0 0.18984375 0.77109375 0.0515625 0.053125
0 0.02109375 0.73046875 0.0421875 0.0515625
0 0.06328125 0.73203125 0.046875 0.05
0 0.1609375 0.73515625 0.0484375 0.0515625
0 0.2140625 0.728125 0.053125 0.05
0 0.0078125 0.69140625 0.015625 0.0453125
0 0.04140625 0.6875 0.05 0.0515625
0 0.09140625 0.68671875 0.0515625 0.0515625
0 0.1390625 0.6921875 0.0484375 0.046875
0 0.1859375 0.6890625 0.0515625 0.053125
0 0.2359375 0.69296875 0.0515625 0.053125
0 0.0203125 0.65078125 0.040625 0.0546875
0 0.065625 0.6453125 0.05 0.05
0 0.115625 0.64375 0.053125 0.053125
0 0.165625 0.64296875 0.05 0.053125
0 0.2140625 0.63828125 0.053125 0.0515625
0 0.0078125 0.6125 0.015625 0.05
0 0.0375 0.6125 0.0484375 0.0515625
0 0.08828125 0.60234375 0.05625 0.0515625
0 0.140625 0.603125 0.053125 0.053125
0 0.18984375 0.596875 0.0515625 0.053125
0 0.23828125 0.59921875 0.0515625 0.0546875
0 0.0203125 0.56796875 0.040625 0.0515625
0 0.0625 0.5671875 0.05 0.05
0 0.1140625 0.56015625 0.0515625 0.0515625
0 0.159375 0.5625 0.0515625 0.0515625
0 0.21015625 0.5578125 0.053125 0.05
0 0.040625 0.51953125 0.0515625 0.0515625
0 0.0921875 0.51796875 0.0515625 0.05
0 0.1375 0.51796875 0.046875 0.0484375
0 0.1828125 0.521875 0.053125 0.0515625
0 0.23359375 0.5171875 0.0484375 0.046875
0 0.01953125 0.47890625 0.0390625 0.0515625
0 0.0625 0.48203125 0.05 0.05
0 0.1109375 0.478125 0.0515625 0.0515625
0 0.15859375 0.48515625 0.05 0.0484375
0 0.2078125 0.48125 0.0546875 0.05
0 0.0375 0.43671875 0.05 0.05
0 0.0859375 0.43828125 0.0515625 0.0515625
0 0.134375 0.43984375 0.05 0.05
0 0.1828125 0.434375 0.05 0.0515625
0 0.23203125 0.43359375 0.05 0.05
0 0.02265625 0.3984375 0.0359375 0.0484375
0 0.06171875 0.39609375 0.0484375 0.05
0 0.11015625 0.39921875 0.0484375 0.046875
0 0.1578125 0.39765625 0.0484375 0.0484375
0 0.20546875 0.39765625 0.0515625 0.05
0 0.0375 0.35546875 0.053125 0.0484375
0 0.08515625 0.36171875 0.0515625 0.05
0 0.13515625 0.3546875 0.0484375 0.05
0 0.1828125 0.36015625 0.0515625 0.0515625
0 0.2328125 0.35390625 0.05 0.05
0 0.02578125 0.3125 0.03125 0.05
0 0.0609375 0.31953125 0.0484375 0.05
0 0.10859375 0.3140625 0.0484375 0.053125
0 0.15703125 0.31796875 0.053125 0.0484375
0 0.20859375 0.315625 0.053125 0.046875
0 0.0390625 0.28046875 0.05 0.0484375
0 0.0890625 0.27578125 0.05 0.0484375
0 0.1375 0.271875 0.0515625 0.0515625
0 0.184375 0.27421875 0.0484375 0.0484375
0 0.23359375 0.2703125 0.0515625 0.0515625
0 0.02890625 0.234375 0.0265625 0.046875
0 0.0640625 0.23515625 0.0484375 0.0453125
0 0.109375 0.23828125 0.0484375 0.05
0 0.15625 0.24140625 0.0484375 0.0453125
0 0.20390625 0.24140625 0.0515625 0.05
0 0.0421875 0.19375 0.046875 0.0515625
0 0.08828125 0.1953125 0.05 0.05
0 0.134375 0.19296875 0.0484375 0.0484375
0 0.18515625 0.1921875 0.053125 0.0515625
0 0.234375 0.18984375 0.0515625 0.0515625
0 0.0328125 0.14765625 0.021875 0.05
0 0.06484375 0.14921875 0.046875 0.0484375
0 0.1125 0.15625 0.0515625 0.0484375
0 0.1625 0.14921875 0.05 0.0484375
0 0.21171875 0.14921875 0.0515625 0.0515625
0 0.046875 0.10546875 0.04375 0.05
0 0.14375 0.10546875 0.046875 0.05
0 0.1890625 0.11015625 0.0484375 0.046875
0 0.234375 0.11171875 0.05 0.053125
0 0.06484375 0.06875 0.05 0.0515625
0 0.1125 0.06953125 0.0515625 0.0484375
0 0.1609375 0.06953125 0.0484375 0.0484375
0 0.21015625 0.06875 0.0515625 0.05
0 0.04921875 0.02421875 0.0375 0.046875
0 0.090625 0.02421875 0.05 0.0484375
0 0.1390625 0.02421875 0.05 0.0484375
0 0.1875 0.0234375 0.05 0.046875
0 0.23359375 0.03203125 0.053125 0.0515625
0 0.2140625 0.003125 0.05 0.00625