1 0.91015625 0.09765625 0.1671875 0.1953125
1 0.7484375 0.434375 0.1953125 0.19375
1 0.921875 0.40234375 0.15625 0.1984375
1 0.26015625 0.04921875 0.19375 0.09375
1 0.775 0.69296875 0.196875 0.29375
1 0.65390625 0.5578125 0.1640625 0.196875
1 0.4390625 0.05078125 0.184375 0.1015625
1 0.3484375 0.153125 0.1703125 0.1921875
1 0.525 0.12421875 0.1953125 0.203125
1 0.55859375 0.41328125 0.190625 0.178125
1 0.6234375 0.04921875 0.18125 0.0984375
1 0.73359375 0.13828125 0.171875 0.2109375
1 0.80546875 0.0375 0.1953125 0.075
1 0.6328125 0.23515625 0.1734375 0.121875
1 0.85703125 0.54609375 0.1796875 0.2078125
1 0.4578125 0.3421875 0.1765625 0.0921875
1 0.45859375 0.2546875 0.1921875 0.084375
1 0.828125 0.22421875 0.203125 0.1328125
1 0.82421875 0.3296875 0.1890625 0.078125
1 0.94921875 0.02578125 0.0859375 0.0515625