1 0.4328125 0.55 0.0546875 0.0625
2 0.403125 0.51640625 0.05 0.0375
0 0.0203125 0.03359375 0.040625 0.0359375
0 0.04375 0.0625 0.0453125 0.0453125
0 0.06953125 0.10078125 0.0421875 0.04375
0 0.09453125 0.13828125 0.0453125 0.046875
0 0.14140625 0.1421875 0.04375 0.046875
0 0.12109375 0.17890625 0.0484375 0.0484375
0 0.15 0.215625 0.04375 0.0453125
0 0.178125 0.25 0.0421875 0.04375
0 0.20234375 0.29140625 0.040625 0.04375
0 0.22890625 0.32890625 0.0421875 0.04375
0 0.2546875 0.36796875 0.04375 0.046875
0 0.28203125 0.40859375 0.0453125 0.0453125
0 0.30703125 0.4421875 0.0421875 0.04375
0 0.33203125 0.4796875 0.04375 0.04375
0 0.35703125 0.51796875 0.04375 0.046875
0 0.44765625 0.5 0.0453125 0.0453125
0 0.38359375 0.48125 0.040625 0.04375
0 0.384375 0.55859375 0.04375 0.04375
0 0.4140625 0.59609375 0.046875 0.046875
0 0.459375 0.59453125 0.046875 0.046875
0 0.43671875 0.640625 0.0453125 0.0453125
0 0.46640625 0.68046875 0.046875 0.0484375
0 0.48984375 0.72734375 0.0453125 0.0484375
0 0.5171875 0.76328125 0.04375 0.0453125
0 0.546875 0.8078125 0.0453125 0.0515625
0 0.5734375 0.84765625 0.0453125 0.046875
0 0.603125 0.8859375 0.046875 0.0484375
0 0.6296875 0.921875 0.0421875 0.0484375
0 0.68984375 0.925 0.046875 0.046875
0 0.7046875 0.8734375 0.0484375 0.0484375
0 0.6546875 0.88046875 0.046875 0.046875
0 0.6265625 0.84296875 0.04375 0.04375
0 0.6734375 0.84140625 0.0453125 0.046875
0 0.73046875 0.83515625 0.04375 0.0421875
0 0.59453125 0.803125 0.0453125 0.046875
0 0.6453125 0.79765625 0.0453125 0.0453125
0 0.70234375 0.79765625 0.04375 0.046875
0 0.74921875 0.7875 0.0484375 0.0484375
0 0.76796875 0.7453125 0.0421875 0.046875
0 0.72109375 0.74765625 0.0453125 0.046875
0 0.67265625 0.76015625 0.0453125 0.0453125
0 0.61796875 0.76015625 0.0453125 0.0453125
0 0.56484375 0.759375 0.0453125 0.046875
0 0.79921875 0.70859375 0.0453125 0.0453125
0 0.73984375 0.703125 0.05 0.046875
0 0.69140625 0.71328125 0.0453125 0.05
0 0.63828125 0.7171875 0.046875 0.05
0 0.58984375 0.72109375 0.046875 0.053125
0 0.5390625 0.71796875 0.0484375 0.0484375
0 0.51484375 0.67890625 0.046875 0.046875
0 0.56484375 0.67734375 0.046875 0.0484375
0 0.615625 0.67578125 0.046875 0.0453125
0 0.66171875 0.67109375 0.0453125 0.046875
0 0.7109375 0.6640625 0.046875 0.05
0 0.76171875 0.65703125 0.0484375 0.0453125
0 0.8140625 0.65703125 0.046875 0.05
0 0.8359375 0.609375 0.0484375 0.05
0 0.78359375 0.61484375 0.046875 0.0453125
0 0.734375 0.62109375 0.0453125 0.0453125
0 0.6859375 0.625 0.04375 0.0453125
0 0.634375 0.62578125 0.04375 0.05
0 0.5859375 0.63046875 0.04375 0.046875
0 0.53671875 0.63671875 0.04375 0.046875
0 0.4875 0.640625 0.0453125 0.046875
0 0.5078125 0.5921875 0.046875 0.046875
0 0.5578125 0.590625 0.04375 0.046875
0 0.60859375 0.5875 0.0453125 0.05
0 0.6578125 0.584375 0.0453125 0.046875
0 0.70859375 0.58203125 0.046875 0.046875
0 0.7546875 0.57890625 0.0453125 0.0453125
0 0.80546875 0.57109375 0.0453125 0.0453125
0 0.85703125 0.565625 0.04375 0.0453125
0 0.87734375 0.5234375 0.04375 0.0453125
0 0.825 0.52578125 0.0453125 0.0453125
0 0.771875 0.53515625 0.0453125 0.0453125
0 0.72421875 0.53828125 0.04375 0.0453125
0 0.6765625 0.540625 0.04375 0.046875
0 0.628125 0.5453125 0.04375 0.0453125
0 0.58046875 0.546875 0.04375 0.0453125
0 0.5296875 0.5515625 0.04375 0.0453125
0 0.4796875 0.55078125 0.0453125 0.046875
0 0.50625 0.5109375 0.04375 0.046875
0 0.55546875 0.50859375 0.04375 0.046875
0 0.603125 0.5046875 0.046875 0.0484375
0 0.65 0.50234375 0.046875 0.0453125
0 0.6984375 0.49765625 0.0453125 0.046875
0 0.7453125 0.4953125 0.04375 0.0453125
0 0.79609375 0.49140625 0.0484375 0.0484375
0 0.84765625 0.484375 0.0484375 0.0484375
0 0.89765625 0.48203125 0.04375 0.046875
0 0.484375 0.4671875 0.040625 0.046875
0 0.53046875 0.465625 0.04375 0.04375
0 0.57890625 0.46484375 0.0453125 0.046875
0 0.62421875 0.459375 0.0421875 0.0453125
0 0.66953125 0.45703125 0.046875 0.046875
0 0.72109375 0.45625 0.0453125 0.046875
0 0.765625 0.4515625 0.04375 0.046875
0 0.81484375 0.44921875 0.0453125 0.046875
0 0.86640625 0.440625 0.0453125 0.0453125
0 0.9140625 0.43828125 0.0484375 0.046875
0 0.93515625 0.39609375 0.0453125 0.0453125
0 0.88671875 0.4 0.0453125 0.0453125
0 0.83671875 0.40546875 0.046875 0.046875
0 0.7859375 0.41015625 0.0453125 0.046875
0 0.7390625 0.4125 0.040625 0.0453125
0 0.6953125 0.41875 0.0453125 0.0453125
0 0.64609375 0.41875 0.046875 0.046875
0 0.59921875 0.4234375 0.0453125 0.0484375
0 0.553125 0.42578125 0.0453125 0.0484375
0 0.50546875 0.42578125 0.046875 0.046875
0 0.44609375 0.44375 0.046875 0.0484375
0 0.4265625 0.39921875 0.04375 0.046875
0 0.47578125 0.38984375 0.04375 0.04375
0 0.52265625 0.38359375 0.0453125 0.04375
0 0.30234375 0.3640625 0.0421875 0.046875
0 0.34765625 0.36171875 0.040625 0.0453125
0 0.328125 0.403125 0.04375 0.046875
0 0.3734375 0.39921875 0.0453125 0.046875
0 0.353125 0.440625 0.0453125 0.0484375
0 0.4 0.43671875 0.04375 0.05
0 0.5734375 0.38046875 0.046875 0.0453125
0 0.61953125 0.38046875 0.0421875 0.046875
0 0.66875 0.378125 0.0453125 0.046875
0 0.71484375 0.37421875 0.046875 0.0453125
0 0.7609375 0.3703125 0.0421875 0.046875
0 0.8078125 0.3671875 0.046875 0.046875
0 0.85546875 0.3625 0.0453125 0.0453125
0 0.9078125 0.35859375 0.046875 0.046875
0 0.953125 0.3546875 0.0421875 0.04375
0 0.3984375 0.35859375 0.04375 0.0453125
0 0.44609375 0.353125 0.0453125 0.046875
0 0.49375 0.34609375 0.0453125 0.0453125
0 0.54296875 0.3421875 0.046875 0.0453125
0 0.59296875 0.33984375 0.0453125 0.046875
0 0.6421875 0.33984375 0.04375 0.0453125
0 0.68828125 0.3359375 0.0453125 0.0484375
0 0.734375 0.33125 0.046875 0.0484375
0 0.78046875 0.328125 0.0453125 0.046875
0 0.82734375 0.32265625 0.0453125 0.046875
0 0.8765625 0.3234375 0.046875 0.0484375
0 0.9296875 0.31484375 0.0484375 0.0484375
0 0.97265625 0.3125 0.04375 0.0484375
0 0.98203125 0.27109375 0.021875 0.04375
0 0.19765625 0.21328125 0.046875 0.046875
0 0.2421875 0.2078125 0.04375 0.0453125
0 0.28984375 0.203125 0.0453125 0.0453125
0 0.340625 0.2015625 0.0453125 0.0484375
0 0.3875 0.2 0.0453125 0.046875
0 0.4375 0.1921875 0.0453125 0.0453125
0 0.48671875 0.18984375 0.04375 0.0453125
0 0.53203125 0.1859375 0.040625 0.0453125
0 0.58203125 0.18515625 0.0453125 0.0453125
0 0.62734375 0.1796875 0.040625 0.0453125
0 0.67734375 0.1734375 0.04375 0.0453125
0 0.7234375 0.17109375 0.0453125 0.0453125
0 0.7703125 0.16953125 0.046875 0.0484375
0 0.81640625 0.16484375 0.04375 0.0453125
0 0.8640625 0.16015625 0.0453125 0.0453125
0 0.91171875 0.1578125 0.0453125 0.04375
0 0.9578125 0.153125 0.0453125 0.046875
0 0.97890625 0.18984375 0.0234375 0.0453125
0 0.9390625 0.1953125 0.04375 0.0453125
0 0.88984375 0.1984375 0.04375 0.046875
0 0.84609375 0.20078125 0.04375 0.046875
0 0.796875 0.2078125 0.0453125 0.0421875
0 0.22265625 0.25 0.04375 0.0453125
0 0.271875 0.246875 0.0421875 0.04375
0 0.321875 0.24609375 0.04375 0.046875
0 0.24921875 0.28984375 0.05 0.046875
0 0.29765625 0.2828125 0.0453125 0.0484375
0 0.27578125 0.3265625 0.04375 0.0484375
0 0.32421875 0.32265625 0.046875 0.0484375
0 0.365625 0.2421875 0.04375 0.0453125
0 0.415625 0.23203125 0.04375 0.0421875
0 0.46328125 0.2296875 0.0421875 0.0453125
0 0.5109375 0.22890625 0.0421875 0.04375
0 0.56015625 0.22734375 0.046875 0.046875
0 0.60625 0.221875 0.040625 0.0453125
0 0.65703125 0.215625 0.0421875 0.04375
0 0.703125 0.21328125 0.04375 0.04375
0 0.74921875 0.20859375 0.0421875 0.0453125
0 0.34765625 0.28125 0.0421875 0.0453125
0 0.3921875 0.2796875 0.04375 0.046875
0 0.44140625 0.27265625 0.04375 0.0453125
0 0.48828125 0.2703125 0.0453125 0.046875
0 0.5375 0.265625 0.0421875 0.0453125
0 0.58984375 0.26171875 0.0453125 0.046875
0 0.63671875 0.26015625 0.0421875 0.046875
0 0.6828125 0.25546875 0.04375 0.0453125
0 0.7296875 0.25234375 0.0484375 0.0515625
0 0.778125 0.24609375 0.04375 0.04375
0 0.8234375 0.24453125 0.040625 0.0453125
0 0.87109375 0.23984375 0.0453125 0.0453125
0 0.91796875 0.23515625 0.04375 0.0453125
0 0.9671875 0.2328125 0.0453125 0.0453125
0 0.36953125 0.32109375 0.0453125 0.046875
0 0.41875 0.31640625 0.04375 0.0453125
0 0.46640625 0.31171875 0.046875 0.046875
0 0.5140625 0.30546875 0.0453125 0.0453125
0 0.565625 0.3015625 0.0453125 0.0453125
0 0.6171875 0.30078125 0.0453125 0.0453125
0 0.6640625 0.29765625 0.04375 0.0453125
0 0.7078125 0.29140625 0.040625 0.04375
0 0.7546875 0.2890625 0.04375 0.0453125
0 0.80078125 0.2859375 0.0421875 0.0453125
0 0.85078125 0.2828125 0.0453125 0.0453125
0 0.8984375 0.27890625 0.046875 0.046875
0 0.94375 0.27265625 0.040625 0.0453125
0 0.971875 0.1125 0.03125 0.0453125
0 0.9328125 0.115625 0.046875 0.0453125
0 0.88671875 0.1203125 0.046875 0.05
0 0.06484375 0.02890625 0.0421875 0.0296875
0 0.08984375 0.06171875 0.040625 0.0421875
0 0.115625 0.09921875 0.0453125 0.0453125
0 0.16796875 0.175 0.046875 0.0484375
0 0.209375 0.02421875 0.0421875 0.0296875
0 0.1578125 0.02421875 0.04375 0.0265625
0 0.1109375 0.0296875 0.0421875 0.034375
0 0.13515625 0.0609375 0.040625 0.0453125
0 0.18515625 0.06015625 0.0453125 0.046875
0 0.23671875 0.04921875 0.040625 0.0421875
0 0.1625 0.09609375 0.04375 0.046875
0 0.21015625 0.10078125 0.04375 0.0453125
0 0.1875 0.134375 0.04375 0.0453125
0 0.2609375 0.0953125 0.0421875 0.046875
0 0.2359375 0.1390625 0.040625 0.0453125
0 0.2640625 0.16640625 0.0421875 0.0453125
0 0.21796875 0.16796875 0.04375 0.0453125
0 0.3125 0.1640625 0.0390625 0.0421875
0 0.28671875 0.128125 0.0421875 0.0390625
0 0.30234375 0.0171875 0.0421875 0.0234375
0 0.35078125 0.0140625 0.04375 0.0203125
0 0.25703125 0.01953125 0.0453125 0.025
0 0.44765625 0.01015625 0.0453125 0.01875
0 0.94453125 0.00703125 0.0453125 0.0140625
0 0.89921875 0.01015625 0.0453125 0.0203125
0 0.85390625 0.0109375 0.0421875 0.021875
0 0.8046875 0.01328125 0.04375 0.0265625
0 0.2828125 0.046875 0.0421875 0.04375
0 0.3296875 0.04453125 0.0421875 0.04375
0 0.37734375 0.040625 0.04375 0.04375
0 0.42578125 0.0375 0.0421875 0.04375
0 0.471875 0.03203125 0.040625 0.04375
0 0.51875 0.0265625 0.0421875 0.04375
0 0.56875 0.02578125 0.04375 0.0421875
0 0.309375 0.0890625 0.0421875 0.0421875
0 0.35859375 0.0796875 0.0421875 0.04375
0 0.4046875 0.0765625 0.04375 0.04375
0 0.45234375 0.07578125 0.0421875 0.0453125
0 0.5015625 0.0703125 0.0421875 0.04375
0 0.33515625 0.12734375 0.0453125 0.0515625
0 0.3828125 0.11875 0.0421875 0.0453125
0 0.43515625 0.1203125 0.04375 0.0484375
0 0.4828125 0.11015625 0.0390625 0.0453125
0 0.36328125 0.15703125 0.04375 0.04375
0 0.409375 0.15703125 0.0421875 0.04375
0 0.459375 0.1515625 0.0453125 0.046875
0 0.5046875 0.1484375 0.040625 0.04375
0 0.553125 0.14609375 0.040625 0.04375
0 0.52890625 0.10546875 0.040625 0.0453125
0 0.61484375 0.0203125 0.0421875 0.040625
0 0.66171875 0.01953125 0.0421875 0.0390625
0 0.70859375 0.01796875 0.0421875 0.0359375
0 0.75859375 0.0140625 0.0453125 0.028125
0 0.78515625 0.04765625 0.0390625 0.0453125
0 0.7375 0.0484375 0.04375 0.0453125
0 0.6875 0.05390625 0.0421875 0.04375
0 0.64140625 0.05859375 0.0421875 0.0421875
0 0.5953125 0.0609375 0.0421875 0.0453125
0 0.54765625 0.065625 0.04375 0.04375
0 0.83359375 0.04140625 0.0421875 0.0421875
0 0.88046875 0.040625 0.04375 0.04375
0 0.92578125 0.0359375 0.0390625 0.0453125
0 0.96875 0.03203125 0.03125 0.0453125
0 0.95390625 0.07265625 0.0421875 0.04375
0 0.90703125 0.0765625 0.0421875 0.04375
0 0.86015625 0.08046875 0.040625 0.04375
0 0.8125 0.0828125 0.04375 0.0453125
0 0.83671875 0.12265625 0.0390625 0.04375
0 0.7921875 0.1265625 0.0421875 0.04375
0 0.7640625 0.08828125 0.04375 0.04375
0 0.7203125 0.0921875 0.0453125 0.0453125
0 0.746875 0.1296875 0.04375 0.04375
0 0.66640625 0.096875 0.0421875 0.0421875
0 0.6984375 0.13515625 0.0453125 0.0421875
0 0.6203125 0.0984375 0.04375 0.04375
0 0.64609375 0.13828125 0.04375 0.04375
0 0.60078125 0.140625 0.0421875 0.0453125
0 0.57578125 0.103125 0.0421875 0.04375