0 0.26484375 0.5484375 0.0609375 0.0609375
0 0.16875 0.48671875 0.0625 0.0609375
0 0.8625 0.74765625 0.0609375 0.06328125
0 0.059375 0.659375 0.06171875 0.0625
0 0.7984375 0.746875 0.0625 0.06484375
0 0.91015625 0.5625 0.0625 0.06171875
0 0.5125 0.6859375 0.0609375 0.0609375
0 0.671875 0.40234375 0.06171875 0.059375
0 0.7234375 0.2109375 0.06171875 0.06171875
0 0.74921875 0.084375 0.06015625 0.06015625
0 0.12109375 0.06875 0.06171875 0.059375
0 0.01640625 0.5265625 0.03203125 0.0640625
0 0.09140625 0.021875 0.06171875 0.04296875
0 0.09609375 0.715625 0.0609375 0.06328125
0 0.0703125 0.18671875 0.06171875 0.0640625
0 0.190625 0.671875 0.059375 0.059375
0 0.36015625 0.61171875 0.0625 0.06328125
0 0.54609375 0.73671875 0.0609375 0.06015625
0 0.89140625 0.690625 0.06171875 0.0640625
0 0.0265625 0.7140625 0.05234375 0.059375
0 0.7109375 0.4484375 0.0625 0.0609375
0 0.73515625 0.74375 0.06171875 0.06328125
0 0.38671875 0.66796875 0.06171875 0.0609375
0 0.0921875 0.60078125 0.06171875 0.0609375
0 0.2203125 0.6140625 0.06171875 0.0625
0 0.0828125 0.1265625 0.06171875 0.05859375
0 0.28515625 0.6109375 0.06484375 0.06484375
0 0.9109375 0.16015625 0.059375 0.05703125
0 0.58359375 0.56640625 0.06171875 0.0625
0 0.65 0.5609375 0.0625 0.06171875
0 0.4078125 0.0265625 0.059375 0.053125
0 0.55625 0.50859375 0.06015625 0.06015625
0 0.39453125 0.446875 0.0609375 0.06171875
0 0.0296875 0.015625 0.059375 0.03125
0 0.8109375 0.5203125 0.06015625 0.05859375
0 0.421875 0.609375 0.0609375 0.0625
0 0.4625 0.25859375 0.06015625 0.06015625
0 0.159375 0.7234375 0.0609375 0.06015625
0 0.203125 0.4375 0.0609375 0.06015625
0 0.065625 0.4171875 0.0609375 0.06015625
0 0.77890625 0.56953125 0.06171875 0.059375
0 0.478125 0.7390625 0.06171875 0.059375
0 0.31875 0.6890625 0.06171875 0.06328125
0 0.2546875 0.775 0.06171875 0.06015625
0 0.1328125 0.5421875 0.0625 0.06328125
0 0.0984375 0.36875 0.0625 0.0609375
0 0.9828125 0.6375 0.03359375 0.06328125
0 0.4140625 0.73203125 0.0640625 0.0625
0 0.9421875 0.51015625 0.06015625 0.05859375
0 0.2 0.5421875 0.0609375 0.06015625
0 0.06015625 0.3171875 0.06171875 0.0609375
0 0.9796875 0.74609375 0.040625 0.0640625
0 0.22890625 0.4921875 0.0578125 0.059375
0 0.575 0.6953125 0.0625 0.05859375
0 0.61953125 0.509375 0.0609375 0.0609375
0 0.2203125 0.72421875 0.0640625 0.06171875
0 0.4796875 0.6296875 0.06171875 0.0625
0 0.78515625 0.18828125 0.059375 0.06171875
0 0.15859375 0.6109375 0.06015625 0.06328125
0 0.9375 0.04296875 0.0609375 0.059375
0 0.8734375 0.5171875 0.0625 0.0609375
0 0.82890625 0.24296875 0.0609375 0.059375
0 0.0578125 0.06328125 0.0625 0.06171875
0 0.7515625 0.33515625 0.0609375 0.0625
0 0.90078125 0.79921875 0.06171875 0.059375
0 0.67109375 0.74296875 0.06328125 0.06171875
0 0.60546875 0.7421875 0.06171875 0.059375
0 0.97265625 0.44609375 0.0546875 0.0640625
0 0.6734375 0.628125 0.0625 0.06171875
0 0.33125 0.4375 0.06015625 0.06328125
0 0.628125 0.3453125 0.06171875 0.059375
0 0.7640625 0.253125 0.059375 0.06328125
0 0.2921875 0.49375 0.06328125 0.06171875
0 0.69921875 0.03125 0.0609375 0.06171875
0 0.06015625 0.76875 0.06171875 0.06171875
0 0.49296875 0.509375 0.0609375 0.0578125
0 0.609375 0.63125 0.0609375 0.0609375
0 0.57890625 0.0703125 0.05859375 0.05859375
0 0.6375 0.6921875 0.06171875 0.06015625
0 0.146875 0.325 0.06015625 0.06015625
0 0.12734375 0.6609375 0.0625 0.0609375
0 0.5484375 0.61875 0.0609375 0.06328125
0 0.578125 0.78984375 0.059375 0.0578125
0 0.190625 0.7765625 0.06015625 0.059375
0 0.73671875 0.62265625 0.059375 0.05859375
0 0.3515625 0.73828125 0.06171875 0.059375
0 0.86171875 0.62734375 0.06171875 0.059375
0 0.028125 0.59609375 0.05625 0.059375
0 0.73828125 0.39609375 0.06171875 0.06015625
0 0.73515625 0.14375 0.06015625 0.05625
0 0.79765625 0.6203125 0.059375 0.0578125
0 0.5640625 0.1296875 0.05859375 0.0578125
0 0.10390625 0.48671875 0.06484375 0.0625
0 0.26796875 0.440625 0.06171875 0.06015625
0 0.4328125 0.4015625 0.06015625 0.05859375
0 0.28828125 0.21015625 0.06171875 0.06171875
0 0.76796875 0.6828125 0.06328125 0.06171875
0 0.271875 0.31328125 0.06171875 0.0625
0 0.25078125 0.68359375 0.0609375 0.0578125
0 0.46015625 0.06953125 0.0609375 0.0625
0 0.68359375 0.09609375 0.05859375 0.0578125
0 0.1828125 0.07265625 0.06015625 0.06171875
0 0.28515625 0.04453125 0.059375 0.0578125
0 0.84609375 0.44921875 0.06171875 0.06328125
0 0.86953125 0.05859375 0.06171875 0.0640625
0 0.69140625 0.33828125 0.06015625 0.06171875
0 0.609375 0.17421875 0.059375 0.05703125
0 0.24296875 0.090625 0.059375 0.05546875
0 0.26328125 0.15078125 0.0609375 0.059375
0 0.284375 0.7265625 0.0625 0.05703125
0 0.68203125 0.509375 0.0625 0.05625
0 0.7484375 0.51328125 0.06171875 0.06328125
0 0.66328125 0.2171875 0.059375 0.06015625
0 0.9703125 0.56484375 0.059375 0.0640625
0 0.83046875 0.68046875 0.06015625 0.059375
0 0.12578125 0.21328125 0.05859375 0.0578125
0 0.46328125 0.44453125 0.06171875 0.0625
0 0.0171875 0.415625 0.034375 0.05703125
0 0.19921875 0.1328125 0.06171875 0.0625
0 0.3546875 0.20546875 0.059375 0.0609375
0 0.57578125 0.30625 0.059375 0.059375
0 0.2109375 0.32109375 0.06171875 0.06328125
0 0.890625 0.2203125 0.0609375 0.0625
0 0.87421875 0.28359375 0.0609375 0.059375
0 0.8453125 0.17890625 0.0625 0.06171875
0 0.6265625 0.1140625 0.05859375 0.0609375
0 0.8828125 0.39140625 0.0625 0.0625
0 0.975 0.08125 0.05 0.059375
0 0.45703125 0.55625 0.0625 0.06015625
0 0.70390625 0.68828125 0.0609375 0.06171875
0 0.81171875 0.29453125 0.06015625 0.0578125
0 0.64375 0.796875 0.0609375 0.0609375
0 0.1296875 0.4171875 0.06171875 0.0609375
0 0.9125 0.45859375 0.06171875 0.059375
0 0.4453125 0.6921875 0.0625 0.0609375
0 0.3171875 0.26328125 0.0625 0.0578125
0 0.32734375 0.5484375 0.0609375 0.06015625
0 0.23828125 0.3796875 0.0625 0.0625
0 0.5109375 0.31875 0.06328125 0.06015625
0 0.1578125 0.0234375 0.0625 0.046875
0 0.7765625 0.45390625 0.06171875 0.0625
0 0.44765625 0.79765625 0.0625 0.06015625
0 0.98359375 0.0234375 0.0328125 0.046875
0 0.5328125 0.0296875 0.05859375 0.0578125
0 0.0328125 0.25546875 0.0625 0.0625
0 0.52109375 0.090625 0.05625 0.059375
0 0.9546875 0.21171875 0.0609375 0.06171875
0 0.209375 0.20078125 0.06328125 0.06171875
0 0.446875 0.32578125 0.059375 0.0625
0 0.0125 0.31953125 0.025 0.06015625
0 0.3828125 0.79140625 0.06171875 0.0609375
0 0.63984375 0.04609375 0.0578125 0.059375
0 0.21875 0.0296875 0.06171875 0.0578125
0 0.82265625 0.021875 0.06171875 0.04296875
0 0.35703125 0.14140625 0.06015625 0.05859375
0 0.59296875 0.23515625 0.06015625 0.0625
0 0.709375 0.55859375 0.0609375 0.05859375
0 0.67109375 0.15703125 0.0609375 0.05859375
0 0.37265625 0.38125 0.06015625 0.0578125
0 0.01875 0.2 0.0375 0.0578125
0 0.5234375 0.24140625 0.06015625 0.0625
0 0.85859375 0.33671875 0.059375 0.05625
0 0.8546875 0.11953125 0.059375 0.05703125
0 0.5609375 0.36484375 0.0609375 0.0609375
0 0.01328125 0.6515625 0.0265625 0.06796875
0 0.47421875 0.0125 0.0640625 0.025
0 0.79453125 0.12890625 0.0578125 0.05625
0 0.9609375 0.80390625 0.0625 0.06015625
0 0.609375 0.41015625 0.05859375 0.059375
0 0.91640625 0.1 0.05859375 0.059375
0 0.70625 0.8125 0.06015625 0.06171875
0 0.640625 0.28046875 0.06171875 0.06171875
0 0.590625 0.0171875 0.0609375 0.034375
0 0.128125 0.77578125 0.0625 0.0609375
0 0.4125 0.22421875 0.0578125 0.05390625
0 0.47109375 0.1359375 0.06015625 0.05859375
0 0.70546875 0.275 0.06015625 0.0625
0 0.8109375 0.07734375 0.059375 0.06015625
0 0.03046875 0.36640625 0.05703125 0.06015625
0 0.02265625 0.14453125 0.0453125 0.0578125
0 0.33984375 0.01484375 0.0625 0.02890625
0 0.5890625 0.45234375 0.06171875 0.06015625
0 0.4171875 0.16484375 0.0578125 0.05859375
0 0.5140625 0.7890625 0.0609375 0.059375
0 0.5296875 0.17578125 0.05859375 0.06015625
0 0.17265625 0.37890625 0.06171875 0.0609375
0 0.92578125 0.7484375 0.0625 0.06328125
0 0.5234375 0.5578125 0.06171875 0.05859375
0 0.98671875 0.5 0.02578125 0.0625
0 0.65078125 0.4515625 0.06015625 0.0578125
1 0.175 0.2609375 0.05703125 0.059375
0 0.13984375 0.1453125 0.05859375 0.06171875
0 0.3203125 0.78046875 0.06015625 0.0578125
0 0.303125 0.1046875 0.059375 0.06015625
0 0.76015625 0.025 0.06015625 0.04921875
0 0.409375 0.10234375 0.059375 0.05859375
0 0.97421875 0.14296875 0.0515625 0.05859375
0 0.01484375 0.7625 0.02890625 0.0578125
0 0.96171875 0.68828125 0.06015625 0.06171875
1 0.91953125 0.321875 0.05625 0.05
0 0.940625 0.26640625 0.06171875 0.059375
1 0.92734375 0.62265625 0.05859375 0.053125
1 0.8046875 0.37578125 0.05078125 0.06796875
1 0.52734375 0.4203125 0.05546875 0.0640625
1 0.31015625 0.36171875 0.0609375 0.06484375
1 0.2375 0.25234375 0.059375 0.05703125
1 0.98046875 0.30703125 0.0390625 0.05390625
0 0.35703125 0.0703125 0.059375 0.059375
1 0.946875 0.3734375 0.05859375 0.07265625
0 0.8453125 0.565625 0.0609375 0.059375
1 0.4296875 0.4984375 0.05859375 0.05078125
0 0.88203125 0.00859375 0.0640625 0.01640625
1 0.3921875 0.5453125 0.06015625 0.06171875
1 0.06171875 0.53359375 0.06015625 0.06171875
0 0.98671875 0.24296875 0.0265625 0.0640625
0 0.00859375 0.08671875 0.0171875 0.06796875
1 0.76796875 0.8078125 0.06015625 0.053125
0 0.46953125 0.1953125 0.0578125 0.05703125
1 0.98671875 0.35390625 0.0265625 0.0578125
1 0.496875 0.3609375 0.0609375 0.04140625
0 0.39296875 0.26875 0.06015625 0.0546875
1 0.03671875 0.47890625 0.0578125 0.05390625
1 0.34453125 0.30234375 0.0515625 0.04765625
1 0.353125 0.49921875 0.053125 0.04453125
1 0.83359375 0.7984375 0.06484375 0.053125
0 0.1140625 0.27265625 0.06015625 0.0515625