0 0.17421875 0.09296875 0.071875 0.065625
0 0.01171875 0.13828125 0.0234375 0.0640625
0 0.6796875 0.065625 0.0734375 0.071875
0 0.35625 0.0484375 0.0734375 0.0671875
0 0.7421875 0.05 0.075 0.0734375
0 0.51875 0.0609375 0.075 0.071875
0 0.0234375 0.240625 0.046875 0.071875
0 0.396875 0.0875 0.06875 0.0671875
0 0.846875 0.084375 0.071875 0.0703125
0 0.07734375 0.21953125 0.075 0.0734375
0 0.31796875 0.15625 0.071875 0.06875
0 0.7 0.021875 0.075 0.04375
0 0.25546875 0.1703125 0.0734375 0.071875
0 0.11328125 0.10546875 0.0703125 0.059375
0 0.05859375 0.28671875 0.075 0.0734375
0 0.61953125 0.078125 0.075 0.075
0 0.47890625 0.02578125 0.0734375 0.0515625
0 0.665625 0.12734375 0.0734375 0.071875
0 0.196875 0.18984375 0.0734375 0.0703125
0 0.72421875 0.109375 0.0734375 0.0734375
0 0.01640625 0.2984375 0.0328125 0.071875
0 0.60703125 0.14375 0.0765625 0.075
0 0.38203125 0.14609375 0.075 0.0734375
0 0.2984375 0.065625 0.075 0.071875
0 0.17890625 0.246875 0.071875 0.071875
0 0.03359375 0.184375 0.0671875 0.071875
0 0.3015625 0.21953125 0.0734375 0.0734375
0 0.78515625 0.09375 0.075 0.0734375
0 0.08828125 0.1546875 0.075 0.071875
0 0.4390625 0.12109375 0.0703125 0.06875
0 0.05078125 0.11875 0.0703125 0.05625
0 0.821875 0.00859375 0.075 0.0171875
0 0.80390625 0.0359375 0.0703125 0.0703125
0 0.8609375 0.02734375 0.075 0.0546875
0 0.24296875 0.2390625 0.071875 0.0703125
0 0.33984375 0.10546875 0.0734375 0.06875
0 0.8921875 0.07109375 0.0453125 0.0703125
0 0.278125 0.11484375 0.071875 0.0703125
0 0.7625 0.01328125 0.075 0.0265625
0 0.12421875 0.2703125 0.075 0.071875
0 0.56875 0.025 0.075 0.05
0 0.6359375 0.025 0.075 0.05
0 0.23359375 0.0734375 0.071875 0.0578125
0 0.559375 0.09609375 0.0671875 0.0640625
0 0.54296875 0.15234375 0.075 0.075
0 0.14921875 0.13828125 0.0703125 0.06875
0 0.45703125 0.06796875 0.075 0.0734375
0 0.21171875 0.12421875 0.075 0.0734375
0 0.41875 0.03203125 0.071875 0.0640625
0 0.3640625 0.20546875 0.075 0.0734375
0 0.42578125 0.1984375 0.078125 0.075
0 0.13359375 0.1921875 0.071875 0.071875
0 0.48359375 0.16953125 0.0734375 0.071875