0 0.6609375 0.0328125 0.0671875 0.04375
0 0.1578125 0.02265625 0.06875 0.0453125
0 0.2671875 0.321875 0.0671875 0.065625
0 0.33046875 0.015625 0.0671875 0.03125
0 0.61640625 0.1828125 0.0671875 0.0671875
0 0.39765625 0.021875 0.0640625 0.04375
0 0.11796875 0.26171875 0.06875 0.0640625
0 0.4609375 0.028125 0.065625 0.05625
0 0.35859375 0.06015625 0.06875 0.0671875
0 0.5890625 0.13046875 0.065625 0.0671875
0 0.51796875 0.34375 0.065625 0.065625
0 0.9375 0.21796875 0.0640625 0.0640625
0 0.57734375 0.35390625 0.0671875 0.065625
0 0.21953125 0.190625 0.0671875 0.065625
0 0.3296875 0.328125 0.0671875 0.065625
0 0.5203125 0.23671875 0.0671875 0.065625
0 0.95625 0.11484375 0.065625 0.0640625
0 0.88203125 0.10546875 0.0671875 0.065625
0 0.19453125 0.1375 0.06875 0.06875
0 0.2640625 0.1453125 0.0671875 0.06875
0 0.796875 0.0484375 0.065625 0.0453125
0 0.55859375 0.06484375 0.0671875 0.065625
0 0.6421875 0.3625 0.0640625 0.0640625
0 0.59453125 0.02578125 0.0671875 0.04375
0 0.08984375 0.20390625 0.065625 0.0625
0 0.92734375 0.32421875 0.0671875 0.0671875
0 0.1125 0.06328125 0.06875 0.06875
0 0.28359375 0.209375 0.06875 0.06875
0 0.9625 0.26875 0.0671875 0.0640625
0 0.91328125 0.16328125 0.0671875 0.0625
0 0.97265625 0.4484375 0.0546875 0.065625
0 0.69296875 0.08046875 0.0671875 0.0671875
0 0.36796875 0.2828125 0.0671875 0.065625
0 0.9921875 0.103125 0.015625 0.0625
0 0.20390625 0.3140625 0.0671875 0.0671875
0 0.73046875 0.04140625 0.065625 0.0453125
0 0.88828125 0.375 0.06875 0.065625
0 0.5859375 0.2375 0.065625 0.0625
0 0.7375 0.30234375 0.0671875 0.06875
0 0.3796875 0.1203125 0.0671875 0.065625
0 0.45859375 0.234375 0.0671875 0.0625
0 0.74296875 0.18984375 0.065625 0.0640625
0 0.68359375 0.19140625 0.0671875 0.0671875
0 0.30546875 0.27265625 0.0671875 0.065625
0 0.9828125 0.21953125 0.034375 0.0671875
0 0.78125 0.14609375 0.06875 0.0671875
0 0.35546875 0.384375 0.0671875 0.065625
0 0.23203125 0.37734375 0.0671875 0.065625
0 0.9 0.26640625 0.065625 0.0625
0 0.790625 0.421875 0.0671875 0.0640625
0 0.0953125 0.01171875 0.065625 0.0234375
0 0.24375 0.2609375 0.0671875 0.0640625
0 0.65390625 0.12734375 0.0671875 0.0671875
0 0.5390625 0.403125 0.0671875 0.0671875
0 0.8609375 0.32109375 0.0671875 0.0640625
0 0.82734375 0.36953125 0.065625 0.0640625
0 0.5515625 0.29375 0.065625 0.0640625
0 0.5265625 0.1171875 0.0671875 0.065625
0 0.265625 0.00546875 0.065625 0.0109375
0 0.9234375 0.0625 0.0625 0.046875
0 0.16875 0.36953125 0.06875 0.065625
0 0.221875 0.02734375 0.065625 0.0546875
0 0.29375 0.378125 0.065625 0.065625
0 0.44453125 0.13203125 0.0671875 0.065625
0 0.30546875 0.0953125 0.0671875 0.0625
0 0.678125 0.31328125 0.0671875 0.0671875
0 0.18125 0.234375 0.06875 0.0671875
0 0.87734375 0.20859375 0.065625 0.065625
0 0.84921875 0.14921875 0.0671875 0.065625
0 0.41796875 0.39609375 0.0625 0.0625
0 0.915625 0.43671875 0.065625 0.065625
0 0.43203125 0.29453125 0.0671875 0.0625
0 0.62265625 0.07109375 0.065625 0.0640625
0 0.3421875 0.22578125 0.0671875 0.0671875
0 0.4203125 0.06953125 0.065625 0.0625
0 0.71640625 0.134375 0.0671875 0.0640625
0 0.8625 0.0546875 0.0640625 0.0453125
0 0.75703125 0.08125 0.0640625 0.0609375
0 0.40234375 0.20078125 0.06875 0.0703125
0 0.76171875 0.3625 0.065625 0.0640625
0 0.034375 0.28984375 0.0359375 0.05625
0 0.284375 0.03515625 0.0671875 0.0640625
0 0.821875 0.0890625 0.0640625 0.059375
0 0.9515625 0.3828125 0.065625 0.0640625
0 0.134375 0.1171875 0.06875 0.0640625
0 0.4953125 0.1859375 0.06875 0.0640625
0 0.978125 0.3296875 0.04375 0.065625
0 0.9703125 0.165625 0.059375 0.0625
0 0.04453125 0.20390625 0.0375 0.0609375
0 0.8078125 0.21328125 0.0671875 0.065625
0 0.80078125 0.3125 0.0640625 0.065625
0 0.48125 0.08125 0.065625 0.065625
0 0.2375 0.08203125 0.0640625 0.0625
0 0.1765625 0.06953125 0.065625 0.0625
0 0.72421875 0.4125 0.065625 0.0640625
0 0.97734375 0.06328125 0.0453125 0.0359375
0 0.5578125 0.18046875 0.065625 0.065625
0 0.39296875 0.33671875 0.0640625 0.0640625
0 0.6015625 0.4078125 0.0671875 0.0640625
0 0.7078125 0.24921875 0.0671875 0.065625
0 0.6109375 0.29375 0.06875 0.0671875
0 0.478125 0.396875 0.065625 0.065625
0 0.5171875 0.02265625 0.065625 0.0453125
0 0.10546875 0.35703125 0.065625 0.0671875
0 0.4890625 0.28671875 0.0625 0.0609375
0 0.32265625 0.1546875 0.0640625 0.065625
0 0.15234375 0.17578125 0.0703125 0.0640625
0 0.83671875 0.26796875 0.065625 0.059375
0 0.13984375 0.30859375 0.0625 0.05625
0 0.665625 0.40546875 0.0625 0.0625
0 0.45546875 0.34140625 0.0671875 0.0640625
0 0.853125 0.41640625 0.065625 0.0609375
0 0.0546875 0.2484375 0.0671875 0.065625
2 0.6421875 0.24296875 0.0765625 0.0734375
0 0.765625 0.2453125 0.0625 0.0640625
0 0.0640625 0.09140625 0.0515625 0.065625
0 0.990625 0.3765625 0.01875 0.065625
0 0.05703125 0.03125 0.0265625 0.0625
0 0.7015625 0.3578125 0.0640625 0.0609375
0 0.04765625 0.35625 0.053125 0.0578125