1 0.303125 0.81171875 0.059375 0.0609375
2 0.91171875 0.26484375 0.0921875 0.090625
1 0.7203125 0.2984375 0.09375 0.090625
1 0.25390625 0.2171875 0.0546875 0.0515625
0 0.13828125 0.99296875 0.0546875 0.0140625
0 0.06875 0.9796875 0.03125 0.040625
0 0.1078125 0.97421875 0.05625 0.0515625
0 0.15625 0.9671875 0.053125 0.05625
0 0.07421875 0.93671875 0.0546875 0.05625
0 0.05703125 0.89375 0.03125 0.0515625
0 0.06171875 0.8515625 0.05 0.05625
0 0.359375 0.9953125 0.053125 0.009375
0 0.41171875 0.99296875 0.0546875 0.0140625
0 0.4640625 0.9875 0.053125 0.025
0 0.5109375 0.98359375 0.05 0.0328125
0 0.56171875 0.98046875 0.0546875 0.0375
0 0.609375 0.971875 0.0515625 0.040625
0 0.65859375 0.96484375 0.0578125 0.0453125
0 0.7078125 0.95625 0.053125 0.05
0 0.75859375 0.94921875 0.0546875 0.0515625
0 0.18515625 0.9890625 0.0546875 0.021875
0 0.23359375 0.98515625 0.0515625 0.0296875
0 0.284375 0.9796875 0.059375 0.040625
0 0.334375 0.97734375 0.05625 0.0453125
0 0.38203125 0.9734375 0.0515625 0.053125
0 0.43125 0.96640625 0.0546875 0.0546875
0 0.4796875 0.95859375 0.0546875 0.053125
0 0.53046875 0.9515625 0.0578125 0.0546875
0 0.58046875 0.94296875 0.0546875 0.05625
0 0.628125 0.93125 0.0578125 0.0609375
0 0.6765625 0.92421875 0.0515625 0.05625
0 0.725 0.9140625 0.0546875 0.0578125
0 0.775 0.903125 0.0578125 0.05625
0 0.20390625 0.95859375 0.05625 0.0546875
0 0.253125 0.9515625 0.0515625 0.053125
0 0.3015625 0.946875 0.0578125 0.0578125
0 0.3515625 0.93515625 0.053125 0.0515625
0 0.4 0.92734375 0.053125 0.0515625
0 0.44765625 0.9203125 0.0515625 0.0546875
0 0.49765625 0.9125 0.0578125 0.0546875
0 0.5453125 0.903125 0.05625 0.05625
0 0.59296875 0.89453125 0.05625 0.05625
0 0.64375 0.884375 0.0578125 0.05625
0 0.69609375 0.8765625 0.05625 0.0546875
0 0.74375 0.86953125 0.0546875 0.053125
0 0.12265625 0.9296875 0.0546875 0.059375
0 0.16953125 0.9203125 0.0546875 0.0546875
0 0.2203125 0.91484375 0.05625 0.05625
0 0.2703125 0.90390625 0.059375 0.0625
0 0.31796875 0.90078125 0.0546875 0.0515625
0 0.36796875 0.8921875 0.05625 0.0578125
0 0.41953125 0.88046875 0.05625 0.05625
0 0.46796875 0.8734375 0.05625 0.05625
0 0.5171875 0.86484375 0.05625 0.0546875
0 0.565625 0.8578125 0.053125 0.053125
0 0.6140625 0.84453125 0.053125 0.0546875
0 0.6625 0.8375 0.0546875 0.0546875
0 0.71171875 0.83046875 0.0546875 0.05625
0 0.7625 0.8234375 0.0578125 0.05625
0 0.09140625 0.88828125 0.0546875 0.05625
0 0.140625 0.88203125 0.0609375 0.0578125
0 0.18828125 0.8765625 0.0515625 0.05625
0 0.23671875 0.8640625 0.05625 0.0515625
0 0.28515625 0.8578125 0.053125 0.053125
0 0.334375 0.8515625 0.0546875 0.0515625
0 0.38671875 0.84375 0.0546875 0.0546875
0 0.434375 0.83359375 0.05625 0.05625
0 0.484375 0.82578125 0.05625 0.0546875
0 0.53359375 0.8171875 0.05625 0.0578125
0 0.58515625 0.8078125 0.0546875 0.05625
0 0.63359375 0.79921875 0.0546875 0.0578125
0 0.68125 0.78984375 0.05625 0.05625
0 0.73046875 0.78203125 0.053125 0.053125
0 0.1078125 0.84453125 0.0578125 0.05625
0 0.15625 0.834375 0.053125 0.05625
0 0.20390625 0.8265625 0.0515625 0.0546875
0 0.2484375 0.81796875 0.0546875 0.05625
0 0.3546875 0.80546875 0.0546875 0.053125
0 0.4046875 0.7953125 0.0578125 0.05625
0 0.453125 0.7875 0.053125 0.053125
0 0.49921875 0.77890625 0.0515625 0.0546875
0 0.54921875 0.77109375 0.0546875 0.059375
0 0.59921875 0.76171875 0.0578125 0.0546875
0 0.64921875 0.7515625 0.053125 0.0546875
0 0.69609375 0.74375 0.0546875 0.0546875
0 0.7453125 0.73671875 0.0578125 0.05625
0 0.80703125 0.94140625 0.0546875 0.0546875
0 0.8578125 0.934375 0.0578125 0.0546875
0 0.90546875 0.9265625 0.0546875 0.0546875
0 0.95390625 0.915625 0.0546875 0.053125
0 0.98671875 0.90625 0.0265625 0.053125
0 0.82734375 0.89609375 0.0546875 0.0546875
0 0.875 0.8875 0.05625 0.0546875
0 0.9234375 0.8796875 0.053125 0.0515625
0 0.97265625 0.8703125 0.053125 0.053125
0 0.79453125 0.859375 0.05625 0.0546875
0 0.84375 0.85078125 0.059375 0.0609375
0 0.89296875 0.8390625 0.053125 0.053125
0 0.9390625 0.83359375 0.05625 0.05625
0 0.9796875 0.82421875 0.040625 0.0515625
0 0.81171875 0.8125 0.0546875 0.0578125
0 0.86015625 0.8015625 0.053125 0.053125
0 0.9078125 0.7921875 0.05625 0.0578125
0 0.95625 0.78671875 0.0546875 0.05625
0 0.98984375 0.77734375 0.0203125 0.0515625
0 0.7796875 0.77421875 0.05625 0.05625
0 0.8265625 0.76328125 0.05 0.0515625
0 0.8734375 0.7546875 0.0546875 0.053125
0 0.921875 0.74609375 0.05625 0.0546875
0 0.971875 0.740625 0.05625 0.05625
0 0.79375 0.72578125 0.05 0.0515625
0 0.84140625 0.71796875 0.05625 0.0546875
0 0.88984375 0.709375 0.0578125 0.05625
0 0.93984375 0.70234375 0.0546875 0.05625
0 0.98125 0.68984375 0.0375 0.0546875
0 0.0453125 0.81328125 0.0265625 0.05
0 0.078125 0.80703125 0.0515625 0.053125
0 0.125 0.79765625 0.0515625 0.053125
0 0.17265625 0.78984375 0.0546875 0.0578125
0 0.221875 0.78125 0.053125 0.053125
0 0.2703125 0.77265625 0.053125 0.053125
0 0.3234375 0.76484375 0.05625 0.053125
0 0.37265625 0.75625 0.053125 0.05625
0 0.4203125 0.74921875 0.053125 0.059375
0 0.46875 0.74140625 0.05625 0.0578125
0 0.51875 0.73046875 0.053125 0.0546875
0 0.56796875 0.72421875 0.0578125 0.0546875
0 0.04921875 0.7671875 0.046875 0.05625
0 0.09453125 0.76015625 0.0546875 0.0515625
0 0.14375 0.7515625 0.053125 0.053125
0 0.19140625 0.74296875 0.0515625 0.053125
0 0.2390625 0.7359375 0.0546875 0.053125
0 0.28671875 0.72734375 0.053125 0.053125
0 0.3375 0.7171875 0.0546875 0.0546875
0 0.38671875 0.7109375 0.05625 0.0515625
0 0.43828125 0.703125 0.05625 0.0578125
0 0.4859375 0.69296875 0.053125 0.053125
0 0.53671875 0.68359375 0.059375 0.05625
0 0.58828125 0.67421875 0.05625 0.05625
0 0.06171875 0.721875 0.05625 0.05625
0 0.1109375 0.71328125 0.053125 0.053125
0 0.159375 0.70546875 0.053125 0.053125
0 0.20859375 0.69765625 0.053125 0.0546875
0 0.25859375 0.6890625 0.0578125 0.05625
0 0.3078125 0.67890625 0.0546875 0.053125
0 0.3578125 0.671875 0.0546875 0.0578125
0 0.40625 0.66484375 0.0515625 0.053125
0 0.4546875 0.6546875 0.0546875 0.0546875
0 0.50234375 0.6484375 0.05625 0.05625
0 0.55234375 0.63671875 0.0578125 0.05625
0 0.03671875 0.68046875 0.040625 0.05
0 0.0796875 0.67421875 0.05625 0.053125
0 0.12890625 0.66796875 0.0546875 0.059375
0 0.1765625 0.659375 0.0515625 0.0546875
0 0.225 0.6515625 0.053125 0.0515625
0 0.275 0.6421875 0.05625 0.05625
0 0.3265625 0.63125 0.05625 0.0546875
0 0.371875 0.6234375 0.0546875 0.0578125
0 0.42109375 0.61640625 0.05625 0.05625
0 0.47265625 0.6078125 0.05625 0.05625
0 0.521875 0.6 0.05625 0.05625
0 0.57265625 0.59140625 0.0546875 0.05625
0 0.04921875 0.63671875 0.05625 0.0515625
0 0.0984375 0.62890625 0.05625 0.0546875
0 0.14921875 0.62109375 0.053125 0.0546875
0 0.1953125 0.61484375 0.0546875 0.05625
0 0.24140625 0.60390625 0.053125 0.0515625
0 0.2921875 0.596875 0.05625 0.0546875
0 0.34375 0.5875 0.0515625 0.0515625
0 0.390625 0.57734375 0.0515625 0.053125
0 0.440625 0.5703125 0.0515625 0.053125
0 0.48828125 0.56328125 0.0546875 0.053125
0 0.53828125 0.553125 0.053125 0.0515625
0 0.58515625 0.54375 0.053125 0.053125
0 0.025 0.5984375 0.0375 0.05
0 0.06640625 0.59296875 0.0546875 0.053125
0 0.11484375 0.584375 0.0546875 0.0546875
0 0.1640625 0.575 0.05625 0.0546875
0 0.2140625 0.56796875 0.05625 0.0546875
0 0.26171875 0.559375 0.0515625 0.0515625
0 0.3109375 0.55 0.0546875 0.053125
0 0.3578125 0.54140625 0.05625 0.0546875
0 0.40859375 0.534375 0.0578125 0.05625
0 0.45625 0.52421875 0.0515625 0.05
0 0.50625 0.51640625 0.053125 0.053125
0 0.55546875 0.50703125 0.0578125 0.0515625
0 0.03515625 0.55625 0.0546875 0.0546875
0 0.084375 0.54609375 0.053125 0.0515625
0 0.13359375 0.5390625 0.053125 0.0515625
0 0.18046875 0.52890625 0.0546875 0.053125
0 0.23125 0.5203125 0.0515625 0.0515625
0 0.28046875 0.51171875 0.053125 0.053125
0 0.32890625 0.5046875 0.053125 0.053125
0 0.3765625 0.4953125 0.053125 0.053125
0 0.4234375 0.4875 0.0546875 0.0546875
0 0.4734375 0.4796875 0.053125 0.0515625
0 0.5203125 0.47109375 0.0546875 0.053125
0 0.57109375 0.46171875 0.053125 0.053125
0 0.6171875 0.71640625 0.0515625 0.0546875
0 0.665625 0.70859375 0.0546875 0.05625
0 0.715625 0.69765625 0.0546875 0.053125
0 0.7625 0.68828125 0.05 0.05
0 0.80859375 0.68125 0.053125 0.053125
0 0.8578125 0.671875 0.053125 0.0546875
0 0.90703125 0.66328125 0.05625 0.05625
0 0.9578125 0.6515625 0.0546875 0.05625
0 0.98984375 0.64140625 0.0203125 0.0515625
0 0.6375 0.66796875 0.05 0.053125
0 0.68359375 0.6609375 0.053125 0.0515625
0 0.73125 0.65234375 0.053125 0.0515625
0 0.77890625 0.64296875 0.0546875 0.0546875
0 0.82734375 0.6328125 0.053125 0.0515625
0 0.87734375 0.62265625 0.05625 0.0546875
0 0.9265625 0.6109375 0.0546875 0.053125
0 0.9734375 0.60625 0.053125 0.05625
0 0.60234375 0.62890625 0.05625 0.05625
0 0.6515625 0.62421875 0.053125 0.053125
0 0.69921875 0.6140625 0.0515625 0.053125
0 0.7484375 0.60546875 0.05625 0.05625
0 0.79609375 0.5953125 0.0515625 0.053125
0 0.84296875 0.58671875 0.053125 0.0515625
0 0.890625 0.5765625 0.053125 0.0546875
0 0.94140625 0.56796875 0.0578125 0.0546875
0 0.98203125 0.55859375 0.0359375 0.0546875
0 0.61875 0.58125 0.053125 0.053125
0 0.66484375 0.57265625 0.053125 0.053125
0 0.7140625 0.56953125 0.05625 0.05625
0 0.7625 0.55859375 0.0515625 0.0515625
0 0.8078125 0.546875 0.05625 0.0546875
0 0.85703125 0.540625 0.05625 0.05625
0 0.90703125 0.52890625 0.0578125 0.0546875
0 0.95859375 0.51875 0.0546875 0.05625
0 0.9890625 0.51484375 0.021875 0.0546875
0 0.63359375 0.5359375 0.0578125 0.053125
0 0.684375 0.52734375 0.05 0.0515625
0 0.73125 0.521875 0.05625 0.0578125
0 0.7796875 0.5125 0.05625 0.0546875
0 0.828125 0.5046875 0.05 0.0546875
0 0.87421875 0.49140625 0.053125 0.053125
0 0.9234375 0.48359375 0.0578125 0.05625
0 0.97265625 0.47421875 0.0546875 0.0546875
0 0.6046875 0.5 0.05625 0.0546875
0 0.65078125 0.48984375 0.053125 0.05625
0 0.69921875 0.48046875 0.0546875 0.05625
0 0.74765625 0.46875 0.0578125 0.05625
0 0.79609375 0.46328125 0.053125 0.0578125
0 0.84375 0.45546875 0.053125 0.053125
0 0.89140625 0.44609375 0.0546875 0.053125
0 0.94140625 0.43828125 0.05625 0.0546875
0 0.98046875 0.4296875 0.0359375 0.0546875
0 0.62109375 0.4515625 0.0578125 0.053125
0 0.66796875 0.44296875 0.0546875 0.053125
0 0.7171875 0.43515625 0.053125 0.0515625
0 0.7640625 0.42265625 0.05 0.0515625
0 0.81328125 0.415625 0.05625 0.053125
0 0.86171875 0.409375 0.0515625 0.0546875
0 0.9078125 0.4 0.0546875 0.0546875
0 0.95859375 0.3921875 0.05625 0.05625
0 0.01796875 0.51328125 0.0359375 0.0515625
0 0.05546875 0.50625 0.0546875 0.0546875
0 0.025 0.46796875 0.05 0.0546875
0 0.00859375 0.428125 0.0171875 0.053125
0 0.040625 0.42421875 0.0578125 0.0578125
0 0.01796875 0.384375 0.0359375 0.05625
0 0.02578125 0.33984375 0.0515625 0.0515625
0 0.01015625 0.3 0.0203125 0.05
0 0.01953125 0.2546875 0.0390625 0.05625
0 0.1046875 0.5 0.0546875 0.0578125
0 0.1515625 0.490625 0.0484375 0.0515625
0 0.19921875 0.48515625 0.0515625 0.053125
0 0.2484375 0.47578125 0.053125 0.0546875
0 0.2984375 0.46796875 0.053125 0.0515625
0 0.346875 0.4578125 0.053125 0.053125
0 0.3953125 0.44921875 0.0515625 0.0515625
0 0.44296875 0.4390625 0.05625 0.0546875
0 0.49296875 0.43203125 0.05625 0.053125
0 0.54296875 0.42265625 0.0546875 0.0546875
0 0.58984375 0.41328125 0.0546875 0.0515625
0 0.63984375 0.4046875 0.0546875 0.0515625
0 0.68515625 0.39765625 0.05 0.053125
0 0.73359375 0.3875 0.053125 0.053125
0 0.071875 0.46328125 0.0515625 0.053125
0 0.11640625 0.45390625 0.053125 0.053125
0 0.1671875 0.44296875 0.0546875 0.0515625
0 0.215625 0.4359375 0.0515625 0.053125
0 0.2640625 0.42734375 0.0578125 0.0546875
0 0.3140625 0.41796875 0.05625 0.05
0 0.36484375 0.409375 0.05625 0.05625
0 0.41484375 0.40234375 0.0546875 0.053125
0 0.4625 0.39296875 0.053125 0.053125
0 0.51015625 0.3859375 0.053125 0.0515625
0 0.5578125 0.378125 0.05625 0.0578125
0 0.60546875 0.36796875 0.0546875 0.053125
0 0.6546875 0.35859375 0.05625 0.053125
0 0.703125 0.35078125 0.0515625 0.053125
0 0.0875 0.4125 0.053125 0.05
0 0.13359375 0.40546875 0.053125 0.0578125
0 0.18203125 0.39765625 0.0546875 0.0515625
0 0.23359375 0.38984375 0.053125 0.05
0 0.2859375 0.3796875 0.08125 0.0703125
0 0.33203125 0.37421875 0.053125 0.0546875
0 0.38125 0.3640625 0.0515625 0.0515625
0 0.42890625 0.35703125 0.053125 0.053125
0 0.47734375 0.346875 0.0546875 0.0515625
0 0.52734375 0.3390625 0.0546875 0.0546875
0 0.57421875 0.33046875 0.05 0.0515625
0 0.621875 0.3203125 0.0828125 0.08125
0 0.66875 0.31015625 0.053125 0.0515625
0 0.0578125 0.3765625 0.053125 0.0515625
0 0.10625 0.36875 0.053125 0.0515625
0 0.1546875 0.36015625 0.0515625 0.05
0 0.203125 0.3515625 0.0546875 0.053125
0 0.253125 0.3453125 0.0515625 0.0546875
0 0.30078125 0.33671875 0.0515625 0.05
0 0.3515625 0.32734375 0.053125 0.0515625
0 0.39921875 0.31796875 0.053125 0.053125
0 0.44765625 0.31015625 0.053125 0.0515625
0 0.49609375 0.30078125 0.05625 0.0546875
0 0.54296875 0.29296875 0.053125 0.053125
0 0.5921875 0.28359375 0.053125 0.0515625
0 0.63984375 0.271875 0.053125 0.053125
0 0.68828125 0.2640625 0.0515625 0.053125
0 0.07578125 0.33125 0.053125 0.053125
0 0.12265625 0.321875 0.05625 0.0578125
0 0.1703125 0.31328125 0.0546875 0.0546875
0 0.2203125 0.3078125 0.0546875 0.0546875
0 0.2703125 0.2984375 0.05625 0.0515625
0 0.3203125 0.290625 0.05625 0.053125
0 0.36953125 0.28046875 0.0515625 0.053125
0 0.41640625 0.27109375 0.053125 0.0515625
0 0.4640625 0.26328125 0.05625 0.059375
0 0.51328125 0.2578125 0.053125 0.0515625
0 0.56171875 0.24609375 0.053125 0.0515625
0 0.60625 0.23125 0.075 0.0765625
0 0.65703125 0.2265625 0.0515625 0.053125
0 0.7046875 0.21796875 0.053125 0.0515625
0 0.04296875 0.29296875 0.053125 0.053125
0 0.09140625 0.28515625 0.0546875 0.0515625
0 0.1390625 0.27578125 0.0546875 0.059375
0 0.1875 0.26875 0.05625 0.053125
0 0.23671875 0.2625 0.053125 0.0546875
0 0.2859375 0.2515625 0.0515625 0.05
0 0.33515625 0.24140625 0.0546875 0.0515625
0 0.38359375 0.234375 0.0546875 0.0546875
0 0.43125 0.22421875 0.053125 0.0515625
0 0.4796875 0.21796875 0.053125 0.0515625
0 0.52734375 0.20546875 0.08125 0.0765625
0 0.57265625 0.1984375 0.053125 0.053125
0 0.625 0.18828125 0.0546875 0.0515625
0 0.67421875 0.17890625 0.05625 0.053125
0 0.059375 0.24765625 0.053125 0.053125
0 0.10703125 0.23828125 0.0515625 0.0515625
0 0.15625 0.23203125 0.0515625 0.0515625
0 0.203125 0.2234375 0.0515625 0.053125
0 0.3 0.20390625 0.053125 0.0515625
0 0.34921875 0.196875 0.053125 0.053125
0 0.39921875 0.1890625 0.05625 0.0546875
0 0.4484375 0.18203125 0.053125 0.053125
0 0.49609375 0.171875 0.0546875 0.053125
0 0.54609375 0.1609375 0.0515625 0.0515625
0 0.5921875 0.153125 0.053125 0.0546875
0 0.64140625 0.14375 0.053125 0.0546875
0 0.68828125 0.13515625 0.0515625 0.053125
0 0.78203125 0.378125 0.053125 0.0546875
0 0.83203125 0.37109375 0.053125 0.053125
0 0.8796875 0.3609375 0.0515625 0.053125
0 0.928125 0.35078125 0.0515625 0.0546875
0 0.96328125 0.34140625 0.0515625 0.0796875
0 0.75078125 0.3390625 0.053125 0.0515625
0 0.7984375 0.33125 0.053125 0.053125
0 0.846875 0.3234375 0.0546875 0.0515625
0 0.89453125 0.31640625 0.0546875 0.053125
0 0.94375 0.3046875 0.0546875 0.053125
0 0.76640625 0.296875 0.053125 0.053125
0 0.815625 0.2875 0.0515625 0.053125
0 0.86328125 0.27890625 0.053125 0.0515625
0 0.95390625 0.25703125 0.0453125 0.05625
0 0.73671875 0.25546875 0.0515625 0.053125
0 0.78359375 0.2484375 0.0515625 0.0515625
0 0.83203125 0.24140625 0.0546875 0.0578125
0 0.87890625 0.2296875 0.053125 0.05
0 0.9265625 0.21875 0.0515625 0.0515625
0 0.75078125 0.21015625 0.05625 0.053125
0 0.79921875 0.20078125 0.0515625 0.053125
0 0.8453125 0.19453125 0.053125 0.0515625
0 0.89453125 0.18046875 0.0515625 0.053125
0 0.9328125 0.16875 0.0671875 0.0734375
0 0.72109375 0.17109375 0.053125 0.05
0 0.76875 0.16484375 0.0578125 0.05625
0 0.81640625 0.1546875 0.05 0.0515625
0 0.86328125 0.14765625 0.053125 0.053125
0 0.9125 0.1359375 0.0546875 0.0578125
0 0.9484375 0.12890625 0.025 0.0484375
0 0.734375 0.12890625 0.053125 0.053125
0 0.78125 0.11640625 0.053125 0.053125
0 0.8296875 0.1046875 0.0546875 0.05625
0 0.8796875 0.0984375 0.053125 0.0515625
0 0.928125 0.08671875 0.053125 0.0515625
0 0.02734375 0.2109375 0.053125 0.0546875
0 0.075 0.20078125 0.05625 0.0546875
0 0.0109375 0.171875 0.021875 0.053125
0 0.04375 0.1625 0.053125 0.0515625
0 0.021875 0.12578125 0.04375 0.0546875
0 0.0625 0.11875 0.0546875 0.05625
0 0.00546875 0.0890625 0.0109375 0.05625
0 0.03125 0.078125 0.053125 0.053125
0 0.1265625 0.19453125 0.0546875 0.053125
0 0.17421875 0.18359375 0.0546875 0.0515625
0 0.22265625 0.17734375 0.0515625 0.053125
0 0.2703125 0.16953125 0.0515625 0.0546875
0 0.31796875 0.16015625 0.0546875 0.0515625
0 0.36640625 0.1515625 0.0546875 0.0515625
0 0.4171875 0.14375 0.053125 0.053125
0 0.4640625 0.13359375 0.0515625 0.053125
0 0.5109375 0.12421875 0.053125 0.0515625
0 0.56015625 0.11484375 0.05625 0.0546875
0 0.61015625 0.10546875 0.053125 0.0546875
0 0.65859375 0.09609375 0.0546875 0.053125
0 0.70546875 0.09140625 0.0546875 0.0515625
0 0.0953125 0.15703125 0.053125 0.053125
0 0.14375 0.14765625 0.0546875 0.053125
0 0.19453125 0.1390625 0.0515625 0.0515625
0 0.24140625 0.1296875 0.0515625 0.053125
0 0.2875 0.121875 0.0546875 0.0515625
0 0.3359375 0.1140625 0.0546875 0.0546875
0 0.3859375 0.1046875 0.053125 0.053125
0 0.43515625 0.096875 0.053125 0.0515625
0 0.48203125 0.08515625 0.0515625 0.0546875
0 0.52890625 0.07734375 0.05625 0.053125
0 0.57890625 0.0671875 0.053125 0.053125
0 0.62578125 0.05859375 0.05 0.0515625
0 0.67265625 0.05078125 0.053125 0.0515625
0 0.721875 0.04453125 0.053125 0.053125
0 0.1125 0.11171875 0.053125 0.0515625
0 0.159375 0.103125 0.053125 0.0515625
0 0.20859375 0.09453125 0.0546875 0.05625
0 0.2578125 0.08515625 0.05625 0.0546875
0 0.3078125 0.0765625 0.053125 0.053125
0 0.35390625 0.065625 0.0515625 0.0515625
0 0.40234375 0.05859375 0.053125 0.0515625
0 0.45078125 0.046875 0.0515625 0.053125
0 0.4984375 0.03984375 0.05 0.0484375
0 0.546875 0.0296875 0.053125 0.053125
0 0.5953125 0.02421875 0.05625 0.0484375
0 0.6421875 0.01875 0.053125 0.0375
0 0.690625 0.015625 0.053125 0.03125
0 0.0796875 0.07421875 0.053125 0.053125
0 0.1296875 0.0671875 0.0578125 0.0546875
0 0.1796875 0.0609375 0.05 0.05
0 0.225 0.0515625 0.053125 0.0484375
0 0.2734375 0.04296875 0.053125 0.04375
0 0.3234375 0.0359375 0.053125 0.0421875
0 0.371875 0.028125 0.05 0.0375
0 0.41953125 0.02109375 0.0515625 0.0359375
0 0.4671875 0.0140625 0.05 0.028125
0 0.515625 0.009375 0.05 0.01875
0 0.565625 0.00625 0.046875 0.0125
0 0.75234375 0.07578125 0.0515625 0.053125
0 0.8 0.0671875 0.053125 0.0515625
0 0.84921875 0.06015625 0.053125 0.0515625
0 0.896875 0.0515625 0.0546875 0.053125
0 0.7703125 0.0328125 0.053125 0.0546875
0 0.8171875 0.02421875 0.0515625 0.0484375
0 0.86640625 0.0203125 0.0546875 0.040625
0 0.9140625 0.01484375 0.053125 0.0296875
0 0.7375 0.01171875 0.053125 0.0234375
0 0.7859375 0.00546875 0.053125 0.0109375