0 0.66328125 0.1296875 0.0640625 0.0625
0 0.9546875 0.34765625 0.065625 0.0640625
0 0.36640625 0.359375 0.0640625 0.065625
0 0.89453125 0.36015625 0.0640625 0.0640625
0 0.246875 0.12109375 0.0625 0.0640625
0 0.39609375 0.30078125 0.0640625 0.0671875
0 0.70625 0.1875 0.0625 0.065625
0 0.21484375 0.18203125 0.0640625 0.0671875
0 0.11484375 0.13515625 0.0640625 0.0671875
0 0.91875 0.2921875 0.065625 0.06875
0 0.30078125 0.24609375 0.0671875 0.0671875
0 0.2125 0.06484375 0.065625 0.0671875
0 0.69296875 0.065625 0.0640625 0.06875
0 0.3015625 0.365625 0.065625 0.065625
0 0.6578125 0.38828125 0.065625 0.0703125
0 0.85234375 0.30625 0.0671875 0.071875
0 0.18046875 0.1265625 0.0671875 0.065625
0 0.77109375 0.18671875 0.0640625 0.0671875
0 0.94609375 0.22578125 0.0609375 0.0640625
0 0.36484375 0.2453125 0.0640625 0.06875
0 0.18203125 0.0203125 0.0640625 0.040625
0 0.27890625 0.1796875 0.0640625 0.065625
0 0.3296875 0.30546875 0.065625 0.0671875
0 0.2671875 0.3046875 0.0625 0.065625
0 0.5765625 0.32421875 0.065625 0.0703125
0 0.47890625 0.184375 0.0671875 0.065625
0 0.278125 0.06328125 0.065625 0.0671875
0 0.82734375 0.3703125 0.0640625 0.065625
0 0.14453125 0.0703125 0.0671875 0.06875
0 0.23984375 0.2421875 0.0609375 0.065625
0 0.23671875 0.3671875 0.0640625 0.065625
0 0.91171875 0.4671875 0.0671875 0.06875
0 0.24765625 0.01953125 0.0640625 0.0390625
0 0.74921875 0.25234375 0.0671875 0.0640625
0 0.3109375 0.11953125 0.065625 0.0640625
0 0.59375 0.3921875 0.0625 0.065625
0 0.8609375 0.63515625 0.065625 0.0671875
0 0.275 0.42578125 0.0625 0.0609375
0 0.4296875 0.35625 0.065625 0.06875
0 0.3390625 0.55078125 0.0625 0.0640625
0 0.75078125 0.88671875 0.0609375 0.0640625
0 0.88125 0.2265625 0.065625 0.06875
0 0.3984375 0.41484375 0.065625 0.0671875
0 0.64296875 0.325 0.0671875 0.065625
0 0.68984375 0.26953125 0.0640625 0.0671875
0 0.73046875 0.128125 0.0671875 0.065625
0 0.9546875 0.4078125 0.065625 0.065625
0 0.309375 0.490625 0.065625 0.065625
0 0.6265625 0.07890625 0.065625 0.0671875
0 0.97734375 0.2875 0.0453125 0.06875
0 0.32890625 0.66171875 0.0640625 0.0609375
0 0.81640625 0.23671875 0.0671875 0.0703125
0 0.56171875 0.25859375 0.0671875 0.0671875
0 0.8484375 0.04921875 0.0625 0.0609375
0 0.53203125 0.39375 0.0609375 0.065625
0 0.9125 0.0421875 0.0625 0.065625
0 0.49765625 0.246875 0.0640625 0.065625
0 0.796875 0.659375 0.065625 0.071875
0 0.875 0.1125 0.065625 0.065625
0 0.72109375 0.4078125 0.0671875 0.065625
0 0.5140625 0.33359375 0.0625 0.0640625
0 0.26953125 0.5453125 0.0671875 0.0625
0 0.2984375 0.60390625 0.0625 0.0609375
0 0.3390625 0.42265625 0.059375 0.0640625
0 0.75859375 0.36796875 0.0640625 0.0671875
0 0.56328125 0.078125 0.0640625 0.065625
0 0.7078125 0.33046875 0.0625 0.0640625
0 0.78203125 0.30859375 0.0671875 0.0640625
0 0.9078125 0.1703125 0.0625 0.0625
0 0.23828125 0.4859375 0.0640625 0.0625
0 0.6296875 0.26171875 0.065625 0.0640625
0 0.11640625 0.02265625 0.0640625 0.0453125
0 0.459375 0.2984375 0.065625 0.065625
0 0.9734375 0.48125 0.053125 0.06875
0 0.17265625 0.375 0.0609375 0.059375
0 0.20625 0.31171875 0.0625 0.0640625
0 0.896875 0.9546875 0.06875 0.06875
0 0.15078125 0.190625 0.0671875 0.065625
0 0.54921875 0.1921875 0.0703125 0.065625
0 0.61640625 0.94140625 0.0671875 0.0734375
0 0.659375 0.46875 0.065625 0.065625
0 0.43046875 0.24296875 0.0671875 0.0671875
0 0.3625 0.61171875 0.0625 0.0609375
0 0.70859375 0.74921875 0.0703125 0.0671875
0 0.20234375 0.4359375 0.0640625 0.0625
0 0.65859375 0.98359375 0.0671875 0.0328125
0 0.64453125 0.19765625 0.0671875 0.0671875
0 0.803125 0.5140625 0.065625 0.065625
0 0.40625 0.66328125 0.06875 0.0609375
0 0.04921875 0.1421875 0.0671875 0.065625
0 0.78515625 0.9484375 0.0703125 0.06875
0 0.528125 0.13046875 0.065625 0.0640625
0 0.38828125 0.01875 0.0671875 0.0375
0 0.6875 0.92109375 0.065625 0.0671875
0 0.0828125 0.08046875 0.059375 0.0640625
0 0.8375 0.978125 0.06875 0.04375
0 0.7453125 0.69296875 0.065625 0.0640625
0 0.8109375 0.10078125 0.0625 0.0609375
0 0.71796875 0.83515625 0.0671875 0.0671875
0 0.9703125 0.17109375 0.059375 0.0640625
0 0.846875 0.57265625 0.065625 0.0640625
0 0.909375 0.58515625 0.06875 0.0640625
0 0.42421875 0.06015625 0.0640625 0.0640625
0 0.721875 0.49765625 0.065625 0.0640625
0 0.63984375 0.54453125 0.0671875 0.0671875
0 0.48828125 0.95234375 0.0609375 0.0640625
0 0.55078125 0.946875 0.0671875 0.06875
0 0.9734375 0.8671875 0.053125 0.065625
0 0.9640625 0.9328125 0.071875 0.06875
0 0.5828125 0.88046875 0.0625 0.0609375
0 0.75625 0.06171875 0.0625 0.0671875
0 0.965625 0.61875 0.06875 0.065625
0 0.51953125 0.878125 0.0640625 0.065625
0 0.7015625 0.56796875 0.065625 0.0671875
0 0.840625 0.46171875 0.065625 0.0640625
0 0.1734375 0.25625 0.06875 0.065625
0 0.14140625 0.32109375 0.0640625 0.0671875
0 0.1078125 0.26875 0.0625 0.065625
0 0.65234375 0.865625 0.0671875 0.065625
0 0.78125 0.803125 0.065625 0.065625
0 0.0234375 0.08828125 0.046875 0.0671875
0 0.6609375 0.80234375 0.0625 0.0640625
0 0.46796875 0.4078125 0.0671875 0.065625
0 0.41640625 0.17421875 0.0640625 0.0671875
0 0.08046875 0.2046875 0.0671875 0.06875
0 0.425 0.83828125 0.065625 0.0640625
0 0.346875 0.0640625 0.071875 0.065625
0 0.915625 0.7453125 0.0625 0.0625
0 0.59609375 0.8234375 0.0640625 0.06875
1 0.596875 0.1359375 0.0625 0.059375
0 0.58046875 0.61328125 0.0640625 0.0671875
0 0.36484375 0.7265625 0.0671875 0.06875
0 0.40859375 0.565625 0.0671875 0.06875
0 0.44609375 0.61796875 0.0703125 0.0703125
0 0.51328125 0.6328125 0.0703125 0.071875
0 0.56796875 0.559375 0.0703125 0.06875
0 0.38984375 0.78671875 0.0703125 0.0640625
0 0.46484375 0.7953125 0.0734375 0.065625
0 0.53125 0.81171875 0.071875 0.0765625
1 0.3203125 0.01484375 0.06875 0.0296875
1 0.45703125 0.0140625 0.0609375 0.028125
1 0.528125 0.0171875 0.065625 0.034375
1 0.59296875 0.02109375 0.0546875 0.0421875
1 0.65390625 0.01875 0.0546875 0.0375
1 0.7171875 0.01875 0.0625 0.0375
1 0.78125 0.01484375 0.0625 0.0296875
1 0.50390625 0.06171875 0.0671875 0.0734375
1 0.46171875 0.1203125 0.0734375 0.0625
1 0.39453125 0.1203125 0.0640625 0.059375
1 0.35390625 0.175 0.0640625 0.06875
1 0.3921875 0.48828125 0.084375 0.0734375
1 0.4875 0.5578125 0.078125 0.071875
0 0.47734375 0.4546875 0.0703125 0.04375
1 0.47734375 0.67421875 0.0609375 0.0546875
1 0.4390625 0.728125 0.065625 0.065625
1 0.515625 0.73359375 0.0625 0.0734375
1 0.54453125 0.68671875 0.0609375 0.0578125
1 0.58828125 0.74375 0.0609375 0.075
1 0.65 0.73046875 0.059375 0.0546875
0 0.61171875 0.67890625 0.0640625 0.0671875
1 0.65703125 0.615625 0.0515625 0.0625
1 0.7265625 0.62890625 0.06875 0.0578125
1 0.78515625 0.5875 0.0640625 0.071875
1 0.68203125 0.6796875 0.0578125 0.06875
1 0.859375 0.70234375 0.05625 0.0703125
1 0.8578125 0.7640625 0.059375 0.0625
1 0.8671875 0.8265625 0.065625 0.0625
0 0.453125 0.90078125 0.065625 0.0640625
1 0.78515625 0.4296875 0.0640625 0.053125
1 0.80703125 0.86640625 0.0640625 0.0578125
1 0.7265625 0.971875 0.05625 0.05625
1 0.97265625 0.04765625 0.0546875 0.0703125
1 0.95078125 0.103125 0.0671875 0.06875
1 0.84296875 0.1671875 0.0671875 0.0625
1 0.9578125 0.546875 0.0625 0.071875
1 0.91875 0.671875 0.059375 0.059375
1 0.97421875 0.67734375 0.0515625 0.0703125
1 0.97578125 0.74296875 0.0484375 0.0640625
1 0.940625 0.8109375 0.08125 0.0625
1 0.91796875 0.86953125 0.0609375 0.0609375
1 0.86171875 0.89921875 0.0609375 0.0796875
0 0.0453125 0.0328125 0.075 0.065625