0 0.7703125 0.025 0.053125 0.05
0 0.75546875 0.071875 0.0515625 0.05
0 0.746875 0.1125 0.05625 0.053125
0 0.73203125 0.15703125 0.053125 0.0515625
0 0.7171875 0.20078125 0.0546875 0.053125
0 0.70390625 0.2453125 0.0484375 0.0484375
0 0.69453125 0.2875 0.0453125 0.0453125
0 0.67578125 0.3328125 0.05 0.0515625
0 0.66171875 0.3765625 0.05 0.0484375
0 0.653125 0.41796875 0.05 0.05
0 0.62421875 0.50703125 0.05 0.0484375
0 0.6171875 0.54609375 0.05 0.0515625
0 0.603125 0.5890625 0.053125 0.053125
0 0.5890625 0.6359375 0.0515625 0.05
0 0.57421875 0.68359375 0.046875 0.0484375
0 0.55703125 0.72890625 0.0515625 0.046875
0 0.54921875 0.765625 0.05 0.0515625
0 0.5359375 0.81015625 0.0515625 0.0515625
0 0.52109375 0.8546875 0.053125 0.0515625
0 0.5046875 0.9078125 0.0421875 0.0421875
0 0.49296875 0.94609375 0.053125 0.0484375
0 0.4796875 0.98125 0.05 0.0375
2 0.6359375 0.46328125 0.0578125 0.0484375
1 0.19609375 0.109375 0.0671875 0.05625
0 0.0203125 0.23828125 0.040625 0.0484375
0 0.028125 0.28125 0.0484375 0.0484375
0 0.0703125 0.26015625 0.0515625 0.0515625
0 0.565625 0.0078125 0.046875 0.015625
0 0.61328125 0.00390625 0.0484375 0.0078125
0 0.55546875 0.0359375 0.05 0.05
0 0.5984375 0.02890625 0.0484375 0.05
0 0.6421875 0.01875 0.046875 0.0375
0 0.69296875 0.01328125 0.0515625 0.0265625
0 0.5421875 0.07734375 0.05 0.05
0 0.58671875 0.06796875 0.0484375 0.0484375
0 0.6328125 0.05625 0.053125 0.053125
0 0.6765625 0.0484375 0.046875 0.0484375
0 0.709375 0.078125 0.0515625 0.0515625
0 0.66484375 0.0890625 0.05 0.05
0 0.6203125 0.1015625 0.05 0.05
0 0.575 0.11171875 0.05 0.053125
0 0.6515625 0.13125 0.0484375 0.0484375
0 0.69609375 0.125 0.0484375 0.0484375
0 0.5296875 0.12109375 0.0484375 0.0484375
0 0.56328125 0.1546875 0.0484375 0.0484375
0 0.5953125 0.1859375 0.05 0.05
0 0.6078125 0.14375 0.046875 0.0484375
0 0.640625 0.17578125 0.0515625 0.05
0 0.68359375 0.1703125 0.0484375 0.05
0 0.48671875 0.13203125 0.05 0.046875
0 0.515625 0.16796875 0.05 0.0453125
0 0.546875 0.196875 0.0484375 0.05
0 0.578125 0.23046875 0.05 0.05
0 0.62265625 0.22109375 0.0484375 0.05
0 0.6671875 0.21328125 0.053125 0.05
0 0.4671875 0.17578125 0.0484375 0.0484375
0 0.45703125 0.215625 0.05 0.05
0 0.50390625 0.20546875 0.05 0.05
0 0.53359375 0.23984375 0.05 0.05
0 0.4890625 0.24921875 0.05 0.05
0 0.56484375 0.2734375 0.05 0.05
0 0.61171875 0.26171875 0.046875 0.05
0 0.65625 0.25625 0.053125 0.053125
0 0.47578125 0.29140625 0.05 0.05
0 0.52265625 0.28125 0.05 0.05
0 0.46328125 0.3359375 0.0484375 0.05
0 0.509375 0.325 0.05 0.0484375
0 0.5546875 0.31640625 0.0484375 0.0484375
0 0.59765625 0.30625 0.0484375 0.0484375
0 0.6421875 0.29765625 0.0484375 0.0484375
0 0.5390625 0.3625 0.05 0.05
0 0.58984375 0.3484375 0.053125 0.05
0 0.63359375 0.33984375 0.0484375 0.05
0 0.57265625 0.38984375 0.053125 0.0515625
0 0.61953125 0.3859375 0.046875 0.046875
0 0.421875 0.346875 0.05 0.05
0 0.4515625 0.38203125 0.0484375 0.0484375
0 0.49453125 0.36875 0.0484375 0.05
0 0.52890625 0.40546875 0.053125 0.0515625
0 0.56328125 0.4328125 0.05 0.05
0 0.4859375 0.41015625 0.0453125 0.0484375
0 0.4390625 0.42265625 0.0484375 0.05
0 0.5140625 0.44765625 0.05 0.0515625
0 0.46953125 0.45625 0.046875 0.05
0 0.54609375 0.478125 0.0515625 0.0515625
0 0.590625 0.46953125 0.05 0.05
0 0.39140625 0.43515625 0.0484375 0.05
0 0.42421875 0.465625 0.0515625 0.05
0 0.4578125 0.49921875 0.05 0.05
0 0.50234375 0.490625 0.05 0.0515625
0 0.346875 0.4453125 0.05 0.0484375
0 0.38046875 0.47890625 0.05 0.0515625
0 0.33671875 0.48984375 0.05 0.05
0 0.36796875 0.5234375 0.05 0.0515625
0 0.41171875 0.51171875 0.053125 0.0515625
0 0.44296875 0.5484375 0.0484375 0.05
0 0.39921875 0.55546875 0.0515625 0.05
0 0.4890625 0.53203125 0.0484375 0.0484375
0 0.5328125 0.5265625 0.0515625 0.0515625
0 0.58046875 0.5125 0.05 0.05
0 0.5671875 0.5578125 0.0515625 0.0515625
0 0.52265625 0.56484375 0.0515625 0.053125
0 0.47734375 0.57734375 0.05 0.0515625
0 0.321875 0.53515625 0.05 0.046875
0 0.3515625 0.56640625 0.05 0.05
0 0.38828125 0.6046875 0.05 0.05
0 0.4296875 0.590625 0.0484375 0.046875
0 0.4625 0.621875 0.05 0.0515625
0 0.50625 0.6109375 0.0515625 0.0515625
0 0.54921875 0.60390625 0.0484375 0.0484375
0 0.30703125 0.58359375 0.05 0.05
0 0.340625 0.615625 0.0515625 0.0515625
0 0.371875 0.64765625 0.05 0.0484375
0 0.41640625 0.63671875 0.05 0.05
0 0.29453125 0.62734375 0.05 0.0515625
0 0.5375 0.64375 0.0484375 0.0484375
0 0.28359375 0.66796875 0.0484375 0.05
0 0.3265625 0.66015625 0.0484375 0.05
0 0.36015625 0.68984375 0.0484375 0.0484375
0 0.40390625 0.6796875 0.0484375 0.05
0 0.446875 0.66875 0.0484375 0.05
0 0.49375 0.65546875 0.0515625 0.0515625
0 0.484375 0.696875 0.0515625 0.0515625
0 0.53046875 0.68515625 0.05 0.0515625
0 0.3015625 0.74765625 0.05 0.0484375
0 0.26953125 0.7109375 0.0484375 0.0484375
0 0.3171875 0.7015625 0.046875 0.05
0 0.3484375 0.7328125 0.05 0.05
0 0.39296875 0.72265625 0.05 0.04375
0 0.4390625 0.7109375 0.0484375 0.05
0 0.2109375 0.76640625 0.0515625 0.05
0 0.2578125 0.7546875 0.0484375 0.0484375
0 0.196875 0.81015625 0.05 0.0484375
0 0.24296875 0.7984375 0.05 0.0484375
0 0.2875 0.7890625 0.046875 0.0484375
0 0.33671875 0.778125 0.0515625 0.05
0 0.37890625 0.76875 0.0484375 0.0484375
0 0.42265625 0.7578125 0.05 0.0484375
0 0.46953125 0.74296875 0.05 0.0484375
0 0.5125 0.734375 0.0484375 0.0484375
0 0.1421875 0.86328125 0.0484375 0.0484375
0 0.1875 0.85234375 0.0484375 0.05
0 0.23125 0.8421875 0.0484375 0.0515625
0 0.27734375 0.83359375 0.0484375 0.053125
0 0.31796875 0.8234375 0.046875 0.0453125
0 0.36796875 0.8109375 0.0484375 0.0484375
0 0.41171875 0.8 0.046875 0.05
0 0.44375 0.83515625 0.046875 0.0484375
0 0.46015625 0.78671875 0.0484375 0.0484375
0 0.503125 0.778125 0.046875 0.0484375
0 0.48828125 0.821875 0.0484375 0.0484375
0 0.08515625 0.92109375 0.0421875 0.04375
0 0.12578125 0.90703125 0.0484375 0.0484375
0 0.17578125 0.89609375 0.0484375 0.0484375
0 0.21875 0.88515625 0.05 0.0515625
0 0.26171875 0.875 0.0515625 0.0484375
0 0.3078125 0.86640625 0.0484375 0.046875
0 0.35078125 0.85546875 0.0484375 0.05
0 0.4 0.84375 0.053125 0.053125
0 0.08203125 0.96171875 0.025 0.046875
0 0.115625 0.95234375 0.05 0.0484375
0 0.159375 0.9390625 0.05 0.05
0 0.20546875 0.93203125 0.05 0.05
0 0.25078125 0.91953125 0.05 0.0515625
0 0.29609375 0.909375 0.05 0.0484375
0 0.34296875 0.89765625 0.05 0.05
0 0.38828125 0.88828125 0.0484375 0.0484375
0 0.43046875 0.88125 0.0453125 0.0484375
0 0.4765625 0.865625 0.0484375 0.05
0 0.10078125 0.98515625 0.0484375 0.0296875
0 0.14609375 0.97890625 0.0484375 0.0421875
0 0.19140625 0.97421875 0.0484375 0.0484375
0 0.2375 0.9625 0.05 0.05
0 0.28125 0.95234375 0.053125 0.0546875
0 0.32578125 0.9421875 0.05 0.05
0 0.37265625 0.93515625 0.0484375 0.0484375
0 0.41875 0.92109375 0.05 0.046875
0 0.4640625 0.909375 0.05 0.05
0 0.2203125 0.98984375 0.046875 0.0203125
0 0.26796875 0.9859375 0.0453125 0.028125
0 0.3109375 0.98203125 0.05 0.0359375
0 0.35703125 0.97421875 0.05 0.0484375
0 0.3984375 0.9703125 0.0421875 0.0453125
0 0.446875 0.9578125 0.05 0.05
0 0.38828125 0.99296875 0.0484375 0.0140625
0 0.040625 0.64609375 0.05 0.0515625
0 0.084375 0.6359375 0.0484375 0.05
0 0.1296875 0.62578125 0.0484375 0.05
0 0.17578125 0.6140625 0.0484375 0.05
0 0.21953125 0.60390625 0.05 0.05
0 0.26328125 0.5921875 0.0515625 0.0515625
0 0.03515625 0.6875 0.025 0.04375
0 0.0703125 0.67890625 0.046875 0.05
0 0.115625 0.66796875 0.0515625 0.05
0 0.25078125 0.63671875 0.05 0.0484375
0 0.20546875 0.646875 0.0484375 0.046875
0 0.16171875 0.65859375 0.0484375 0.0484375
0 0.15 0.7 0.0515625 0.05
0 0.1921875 0.690625 0.0484375 0.046875
0 0.2390625 0.6796875 0.046875 0.05
0 0.1359375 0.74296875 0.0484375 0.0515625
0 0.18125 0.7328125 0.05 0.05
0 0.225 0.721875 0.0484375 0.05
0 0.059375 0.721875 0.05 0.05
0 0.10234375 0.7109375 0.0484375 0.0515625
0 0.053125 0.7625 0.0359375 0.0484375
0 0.0921875 0.75625 0.0515625 0.05
0 0.12265625 0.7890625 0.0484375 0.05
0 0.16484375 0.77890625 0.0484375 0.0484375
0 0.0796875 0.7984375 0.0484375 0.05
0 0.0703125 0.84140625 0.0421875 0.0484375
0 0.1109375 0.83359375 0.0484375 0.0484375
0 0.15546875 0.82109375 0.05 0.0484375
0 0.096875 0.87578125 0.0515625 0.0515625
0 0.0296875 0.0984375 0.05 0.05
0 0.0734375 0.09375 0.053125 0.0515625
0 0.11875 0.08671875 0.0484375 0.0484375
0 0.16171875 0.07578125 0.0484375 0.05
0 0.2078125 0.065625 0.0484375 0.0484375
0 0.25390625 0.0546875 0.0515625 0.0453125
0 0.24375 0.1015625 0.05 0.05
0 0.2875 0.09296875 0.0484375 0.0484375
0 0.29921875 0.04921875 0.05 0.0484375
0 0.34453125 0.0390625 0.05 0.04375
0 0.3875 0.03046875 0.046875 0.0421875
0 0.43203125 0.02109375 0.046875 0.0390625
0 0.4765625 0.01640625 0.046875 0.0328125
0 0.52265625 0.0140625 0.0484375 0.028125
0 0.3328125 0.08125 0.0484375 0.05
0 0.3765625 0.06875 0.0515625 0.05
0 0.421875 0.0609375 0.0484375 0.05
0 0.465625 0.05234375 0.046875 0.0484375
0 0.51015625 0.04609375 0.05 0.0515625
0 0.15 0.121875 0.0484375 0.0484375
0 0.10546875 0.1296875 0.0484375 0.05
0 0.0625 0.1421875 0.0484375 0.0484375
0 0.02109375 0.14375 0.0421875 0.05
0 0.09453125 0.1734375 0.0515625 0.0515625
0 0.1390625 0.16640625 0.05 0.05
0 0.18359375 0.15546875 0.05 0.0515625
0 0.22890625 0.14453125 0.0484375 0.0484375
0 0.27578125 0.1359375 0.0484375 0.0484375
0 0.31796875 0.12578125 0.0484375 0.05
0 0.365625 0.11171875 0.0515625 0.05
0 0.41015625 0.1015625 0.0484375 0.0484375
0 0.45390625 0.0953125 0.05 0.05
0 0.5 0.0890625 0.05 0.05
0 0.2140625 0.18671875 0.05 0.0484375
0 0.259375 0.1765625 0.0484375 0.05
0 0.30625 0.16875 0.0484375 0.0484375
0 0.35078125 0.15703125 0.05 0.05
0 0.39453125 0.146875 0.05 0.05
0 0.4421875 0.13828125 0.05 0.05
0 0.01015625 0.1828125 0.0203125 0.05
0 0.046875 0.1859375 0.0484375 0.0484375
0 0.08125 0.2171875 0.0484375 0.05
0 0.1265625 0.20859375 0.05 0.05
0 0.1703125 0.19921875 0.0484375 0.05
0 0.01796875 0.328125 0.0359375 0.05
0 0.05703125 0.31640625 0.0484375 0.05
0 0.10078125 0.29609375 0.05 0.0484375
0 0.1140625 0.2515625 0.0453125 0.0484375
0 0.15859375 0.2421875 0.0484375 0.0484375
0 0.2015625 0.23125 0.0484375 0.0484375
0 0.246875 0.22265625 0.046875 0.05
0 0.29140625 0.21328125 0.046875 0.046875
0 0.14375 0.2859375 0.05 0.0484375
0 0.1890625 0.27734375 0.0484375 0.0484375
0 0.23359375 0.265625 0.0484375 0.0484375
0 0.2796875 0.25625 0.046875 0.0484375
0 0.32265625 0.246875 0.05 0.05
0 0.33671875 0.20390625 0.05 0.0484375
0 0.38125 0.19140625 0.0484375 0.0484375
0 0.36796875 0.23515625 0.0515625 0.05
0 0.42578125 0.1828125 0.053125 0.0515625
0 0.41328125 0.2265625 0.0515625 0.0515625
0 0.44296875 0.259375 0.05 0.05
0 0.39921875 0.26875 0.05 0.05
0 0.35390625 0.2796875 0.05 0.0484375
0 0.31171875 0.29140625 0.05 0.05
0 0.2671875 0.29921875 0.0484375 0.0484375
0 0.2203125 0.30859375 0.046875 0.0484375
0 0.17578125 0.3203125 0.046875 0.0484375
0 0.1296875 0.32734375 0.046875 0.05
0 0.1609375 0.3625 0.0484375 0.05
0 0.20546875 0.3515625 0.05 0.0484375
0 0.25234375 0.34375 0.046875 0.0484375
0 0.29765625 0.33515625 0.05 0.0484375
0 0.34296875 0.325 0.0484375 0.0484375
0 0.3859375 0.3140625 0.046875 0.0484375
0 0.43203125 0.303125 0.0484375 0.05
0 0.0890625 0.34921875 0.05 0.0484375
0 0.12109375 0.3828125 0.046875 0.0484375
0 0.284375 0.378125 0.0484375 0.0484375
0 0.328125 0.36875 0.05 0.05
0 0.3734375 0.35703125 0.0515625 0.0515625
0 0.04375 0.36015625 0.0453125 0.0453125
0 0.009375 0.36796875 0.01875 0.0453125
0 0.0046875 0.41484375 0.009375 0.0453125
0 0.03125 0.40390625 0.046875 0.046875
0 0.0765625 0.39453125 0.0484375 0.05
0 0.021875 0.44921875 0.04375 0.0484375
0 0.06171875 0.43671875 0.0484375 0.0484375
0 0.10625 0.42734375 0.0484375 0.0484375
0 0.15078125 0.415625 0.0484375 0.05
0 0.1953125 0.3953125 0.046875 0.05
0 0.240625 0.3859375 0.0484375 0.0484375
0 0.225 0.42890625 0.0515625 0.05
0 0.18359375 0.44921875 0.05 0.0484375
0 0.1375 0.46015625 0.05 0.05
0 0.0921875 0.46953125 0.0515625 0.05
0 0.04921875 0.4828125 0.0484375 0.05
0 0.0140625 0.490625 0.028125 0.046875
0 0.359375 0.403125 0.0484375 0.0484375
0 0.4046875 0.39296875 0.046875 0.05
0 0.31328125 0.4125 0.05 0.0484375
0 0.26875 0.42109375 0.05 0.0484375
0 0.30078125 0.453125 0.0484375 0.05
0 0.25546875 0.46328125 0.05 0.0484375
0 0.2125 0.484375 0.0484375 0.05
0 0.28828125 0.49921875 0.0484375 0.0484375
0 0.2765625 0.55 0.0484375 0.05
0 0.24453125 0.5171875 0.046875 0.05
0 0.16796875 0.49296875 0.0484375 0.05
0 0.2 0.52734375 0.0484375 0.0484375
0 0.23125 0.559375 0.05 0.0515625
0 0.1234375 0.5046875 0.046875 0.05
0 0.0796875 0.51640625 0.0484375 0.0515625
0 0.034375 0.52578125 0.0484375 0.0484375
0 0.02421875 0.56875 0.0453125 0.0484375
0 0.06640625 0.559375 0.0515625 0.05
0 0.1125 0.54765625 0.0484375 0.0484375
0 0.15546875 0.5390625 0.0484375 0.05
0 0.1859375 0.5703125 0.05 0.0484375
0 0.1421875 0.58125 0.0484375 0.05
0 0.0984375 0.59140625 0.05 0.0484375
0 0.05234375 0.6015625 0.0484375 0.05
0 0.01953125 0.61015625 0.0234375 0.0453125
0 0.73984375 0.0078125 0.0484375 0.015625
0 0.72578125 0.03359375 0.05 0.0515625
0 0.60859375 0.42734375 0.053125 0.0515625
0 0.4328125 0.98671875 0.05 0.0265625