0 0.4984375 0.94453125 0.0796875 0.0765625
0 0.4359375 0.359375 0.0703125 0.071875
0 0.3859375 0.4015625 0.075 0.0734375
0 0.40234375 0.609375 0.08125 0.0765625
0 0.78515625 0.32734375 0.071875 0.0765625
0 0.68203125 0.7375 0.0734375 0.0734375
0 0.7375 0.378125 0.0765625 0.0734375
0 0.56953125 0.46328125 0.075 0.075
0 0.2734375 0.02421875 0.075 0.0484375
0 0.6921875 0.15859375 0.0796875 0.078125
0 0.37578125 0.32890625 0.075 0.0765625
0 0.8875 0.98671875 0.05625 0.0265625
0 0.70625 0.48515625 0.0765625 0.075
0 0.8203125 0.45859375 0.0765625 0.071875
0 0.540625 0.890625 0.078125 0.075
0 0.553125 0.3984375 0.071875 0.0734375
0 0.4578125 0.0140625 0.06875 0.028125
0 0.7953125 0.80703125 0.075 0.075
0 0.49375 0.11484375 0.0734375 0.075
0 0.84140625 0.8890625 0.075 0.0734375
0 0.43515625 0.9328125 0.071875 0.0734375
0 0.3875 0.14921875 0.078125 0.075
0 0.34140625 0.45234375 0.06875 0.071875
0 0.896875 0.5421875 0.078125 0.075
0 0.23046875 0.05859375 0.075 0.0734375
0 0.86640625 0.10390625 0.078125 0.0765625
0 0.309375 0.3140625 0.078125 0.075
0 0.7234375 0.3109375 0.0734375 0.0765625
0 0.74140625 0.1109375 0.078125 0.0765625
0 0.7625 0.9765625 0.078125 0.046875
0 0.740625 0.92734375 0.0765625 0.075
0 0.471875 0.2296875 0.075 0.0734375
0 0.46015625 0.81796875 0.078125 0.075
0 0.81953125 0.20703125 0.075 0.0734375
0 0.5375 0.57890625 0.075 0.0734375
0 0.51015625 0.76796875 0.0765625 0.071875
0 0.615625 0.403125 0.075 0.075
0 0.47890625 0.3140625 0.0734375 0.0734375
0 0.51640625 0.18203125 0.075 0.075
0 0.4921875 0.378125 0.071875 0.0734375
0 0.846875 0.3359375 0.0734375 0.0734375
0 0.41796875 0.67109375 0.0796875 0.0765625
0 0.45078125 0.4265625 0.071875 0.0734375
0 0.8953125 0.22890625 0.078125 0.075
0 0.71953125 0.79609375 0.0796875 0.075
0 0.69453125 0.97109375 0.0734375 0.0578125
0 0.809375 0.69375 0.078125 0.075
0 0.834375 0.5984375 0.0796875 0.0765625
0 0.8375 0.26796875 0.0765625 0.0734375
0 0.32421875 0.58359375 0.078125 0.0765625
0 0.9171875 0.3609375 0.0765625 0.0765625
0 0.54375 0.64921875 0.0765625 0.0765625
0 0.76015625 0.19609375 0.071875 0.075
0 0.80546875 0.9390625 0.0734375 0.0734375
0 0.96171875 0.5578125 0.0765625 0.075
0 0.63046875 0.96328125 0.0765625 0.0734375
0 0.92890625 0.43046875 0.075 0.0734375
0 0.88125 0.4796875 0.06875 0.071875
0 0.2953125 0.4953125 0.078125 0.075
0 0.41640625 0.2765625 0.0765625 0.075
0 0.9359375 0.1234375 0.078125 0.0765625
0 0.41171875 0.03671875 0.0796875 0.0734375
0 0.75390625 0.44140625 0.075 0.0734375
0 0.52890625 0.51484375 0.0765625 0.0734375
0 0.896875 0.7859375 0.078125 0.075
0 0.94375 0.49453125 0.0765625 0.0734375
0 0.39609375 0.46796875 0.0734375 0.075
0 0.53984375 0.32890625 0.0734375 0.075
0 0.6265625 0.73125 0.071875 0.075
0 0.67890625 0.91875 0.071875 0.0734375
0 0.49453125 0.703125 0.0765625 0.075
0 0.85078125 0.8265625 0.075 0.071875
0 0.4296875 0.096875 0.075 0.0734375
0 0.15078125 0.01640625 0.0734375 0.0328125
0 0.38359375 0.0046875 0.0765625 0.009375
0 0.4515625 0.1703125 0.071875 0.0734375
0 0.6359375 0.46953125 0.078125 0.0765625
0 0.40234375 0.21953125 0.071875 0.06875
0 0.80703125 0.39453125 0.0734375 0.0703125
0 0.51015625 0.44921875 0.071875 0.075
0 0.1953125 0.17265625 0.06875 0.0671875
0 0.45546875 0.9828125 0.0703125 0.034375
1 0.6625 0.29296875 0.071875 0.0765625
0 0.1828125 0.1171875 0.078125 0.0734375
1 0.7265625 0.62421875 0.0703125 0.0671875
0 0.58203125 0.98828125 0.0828125 0.0234375
1 0.65859375 0.85390625 0.0734375 0.0703125
0 0.9875 0.50546875 0.025 0.0671875
1 0.33984375 0.028125 0.0765625 0.05625
1 0.80625 0.140625 0.0640625 0.0671875
0 0.565625 0.953125 0.0734375 0.071875
1 0.44296875 0.7515625 0.0734375 0.0734375
1 0.715625 0.55546875 0.06875 0.078125
1 0.78046875 0.6359375 0.0625 0.065625
1 0.83203125 0.984375 0.0671875 0.03125
0 0.2109375 0.234375 0.071875 0.065625
1 0.9328125 0.6703125 0.0765625 0.0765625
1 0.80234375 0.08203125 0.0703125 0.065625
1 0.9421875 0.73515625 0.0515625 0.065625
1 0.865625 0.40859375 0.065625 0.0671875
1 0.6375 0.221875 0.06875 0.075
1 0.97734375 0.4375 0.0453125 0.075
1 0.559375 0.71953125 0.078125 0.075
1 0.59375 0.53671875 0.0734375 0.071875
1 0.36875 0.72265625 0.078125 0.075
1 0.3171875 0.38046875 0.06875 0.0703125
1 0.8859375 0.7203125 0.0765625 0.0671875
1 0.59140625 0.83984375 0.0765625 0.075
1 0.86953125 0.66328125 0.0640625 0.0671875
1 0.83125 0.53125 0.0703125 0.0671875
1 0.77265625 0.5703125 0.0703125 0.0640625
1 0.66640625 0.61484375 0.0734375 0.075
0 0.87421875 0.9484375 0.06875 0.071875
1 0.65390625 0.55 0.075 0.071875
1 0.47109375 0.88125 0.06875 0.0640625
1 0.7359375 0.68515625 0.0734375 0.071875
1 0.9078125 0.89140625 0.059375 0.065625
1 0.56484375 0.13359375 0.071875 0.0734375
1 0.6796875 0.41953125 0.0703125 0.0640625
1 0.31328125 0.13828125 0.078125 0.06875
1 0.759375 0.74296875 0.084375 0.06875
1 0.26953125 0.18046875 0.0734375 0.0671875
1 0.66953125 0.35859375 0.0796875 0.06875
0 0.91171875 0.95 0.0328125 0.0671875
1 0.7 0.23515625 0.0828125 0.0765625
1 0.9734375 0.375 0.053125 0.075
1 0.25625 0.3640625 0.0734375 0.0625
1 0.775 0.50859375 0.075 0.075
1 0.4125 0.8671875 0.0640625 0.06875
1 0.6140625 0.90078125 0.075 0.0671875
1 0.83828125 0.759375 0.065625 0.071875
1 0.35859375 0.084375 0.06875 0.0671875
1 0.63515625 0.121875 0.078125 0.0859375
0 0.5265625 0.83046875 0.0734375 0.0734375
1 0.76640625 0.25859375 0.075 0.0703125
1 0.72265625 0.86328125 0.075 0.0671875
1 0.6 0.278125 0.075 0.0625
1 0.67265625 0.675 0.0640625 0.065625
1 0.33359375 0.19921875 0.0734375 0.071875
1 0.5984375 0.6 0.0796875 0.078125
1 0.275 0.42421875 0.0765625 0.071875
1 0.27890625 0.24140625 0.071875 0.06875
1 0.6453125 0.7953125 0.0796875 0.06875
1 0.54140625 0.06875 0.0765625 0.0671875
1 0.915625 0.61171875 0.0828125 0.0671875
1 0.29765625 0.07734375 0.078125 0.071875
1 0.57890625 0.78046875 0.0734375 0.0625
1 0.6109375 0.665625 0.075 0.0625
1 0.575 0.2265625 0.071875 0.0703125
1 0.3921875 0.796875 0.075 0.06875
1 0.45703125 0.49453125 0.075 0.0671875
1 0.965625 0.31171875 0.06875 0.0671875
1 0.65546875 0.04765625 0.0921875 0.06875
1 0.52734375 0.2671875 0.0703125 0.059375
1 0.60078125 0.33671875 0.075 0.071875
1 0.9671875 0.2515625 0.065625 0.0625
0 0.25 0.125 0.0703125 0.071875
1 0.60234375 0.07578125 0.059375 0.059375
1 0.9625 0.18984375 0.075 0.0703125
1 0.52578125 0.021875 0.0734375 0.04375
1 0.484375 0.05078125 0.0625 0.0671875
0 0.51484375 0.9859375 0.0640625 0.028125
1 0.478125 0.57109375 0.05625 0.0640625
1 0.3421875 0.25390625 0.0765625 0.0640625
1 0.60703125 0.17421875 0.0734375 0.059375
1 0.90859375 0.29609375 0.0703125 0.0640625
1 0.73203125 0.0578125 0.059375 0.0515625
1 0.58046875 0.02890625 0.0703125 0.0546875
1 0.42109375 0.54296875 0.0859375 0.0734375
0 0.23125 0.2875 0.075 0.0734375
1 0.7859375 0.87265625 0.0625 0.0609375
1 0.16484375 0.0515625 0.0703125 0.0578125
1 0.3515625 0.66484375 0.065625 0.059375
0 0.4796875 0.63828125 0.0796875 0.0734375
1 0.9921875 0.11484375 0.015625 0.0578125
1 0.215625 0.0125 0.053125 0.025