1 0.46875 0.96015625 0.1890625 0.0796875
1 0.64296875 0.9609375 0.1640625 0.078125
1 0.9234375 0.87265625 0.153125 0.1875
1 0.75703125 0.89921875 0.1875 0.18515625
1 0.559375 0.86875 0.18671875 0.16328125
1 0.3734375 0.88046875 0.1921875 0.1828125
1 0.18828125 0.88359375 0.15859375 0.1765625
1 0.06015625 0.9203125 0.1203125 0.159375
1 0.09375 0.753125 0.1875 0.18125
1 0.284375 0.75390625 0.1796875 0.16328125
1 0.47109375 0.728125 0.20625 0.17890625
1 0.65703125 0.73984375 0.1828125 0.18046875
1 0.82734375 0.740625 0.1828125 0.1765625
1 0.95546875 0.71328125 0.0890625 0.2
1 0.8890625 0.590625 0.184375 0.175
1 0.71328125 0.584375 0.16640625 0.17421875
1 0.54296875 0.596875 0.1875 0.17734375
1 0.3640625 0.60390625 0.16875 0.15703125
1 0.18828125 0.60546875 0.184375 0.1671875
1 0.05078125 0.6046875 0.1015625 0.190625
1 0.09296875 0.465625 0.1859375 0.184375
1 0.2609375 0.459375 0.171875 0.19296875
1 0.4265625 0.45703125 0.18515625 0.1796875
1 0.6109375 0.44453125 0.17734375 0.18359375
1 0.78984375 0.4328125 0.1875 0.1703125
1 0.94375 0.42265625 0.1125 0.1671875
1 0.875 0.2875 0.16015625 0.16953125
1 0.70390625 0.2984375 0.18515625 0.1859375
1 0.51796875 0.3140625 0.1859375 0.16015625
1 0.346875 0.309375 0.16953125 0.16796875
1 0.17890625 0.30625 0.18984375 0.16796875
1 0.04609375 0.33515625 0.0921875 0.18125
1 0.0796875 0.16171875 0.159375 0.175
1 0.25234375 0.16015625 0.16796875 0.16640625
1 0.41328125 0.1625 0.1875 0.1796875
1 0.62109375 0.17265625 0.1859375 0.18359375
1 0.80078125 0.15 0.18359375 0.18359375
1 0.9375 0.11953125 0.125 0.1921875
1 0.68515625 0.05 0.1859375 0.1
1 0.5078125 0.059375 0.16875 0.11875
1 0.328125 0.04375 0.184375 0.0875
1 0.1515625 0.0609375 0.184375 0.121875