0 0.0546875 0.86640625 0.0328125 0.0546875
0 0.07578125 0.9046875 0.0484375 0.0515625
0 0.109375 0.93984375 0.05 0.0515625
0 0.13828125 0.9734375 0.046875 0.0515625
0 0.19921875 0.97109375 0.05 0.0515625
0 0.209375 0.91875 0.0515625 0.0515625
0 0.16015625 0.93046875 0.05 0.05
0 0.12890625 0.8953125 0.046875 0.0484375
0 0.17578125 0.8890625 0.0484375 0.05
0 0.23125 0.878125 0.0484375 0.046875
0 0.09296875 0.85859375 0.0484375 0.0515625
0 0.14375 0.8484375 0.0484375 0.0484375
0 0.20078125 0.84375 0.046875 0.0515625
0 0.24609375 0.8296875 0.0515625 0.0515625
0 0.2609375 0.7859375 0.046875 0.05
0 0.21484375 0.7921875 0.0484375 0.0515625
0 0.1671875 0.809375 0.0484375 0.0484375
0 0.1125 0.81328125 0.05 0.0484375
0 0.059375 0.81796875 0.0484375 0.05
0 0.28828125 0.74609375 0.0484375 0.0484375
0 0.2296875 0.746875 0.053125 0.0515625
0 0.18203125 0.76015625 0.05 0.0546875
0 0.12890625 0.76875 0.0515625 0.053125
0 0.08125 0.77734375 0.05 0.05625
0 0.0421875 0.77734375 0.0296875 0.05
0 0.053125 0.7359375 0.05 0.0515625
0 0.103125 0.7296875 0.05 0.05
0 0.1484375 0.72109375 0.05 0.05
0 0.19765625 0.709375 0.0515625 0.053125
0 0.24765625 0.6984375 0.053125 0.0484375
0 0.29921875 0.69375 0.0515625 0.053125
0 0.3171875 0.64453125 0.0515625 0.053125
0 0.265625 0.6546875 0.05 0.05
0 0.21640625 0.66484375 0.05 0.05
0 0.16875 0.67265625 0.0484375 0.05
0 0.1171875 0.678125 0.0484375 0.053125
0 0.06953125 0.6875 0.046875 0.05
0 0.03125 0.696875 0.0265625 0.046875
0 0.03828125 0.65 0.0484375 0.05
0 0.08828125 0.64296875 0.05 0.053125
0 0.1375 0.63515625 0.0484375 0.05
0 0.1875 0.628125 0.05 0.0515625
0 0.2328125 0.62109375 0.05 0.05
0 0.28359375 0.609375 0.05 0.0484375
0 0.334375 0.59921875 0.046875 0.05
0 0.35078125 0.55546875 0.046875 0.05
0 0.29921875 0.5625 0.05 0.05
0 0.24609375 0.57578125 0.05 0.05
0 0.19921875 0.58359375 0.046875 0.0484375
0 0.15234375 0.58984375 0.046875 0.05
0 0.1046875 0.59921875 0.046875 0.05
0 0.05703125 0.6046875 0.0484375 0.05
0 0.01953125 0.61171875 0.0234375 0.0453125
0 0.02890625 0.56796875 0.0484375 0.05
0 0.07578125 0.5609375 0.05 0.053125
0 0.12265625 0.55390625 0.05 0.05
0 0.1703125 0.5453125 0.05 0.05
0 0.21640625 0.5390625 0.046875 0.05
0 0.26640625 0.53046875 0.0515625 0.0515625
0 0.3171875 0.51953125 0.0515625 0.0515625
0 0.3671875 0.5125 0.0484375 0.05
0 0.01171875 0.52578125 0.0234375 0.0453125
0 0.04765625 0.5234375 0.05 0.05
0 0.09296875 0.5140625 0.0453125 0.0484375
0 0.13828125 0.5078125 0.05 0.0515625
0 0.1890625 0.5015625 0.0484375 0.0515625
0 0.2328125 0.49375 0.046875 0.05
0 0.28203125 0.48671875 0.05 0.05
0 0.33203125 0.4734375 0.0484375 0.0484375
0 0.3796875 0.4671875 0.0515625 0.05
0 0.396875 0.4234375 0.0484375 0.05
0 0.34921875 0.43125 0.0484375 0.05
0 0.3 0.44140625 0.05 0.0515625
0 0.25 0.45078125 0.0484375 0.0515625
0 0.203125 0.45703125 0.0453125 0.0484375
0 0.16015625 0.4671875 0.0484375 0.05
0 0.11171875 0.47109375 0.05 0.0515625
0 0.06484375 0.4796875 0.0484375 0.0515625
0 0.02109375 0.48515625 0.0421875 0.0515625
0 0.0046875 0.44453125 0.009375 0.0453125
0 0.03515625 0.4390625 0.05 0.0484375
0 0.08125 0.43515625 0.0453125 0.05
0 0.1296875 0.42890625 0.0484375 0.05
0 0.17578125 0.42109375 0.0515625 0.0484375
0 0.221875 0.41328125 0.046875 0.05
0 0.26796875 0.40546875 0.05 0.0515625
0 0.31484375 0.396875 0.05 0.0484375
0 0.36640625 0.38828125 0.05 0.0515625
0 0.4109375 0.38046875 0.046875 0.0484375
0 0.01328125 0.403125 0.0265625 0.05
0 0.0515625 0.396875 0.05 0.05
0 0.1 0.3921875 0.046875 0.05
0 0.14609375 0.38515625 0.05 0.053125
0 0.19140625 0.3765625 0.05 0.0515625
0 0.23671875 0.36953125 0.0484375 0.05
0 0.28359375 0.359375 0.0484375 0.0515625
0 0.3328125 0.35625 0.05 0.053125
0 0.384375 0.3421875 0.0515625 0.0515625
0 0.428125 0.33671875 0.0484375 0.0515625
0 0.44453125 0.29375 0.0484375 0.05
0 0.02734375 0.24375 0.0484375 0.05
0 0.071875 0.234375 0.0453125 0.0484375
0 0.1203125 0.22421875 0.046875 0.05
0 0.1671875 0.2171875 0.0484375 0.05
0 0.21328125 0.21171875 0.05 0.0515625
0 0.25859375 0.203125 0.046875 0.0484375
0 0.30625 0.19453125 0.0484375 0.0484375
0 0.353125 0.18828125 0.05 0.0484375
0 0.3984375 0.1796875 0.0484375 0.0515625
0 0.44765625 0.16953125 0.0484375 0.0484375
0 0.49453125 0.1640625 0.046875 0.046875
0 0.478125 0.2078125 0.0453125 0.0515625
0 0.434375 0.21328125 0.05 0.05
0 0.38359375 0.2234375 0.046875 0.0484375
0 0.334375 0.23046875 0.046875 0.0515625
0 0.29140625 0.23671875 0.0484375 0.05
0 0.24296875 0.24765625 0.0484375 0.0453125
0 0.01640625 0.28828125 0.0328125 0.0515625
0 0.05390625 0.278125 0.04375 0.0484375
0 0.1046875 0.2671875 0.046875 0.0484375
0 0.15 0.2609375 0.046875 0.0484375
0 0.1953125 0.25234375 0.0453125 0.0484375
0 0.00546875 0.32734375 0.0109375 0.0484375
0 0.04140625 0.31953125 0.0484375 0.05
0 0.08828125 0.31328125 0.046875 0.05
0 0.13359375 0.3046875 0.046875 0.05
0 0.1796875 0.29765625 0.0515625 0.0546875
0 0.22734375 0.2875 0.046875 0.046875
0 0.27265625 0.28203125 0.04375 0.0484375
0 0.31953125 0.2734375 0.05 0.05
0 0.36640625 0.26484375 0.0484375 0.0484375
0 0.41484375 0.2578125 0.0484375 0.0484375
0 0.459375 0.25078125 0.046875 0.05
0 0.02265625 0.3609375 0.0453125 0.05
0 0.071875 0.35546875 0.05 0.05
0 0.11875 0.3484375 0.0484375 0.05
0 0.16171875 0.33828125 0.0453125 0.046875
0 0.2078125 0.3328125 0.0484375 0.05
0 0.253125 0.32578125 0.0453125 0.0484375
0 0.303125 0.31796875 0.0484375 0.05
0 0.35078125 0.309375 0.05 0.0515625
0 0.3953125 0.29921875 0.04375 0.0484375
0 0.56015625 0.00625 0.0453125 0.0125
0 0.54296875 0.03203125 0.0515625 0.05
0 0.53125 0.078125 0.053125 0.05
0 0.5109375 0.11953125 0.04375 0.046875
0 0.46875 0.12578125 0.05 0.05
0 0.41640625 0.13671875 0.05 0.0484375
0 0.3703125 0.14453125 0.05 0.05
0 0.325 0.153125 0.05 0.053125
0 0.4828125 0.08359375 0.0484375 0.0484375
0 0.5109375 0.01015625 0.04375 0.0203125
0 0.37265625 0.0265625 0.046875 0.034375
0 0.41953125 0.0203125 0.04375 0.0328125
0 0.4671875 0.01484375 0.046875 0.0296875
0 0.32734375 0.03515625 0.046875 0.0390625
0 0.28203125 0.040625 0.04375 0.0390625
0 0.234375 0.04765625 0.046875 0.0421875
0 0.01171875 0.08515625 0.0234375 0.0453125
0 0.00859375 0.2078125 0.0171875 0.046875
0 0.0453125 0.07578125 0.0453125 0.0484375
0 0.0921875 0.0703125 0.0453125 0.0484375
0 0.1390625 0.06328125 0.0453125 0.046875
0 0.18828125 0.053125 0.0484375 0.0421875
0 0.2171875 0.0890625 0.04375 0.0484375
0 0.1703125 0.09453125 0.046875 0.0484375
0 0.12109375 0.10390625 0.0453125 0.046875
0 0.07578125 0.11328125 0.0453125 0.0453125
0 0.0296875 0.11953125 0.046875 0.0484375
0 0.26484375 0.07890625 0.0453125 0.0453125
0 0.31171875 0.0734375 0.0484375 0.046875
0 0.35625 0.06484375 0.04375 0.0484375
0 0.4046875 0.05703125 0.0453125 0.0484375
0 0.4515625 0.05 0.0453125 0.046875
0 0.496875 0.040625 0.0484375 0.0515625
0 0.43515625 0.09140625 0.0453125 0.046875
0 0.3875 0.1 0.0453125 0.046875
0 0.34140625 0.1078125 0.046875 0.0484375
0 0.29453125 0.11484375 0.0453125 0.046875
0 0.24765625 0.121875 0.046875 0.0484375
0 0.27578125 0.159375 0.0421875 0.046875
0 0.23046875 0.1671875 0.0453125 0.046875
0 0.2 0.13125 0.0484375 0.0484375
0 0.15625 0.1390625 0.0484375 0.0484375
0 0.1859375 0.17421875 0.046875 0.0484375
0 0.103125 0.14921875 0.0453125 0.0453125
0 0.13828125 0.18359375 0.0484375 0.046875
0 0.0578125 0.1546875 0.046875 0.0484375
0 0.08671875 0.1921875 0.046875 0.0484375
0 0.0421875 0.1984375 0.0453125 0.0484375
0 0.01796875 0.1625 0.0359375 0.046875