0 0.3609375 0.9046875 0.046875 0.0484375
0 0.53828125 0.88359375 0.0453125 0.0484375
0 0.13515625 0.92890625 0.0453125 0.0484375
0 0.0890625 0.93046875 0.046875 0.0484375
0 0.2765625 0.9109375 0.0453125 0.0484375
0 0.85 0.8484375 0.0453125 0.046875
0 0.046875 0.9359375 0.0390625 0.05
0 0.1171875 0.97109375 0.0453125 0.0484375
0 0.096875 0.99296875 0.046875 0.0140625
0 0.31796875 0.91015625 0.0453125 0.0484375
0 0.80625 0.8546875 0.0453125 0.0484375
0 0.58359375 0.88125 0.046875 0.046875
0 0.18125 0.92421875 0.0453125 0.0484375
0 0.56796875 0.92421875 0.04375 0.0453125
0 0.3 0.95078125 0.04375 0.0453125
0 0.4078125 0.89453125 0.046875 0.0484375
0 0.34375 0.946875 0.04375 0.0453125
0 0.74375 0.9015625 0.04375 0.0453125
0 0.4296875 0.9375 0.0453125 0.04375
0 0.76015625 0.86171875 0.046875 0.0484375
0 0.63203125 0.87265625 0.05 0.05
0 0.4140625 0.97265625 0.0453125 0.0453125
0 0.6078125 0.915625 0.0453125 0.0453125
0 0.14453125 0.9921875 0.0453125 0.015625
0 0.190625 0.9875 0.046875 0.025
0 0.72734375 0.9390625 0.046875 0.04375
0 0.38359375 0.94140625 0.0453125 0.04375
0 0.7 0.9078125 0.0453125 0.04375
0 0.99296875 0.87265625 0.0140625 0.0453125
0 0.684375 0.94765625 0.0453125 0.0453125
0 0.16484375 0.96484375 0.0453125 0.0453125
0 0.07421875 0.9734375 0.0453125 0.0453125
0 0.52421875 0.925 0.04375 0.04375
0 0.96640625 0.8765625 0.04375 0.0453125
0 0.20625 0.9640625 0.0453125 0.046875
0 0.50625 0.959375 0.0453125 0.04375
0 0.68984375 0.846875 0.046875 0.0484375
0 0.46171875 0.96640625 0.0453125 0.04375
0 0.47109375 0.865625 0.05 0.05
0 0.86171875 0.92578125 0.04375 0.0453125
0 0.92421875 0.88046875 0.0453125 0.04375
0 0.32421875 0.98125 0.0453125 0.0375
0 0.28125 0.98203125 0.046875 0.0359375
0 0.93203125 0.95390625 0.04375 0.0359375
0 0.653125 0.91484375 0.0453125 0.0453125
0 0.98125 0.83359375 0.0375 0.0484375
0 0.878125 0.88984375 0.04375 0.0453125
0 0.815625 0.93828125 0.0453125 0.04375
0 0.84296875 0.96484375 0.046875 0.028125
0 0.88984375 0.95703125 0.04375 0.0375
0 0.9765625 0.9515625 0.0453125 0.0359375
0 0.6375 0.95234375 0.0453125 0.0453125
0 0.665625 0.97890625 0.0453125 0.0234375
0 0.253125 0.95859375 0.0453125 0.04375
0 0.98671875 0.9140625 0.0265625 0.04375
0 0.50078125 0.89140625 0.040625 0.0453125
0 0.23203125 0.9 0.0453125 0.046875
0 0.78359375 0.8984375 0.04375 0.0421875
0 0.040625 0.978125 0.021875 0.04375
0 0.709375 0.97421875 0.04375 0.0265625
0 0.83828125 0.88984375 0.046875 0.0453125
0 0.59453125 0.9546875 0.0453125 0.04375
0 0.95 0.91875 0.0453125 0.0453125
0 0.90703125 0.91953125 0.04375 0.0453125
0 0.36953125 0.97890625 0.0421875 0.0421875
0 0.23671875 0.9875 0.0453125 0.025
0 0.4796875 0.92890625 0.0453125 0.0421875
0 0.4453125 0.990625 0.04375 0.01875
0 0.5515625 0.9625 0.0421875 0.0421875
0 0.94921875 0.83515625 0.0421875 0.0484375
0 0.72265625 0.86328125 0.040625 0.0484375
0 0.48671875 0.98984375 0.0453125 0.0203125
0 0.5375 0.9859375 0.0453125 0.028125
0 0.77421875 0.9328125 0.0421875 0.04375
0 0.76015625 0.96640625 0.04375 0.0359375
0 0.39453125 0.99453125 0.0453125 0.0109375
0 0.61796875 0.984375 0.040625 0.0203125
0 0.0328125 0.91015625 0.0140625 0.0375
0 0.79921875 0.9703125 0.0375 0.021875
0 0.9109375 0.82109375 0.0453125 0.05
0 0.58125 0.98359375 0.0421875 0.0265625