0 0.37890625 0.03984375 0.06875 0.0625
0 0.4828125 0.06484375 0.06875 0.0671875
0 0.21171875 0.10546875 0.071875 0.0703125
0 0.3484375 0.1 0.06875 0.0671875
0 0.54765625 0.059375 0.06875 0.06875
0 0.91796875 0.01875 0.0421875 0.0375
0 0.09609375 0.221875 0.0703125 0.0671875
0 0.084375 0.11015625 0.0703125 0.06875
0 0.31484375 0.05 0.0703125 0.065625
0 0.4546875 0.13203125 0.0703125 0.06875
0 0.3890625 0.1328125 0.0703125 0.0671875
0 0.0359375 0.22734375 0.06875 0.065625
0 0.584375 0.10859375 0.06875 0.0671875
0 0.609375 0.0546875 0.0703125 0.06875
0 0.41953125 0.0765625 0.0703125 0.06875
0 0.03359375 0.07421875 0.0640625 0.034375
0 0.24296875 0.05859375 0.0703125 0.0625
0 0.12109375 0.16953125 0.06875 0.06875
0 0.1578125 0.2171875 0.0703125 0.06875
0 0.6734375 0.05703125 0.071875 0.06875
0 0.2546875 0.15390625 0.071875 0.0671875
0 0.284375 0.1 0.06875 0.065625
0 0.36015625 0.19296875 0.071875 0.0703125
0 0.7 0.01171875 0.06875 0.0234375
0 0.83984375 0.078125 0.0703125 0.06875
0 0.146875 0.10546875 0.0671875 0.065625
0 0.653125 0.10390625 0.06875 0.065625
0 0.86484375 0.025 0.0703125 0.05
0 0.43125 0.1859375 0.0703125 0.065625
0 0.73984375 0.040625 0.06875 0.0671875
0 0.7171875 0.096875 0.0703125 0.06875
0 0.05859375 0.17421875 0.0703125 0.0703125
0 0.78046875 0.090625 0.0703125 0.06875
0 0.32109375 0.14296875 0.0703125 0.0671875
0 0.1859375 0.15625 0.071875 0.06875
0 0.0984375 0.06484375 0.065625 0.034375
0 0.49765625 0.1765625 0.0703125 0.06875
0 0.884375 0.12421875 0.06875 0.06875
0 0.56171875 0.171875 0.071875 0.0671875
0 0.015625 0.178125 0.03125 0.065625
0 0.52109375 0.115625 0.0703125 0.06875
0 0.29140625 0.20078125 0.06875 0.06875
0 0.57265625 0.0203125 0.0703125 0.040625
0 0.228125 0.2109375 0.071875 0.071875
0 0.934375 0.1203125 0.0421875 0.0640625
0 0.028125 0.11796875 0.05625 0.0640625
0 0.90625 0.0609375 0.0703125 0.0671875
0 0.76015625 0.14296875 0.071875 0.071875
0 0.44375 0.0265625 0.071875 0.053125
0 0.68671875 0.14609375 0.0703125 0.065625
0 0.1625 0.0578125 0.06875 0.0390625
0 0.62421875 0.15625 0.06875 0.065625
0 0.79921875 0.0296875 0.0703125 0.059375
0 0.50859375 0.0171875 0.0671875 0.034375
0 0.63828125 0.0140625 0.0671875 0.028125
0 0.825 0.146875 0.0703125 0.0703125