0 0.62578125 0.98984375 0.0609375 0.0203125
0 0.61171875 0.9640625 0.059375 0.0578125
0 0.6640625 0.971875 0.059375 0.05625
0 0.71015625 0.98125 0.0578125 0.0375
0 0.7578125 0.98515625 0.05625 0.0296875
0 0.80546875 0.9890625 0.0578125 0.021875
0 0.59765625 0.9203125 0.06875 0.0640625
0 0.64765625 0.9265625 0.0609375 0.059375
0 0.7015625 0.95234375 0.053125 0.0515625
0 0.74375 0.95234375 0.05625 0.05625
0 0.78984375 0.965625 0.059375 0.0578125
0 0.83671875 0.971875 0.0578125 0.05625
0 0.8734375 0.97890625 0.0375 0.0421875
0 0.58203125 0.87734375 0.0609375 0.059375
0 0.63203125 0.88359375 0.0609375 0.05625
0 0.68515625 0.9 0.0609375 0.0546875
0 0.7296875 0.921875 0.0484375 0.0453125
0 0.77578125 0.921875 0.0578125 0.05625
0 0.8234375 0.92890625 0.0578125 0.05625
0 0.8703125 0.94296875 0.0578125 0.05625
0 0.56796875 0.83046875 0.0609375 0.0609375
0 0.615625 0.84140625 0.0609375 0.059375
0 0.66875 0.85703125 0.059375 0.0546875
0 0.7171875 0.86953125 0.0578125 0.0546875
0 0.765625 0.8796875 0.05625 0.0546875
0 0.81015625 0.88671875 0.05625 0.0578125
0 0.85625 0.8953125 0.0609375 0.0578125
0 0.89375 0.90546875 0.040625 0.053125
0 0.5625 0.7921875 0.0609375 0.059375
0 0.6125 0.8046875 0.0640625 0.059375
0 0.659375 0.8203125 0.053125 0.05625
0 0.7046875 0.82421875 0.05625 0.0578125
0 0.7515625 0.84140625 0.05625 0.05625
0 0.79453125 0.84296875 0.05625 0.05625
0 0.8421875 0.85078125 0.059375 0.059375
0 0.88984375 0.859375 0.0578125 0.05625
0 0.5515625 0.7484375 0.0578125 0.0578125
0 0.5984375 0.7609375 0.059375 0.0625
0 0.64296875 0.77421875 0.0578125 0.0578125
0 0.6890625 0.78359375 0.05625 0.0578125
0 0.734375 0.78828125 0.05625 0.05625
0 0.78046875 0.79765625 0.05625 0.0578125
0 0.828125 0.80625 0.0609375 0.059375
0 0.875 0.81328125 0.0546875 0.0578125
0 0.91328125 0.8234375 0.0453125 0.053125
0 0.53359375 0.70234375 0.0578125 0.0578125
0 0.58203125 0.71328125 0.0578125 0.0546875
0 0.63125 0.7265625 0.0546875 0.0546875
0 0.67734375 0.73984375 0.05625 0.0546875
0 0.7234375 0.7484375 0.0546875 0.053125
0 0.77109375 0.7578125 0.0578125 0.0578125
0 0.81484375 0.7625 0.0515625 0.0515625
0 0.86171875 0.7703125 0.059375 0.0578125
0 0.9078125 0.78046875 0.059375 0.0578125
0 0.51796875 0.65859375 0.05625 0.0578125
0 0.56796875 0.6734375 0.0609375 0.0625
0 0.615625 0.68203125 0.059375 0.059375
0 0.6625 0.69140625 0.059375 0.0578125
0 0.709375 0.70234375 0.0546875 0.059375
0 0.75390625 0.709375 0.0546875 0.0546875
0 0.7984375 0.71796875 0.05625 0.05625
0 0.846875 0.725 0.059375 0.05625
0 0.89375 0.73515625 0.0546875 0.05625
0 0.9328125 0.7453125 0.0484375 0.0578125
0 0.50546875 0.6109375 0.0578125 0.059375
0 0.5515625 0.62421875 0.05625 0.0578125
0 0.60078125 0.6359375 0.059375 0.0578125
0 0.64765625 0.646875 0.0578125 0.0578125
0 0.69375 0.6578125 0.0578125 0.059375
0 0.74140625 0.66484375 0.0578125 0.0578125
0 0.78515625 0.67265625 0.053125 0.05625
0 0.82890625 0.68203125 0.0578125 0.05625
0 0.87734375 0.68984375 0.05625 0.05625
0 0.925 0.69765625 0.0578125 0.05625
0 0.48984375 0.56484375 0.0578125 0.05625
0 0.5375 0.57578125 0.059375 0.0578125
0 0.58671875 0.59296875 0.0609375 0.0578125
0 0.634375 0.60234375 0.05625 0.05625
0 0.68046875 0.6140625 0.0546875 0.0546875
0 0.728125 0.6171875 0.0578125 0.05625
0 0.77421875 0.6328125 0.0609375 0.0546875
0 0.81875 0.6328125 0.0546875 0.0546875
0 0.865625 0.64453125 0.0578125 0.05625
0 0.9109375 0.65546875 0.0546875 0.05625
0 0.95390625 0.66171875 0.05 0.0546875
0 0.47734375 0.52109375 0.05625 0.05625
0 0.52265625 0.53203125 0.0578125 0.05625
0 0.571875 0.54296875 0.05625 0.05625
0 0.61640625 0.56015625 0.059375 0.0578125
0 0.66484375 0.56796875 0.059375 0.0578125
0 0.71328125 0.57265625 0.0578125 0.059375
0 0.759375 0.5828125 0.05625 0.0578125
0 0.8046875 0.59453125 0.0578125 0.0546875
0 0.8546875 0.60703125 0.059375 0.0546875
0 0.9015625 0.6203125 0.0578125 0.05625
0 0.94765625 0.621875 0.05625 0.0546875
0 0.4625 0.47578125 0.059375 0.059375
0 0.5109375 0.48671875 0.0625 0.0609375
0 0.5578125 0.4984375 0.0546875 0.0546875
0 0.603125 0.51015625 0.059375 0.0578125
0 0.64921875 0.51796875 0.05625 0.0578125
0 0.69921875 0.53125 0.05625 0.059375
0 0.7453125 0.540625 0.0578125 0.05625
0 0.7953125 0.5515625 0.0625 0.0609375
0 0.84296875 0.5625 0.0578125 0.059375
0 0.8859375 0.5734375 0.05625 0.0578125
0 0.93125 0.5796875 0.05625 0.0546875
0 0.9734375 0.58671875 0.0515625 0.05625
0 0.44609375 0.43359375 0.0640625 0.0609375
0 0.49375 0.43203125 0.0578125 0.0578125
0 0.54140625 0.45234375 0.0609375 0.05625
0 0.590625 0.4703125 0.059375 0.05625
0 0.6359375 0.47421875 0.0578125 0.05625
0 0.68359375 0.4828125 0.05625 0.05625
0 0.7296875 0.49375 0.0578125 0.0546875
0 0.77734375 0.50546875 0.059375 0.0546875
0 0.825 0.5125 0.0578125 0.05625
0 0.871875 0.5234375 0.0578125 0.0578125
0 0.91953125 0.53515625 0.059375 0.05625
0 0.9671875 0.5421875 0.05625 0.053125
0 0.42890625 0.37421875 0.0609375 0.059375
0 0.4765625 0.3828125 0.05625 0.05625
0 0.53125 0.4015625 0.059375 0.059375
0 0.57734375 0.41875 0.0546875 0.05625
0 0.61953125 0.415625 0.05625 0.0578125
0 0.66875 0.43984375 0.0609375 0.0578125
0 0.71640625 0.44921875 0.05625 0.0578125
0 0.7625 0.459375 0.0609375 0.059375
0 0.81015625 0.465625 0.0578125 0.0578125
0 0.859375 0.46875 0.05625 0.059375
0 0.90703125 0.48828125 0.0609375 0.059375
0 0.95625 0.503125 0.05625 0.0578125
0 0.9875 0.5109375 0.025 0.05625