0 0.47109375 0.115625 0.1609375 0.159375
0 0.0578125 0.05859375 0.090625 0.1171875
0 0.64296875 0.33046875 0.13125 0.125
0 0.95390625 0.0390625 0.0921875 0.05
0 0.915625 0.109375 0.1328125 0.128125
0 0.71640625 0.2359375 0.134375 0.1546875
0 0.77109375 0.121875 0.1328125 0.1453125
0 0.5515625 0.0359375 0.134375 0.071875
0 0.71640625 0.73671875 0.1390625 0.1203125
0 0.5546875 0.41328125 0.128125 0.125
1 0.9296875 0.446875 0.140625 0.125
0 0.046875 0.68984375 0.09375 0.1296875
0 0.41953125 0.028125 0.1265625 0.05625
0 0.63203125 0.63359375 0.1203125 0.1234375
0 0.11953125 0.015625 0.1078125 0.03125
0 0.11953125 0.1609375 0.1109375 0.1203125
0 0.04296875 0.56796875 0.0859375 0.1234375
0 0.48515625 0.29921875 0.13125 0.134375
0 0.8953125 0.63125 0.1296875 0.1484375
0 0.8390625 0.0359375 0.1390625 0.0515625
0 0.68984375 0.0328125 0.1421875 0.0578125
0 0.296875 0.39765625 0.1234375 0.14375
0 0.84375 0.51328125 0.13125 0.134375
0 0.01328125 0.9125 0.0265625 0.1375
0 0.73828125 0.4421875 0.128125 0.1171875
0 0.8171875 0.33359375 0.1421875 0.128125
0 0.878125 0.22578125 0.1265625 0.115625
0 0.559375 0.21328125 0.1359375 0.1234375
0 0.6671875 0.85546875 0.1265625 0.1203125
0 0.39765625 0.70546875 0.121875 0.11875
0 0.92734375 0.85078125 0.1203125 0.1578125
0 0.2578125 0.5125 0.1140625 0.1203125
0 0.35625 0.3046875 0.1328125 0.1234375
0 0.4 0.48046875 0.128125 0.1109375
0 0.85234375 0.74375 0.1359375 0.11875
0 0.02578125 0.15390625 0.0328125 0.125
0 0.634375 0.1140625 0.15 0.121875
0 0.55703125 0.903125 0.125 0.128125
0 0.234375 0.0140625 0.115625 0.028125
0 0.20859375 0.29375 0.1171875 0.1171875
0 0.659375 0.51015625 0.125 0.1203125
0 0.05625 0.43359375 0.1125 0.1515625
0 0.1453125 0.52734375 0.1140625 0.1203125
0 0.80390625 0.85234375 0.134375 0.1390625
0 0.19375 0.0734375 0.1125 0.11875
0 0.98046875 0.21484375 0.0390625 0.1265625
0 0.35859375 0.60078125 0.13125 0.125
0 0.9609375 0.328125 0.078125 0.134375
0 0.753125 0.609375 0.128125 0.1421875
0 0.528125 0.78046875 0.11875 0.115625
0 0.5203125 0.55 0.11875 0.1078125
0 0.51484375 0.6546875 0.1203125 0.1046875
0 0.26953125 0.65078125 0.1125 0.1046875
0 0.15703125 0.659375 0.11875 0.1171875
0 0.17890625 0.78046875 0.1203125 0.1015625
0 0.06015625 0.8296875 0.1203125 0.109375
0 0.1515625 0.94296875 0.1125 0.09375
0 0.29921875 0.91328125 0.1203125 0.1140625
0 0.42109375 0.8484375 0.1203125 0.1125
0 0.4375 0.96171875 0.121875 0.0765625
0 0.6875 0.96015625 0.125 0.0796875
0 0.82578125 0.96328125 0.1265625 0.0734375
0 0.9390625 0.96484375 0.090625 0.0703125
0 0.31015625 0.7765625 0.11875 0.11875
0 0.17265625 0.40859375 0.1125 0.1
0 0.0875 0.290625 0.1109375 0.1171875
0 0.26484375 0.215625 0.1125 0.103125
0 0.27421875 0.11171875 0.1046875 0.10625
0 0.4046875 0.203125 0.1015625 0.096875
0 0.98125 0.61640625 0.0328125 0.1
0 0.97421875 0.7546875 0.0375 0.0890625