1 0.87265625 0.81875 0.16484375 0.17109375
1 0.5640625 0.08828125 0.20703125 0.1765625
1 0.7453125 0.11328125 0.1859375 0.16796875
1 0.80390625 0.67734375 0.18828125 0.184375
1 0.3421875 0.84609375 0.17578125 0.1671875
1 0.39296875 0.0765625 0.1828125 0.153125
1 0.25546875 0.69375 0.16875 0.16484375
1 0.515625 0.8390625 0.1875 0.18046875
1 0.56484375 0.39765625 0.18828125 0.15703125
1 0.39375 0.38125 0.17734375 0.184375
1 0.865625 0.50546875 0.190625 0.16484375
1 0.33125 0.53359375 0.184375 0.1703125
1 0.13125 0.2484375 0.18359375 0.16484375
1 0.765625 0.3828125 0.18984375 0.18515625
1 0.92109375 0.0984375 0.1578125 0.184375
1 0.84765625 0.24609375 0.1921875 0.17890625
1 0.48359375 0.240625 0.1796875 0.184375
1 0.31796875 0.23828125 0.1890625 0.184375
1 0.93828125 0.37421875 0.12265625 0.18359375
1 0.9375 0.6453125 0.125 0.1875
1 0.609375 0.9421875 0.175 0.115625
1 0.61328125 0.69609375 0.1859375 0.1734375
1 0.07109375 0.41484375 0.1421875 0.1703125
1 0.20703125 0.11484375 0.19921875 0.18125
1 0.65625 0.25625 0.19453125 0.18203125
1 0.153125 0.5578125 0.18671875 0.1796875
1 0.70703125 0.83125 0.18359375 0.18515625
1 0.7859375 0.940625 0.18984375 0.11796875
1 0.1796875 0.834375 0.1921875 0.17265625
1 0.0734375 0.6921875 0.14609375 0.175
1 0.41328125 0.69453125 0.18828125 0.171875
1 0.221875 0.39921875 0.19765625 0.1828125
1 0.04765625 0.10703125 0.0953125 0.196875
1 0.09296875 0.953125 0.1859375 0.09375
1 0.51171875 0.55390625 0.18046875 0.17421875
1 0.2625 0.95234375 0.17578125 0.0953125
1 0.43125 0.95 0.19609375 0.1
1 0.684375 0.54140625 0.19140625 0.18203125
1 0.04375 0.8625 0.0875 0.16875
1 0.94375 0.93359375 0.11171875 0.12734375
1 0.025 0.27734375 0.05 0.1890625
1 0.10390625 0.02890625 0.19921875 0.05703125
1 0.97421875 0.8078125 0.0515625 0.196875
1 0.971875 0.2203125 0.05625 0.18359375
1 0.02734375 0.5484375 0.0546875 0.18046875
1 0.828125 0.0171875 0.1890625 0.03359375
1 0.28515625 0.0171875 0.19140625 0.0328125
1 0.65625 0.015625 0.1890625 0.03125
1 0.9828125 0.50234375 0.034375 0.1671875