0 0.0515625 0.0046875 0.0375 0.009375
0 0.09453125 0.00546875 0.0453125 0.0109375
0 0.13828125 0.00859375 0.0453125 0.0171875
0 0.18359375 0.00625 0.0421875 0.0125
0 0.22734375 0.0046875 0.0453125 0.009375
0 0.27265625 0.00859375 0.0421875 0.0171875
0 0.31875 0.00859375 0.04375 0.0171875
0 0.365625 0.0078125 0.046875 0.015625
0 0.41015625 0.0125 0.0453125 0.025
0 0.4984375 0.0109375 0.04375 0.021875
0 0.54296875 0.0125 0.0453125 0.025
0 0.4546875 0.01171875 0.04375 0.0234375
0 0.58828125 0.0125 0.04375 0.01875
0 0.040625 0.021875 0.0203125 0.04375
0 0.071875 0.025 0.0421875 0.0453125
0 0.11640625 0.0265625 0.0453125 0.0453125
0 0.1609375 0.02890625 0.0484375 0.0453125
0 0.20625 0.02890625 0.046875 0.046875
0 0.25234375 0.028125 0.04375 0.0453125
0 0.2953125 0.028125 0.04375 0.0453125
0 0.34375 0.0328125 0.04375 0.0453125
0 0.38671875 0.03671875 0.046875 0.0484375
0 0.43125 0.03671875 0.0453125 0.046875
0 0.47734375 0.0375 0.04375 0.0453125
0 0.52109375 0.03828125 0.0453125 0.046875
0 0.565625 0.04140625 0.0453125 0.0453125
0 0.6125 0.0390625 0.046875 0.0453125
0 0.659375 0.040625 0.0453125 0.0453125
0 0.70625 0.0375 0.04375 0.046875
0 0.75078125 0.03984375 0.040625 0.0453125
0 0.790625 0.046875 0.0453125 0.04375
0 0.8390625 0.04609375 0.046875 0.04375
0 0.88515625 0.0453125 0.046875 0.0421875
0 0.9296875 0.0484375 0.0453125 0.0421875
0 0.975 0.05234375 0.046875 0.04375
0 0.09453125 0.0625 0.04375 0.04375
0 0.04921875 0.06640625 0.04375 0.0453125
0 0.1375 0.06875 0.04375 0.04375
0 0.18359375 0.06953125 0.04375 0.0453125
0 0.228125 0.065625 0.04375 0.0453125
0 0.271875 0.0671875 0.04375 0.0453125
0 0.31796875 0.07265625 0.046875 0.0453125
0 0.36171875 0.07734375 0.046875 0.0453125
0 0.4078125 0.0765625 0.0453125 0.0453125
0 0.45546875 0.07578125 0.0453125 0.046875
0 0.49921875 0.075 0.04375 0.04375
0 0.54296875 0.07890625 0.0484375 0.04375
0 0.58828125 0.08046875 0.046875 0.0453125
0 0.63046875 0.08125 0.0453125 0.04375
0 0.68046875 0.08046875 0.0453125 0.04375
0 0.72578125 0.078125 0.04375 0.04375
0 0.77265625 0.0765625 0.0453125 0.046875
0 0.03515625 0.109375 0.021875 0.0421875
0 0.06875 0.1015625 0.04375 0.04375
0 0.1140625 0.103125 0.0453125 0.0453125
0 0.15859375 0.1109375 0.0453125 0.0421875
0 0.20234375 0.11015625 0.04375 0.0421875
0 0.2484375 0.1078125 0.0453125 0.0453125
0 0.29453125 0.1109375 0.0453125 0.04375
0 0.3375 0.1140625 0.0453125 0.0453125
0 0.38203125 0.11640625 0.0453125 0.04375
0 0.42890625 0.1171875 0.0421875 0.040625
0 0.4765625 0.11640625 0.04375 0.040625
0 0.51875 0.11796875 0.046875 0.0453125
0 0.56328125 0.11953125 0.0453125 0.0421875
0 0.60859375 0.12109375 0.04375 0.04375
0 0.66015625 0.1109375 0.0453125 0.04375
0 0.703125 0.11484375 0.0421875 0.0453125
0 0.7484375 0.115625 0.0453125 0.0453125
0 0.79375 0.1171875 0.0453125 0.0453125
0 0.8125 0.0828125 0.040625 0.0453125
0 0.8578125 0.0859375 0.0421875 0.04375
0 0.90390625 0.084375 0.0421875 0.0421875
0 0.94765625 0.08828125 0.0421875 0.0421875
0 0.98515625 0.09140625 0.0296875 0.0421875
0 0.83828125 0.11796875 0.046875 0.0453125
0 0.8828125 0.1203125 0.04375 0.0453125
0 0.9265625 0.125 0.046875 0.04375
0 0.97109375 0.12890625 0.04375 0.04375
0 0.0453125 0.14140625 0.04375 0.0453125
0 0.090625 0.1421875 0.04375 0.04375
0 0.18046875 0.14453125 0.04375 0.04375
0 0.134375 0.14140625 0.0421875 0.04375
0 0.225 0.146875 0.04375 0.0453125
0 0.26875 0.14921875 0.04375 0.0453125
0 0.3140625 0.1484375 0.0421875 0.04375
0 0.3578125 0.15 0.04375 0.04375
0 0.40390625 0.15390625 0.0453125 0.0453125
0 0.4515625 0.15625 0.0453125 0.0453125
0 0.4984375 0.1546875 0.0453125 0.0453125
0 0.54296875 0.15390625 0.0453125 0.0453125
0 0.58984375 0.15 0.0453125 0.0421875
0 0.63359375 0.1515625 0.04375 0.0421875
0 0.6796875 0.153125 0.0453125 0.0453125
0 0.72578125 0.15234375 0.0453125 0.04375
0 0.76875 0.15625 0.04375 0.0453125
0 0.81484375 0.15625 0.046875 0.0453125
0 0.859375 0.15859375 0.04375 0.04375
0 0.9078125 0.16171875 0.0421875 0.0421875
0 0.94765625 0.165625 0.0421875 0.0453125
0 0.9859375 0.1609375 0.028125 0.04375
0 0.0296875 0.18515625 0.0203125 0.040625
0 0.06484375 0.18125 0.046875 0.046875
0 0.11328125 0.18125 0.040625 0.04375
0 0.15703125 0.18125 0.0421875 0.04375
0 0.2 0.18515625 0.0421875 0.04375
0 0.2453125 0.1859375 0.0453125 0.0421875
0 0.290625 0.18515625 0.0421875 0.0421875
0 0.33359375 0.19296875 0.0421875 0.0421875
0 0.42421875 0.19140625 0.0453125 0.0453125
0 0.378125 0.19140625 0.04375 0.0421875
0 0.471875 0.19140625 0.04375 0.0453125
0 0.51875 0.19453125 0.0421875 0.04375
0 0.5640625 0.19375 0.0453125 0.04375
0 0.609375 0.19140625 0.04375 0.0421875
0 0.653125 0.19140625 0.04375 0.0421875
0 0.7015625 0.19140625 0.0453125 0.0453125
0 0.74375 0.19453125 0.0453125 0.0421875
0 0.7875 0.19921875 0.0421875 0.04375
0 0.83359375 0.19921875 0.04375 0.04375
2 0.83359375 0.2671875 0.0515625 0.0421875
1 0.96484375 0.34921875 0.0515625 0.0484375
0 0.88046875 0.19765625 0.04375 0.04375
0 0.92890625 0.2 0.04375 0.0421875
0 0.97109375 0.2046875 0.04375 0.0453125
0 0.996875 0.20078125 0.00625 0.0421875
0 0.04140625 0.22109375 0.0453125 0.0421875
0 0.0875 0.22109375 0.0421875 0.04375
0 0.13203125 0.21953125 0.04375 0.04375
0 0.17890625 0.22265625 0.0453125 0.0453125
0 0.2234375 0.2203125 0.0453125 0.04375
0 0.26796875 0.22578125 0.0453125 0.04375
0 0.3125 0.2234375 0.04375 0.04375
0 0.36015625 0.22890625 0.04375 0.04375
0 0.40390625 0.22578125 0.0453125 0.0453125
0 0.49765625 0.2328125 0.0453125 0.04375
0 0.54375 0.23125 0.0421875 0.0421875
0 0.584375 0.2359375 0.0421875 0.04375
0 0.63046875 0.23671875 0.0453125 0.04375
0 0.6765625 0.2328125 0.046875 0.0453125
0 0.721875 0.23203125 0.0421875 0.04375
0 0.7640625 0.2359375 0.04375 0.04375
0 0.7890625 0.26953125 0.04375 0.0453125
0 0.8140625 0.23203125 0.040625 0.04375
0 0.8578125 0.2359375 0.04375 0.04375
0 0.90234375 0.23515625 0.04375 0.04375
0 0.878125 0.27578125 0.046875 0.04375
0 0.946875 0.24140625 0.04375 0.04375
0 0.9859375 0.2390625 0.028125 0.04375
0 0.92265625 0.275 0.0453125 0.0453125
0 0.965625 0.28203125 0.046875 0.04375
0 0.99609375 0.27734375 0.0078125 0.0453125
0 0.0265625 0.2546875 0.025 0.0421875
0 0.06328125 0.2578125 0.0421875 0.0453125
0 0.109375 0.25546875 0.04375 0.0453125
0 0.1546875 0.259375 0.0453125 0.0453125
0 0.2 0.2609375 0.04375 0.0453125
0 0.24375 0.26328125 0.0453125 0.0453125
0 0.28671875 0.265625 0.04375 0.0453125
0 0.334375 0.2671875 0.0453125 0.0421875
0 0.3796875 0.271875 0.0453125 0.04375
0 0.42578125 0.26875 0.0453125 0.0453125
0 0.4703125 0.2703125 0.04375 0.0453125
0 0.5171875 0.27109375 0.046875 0.04375
0 0.5625 0.271875 0.04375 0.04375
0 0.60625 0.2703125 0.0421875 0.0421875
0 0.64921875 0.2765625 0.04375 0.0421875
0 0.69453125 0.271875 0.04375 0.04375
0 0.7421875 0.271875 0.0453125 0.0453125
0 0.765625 0.30625 0.0453125 0.0453125
0 0.8109375 0.3109375 0.04375 0.0453125
0 0.85625 0.3125 0.0453125 0.04375
0 0.9 0.3140625 0.0453125 0.04375
0 0.94453125 0.3125 0.04375 0.0453125
0 0.984375 0.31640625 0.03125 0.0453125
0 0.99453125 0.35703125 0.0109375 0.0453125
0 0.0421875 0.2953125 0.0453125 0.0421875
0 0.0875 0.296875 0.04375 0.0453125
0 0.13203125 0.2953125 0.0453125 0.04375
0 0.17578125 0.29765625 0.0421875 0.04375
0 0.221875 0.30390625 0.0421875 0.0453125
0 0.26953125 0.303125 0.04375 0.04375
0 0.31171875 0.30234375 0.0453125 0.04375
0 0.35625 0.309375 0.0453125 0.04375
0 0.4015625 0.31015625 0.0453125 0.04375
0 0.44765625 0.3078125 0.04375 0.0453125
0 0.4890625 0.3125 0.0453125 0.04375
0 0.53828125 0.31171875 0.0453125 0.0453125
0 0.58046875 0.31328125 0.0453125 0.0453125
0 0.62890625 0.3109375 0.0453125 0.04375
0 0.671875 0.31328125 0.04375 0.0421875
0 0.71640625 0.3140625 0.04375 0.04375
0 0.02421875 0.33515625 0.03125 0.0421875
0 0.0625 0.33359375 0.0453125 0.04375
0 0.11015625 0.33359375 0.04375 0.04375
0 0.15703125 0.334375 0.04375 0.0421875
0 0.2 0.34140625 0.0421875 0.040625
0 0.2421875 0.34375 0.04375 0.0421875
0 0.28671875 0.34296875 0.04375 0.0453125
0 0.33359375 0.3421875 0.0453125 0.0453125
0 0.37890625 0.34375 0.0453125 0.04375
0 0.4234375 0.34765625 0.04375 0.0421875
0 0.46953125 0.3484375 0.0453125 0.04375
0 0.51328125 0.35234375 0.04375 0.04375
0 0.55703125 0.3515625 0.04375 0.04375
0 0.60390625 0.35 0.04375 0.04375
0 0.64921875 0.3484375 0.046875 0.0453125
0 0.69453125 0.35 0.040625 0.04375
0 0.73984375 0.34765625 0.04375 0.04375
0 0.78671875 0.34609375 0.04375 0.04375
0 0.83125 0.35 0.04375 0.046875
0 0.87578125 0.353125 0.040625 0.0421875
0 0.9203125 0.353125 0.0453125 0.04375
0 0.94453125 0.3890625 0.046875 0.0453125
0 0.98359375 0.3921875 0.0328125 0.04375
0 0.040625 0.3703125 0.04375 0.04375
0 0.08515625 0.3703125 0.04375 0.04375
0 0.13046875 0.3734375 0.0421875 0.0453125
0 0.175 0.38203125 0.040625 0.0421875
0 0.21953125 0.3796875 0.04375 0.0453125
0 0.26484375 0.37890625 0.0453125 0.046875
0 0.309375 0.3875 0.04375 0.04375
0 0.35390625 0.384375 0.0421875 0.04375
0 0.403125 0.3796875 0.0453125 0.0453125
0 0.44765625 0.38671875 0.04375 0.04375
0 0.4921875 0.38359375 0.0453125 0.0453125
0 0.53984375 0.3828125 0.04375 0.0453125
0 0.584375 0.3859375 0.0453125 0.0453125
0 0.628125 0.38828125 0.0421875 0.0421875
0 0.6734375 0.384375 0.0453125 0.0453125
0 0.7171875 0.384375 0.04375 0.046875
0 0.7625 0.384375 0.04375 0.04375
0 0.80859375 0.38671875 0.0453125 0.04375
0 0.8546875 0.3875 0.046875 0.0453125
0 0.89609375 0.39375 0.0421875 0.0421875
0 0.01953125 0.4171875 0.0328125 0.0421875
0 0.0609375 0.409375 0.0453125 0.046875
0 0.1046875 0.41484375 0.04375 0.046875
0 0.14921875 0.4171875 0.046875 0.046875
0 0.19609375 0.415625 0.04375 0.0453125
0 0.23984375 0.421875 0.04375 0.0453125
0 0.28671875 0.4171875 0.0453125 0.046875
0 0.33125 0.42109375 0.0453125 0.0453125
0 0.37890625 0.41875 0.04375 0.0453125
0 0.425 0.4203125 0.0453125 0.0453125
0 0.4703125 0.42109375 0.0453125 0.046875
0 0.515625 0.421875 0.04375 0.0453125
0 0.56171875 0.425 0.04375 0.0453125
0 0.6015625 0.43203125 0.0421875 0.0421875
0 0.6484375 0.428125 0.04375 0.04375
0 0.69453125 0.42578125 0.046875 0.04375
0 0.73984375 0.4234375 0.04375 0.046875
0 0.784375 0.4265625 0.04375 0.0453125
0 0.83046875 0.42421875 0.0453125 0.0453125
0 0.03984375 0.44765625 0.04375 0.0453125
0 0.08203125 0.45 0.0453125 0.0453125
0 0.12890625 0.45078125 0.0421875 0.0421875
0 0.17421875 0.453125 0.0421875 0.0453125
0 0.21640625 0.46015625 0.04375 0.0453125
0 0.2640625 0.45859375 0.0453125 0.0453125
0 0.309375 0.459375 0.0453125 0.0453125
0 0.35234375 0.459375 0.0453125 0.0453125
0 0.39765625 0.459375 0.0453125 0.046875
0 0.44609375 0.46015625 0.046875 0.046875
0 0.490625 0.4609375 0.0453125 0.046875
0 0.53671875 0.4625 0.0453125 0.0453125
0 0.57890625 0.46796875 0.04375 0.04375
0 0.62578125 0.4640625 0.0453125 0.046875
0 0.66953125 0.4640625 0.0453125 0.0453125
0 0.71796875 0.46484375 0.0484375 0.0453125
0 0.7625 0.4609375 0.0421875 0.046875
0 0.80625 0.4625 0.04375 0.04375
0 0.85078125 0.46484375 0.0453125 0.0453125
0 0.87890625 0.42734375 0.046875 0.046875
0 0.9234375 0.43125 0.0421875 0.0453125
0 0.96796875 0.42890625 0.046875 0.04375
0 0.89765625 0.46640625 0.04375 0.0421875
0 0.9421875 0.46875 0.04375 0.04375
0 0.98359375 0.46953125 0.0328125 0.0421875
2 0.9203125 0.50859375 0.0515625 0.0453125
0 0.01796875 0.48984375 0.0359375 0.0453125
0 0.0578125 0.49140625 0.0453125 0.04375
0 0.10390625 0.49140625 0.0453125 0.04375
0 0.15078125 0.49296875 0.04375 0.0453125
0 0.196875 0.49375 0.046875 0.0453125
0 0.240625 0.4921875 0.046875 0.046875
0 0.28515625 0.5 0.0453125 0.04375
0 0.33125 0.5 0.0453125 0.0453125
0 0.3765625 0.50078125 0.046875 0.04375
0 0.421875 0.50078125 0.04375 0.0453125
0 0.46484375 0.50390625 0.04375 0.0453125
0 0.51015625 0.5 0.046875 0.046875
0 0.55546875 0.50546875 0.0453125 0.0421875
0 0.6 0.50703125 0.0453125 0.04375
0 0.6453125 0.50390625 0.0453125 0.0484375
0 0.690625 0.5046875 0.0453125 0.0453125
0 0.7375 0.50390625 0.0453125 0.046875
0 0.7828125 0.50078125 0.04375 0.046875
0 0.828125 0.50390625 0.04375 0.0453125
0 0.8734375 0.50625 0.0453125 0.0453125
0 0.965625 0.5078125 0.046875 0.0453125
0 0.0078125 0.5203125 0.015625 0.04375
0 0.03515625 0.52734375 0.0421875 0.0453125
0 0.0828125 0.5234375 0.04375 0.04375
0 0.12734375 0.53203125 0.04375 0.04375
0 0.171875 0.5328125 0.0453125 0.0484375
0 0.21796875 0.534375 0.0453125 0.0484375
0 0.2625 0.53828125 0.04375 0.0453125
0 0.30703125 0.53828125 0.046875 0.046875
0 0.3546875 0.53828125 0.046875 0.046875
0 0.4 0.53671875 0.0453125 0.0453125
0 0.44140625 0.54140625 0.04375 0.046875
0 0.4859375 0.5453125 0.046875 0.046875
0 0.53125 0.54140625 0.0453125 0.0453125
0 0.57890625 0.54375 0.046875 0.0453125
0 0.6234375 0.54375 0.0484375 0.046875
0 0.66875 0.5421875 0.046875 0.0453125
0 0.71328125 0.54375 0.0453125 0.046875
0 0.01796875 0.559375 0.0359375 0.04375
0 0.0609375 0.5625 0.04375 0.0453125
0 0.10390625 0.56875 0.04375 0.0453125
0 0.14921875 0.57265625 0.04375 0.04375
0 0.19453125 0.571875 0.04375 0.0453125
0 0.240625 0.5703125 0.0453125 0.0453125
0 0.2828125 0.578125 0.04375 0.0453125
0 0.33046875 0.57578125 0.04375 0.04375
0 0.375 0.575 0.04375 0.046875
0 0.42109375 0.58046875 0.04375 0.04375
0 0.4625 0.58125 0.0421875 0.0453125
0 0.5078125 0.58046875 0.0453125 0.0453125
0 0.553125 0.58359375 0.0453125 0.0421875
0 0.6015625 0.584375 0.046875 0.0421875
0 0.65 0.5796875 0.0453125 0.0453125
0 0.69296875 0.58203125 0.0421875 0.0453125
0 0.73671875 0.5796875 0.0453125 0.046875
0 0.7828125 0.584375 0.04375 0.04375
0 0.7609375 0.54296875 0.0421875 0.0421875
0 0.80390625 0.5421875 0.04375 0.0453125
0 0.85078125 0.54453125 0.04375 0.0453125
0 0.89375 0.5484375 0.04375 0.0421875
0 0.825 0.58671875 0.0453125 0.04375
0 0.87109375 0.58671875 0.04375 0.04375
0 0.94140625 0.5484375 0.04375 0.0421875
0 0.98046875 0.55078125 0.0375 0.0421875
0 0.9171875 0.58515625 0.0453125 0.0453125
0 0.96171875 0.58671875 0.04375 0.04375
0 0.00625 0.5984375 0.0125 0.04375
0 0.0359375 0.60234375 0.0453125 0.0453125
0 0.08046875 0.60546875 0.04375 0.04375
0 0.125 0.609375 0.04375 0.0453125
0 0.17109375 0.60859375 0.04375 0.04375
0 0.215625 0.6125 0.0421875 0.0421875
0 0.26171875 0.61640625 0.0453125 0.04375
0 0.30703125 0.6140625 0.0453125 0.0453125
0 0.3546875 0.61171875 0.04375 0.0453125
0 0.3953125 0.61953125 0.04375 0.04375
0 0.440625 0.6203125 0.0453125 0.0453125
0 0.48359375 0.62109375 0.0421875 0.04375
0 0.528125 0.61953125 0.04375 0.04375
0 0.575 0.6203125 0.04375 0.046875
0 0.62421875 0.61640625 0.046875 0.0453125
0 0.66640625 0.6203125 0.04375 0.04375
0 0.71171875 0.62109375 0.04375 0.04375
0 0.75703125 0.6203125 0.0453125 0.0453125
0 0.8046875 0.62265625 0.04375 0.0421875
0 0.84765625 0.62265625 0.04375 0.04375
0 0.89140625 0.628125 0.04375 0.0421875
0 0.9375 0.62578125 0.0453125 0.0421875
0 0.9765625 0.62578125 0.034375 0.0421875
0 0.0171875 0.63984375 0.034375 0.0453125
0 0.05859375 0.6421875 0.040625 0.0421875
0 0.103125 0.6484375 0.0421875 0.04375
0 0.14765625 0.6484375 0.04375 0.0421875
0 0.19296875 0.64921875 0.0421875 0.0453125
0 0.2390625 0.65078125 0.04375 0.04375
0 0.284375 0.653125 0.04375 0.046875
0 0.33046875 0.6515625 0.0421875 0.04375
0 0.375 0.65703125 0.0421875 0.0453125
0 0.41953125 0.6578125 0.0453125 0.0453125
0 0.4640625 0.66171875 0.04375 0.0453125
0 0.50859375 0.65859375 0.0421875 0.0421875
0 0.5515625 0.66171875 0.040625 0.04375
0 0.59609375 0.66484375 0.0421875 0.0421875
0 0.64296875 0.66015625 0.04375 0.04375
0 0.690625 0.6609375 0.04375 0.04375
0 0.73671875 0.66171875 0.04375 0.04375
0 0.7796875 0.66171875 0.04375 0.0453125
0 0.82578125 0.6640625 0.0453125 0.046875
0 0.8703125 0.66328125 0.04375 0.0453125
0 0.9140625 0.6625 0.04375 0.0453125
0 0.96171875 0.6625 0.04375 0.04375
0 0.00625 0.68359375 0.0125 0.0421875
0 0.034375 0.68359375 0.0453125 0.0453125
0 0.0796875 0.68359375 0.0453125 0.0421875
0 0.1265625 0.6875 0.04375 0.0421875
0 0.171875 0.68515625 0.04375 0.0453125
0 0.21484375 0.69609375 0.0421875 0.0453125
0 0.26171875 0.69140625 0.0453125 0.0453125
0 0.30703125 0.69375 0.04375 0.0453125
0 0.35234375 0.69453125 0.04375 0.04375
0 0.3953125 0.69765625 0.0421875 0.0453125
0 0.4390625 0.70234375 0.04375 0.0453125
0 0.48515625 0.69765625 0.0453125 0.04375
0 0.52890625 0.70078125 0.04375 0.040625
0 0.575 0.70078125 0.04375 0.04375
0 0.61953125 0.70078125 0.0453125 0.0453125
0 0.6640625 0.70546875 0.046875 0.0453125
0 0.709375 0.703125 0.0421875 0.04375
0 0.75234375 0.70625 0.04375 0.0421875
0 0.8 0.70078125 0.04375 0.04375
0 0.84765625 0.70390625 0.0421875 0.0421875
0 0.89296875 0.70234375 0.0421875 0.0453125
0 0.940625 0.69921875 0.0421875 0.0421875
0 0.97421875 0.7015625 0.028125 0.0421875
0 0.01484375 0.7203125 0.0296875 0.046875
0 0.053125 0.721875 0.04375 0.0421875
0 0.0984375 0.72734375 0.040625 0.0421875
0 0.146875 0.725 0.0421875 0.0421875
0 0.19375 0.72421875 0.0453125 0.0421875
0 0.23984375 0.7296875 0.040625 0.0421875
0 0.2828125 0.73046875 0.040625 0.0421875
0 0.32578125 0.73203125 0.0421875 0.0421875
0 0.37109375 0.734375 0.04375 0.0453125
0 0.4171875 0.734375 0.0421875 0.0421875
0 0.46015625 0.73671875 0.040625 0.0421875
0 0.50546875 0.73828125 0.0421875 0.0421875
0 0.55 0.7375 0.04375 0.0453125
0 0.59765625 0.73515625 0.04375 0.0421875
0 0.6421875 0.7375 0.0421875 0.0453125
0 0.6875 0.740625 0.0421875 0.04375
0 0.73359375 0.740625 0.0421875 0.0421875
0 0.77890625 0.740625 0.0453125 0.04375
0 0.82578125 0.7375 0.04375 0.0421875
0 0.86953125 0.74140625 0.0421875 0.0421875
0 0.91171875 0.740625 0.04375 0.04375
0 0.96015625 0.73828125 0.0421875 0.0421875
0 0.003125 0.7625 0.00625 0.04375
0 0.03203125 0.76171875 0.04375 0.04375
0 0.0765625 0.7625 0.04375 0.0453125
0 0.121875 0.7640625 0.04375 0.04375
0 0.1671875 0.76875 0.04375 0.04375
0 0.2125 0.771875 0.04375 0.04375
0 0.259375 0.771875 0.04375 0.04375
0 0.303125 0.7734375 0.04375 0.0421875
0 0.34765625 0.771875 0.0453125 0.046875
0 0.3921875 0.775 0.04375 0.0453125
0 0.43828125 0.77578125 0.0453125 0.04375
0 0.4828125 0.77578125 0.04375 0.0453125
0 0.52578125 0.7765625 0.0453125 0.046875
0 0.56953125 0.778125 0.0453125 0.0453125
0 0.615625 0.77890625 0.04375 0.0421875
0 0.6609375 0.78046875 0.04375 0.04375
0 0.7078125 0.78046875 0.04375 0.04375
0 0.753125 0.78125 0.046875 0.04375
0 0.796875 0.784375 0.04375 0.04375
0 0.84609375 0.77890625 0.046875 0.04375
0 0.890625 0.7828125 0.0453125 0.04375
0 0.934375 0.78515625 0.0453125 0.04375
1 0.965625 0.7828125 0.034375 0.0453125
0 0.9578125 0.82265625 0.0453125 0.0453125
0 0.95390625 0.8984375 0.0421875 0.046875
0 0.6859375 0.81640625 0.04375 0.0453125
0 0.73359375 0.82109375 0.04375 0.0421875
0 0.77578125 0.82109375 0.0453125 0.04375
0 0.81875 0.82265625 0.0453125 0.04375
0 0.86953125 0.81875 0.0453125 0.04375
0 0.91015625 0.82265625 0.04375 0.0453125
0 0.88984375 0.8625 0.0453125 0.04375
0 0.84609375 0.85703125 0.0453125 0.0421875
0 0.93203125 0.8625 0.04375 0.0453125
0 0.9125 0.9 0.046875 0.0453125
0 0.8671875 0.90234375 0.0453125 0.04375
0 0.01328125 0.796875 0.0265625 0.046875
0 0.05234375 0.8015625 0.0421875 0.046875
0 0.09765625 0.80234375 0.04375 0.0453125
0 0.14375 0.8015625 0.046875 0.0453125
0 0.1875 0.80625 0.0453125 0.04375
0 0.234375 0.8078125 0.0453125 0.0453125
0 0.28046875 0.809375 0.04375 0.04375
0 0.32421875 0.8140625 0.0421875 0.0453125
0 0.36953125 0.8140625 0.04375 0.0453125
0 0.4140625 0.8140625 0.04375 0.0453125
0 0.4578125 0.81640625 0.04375 0.0453125
0 0.5046875 0.8140625 0.046875 0.0453125
0 0.55 0.815625 0.0453125 0.04375
0 0.59453125 0.8140625 0.0453125 0.0453125
0 0.63828125 0.81953125 0.040625 0.0453125
0 0.6640625 0.8578125 0.04375 0.0453125
0 0.709375 0.859375 0.0453125 0.04375
0 0.753125 0.8609375 0.0421875 0.0453125
0 0.61875 0.853125 0.0421875 0.0421875
0 0.53125 0.85390625 0.05 0.046875
0 0.56953125 0.85703125 0.040625 0.04375
0 0.5921875 0.89609375 0.04375 0.0421875
0 0.6375 0.89921875 0.04375 0.0453125
0 0.684375 0.89765625 0.0453125 0.04375
0 0.7296875 0.9015625 0.0453125 0.0421875
0 0.77421875 0.9015625 0.04375 0.0453125
0 0.7984375 0.85859375 0.0453125 0.04375
0 0.8203125 0.89921875 0.0453125 0.0453125
0 0.00390625 0.8328125 0.0078125 0.046875
0 0.03046875 0.83515625 0.04375 0.046875
0 0.07578125 0.8390625 0.0453125 0.04375
0 0.11953125 0.8421875 0.04375 0.0453125
0 0.1640625 0.8453125 0.04375 0.0453125
0 0.2078125 0.8453125 0.0453125 0.0453125
0 0.25546875 0.84609375 0.04375 0.0453125
0 0.30234375 0.85 0.04375 0.0453125
0 0.34375 0.8578125 0.0421875 0.04375
0 0.39140625 0.85078125 0.046875 0.0453125
0 0.43984375 0.85078125 0.0453125 0.046875
0 0.48359375 0.853125 0.046875 0.0453125
0 0.55 0.890625 0.04375 0.046875
0 0.50546875 0.89296875 0.04375 0.046875
0 0.459375 0.8921875 0.046875 0.0453125
0 0.4140625 0.89375 0.0421875 0.0453125
0 0.37109375 0.8890625 0.046875 0.04375
0 0.32265625 0.88984375 0.04375 0.0453125
0 0.2796875 0.8875 0.046875 0.046875
0 0.015625 0.87265625 0.03125 0.0453125
0 0.05234375 0.8765625 0.046875 0.04375
0 0.09609375 0.88359375 0.040625 0.04375
0 0.140625 0.8828125 0.04375 0.0453125
0 0.1859375 0.8828125 0.0453125 0.0453125
0 0.2328125 0.88671875 0.0453125 0.0453125
0 0.2546875 0.92421875 0.0453125 0.0453125
0 0.2109375 0.925 0.04375 0.0453125
0 0.16484375 0.921875 0.0484375 0.0453125
0 0.11953125 0.921875 0.0453125 0.0453125
0 0.07109375 0.9203125 0.04375 0.0453125
0 0.025 0.9171875 0.04375 0.0453125
0 0.0140625 0.94921875 0.028125 0.0359375
0 0.05078125 0.953125 0.0421875 0.0359375
0 0.09453125 0.95546875 0.04375 0.0375
0 0.140625 0.9578125 0.04375 0.0390625
0 0.18671875 0.959375 0.04375 0.0421875
0 0.2296875 0.96328125 0.046875 0.040625
0 0.275 0.9640625 0.04375 0.04375
0 0.30078125 0.92578125 0.0453125 0.04375
0 0.34375 0.93046875 0.0421875 0.0421875
0 0.39140625 0.93046875 0.04375 0.0453125
0 0.43515625 0.93203125 0.04375 0.04375
0 0.48203125 0.93125 0.0453125 0.0453125
0 0.528125 0.93046875 0.0453125 0.04375
0 0.5703125 0.93515625 0.04375 0.04375
0 0.61875 0.93671875 0.046875 0.0453125
0 0.6421875 0.97265625 0.0453125 0.046875
0 0.659375 0.94140625 0.040625 0.0453125
0 0.7078125 0.93671875 0.0453125 0.0453125
0 0.6859375 0.97421875 0.04375 0.0453125
0 0.753125 0.9390625 0.04375 0.0453125
0 0.7953125 0.9421875 0.04375 0.0453125
0 0.8421875 0.94140625 0.046875 0.04375
0 0.8890625 0.94140625 0.0453125 0.0453125
0 0.934375 0.94375 0.0453125 0.04375
0 0.72890625 0.97578125 0.046875 0.0453125
0 0.77578125 0.97734375 0.0453125 0.0453125
0 0.81953125 0.978125 0.0453125 0.04375
0 0.86171875 0.98046875 0.0421875 0.0390625
0 0.91015625 0.9796875 0.0453125 0.040625
0 0.95 0.98046875 0.0375 0.0390625
0 0.321875 0.96640625 0.04375 0.0453125
0 0.3671875 0.97109375 0.04375 0.0453125
0 0.4140625 0.96953125 0.04375 0.0484375
0 0.45625 0.97265625 0.0453125 0.046875
0 0.50390625 0.97265625 0.04375 0.04375
0 0.5484375 0.9734375 0.0453125 0.046875
0 0.59140625 0.978125 0.0421875 0.04375
0 0.70625 0.9953125 0.04375 0.009375
1 0.44765625 0.23046875 0.05 0.05