0 0.8515625 0.2640625 0.0703125 0.0703125
0 0.86953125 0.32578125 0.071875 0.06875
0 0.896875 0.19765625 0.071875 0.0734375
0 0.95234375 0.16328125 0.071875 0.071875
0 0.8921875 0.38203125 0.0734375 0.06875
0 0.91875 0.2640625 0.071875 0.0703125
0 0.9078125 0.4421875 0.071875 0.0703125
0 0.7828125 0.08125 0.0703125 0.06875
0 0.96875 0.63359375 0.04375 0.0734375
0 0.815625 0.14140625 0.0703125 0.06875
1 0.9046875 0.128125 0.0875 0.06875
1 0.83203125 0.2015625 0.084375 0.0625
1 0.96953125 0.225 0.0609375 0.06875
1 0.975 0.28828125 0.05 0.0671875
1 0.94375 0.32109375 0.0921875 0.0671875
1 0.9921875 0.3375 0.015625 0.065625
1 0.95703125 0.38515625 0.06875 0.065625
0 0.971875 0.45234375 0.05625 0.0765625
1 0.9390625 0.51171875 0.075 0.0671875
1 0.98671875 0.5234375 0.0265625 0.0625
1 0.96171875 0.57109375 0.0734375 0.0640625