0 0.9421875 0.1625 0.0453125 0.0484375
0 0.88515625 0.0921875 0.046875 0.0484375
0 0.921875 0.0140625 0.046875 0.028125
0 0.915625 0.128125 0.046875 0.0484375
0 0.82890625 0.02421875 0.046875 0.046875
0 0.93359375 0.08359375 0.0421875 0.046875
0 0.875 0.01796875 0.046875 0.0359375
0 0.8609375 0.06015625 0.046875 0.0484375
0 0.903125 0.0515625 0.046875 0.046875
0 0.93671875 0.0390625 0.025 0.0453125
0 0.80546875 0.00703125 0.0453125 0.0140625
0 0.95859375 0.1984375 0.0203125 0.0421875
0 0.9484375 0.1203125 0.021875 0.046875