0 0.18125 0.0671875 0.10625 0.11875
0 0.1984375 0.4671875 0.134375 0.14375
0 0.90546875 0.09375 0.1265625 0.1234375
0 0.26640625 0.03046875 0.1015625 0.0609375
0 0.25078125 0.15546875 0.109375 0.121875
0 0.0328125 0.53046875 0.065625 0.1203125
0 0.08671875 0.425 0.1078125 0.128125
0 0.12890625 0.54609375 0.1078125 0.125
0 0.28046875 0.27734375 0.109375 0.115625
0 0.21171875 0.65234375 0.1140625 0.1375
0 0.76953125 0.5109375 0.1265625 0.140625
0 0.45625 0.1328125 0.1265625 0.134375
0 0.36796875 0.203125 0.1109375 0.1328125
0 0.965625 0.459375 0.06875 0.140625
0 0.17265625 0.33359375 0.1109375 0.1171875
0 0.6140625 0.49765625 0.1296875 0.1375
0 0.0546875 0.17421875 0.090625 0.1296875
0 0.97734375 0.58984375 0.0421875 0.1140625
0 0.58515625 0.1828125 0.13125 0.134375
0 0.9421875 0.19609375 0.115625 0.1140625
0 0.4421875 0.02890625 0.1125 0.0578125
0 0.35859375 0.0625 0.10625 0.1234375
0 0.95625 0.33046875 0.0875 0.1171875
0 0.5828125 0.6359375 0.1171875 0.1125
0 0.07578125 0.2890625 0.1390625 0.153125
0 0.0625 0.67109375 0.125 0.1421875
0 0.88671875 0.77890625 0.1265625 0.1265625
0 0.1546875 0.78203125 0.11875 0.115625
0 0.5171875 0.39140625 0.115625 0.1203125
0 0.40859375 0.46640625 0.109375 0.128125
0 0.31796875 0.53046875 0.1046875 0.1234375
0 0.89453125 0.54375 0.121875 0.115625
0 0.4140625 0.815625 0.134375 0.1421875
0 0.4578125 0.29921875 0.1171875 0.121875
0 0.69609375 0.6046875 0.1234375 0.1296875
0 0.69453125 0.03828125 0.1140625 0.065625
0 0.52109375 0.5421875 0.1171875 0.1390625
0 0.2921875 0.40390625 0.1078125 0.1203125
0 0.01875 0.409375 0.0375 0.1765625
0 0.39609375 0.3390625 0.1203125 0.115625
0 0.31953125 0.746875 0.109375 0.1078125
0 0.40234375 0.65 0.13125 0.128125
0 0.515625 0.734375 0.09375 0.10625
0 0.64609375 0.784375 0.0921875 0.103125
0 0.76171875 0.8015625 0.1140625 0.1
0 0.69296875 0.43671875 0.1203125 0.10625
0 0.846875 0.40625 0.09375 0.1078125
0 0.86015625 0.26796875 0.13125 0.121875
0 0.8171875 0.13671875 0.10625 0.121875
0 0.70078125 0.15 0.115625 0.1046875
0 0.73046875 0.26640625 0.125 0.109375
0 0.61171875 0.3125 0.1265625 0.128125
0 0.56796875 0.065625 0.1078125 0.1046875
0 0.80703125 0.03671875 0.1015625 0.05625
0 0.2890625 0.79296875 0.115625 0.0984375
0 0.8421875 0.68125 0.1234375 0.1171875
0 0.17890625 0.21796875 0.103125 0.10625
0 0.97578125 0.74453125 0.0359375 0.1171875