0 0.5203125 0.06796875 0.15 0.1359375
0 0.03046875 0.16328125 0.0609375 0.1484375
0 0.0609375 0.32109375 0.121875 0.1234375
0 0.0953125 0.0984375 0.1375 0.11875
0 0.60546875 0.0203125 0.1703125 0.040625
0 0.14453125 0.21328125 0.1375 0.1359375
0 0.3796875 0.06953125 0.13125 0.1203125
0 0.23203125 0.08359375 0.128125 0.11875
0 0.27265625 0.19296875 0.1453125 0.1265625
0 0.40625 0.18203125 0.1359375 0.128125
0 0.27265625 0.309375 0.128125 0.1109375
0 0.16953125 0.39609375 0.13125 0.115625
0 0.065625 0.4671875 0.13125 0.11875