0 0.040625 0.6015625 0.06875 0.0671875
0 0.03046875 0.84296875 0.0609375 0.0640625
0 0.03203125 0.74296875 0.0640625 0.0671875
0 0.09765625 0.83125 0.0703125 0.0703125
0 0.02109375 0.79453125 0.0421875 0.0640625
0 0.06328125 0.54140625 0.0640625 0.0640625
0 0.08359375 0.7671875 0.065625 0.065625
0 0.0546875 0.6734375 0.0671875 0.0671875
0 0.0265625 0.434375 0.05 0.0625
0 0.0109375 0.68046875 0.021875 0.0640625
0 0.1296875 0.44921875 0.0640625 0.0609375
0 0.0984375 0.22109375 0.0609375 0.059375
0 0.134375 0.3875 0.06875 0.065625
0 0.14921875 0.259375 0.065625 0.0640625
0 0.14296875 0.3203125 0.065625 0.0640625
0 0.08984375 0.28359375 0.0625 0.0625
0 0.1078125 0.6390625 0.0671875 0.0640625
0 0.11875 0.5125 0.0703125 0.0671875
0 0.01484375 0.54921875 0.0296875 0.0609375
0 0.00546875 0.62421875 0.0109375 0.0640625
0 0.07109375 0.47109375 0.0640625 0.065625
0 0.17265625 0.08359375 0.065625 0.0640625
0 0.1109375 0.571875 0.0671875 0.0671875
0 0.07265625 0.39921875 0.0640625 0.0609375
0 0.1171875 0.0421875 0.0640625 0.0640625
0 0.1171875 0.12421875 0.053125 0.0546875
0 0.17109375 0.1484375 0.0609375 0.0578125
0 0.15078125 0.19765625 0.05625 0.05
0 0.0984375 0.171875 0.065625 0.05625
0 0.06640625 0.13515625 0.053125 0.0578125
0 0.07109375 0.0703125 0.05 0.059375
0 0.078125 0.0171875 0.05 0.034375
0 0.04765625 0.24453125 0.046875 0.065625
0 0.03828125 0.30859375 0.04375 0.05625
0 0.0828125 0.33984375 0.04375 0.0484375
0 0.03125 0.37109375 0.04375 0.05625
0 0.0203125 0.503125 0.040625 0.053125
0 0.103125 0.7109375 0.059375 0.0578125
0 0.1796875 0.02734375 0.065625 0.0546875
0 0.0484375 0.1859375 0.03125 0.0453125