0 0.3453125 0.96875 0.05 0.03125
0 0.3921875 0.9765625 0.05 0.03125
0 0.440625 0.9828125 0.046875 0.034375
0 0.48359375 0.98671875 0.0515625 0.0265625
0 0.53515625 0.9875 0.0515625 0.025
0 0.58203125 0.9921875 0.0515625 0.015625
0 0.62890625 0.99375 0.0515625 0.0125
0 0.371875 0.946875 0.05 0.0546875
0 0.41875 0.94921875 0.0546875 0.053125
0 0.465625 0.95390625 0.0546875 0.053125
0 0.51484375 0.9625 0.0578125 0.05625
0 0.5640625 0.96953125 0.0546875 0.0515625
0 0.6109375 0.97265625 0.053125 0.0546875
0 0.65546875 0.97734375 0.0578125 0.0453125
0 0.703125 0.97734375 0.053125 0.0453125
0 0.75 0.97734375 0.059375 0.0453125
0 0.7984375 0.9828125 0.053125 0.034375
0 0.84453125 0.98828125 0.0546875 0.0234375
0 0.89296875 0.990625 0.0578125 0.01875
0 0.3546875 0.9015625 0.053125 0.05625
0 0.40078125 0.9046875 0.053125 0.053125
0 0.446875 0.9109375 0.0515625 0.0515625
0 0.49375 0.9125 0.0578125 0.05625
0 0.54296875 0.92421875 0.0546875 0.053125
0 0.58828125 0.92890625 0.053125 0.05625
0 0.63671875 0.9359375 0.0546875 0.0546875
0 0.684375 0.94609375 0.0546875 0.05
0 0.7328125 0.9375 0.053125 0.0546875
0 0.78203125 0.946875 0.05625 0.053125
0 0.82890625 0.95625 0.0546875 0.053125
0 0.87578125 0.96640625 0.053125 0.0546875
0 0.9109375 0.975 0.034375 0.05
0 0.3828125 0.8625 0.059375 0.05625
0 0.43125 0.865625 0.053125 0.0546875
0 0.47734375 0.87109375 0.05625 0.059375
0 0.52421875 0.87421875 0.053125 0.0546875
0 0.56953125 0.88203125 0.0578125 0.0546875
0 0.61796875 0.88984375 0.053125 0.0546875
0 0.66640625 0.9 0.0515625 0.0515625
0 0.7125 0.90859375 0.0515625 0.053125
0 0.76484375 0.90859375 0.053125 0.05
0 0.8125 0.9203125 0.0515625 0.0484375
0 0.859375 0.92578125 0.0515625 0.05
0 0.9046875 0.9359375 0.053125 0.053125
0 0.8921875 0.89375 0.0546875 0.0546875
0 0.64609375 0.8484375 0.059375 0.059375
0 0.5953125 0.8515625 0.053125 0.053125
0 0.01640625 0.88828125 0.0328125 0.0703125
0 0.03828125 0.9015625 0.0515625 0.0515625
0 0.084375 0.90390625 0.0546875 0.05
0 0.01328125 0.80546875 0.0265625 0.0578125
0 0.0234375 0.85234375 0.046875 0.0609375
0 0.05 0.8203125 0.053125 0.0546875
0 0.0953125 0.81875 0.0546875 0.0578125
0 0.1375 0.8140625 0.05625 0.05625
0 0.0671875 0.86484375 0.05625 0.053125
0 0.1140625 0.865625 0.053125 0.05625
0 0.1953125 0.94296875 0.05625 0.03125
0 0.13359375 0.91015625 0.0546875 0.0546875
0 0.17890625 0.91328125 0.0546875 0.0515625
0 0.22734375 0.91796875 0.0546875 0.053125
0 0.2765625 0.9328125 0.0578125 0.05625
0 0.3265625 0.93984375 0.0546875 0.053125
0 0.16171875 0.87109375 0.053125 0.0546875
0 0.2078125 0.8765625 0.053125 0.0515625
0 0.25546875 0.88203125 0.0546875 0.053125
0 0.30390625 0.8921875 0.05625 0.053125
0 0.33515625 0.8578125 0.05625 0.0546875
0 0.28828125 0.84609375 0.0546875 0.059375
0 0.2390625 0.840625 0.0609375 0.0546875
0 0.19296875 0.83359375 0.053125 0.0546875