0 0.94375 0.20703125 0.0734375 0.071875
0 0.17421875 0.01328125 0.0734375 0.0265625
0 0.90390625 0.1015625 0.06875 0.0640625
0 0.975 0.165625 0.05 0.06875
0 0.5734375 0.13203125 0.0734375 0.0703125
0 0.5578125 0.07109375 0.0703125 0.06875
0 0.19453125 0.05078125 0.0734375 0.0703125
0 0.35859375 0.040625 0.071875 0.06875
0 0.49140625 0.05859375 0.075 0.0734375
0 0.80234375 0.1203125 0.0734375 0.0703125
0 0.29609375 0.03515625 0.0734375 0.0703125
0 0.69609375 0.1640625 0.0703125 0.0703125
0 0.84296875 0.0859375 0.06875 0.0578125
0 0.38359375 0.0984375 0.0734375 0.071875
0 0.12890625 0.03671875 0.0734375 0.0734375
0 0.59609375 0.0328125 0.0703125 0.059375
0 0.59296875 0.1921875 0.071875 0.0703125
0 0.71640625 0.0640625 0.071875 0.065625
0 0.25625 0.06796875 0.0734375 0.0703125
0 0.78203125 0.2390625 0.0734375 0.071875
0 0.78359375 0.07109375 0.0703125 0.0546875
0 0.71875 0.22265625 0.071875 0.0703125
0 0.8828125 0.1984375 0.071875 0.0703125
0 0.5296875 0.17890625 0.071875 0.0671875
0 0.6578125 0.04453125 0.0640625 0.0546875
0 0.84375 0.24296875 0.071875 0.071875
0 0.446875 0.1109375 0.0734375 0.0734375
0 0.65234375 0.2078125 0.0703125 0.0703125
0 0.46875 0.16484375 0.0734375 0.071875
0 0.98515625 0.221875 0.0296875 0.06875
0 0.234375 0.021875 0.071875 0.04375
0 0.7390625 0.11953125 0.0703125 0.06875
0 0.09765625 0.08515625 0.053125 0.0703125
0 0.51328125 0.11640625 0.0734375 0.071875
0 0.96484375 0.27109375 0.0703125 0.0703125
0 0.7625 0.17578125 0.075 0.0734375
0 0.15 0.103125 0.0765625 0.071875
0 0.67734375 0.10390625 0.0703125 0.06875
0 0.27578125 0.121875 0.0703125 0.06875
0 0.31953125 0.08671875 0.075 0.071875
0 0.6171875 0.08984375 0.06875 0.06875
0 0.90390625 0.2609375 0.071875 0.0703125
0 0.40390625 0.0109375 0.0703125 0.021875
0 0.34453125 0.1421875 0.075 0.075
0 0.96640625 0.1109375 0.0671875 0.05625
0 0.634375 0.146875 0.071875 0.0703125
0 0.925 0.14765625 0.071875 0.06875
0 0.86484375 0.13203125 0.06875 0.065625
0 0.53671875 0.0203125 0.0703125 0.040625
0 0.2171875 0.109375 0.0703125 0.06875
0 0.47109375 0.0140625 0.0703125 0.028125
0 0.4265625 0.04921875 0.071875 0.0703125
0 0.82265625 0.171875 0.06875 0.0671875
0 0.40625 0.1703125 0.0671875 0.0671875