0 0.759375 0.16328125 0.171875 0.159375
0 0.7984375 0.48046875 0.1609375 0.1515625
0 0.16953125 0.1609375 0.1484375 0.15625
0 0.6296875 0.66328125 0.15 0.1359375
0 0.72421875 0.29375 0.16875 0.1546875
0 0.70234375 0.7578125 0.1515625 0.1390625
0 0.909375 0.2625 0.134375 0.1375
0 0.30546875 0.12109375 0.1453125 0.1421875
0 0.70234375 0.41171875 0.1609375 0.140625
0 0.03984375 0.4765625 0.0796875 0.13125
0 0.62734375 0.853125 0.15625 0.165625
0 0.08203125 0.38828125 0.1421875 0.140625
0 0.603125 0.196875 0.178125 0.159375
0 0.11796875 0.94765625 0.1203125 0.1046875
0 0.13671875 0.28359375 0.153125 0.16875
0 0.2359375 0.77421875 0.146875 0.134375
0 0.7703125 0.05390625 0.1875 0.1078125
0 0.02578125 0.284375 0.0515625 0.13125
0 0.353125 0.040625 0.140625 0.065625
0 0.315625 0.5328125 0.14375 0.1453125
0 0.46796875 0.0984375 0.1828125 0.16875
0 0.08125 0.08671875 0.1484375 0.075
0 0.12734375 0.68984375 0.1375 0.1375
0 0.8921875 0.03515625 0.0875 0.0703125
0 0.66015625 0.54296875 0.1609375 0.1578125
0 0.25390625 0.35625 0.1546875 0.146875
0 0.21640625 0.06328125 0.1359375 0.0671875
0 0.19453125 0.48203125 0.146875 0.13125
0 0.57734375 0.3203125 0.1703125 0.165625
0 0.53984375 0.47109375 0.1578125 0.1328125
0 0.29296875 0.24375 0.1375 0.1296875
0 0.33828125 0.871875 0.1515625 0.1515625
0 0.79375 0.64375 0.14375 0.1265625
0 0.38203125 0.42734375 0.159375 0.1828125
0 0.20625 0.9 0.1421875 0.1359375
0 0.05625 0.17265625 0.1125 0.1390625
0 0.4890625 0.85859375 0.14375 0.1359375
0 0.1328125 0.56484375 0.140625 0.13125
0 0.625 0.065625 0.146875 0.13125
0 0.39453125 0.62734375 0.1484375 0.1671875
0 0.03984375 0.609375 0.0796875 0.1625
0 0.865625 0.36875 0.165625 0.1640625
0 0.04921875 0.72109375 0.0578125 0.121875
0 0.36484375 0.74921875 0.15 0.1390625
0 0.4265625 0.3234375 0.1515625 0.140625
0 0.07890625 0.8375 0.084375 0.15
0 0.2453125 0.63984375 0.146875 0.1625
0 0.5390625 0.7390625 0.146875 0.140625
0 0.45703125 0.21640625 0.14375 0.1265625
0 0.51171875 0.60234375 0.14375 0.1390625
0 0.5203125 0.95703125 0.13125 0.0859375
0 0.38984375 0.9640625 0.1328125 0.071875
0 0.25546875 0.9734375 0.1390625 0.053125