0 0.8375 0.71953125 0.06875 0.0703125
0 0.071875 0.70546875 0.065625 0.0671875
0 0.73984375 0.7765625 0.0703125 0.06875
0 0.7125 0.196875 0.0640625 0.0671875
0 0.21015625 0.5296875 0.071875 0.0671875
0 0.17890625 0.63515625 0.0671875 0.0703125
0 0.05078125 0.825 0.0625 0.0671875
0 0.98828125 0.78671875 0.0234375 0.0703125
0 0.1140625 0.646875 0.0671875 0.06875
0 0.8765625 0.46328125 0.0671875 0.06875
0 0.04765625 0.95546875 0.0390625 0.065625
0 0.75546875 0.43828125 0.0703125 0.0703125
0 0.06484375 0.89296875 0.06875 0.06875
0 0.55 0.465625 0.06875 0.06875
0 0.89375 0.5921875 0.06875 0.071875
0 0.028125 0.44453125 0.05625 0.0703125
0 0.92265625 0.53125 0.071875 0.0703125
0 0.77265625 0.72109375 0.0671875 0.071875
0 0.803125 0.6546875 0.06875 0.071875
0 0.1765625 0.47265625 0.06875 0.0671875
0 0.5890625 0.52890625 0.06875 0.071875
0 0.56171875 0.69921875 0.06875 0.0703125
0 0.76328125 0.590625 0.0703125 0.071875
0 0.565625 0.27734375 0.0703125 0.0671875
0 0.0921875 0.76484375 0.0671875 0.0703125
0 0.05546875 0.3875 0.0703125 0.071875
0 0.50625 0.40625 0.0703125 0.071875
0 0.81015625 0.78125 0.06875 0.071875
0 0.86875 0.65625 0.06875 0.0703125
0 0.48125 0.590625 0.0703125 0.0703125
0 0.696875 0.8421875 0.06875 0.071875
0 0.14375 0.4171875 0.06875 0.0671875
0 0.5421875 0.34453125 0.0703125 0.071875
0 0.61484375 0.46328125 0.0671875 0.071875
0 0.25234375 0.3671875 0.0703125 0.0703125
0 0.34921875 0.57109375 0.06875 0.06875
0 0.73515625 0.65234375 0.06875 0.0703125
0 0.178125 0.9671875 0.06875 0.065625
0 0.3890625 0.36171875 0.06875 0.0703125
0 0.621875 0.58671875 0.0703125 0.0703125
0 0.32421875 0.36953125 0.06875 0.0671875
0 0.6078125 0.33046875 0.06875 0.071875
0 0.21796875 0.4203125 0.06875 0.071875
0 0.759375 0.24921875 0.0703125 0.071875
0 0.5296875 0.75703125 0.06875 0.06875
0 0.44765625 0.5265625 0.071875 0.071875
0 0.98515625 0.66953125 0.0296875 0.0671875
0 0.3546875 0.30078125 0.0671875 0.071875
0 0.1828125 0.3640625 0.06875 0.0703125
0 0.59375 0.64453125 0.071875 0.06875
0 0.4140625 0.584375 0.06875 0.0703125
0 0.484375 0.47109375 0.06875 0.0703125
0 0.08671875 0.5859375 0.06875 0.06875
0 0.94609375 0.79375 0.06875 0.071875
0 0.13515625 0.7078125 0.0671875 0.065625
0 0.81484375 0.4734375 0.0671875 0.0671875
0 0.1109375 0.82578125 0.0671875 0.06875
0 0.01015625 0.3890625 0.0203125 0.065625
0 0.7875 0.53046875 0.0703125 0.06875
0 0.24375 0.94453125 0.065625 0.071875
0 0.7078125 0.71328125 0.0671875 0.06875
0 0.70078125 0.56640625 0.0703125 0.071875
0 0.8390625 0.4125 0.06875 0.06875
0 0.68203125 0.44765625 0.071875 0.071875
0 0.2515625 0.4765625 0.06875 0.0703125
0 0.57734375 0.8015625 0.0671875 0.0703125
0 0.9765625 0.5171875 0.046875 0.06875
0 0.71328125 0.390625 0.0671875 0.06875
0 0.41875 0.46484375 0.071875 0.0703125
0 0.6765625 0.6265625 0.0671875 0.06875
0 0.41875 0.97421875 0.0625 0.0515625
0 0.0984375 0.946875 0.071875 0.06875
0 0.57109375 0.40390625 0.06875 0.0703125
0 0.77109375 0.09609375 0.0671875 0.0703125
0 0.6734375 0.334375 0.0703125 0.0703125
0 0.375 0.2390625 0.0671875 0.0734375
0 0.02578125 0.70078125 0.03125 0.0671875
0 0.11171875 0.990625 0.0671875 0.01875
0 0.2890625 0.425 0.071875 0.06875
0 0.96875 0.7265625 0.0625 0.071875
0 0.33515625 0.178125 0.0671875 0.0703125
0 0.925 0.91171875 0.0734375 0.0703125
0 0.653125 0.51875 0.0703125 0.0734375
0 0.53515625 0.97109375 0.0671875 0.0578125
0 0.8078125 0.296875 0.06875 0.0671875
0 0.2859375 0.78203125 0.06875 0.065625
0 0.68515625 0.13671875 0.071875 0.06875
0 0.15234375 0.575 0.06875 0.071875
0 0.5890625 0.15078125 0.071875 0.0703125
0 0.971875 0.9453125 0.05625 0.05
0 0.28828125 0.31328125 0.0703125 0.06875
0 0.03828125 0.765625 0.046875 0.06875
0 0.70625 0.0765625 0.06875 0.0703125
0 0.88828125 0.953125 0.0703125 0.046875
0 0.9046875 0.403125 0.065625 0.0703125
0 0.38203125 0.51640625 0.0671875 0.0671875
0 0.94921875 0.115625 0.0546875 0.0703125
0 0.86015625 0.90234375 0.0703125 0.0703125
0 0.47734375 0.9484375 0.06875 0.071875
0 0.3765625 0.63828125 0.0703125 0.0671875
0 0.61015625 0.74609375 0.071875 0.0671875
0 0.19140625 0.90234375 0.0671875 0.0703125
0 0.76484375 0.8421875 0.0734375 0.071875
0 0.87734375 0.78046875 0.071875 0.0734375
0 0.4390625 0.225 0.06875 0.071875
0 0.25859375 0.88125 0.0671875 0.06875
0 0.35234375 0.11328125 0.0703125 0.071875
0 0.4390625 0.40234375 0.071875 0.0703125
0 0.3203125 0.48671875 0.0703125 0.071875
0 0.65390625 0.89765625 0.06875 0.0671875
0 0.0484375 0.646875 0.0671875 0.06875
0 0.3578125 0.9578125 0.0671875 0.0703125
0 0.46640625 0.79921875 0.0671875 0.071875
0 0.57734375 0.2171875 0.0671875 0.0671875
0 0.64609375 0.6875 0.0671875 0.0703125
0 0.77578125 0.1828125 0.0703125 0.0734375
0 0.203125 0.03515625 0.0703125 0.0359375
0 0.30625 0.61953125 0.0703125 0.06875
0 0.575 0.046875 0.0703125 0.0765625
0 0.9046875 0.85 0.071875 0.06875
0 0.30703125 0.840625 0.071875 0.0734375
0 0.5890625 0.93359375 0.06875 0.0671875
0 0.1125 0.3578125 0.0703125 0.0703125
0 0.32578125 0.68046875 0.06875 0.06875
0 0.1546875 0.76875 0.065625 0.0671875
0 0.63515625 0.8328125 0.065625 0.06875
0 0.13203125 0.890625 0.06875 0.0671875
0 0.83203125 0.83984375 0.0671875 0.0703125
0 0.69921875 0.26640625 0.071875 0.071875
0 0.21484375 0.30703125 0.06875 0.0703125
0 0.23203125 0.59296875 0.0703125 0.065625
1 0.45390625 0.65859375 0.06875 0.0734375
0 0.21875 0.76328125 0.06875 0.06875
0 0.12421875 0.51484375 0.06875 0.06875
0 0.890625 0.13828125 0.06875 0.071875
0 0.27109375 0.72109375 0.0671875 0.0703125
0 0.2953125 0.9765625 0.06875 0.046875
0 0.2015625 0.69609375 0.065625 0.0703125
0 0.175 0.83203125 0.06875 0.071875
0 0.90390625 0.725 0.0703125 0.06875
0 0.9421875 0.05078125 0.059375 0.06875
0 0.46875 0.8828125 0.0671875 0.0671875
0 0.415625 0.91875 0.06875 0.06875
0 0.359375 0.8828125 0.0703125 0.0671875
0 0.3421875 0.74609375 0.06875 0.0671875
0 0.396875 0.70234375 0.0703125 0.06875
0 0.36171875 0.8046875 0.0671875 0.071875
0 0.5796875 0.871875 0.065625 0.0640625
0 0.521875 0.83515625 0.0640625 0.0703125
0 0.2515625 0.659375 0.06875 0.071875
0 0.96796875 0.8671875 0.0640625 0.075
0 0.41015625 0.76640625 0.0671875 0.0734375
0 0.471875 0.72890625 0.0703125 0.0671875
0 0.23984375 0.82109375 0.06875 0.06875
0 0.9625 0.38359375 0.065625 0.071875
0 0.30546875 0.9234375 0.0671875 0.06875
0 0.415625 0.83671875 0.0640625 0.0703125
0 0.5296875 0.909375 0.065625 0.06875
1 0.51796875 0.653125 0.0625 0.0671875
1 0.01484375 0.0703125 0.0296875 0.075
1 0.06015625 0.0578125 0.071875 0.0609375
1 0.13203125 0.05390625 0.0703125 0.0640625
1 0.03359375 0.1203125 0.0671875 0.065625
1 0.09140625 0.12265625 0.0671875 0.0796875
1 0.1546875 0.11328125 0.0734375 0.06875
1 0.2265625 0.09296875 0.0625 0.071875
1 0.02890625 0.1875 0.0578125 0.075
1 0.08671875 0.18203125 0.0734375 0.0625
1 0.15234375 0.17890625 0.065625 0.06875
1 0.21875 0.178125 0.0703125 0.0734375
1 0.27265625 0.14921875 0.0625 0.06875
1 0.28125 0.08515625 0.0625 0.059375
1 0.0109375 0.2765625 0.021875 0.075
1 0.05 0.25234375 0.0625 0.0625
1 0.11953125 0.24296875 0.06875 0.0734375
1 0.18359375 0.24140625 0.071875 0.0734375
1 0.25078125 0.2421875 0.071875 0.075
1 0.07734375 0.30078125 0.0671875 0.0703125
1 0.02421875 0.33125 0.0484375 0.059375
1 0.15078125 0.3015625 0.075 0.0625
1 0.0921875 0.4546875 0.06875 0.0765625
1 0.06015625 0.5140625 0.075 0.08125
1 0.240625 0.98828125 0.065625 0.0234375
1 0.68046875 0.9578125 0.0640625 0.065625
1 0.721875 0.909375 0.0703125 0.0625
1 0.78984375 0.9109375 0.065625 0.065625
1 0.74765625 0.9609375 0.0703125 0.05
1 0.81171875 0.9546875 0.0703125 0.0546875
1 0.940625 0.64296875 0.0671875 0.0640625
1 0.9625 0.58671875 0.075 0.0703125
1 0.828125 0.5890625 0.075 0.071875
1 0.6765625 0.76875 0.078125 0.078125
1 0.8546875 0.5328125 0.0734375 0.0703125
1 0.553125 0.58984375 0.075 0.0625
1 0.51640625 0.534375 0.0765625 0.06875
1 0.72109375 0.50078125 0.0890625 0.0671875
1 0.94453125 0.4609375 0.0765625 0.0609375
1 0.634375 0.39609375 0.071875 0.06875
1 0.36328125 0.434375 0.084375 0.0734375
1 0.28359375 0.55078125 0.08125 0.0671875
1 0.78515625 0.371875 0.0703125 0.0671875
1 0.853125 0.34765625 0.0625 0.0640625
1 0.91484375 0.33125 0.0640625 0.0609375
1 0.9671875 0.31640625 0.046875 0.0640625
1 0.74453125 0.321875 0.0640625 0.0671875
1 0.4265625 0.2953125 0.06875 0.0671875
1 0.4703125 0.34296875 0.06875 0.059375
1 0.49765625 0.28515625 0.0671875 0.06875
1 0.51015625 0.2234375 0.0703125 0.0703125
1 0.63125 0.25859375 0.05625 0.0734375
1 0.64453125 0.19140625 0.065625 0.053125
1 0.82421875 0.2328125 0.0671875 0.0671875
1 0.88984375 0.2109375 0.0609375 0.065625
1 0.94921875 0.1859375 0.0625 0.05625
1 0.878125 0.278125 0.065625 0.0671875
1 0.9390625 0.2546875 0.0625 0.06875
1 0.4015625 0.165625 0.0609375 0.06875
1 0.465625 0.153125 0.0609375 0.05625
1 0.52421875 0.15546875 0.0609375 0.071875
1 0.43359375 0.09453125 0.0703125 0.0609375
1 0.5125 0.075 0.0765625 0.0671875
1 0.446875 0.028125 0.0625 0.05625
1 0.51953125 0.0125 0.0796875 0.025
1 0.61953125 0.0921875 0.0640625 0.0515625
1 0.65078125 0.03203125 0.0640625 0.0640625
1 0.7359375 0.02578125 0.065625 0.0515625
1 0.8125 0.0328125 0.075 0.065625
1 0.87890625 0.0390625 0.0625 0.0765625
1 0.83828125 0.10703125 0.075 0.0671875