0 0.08984375 0.39140625 0.0765625 0.0734375
0 0.03203125 0.20078125 0.0640625 0.0734375
0 0.26875 0.48125 0.075 0.0734375
0 0.1671875 0.8328125 0.075 0.078125
0 0.71015625 0.05546875 0.075 0.075
0 0.0328125 0.6 0.05625 0.071875
0 0.6390625 0.95625 0.075 0.0671875
0 0.5359375 0.07890625 0.075 0.0734375
0 0.8453125 0.0390625 0.0734375 0.0734375
0 0.075 0.7390625 0.075 0.075
0 0.53984375 0.2609375 0.075 0.075
0 0.28046875 0.08515625 0.0703125 0.0703125
0 0.4578125 0.93125 0.075 0.075
0 0.125 0.65390625 0.075 0.0734375
0 0.86953125 0.24296875 0.071875 0.071875
0 0.4375 0.33828125 0.0703125 0.0703125
0 0.3859375 0.5453125 0.071875 0.071875
0 0.4578125 0.3984375 0.071875 0.0703125
0 0.3671875 0.66328125 0.075 0.075
0 0.521875 0.915625 0.0734375 0.071875
0 0.065625 0.2578125 0.0765625 0.0734375
0 0.775 0.03828125 0.071875 0.071875
0 0.88671875 0.18359375 0.0734375 0.0734375
0 0.55546875 0.84765625 0.075 0.075
0 0.79375 0.0078125 0.071875 0.015625
0 0.6375 0.33671875 0.071875 0.0703125
0 0.0875 0.95 0.0671875 0.0734375
0 0.31875 0.52421875 0.075 0.0703125
0 0.2171875 0.1 0.0765625 0.075
0 0.2109375 0.2765625 0.075 0.071875
0 0.4296875 0.69296875 0.0734375 0.071875
0 0.01796875 0.1375 0.0359375 0.071875
0 0.21953125 0.96640625 0.0734375 0.0671875
0 0.16328125 0.596875 0.075 0.075
0 0.496875 0.134375 0.071875 0.071875
0 0.703125 0.3390625 0.071875 0.0734375
0 0.1421875 0.11171875 0.0765625 0.075
0 0.59140625 0.90625 0.0734375 0.075
0 0.93515625 0.2359375 0.071875 0.071875
0 0.315625 0.4375 0.0734375 0.071875
0 0.18203125 0.490625 0.0734375 0.0734375
0 0.01484375 0.27890625 0.0296875 0.0734375
0 0.50859375 0.325 0.0734375 0.0734375
0 0.3859375 0.29765625 0.071875 0.0703125
0 0.95625 0.35546875 0.0640625 0.0734375
0 0.6109375 0.27265625 0.0734375 0.071875
0 0.3203125 0.28359375 0.071875 0.071875
0 0.08984375 0.59296875 0.071875 0.0734375
0 0.78125 0.32734375 0.071875 0.06875
0 0.490625 0.203125 0.071875 0.0703125
0 0.65390625 0.21328125 0.0734375 0.071875
0 0.73203125 0.3984375 0.0734375 0.071875
0 0.065625 0.1265625 0.0734375 0.071875
0 0.77890625 0.52890625 0.071875 0.071875
0 0.72265625 0.2234375 0.0734375 0.0703125
0 0.4875 0.0328125 0.075 0.065625
0 0.63125 0.77421875 0.0734375 0.071875
0 0.48828125 0.86015625 0.0734375 0.071875
0 0.25390625 0.61953125 0.0734375 0.071875
0 0.7375 0.28359375 0.06875 0.0671875
0 0.78671875 0.5953125 0.0734375 0.071875
0 0.36796875 0.48046875 0.0734375 0.0703125
0 0.25703125 0.91015625 0.075 0.0734375
0 0.1140625 0.18671875 0.075 0.0734375
0 0.87578125 0.3671875 0.075 0.0734375
0 0.39765625 0.428125 0.075 0.071875
0 0.8265625 0.48671875 0.0734375 0.071875
0 0.146875 0.24375 0.075 0.0734375
0 0.91796875 0.1125 0.071875 0.071875
0 0.11015625 0.5015625 0.0734375 0.0734375
0 0.3203125 0.346875 0.0734375 0.071875
0 0.825 0.825 0.071875 0.071875
0 0.50703125 0.44921875 0.0703125 0.0703125
0 0.3671875 0.03046875 0.065625 0.040625
0 0.43203125 0.1578125 0.0734375 0.0734375
0 0.57421875 0.32734375 0.06875 0.071875
0 0.93828125 0.56015625 0.0734375 0.0734375
0 0.8578125 0.76875 0.0734375 0.0734375
0 0.8640625 0.54140625 0.071875 0.0734375
0 0.35703125 0.9796875 0.0734375 0.040625
0 0.675 0.27578125 0.06875 0.06875
0 0.65234375 0.02421875 0.0765625 0.0484375
0 0.54609375 0.16328125 0.0734375 0.0703125
0 0.2640625 0.31484375 0.0734375 0.0703125
0 0.390625 0.925 0.071875 0.0703125
0 0.5671875 0.7765625 0.0703125 0.0703125
0 0.20078125 0.65234375 0.0734375 0.06875
0 0.29609375 0.21953125 0.0734375 0.0703125
0 0.71328125 0.525 0.0703125 0.06875
0 0.23359375 0.1921875 0.075 0.075
0 0.66015625 0.890625 0.0734375 0.071875
0 0.46875 0.26953125 0.0734375 0.0703125
0 0.2203125 0.56015625 0.0765625 0.0765625
0 0.765625 0.46171875 0.06875 0.071875
1 0.525 0.3875 0.06875 0.065625
0 0.59296875 0.71015625 0.075 0.071875
1 0.1609375 0.41953125 0.0734375 0.08125
0 0.90859375 0.4875 0.0734375 0.071875
0 0.6171875 0.59140625 0.075 0.0734375
0 0.4140625 0.240625 0.075 0.0703125
0 0.5890625 0.46484375 0.0734375 0.071875
0 0.09453125 0.81640625 0.0703125 0.0703125
0 0.6984375 0.45234375 0.071875 0.0734375
1 0.11875 0.8859375 0.0703125 0.0703125
0 0.9421875 0.1765625 0.04375 0.06875
0 0.9796875 0.42109375 0.0375 0.0671875
0 0.73203125 0.00859375 0.0671875 0.0171875
1 0.296875 0.66953125 0.075 0.0640625
0 0.96875 0.478125 0.0625 0.071875
1 0.38984375 0.7453125 0.0734375 0.06875
0 0.86015625 0.4203125 0.071875 0.06875
0 0.43359375 0.0171875 0.0703125 0.034375
1 0.14921875 0.9578125 0.0703125 0.06875
0 0.96171875 0.28671875 0.034375 0.0640625
1 0.03359375 0.3375 0.0671875 0.0765625
1 0.21171875 0.7078125 0.065625 0.059375
1 0.60234375 0.065625 0.065625 0.071875
1 0.315625 0.7875 0.065625 0.0765625
1 0.05078125 0.66640625 0.071875 0.0703125
1 0.09296875 0.3203125 0.0703125 0.06875
1 0.42734375 0.8703125 0.065625 0.071875
1 0.378125 0.80703125 0.06875 0.0734375
1 0.271875 0.72734375 0.065625 0.071875
1 0.7609375 0.16328125 0.0703125 0.0765625
0 0.65703125 0.39609375 0.0734375 0.06875
1 0.49765625 0.51875 0.0734375 0.0734375
1 0.8 0.71015625 0.065625 0.05625
1 0.4984375 0.79140625 0.0734375 0.0640625
1 0.3578125 0.1703125 0.075 0.0875
1 0.7953125 0.87734375 0.0640625 0.0625
1 0.325 0.92109375 0.06875 0.06875
1 0.75859375 0.82265625 0.0703125 0.0609375
1 0.32734375 0.7234375 0.06875 0.0640625
1 0.5828125 0.5296875 0.075 0.075
1 0.49296875 0.659375 0.075 0.0796875
1 0.296875 0.85390625 0.075 0.075
1 0.25390625 0.784375 0.0703125 0.0703125
1 0.7046875 0.76171875 0.0734375 0.0796875
1 0.85 0.596875 0.0640625 0.053125
1 0.8375 0.10703125 0.0703125 0.065625
1 0.7984375 0.25625 0.0671875 0.0640625
1 0.7703125 0.7625 0.0625 0.0703125
1 0.19765625 0.765625 0.065625 0.0671875
1 0.92890625 0.4125 0.0671875 0.059375
1 0.65703125 0.1046875 0.078125 0.071875
1 0.02734375 0.39921875 0.0546875 0.0703125
1 0.03203125 0.0796875 0.0640625 0.046875
1 0.4328125 0.4890625 0.0703125 0.0703125
1 0.36015625 0.86875 0.071875 0.0734375
1 0.4578125 0.7390625 0.0625 0.0625
1 0.5875 0.2046875 0.0703125 0.078125
1 0.20546875 0.36640625 0.078125 0.075
1 0.3796875 0.0875 0.08125 0.0796875
1 0.59140625 0.396875 0.0578125 0.065625
1 0.14609375 0.7140625 0.075 0.071875
1 0.69296875 0.83046875 0.0609375 0.0625
1 0.5265625 0.56640625 0.0734375 0.0734375
0 0.70703125 0.58203125 0.0734375 0.0703125
1 0.825 0.18359375 0.06875 0.0734375
1 0.52421875 0.7265625 0.078125 0.08125
1 0.4375 0.8015625 0.0609375 0.06875
1 0.1875 0.9 0.071875 0.0765625
1 0.56640625 0.6328125 0.084375 0.0875
1 0.90546875 0.30546875 0.071875 0.075
1 0.4484375 0.5609375 0.0703125 0.08125
1 0.134375 0.7703125 0.0671875 0.0609375
1 0.653125 0.5015625 0.059375 0.065625
1 0.11328125 0.98828125 0.0734375 0.0234375
1 0.2328125 0.84765625 0.0625 0.0671875
1 0.6203125 0.8328125 0.075 0.0640625
1 0.2859375 0.96875 0.071875 0.0625
1 0.84296875 0.30703125 0.065625 0.06875
1 0.1625 0.33125 0.071875 0.075
1 0.54921875 0.97109375 0.0734375 0.0578125
1 0.29296875 0.1453125 0.0734375 0.0625
1 0.7296875 0.88671875 0.0734375 0.065625
1 0.428125 0.61015625 0.08125 0.0734375
1 0.06484375 0.8796875 0.0421875 0.078125
1 0.734375 0.6484375 0.065625 0.0671875
1 0.10234375 0.44453125 0.0734375 0.05625
1 0.565625 0.01953125 0.075 0.0390625
1 0.71015625 0.94609375 0.0671875 0.065625
1 0.828125 0.65859375 0.0671875 0.065625
1 0.89453125 0.6234375 0.0578125 0.0484375
1 0.3796875 0.36484375 0.06875 0.065625
0 0.9359375 0.06328125 0.0234375 0.0609375
1 0.22890625 0.41875 0.078125 0.0703125
0 0.79921875 0.3953125 0.071875 0.0734375
1 0.034375 0.45703125 0.06875 0.065625
1 0.42734375 0.9796875 0.0640625 0.040625
0 0.68671875 0.68671875 0.071875 0.0703125
1 0.05078125 0.80625 0.034375 0.075
1 0.44296875 0.0703125 0.06875 0.0734375
1 0.13125 0.059375 0.0890625 0.0359375
0 0.034375 0.728125 0.0234375 0.0671875
1 0.775 0.93671875 0.071875 0.065625
1 0.7796875 0.0921875 0.075 0.05625
1 0.490625 0.97890625 0.059375 0.0421875
1 0.63671875 0.65546875 0.065625 0.0671875
0 0.1796875 0.9875 0.06875 0.025
1 0.7359375 0.7078125 0.0546875 0.0578125
1 0.90625 0.03203125 0.06875 0.0640625
1 0.878125 0.68984375 0.0671875 0.0578125