0 0.0171875 0.73046875 0.034375 0.0640625
0 0.04765625 0.9453125 0.0703125 0.0640625
0 0.0890625 0.8984375 0.06875 0.0671875
0 0.47578125 0.93828125 0.0640625 0.0640625
0 0.14296875 0.86328125 0.06875 0.06875
0 0.04609375 0.84453125 0.0671875 0.065625
0 0.02109375 0.9 0.0421875 0.0625
0 0.21640625 0.84453125 0.0671875 0.0640625
0 0.02890625 0.79140625 0.0578125 0.0640625
0 0.003125 0.94765625 0.00625 0.0515625
0 0.1 0.8125 0.06875 0.065625
1 0.3296875 0.91953125 0.06875 0.06875
1 0.53984375 0.96875 0.0703125 0.0625
1 0.27109375 0.9109375 0.0625 0.06875
1 0.171875 0.8015625 0.0703125 0.0625
0 0.4078125 0.93671875 0.0703125 0.0640625
1 0.20078125 0.9078125 0.065625 0.0578125
1 0.3 0.8453125 0.08125 0.075
1 0.13828125 0.95234375 0.071875 0.0625
1 0.26875 0.965625 0.0671875 0.0484375
1 0.2046875 0.9625 0.059375 0.046875
1 0.33671875 0.97421875 0.059375 0.0390625
0 0.6078125 0.98046875 0.065625 0.0390625