0 0.475 0.98203125 0.065625 0.0359375
0 0.05703125 0.9296875 0.0640625 0.059375
0 0.22421875 0.9 0.065625 0.0625
0 0.1125 0.946875 0.059375 0.0359375
0 0.4546875 0.9375 0.0671875 0.065625
0 0.1703125 0.94296875 0.0640625 0.05625
0 0.5359375 0.9859375 0.0625 0.028125
0 0.5984375 0.9828125 0.065625 0.034375
0 0.01640625 0.83125 0.0328125 0.06875
0 0.0625 0.86015625 0.065625 0.065625
0 0.28359375 0.925 0.0625 0.0609375
0 0.49296875 0.88671875 0.0640625 0.0625
0 0.42421875 0.88828125 0.06875 0.0625
0 0.121875 0.80625 0.0625 0.0640625
0 0.33359375 0.96328125 0.0640625 0.05
0 0.0140625 0.89453125 0.028125 0.0609375
0 0.39296875 0.9453125 0.065625 0.0640625
0 0.571875 0.9375 0.0671875 0.065625
0 0.17109375 0.87265625 0.065625 0.065625
0 0.51484375 0.9421875 0.0640625 0.065625
0 0.0609375 0.79375 0.065625 0.065625
0 0.3453125 0.90703125 0.065625 0.0640625
0 0.11328125 0.89453125 0.065625 0.065625
0 0.22890625 0.8375 0.065625 0.0640625
0 0.91953125 0.990625 0.0640625 0.01875
0 0.015625 0.9421875 0.03125 0.021875
0 0.65234375 0.9671875 0.0640625 0.065625
0 0.3296875 0.82421875 0.0671875 0.065625
0 0.1796875 0.80625 0.0640625 0.0640625
0 0.859375 0.97734375 0.0625 0.0453125
0 0.2328125 0.95390625 0.0609375 0.046875
0 0.396875 0.8296875 0.0671875 0.065625
0 0.28359375 0.85859375 0.0625 0.065625
0 0.46015625 0.8359375 0.059375 0.059375
0 0.63359375 0.9125 0.065625 0.0640625
0 0.71328125 0.953125 0.0625 0.0609375
0 0.78046875 0.975 0.0578125 0.05
0 0.71953125 0.99140625 0.0578125 0.0171875