1 0.921875 0.378125 0.15625 0.19375
1 0.67578125 0.20859375 0.1875 0.1984375
1 0.91953125 0.11171875 0.1609375 0.1671875
1 0.5046875 0.4875 0.1921875 0.196875
1 0.84765625 0.2203125 0.2046875 0.1953125
1 0.8421875 0.8171875 0.209375 0.2015625
1 0.23359375 0.34296875 0.2 0.2
1 0.91953125 0.68515625 0.1453125 0.18125
1 0.32890625 0.46796875 0.2015625 0.1984375
1 0.40078125 0.63984375 0.2 0.190625
1 0.7484375 0.934375 0.196875 0.13125
1 0.76328125 0.37421875 0.1921875 0.196875
1 0.1484375 0.17421875 0.1984375 0.1921875
1 0.4828125 0.79921875 0.2015625 0.234375
1 0.11328125 0.4484375 0.178125 0.1859375
1 0.6 0.0703125 0.19375 0.140625
1 0.3203125 0.19140625 0.1875 0.190625
1 0.2046875 0.90234375 0.209375 0.1625
1 0.39140625 0.07265625 0.2015625 0.1453125
1 0.58046875 0.91953125 0.1953125 0.1609375
1 0.07578125 0.30078125 0.134375 0.1671875
1 0.7703125 0.67109375 0.1890625 0.190625
1 0.22734375 0.06015625 0.1859375 0.1203125
1 0.06015625 0.8796875 0.1203125 0.175
1 0.4265625 0.334375 0.2015625 0.203125
1 0.59453125 0.35390625 0.1921875 0.1953125
1 0.50546875 0.1796875 0.20625 0.209375
1 0.1390625 0.7546875 0.2015625 0.2140625
1 0.86328125 0.521875 0.1890625 0.1953125
1 0.684375 0.53828125 0.1953125 0.196875
1 0.2203125 0.57578125 0.1921875 0.2421875
1 0.07421875 0.61015625 0.1484375 0.2265625
1 0.5765625 0.6453125 0.1984375 0.203125
1 0.08984375 0.05078125 0.1140625 0.1015625
1 0.771875 0.08125 0.184375 0.1328125
1 0.39140625 0.92109375 0.190625 0.15
1 0.659375 0.7921875 0.20625 0.228125
1 0.30859375 0.76875 0.18125 0.215625
1 0.91015625 0.93984375 0.1140625 0.1203125
1 0.9703125 0.2203125 0.059375 0.178125
1 0.96328125 0.5265625 0.0734375 0.2125
1 0.0125 0.75859375 0.025 0.1765625
1 0.953125 0.8234375 0.05625 0.18125
1 0.046875 0.1625 0.05625 0.19375
1 0.02265625 0.446875 0.0453125 0.19375