0 0.034375 0.85546875 0.06875 0.0734375
0 0.48359375 0.9640625 0.0765625 0.071875
0 0.29609375 0.9109375 0.0734375 0.0734375
0 0.62265625 0.97578125 0.0734375 0.0484375
0 0.13203125 0.6859375 0.075 0.0765625
0 0.05546875 0.90859375 0.06875 0.0390625
0 0.290625 0.72265625 0.08125 0.0765625
0 0.4328125 0.76015625 0.075 0.078125
0 0.02734375 0.79296875 0.0546875 0.0734375
0 0.35859375 0.928125 0.078125 0.0765625
0 0.0953125 0.875 0.075 0.0734375
0 0.6640625 0.93515625 0.0734375 0.071875
0 0.8875 0.9078125 0.0734375 0.0703125
0 0.55625 0.9671875 0.075 0.065625
0 0.75078125 0.99140625 0.0703125 0.0171875
0 0.609375 0.84765625 0.0765625 0.0734375
0 0.7421875 0.8875 0.075 0.0734375
0 0.4609375 0.83203125 0.0765625 0.075
0 0.01328125 0.88984375 0.0265625 0.0515625
0 0.4234375 0.95 0.0734375 0.0734375
0 0.28046875 0.85078125 0.0765625 0.0734375
0 0.73671875 0.953125 0.0765625 0.0734375
0 0.01953125 0.72890625 0.0390625 0.0671875
0 0.24921875 0.94609375 0.0671875 0.0390625
0 0.07109375 0.72578125 0.0765625 0.0734375
0 0.3453125 0.8625 0.0734375 0.071875
0 0.18515625 0.64296875 0.078125 0.071875
0 0.47890625 0.89921875 0.075 0.071875
0 0.06328125 0.66171875 0.078125 0.0765625
0 0.0796875 0.8078125 0.075 0.075
0 0.36640625 0.74140625 0.0796875 0.0796875
0 0.0109375 0.5609375 0.021875 0.065625
0 0.19140625 0.7421875 0.075 0.0734375
0 0.159375 0.8859375 0.0765625 0.0765625
0 0.18359375 0.93359375 0.0703125 0.040625
0 0.02109375 0.67421875 0.0421875 0.0765625
1 0.03046875 0.6046875 0.0609375 0.078125
1 0.14609375 0.60546875 0.0828125 0.0828125
1 0.24140625 0.68515625 0.078125 0.0796875
1 0.3625 0.6734375 0.0796875 0.0875
1 0.1296875 0.759375 0.075 0.0671875
1 0.25546875 0.7828125 0.0765625 0.075
1 0.14140625 0.81953125 0.075 0.075
1 0.21015625 0.83125 0.0765625 0.0703125
1 0.5078125 0.76875 0.0890625 0.0828125
1 0.59921875 0.7859375 0.084375 0.0734375
1 0.6765625 0.7984375 0.0890625 0.0734375
1 0.77421875 0.82265625 0.11875 0.0828125
1 0.8625 0.8390625 0.0765625 0.0734375
1 0.3234375 0.79296875 0.0765625 0.078125
1 0.3890625 0.81484375 0.0703125 0.071875
1 0.5390625 0.8296875 0.0734375 0.075
1 0.67421875 0.8671875 0.071875 0.078125
1 0.82734375 0.8984375 0.0765625 0.0703125
1 0.41328125 0.884375 0.0625 0.075
1 0.540625 0.88828125 0.0671875 0.06875
1 0.5953125 0.9140625 0.0828125 0.0828125
1 0.80859375 0.96015625 0.078125 0.0703125
1 0.22890625 0.8953125 0.078125 0.0703125
1 0.68359375 0.984375 0.0765625 0.03125
1 0.8765625 0.96640625 0.08125 0.0671875