0 0.584375 0.9796875 0.05 0.034375
0 0.95859375 0.946875 0.0453125 0.0328125
0 0.64140625 0.9796875 0.046875 0.0234375
0 0.46953125 0.996875 0.0453125 0.00625
0 0.6890625 0.97578125 0.0421875 0.021875
0 0.7296875 0.971875 0.0453125 0.0234375
0 0.91484375 0.95625 0.046875 0.0234375
0 0.865625 0.959375 0.04375 0.0234375
0 0.41953125 0.9984375 0.0453125 0.003125
0 0.9890625 0.94140625 0.021875 0.0359375
0 0.365625 0.9953125 0.046875 0.009375
0 0.77265625 0.96875 0.0390625 0.021875
0 0.81015625 0.959375 0.0515625 0.0359375