1 0.909375 0.6984375 0.18125 0.165625
1 0.1109375 0.840625 0.1875 0.171875
1 0.85625 0.84921875 0.1984375 0.19375
1 0.409375 0.796875 0.2140625 0.1609375
1 0.75546875 0.71796875 0.2140625 0.1609375
1 0.54765625 0.90859375 0.2328125 0.1828125
1 0.18046875 0.95546875 0.2046875 0.0890625
1 0.159375 0.6953125 0.2078125 0.1625
1 0.66171875 0.57890625 0.2296875 0.178125
1 0.36171875 0.9359375 0.2109375 0.128125
1 0.3234375 0.66328125 0.2078125 0.1796875
1 0.9453125 0.55625 0.109375 0.153125
1 0.47109375 0.625 0.20625 0.159375
1 0.5765625 0.753125 0.1890625 0.1875
1 0.96171875 0.83828125 0.0765625 0.1609375
1 0.24609375 0.8265625 0.1765625 0.175
1 0.7078125 0.88046875 0.165625 0.1875
1 0.84375 0.55625 0.196875 0.178125
1 0.04765625 0.71328125 0.0765625 0.15
1 0.9421875 0.9375 0.115625 0.071875
1 0.79453125 0.9640625 0.209375 0.046875