0 0.72109375 0.51015625 0.06640625 0.06328125
0 0.025 0.371875 0.05 0.0625
0 0.1984375 0.1890625 0.06484375 0.0640625
0 0.02578125 0.6390625 0.0515625 0.0640625
0 0.021875 0.246875 0.04296875 0.0640625
0 0.1984375 0.403125 0.0640625 0.06328125
0 0.17890625 0.58828125 0.06640625 0.0640625
0 0.19453125 0.9078125 0.06328125 0.06171875
0 0.67890625 0.459375 0.0640625 0.0640625
0 0.5703125 0.70078125 0.06484375 0.06328125
0 0.51015625 0.3671875 0.065625 0.06328125
0 0.15390625 0.65 0.06640625 0.0640625
0 0.05703125 0.4265625 0.065625 0.0640625
0 0.03984375 0.8296875 0.0671875 0.06484375
0 0.053125 0.7109375 0.06171875 0.06484375
0 0.3203125 0.61328125 0.065625 0.0625
0 0.02421875 0.765625 0.04765625 0.0625
0 0.8359375 0.540625 0.0640625 0.06171875
0 0.2125 0.52890625 0.065625 0.0640625
0 0.11953125 0.7109375 0.0640625 0.06484375
0 0.8734375 0.6484375 0.065625 0.06328125
0 0.33125 0.5484375 0.065625 0.0625
0 0.2640625 0.17890625 0.06328125 0.06328125
0 0.440625 0.37421875 0.065625 0.0640625
0 0.80078125 0.73984375 0.0671875 0.06171875
0 0.4390625 0.8265625 0.0671875 0.06328125
0 0.59375 0.5046875 0.06640625 0.06484375
0 0.2625 0.38828125 0.0625 0.06484375
0 0.3875 0.5875 0.06484375 0.0625
0 0.15625 0.775 0.0625 0.06328125
0 0.17265625 0.46171875 0.0625 0.0625
0 0.5390625 0.46484375 0.06640625 0.065625
0 0.9765625 0.71796875 0.04609375 0.0640625
0 0.8234375 0.971875 0.065625 0.05625
0 0.2234375 0.79296875 0.06328125 0.06328125
0 0.63515625 0.66953125 0.06484375 0.065625
0 0.08515625 0.646875 0.06484375 0.065625
0 0.346875 0.4859375 0.065625 0.0640625
0 0.5625 0.4046875 0.06640625 0.0625
0 0.2765625 0.515625 0.06171875 0.065625
0 0.9109375 0.74296875 0.06484375 0.0640625
0 0.8 0.33671875 0.06640625 0.0640625
0 0.825 0.60390625 0.0671875 0.0640625
0 0.6015625 0.2734375 0.065625 0.06328125
0 0.1734375 0.84375 0.06640625 0.065625
0 0.7453125 0.69375 0.065625 0.06328125
0 0.24296875 0.9546875 0.0671875 0.0625
0 0.89921875 0.43125 0.06640625 0.06328125
0 0.70234375 0.8359375 0.06796875 0.065625
0 0.74296875 0.44609375 0.0625 0.06171875
0 0.5109375 0.8078125 0.06484375 0.06328125
0 0.47109375 0.315625 0.0671875 0.0625
0 0.225 0.1265625 0.0640625 0.0640625
0 0.61484375 0.44140625 0.065625 0.0640625
0 0.13125 0.89453125 0.06640625 0.0640625
0 0.3859375 0.728125 0.06328125 0.06484375
0 0.73046875 0.32109375 0.0640625 0.06484375
0 0.5125 0.734375 0.0625 0.06328125
0 0.7890625 0.49453125 0.06328125 0.0625
0 0.41875 0.275 0.065625 0.0625
0 0.15234375 0.96015625 0.0671875 0.06328125
0 0.8484375 0.78203125 0.06640625 0.0640625
0 0.08828125 0.77109375 0.06640625 0.0625
0 0.46796875 0.49765625 0.0640625 0.06328125
0 0.31875 0.728125 0.0640625 0.06328125
0 0.109375 0.4640625 0.0640625 0.0578125
0 0.28515625 0.6703125 0.06640625 0.06484375
0 0.52109375 0.54296875 0.065625 0.06328125
0 0.0796875 0.521875 0.06484375 0.0625
0 0.44765625 0.6953125 0.0640625 0.0625
0 0.6578125 0.5203125 0.06328125 0.06484375
0 0.053125 0.58203125 0.0640625 0.0625
0 0.31953125 0.35625 0.06640625 0.065625
0 0.4203125 0.44453125 0.06640625 0.06484375
0 0.1328125 0.4046875 0.065625 0.0640625
0 0.50546875 0.26015625 0.0640625 0.06328125
0 0.28828125 0.78984375 0.06484375 0.06484375
0 0.6703125 0.09375 0.0671875 0.06640625
0 0.1171875 0.271875 0.06640625 0.065625
0 0.18359375 0.71796875 0.0671875 0.0671875
0 0.403125 0.51640625 0.065625 0.06484375
0 0.75546875 0.6203125 0.0640625 0.0625
0 0.3421875 0.28671875 0.06484375 0.06328125
0 0.95078125 0.47421875 0.06484375 0.06328125
0 0.69609375 0.64609375 0.06328125 0.06484375
0 0.3078125 0.43359375 0.065625 0.06328125
0 0.3890625 0.334375 0.0640625 0.0640625
0 0.4390625 0.63125 0.065625 0.0625
0 0.44453125 0.7640625 0.0640625 0.0625
0 0.93046875 0.68359375 0.0640625 0.06171875
0 0.90546875 0.32109375 0.06484375 0.06328125
0 0.2546875 0.72734375 0.065625 0.06171875
0 0.38828125 0.15703125 0.06328125 0.0625
0 0.2390625 0.86796875 0.06484375 0.065625
0 0.45234375 0.56015625 0.0625 0.06171875
0 0.94453125 0.61796875 0.0625 0.06171875
0 0.89296875 0.5046875 0.0625 0.0625
0 0.36875 0.4046875 0.06484375 0.0625
0 0.45078125 0.140625 0.0640625 0.065625
0 0.1078125 0.83203125 0.06328125 0.06328125
0 0.946875 0.546875 0.06328125 0.0625
0 0.76953125 0.55703125 0.06640625 0.06171875
0 0.575 0.63671875 0.0640625 0.06328125
0 0.809375 0.6671875 0.0609375 0.0640625
0 0.51484375 0.665625 0.0640625 0.06328125
0 0.88984375 0.58046875 0.06171875 0.06171875
0 0.56015625 0.22109375 0.0640625 0.0625
0 0.01328125 0.55078125 0.0265625 0.06328125
0 0.9390625 0.38125 0.065625 0.06171875
0 0.9859375 0.578125 0.028125 0.0609375
0 0.98671875 0.50859375 0.0265625 0.0625
0 0.32578125 0.1640625 0.0609375 0.059375
1 0.36640625 0.22421875 0.06640625 0.05625
1 0.49375 0.19609375 0.05546875 0.059375
0 0.8546875 0.71171875 0.06171875 0.0625
1 0.15 0.3375 0.05703125 0.06875
0 0.840625 0.46328125 0.06484375 0.0640625
1 0.05390625 0.1578125 0.05703125 0.06796875
0 0.48515625 0.42734375 0.0609375 0.05859375
1 0.78046875 0.81484375 0.0640625 0.05625
1 0.6296875 0.81796875 0.0671875 0.06796875
0 0.55703125 0.16171875 0.06484375 0.05390625
1 0.57890625 0.57109375 0.0625 0.0578125
1 0.11484375 0.58671875 0.0625 0.06171875
1 0.4625 0.9609375 0.0671875 0.06875
1 0.4671875 0.89296875 0.10078125 0.06484375
1 0.30625 0.23515625 0.05546875 0.06640625
1 0.7515625 0.2 0.065625 0.06484375
1 0.96875 0.3203125 0.05859375 0.053125
1 0.865625 0.92578125 0.05859375 0.0625
1 0.29296875 0.1015625 0.06015625 0.06640625
1 0.378125 0.86328125 0.06015625 0.075
1 0.0203125 0.11015625 0.040625 0.0546875
1 0.24609375 0.25234375 0.0578125 0.0640625
1 0.08359375 0.35390625 0.0609375 0.06953125
1 0.02109375 0.96171875 0.0421875 0.059375
1 0.07109375 0.2171875 0.0640625 0.0578125
1 0.803125 0.409375 0.0625 0.0546875
0 0.546875 0.31328125 0.0609375 0.059375
1 0.109375 0.13984375 0.0609375 0.06640625
1 0.353125 0.79609375 0.06328125 0.0578125
1 0.63828125 0.6015625 0.06484375 0.06171875
1 0.14296875 0.53125 0.0609375 0.0625
1 0.77578125 0.2734375 0.05859375 0.06328125
1 0.16640625 0.0921875 0.071875 0.0625
1 0.7046875 0.1625 0.05078125 0.06484375
1 0.0765625 0.95625 0.06015625 0.06328125
1 0.6625 0.3109375 0.059375 0.06796875
1 0.3671875 0.66171875 0.0609375 0.0671875
1 0.68359375 0.73046875 0.0609375 0.05859375
1 0.25234375 0.59140625 0.06640625 0.0609375
1 0.271875 0.31015625 0.059375 0.06484375
1 0.65390625 0.3828125 0.06015625 0.06015625
1 0.8390625 0.859375 0.05859375 0.065625
1 0.63984375 0.1625 0.0703125 0.06953125
0 0.01171875 0.696875 0.02265625 0.06796875
1 0.1828125 0.26171875 0.0609375 0.071875
1 0.93203125 0.2578125 0.0546875 0.06328125
1 0.1328125 0.19765625 0.05703125 0.06484375
1 0.21171875 0.3296875 0.0640625 0.0625
1 0.23515625 0.459375 0.06796875 0.0578125
1 0.81484375 0.2203125 0.05859375 0.0625
1 0.728125 0.77109375 0.0578125 0.0640625
1 0.05390625 0.896875 0.06640625 0.06484375
1 0.90625 0.878125 0.0625 0.06015625
1 0.4359375 0.21015625 0.0578125 0.0625
1 0.56875 0.77734375 0.046875 0.05703125
1 0.5046875 0.60703125 0.0515625 0.06015625
1 0.71640625 0.3859375 0.06640625 0.06328125
1 0.709375 0.25703125 0.06171875 0.05859375
1 0.75 0.96953125 0.059375 0.0609375
1 0.6234375 0.7515625 0.06328125 0.06796875
1 0.56875 0.83984375 0.06328125 0.05859375
1 0.65625 0.93359375 0.0734375 0.0578125
1 0.3125 0.85546875 0.0671875 0.05546875
1 0.60234375 0.34453125 0.05625 0.06171875
0 0.5171875 0.9875 0.071875 0.025
1 0.35703125 0.09296875 0.06796875 0.0640625
0 0.00859375 0.3078125 0.0171875 0.065625
1 0.79921875 0.91640625 0.065625 0.0546875
1 0.9109375 0.97109375 0.05859375 0.05703125
1 0.69453125 0.57734375 0.0640625 0.05859375
1 0.8390625 0.2875 0.0546875 0.05546875
1 0.06875 0.06484375 0.07734375 0.07109375
1 0.05390625 0.3015625 0.0578125 0.06015625
1 0.9578125 0.9234375 0.05859375 0.053125
1 0.83203125 0.159375 0.06171875 0.065625
1 0.3140625 0.921875 0.0609375 0.07109375
1 0.025 0.48515625 0.05 0.0578125
1 0.975 0.865625 0.05 0.06875
1 0.86015625 0.37734375 0.05625 0.06875
1 0.221875 0.64765625 0.06171875 0.06484375
1 0.39296875 0.965625 0.06484375 0.06640625
1 0.75859375 0.87109375 0.06484375 0.065625
1 0.8734375 0.2375 0.06171875 0.06171875
1 0.64921875 0.23046875 0.05859375 0.065625
1 0.909375 0.8125 0.06171875 0.06015625
0 0.0078125 0.42578125 0.01484375 0.0671875
0 0.00859375 0.175 0.01640625 0.0671875
1 0.984375 0.42421875 0.03125 0.06484375
1 0.56875 0.9078125 0.08046875 0.084375
1 0.965625 0.7890625 0.05234375 0.05234375
1 0.95859375 0.19453125 0.071875 0.05703125
1 0.98359375 0.25703125 0.03203125 0.07109375
1 0.975 0.978125 0.05 0.04375
1 0.8921875 0.16640625 0.05703125 0.0734375
1 0.59375 0.98203125 0.06875 0.0359375
1 0.01171875 0.89609375 0.0234375 0.0703125
0 0.20390625 0.98828125 0.07265625 0.0234375
1 0.31796875 0.97890625 0.071875 0.0421875
1 0.9859375 0.66171875 0.028125 0.053125
0 0.57421875 0.09609375 0.0671875 0.06796875
1 0.6765625 0.98046875 0.0609375 0.03828125