0 0.49375 0.99140625 0.053125 0.0171875
0 0.36640625 0.9859375 0.0578125 0.028125
0 0.4140625 0.9828125 0.05625 0.034375
0 0.45859375 0.97265625 0.0578125 0.0546875
0 0.50390625 0.9546875 0.0546875 0.0546875
0 0.2375 0.98828125 0.059375 0.0234375
0 0.284375 0.97890625 0.059375 0.0421875
0 0.33125 0.96796875 0.05625 0.05625
0 0.3765625 0.95546875 0.0578125 0.059375
0 0.421875 0.94296875 0.05625 0.05625
0 0.46796875 0.9265625 0.059375 0.0578125
0 0.153125 0.98515625 0.05625 0.0296875
0 0.20078125 0.97421875 0.0546875 0.0515625
0 0.24921875 0.96484375 0.0609375 0.059375
0 0.29140625 0.9390625 0.0546875 0.053125
0 0.3375 0.9296875 0.0578125 0.053125
0 0.3859375 0.9125 0.059375 0.0546875
0 0.4359375 0.8984375 0.09375 0.0890625
0 0.47890625 0.88203125 0.059375 0.0578125
0 0.125 0.96015625 0.0484375 0.053125
0 0.1640625 0.940625 0.0578125 0.05625
0 0.21171875 0.92578125 0.0578125 0.053125
0 0.25703125 0.915625 0.0546875 0.053125
0 0.30234375 0.9015625 0.059375 0.0515625
0 0.34921875 0.8828125 0.05625 0.0546875
0 0.39609375 0.8640625 0.059375 0.05625
0 0.44296875 0.84921875 0.059375 0.0578125
0 0.490625 0.8359375 0.0609375 0.059375
0 0.13046875 0.91875 0.05625 0.05625
0 0.17578125 0.89765625 0.0609375 0.0578125
0 0.21953125 0.88203125 0.053125 0.0546875
0 0.265625 0.8734375 0.053125 0.0546875
0 0.3125 0.85 0.0546875 0.05625
0 0.3578125 0.83359375 0.05625 0.053125
0 0.40546875 0.81875 0.05625 0.0515625
0 0.45234375 0.80625 0.0609375 0.0578125
0 0.50078125 0.78203125 0.05625 0.0546875
0 0.10078125 0.89375 0.0359375 0.0484375
0 0.134375 0.88125 0.0578125 0.0515625
0 0.18046875 0.8421875 0.0609375 0.05625
0 0.23046875 0.83671875 0.0578125 0.059375
0 0.2765625 0.83359375 0.053125 0.0546875
0 0.321875 0.8125 0.0578125 0.0546875
0 0.37109375 0.78984375 0.059375 0.05625
0 0.41796875 0.771875 0.0578125 0.059375
0 0.46484375 0.753125 0.05625 0.05625
0 0.509375 0.7375 0.053125 0.053125
0 0.1015625 0.846875 0.0578125 0.059375
0 0.07890625 0.81171875 0.0359375 0.053125
0 0.14296875 0.80546875 0.0609375 0.059375
0 0.19140625 0.79375 0.059375 0.0625
0 0.24140625 0.790625 0.0578125 0.0609375
0 0.2859375 0.78046875 0.05625 0.0578125
0 0.3296875 0.76875 0.0546875 0.053125
0 0.334375 0.72578125 0.0578125 0.05625
0 0.3765625 0.74375 0.0578125 0.05625
0 0.38125 0.709375 0.05625 0.0546875
0 0.42109375 0.73203125 0.0578125 0.0578125
0 0.4703125 0.71484375 0.059375 0.0546875
0 0.5171875 0.69921875 0.05625 0.053125
0 0.5421875 0.97890625 0.05625 0.0421875
0 0.5890625 0.96484375 0.0578125 0.05625
0 0.63515625 0.94375 0.059375 0.0546875
0 0.68203125 0.93984375 0.05625 0.05625
0 0.728125 0.92265625 0.0578125 0.0546875
0 0.771875 0.921875 0.053125 0.053125
0 0.55078125 0.94609375 0.05625 0.05625
0 0.596875 0.92265625 0.0640625 0.0578125
0 0.64609375 0.90703125 0.0609375 0.059375
0 0.69296875 0.890625 0.0546875 0.05625
0 0.7375 0.88671875 0.053125 0.05625
0 0.78203125 0.87578125 0.0578125 0.0578125
0 0.51484375 0.909375 0.05625 0.05625
0 0.56171875 0.896875 0.0609375 0.0609375
0 0.61015625 0.875 0.0625 0.0578125
0 0.65546875 0.859375 0.05625 0.05625
0 0.70390625 0.84375 0.059375 0.05625
0 0.74921875 0.828125 0.0578125 0.059375
0 0.79609375 0.8109375 0.0609375 0.0546875
0 0.52578125 0.8640625 0.0578125 0.0578125
0 0.5734375 0.84765625 0.059375 0.059375
0 0.62109375 0.83515625 0.0578125 0.05625
0 0.66796875 0.81328125 0.059375 0.0578125
0 0.7140625 0.8015625 0.059375 0.05625
0 0.7609375 0.78203125 0.0609375 0.059375
0 0.8078125 0.76328125 0.0578125 0.0578125
0 0.53671875 0.81640625 0.05625 0.05625
0 0.5859375 0.7921875 0.059375 0.0578125
0 0.63203125 0.78125 0.0546875 0.0546875
0 0.67421875 0.77109375 0.05625 0.05625
0 0.7203125 0.75625 0.0546875 0.053125
0 0.7671875 0.7375 0.0625 0.0578125
0 0.8171875 0.72109375 0.059375 0.0546875
0 0.546875 0.7703125 0.0546875 0.0546875
0 0.58984375 0.7546875 0.05625 0.0546875
0 0.63203125 0.7421875 0.0578125 0.0578125
0 0.6796875 0.73046875 0.0546875 0.0578125
0 0.7265625 0.72265625 0.0546875 0.053125
0 0.78046875 0.69140625 0.0578125 0.059375
0 0.825 0.6734375 0.05625 0.0546875
0 0.55546875 0.72734375 0.053125 0.0546875
0 0.5984375 0.7125 0.0578125 0.0546875
0 0.64375 0.6953125 0.0546875 0.0578125
0 0.6875 0.68984375 0.0578125 0.05625
0 0.740625 0.66953125 0.0609375 0.0546875
0 0.78515625 0.64921875 0.053125 0.053125
0 0.8359375 0.63984375 0.0625 0.0578125
0 0.5625 0.68203125 0.059375 0.0578125
0 0.60703125 0.67734375 0.0546875 0.05625
0 0.65625 0.65078125 0.05625 0.0578125
0 0.70078125 0.64140625 0.059375 0.0609375
0 0.74765625 0.628125 0.05625 0.053125
0 0.79296875 0.60859375 0.0609375 0.0609375
0 0.8453125 0.58515625 0.059375 0.059375