0 0.63671875 0.11953125 0.06875 0.0671875
0 0.94296875 0.31640625 0.0703125 0.06875
0 0.35703125 0.36875 0.06875 0.0703125
0 0.88359375 0.3328125 0.06875 0.06875
0 0.22109375 0.13984375 0.0671875 0.06875
0 0.3828125 0.30859375 0.06875 0.071875
0 0.68359375 0.17421875 0.0671875 0.0703125
0 0.19296875 0.20234375 0.06875 0.071875
0 0.090625 0.16328125 0.06875 0.071875
0 0.903125 0.26328125 0.0703125 0.0734375
0 0.28359375 0.2609375 0.071875 0.071875
0 0.1828125 0.0859375 0.0703125 0.071875
0 0.6625 0.053125 0.06875 0.0734375
0 0.29296875 0.3796875 0.0703125 0.0703125
0 0.65 0.37734375 0.0703125 0.075
0 0.83828125 0.28203125 0.071875 0.0765625
0 0.15546875 0.15 0.071875 0.0703125
0 0.7484375 0.16875 0.06875 0.071875
0 0.92578125 0.1953125 0.065625 0.06875
0 0.34765625 0.25546875 0.06875 0.0734375
0 0.14921875 0.04375 0.0671875 0.0453125
0 0.25703125 0.19609375 0.06875 0.0703125
0 0.31640625 0.31796875 0.0703125 0.071875
0 0.25390625 0.32109375 0.0671875 0.0703125
0 0.5640625 0.31953125 0.0703125 0.075
0 0.45703125 0.18671875 0.071875 0.0703125
0 0.2484375 0.0796875 0.0703125 0.071875
0 0.8171875 0.34765625 0.06875 0.0703125
0 0.115625 0.09609375 0.071875 0.0734375
0 0.22265625 0.2609375 0.065625 0.0703125
0 0.228125 0.3859375 0.06875 0.0703125
0 0.90859375 0.43828125 0.071875 0.0734375
0 0.21484375 0.03828125 0.0671875 0.04375
0 0.73125 0.2359375 0.071875 0.06875
0 0.28515625 0.13359375 0.0703125 0.06875
0 0.5859375 0.3859375 0.0671875 0.0703125
0 0.86953125 0.609375 0.0703125 0.071875
0 0.2703125 0.44140625 0.0671875 0.065625
0 0.41953125 0.36171875 0.0703125 0.0734375
0 0.34296875 0.56171875 0.0671875 0.06875
0 0.77734375 0.86796875 0.065625 0.06875
0 0.8609375 0.20078125 0.0703125 0.0734375
0 0.39296875 0.421875 0.0703125 0.071875
0 0.63046875 0.315625 0.071875 0.0703125
0 0.6734375 0.25703125 0.06875 0.071875
0 0.70390625 0.11328125 0.071875 0.0703125
0 0.946875 0.3765625 0.0703125 0.0703125
0 0.309375 0.50390625 0.0703125 0.0703125
0 0.596875 0.07109375 0.0703125 0.071875
0 0.96171875 0.2546875 0.05 0.071875
0 0.340625 0.6734375 0.06875 0.065625
0 0.79765625 0.215625 0.071875 0.075
0 0.54453125 0.2546875 0.071875 0.071875
0 0.81640625 0.02890625 0.0671875 0.0578125
0 0.52421875 0.39140625 0.065625 0.0703125
0 0.87890625 0.025 0.0671875 0.05
0 0.4796875 0.24765625 0.06875 0.0703125
0 0.80703125 0.63828125 0.0703125 0.0765625
0 0.846875 0.0875 0.0703125 0.0703125
0 0.7140625 0.39296875 0.071875 0.0703125
0 0.50234375 0.3328125 0.0671875 0.06875
0 0.2734375 0.5609375 0.071875 0.0671875
0 0.30625 0.61796875 0.0671875 0.065625
0 0.334375 0.434375 0.0640625 0.06875
0 0.7484375 0.35 0.06875 0.071875
0 0.53359375 0.075 0.06875 0.0703125
0 0.6953125 0.31640625 0.0671875 0.06875
0 0.76796875 0.2890625 0.071875 0.06875
0 0.88359375 0.14296875 0.0671875 0.0671875
0 0.23828125 0.50390625 0.06875 0.0671875
0 0.6125 0.253125 0.0703125 0.06875
0 0.084375 0.05078125 0.0671875 0.05
0 0.4453125 0.3015625 0.0703125 0.0703125
0 0.97109375 0.4484375 0.0578125 0.071875
0 0.16484375 0.3984375 0.065625 0.0640625
0 0.19375 0.3328125 0.0671875 0.06875
0 0.92734375 0.92578125 0.0734375 0.0734375
0 0.1296875 0.215625 0.071875 0.0703125
0 0.52734375 0.18984375 0.075 0.0703125
0 0.646875 0.93203125 0.071875 0.078125
0 0.65703125 0.4578125 0.0703125 0.0703125
0 0.4125 0.2484375 0.071875 0.071875
0 0.3703125 0.62109375 0.0671875 0.065625
0 0.72578125 0.734375 0.075 0.071875
0 0.1984375 0.45703125 0.06875 0.0671875
0 0.6921875 0.97109375 0.06875 0.0375
0 0.6234375 0.18828125 0.071875 0.071875
0 0.803125 0.49296875 0.0703125 0.0703125
0 0.41796875 0.66953125 0.0734375 0.065625
0 0.03046875 0.17421875 0.0609375 0.0703125
0 0.815625 0.92734375 0.075 0.0734375
0 0.50234375 0.1296875 0.0703125 0.06875
0 0.3546875 0.02734375 0.0703125 0.0421875
0 0.71640625 0.90703125 0.0703125 0.071875
0 0.0546875 0.1109375 0.0640625 0.06875
0 0.8703125 0.953125 0.071875 0.0484375
0 0.7578125 0.675 0.0703125 0.06875
0 0.78203125 0.0796875 0.0671875 0.065625
0 0.740625 0.81875 0.071875 0.071875
0 0.94609375 0.1390625 0.0640625 0.06875
0 0.85078125 0.5484375 0.0703125 0.06875
0 0.9140625 0.55625 0.0734375 0.06875
0 0.39375 0.06640625 0.06875 0.06875
0 0.72109375 0.48203125 0.0703125 0.06875
0 0.64296875 0.534375 0.071875 0.071875
0 0.51953125 0.95234375 0.065625 0.06875
0 0.58203125 0.9421875 0.071875 0.0734375
0 0.984375 0.8328125 0.03125 0.06875
0 0.97734375 0.89921875 0.0453125 0.0734375
0 0.609375 0.8734375 0.0671875 0.065625
0 0.725 0.04453125 0.0671875 0.071875
0 0.96796875 0.58515625 0.0640625 0.0703125
0 0.54609375 0.87578125 0.06875 0.0703125
0 0.70546875 0.55390625 0.0703125 0.071875
0 0.8375 0.43828125 0.0703125 0.06875
0 0.15703125 0.2796875 0.0734375 0.0703125
0 0.1296875 0.346875 0.06875 0.071875
0 0.09296875 0.296875 0.0671875 0.0703125
0 0.67734375 0.85390625 0.071875 0.0703125
0 0.8015625 0.7828125 0.0703125 0.0703125
0 0.0109375 0.12265625 0.021875 0.0703125
0 0.68125 0.790625 0.0671875 0.06875
0 0.46171875 0.41015625 0.071875 0.0703125
0 0.39375 0.18046875 0.06875 0.071875
0 0.0609375 0.234375 0.071875 0.0734375
0 0.4484375 0.84296875 0.0703125 0.06875
0 0.3171875 0.07578125 0.0765625 0.0703125
0 0.93203125 0.715625 0.0671875 0.0671875
0 0.61875 0.815625 0.06875 0.0734375
1 0.57109375 0.1296875 0.0671875 0.0640625
0 0.58828125 0.60703125 0.06875 0.071875
0 0.38125 0.73515625 0.071875 0.0734375
0 0.41328125 0.571875 0.071875 0.0734375
0 0.4546875 0.62109375 0.075 0.075
0 0.52265625 0.63125 0.075 0.0765625
0 0.571875 0.5546875 0.075 0.0734375
0 0.41015625 0.79375 0.075 0.06875
0 0.48515625 0.796875 0.078125 0.0703125
0 0.553125 0.80859375 0.0765625 0.08125
1 0.28671875 0.02890625 0.0703125 0.034375
1 0.4234375 0.01796875 0.0625 0.0328125
1 0.49453125 0.01796875 0.0671875 0.0359375
1 0.55859375 0.01875 0.0578125 0.0375
1 0.61953125 0.01484375 0.0578125 0.0296875
1 0.6828125 0.0125 0.065625 0.025
1 0.74609375 0.00625 0.0640625 0.0125
1 0.4734375 0.0625 0.071875 0.078125
1 0.43515625 0.12421875 0.078125 0.0671875
1 0.36796875 0.12890625 0.06875 0.0640625
1 0.33125 0.1859375 0.06875 0.0734375
1 0.39140625 0.49609375 0.0890625 0.0796875
1 0.49140625 0.55859375 0.0828125 0.0765625
0 0.47421875 0.45625 0.0734375 0.0484375
1 0.48984375 0.675 0.0640625 0.059375
1 0.45546875 0.73203125 0.0703125 0.0703125
1 0.53203125 0.73203125 0.0671875 0.078125
1 0.5578125 0.6828125 0.0640625 0.0625
1 0.6046875 0.73671875 0.065625 0.0796875
1 0.665625 0.71953125 0.0625 0.059375
0 0.62421875 0.6703125 0.06875 0.071875
1 0.66484375 0.6046875 0.05625 0.065625
1 0.73515625 0.6125 0.071875 0.0625
1 0.790625 0.5671875 0.06875 0.0765625
1 0.69375 0.66640625 0.0625 0.071875
1 0.87265625 0.6765625 0.0609375 0.0734375
1 0.875 0.73828125 0.0640625 0.0671875
1 0.8890625 0.8 0.0703125 0.0671875
0 0.48125 0.903125 0.0703125 0.06875
1 0.7796875 0.41015625 0.0671875 0.0578125
1 0.83203125 0.84375 0.0671875 0.0625
1 0.75859375 0.9546875 0.059375 0.059375
1 0.9390625 0.02578125 0.059375 0.0515625
1 0.921875 0.07265625 0.071875 0.0734375
1 0.81875 0.14375 0.071875 0.0671875
1 0.96015625 0.51484375 0.0671875 0.0765625
1 0.9296875 0.6421875 0.0640625 0.0640625
1 0.978125 0.64296875 0.04375 0.0734375
1 0.98203125 0.70859375 0.0359375 0.0671875
1 0.95859375 0.7796875 0.0828125 0.06875
1 0.94296875 0.83984375 0.065625 0.065625
1 0.8890625 0.87265625 0.065625 0.084375
0 0.0265625 0.06484375 0.053125 0.0703125