2 0.4421875 0.7546875 0.053125 0.0546875
2 0.334375 0.609375 0.0515625 0.0546875
0 0.60390625 0.98203125 0.053125 0.0265625
0 0.65859375 0.9765625 0.053125 0.0296875
0 0.71171875 0.97421875 0.053125 0.028125
0 0.759375 0.96875 0.046875 0.03125
0 0.80703125 0.965625 0.046875 0.03125
0 0.85390625 0.9625 0.046875 0.03125
0 0.903125 0.95703125 0.046875 0.034375
0 0.58046875 0.95390625 0.053125 0.05
0 0.63125 0.95 0.053125 0.053125
0 0.68046875 0.946875 0.05 0.0484375
0 0.7328125 0.94375 0.05 0.0484375
0 0.78203125 0.93671875 0.053125 0.0515625
0 0.8265625 0.92890625 0.0484375 0.046875
0 0.875 0.9265625 0.0484375 0.0484375
0 0.921875 0.9203125 0.0484375 0.0484375
0 0.55234375 0.9171875 0.0453125 0.0484375
0 0.60078125 0.9125 0.05625 0.0484375
0 0.65234375 0.91015625 0.053125 0.0484375
0 0.70078125 0.90390625 0.0484375 0.05
0 0.74921875 0.89921875 0.0546875 0.053125
0 0.796875 0.890625 0.046875 0.046875
0 0.84375 0.88828125 0.053125 0.0515625
0 0.89375 0.88203125 0.0546875 0.0515625
0 0.53125 0.8796875 0.0453125 0.046875
0 0.5765625 0.8734375 0.05625 0.053125
0 0.62265625 0.86796875 0.0484375 0.0484375
0 0.67265625 0.86640625 0.053125 0.0484375
0 0.72421875 0.85859375 0.0484375 0.046875
0 0.76796875 0.8515625 0.0515625 0.05
0 0.81484375 0.84765625 0.0515625 0.0484375
0 0.86953125 0.84453125 0.046875 0.0453125
0 0.91640625 0.83984375 0.0484375 0.046875
0 0.4953125 0.8375 0.0546875 0.05
0 0.54609375 0.83203125 0.05 0.05
0 0.59375 0.82734375 0.0484375 0.046875
0 0.640625 0.825 0.0546875 0.0515625
0 0.69453125 0.81953125 0.0484375 0.046875
0 0.73984375 0.81328125 0.0484375 0.0515625
0 0.7875 0.8078125 0.05 0.0484375
0 0.8375 0.80390625 0.0546875 0.0484375
0 0.8890625 0.80390625 0.0515625 0.053125
0 0.4671875 0.7953125 0.0484375 0.0484375
0 0.5140625 0.79140625 0.0546875 0.0515625
0 0.5671875 0.78359375 0.053125 0.05
0 0.6171875 0.7828125 0.0484375 0.046875
0 0.6640625 0.7796875 0.05 0.0453125
0 0.71484375 0.775 0.053125 0.053125
0 0.7625 0.76953125 0.0484375 0.046875
0 0.80859375 0.76328125 0.046875 0.04375
0 0.85625 0.76171875 0.046875 0.0484375
0 0.903125 0.75625 0.0515625 0.0515625
0 0.48828125 0.74765625 0.0515625 0.0515625
0 0.5390625 0.7453125 0.05 0.053125
0 0.58828125 0.7421875 0.053125 0.0484375
0 0.6375 0.7390625 0.0515625 0.0515625
0 0.68515625 0.73515625 0.0515625 0.0515625
0 0.73828125 0.73203125 0.05 0.046875
0 0.78515625 0.72578125 0.046875 0.0515625
0 0.82890625 0.71953125 0.05 0.0515625
0 0.87734375 0.7140625 0.0484375 0.0484375
0 0.4140625 0.725 0.0546875 0.0484375
0 0.46484375 0.70859375 0.0484375 0.046875
0 0.51484375 0.70390625 0.053125 0.05
0 0.56171875 0.70234375 0.053125 0.05
0 0.60859375 0.7 0.0484375 0.046875
0 0.65546875 0.69453125 0.0546875 0.053125
0 0.70390625 0.69140625 0.0515625 0.046875
0 0.75078125 0.68515625 0.046875 0.0484375
0 0.7984375 0.68359375 0.05 0.05
0 0.846875 0.67734375 0.05 0.05
0 0.8953125 0.671875 0.0484375 0.0484375
0 0.38828125 0.68515625 0.053125 0.0515625
0 0.44609375 0.67578125 0.0484375 0.046875
0 0.4890625 0.665625 0.0484375 0.046875
0 0.53828125 0.665625 0.0515625 0.0484375
0 0.58359375 0.66015625 0.0484375 0.0453125
0 0.6296875 0.65546875 0.05 0.046875
0 0.6765625 0.6515625 0.0484375 0.0484375
0 0.72265625 0.6453125 0.0484375 0.0484375
0 0.77734375 0.64765625 0.0484375 0.0484375
0 0.8234375 0.63828125 0.046875 0.0484375
0 0.87421875 0.63359375 0.0484375 0.0484375
0 0.365625 0.65 0.053125 0.0515625
0 0.4109375 0.63515625 0.0484375 0.0484375
0 0.4578125 0.628125 0.0546875 0.046875
0 0.50390625 0.62421875 0.05 0.05
0 0.559375 0.62578125 0.0453125 0.046875
0 0.6046875 0.61796875 0.053125 0.05
0 0.6515625 0.6125 0.0484375 0.0484375
0 0.69609375 0.6046875 0.05 0.0484375
0 0.74375 0.60390625 0.0484375 0.0484375
0 0.790625 0.6 0.0515625 0.0484375
0 0.840625 0.59609375 0.0484375 0.046875
0 0.8890625 0.5921875 0.05 0.046875
0 0.38125 0.603125 0.053125 0.0515625
0 0.4359375 0.596875 0.05625 0.046875
0 0.48984375 0.590625 0.0515625 0.046875
0 0.53359375 0.5859375 0.0453125 0.0453125
0 0.578125 0.58046875 0.053125 0.0515625
0 0.62421875 0.57265625 0.046875 0.05
0 0.67109375 0.56953125 0.0453125 0.046875
0 0.71875 0.56640625 0.05 0.046875
0 0.765625 0.559375 0.0484375 0.0484375
0 0.81328125 0.55625 0.0546875 0.0515625
0 0.86328125 0.553125 0.05 0.053125
0 0.30703125 0.56796875 0.053125 0.0515625
0 0.359375 0.565625 0.0546875 0.0453125
0 0.40546875 0.55625 0.0515625 0.0515625
0 0.45234375 0.55078125 0.046875 0.0484375
0 0.496875 0.5390625 0.0515625 0.0484375
0 0.5453125 0.53828125 0.0484375 0.046875
0 0.59375 0.53515625 0.053125 0.05
0 0.6421875 0.53046875 0.05 0.046875
0 0.690625 0.52578125 0.05 0.05
0 0.7390625 0.5234375 0.0484375 0.0484375
0 0.78359375 0.51484375 0.046875 0.05
0 0.83125 0.51015625 0.05 0.0484375
0 0.88046875 0.50859375 0.0546875 0.0515625
0 0.28359375 0.534375 0.046875 0.046875
0 0.328125 0.5234375 0.0515625 0.0484375
0 0.37421875 0.5125 0.046875 0.046875
0 0.41875 0.5078125 0.0515625 0.05
0 0.46953125 0.503125 0.0546875 0.0515625
0 0.51796875 0.49921875 0.0515625 0.0515625
0 0.5671875 0.4953125 0.05 0.05
0 0.6125 0.48984375 0.046875 0.05
0 0.6625 0.4890625 0.0484375 0.046875
0 0.70625 0.478125 0.0453125 0.0484375
0 0.7546875 0.47421875 0.0484375 0.0484375
0 0.809375 0.47265625 0.046875 0.0484375
0 0.85234375 0.46640625 0.05 0.05
0 0.95234375 0.953125 0.0453125 0.0359375
0 0.98671875 0.94921875 0.0265625 0.0359375
0 0.97109375 0.91640625 0.053125 0.05
0 0.94296875 0.878125 0.0484375 0.05
0 0.984375 0.8703125 0.03125 0.05
0 0.96171875 0.83359375 0.0546875 0.0515625
0 0.99375 0.8265625 0.0125 0.046875
0 0.93671875 0.79765625 0.0515625 0.0515625
0 0.97890625 0.78984375 0.0421875 0.0515625
0 0.953125 0.75078125 0.0546875 0.05
0 0.9890625 0.746875 0.021875 0.05
0 0.92578125 0.71171875 0.0484375 0.0515625
0 0.97421875 0.70859375 0.05 0.0484375
0 0.94375 0.66875 0.0515625 0.0515625
0 0.98359375 0.66328125 0.0328125 0.0484375
0 0.91953125 0.63046875 0.046875 0.05
0 0.96484375 0.62265625 0.05 0.0515625
0 0.93671875 0.58671875 0.0484375 0.0484375
0 0.9796875 0.58125 0.040625 0.05
0 0.9109375 0.54765625 0.0515625 0.0515625
0 0.9578125 0.54296875 0.05 0.05
0 0.98984375 0.54140625 0.0203125 0.0453125
0 0.93046875 0.50390625 0.05 0.05
0 0.97578125 0.5 0.0484375 0.05
0 0.90234375 0.465625 0.0515625 0.0515625
0 0.9515625 0.46328125 0.05 0.053125
0 0.98671875 0.459375 0.0265625 0.0484375
0 0.25078125 0.49296875 0.053125 0.053125
0 0.2984375 0.4828125 0.046875 0.0484375
0 0.34453125 0.4765625 0.05 0.0484375
0 0.3984375 0.471875 0.0484375 0.0453125
0 0.44453125 0.465625 0.05 0.0515625
0 0.490625 0.4609375 0.0515625 0.0515625
0 0.5390625 0.45703125 0.053125 0.0515625
0 0.58984375 0.4546875 0.0546875 0.05
0 0.21796875 0.4484375 0.0546875 0.0515625
0 0.26953125 0.44140625 0.0515625 0.0546875
0 0.31796875 0.4359375 0.0484375 0.0484375
0 0.3671875 0.434375 0.05 0.053125
0 0.4140625 0.42734375 0.0515625 0.046875
0 0.4640625 0.42265625 0.05 0.0484375
0 0.5109375 0.4171875 0.0484375 0.0484375
0 0.56015625 0.4140625 0.05 0.05
0 0.18984375 0.409375 0.0515625 0.05
0 0.24296875 0.40234375 0.0515625 0.053125
0 0.2921875 0.403125 0.05 0.05
0 0.3390625 0.39453125 0.0484375 0.0484375
0 0.3875 0.38828125 0.05 0.0515625
0 0.43671875 0.38515625 0.053125 0.0484375
0 0.48515625 0.38203125 0.053125 0.0515625
0 0.53203125 0.3765625 0.0515625 0.0515625
0 0.58515625 0.37578125 0.05 0.05
0 0.1625 0.37265625 0.0609375 0.0546875
0 0.21171875 0.36171875 0.053125 0.0515625
0 0.27109375 0.36953125 0.046875 0.0453125
0 0.3109375 0.35546875 0.0484375 0.0484375
0 0.35859375 0.353125 0.0515625 0.05
0 0.40625 0.3453125 0.05 0.0515625
0 0.45390625 0.3421875 0.0484375 0.05
0 0.50390625 0.33671875 0.0484375 0.0484375
0 0.55234375 0.33203125 0.0546875 0.0546875
0 0.1328125 0.33671875 0.0546875 0.0515625
0 0.1828125 0.32734375 0.053125 0.0484375
0 0.23828125 0.325 0.053125 0.046875
0 0.2875 0.33046875 0.04375 0.0375
0 0.33125 0.315625 0.05 0.0484375
0 0.378125 0.30703125 0.05 0.05
0 0.42734375 0.30546875 0.05 0.0484375
0 0.4828125 0.29765625 0.08125 0.071875
0 0.52578125 0.29375 0.05 0.0484375
0 0.57265625 0.28828125 0.05 0.0515625
0 0.1046875 0.29765625 0.053125 0.053125
0 0.153125 0.2921875 0.053125 0.0515625
0 0.20859375 0.28984375 0.0515625 0.046875
0 0.25859375 0.2859375 0.0515625 0.046875
0 0.3078125 0.2796875 0.05 0.046875
0 0.35234375 0.27109375 0.0484375 0.0515625
0 0.3984375 0.26484375 0.053125 0.05
0 0.4484375 0.26171875 0.0546875 0.05
0 0.49609375 0.25625 0.046875 0.0515625
0 0.54375 0.25 0.053125 0.05
0 0.0875 0.26328125 0.053125 0.0515625
0 0.13828125 0.25859375 0.0578125 0.0515625
0 0.1875 0.2578125 0.0453125 0.05
0 0.23203125 0.246875 0.0484375 0.05
0 0.28203125 0.2484375 0.0484375 0.0484375
0 0.3234375 0.23515625 0.0484375 0.0484375
0 0.3703125 0.22734375 0.053125 0.0515625
0 0.41875 0.21953125 0.05 0.05
0 0.46640625 0.21796875 0.0546875 0.053125
0 0.5203125 0.215625 0.053125 0.046875
0 0.0625 0.225 0.0515625 0.0515625
0 0.1109375 0.221875 0.0515625 0.0546875
0 0.1578125 0.2203125 0.0515625 0.0515625
0 0.2046875 0.2140625 0.0484375 0.05
0 0.2484375 0.20390625 0.05 0.0484375
0 0.29453125 0.196875 0.0484375 0.05
0 0.34296875 0.18984375 0.0546875 0.0515625
0 0.3890625 0.18125 0.046875 0.0515625
0 0.43515625 0.178125 0.05 0.0484375
0 0.4859375 0.17421875 0.05 0.05
0 0.5328125 0.16796875 0.046875 0.05
0 0.03125 0.1875 0.0515625 0.05
0 0.0796875 0.1828125 0.0515625 0.046875
0 0.13046875 0.17890625 0.0484375 0.046875
0 0.17890625 0.1765625 0.0484375 0.046875
0 0.22578125 0.16875 0.0484375 0.0453125
0 0.2734375 0.1625 0.0515625 0.0515625
0 0.315625 0.15234375 0.04375 0.0453125
0 0.36328125 0.14453125 0.053125 0.05
0 0.41015625 0.13984375 0.0515625 0.05
0 0.46015625 0.13828125 0.05625 0.05
0 0.50234375 0.1296875 0.0515625 0.0515625
0 0.0125 0.15 0.025 0.05
0 0.053125 0.14921875 0.053125 0.0546875
0 0.1015625 0.14140625 0.0515625 0.0515625
0 0.1484375 0.13515625 0.0515625 0.0515625
0 0.196875 0.13046875 0.046875 0.053125
0 0.240625 0.12265625 0.046875 0.0484375
0 0.2859375 0.11640625 0.0484375 0.0484375
0 0.33359375 0.10703125 0.0515625 0.0484375
0 0.38203125 0.10078125 0.046875 0.0484375
0 0.4296875 0.09765625 0.0546875 0.0546875
0 0.47265625 0.08828125 0.0484375 0.05
0 0.52109375 0.0859375 0.053125 0.0515625
0 0.55546875 0.12734375 0.0515625 0.05
0 0.0234375 0.10625 0.046875 0.05
0 0.07265625 0.103125 0.0515625 0.0515625
0 0.1203125 0.0984375 0.0515625 0.05
0 0.16796875 0.09296875 0.05 0.053125
0 0.21484375 0.084375 0.0515625 0.0515625
0 0.259375 0.07734375 0.0453125 0.05
0 0.303125 0.071875 0.0515625 0.0484375
0 0.35234375 0.0640625 0.0484375 0.0484375
0 0.39921875 0.05625 0.0515625 0.0484375
0 0.4453125 0.04765625 0.046875 0.05
0 0.49375 0.04765625 0.0484375 0.0484375
0 0.009375 0.065625 0.01875 0.05
0 0.0453125 0.06640625 0.053125 0.05
0 0.09296875 0.06015625 0.0484375 0.0484375
0 0.140625 0.05625 0.0484375 0.046875
0 0.18671875 0.04375 0.05 0.0484375
0 0.23515625 0.04296875 0.053125 0.046875
0 0.278125 0.0328125 0.0484375 0.040625
0 0.32578125 0.0296875 0.05 0.040625
0 0.37265625 0.02578125 0.0484375 0.0390625
0 0.41953125 0.0203125 0.0484375 0.034375
0 0.46796875 0.0171875 0.0515625 0.034375
0 0.51484375 0.0140625 0.0484375 0.028125
0 0.0640625 0.03984375 0.05 0.0234375
0 0.6359375 0.4484375 0.046875 0.05
0 0.67890625 0.43984375 0.046875 0.0515625
0 0.72578125 0.4359375 0.05 0.0484375
0 0.778125 0.4375 0.05 0.0546875
0 0.82578125 0.43125 0.05 0.05
0 0.875 0.425 0.05 0.053125
0 0.92421875 0.42421875 0.05 0.0515625
0 0.97109375 0.41953125 0.0515625 0.05
0 0.6078125 0.4125 0.0484375 0.0484375
0 0.65390625 0.4046875 0.0484375 0.046875
0 0.69765625 0.39453125 0.0484375 0.0484375
0 0.74609375 0.39453125 0.05 0.0484375
0 0.79765625 0.3921875 0.053125 0.0515625
0 0.846875 0.38515625 0.0484375 0.0484375
0 0.9 0.3890625 0.053125 0.046875
0 0.94921875 0.384375 0.046875 0.046875
0 0.98046875 0.37421875 0.0265625 0.0453125
0 0.62890625 0.36796875 0.0484375 0.0515625
0 0.6796875 0.36796875 0.046875 0.04375
0 0.72421875 0.3578125 0.05 0.0515625
0 0.771875 0.35546875 0.053125 0.0515625
0 0.81953125 0.35 0.0484375 0.0515625
0 0.865625 0.34609375 0.0515625 0.0484375
0 0.9140625 0.34140625 0.05 0.0515625
0 0.96171875 0.33515625 0.046875 0.046875
0 0.60234375 0.3296875 0.0515625 0.053125
0 0.6484375 0.32421875 0.0484375 0.053125
0 0.69609375 0.31875 0.053125 0.0484375
0 0.74375 0.3171875 0.05 0.05
0 0.78984375 0.309375 0.05 0.05
0 0.84296875 0.31015625 0.05 0.046875
0 0.88671875 0.3015625 0.05 0.05
0 0.9375 0.29921875 0.0484375 0.0453125
0 0.975 0.29609375 0.0265625 0.0453125
0 0.6203125 0.28515625 0.05 0.05
0 0.66796875 0.27734375 0.0515625 0.0515625
0 0.7140625 0.27578125 0.0515625 0.0515625
0 0.7609375 0.2703125 0.05 0.05
0 0.81484375 0.27421875 0.053125 0.0484375
0 0.86015625 0.26484375 0.0484375 0.0484375
0 0.909375 0.25859375 0.0515625 0.05
0 0.96015625 0.25859375 0.0515625 0.0515625
0 0.59140625 0.24453125 0.0484375 0.0453125
0 0.6375 0.2390625 0.05 0.05
0 0.6859375 0.23515625 0.053125 0.05
0 0.73515625 0.23046875 0.0484375 0.05
0 0.784375 0.22890625 0.0515625 0.0515625
0 0.83203125 0.2296875 0.0515625 0.0515625
0 0.87890625 0.22265625 0.05 0.046875
0 0.928125 0.2203125 0.05 0.0515625
0 0.9671875 0.21015625 0.03125 0.0484375
0 0.5671875 0.21015625 0.05 0.046875
0 0.61484375 0.20234375 0.0484375 0.0484375
0 0.6625 0.19609375 0.0546875 0.053125
0 0.7109375 0.1953125 0.0484375 0.0453125
0 0.7578125 0.190625 0.0484375 0.05
0 0.8046875 0.18984375 0.0484375 0.0484375
0 0.853125 0.18515625 0.0515625 0.046875
0 0.90234375 0.18046875 0.046875 0.0484375
0 0.94609375 0.17265625 0.0484375 0.05
0 0.58515625 0.16953125 0.0515625 0.05
0 0.6328125 0.159375 0.05 0.0515625
0 0.68046875 0.15390625 0.0484375 0.0515625
0 0.7296875 0.153125 0.0515625 0.05
0 0.7765625 0.14921875 0.0515625 0.046875
0 0.8296875 0.14921875 0.05 0.05
0 0.87734375 0.14375 0.0515625 0.0515625
0 0.92421875 0.1390625 0.0484375 0.04375
0 0.95859375 0.12890625 0.0359375 0.046875
0 0.60234375 0.1234375 0.046875 0.05
0 0.65078125 0.1171875 0.0546875 0.05
0 0.703125 0.11328125 0.0515625 0.0515625
0 0.75234375 0.115625 0.05625 0.0515625
0 0.803125 0.11328125 0.0515625 0.053125
0 0.85078125 0.1046875 0.0484375 0.05
0 0.89609375 0.09765625 0.0515625 0.05
0 0.94296875 0.090625 0.0640625 0.0671875
0 0.57578125 0.0859375 0.0546875 0.053125
0 0.6265625 0.08359375 0.0515625 0.0515625
0 0.67578125 0.0765625 0.05 0.053125
0 0.721875 0.071875 0.0484375 0.0515625
0 0.77109375 0.06875 0.0515625 0.0515625
0 0.81875 0.065625 0.05 0.05
0 0.86796875 0.0609375 0.0515625 0.05
0 0.91328125 0.05625 0.05 0.0515625
0 0.953125 0.05234375 0.0359375 0.0484375
0 0.5484375 0.05078125 0.053125 0.05
0 0.59765625 0.0421875 0.053125 0.053125
0 0.65078125 0.04375 0.0703125 0.075
0 0.696875 0.0328125 0.0515625 0.0484375
0 0.7453125 0.0328125 0.0484375 0.0453125
0 0.79296875 0.025 0.05 0.05
0 0.84296875 0.02734375 0.04375 0.04375
0 0.8859375 0.0203125 0.046875 0.040625
0 0.93203125 0.01953125 0.0515625 0.0390625
0 0.56328125 0.01328125 0.0484375 0.0265625
0 0.6171875 0.01171875 0.05 0.0234375
0 0.66875 0.0109375 0.05 0.021875
0 0.7171875 0.009375 0.05 0.01875
0 0.7671875 0.00625 0.046875 0.0125
0 0.81484375 0.00546875 0.0484375 0.0109375