0 0.35703125 0.02421875 0.065625 0.0453125
0 0.78984375 0.02265625 0.0671875 0.0453125
0 0.375 0.0796875 0.065625 0.0671875
0 0.58515625 0.02421875 0.0703125 0.0484375
0 0.29296875 0.0265625 0.0640625 0.046875
0 0.884375 0.3703125 0.0671875 0.06875
0 0.8 0.25859375 0.065625 0.06875
0 0.88828125 0.17109375 0.065625 0.0671875
0 0.90859375 0.3 0.0671875 0.065625
0 0.86796875 0.24921875 0.065625 0.06875
0 0.67265625 0.1609375 0.065625 0.0671875
0 0.29296875 0.27421875 0.065625 0.0671875
0 0.6375 0.22109375 0.065625 0.065625
0 0.3625 0.1546875 0.06875 0.0671875
0 0.82578125 0.18984375 0.0640625 0.0671875
0 0.69609375 0.33671875 0.0671875 0.065625
0 0.2546875 0.07578125 0.065625 0.065625
0 0.92421875 0.1109375 0.0671875 0.0671875
0 0.80078125 0.1171875 0.0640625 0.0703125
0 0.46640625 0.33125 0.0671875 0.0640625
0 0.615625 0.3328125 0.065625 0.06875
0 0.86015625 0.10078125 0.0640625 0.06875
0 0.225 0.13671875 0.065625 0.0640625
0 0.63671875 0.10703125 0.0671875 0.0625
0 0.71953125 0.39921875 0.065625 0.065625
0 0.296875 0.14140625 0.0640625 0.0671875
0 0.55 0.33671875 0.065625 0.0671875
0 0.190625 0.06796875 0.0640625 0.065625
0 0.71953125 0.0125 0.0671875 0.025
0 0.225 0.02421875 0.065625 0.0390625
0 0.26171875 0.19765625 0.065625 0.065625
0 0.43671875 0.27109375 0.0671875 0.0640625
0 0.5703125 0.51484375 0.06875 0.0625
0 0.95078125 0.37421875 0.0640625 0.06875
0 0.89296875 0.009375 0.0671875 0.01875
0 0.85234375 0.54453125 0.065625 0.06875
0 0.72578125 0.51953125 0.065625 0.06875
0 0.503125 0.38359375 0.0671875 0.0640625
0 0.6375 0.64140625 0.065625 0.0640625
0 0.60625 0.1640625 0.065625 0.065625
0 0.7796875 0.66953125 0.0671875 0.0671875
0 0.75234375 0.59765625 0.0671875 0.0640625
0 0.74140625 0.71796875 0.065625 0.0640625
0 0.4359375 0.51484375 0.065625 0.065625
0 0.534375 0.571875 0.0671875 0.0640625
1 0.4703125 0.440625 0.0640625 0.0546875
0 0.503125 0.6296875 0.0671875 0.0640625
0 0.5984375 0.5703125 0.0640625 0.0625
1 0.44375 0.15546875 0.06875 0.0765625
0 0.9609375 0.00625 0.059375 0.0125
0 0.78984375 0.5453125 0.065625 0.065625
1 0.646875 0.39140625 0.0640625 0.0609375
1 0.765625 0.3359375 0.053125 0.059375
0 0.36875 0.3921875 0.06875 0.0609375
0 0.46640625 0.56015625 0.0625 0.05625
1 0.76328125 0.18359375 0.059375 0.06875
0 0.71015625 0.65546875 0.0640625 0.0609375
1 0.5109375 0.0734375 0.0640625 0.06875
0 0.6421875 0.7671875 0.0671875 0.0671875
1 0.31640625 0.07421875 0.053125 0.05625
1 0.703125 0.06953125 0.059375 0.071875
1 0.571875 0.096875 0.0640625 0.0734375
1 0.52265625 0.26796875 0.059375 0.075
0 0.5484375 0.7 0.0671875 0.0625
0 0.81484375 0.60390625 0.065625 0.0671875
1 0.39765625 0.20625 0.0625 0.05625
0 0.56953125 0.63828125 0.06875 0.0625
1 0.625 0.45703125 0.0640625 0.0640625
1 0.76015625 0.4546875 0.0515625 0.059375
1 0.79140625 0.3953125 0.0625 0.0703125
1 0.365625 0.26171875 0.0640625 0.06875
0 0.40625 0.4515625 0.0671875 0.0640625
1 0.58359375 0.25859375 0.06875 0.071875
1 0.54921875 0.1921875 0.0609375 0.059375
0 0.67578125 0.70390625 0.0609375 0.0609375
0 0.6078125 0.69609375 0.0640625 0.0609375
1 0.81953125 0.4765625 0.0609375 0.0609375
1 0.9140625 0.43671875 0.0578125 0.0625
1 0.76171875 0.05859375 0.0609375 0.0546875
1 0.7046875 0.2265625 0.0671875 0.0671875
1 0.4859375 0.20390625 0.0609375 0.071875
0 0.6859375 0.5796875 0.0671875 0.0640625
1 0.6640625 0.28046875 0.0625 0.0578125
1 0.95390625 0.17421875 0.0609375 0.0546875
1 0.4421875 0.08359375 0.065625 0.059375
0 0.50390625 0.50546875 0.0671875 0.065625
1 0.66015625 0.5125 0.065625 0.0578125
1 0.33359375 0.20703125 0.0625 0.0484375
1 0.73046875 0.12890625 0.065625 0.05625
1 0.58359375 0.39921875 0.05625 0.071875
1 0.903125 0.0515625 0.065625 0.053125
1 0.396875 0.325 0.065625 0.05625
1 0.96640625 0.05 0.053125 0.0671875
1 0.9390625 0.24453125 0.0625 0.0640625
1 0.73515625 0.28359375 0.0640625 0.053125
1 0.97265625 0.31015625 0.05 0.0609375
0 0.9875 0.2515625 0.01875 0.0703125
1 0.540625 0.4421875 0.0609375 0.05625
1 0.8234375 0.3203125 0.0625 0.0546875
0 0.5734375 0.77109375 0.0703125 0.06875
1 0.884375 0.478125 0.05625 0.0609375
1 0.6875 0.44921875 0.059375 0.053125
0 0.515625 0.1390625 0.0671875 0.0640625
1 0.33203125 0.32734375 0.0609375 0.059375
1 0.8453125 0.4203125 0.0625 0.0546875
1 0.43671875 0.0265625 0.0625 0.053125
0 0.84453125 0.0265625 0.0578125 0.053125
0 0.484375 0.021875 0.065625 0.04375
0 0.6421875 0.86328125 0.0625 0.0640625
0 0.71328125 0.765625 0.0625 0.0578125
0 0.15 0.0375 0.0671875 0.0640625