1 0.5234375 0.91796875 0.2125 0.1640625
1 0.35625 0.89140625 0.2078125 0.20625
1 0.35390625 0.4546875 0.21875 0.2265625
1 0.22421875 0.5921875 0.225 0.21875
1 0.396875 0.59609375 0.196875 0.2125
1 0.29453125 0.74765625 0.221875 0.2375
1 0.178125 0.41484375 0.2296875 0.1984375
1 0.89609375 0.6890625 0.1828125 0.2109375
1 0.61796875 0.81015625 0.19375 0.2109375
1 0.12890625 0.7140625 0.2078125 0.2171875
1 0.7234375 0.6625 0.2265625 0.2234375
1 0.0859375 0.54140625 0.171875 0.2171875
1 0.68359375 0.4890625 0.2203125 0.2078125
1 0.79140625 0.82265625 0.228125 0.246875
1 0.20078125 0.86875 0.1984375 0.1859375
1 0.5546875 0.64140625 0.225 0.2421875
1 0.065625 0.82578125 0.13125 0.1921875
1 0.46171875 0.77734375 0.21875 0.215625
1 0.69375 0.9296875 0.215625 0.140625
1 0.51875 0.47109375 0.20625 0.2171875
1 0.85078125 0.92265625 0.1609375 0.1546875
1 0.84453125 0.52734375 0.1953125 0.215625
1 0.028125 0.70859375 0.05625 0.2046875
1 0.95 0.53984375 0.1 0.2015625
1 0.04765625 0.40390625 0.0953125 0.1546875
1 0.9265625 0.8203125 0.0671875 0.16875