0 0.815625 0.7484375 0.0625 0.0625
0 0.84140625 0.80703125 0.0640625 0.0609375
0 0.85078125 0.6765625 0.0640625 0.065625
0 0.90078125 0.63515625 0.0640625 0.0640625
0 0.871875 0.86015625 0.065625 0.0609375
0 0.88203125 0.7390625 0.0640625 0.0625
0 0.89609375 0.9171875 0.0640625 0.0625
0 0.721875 0.57734375 0.0625 0.0609375
1 0.77265625 0.515625 0.1984375 0.075
0 0.7625 0.63203125 0.0625 0.0609375
1 0.84921875 0.60703125 0.0796875 0.0578125
1 0.7875 0.68984375 0.078125 0.0515625
1 0.93203125 0.69296875 0.0640625 0.0609375
1 0.98203125 0.69375 0.0359375 0.0625
1 0.96015625 0.753125 0.0796875 0.05625
1 0.91484375 0.7921875 0.0859375 0.05625
1 0.98046875 0.80078125 0.0390625 0.0609375
1 0.93671875 0.85390625 0.0609375 0.0578125
0 0.96875 0.9171875 0.0625 0.06875
1 0.93671875 0.9765625 0.0671875 0.046875