0 0.05625 0.65703125 0.06171875 0.059375
0 0.0734375 0.89765625 0.06015625 0.05703125
0 0.06484375 0.7984375 0.05859375 0.0609375
0 0.14140625 0.878125 0.0625 0.0625
0 0.0484375 0.853125 0.0609375 0.0578125
0 0.071875 0.59453125 0.0578125 0.05703125
0 0.11953125 0.815625 0.059375 0.05859375
0 0.07890625 0.7265625 0.06015625 0.06015625
0 0.021875 0.49296875 0.04375 0.0578125
0 0.02265625 0.740625 0.04453125 0.05859375
0 0.0640625 0.028125 0.05859375 0.05625
0 0.1265625 0.49453125 0.05859375 0.05390625
0 0.0671875 0.271875 0.0546875 0.05234375
0 0.1234375 0.4328125 0.0625 0.05859375
0 0.01328125 0.809375 0.0265625 0.06328125
0 0.0203125 0.89765625 0.03984375 0.0609375
0 0.12265625 0.30390625 0.059375 0.0578125
0 0.1234375 0.36484375 0.05859375 0.0578125
0 0.06640625 0.33515625 0.05625 0.05625
0 0.12734375 0.6859375 0.06015625 0.0578125
0 0.1234375 0.55859375 0.06328125 0.059375
0 0.01796875 0.609375 0.03515625 0.05703125
0 0.01328125 0.68515625 0.0265625 0.0609375
0 0.07109375 0.5234375 0.0578125 0.05859375
0 0.12421875 0.1265625 0.05859375 0.05703125
0 0.12265625 0.61875 0.0609375 0.06015625
0 0.06328125 0.45234375 0.05859375 0.0546875
0 0.12890625 0.01796875 0.0578125 0.0359375
0 0.0640625 0.0921875 0.0578125 0.05703125
0 0.07421875 0.1734375 0.046875 0.05
0 0.13046875 0.19140625 0.0546875 0.0515625
0 0.11640625 0.2421875 0.0515625 0.04375
0 0.06171875 0.2234375 0.059375 0.05
0 0.025 0.190625 0.046875 0.053125
0 0.021875 0.12578125 0.04375 0.05390625
0 0.021875 0.05859375 0.04375 0.0578125
0 0.01953125 0.3015625 0.0390625 0.0609375
0 0.01875 0.36640625 0.0375 0.0515625
0 0.06640625 0.3921875 0.0390625 0.04375
0 0.01875 0.42890625 0.0375 0.0515625
0 0.02109375 0.5625 0.0421875 0.0484375
0 0.13203125 0.7578125 0.05390625 0.0515625
0 0.12421875 0.06640625 0.059375 0.05625
0 0.01328125 0.24296875 0.0265625 0.0421875