0 0.234375 0.24375 0.08125 0.0796875
0 0.475 0.24296875 0.0796875 0.0796875
0 0.209375 0.13515625 0.078125 0.078125
0 0.39296875 0.1421875 0.078125 0.0796875
0 0.36875 0.20078125 0.078125 0.078125
0 0.2703125 0.11640625 0.08125 0.08125
0 0.23046875 0.078125 0.0734375 0.0609375
0 0.165625 0.09765625 0.0765625 0.065625
0 0.63984375 0.371875 0.08125 0.08125
0 0.69921875 0.61328125 0.078125 0.0765625
0 0.49375 0.17421875 0.0765625 0.078125
0 0.59921875 0.028125 0.0765625 0.05625
0 0.2546875 0.18046875 0.0796875 0.0796875
0 0.471875 0.91171875 0.078125 0.0796875
0 0.57890625 0.0828125 0.078125 0.0796875
0 0.30625 0.2171875 0.0796875 0.078125
0 0.34765625 0.09609375 0.0796875 0.0796875
0 0.97109375 0.775 0.0578125 0.078125
0 0.2953125 0.7125 0.0765625 0.078125
0 0.01171875 0.31796875 0.0234375 0.0796875
0 0.64453125 0.3078125 0.0765625 0.0765625
0 0.59609375 0.1984375 0.078125 0.078125
0 0.6203125 0.13828125 0.078125 0.078125
0 0.4859375 0.84765625 0.0796875 0.08125
0 0.1890625 0.1984375 0.0796875 0.0796875
0 0.68828125 0.1421875 0.0765625 0.0796875
0 0.75546875 0.6578125 0.078125 0.0796875
0 0.3234375 0.15703125 0.08125 0.0765625
0 0.10625 0.2828125 0.08125 0.0796875
0 0.2796875 0.7796875 0.0796875 0.08125
0 0.17109375 0.76015625 0.0796875 0.08125
0 0.9734375 0.70390625 0.053125 0.0828125
0 0.3796875 0.81953125 0.0828125 0.0828125
0 0.43203125 0.1921875 0.0765625 0.078125
0 0.5109375 0.41484375 0.0796875 0.0796875
0 0.41171875 0.25859375 0.08125 0.08125
0 0.29609375 0.0625 0.075 0.065625
0 0.5234375 0.353125 0.078125 0.0828125
0 0.38828125 0.38203125 0.0828125 0.0828125
0 0.53828125 0.03515625 0.0765625 0.0703125
0 0.49375 0.0125 0.071875 0.025
0 0.12734375 0.21640625 0.078125 0.0765625
0 0.659375 0.21171875 0.0796875 0.0828125
0 0.246875 0.6671875 0.08125 0.08125
0 0.71171875 0.54375 0.0796875 0.0828125
0 0.890625 0.26640625 0.0765625 0.078125
0 0.4109375 0.934375 0.0796875 0.0796875
0 0.7609375 0.8640625 0.08125 0.084375
0 0.5578125 0.1484375 0.078125 0.0796875
0 0.92734375 0.73515625 0.0828125 0.0875
0 0.1578125 0.3234375 0.0796875 0.078125
0 0.02109375 0.25078125 0.0421875 0.0796875
0 0.13984375 0.15546875 0.0828125 0.0828125
0 0.34765625 0.26640625 0.0796875 0.08125
0 0.46015625 0.37265625 0.0828125 0.0828125
0 0.171875 0.2625 0.078125 0.0765625
0 0.221875 0.55546875 0.0796875 0.0796875
0 0.23203125 0.73515625 0.08125 0.08125
0 0.81796875 0.640625 0.0796875 0.08125
0 0.91015625 0.2078125 0.0703125 0.0765625
0 0.5359375 0.22109375 0.075 0.078125
0 0.703125 0.33984375 0.0765625 0.078125
0 0.9796875 0.6328125 0.040625 0.078125
0 0.44140625 0.80234375 0.0796875 0.0828125
0 0.203125 0.62109375 0.078125 0.078125
0 0.34140625 0.7609375 0.078125 0.0796875
0 0.42265625 0.86953125 0.08125 0.08125
0 0.36171875 0.884375 0.078125 0.0796875
0 0.665625 0.8234375 0.08125 0.084375
0 0.41171875 0.321875 0.0796875 0.078125
0 0.04375 0.29765625 0.075 0.078125
0 0.53515625 0.7140625 0.08125 0.08125
0 0.31015625 0.6484375 0.08125 0.08125
0 0.51953125 0.09765625 0.075 0.075
0 0.9203125 0.803125 0.078125 0.0796875
0 0.1828125 0.68984375 0.0828125 0.084375
0 0.31953125 0.83125 0.0765625 0.0796875
0 0.3484375 0.953125 0.078125 0.0796875
0 0.7578125 0.39140625 0.0796875 0.08125
0 0.103125 0.11171875 0.071875 0.0578125
0 0.26640625 0.60234375 0.078125 0.078125
0 0.8140625 0.709375 0.08125 0.0796875
0 0.0875 0.3453125 0.078125 0.0796875
0 0.35625 0.69453125 0.0796875 0.078125
0 0.7 0.884375 0.078125 0.0796875
0 0.45546875 0.12265625 0.0796875 0.078125
0 0.9375 0.265625 0.0484375 0.0703125
0 0.41171875 0.075 0.0796875 0.078125
0 0.91171875 0.33359375 0.08125 0.08125
0 0.534375 0.284375 0.0734375 0.0765625
0 0.40078125 0.98125 0.0765625 0.0375
0 0.584375 0.33046875 0.078125 0.0796875
0 0.82578125 0.25859375 0.0828125 0.084375
0 0.47421875 0.05234375 0.0765625 0.0765625
0 0.53203125 0.8921875 0.08125 0.0828125
0 0.028125 0.18359375 0.05625 0.0828125
0 0.03359375 0.36171875 0.0671875 0.0796875
0 0.76171875 0.259375 0.0828125 0.0828125
0 0.93515625 0.65 0.08125 0.0828125
0 0.74921875 0.1328125 0.0765625 0.075
0 0.31484375 0.4015625 0.0796875 0.078125
0 0.0640625 0.2328125 0.0765625 0.078125
0 0.07890625 0.1703125 0.0828125 0.0828125
0 0.6984375 0.271875 0.078125 0.0796875
0 0.5171875 0.95703125 0.08125 0.08125
0 0.47734375 0.3078125 0.08125 0.08125
0 0.59140625 0.26171875 0.0796875 0.0796875
0 0.73046875 0.80703125 0.08125 0.08125
0 0.7609375 0.74140625 0.0796875 0.08125
0 0.7640625 0.59453125 0.08125 0.08125
0 0.65078125 0.5734375 0.08125 0.08125
0 0.78125 0.07265625 0.078125 0.078125
0 0.5546875 0.4609375 0.08125 0.08125
0 0.875 0.6765625 0.0828125 0.0859375
0 0.634375 0.7640625 0.0828125 0.0828125
0 0.28125 0.53046875 0.0796875 0.08125
0 0.3015625 0.46640625 0.0796875 0.078125
0 0.85703125 0.4875 0.0765625 0.075
0 0.640625 0.90234375 0.0765625 0.0796875
0 0.9171875 0.4640625 0.078125 0.0796875
0 0.56953125 0.76953125 0.078125 0.0796875
0 0.72109375 0.20546875 0.078125 0.078125
0 0.70625 0.08125 0.0796875 0.078125
0 0.48671875 0.47734375 0.084375 0.08125
0 0.89921875 0.54140625 0.0796875 0.0796875
0 0.82734375 0.8671875 0.08125 0.08125
0 0.6078125 0.8484375 0.0765625 0.078125
0 0.73671875 0.03046875 0.0796875 0.0609375
0 0.46171875 0.97109375 0.0734375 0.0578125
0 0.853125 0.81875 0.0796875 0.08125
0 0.78359375 0.1875 0.078125 0.0796875
0 0.5890625 0.5890625 0.078125 0.0796875
0 0.79453125 0.7953125 0.0765625 0.078125
0 0.86015625 0.75546875 0.08125 0.0796875
0 0.94609375 0.5890625 0.0765625 0.0765625
0 0.8203125 0.13125 0.0796875 0.0796875
0 0.6421875 0.075 0.075 0.0765625
0 0.84453125 0.071875 0.08125 0.08125
0 0.70078125 0.74921875 0.0796875 0.078125
0 0.84921875 0.19765625 0.0828125 0.08125
0 0.140625 0.64140625 0.078125 0.0796875
0 0.54609375 0.82890625 0.0796875 0.0796875
0 0.88203125 0.146875 0.0734375 0.078125
0 0.15546875 0.5765625 0.0796875 0.08125
0 0.2890625 0.9703125 0.075 0.059375
0 0.42890625 0.0234375 0.0734375 0.046875
0 0.3046875 0.90703125 0.0765625 0.078125
0 0.66875 0.0296875 0.078125 0.059375
0 0.2203125 0.8046875 0.08125 0.08125
0 0.60546875 0.703125 0.084375 0.08125
0 0.8078125 0.02734375 0.078125 0.0546875
0 0.77890625 0.92578125 0.071875 0.0484375
0 0.77578125 0.32578125 0.08125 0.078125
0 0.50390625 0.7828125 0.0828125 0.0828125
0 0.6953125 0.4171875 0.0796875 0.0828125
0 0.8703125 0.0296875 0.053125 0.059375
0 0.69921875 0.68359375 0.0828125 0.0828125
0 0.109375 0.784375 0.08125 0.08125
0 0.56875 0.64921875 0.0796875 0.078125
0 0.4015625 0.5625 0.0828125 0.0828125
0 0.12578125 0.715625 0.0734375 0.0765625
0 0.025 0.41953125 0.05 0.0734375
0 0.834375 0.546875 0.0765625 0.075
0 0.98515625 0.57265625 0.0296875 0.0765625
0 0.45078125 0.6078125 0.078125 0.078125
0 0.23671875 0.4796875 0.075 0.0734375
0 0.046875 0.540625 0.0796875 0.0796875
0 0.771875 0.5234375 0.078125 0.08125
0 0.953125 0.87578125 0.0734375 0.0546875
0 0.25859375 0.8625 0.0828125 0.08125
0 0.24453125 0.9328125 0.0796875 0.08125
0 0.1984375 0.89140625 0.078125 0.0796875
0 0.2734375 0.3515625 0.08125 0.0796875
0 0.1390625 0.38828125 0.08125 0.08125
0 0.0703125 0.7390625 0.0625 0.0765625
0 0.5828125 0.93203125 0.08125 0.08125
0 0.47265625 0.7203125 0.0796875 0.08125
0 0.15546875 0.83671875 0.0828125 0.084375
0 0.0953125 0.59609375 0.0765625 0.078125
0 0.3765625 0.63203125 0.0859375 0.08125
1 0.63671875 0.63671875 0.075 0.0734375
1 0.04140625 0.1234375 0.075 0.053125
1 0.3625 0.03671875 0.0765625 0.0515625
1 0.22890625 0.31171875 0.078125 0.0671875
1 0.29296875 0.2890625 0.0703125 0.0765625
1 0.078125 0.4109375 0.0765625 0.0765625
1 0.209375 0.37265625 0.0859375 0.0734375
1 0.34453125 0.33046875 0.0828125 0.0765625
1 0.0234375 0.48515625 0.046875 0.0765625
1 0.0671875 0.46953125 0.071875 0.0734375
1 0.12578125 0.45703125 0.084375 0.0828125
1 0.190625 0.43671875 0.075 0.065625
1 0.25078125 0.42265625 0.0796875 0.071875
1 0.115625 0.52578125 0.0828125 0.08125
1 0.18046875 0.5015625 0.0796875 0.0859375
1 0.36953125 0.446875 0.0875 0.075
1 0.4421875 0.43515625 0.0828125 0.0765625
1 0.03828125 0.61015625 0.065625 0.075
1 0.35703125 0.51484375 0.08125 0.08125
1 0.4171875 0.4953125 0.078125 0.075
1 0.59296875 0.3984375 0.0828125 0.0828125
1 0.334375 0.57734375 0.08125 0.0734375
1 0.46640625 0.540625 0.0734375 0.071875
1 0.5375 0.53046875 0.0765625 0.06875
1 0.6 0.51484375 0.0703125 0.078125
1 0.64296875 0.44453125 0.0734375 0.0828125
1 0.659375 0.49921875 0.0671875 0.06875
1 0.71953125 0.48125 0.075 0.0734375
1 0.7796875 0.45625 0.0765625 0.0765625
1 0.528125 0.5890625 0.084375 0.0890625
1 0.50234375 0.65625 0.0875 0.0796875
1 0.4375 0.6734375 0.0765625 0.0734375
1 0.4125 0.73671875 0.0796875 0.0828125
0 0.603125 0.97109375 0.0765625 0.053125
1 0.89453125 0.87109375 0.075 0.0671875
1 0.84453125 0.334375 0.084375 0.090625
1 0.828125 0.41640625 0.0875 0.0890625
1 0.8859375 0.390625 0.06875 0.0765625
1 0.94921875 0.3875 0.0828125 0.0875
1 0.97109375 0.45390625 0.0578125 0.0828125
1 0.9640625 0.5125 0.071875 0.084375
1 0.8828125 0.603125 0.08125 0.078125
0 0.0765625 0.675 0.0921875 0.0921875