1 0.4453125 0.54921875 0.209375 0.21875
1 0.21875 0.721875 0.2328125 0.2171875
1 0.11015625 0.59765625 0.2203125 0.2140625
1 0.3359375 0.86328125 0.2 0.2125
1 0.046875 0.43984375 0.09375 0.2046875
1 0.34453125 0.37734375 0.2265625 0.221875
1 0.40390625 0.7171875 0.2171875 0.2078125
1 0.175 0.8953125 0.2171875 0.2078125
1 0.29375 0.57109375 0.2078125 0.215625
1 0.07265625 0.73359375 0.1109375 0.19375
1 0.13046875 0.96015625 0.1359375 0.0796875
1 0.16171875 0.43828125 0.21875 0.203125
1 0.509375 0.39296875 0.26875 0.225
1 0.271875 0.9765625 0.16875 0.046875