0 0.2734375 0.37890625 0.0671875 0.0671875
0 0.39765625 0.3671875 0.065625 0.0625
0 0.91640625 0.396875 0.06875 0.0703125
0 0.0078125 0.20078125 0.015625 0.0671875
0 0.3921875 0.14765625 0.0671875 0.0640625
0 0.5546875 0.70859375 0.0671875 0.06875
0 0.3328125 0.034375 0.065625 0.0484375
0 0.02109375 0.3890625 0.0421875 0.065625
0 0.015625 0.084375 0.03125 0.0625
0 0.32734375 0.25625 0.0671875 0.0671875
0 0.1515625 0.5015625 0.065625 0.0640625
0 0.02890625 0.14765625 0.0578125 0.0671875
0 0.23046875 0.73671875 0.065625 0.0671875
0 0.38984375 0.77109375 0.065625 0.06875
0 0.48203125 0.196875 0.0671875 0.0625
0 0.91015625 0.16171875 0.0671875 0.0703125
0 0.053125 0.446875 0.065625 0.0640625
0 0.16875 0.7359375 0.0671875 0.0671875
0 0.04453125 0.746875 0.0546875 0.0671875
0 0.50078125 0.42578125 0.065625 0.0671875
0 0.20390625 0.27109375 0.065625 0.065625
0 0.11796875 0.5640625 0.0671875 0.0671875
0 0.10703125 0.85546875 0.065625 0.0640625
0 0.35390625 0.7078125 0.0671875 0.065625
0 0.028125 0.50859375 0.05625 0.0671875
0 0.4296875 0.31796875 0.0671875 0.0640625
0 0.23203125 0.19921875 0.065625 0.0671875
0 0.196875 0.1265625 0.0671875 0.06875
0 0.546875 0.19296875 0.06875 0.065625
0 0.096875 0.61875 0.0671875 0.0640625
0 0.08125 0.2765625 0.065625 0.0671875
0 0.23828125 0.321875 0.065625 0.0640625
0 0.6015625 0.5875 0.06875 0.0703125
0 0.4640625 0.47421875 0.065625 0.065625
0 0.05390625 0.57265625 0.0671875 0.0671875
0 0.17109375 0.21953125 0.065625 0.0640625
0 0.08828125 0.15625 0.065625 0.0640625
0 0.63984375 0.634375 0.065625 0.0671875
0 0.45703125 0.26015625 0.065625 0.06875
0 0.6703125 0.58671875 0.065625 0.0640625
0 0.2921875 0.0875 0.0671875 0.06875
0 0.04609375 0.334375 0.065625 0.06875
0 0.39453125 0.03203125 0.0671875 0.0546875
0 0.10546875 0.05546875 0.0671875 0.05
0 0.7171875 0.7546875 0.065625 0.065625
0 0.21171875 0.38515625 0.0671875 0.065625
0 0.81328125 0.696875 0.065625 0.0671875
0 0.140625 0.27890625 0.0671875 0.06875
0 0.29140625 0.20234375 0.065625 0.065625
0 0.7296875 0.02578125 0.065625 0.0515625
0 0.73203125 0.23984375 0.0671875 0.0671875
0 0.3015625 0.31875 0.0671875 0.0671875
0 0.26015625 0.6828125 0.0671875 0.065625
0 0.23984375 0.43203125 0.0671875 0.0625
0 0.10390625 0.73671875 0.0671875 0.065625
0 0.55703125 0.3140625 0.065625 0.0640625
0 0.475 0.58671875 0.0671875 0.0671875
0 0.13359375 0.79609375 0.065625 0.0671875
0 0.10859375 0.33515625 0.06875 0.0671875
0 0.91796875 0.2796875 0.0671875 0.065625
0 0.04609375 0.2078125 0.065625 0.0671875
0 0.35625 0.1984375 0.065625 0.0671875
0 0.45703125 0.14609375 0.0671875 0.065625
0 0.58359375 0.13515625 0.0640625 0.0640625
0 0.82890625 0.16875 0.0671875 0.0671875
0 0.06640625 0.096875 0.06875 0.06875
0 0.02421875 0.26875 0.0484375 0.065625
0 0.265625 0.26640625 0.065625 0.0671875
0 0.94609375 0.33203125 0.0671875 0.065625
0 0.71484375 0.4109375 0.0671875 0.0671875
0 0.16328125 0.6234375 0.0671875 0.06875
0 0.53359375 0.3671875 0.0671875 0.065625
0 0.41875 0.196875 0.0671875 0.0671875
0 0.70546875 0.63203125 0.0671875 0.0671875
0 0.9671875 0.284375 0.0359375 0.065625
0 0.07890625 0.39296875 0.0671875 0.065625
0 0.12890625 0.675 0.0671875 0.0671875
0 0.85 0.63046875 0.06875 0.0671875
0 0.23359375 0.0671875 0.0671875 0.06875
0 0.4359375 0.42109375 0.0671875 0.065625
0 0.4265625 0.09296875 0.06875 0.0671875
0 0.1703125 0.05703125 0.065625 0.0625
0 0.3546875 0.08828125 0.06875 0.06875
0 0.621875 0.0796875 0.065625 0.0671875
0 0.7828125 0.746875 0.065625 0.06875
0 0.19375 0.6765625 0.0671875 0.0671875
0 0.22890625 0.84296875 0.0625 0.0640625
0 0.22578125 0.61875 0.065625 0.06875
0 0.91484375 0.73984375 0.0671875 0.0671875
0 0.3796875 0.5390625 0.0671875 0.0671875
0 0.0703125 0.80390625 0.06875 0.0671875
0 0.55859375 0.0859375 0.065625 0.0671875
0 0.08828125 0.5015625 0.065625 0.065625
0 0.82109375 0.32734375 0.0671875 0.0671875
0 0.62109375 0.71015625 0.0671875 0.0671875
0 0.5390625 0.59453125 0.065625 0.0671875
0 0.2671875 0.79375 0.0640625 0.0640625
0 0.9296875 0.51328125 0.065625 0.06875
0 0.9296875 0.09375 0.0671875 0.0671875
0 0.25859375 0.14375 0.0671875 0.0671875
0 0.4921875 0.09375 0.0671875 0.0671875
0 0.76796875 0.18984375 0.065625 0.0625
0 0.8546875 0.2734375 0.065625 0.065625
0 0.5046875 0.5296875 0.065625 0.0671875
0 0.45625 0.77265625 0.0640625 0.06875
0 0.40234375 0.4859375 0.0640625 0.0671875
0 0.43046875 0.83125 0.065625 0.0671875
0 0.14453125 0.3859375 0.0671875 0.0671875
0 0.35078125 0.60546875 0.065625 0.06875
0 0.6671875 0.11953125 0.06875 0.065625
0 0.6125 0.4609375 0.0671875 0.065625
0 0.01171875 0.446875 0.0234375 0.0625
0 0.3703125 0.4265625 0.0671875 0.0671875
0 0.3390625 0.4796875 0.0671875 0.0671875
0 0.9671875 0.46328125 0.065625 0.0640625
0 0.80390625 0.5171875 0.0671875 0.0671875
0 0.41171875 0.59765625 0.0640625 0.0671875
0 0.05078125 0.86015625 0.046875 0.0625
0 0.32734375 0.7796875 0.065625 0.0703125
0 0.7453125 0.13046875 0.0671875 0.065625
0 0.70078125 0.5359375 0.0671875 0.0671875
0 0.33515625 0.37265625 0.065625 0.0671875
0 0.496875 0.309375 0.065625 0.065625
0 0.51796875 0.64921875 0.065625 0.0671875
0 0.6578125 0.228125 0.0671875 0.0640625
0 0.45546875 0.6515625 0.065625 0.065625
0 0.16796875 0.8484375 0.0671875 0.065625
0 0.5265625 0.028125 0.065625 0.05625
0 0.27890625 0.4890625 0.065625 0.065625
0 0.578125 0.6421875 0.0671875 0.0671875
0 0.75 0.8015625 0.06875 0.0625
0 0.46328125 0.359375 0.0671875 0.065625
0 0.675 0.46328125 0.0671875 0.0671875
0 0.13359375 0.10625 0.065625 0.0640625
0 0.1765625 0.3296875 0.0671875 0.0671875
0 0.321875 0.15078125 0.0671875 0.0640625
0 0.971875 0.40078125 0.046875 0.0671875
0 0.28984375 0.61328125 0.065625 0.0671875
0 0.3203125 0.66796875 0.0671875 0.0671875
0 0.1796875 0.553125 0.065625 0.0671875
0 0.87109375 0.51640625 0.0640625 0.065625
0 0.56875 0.41875 0.065625 0.0640625
0 0.6375 0.17109375 0.0671875 0.0671875
0 0.62109375 0.29453125 0.06875 0.0671875
0 0.06875 0.68125 0.065625 0.0671875
0 0.30859375 0.43203125 0.0671875 0.0640625
0 0.75 0.571875 0.0671875 0.06875
0 0.315625 0.55703125 0.06875 0.06875
0 0.8796875 0.68671875 0.065625 0.0671875
0 0.9453125 0.2265625 0.06875 0.06875
0 0.2125 0.4875 0.065625 0.065625
0 0.56328125 0.52265625 0.0640625 0.065625
0 0.6515625 0.7515625 0.0671875 0.0640625
0 0.95859375 0.165625 0.0328125 0.0625
0 0.178125 0.4421875 0.0671875 0.065625
0 0.53203125 0.26171875 0.065625 0.0640625
0 0.15078125 0.171875 0.065625 0.065625
0 0.85546875 0.05859375 0.0671875 0.0640625
0 0.36328125 0.31796875 0.065625 0.0671875
0 0.1078125 0.2140625 0.065625 0.065625
0 0.74609375 0.49453125 0.065625 0.0671875
0 0.59921875 0.3609375 0.0671875 0.0640625
0 0.80390625 0.2265625 0.0671875 0.065625
0 0.44375 0.5359375 0.065625 0.0640625
0 0.81875 0.809375 0.065625 0.0671875
0 0.90390625 0.45546875 0.065625 0.0640625
0 0.009375 0.31953125 0.01875 0.0671875
0 0.2671875 0.03046875 0.0625 0.028125
0 0.0390625 0.62265625 0.0625 0.0625
0 0.70234375 0.171875 0.0640625 0.065625
0 0.5375 0.46796875 0.0671875 0.0625
0 0.03828125 0.05078125 0.0640625 0.0296875
0 0.115625 0.4453125 0.0671875 0.065625
0 0.69140625 0.2875 0.0671875 0.065625
0 0.6609375 0.03515625 0.0671875 0.065625
0 0.8796875 0.21640625 0.065625 0.065625
0 0.89375 0.81484375 0.0671875 0.0671875
0 0.29375 0.72734375 0.0671875 0.0640625
0 0.95625 0.68671875 0.0671875 0.06875
0 0.45859375 0.028125 0.0671875 0.05625
0 0.5203125 0.1375 0.06875 0.065625
0 0.94609375 0.04375 0.0359375 0.0671875
0 0.62421875 0.51953125 0.0671875 0.065625
0 0.7828125 0.43984375 0.065625 0.065625
0 0.4 0.2703125 0.0640625 0.0578125
0 0.59765625 0.02265625 0.0640625 0.0453125
0 0.70546875 0.06484375 0.065625 0.0625
0 0.9171875 0.6296875 0.0640625 0.0671875
0 0.778125 0.38046875 0.065625 0.0625
0 0.80859375 0.57265625 0.065625 0.0625
1 0.97890625 0.740625 0.0421875 0.059375
0 0.9546875 0.796875 0.0640625 0.065625
0 0.89140625 0.56484375 0.06875 0.0640625
0 0.6484375 0.39609375 0.0640625 0.059375
0 0.59375 0.221875 0.065625 0.065625
0 0.66015625 0.34453125 0.0671875 0.0671875
0 0.84609375 0.45625 0.0671875 0.065625
0 0.72109375 0.34609375 0.0640625 0.0671875
0 0.88359375 0.33046875 0.065625 0.0671875
0 0.02578125 0.68984375 0.0265625 0.065625
1 0.515625 0.7625 0.0640625 0.0640625
0 0.9671875 0.58203125 0.065625 0.0671875
0 0.90546875 0.0265625 0.0671875 0.053125
1 0.3640625 0.83046875 0.0671875 0.05625
0 0.790625 0.00625 0.065625 0.0125
1 0.74453125 0.6875 0.0609375 0.0609375
1 0.5859375 0.7640625 0.0671875 0.0578125
1 0.684375 0.690625 0.059375 0.05625
0 0.8625 0.109375 0.0671875 0.0609375
1 0.85078125 0.74921875 0.0609375 0.0546875
1 0.2453125 0.54921875 0.0609375 0.0671875
1 0.553125 0.825 0.0625 0.06875
1 0.98203125 0.51875 0.0359375 0.075
1 0.83984375 0.3859375 0.06875 0.0609375
0 0.8453125 0.0109375 0.0625 0.021875
0 0.7875 0.040625 0.0625 0.05625
1 0.47734375 0.6921875 0.0625 0.05
1 0.76953125 0.6265625 0.0640625 0.05625
1 0.1953125 0.7828125 0.0640625 0.0515625
1 0.49296875 0.83125 0.0609375 0.0578125
1 0.29765625 0.84296875 0.0578125 0.05625
0 0.978125 0.634375 0.04375 0.065625
1 0.6875 0.8125 0.0640625 0.0625
0 0.0140625 0.57890625 0.025 0.0734375
0 0.7703125 0.303125 0.0671875 0.065625
1 0.6234375 0.81484375 0.05625 0.0546875
1 0.3953125 0.6625 0.065625 0.059375