1 0.26328125 0.54453125 0.19296875 0.15546875
1 0.86328125 0.37421875 0.178125 0.15078125
1 0.240625 0.2609375 0.2 0.15390625
1 0.903125 0.91640625 0.18671875 0.165625
1 0.8375 0.08828125 0.23359375 0.16953125
1 0.5109375 0.371875 0.203125 0.17109375
1 0.76484375 0.234375 0.196875 0.16484375
1 0.1796875 0.696875 0.20390625 0.18203125
1 0.5703125 0.22890625 0.190625 0.15546875
1 0.15234375 0.121875 0.215625 0.1828125
1 0.44140625 0.8453125 0.21953125 0.16640625
1 0.7828125 0.79375 0.1921875 0.15625
1 0.73984375 0.93671875 0.175 0.12578125
1 0.684375 0.37734375 0.21796875 0.18125
1 0.9234375 0.2390625 0.15234375 0.17578125
1 0.071875 0.24375 0.14375 0.15703125
1 0.36796875 0.95703125 0.1796875 0.0859375
1 0.34296875 0.70546875 0.18125 0.1828125
1 0.25234375 0.85703125 0.2046875 0.16484375
1 0.51015625 0.69375 0.19921875 0.1671875
1 0.59453125 0.51875 0.20078125 0.1578125
1 0.0921875 0.55078125 0.17890625 0.17265625
1 0.1078125 0.8515625 0.171875 0.1609375
1 0.615625 0.825 0.15703125 0.17421875
1 0.1609375 0.39921875 0.22109375 0.16953125
1 0.91953125 0.50859375 0.1609375 0.1734375
1 0.68515625 0.66328125 0.2390625 0.15859375
1 0.76796875 0.5390625 0.1796875 0.159375
1 0.33203125 0.396875 0.16484375 0.178125
1 0.8890625 0.6703125 0.16953125 0.1796875
1 0.48359375 0.0921875 0.18515625 0.1453125
1 0.05390625 0.709375 0.1078125 0.175
1 0.415625 0.23203125 0.16484375 0.18203125
1 0.31796875 0.10078125 0.184375 0.15234375
1 0.665625 0.08828125 0.19296875 0.1765625
1 0.44609375 0.54140625 0.196875 0.1625
1 0.2 0.96171875 0.2140625 0.0765625
1 0.56171875 0.9484375 0.2234375 0.103125
1 0.9515625 0.79453125 0.096875 0.1609375
1 0.0375 0.41171875 0.075 0.19765625
1 0.0546875 0.96953125 0.109375 0.0609375
1 0.02890625 0.10078125 0.05703125 0.1875
1 0.96953125 0.084375 0.0578125 0.16875
1 0.9734375 0.3625 0.053125 0.16171875
1 0.2109375 0.021875 0.2015625 0.04296875
1 0.3953125 0.025 0.19453125 0.04921875
1 0.0578125 0.01875 0.115625 0.03671875
1 0.56484375 0.0234375 0.16875 0.046875
1 0.98203125 0.64609375 0.0359375 0.1953125
1 0.01484375 0.88203125 0.0296875 0.2078125