0 0.27421875 0.58046875 0.06875 0.06875
0 0.1703125 0.5328125 0.0703125 0.06875
0 0.89375 0.69453125 0.06875 0.071875
0 0.0859375 0.71953125 0.0703125 0.0703125
0 0.8296875 0.703125 0.0703125 0.0734375
0 0.91484375 0.5046875 0.0703125 0.0703125
0 0.53828125 0.68203125 0.06875 0.06875
0 0.65625 0.3796875 0.06875 0.0671875
0 0.68125 0.1828125 0.0703125 0.0703125
0 0.6890625 0.05390625 0.0671875 0.0671875
0 0.06484375 0.12578125 0.06875 0.0671875
0 0.025 0.59375 0.040625 0.0671875
0 0.03125 0.08359375 0.0625 0.0515625
0 0.1296875 0.76953125 0.06875 0.071875
0 0.0328125 0.2484375 0.065625 0.071875
0 0.2171875 0.71328125 0.0671875 0.0671875
0 0.37734375 0.63046875 0.0703125 0.071875
0 0.57890625 0.728125 0.06875 0.06875
0 0.9140625 0.634375 0.0703125 0.071875
0 0.0609375 0.778125 0.059375 0.065625
0 0.7015625 0.41953125 0.0703125 0.06875
0 0.76640625 0.70859375 0.0703125 0.071875
0 0.4109375 0.68203125 0.0703125 0.06875
0 0.11015625 0.65625 0.0703125 0.06875
0 0.2390625 0.6515625 0.0703125 0.0703125
0 0.03515625 0.18828125 0.06875 0.0671875
0 0.30234375 0.63984375 0.0734375 0.0734375
0 0.859375 0.10625 0.0671875 0.0640625
0 0.5921875 0.55390625 0.0703125 0.0703125
0 0.65703125 0.53984375 0.0703125 0.0703125
0 0.34296875 0.04375 0.065625 0.0609375
0 0.55703125 0.50078125 0.0671875 0.0671875
0 0.38828125 0.46171875 0.06875 0.0703125
0 0.8109375 0.4765625 0.0671875 0.065625
0 0.4375 0.61953125 0.06875 0.0703125
0 0.42890625 0.26640625 0.0671875 0.0671875
0 0.19375 0.76875 0.06875 0.06875
0 0.19765625 0.4796875 0.06875 0.06875
0 0.05859375 0.478125 0.06875 0.06875
0 0.7859375 0.5296875 0.06875 0.0671875
0 0.51171875 0.73984375 0.06875 0.0671875
0 0.346875 0.7125 0.0703125 0.071875
0 0.2953125 0.80625 0.06875 0.06875
0 0.1421875 0.59296875 0.0703125 0.071875
0 0.084375 0.42578125 0.0703125 0.06875
0 0.9875 0.56796875 0.025 0.0671875
0 0.446875 0.74140625 0.071875 0.0703125
0 0.9390625 0.4484375 0.0671875 0.065625
0 0.20859375 0.58359375 0.06875 0.06875
0 0.0390625 0.38046875 0.0703125 0.06875
0 0.9921875 0.6765625 0.015625 0.06875
0 0.23046875 0.5296875 0.065625 0.0671875
0 0.6015625 0.6828125 0.0703125 0.0671875
0 0.61953125 0.49296875 0.06875 0.06875
0 0.25390625 0.7609375 0.071875 0.0703125
0 0.49765625 0.63125 0.0703125 0.0703125
0 0.7390625 0.1515625 0.0671875 0.06875
0 0.17734375 0.65703125 0.06875 0.0703125
0 0.86875 0.01015625 0.06875 0.0203125
0 0.871875 0.46484375 0.0703125 0.06875
0 0.78984375 0.2 0.06875 0.0671875
0 0.01796875 0.12890625 0.0359375 0.0703125
0 0.7265625 0.3015625 0.06875 0.0703125
0 0.93828125 0.740625 0.06875 0.0671875
0 0.703125 0.71640625 0.071875 0.0703125
0 0.63828125 0.725 0.06875 0.0671875
0 0.9609375 0.38046875 0.0625 0.0703125
0 0.68984375 0.603125 0.0703125 0.0703125
0 0.32421875 0.46171875 0.06875 0.0703125
0 0.60546875 0.32890625 0.06875 0.0671875
0 0.72734375 0.21875 0.0671875 0.0703125
0 0.29296875 0.52265625 0.071875 0.0703125
0 0.63125 0.02109375 0.06875 0.0421875
0 0.1015625 0.82734375 0.0703125 0.0703125
0 0.49453125 0.51015625 0.06875 0.065625
0 0.6265625 0.61484375 0.06875 0.06875
0 0.51796875 0.06328125 0.065625 0.065625
0 0.66328125 0.67109375 0.06875 0.06875
0 0.12578125 0.37578125 0.0671875 0.0671875
0 0.153125 0.7109375 0.0703125 0.06875
0 0.56484375 0.6109375 0.06875 0.071875
0 0.61796875 0.77578125 0.0671875 0.065625
0 0.23203125 0.8171875 0.0671875 0.0671875
0 0.7515625 0.58828125 0.0671875 0.065625
0 0.3859375 0.75625 0.06875 0.0671875
0 0.87578125 0.57578125 0.06875 0.0671875
0 0.04609375 0.6609375 0.0640625 0.0671875
0 0.721875 0.3640625 0.06875 0.06875
0 0.68359375 0.11484375 0.0671875 0.0640625
0 0.81171875 0.57734375 0.0671875 0.065625
0 0.51171875 0.12421875 0.065625 0.065625
0 0.10625 0.5421875 0.0734375 0.0703125
0 0.26171875 0.4734375 0.06875 0.06875
0 0.41953125 0.41171875 0.0671875 0.065625
0 0.25 0.2421875 0.0703125 0.0703125
0 0.790625 0.64375 0.071875 0.0703125
0 0.2484375 0.346875 0.0703125 0.0703125
0 0.27890625 0.71640625 0.06875 0.065625
0 0.40078125 0.07890625 0.06875 0.0703125
0 0.62578125 0.07421875 0.065625 0.065625
0 0.1265625 0.12109375 0.06875 0.06875
0 0.22421875 0.07890625 0.0671875 0.065625
0 0.8359375 0.4015625 0.0703125 0.071875
0 0.80390625 0.0234375 0.0703125 0.046875
0 0.6671875 0.31328125 0.06875 0.06875
0 0.56328125 0.1625 0.0671875 0.0640625
0 0.18828125 0.13046875 0.0671875 0.0625
0 0.2171875 0.1875 0.06875 0.0671875
0 0.31796875 0.7546875 0.0703125 0.065625
0 0.68125 0.48359375 0.0703125 0.0640625
0 0.74765625 0.47890625 0.0703125 0.071875
0 0.62265625 0.196875 0.0671875 0.0671875
0 0.9703125 0.4984375 0.059375 0.071875
0 0.85234375 0.6328125 0.0671875 0.0671875
0 0.08984375 0.26796875 0.065625 0.065625
0 0.45625 0.45 0.0703125 0.0703125
0 0.015625 0.48359375 0.03125 0.0609375
0 0.15078125 0.178125 0.0703125 0.0703125
0 0.31484375 0.22890625 0.0671875 0.06875
0 0.5484375 0.29765625 0.0671875 0.0671875
0 0.1890625 0.36328125 0.0703125 0.071875
0 0.84765625 0.16875 0.06875 0.0703125
0 0.840625 0.23359375 0.06875 0.0671875
0 0.796875 0.13359375 0.0703125 0.0703125
0 0.571875 0.1 0.0671875 0.06875
0 0.8640625 0.3390625 0.0703125 0.0703125
0 0.91171875 0.02578125 0.0578125 0.0515625
0 0.465625 0.56171875 0.0703125 0.06875
0 0.728125 0.6578125 0.06875 0.0703125
0 0.78046875 0.253125 0.0671875 0.065625
0 0.68359375 0.77421875 0.06875 0.06875
0 0.121875 0.46953125 0.0703125 0.06875
0 0.90234375 0.4015625 0.06875 0.0671875
0 0.47265625 0.69765625 0.0703125 0.06875
0 0.2859375 0.29140625 0.0703125 0.065625
0 0.3359375 0.571875 0.06875 0.06875
0 0.22421875 0.4171875 0.0703125 0.0703125
0 0.4859375 0.31875 0.0703125 0.06875
0 0.09453125 0.07578125 0.06875 0.0546875
0 0.7671875 0.415625 0.0703125 0.0703125
0 0.48984375 0.80234375 0.0703125 0.06875
0 0.4671875 0.03125 0.065625 0.0625
0 0.01875 0.32265625 0.0375 0.0703125
0 0.4640625 0.09140625 0.0640625 0.0671875
0 0.91015625 0.1515625 0.06875 0.0703125
0 0.1703125 0.24375 0.071875 0.0703125
0 0.4234375 0.33515625 0.0671875 0.0703125
0 0.00390625 0.3890625 0.0078125 0.0625
0 0.42421875 0.8046875 0.0703125 0.06875
0 0.575 0.03203125 0.065625 0.0640625
0 0.15625 0.0734375 0.06875 0.065625
0 0.30859375 0.16484375 0.0671875 0.065625
0 0.55546875 0.225 0.06875 0.0703125
0 0.715625 0.52890625 0.06875 0.0671875
0 0.621875 0.13671875 0.06875 0.0671875
0 0.35703125 0.4 0.0671875 0.065625
0 0.4875 0.240625 0.06875 0.0703125
0 0.83203125 0.28828125 0.0671875 0.0640625
0 0.7984375 0.07421875 0.0671875 0.0640625
0 0.54140625 0.3578125 0.06875 0.06875
0 0.0390625 0.71796875 0.0359375 0.0703125
0 0.40625 0.02109375 0.0671875 0.034375
0 0.73984375 0.09140625 0.065625 0.0640625
0 0.98125 0.7359375 0.0375 0.06875
0 0.59609375 0.39609375 0.065625 0.0671875
0 0.85703125 0.04609375 0.065625 0.0671875
0 0.74765625 0.78046875 0.06875 0.06875
0 0.60859375 0.26328125 0.0703125 0.0703125
0 0.521875 0.01484375 0.065625 0.0296875
0 0.1703125 0.825 0.0703125 0.06875
0 0.375 0.2390625 0.0640625 0.0609375
0 0.42109375 0.14375 0.0671875 0.065625
0 0.671875 0.2484375 0.06875 0.0703125
0 0.74921875 0.03828125 0.0671875 0.0671875
0 0.02421875 0.43203125 0.0484375 0.0671875
0 0.27421875 0.0421875 0.065625 0.0375
0 0.58125 0.440625 0.06875 0.06875
0 0.37109375 0.1796875 0.065625 0.065625
0 0.55390625 0.784375 0.06875 0.0671875
0 0.484375 0.175 0.065625 0.0671875
0 0.159375 0.42578125 0.0703125 0.06875
0 0.95625 0.68671875 0.0703125 0.071875
0 0.53125 0.55390625 0.06875 0.0671875
0 0.98203125 0.43203125 0.034375 0.065625
0 0.6421875 0.43125 0.0671875 0.065625
1 0.14453125 0.30859375 0.0640625 0.0671875
0 0.09375 0.19921875 0.0671875 0.06875
0 0.3609375 0.803125 0.0671875 0.065625
0 0.25 0.1359375 0.0671875 0.0671875
0 0.69140625 0.0109375 0.0671875 0.021875
0 0.3546875 0.11875 0.0671875 0.065625
0 0.91953125 0.08046875 0.059375 0.065625
0 0.05625 0.82734375 0.0359375 0.0609375
0 0.97421875 0.621875 0.0515625 0.06875
1 0.890625 0.26484375 0.0625 0.0578125
0 0.90390625 0.20703125 0.06875 0.0671875
1 0.940625 0.56171875 0.065625 0.0609375
1 0.784375 0.334375 0.059375 0.075
1 0.515625 0.4171875 0.0640625 0.071875
1 0.29296875 0.38984375 0.06875 0.0734375
1 0.20546875 0.29140625 0.0671875 0.0640625
1 0.94921875 0.2421875 0.046875 0.059375
0 0.2984375 0.09453125 0.0671875 0.0671875
1 0.925 0.3125 0.06875 0.0796875
0 0.85078125 0.5171875 0.06875 0.0671875
1 0.43046875 0.50859375 0.065625 0.0578125
1 0.39921875 0.56015625 0.06875 0.06875
1 0.0703125 0.59453125 0.06875 0.06875
0 0.94609375 0.17734375 0.0359375 0.0671875
1 0.8078125 0.7671875 0.0671875 0.0609375
0 0.42734375 0.20234375 0.065625 0.0640625
1 0.96171875 0.2875 0.034375 0.0609375
1 0.47734375 0.3625 0.065625 0.05
0 0.36171875 0.2859375 0.0671875 0.0625
1 0.03828125 0.54375 0.0640625 0.0609375
1 0.31875 0.32578125 0.0578125 0.0546875
1 0.3546875 0.51953125 0.059375 0.0515625
1 0.871875 0.74921875 0.071875 0.0609375
0 0.0859375 0.32890625 0.0671875 0.059375