0 0.01640625 0.71015625 0.0328125 0.04140625
0 0.03515625 0.58828125 0.04296875 0.04140625
0 0.14609375 0.2796875 0.04453125 0.04609375
0 0.09921875 0.28515625 0.04609375 0.04453125
0 0.05546875 0.63125 0.0421875 0.0421875
0 0.13515625 0.47109375 0.04140625 0.04140625
0 0.1921875 0.3578125 0.0421875 0.0421875
0 0.015625 0.37109375 0.03125 0.0390625
0 0.121875 0.32421875 0.0421875 0.0421875
0 0.16875 0.31875 0.04453125 0.04375
0 0.15703125 0.428125 0.04296875 0.0421875
0 0.03359375 0.66875 0.04296875 0.04140625
0 0.0828125 0.4 0.04375 0.04140625
0 0.078125 0.58515625 0.04140625 0.0421875
0 0.0125 0.55234375 0.025 0.0421875
0 0.18984375 0.2796875 0.04296875 0.0453125
0 0.0203125 0.51953125 0.040625 0.0421875
0 0.0953125 0.47109375 0.0421875 0.0421875
0 0.1140625 0.51171875 0.04296875 0.04140625
0 0.04375 0.4796875 0.04375 0.04296875
0 0.128125 0.39140625 0.0390625 0.0421875
0 0.15078125 0.35859375 0.0421875 0.04296875
0 0.0640625 0.5234375 0.03984375 0.0390625
0 0.05625 0.3671875 0.0421875 0.040625
0 0.2140625 0.3125 0.04140625 0.040625
0 0.00546875 0.7546875 0.0109375 0.04375
0 0.11015625 0.434375 0.04296875 0.04140625
0 0.09765625 0.54921875 0.04375 0.040625
0 0.01953125 0.4390625 0.0390625 0.04375
0 0.05234375 0.30625 0.04375 0.0453125
0 0.1046875 0.3625 0.04296875 0.04140625
0 0.05078125 0.55390625 0.04375 0.040625
0 0.01796875 0.625 0.0359375 0.03984375
0 0.2296875 0.28046875 0.040625 0.04140625
0 0.06171875 0.44609375 0.040625 0.04140625
0 0.00703125 0.40625 0.0140625 0.0375
0 0.17109375 0.39921875 0.040625 0.03671875
0 0.0328125 0.41015625 0.0421875 0.03984375
0 0.00625 0.33203125 0.0125 0.0453125
0 0.0046875 0.67265625 0.00859375 0.04296875
0 0.00703125 0.48984375 0.0140625 0.04609375
0 0.0046875 0.5921875 0.00859375 0.04296875
0 0.0796875 0.3265625 0.0359375 0.040625