0 0.09609375 0.171875 0.06328125 0.0625
0 0.6859375 0.0265625 0.0671875 0.05234375
0 0.771875 0.05078125 0.06640625 0.0640625
0 0.26953125 0.48046875 0.06328125 0.06015625
0 0.72890625 0.528125 0.065625 0.0671875
0 0.7734375 0.4828125 0.065625 0.065625
0 0.51484375 0.1234375 0.06328125 0.0640625
0 0.66328125 0.50078125 0.0640625 0.06484375
0 0.134375 0.34921875 0.0640625 0.0640625
0 0.90234375 0.52578125 0.0640625 0.06640625
0 0.584375 0.228125 0.0640625 0.06328125
0 0.93515625 0.1484375 0.065625 0.06484375
0 0.72109375 0.9375 0.06328125 0.06484375
0 0.878125 0.11015625 0.06640625 0.065625
0 0.89375 0.7109375 0.06484375 0.06796875
0 0.43125 0.365625 0.0671875 0.06484375
0 0.98203125 0.38359375 0.0359375 0.0640625
0 0.53984375 0.4765625 0.06640625 0.06484375
0 0.92890625 0.3875 0.0640625 0.06640625
0 0.25859375 0.1796875 0.065625 0.065625
0 0.303125 0.54453125 0.06328125 0.06484375
0 0.23125 0.66328125 0.06484375 0.0640625
0 0.5453125 0.0171875 0.06328125 0.034375
0 0.715625 0.07890625 0.0640625 0.06015625
0 0.83984375 0.5015625 0.0640625 0.06328125
0 0.29609375 0.80234375 0.065625 0.06796875
0 0.9296875 0.65234375 0.06484375 0.06640625
0 0.6546875 0.25546875 0.065625 0.06953125
0 0.16328125 0.1796875 0.065625 0.0640625
0 0.87265625 0.78515625 0.06484375 0.06796875
0 0.03203125 0.159375 0.0640625 0.0671875
0 0.3828125 0.6078125 0.06484375 0.065625
0 0.61875 0.865625 0.06484375 0.06640625
0 0.37265625 0.925 0.0671875 0.0640625
0 0.21171875 0.1328125 0.06640625 0.0640625
0 0.63828125 0.0671875 0.06640625 0.0640625
0 0.90859375 0.01328125 0.0640625 0.0265625
0 0.96953125 0.32265625 0.0609375 0.06328125
0 0.30078125 0.425 0.065625 0.0640625
0 0.39296875 0.1703125 0.0671875 0.06953125
0 0.7 0.87265625 0.065625 0.0640625
0 0.73203125 0.340625 0.065625 0.0640625
0 0.80703125 0.65546875 0.06328125 0.0671875
0 0.64375 0.640625 0.06640625 0.0640625
0 0.33671875 0.4828125 0.065625 0.0625
0 0.578125 0.1453125 0.06640625 0.06640625
0 0.55390625 0.35546875 0.06640625 0.065625
0 0.06484375 0.2265625 0.06484375 0.06328125
0 0.46953125 0.86328125 0.0671875 0.0625
0 0.40390625 0.48203125 0.06328125 0.06328125
0 0.825 0.4390625 0.06484375 0.0625
0 0.60234375 0.4890625 0.06171875 0.06484375
0 0.88671875 0.91015625 0.06640625 0.0671875
0 0.11875 0.109375 0.06640625 0.06171875
0 0.70859375 0.45546875 0.0640625 0.0625
0 0.7953125 0.54921875 0.06484375 0.06484375
0 0.40390625 0.97578125 0.0640625 0.0484375
0 0.8046875 0.7921875 0.06484375 0.06640625
0 0.3640625 0.25625 0.0671875 0.06484375
0 0.49375 0.340625 0.0625 0.065625
0 0.68984375 0.39296875 0.06640625 0.0640625
0 0.83046875 0.728125 0.06328125 0.065625
0 0.6796875 0.696875 0.065625 0.065625
0 0.6109375 0.01640625 0.06640625 0.0328125
0 0.4390625 0.80078125 0.06640625 0.0640625
0 0.2671875 0.3546875 0.065625 0.06640625
0 0.44453125 0.2953125 0.065625 0.06328125
0 0.96953125 0.51484375 0.0609375 0.0671875
0 0.20234375 0.35078125 0.06484375 0.0640625
0 0.175 0.07421875 0.06484375 0.0625
0 0.6421875 0.75625 0.0640625 0.06484375
1 0.62109375 0.37109375 0.06484375 0.06328125
0 0.36953125 0.54296875 0.06328125 0.0625
0 0.1625 0.29375 0.06484375 0.0640625
1 0.48984375 0.2484375 0.0625 0.0625
1 0.38359375 0.0921875 0.065625 0.0609375
0 0.8640625 0.6359375 0.0625 0.06875
0 0.9546875 0.9140625 0.06328125 0.06796875
0 0.2640625 0.6046875 0.06484375 0.0625
0 0.865625 0.3734375 0.0640625 0.06171875
0 0.234375 0.5390625 0.0640625 0.06484375
0 0.61171875 0.696875 0.0640625 0.06171875
0 0.36796875 0.684375 0.0671875 0.06640625
0 0.59296875 0.55234375 0.06875 0.06328125
1 0.83203125 0.16640625 0.06015625 0.05546875
1 0.50703125 0.415625 0.065625 0.0625
0 0.0984375 0.42109375 0.06640625 0.06484375
1 0.65234375 0.1328125 0.06640625 0.0625
0 0.125 0.47890625 0.065625 0.06484375
0 0.91171875 0.8390625 0.065625 0.0640625
1 0.89140625 0.44140625 0.0609375 0.0578125
0 0.50859375 0.9125 0.065625 0.0625
0 0.553125 0.86953125 0.06484375 0.0640625
1 0.3171875 0.04296875 0.06796875 0.07109375
1 0.80390625 0.10703125 0.0671875 0.05625
1 0.7921875 0.934375 0.0625 0.07265625
1 0.51875 0.6046875 0.06171875 0.06875
1 0.66640625 0.325 0.0609375 0.0671875
0 0.265625 0.72578125 0.065625 0.06484375
1 0.43125 0.23046875 0.05390625 0.0625
0 0.30390625 0.6671875 0.06328125 0.065625
1 0.76953125 0.72109375 0.0578125 0.06796875
1 0.3140625 0.3 0.05703125 0.06640625
1 0.5296875 0.19921875 0.05859375 0.0671875
1 0.5640625 0.0671875 0.0640625 0.06015625
1 0.7109375 0.60625 0.0578125 0.06796875
1 0.0546875 0.084375 0.06171875 0.0703125
1 0.715625 0.13671875 0.05859375 0.05078125
1 0.7484375 0.2171875 0.06328125 0.06015625
1 0.4484375 0.6109375 0.06484375 0.05546875
1 0.403125 0.73359375 0.0625 0.05625
1 0.33671875 0.7328125 0.06171875 0.04765625
1 0.2359375 0.0390625 0.075 0.0703125
1 0.5265625 0.8 0.05859375 0.07421875
0 0.23125 0.2875 0.065625 0.06328125
1 0.5765625 0.42578125 0.06640625 0.0640625
1 0.7796875 0.28828125 0.065625 0.06796875
1 0.66796875 0.815625 0.0609375 0.05625
1 0.57578125 0.6296875 0.0640625 0.06953125
1 0.76953125 0.59609375 0.059375 0.05078125
0 0.196875 0.59453125 0.06171875 0.06328125
1 0.53984375 0.28125 0.053125 0.0734375
1 0.73828125 0.81796875 0.06171875 0.05390625
1 0.69296875 0.18828125 0.0578125 0.0578125
1 0.50078125 0.05625 0.05703125 0.0703125
1 0.33046875 0.1859375 0.0625 0.0703125
1 0.86796875 0.26015625 0.06015625 0.065625
0 0.16328125 0.55625 0.06484375 0.065625
0 0.74765625 0.01015625 0.06484375 0.01953125
1 0.95546875 0.4515625 0.053125 0.06171875
1 0.71796875 0.275 0.05703125 0.0640625
1 0.76875 0.86953125 0.053125 0.059375
1 0.45 0.6859375 0.06953125 0.0765625
1 0.90625 0.32421875 0.059375 0.06640625
1 0.12109375 0.03359375 0.075 0.06484375
1 0.9296875 0.2609375 0.05390625 0.06484375
1 0.5546875 0.72421875 0.05859375 0.0609375
1 0.09453125 0.2890625 0.0640625 0.0703125
1 0.19921875 0.46796875 0.0625 0.071875
1 0.375 0.41015625 0.0671875 0.0578125
1 0.94140625 0.7796875 0.06484375 0.0609375
1 0.84140625 0.3140625 0.06640625 0.06875
1 0.44765625 0.43671875 0.053125 0.0703125
1 0.46328125 0.17265625 0.0625 0.05390625
1 0.8875 0.19609375 0.065625 0.0625
1 0.05 0.02265625 0.065625 0.0453125
1 0.77265625 0.1625 0.0546875 0.06640625
0 0.4953125 0.53984375 0.0640625 0.06640625
1 0.2734375 0.10234375 0.06015625 0.06953125
1 0.28359375 0.24453125 0.06875 0.05625
1 0.49375 0.73125 0.06171875 0.07109375
1 0.8109375 0.22734375 0.05625 0.06796875
1 0.36640625 0.7921875 0.0625 0.0671875
1 0.06328125 0.35390625 0.07109375 0.0640625
1 0.3765625 0.0265625 0.05859375 0.05234375
1 0.978125 0.259375 0.04375 0.059375
1 0.9109375 0.58984375 0.06484375 0.05546875
0 0.52265625 0.6671875 0.065625 0.0609375
1 0.959375 0.715625 0.0625 0.05390625
1 0.38125 0.32109375 0.06328125 0.06328125
1 0.95625 0.20234375 0.05859375 0.05703125
1 0.70859375 0.7625 0.0640625 0.065625
1 0.234375 0.41796875 0.0640625 0.05390625
1 0.60078125 0.30078125 0.0640625 0.06015625
1 0.64921875 0.92578125 0.06328125 0.0625
1 0.63203125 0.1859375 0.06328125 0.05078125
1 0.47109375 0.9703125 0.06328125 0.0515625
1 0.5859375 0.93359375 0.06015625 0.0734375
1 0.4 0.85390625 0.0640625 0.05390625
1 0.58671875 0.79140625 0.06796875 0.0703125
1 0.79609375 0.3609375 0.0609375 0.06015625
1 0.8328125 0.0140625 0.075 0.028125
1 0.334375 0.853125 0.05703125 0.0578125
1 0.7375 0.6625 0.065625 0.053125
1 0.97421875 0.58984375 0.05078125 0.06796875
1 0.44140625 0.546875 0.05390625 0.0734375
1 0.4453125 0.1125 0.05859375 0.0671875
1 0.96796875 0.0265625 0.0578125 0.053125
1 0.33359375 0.35703125 0.06328125 0.053125
1 0.759375 0.409375 0.06171875 0.06171875
1 0.32578125 0.60390625 0.05234375 0.053125
1 0.43515625 0.05390625 0.065625 0.05625
1 0.328125 0.12109375 0.06953125 0.06484375
0 0.99140625 0.79296875 0.0171875 0.0671875
1 0.9859375 0.1296875 0.028125 0.0671875
1 0.9421875 0.06171875 0.07109375 0.06015625
1 0.915625 0.9734375 0.0609375 0.05234375
0 0.215625 0.22734375 0.06484375 0.06015625
1 0.8265625 0.85390625 0.06171875 0.0515625
1 0.540625 0.97421875 0.05703125 0.05
1 0.846875 0.9578125 0.06015625 0.06171875
1 0.97578125 0.85234375 0.04765625 0.059375
0 0.175 0.40625 0.06328125 0.0578125
1 0.45703125 0.01328125 0.0703125 0.0265625
1 0.18984375 0.0078125 0.0828125 0.01484375
1 0.62421875 0.98203125 0.07734375 0.0359375
1 0.02578125 0.26953125 0.0515625 0.0609375
0 0.64609375 0.43203125 0.05859375 0.0609375
1 0.76171875 0.98203125 0.0515625 0.0359375
0 0.134375 0.2296875 0.0640625 0.0609375