1 0.06171875 0.45625 0.1234375 0.1578125
1 0.0984375 0.603125 0.1875 0.178125
1 0.20546875 0.7390625 0.20703125 0.17578125
1 0.30625 0.871875 0.1484375 0.15703125
1 0.73125 0.95703125 0.2140625 0.0859375
1 0.90859375 0.9546875 0.1828125 0.090625
1 0.93671875 0.84375 0.1265625 0.1671875
1 0.78359375 0.85703125 0.19921875 0.17578125
1 0.63828125 0.84765625 0.171875 0.15859375
1 0.45703125 0.87421875 0.209375 0.1734375
1 0.39765625 0.71328125 0.16875 0.18046875
1 0.54453125 0.71015625 0.19609375 0.16484375
1 0.709375 0.6984375 0.1984375 0.184375
1 0.87734375 0.7078125 0.17890625 0.18203125
1 0.9390625 0.540625 0.121875 0.1625
1 0.79296875 0.54140625 0.19296875 0.15078125
1 0.6203125 0.54921875 0.16953125 0.16953125
1 0.44765625 0.55390625 0.190625 0.15859375
1 0.26875 0.58671875 0.18515625 0.159375
1 0.21875 0.440625 0.21171875 0.17109375
1 0.36796875 0.4109375 0.14375 0.18515625
1 0.52265625 0.40625 0.20859375 0.1953125
1 0.7015625 0.40546875 0.23203125 0.18515625
1 0.8796875 0.40703125 0.1828125 0.18046875
1 0.9328125 0.234375 0.134375 0.1953125
1 0.7703125 0.26171875 0.2 0.15859375
1 0.57265625 0.2453125 0.20390625 0.15703125
1 0.4203125 0.234375 0.17421875 0.18203125
1 0.2625 0.27734375 0.19609375 0.15390625
1 0.0890625 0.3265625 0.178125 0.18125
1 0.04375 0.16875 0.0875 0.1578125
1 0.18046875 0.13984375 0.21640625 0.1921875
1 0.2953125 0.10390625 0.1984375 0.1484375
1 0.48671875 0.09296875 0.20234375 0.1515625
1 0.68125 0.12109375 0.20859375 0.1875
1 0.85390625 0.1 0.18515625 0.1515625