2 0.2234375 0.94296875 0.0453125 0.0453125
1 0.875 0.75078125 0.0890625 0.0796875
1 0.56953125 0.684375 0.0953125 0.0828125
2 0.63046875 0.52109375 0.0640625 0.059375
0 0.70625 0.978125 0.05625 0.04375
0 0.75546875 0.9796875 0.0546875 0.040625
0 0.803125 0.98203125 0.053125 0.0359375
0 0.85078125 0.984375 0.0546875 0.03125
0 0.9 0.98828125 0.053125 0.0234375
0 0.73515625 0.9421875 0.0515625 0.053125
0 0.7828125 0.946875 0.0546875 0.0515625
0 0.83046875 0.95078125 0.05625 0.053125
0 0.878125 0.9625 0.0546875 0.0546875
0 0.91796875 0.96328125 0.0359375 0.05
0 0.71640625 0.89921875 0.053125 0.0515625
0 0.76015625 0.90859375 0.053125 0.053125
0 0.81171875 0.90859375 0.053125 0.0546875
0 0.85859375 0.9140625 0.053125 0.0515625
0 0.90703125 0.91796875 0.05625 0.05625
0 0.74296875 0.8640625 0.0546875 0.05
0 0.790625 0.865625 0.0546875 0.0515625
0 0.83984375 0.87109375 0.0546875 0.05625
0 0.884375 0.8796875 0.0546875 0.053125
0 0.928125 0.8796875 0.04375 0.053125
0 0.72421875 0.81796875 0.05 0.0546875
0 0.7671875 0.8296875 0.053125 0.0515625
0 0.8171875 0.82890625 0.053125 0.0546875
0 0.8640625 0.83359375 0.0546875 0.0546875
0 0.9140625 0.840625 0.059375 0.053125
0 0.75 0.778125 0.05625 0.0546875
0 0.80078125 0.78046875 0.053125 0.053125
0 0.84609375 0.78515625 0.05 0.0515625
0 0.8953125 0.79375 0.053125 0.05
0 0.93984375 0.7984375 0.04375 0.0515625
0 0.7296875 0.7375 0.053125 0.0546875
0 0.7765625 0.7421875 0.0546875 0.053125
0 0.82265625 0.74609375 0.0546875 0.0515625
0 0.9234375 0.7546875 0.05625 0.053125
0 0.75546875 0.70625 0.0515625 0.053125
0 0.8078125 0.7 0.0546875 0.0546875
0 0.85390625 0.70078125 0.05625 0.05625
0 0.8984375 0.71640625 0.05 0.053125
0 0.9484375 0.7171875 0.053125 0.0546875
0 0.7359375 0.65703125 0.0546875 0.05625
0 0.7828125 0.66328125 0.0546875 0.053125
0 0.83203125 0.6640625 0.0515625 0.05
0 0.88125 0.66875 0.053125 0.053125
0 0.92734375 0.6734375 0.0546875 0.05625
0 0.965625 0.67734375 0.03125 0.05
0 0.76796875 0.61171875 0.0546875 0.05625
0 0.81640625 0.61640625 0.053125 0.05
0 0.8609375 0.621875 0.053125 0.0515625
0 0.90859375 0.62890625 0.05625 0.0546875
0 0.95859375 0.6328125 0.05625 0.053125
0 0.7515625 0.56796875 0.0515625 0.053125
0 0.796875 0.5734375 0.0546875 0.05625
0 0.8453125 0.57734375 0.0546875 0.0546875
0 0.8875 0.5890625 0.0515625 0.0515625
0 0.93671875 0.590625 0.0546875 0.0546875
0 0.975 0.5953125 0.0375 0.0484375
0 0.7796875 0.5265625 0.0515625 0.05
0 0.8234375 0.53828125 0.0484375 0.0515625
0 0.8703125 0.54296875 0.0546875 0.053125
0 0.9203125 0.54765625 0.053125 0.0546875
0 0.9640625 0.55859375 0.053125 0.0515625
0 0.75625 0.484375 0.053125 0.0515625
0 0.8015625 0.49453125 0.05625 0.053125
0 0.85078125 0.49765625 0.05625 0.053125
0 0.8953125 0.5078125 0.05 0.053125
0 0.9421875 0.51484375 0.0546875 0.0546875
0 0.98125 0.5171875 0.0375 0.05
0 0.78203125 0.44921875 0.0515625 0.05
0 0.828125 0.45625 0.0546875 0.0515625
0 0.87734375 0.459375 0.053125 0.05
0 0.92421875 0.46484375 0.0484375 0.0484375
0 0.96796875 0.475 0.0546875 0.053125
0 0.75859375 0.4140625 0.0546875 0.053125
0 0.8078125 0.4125 0.053125 0.0515625
0 0.8546875 0.41953125 0.0515625 0.053125
0 0.90234375 0.425 0.05625 0.0515625
0 0.95234375 0.4265625 0.0546875 0.0546875
0 0.9859375 0.4328125 0.028125 0.053125
0 0.7875 0.378125 0.0546875 0.0515625
0 0.8375 0.375 0.053125 0.053125
0 0.8828125 0.38359375 0.05 0.0515625
0 0.93125 0.38515625 0.0515625 0.0515625
0 0.97421875 0.39453125 0.0515625 0.0515625
0 0.76796875 0.33359375 0.053125 0.05625
0 0.8140625 0.33671875 0.053125 0.053125
0 0.86171875 0.3390625 0.0546875 0.0546875
0 0.909375 0.346875 0.0546875 0.053125
0 0.959375 0.34296875 0.0546875 0.0546875
0 0.98984375 0.35234375 0.0203125 0.0546875
0 0.79296875 0.29296875 0.05625 0.0546875
0 0.84765625 0.2859375 0.05625 0.05625
0 0.890625 0.30078125 0.05 0.053125
0 0.940625 0.30078125 0.0546875 0.0515625
0 0.9578125 0.25546875 0.0546875 0.05625
0 0.98125 0.30078125 0.0375 0.0578125
0 0.48828125 0.98828125 0.0515625 0.0234375
0 0.53671875 0.99140625 0.0515625 0.0171875
0 0.58359375 0.99453125 0.0515625 0.0109375
0 0.63203125 0.99375 0.0515625 0.0125
0 0.13515625 0.934375 0.05 0.034375
0 0.26953125 0.946875 0.059375 0.053125
0 0.31875 0.95390625 0.053125 0.053125
0 0.36640625 0.95703125 0.0515625 0.053125
0 0.4171875 0.96015625 0.0578125 0.0546875
0 0.46796875 0.9640625 0.053125 0.0546875
0 0.5140625 0.965625 0.0515625 0.0546875
0 0.56171875 0.9734375 0.053125 0.05
0 0.609375 0.975 0.053125 0.05
0 0.65625 0.9765625 0.05625 0.046875
0 0.16015625 0.89296875 0.0515625 0.053125
0 0.20625 0.91015625 0.0515625 0.0546875
0 0.25546875 0.90234375 0.0546875 0.053125
0 0.303125 0.903125 0.053125 0.053125
0 0.3484375 0.9125 0.0515625 0.053125
0 0.3953125 0.921875 0.053125 0.0515625
0 0.44375 0.9203125 0.0546875 0.053125
0 0.49375 0.9234375 0.05625 0.053125
0 0.540625 0.93359375 0.0546875 0.053125
0 0.590625 0.93125 0.0515625 0.053125
0 0.63828125 0.94140625 0.0546875 0.0546875
0 0.68828125 0.9390625 0.0546875 0.053125
0 0.14140625 0.84296875 0.053125 0.053125
0 0.1875 0.85859375 0.0546875 0.05625
0 0.23515625 0.859375 0.053125 0.0546875
0 0.28359375 0.86328125 0.05625 0.0515625
0 0.33046875 0.8671875 0.053125 0.0546875
0 0.3765625 0.878125 0.0515625 0.0515625
0 0.425 0.8765625 0.0578125 0.053125
0 0.4765625 0.878125 0.0546875 0.0546875
0 0.51953125 0.88984375 0.0515625 0.0546875
0 0.56796875 0.8890625 0.053125 0.05625
0 0.615625 0.89609375 0.0578125 0.0515625
0 0.6671875 0.89921875 0.05625 0.05
0 0.16953125 0.8046875 0.053125 0.0546875
0 0.21484375 0.8125 0.053125 0.0515625
0 0.26171875 0.82734375 0.0515625 0.0515625
0 0.309375 0.8234375 0.053125 0.0515625
0 0.35859375 0.828125 0.0546875 0.053125
0 0.40546875 0.83515625 0.0609375 0.05625
0 0.45625 0.83828125 0.0515625 0.0546875
0 0.5015625 0.84921875 0.0546875 0.0515625
0 0.5515625 0.8484375 0.053125 0.0515625
0 0.60078125 0.84921875 0.0546875 0.0546875
0 0.646875 0.85546875 0.0515625 0.0515625
0 0.69609375 0.85625 0.0546875 0.0546875
0 0.146875 0.77109375 0.0546875 0.05
0 0.1984375 0.7671875 0.0546875 0.0515625
0 0.2453125 0.7734375 0.0515625 0.053125
0 0.29296875 0.78046875 0.053125 0.0515625
0 0.33984375 0.78359375 0.0515625 0.053125
0 0.38515625 0.7890625 0.0546875 0.0546875
0 0.43515625 0.796875 0.0546875 0.0546875
0 0.484375 0.80078125 0.053125 0.0515625
0 0.53046875 0.80625 0.0515625 0.05
0 0.575 0.81328125 0.0515625 0.053125
0 0.621875 0.81953125 0.0515625 0.0484375
0 0.66953125 0.82421875 0.05625 0.053125
0 0.13125 0.7171875 0.0515625 0.0515625
0 0.1765625 0.728125 0.053125 0.0515625
0 0.22578125 0.73046875 0.053125 0.053125
0 0.27265625 0.7375 0.053125 0.053125
0 0.3234375 0.73671875 0.053125 0.0546875
0 0.36953125 0.74296875 0.0515625 0.053125
0 0.41484375 0.75390625 0.0515625 0.053125
0 0.46328125 0.75703125 0.0546875 0.0546875
0 0.5125 0.76328125 0.053125 0.0546875
0 0.5578125 0.76875 0.053125 0.0546875
0 0.60390625 0.7703125 0.0515625 0.0515625
0 0.6546875 0.7734375 0.05625 0.05625
0 0.70390625 0.77578125 0.0546875 0.0546875
0 0.15703125 0.68125 0.053125 0.05
0 0.20546875 0.68515625 0.05625 0.053125
0 0.253125 0.69296875 0.0546875 0.053125
0 0.3015625 0.69609375 0.053125 0.0546875
0 0.3484375 0.69765625 0.0515625 0.053125
0 0.3953125 0.7125 0.0515625 0.05
0 0.4453125 0.71015625 0.0546875 0.053125
0 0.49296875 0.7140625 0.053125 0.0546875
0 0.53828125 0.7203125 0.0515625 0.053125
0 0.5859375 0.73203125 0.05625 0.053125
0 0.6359375 0.72890625 0.053125 0.0515625
0 0.68515625 0.73359375 0.0546875 0.0546875
0 0.1359375 0.64375 0.059375 0.0578125
0 0.1859375 0.64453125 0.053125 0.053125
0 0.23203125 0.6484375 0.0515625 0.0546875
0 0.2796875 0.65625 0.053125 0.05
0 0.3296875 0.65546875 0.0546875 0.053125
0 0.37890625 0.6578125 0.05625 0.05625
0 0.42734375 0.665625 0.053125 0.053125
0 0.47265625 0.66953125 0.0515625 0.0515625
0 0.51953125 0.675 0.0578125 0.053125
0 0.62109375 0.68359375 0.05 0.0546875
0 0.665625 0.6921875 0.053125 0.05
0 0.7109375 0.69765625 0.0546875 0.05625
0 0.1203125 0.59375 0.0546875 0.0546875
0 0.16796875 0.60234375 0.05625 0.059375
0 0.215625 0.61015625 0.053125 0.05
0 0.26171875 0.615625 0.0515625 0.053125
0 0.309375 0.61875 0.05625 0.053125
0 0.35703125 0.62578125 0.0515625 0.0515625
0 0.403125 0.63046875 0.053125 0.0546875
0 0.45078125 0.63125 0.053125 0.0515625
0 0.5 0.6328125 0.0546875 0.0546875
0 0.54609375 0.63984375 0.053125 0.0546875
0 0.59296875 0.6453125 0.05625 0.053125
0 0.64140625 0.65 0.053125 0.0515625
0 0.68984375 0.65234375 0.05625 0.053125
0 0.14375 0.5671875 0.0515625 0.05
0 0.19296875 0.57265625 0.05625 0.05
0 0.24140625 0.5671875 0.05 0.0515625
0 0.2890625 0.57578125 0.0546875 0.0515625
0 0.33984375 0.575 0.05625 0.05625
0 0.38671875 0.584375 0.0515625 0.0546875
0 0.434375 0.58359375 0.05625 0.053125
0 0.4796875 0.59453125 0.0546875 0.0515625
0 0.528125 0.59375 0.053125 0.0515625
0 0.57578125 0.59765625 0.053125 0.0546875
0 0.62421875 0.603125 0.0546875 0.053125
0 0.67265625 0.60390625 0.053125 0.0546875
0 0.7171875 0.61796875 0.05625 0.0546875
0 0.128125 0.51484375 0.053125 0.0546875
0 0.171875 0.5296875 0.0546875 0.05
0 0.21953125 0.528125 0.0546875 0.0546875
0 0.26953125 0.53046875 0.0546875 0.0546875
0 0.3171875 0.53359375 0.053125 0.0515625
0 0.36484375 0.54609375 0.053125 0.053125
0 0.41328125 0.54296875 0.0515625 0.05
0 0.46015625 0.546875 0.0515625 0.053125
0 0.5078125 0.55078125 0.05625 0.0546875
0 0.55703125 0.55390625 0.053125 0.0515625
0 0.6046875 0.55859375 0.053125 0.0546875
0 0.653125 0.56171875 0.0546875 0.0515625
0 0.703125 0.56640625 0.0546875 0.0546875
0 0.15390625 0.4796875 0.053125 0.05
0 0.1984375 0.4859375 0.0546875 0.0515625
0 0.24921875 0.48671875 0.059375 0.05625
0 0.2984375 0.4921875 0.0515625 0.0546875
0 0.34296875 0.5015625 0.0546875 0.053125
0 0.3921875 0.5015625 0.0515625 0.0515625
0 0.43984375 0.51015625 0.0546875 0.0515625
0 0.4890625 0.51015625 0.053125 0.0515625
0 0.53515625 0.5125 0.053125 0.053125
0 0.584375 0.5140625 0.0546875 0.0515625
0 0.67578125 0.53203125 0.05625 0.0515625
0 0.728125 0.53203125 0.0578125 0.0546875
0 0.13359375 0.4390625 0.053125 0.0515625
0 0.18359375 0.44453125 0.05625 0.053125
0 0.23125 0.44453125 0.0515625 0.053125
0 0.27890625 0.44765625 0.0515625 0.053125
0 0.32421875 0.4546875 0.0546875 0.053125
0 0.37109375 0.459375 0.053125 0.05
0 0.41796875 0.4625 0.05625 0.053125
0 0.46640625 0.4671875 0.053125 0.05
0 0.51328125 0.47578125 0.0625 0.05625
0 0.565625 0.4734375 0.053125 0.05
0 0.6140625 0.4796875 0.0546875 0.053125
0 0.6609375 0.48125 0.0546875 0.053125
0 0.709375 0.48515625 0.053125 0.05
0 0.16328125 0.4015625 0.053125 0.0515625
0 0.20625 0.415625 0.053125 0.05
0 0.259375 0.403125 0.053125 0.053125
0 0.30546875 0.4109375 0.0546875 0.053125
0 0.353125 0.415625 0.0546875 0.053125
0 0.4015625 0.42109375 0.0515625 0.053125
0 0.44765625 0.4234375 0.053125 0.0546875
0 0.49765625 0.43046875 0.05625 0.053125
0 0.546875 0.43046875 0.0546875 0.053125
0 0.59140625 0.4375 0.05625 0.05625
0 0.640625 0.4375 0.0515625 0.0546875
0 0.6859375 0.44296875 0.053125 0.053125
0 0.7375 0.44453125 0.053125 0.053125
0 0.14296875 0.36171875 0.0546875 0.053125
0 0.19140625 0.36328125 0.0546875 0.0546875
0 0.23828125 0.36796875 0.053125 0.053125
0 0.2875 0.3671875 0.0546875 0.0546875
0 0.3359375 0.36796875 0.053125 0.0515625
0 0.38046875 0.3890625 0.053125 0.0515625
0 0.428125 0.38359375 0.0546875 0.0515625
0 0.47578125 0.38515625 0.0546875 0.0515625
0 0.52265625 0.39453125 0.053125 0.0546875
0 0.56953125 0.39375 0.0546875 0.053125
0 0.61796875 0.3984375 0.0546875 0.05625
0 0.66875 0.39375 0.0546875 0.053125
0 0.71640625 0.40390625 0.0578125 0.05625
0 0.128125 0.315625 0.0515625 0.053125
0 0.17109375 0.3265625 0.0546875 0.0515625
0 0.21875 0.3265625 0.0546875 0.053125
0 0.26796875 0.32890625 0.0546875 0.05
0 0.3171875 0.33125 0.0546875 0.0546875
0 0.3640625 0.334375 0.053125 0.059375
0 0.4109375 0.33984375 0.0546875 0.053125
0 0.45703125 0.34609375 0.0515625 0.053125
0 0.5046875 0.3484375 0.05625 0.053125
0 0.55546875 0.3453125 0.0546875 0.053125
0 0.60078125 0.353125 0.0515625 0.0515625
0 0.6484375 0.35625 0.0546875 0.0515625
0 0.69609375 0.3546875 0.0515625 0.0546875
0 0.74140625 0.36796875 0.053125 0.0546875
0 0.1515625 0.28125 0.053125 0.0546875
0 0.1984375 0.28984375 0.0546875 0.0546875
0 0.246875 0.28984375 0.053125 0.053125
0 0.2953125 0.2921875 0.0546875 0.0515625
0 0.34375 0.2890625 0.0515625 0.0546875
0 0.390625 0.2984375 0.0546875 0.05625
0 0.4375 0.3015625 0.05 0.053125
0 0.4859375 0.30078125 0.053125 0.05
0 0.53359375 0.30390625 0.0546875 0.0515625
0 0.58203125 0.30859375 0.053125 0.05
0 0.628125 0.31796875 0.0515625 0.0546875
0 0.675 0.31875 0.05 0.05
0 0.721875 0.3203125 0.053125 0.0515625
0 0.13515625 0.23125 0.0515625 0.0546875
0 0.18125 0.24140625 0.05625 0.0546875
0 0.228125 0.24296875 0.05 0.0515625
0 0.2734375 0.246875 0.053125 0.0546875
0 0.3234375 0.25078125 0.053125 0.05625
0 0.37109375 0.2640625 0.0578125 0.053125
0 0.45703125 0.25078125 0.0546875 0.05625
0 0.50546875 0.25859375 0.053125 0.0515625
0 0.55 0.26328125 0.0515625 0.0546875
0 0.6 0.2671875 0.053125 0.0546875
0 0.6453125 0.28125 0.0515625 0.0546875
0 0.7015625 0.2765625 0.0546875 0.05625
0 0.74765625 0.2890625 0.053125 0.0546875
0 0.1609375 0.19140625 0.053125 0.05625
0 0.20625 0.20703125 0.0546875 0.0546875
0 0.25546875 0.203125 0.0546875 0.0546875
0 0.009375 0.9046875 0.01875 0.05
0 0.03984375 0.9109375 0.0515625 0.05
0 0.08671875 0.91796875 0.0546875 0.0515625
0 0.02265625 0.87109375 0.0453125 0.0546875
0 0.06484375 0.8796875 0.0515625 0.053125
0 0.11484375 0.8796875 0.053125 0.0546875
0 0.0125 0.82578125 0.025 0.0515625
0 0.0453125 0.83203125 0.059375 0.05625
0 0.09375 0.84140625 0.0515625 0.053125
0 0.02890625 0.78671875 0.0546875 0.053125
0 0.07421875 0.8 0.05625 0.053125
0 0.125 0.79765625 0.053125 0.0515625
0 0.01640625 0.7421875 0.0328125 0.053125
0 0.05390625 0.7484375 0.0546875 0.053125
0 0.1015625 0.7578125 0.0578125 0.059375
0 0.00625 0.6984375 0.0125 0.05
0 0.034375 0.70703125 0.05625 0.0515625
0 0.08359375 0.7125 0.0578125 0.0578125
0 0.0203125 0.6625 0.040625 0.053125
0 0.06171875 0.66953125 0.053125 0.053125
0 0.11328125 0.675 0.0546875 0.053125
0 0.0109375 0.62734375 0.021875 0.0546875
0 0.0421875 0.6375 0.0515625 0.0515625
0 0.0890625 0.640625 0.053125 0.0546875
0 0.0234375 0.58671875 0.046875 0.0546875
0 0.06953125 0.60078125 0.0546875 0.053125
0 0.01640625 0.54609375 0.0328125 0.0546875
0 0.05 0.55546875 0.0546875 0.0546875
0 0.09921875 0.56015625 0.05625 0.05625
0 0.03046875 0.509375 0.05625 0.05625
0 0.0796875 0.51171875 0.059375 0.0578125
0 0.01953125 0.46171875 0.0390625 0.0484375
0 0.06015625 0.465625 0.0515625 0.05
0 0.10859375 0.475 0.0546875 0.053125
0 0.0421875 0.42421875 0.053125 0.05
0 0.08828125 0.42890625 0.053125 0.0546875
0 0.0296875 0.38046875 0.0390625 0.05
0 0.06953125 0.3859375 0.0546875 0.053125
0 0.11796875 0.39609375 0.0609375 0.0640625
0 0.05078125 0.34453125 0.0546875 0.0546875
0 0.09765625 0.35546875 0.05 0.0515625
0 0.04140625 0.303125 0.0390625 0.05
0 0.08125 0.30703125 0.05625 0.053125
0 0.0625 0.265625 0.0515625 0.053125
0 0.10703125 0.27265625 0.0515625 0.05
0 0.05078125 0.2296875 0.034375 0.05
0 0.08671875 0.234375 0.0515625 0.0515625
0 0.07109375 0.18515625 0.05625 0.05625
0 0.11484375 0.20234375 0.0515625 0.0578125