1 0.840625 0.26328125 0.121875 0.1078125
1 0.61640625 0.171875 0.165625 0.1203125
0 0.88828125 0.8328125 0.1203125 0.1265625
1 0.9703125 0.3015625 0.059375 0.096875
1 0.94765625 0.46796875 0.1046875 0.0984375
1 0.8640625 0.428125 0.0984375 0.1015625
1 0.640625 0.31015625 0.121875 0.10625
1 0.646875 0.69140625 0.15 0.1125
0 0.86171875 0.7203125 0.115625 0.121875
1 0.9328125 0.37421875 0.10625 0.10625
1 0.65703125 0.60546875 0.13125 0.096875
1 0.525 0.14609375 0.0796875 0.090625
1 0.23671875 0.67421875 0.096875 0.096875
1 0.82265625 0.11796875 0.1125 0.1015625
0 0.1484375 0.03359375 0.128125 0.0671875
1 0.92578125 0.25625 0.0921875 0.1109375
1 0.7 0.54921875 0.1328125 0.10625
1 0.69765625 0.77109375 0.125 0.0953125
1 0.7828125 0.603125 0.1171875 0.10625
1 0.98203125 0.3875 0.0359375 0.10625
1 0.95546875 0.1203125 0.0890625 0.10625
1 0.309375 0.690625 0.0921875 0.09375
0 0.7171875 0.86171875 0.1078125 0.125
0 0.65234375 0.9625 0.1265625 0.075
1 0.1375 0.6109375 0.14375 0.1328125
1 0.56015625 0.56953125 0.1125 0.1078125
0 0.40625 0.02890625 0.125 0.0578125
1 0.359375 0.86640625 0.1046875 0.109375
1 0.6859375 0.4609375 0.13125 0.10625
1 0.4375 0.84453125 0.1078125 0.1
1 0.7171875 0.13828125 0.11875 0.1015625
1 0.97265625 0.20859375 0.0546875 0.1046875
1 0.60625 0.76640625 0.10625 0.0921875
1 0.76328125 0.703125 0.13125 0.1125
1 0.7140625 0.2296875 0.13125 0.1125
0 0.884375 0.9703125 0.0875 0.059375
1 0.3359375 0.77265625 0.0984375 0.09375
1 0.5375 0.68203125 0.11875 0.1125
1 0.8015625 0.1953125 0.128125 0.1015625
1 0.91171875 0.1828125 0.115625 0.10625
1 0.61640625 0.5046875 0.0859375 0.0828125
0 0.13359375 0.16015625 0.13125 0.13125
1 0.60703125 0.40390625 0.1015625 0.09375
1 0.625 0.83984375 0.1140625 0.0953125
1 0.21640625 0.75703125 0.09375 0.0953125
1 0.40703125 0.509375 0.1078125 0.090625
1 0.3265625 0.62421875 0.08125 0.071875
1 0.39765625 0.66796875 0.0984375 0.0921875
0 0.80234375 0.92265625 0.11875 0.128125
1 0.6375 0.0734375 0.1265625 0.1125
1 0.59140625 0.24453125 0.1078125 0.0921875
0 0.203125 0.10703125 0.134375 0.13125
1 0.6859375 0.36953125 0.0859375 0.0875
1 0.55 0.334375 0.153125 0.1203125
1 0.934375 0.565625 0.109375 0.1
1 0.49140625 0.5359375 0.0984375 0.109375
1 0.540625 0.45859375 0.103125 0.0859375
1 0.45859375 0.3046875 0.1109375 0.1109375
1 0.45234375 0.14140625 0.0984375 0.1046875
1 0.50078125 0.21953125 0.1140625 0.1
1 0.26015625 0.9046875 0.115625 0.109375
1 0.140625 0.7203125 0.0953125 0.1125
1 0.246875 0.59375 0.0890625 0.09375
1 0.26875 0.8203125 0.1140625 0.1015625
1 0.51171875 0.93671875 0.103125 0.1046875
1 0.55625 0.05234375 0.0796875 0.1
1 0.4 0.41640625 0.10625 0.1015625
0 0.14296875 0.2734375 0.1296875 0.1234375
1 0.78359375 0.4265625 0.115625 0.096875
1 0.40703125 0.93515625 0.1421875 0.1234375
1 0.3765625 0.34609375 0.109375 0.1171875
0 0.10703125 0.3765625 0.121875 0.128125
1 0.4921875 0.38984375 0.115625 0.0890625
1 0.79765625 0.79765625 0.1078125 0.11875
1 0.28515625 0.38828125 0.13125 0.14375
1 0.503125 0.78203125 0.125 0.1125
1 0.528125 0.865625 0.1171875 0.0984375
0 0.9515625 0.66171875 0.0734375 0.1171875
1 0.74453125 0.065625 0.0875 0.071875
0 0.04765625 0.30625 0.0640625 0.1375
0 0.0640625 0.18515625 0.05 0.1171875
0 0.259375 0.05078125 0.146875 0.1015625
1 0.49140625 0.6328125 0.109375 0.109375
1 0.10703125 0.89921875 0.096875 0.090625
0 0.2515625 0.2078125 0.13125 0.121875
1 0.87109375 0.621875 0.1171875 0.1015625
1 0.3171875 0.5421875 0.1046875 0.1125
1 0.42890625 0.75 0.13125 0.125
1 0.18984375 0.86015625 0.075 0.096875
1 0.03828125 0.86171875 0.0765625 0.0703125
0 0.02421875 0.41484375 0.0484375 0.103125
1 0.0703125 0.690625 0.0890625 0.10625
1 0.7359375 0.3 0.0890625 0.0890625
1 0.78046875 0.5109375 0.1015625 0.1015625
0 0.353125 0.10234375 0.1296875 0.128125
0 0.9234375 0.90859375 0.040625 0.1078125
0 0.0515625 0.51171875 0.103125 0.1171875
0 0.01875 0.659375 0.0375 0.121875
1 0.4703125 0.07265625 0.090625 0.059375
1 0.50234375 0.021875 0.0703125 0.04375
1 0.35078125 0.2140625 0.075 0.084375
1 0.31484375 0.27734375 0.0828125 0.0671875
1 0.24375 0.32109375 0.0953125 0.0796875
1 0.18515625 0.41640625 0.0984375 0.0984375
1 0.09140625 0.5234375 0.1015625 0.1078125
1 0.046875 0.7890625 0.0859375 0.08125
1 0.1234375 0.821875 0.0828125 0.084375
1 0.30234375 0.95234375 0.0859375 0.0515625
1 0.75390625 0.34140625 0.0890625 0.1
1 0.85703125 0.5234375 0.08125 0.0859375
1 0.4140625 0.253125 0.071875 0.0859375
1 0.21640625 0.521875 0.0734375 0.090625
1 0.31796875 0.46484375 0.0890625 0.0703125