0 0.06484375 0.02109375 0.0390625 0.0421875
0 0.2375 0.1765625 0.0703125 0.0703125
0 0.28359375 0.13125 0.071875 0.071875
0 0.3046875 0.021875 0.06875 0.04375
0 0.371875 0.02734375 0.071875 0.0546875
0 0.11328125 0.021875 0.0703125 0.04375
0 0.0796875 0.07265625 0.071875 0.0703125
0 0.2640625 0.0625 0.071875 0.06875
0 0.215625 0.10859375 0.0703125 0.06875
0 0.24609375 0.00703125 0.0703125 0.0140625
0 0.2015625 0.034375 0.071875 0.06875
0 0.32578125 0.07265625 0.071875 0.0734375
0 0.17421875 0.15546875 0.0671875 0.065625
0 0.1453125 0.08203125 0.0703125 0.0703125
0 0.11484375 0.14296875 0.06875 0.065625
0 0.06875 0.209375 0.075 0.0765625
0 0.059375 0.13515625 0.0515625 0.065625
0 0.13125 0.209375 0.075 0.075