0 0.065625 0.97109375 0.05625 0.0578125
0 0.084375 0.9140625 0.071875 0.071875
0 0.03359375 0.6859375 0.04375 0.0671875
0 0.2609375 0.96640625 0.071875 0.0671875
0 0.1515625 0.91484375 0.0640625 0.0671875
0 0.2109375 0.80390625 0.071875 0.0703125
0 0.13046875 0.97265625 0.0703125 0.0546875
0 0.6765625 0.93984375 0.0671875 0.0609375
0 0.446875 0.88125 0.0671875 0.0703125
0 0.215625 0.90703125 0.071875 0.0703125
0 0.27109375 0.86015625 0.0671875 0.0671875
0 0.18828125 0.86015625 0.0703125 0.0671875
0 0.34375 0.84921875 0.071875 0.06875
0 0.5109375 0.8875 0.0734375 0.0671875
0 0.38125 0.89296875 0.0703125 0.0671875
0 0.646875 0.97734375 0.0703125 0.0296875
1 0.475 0.95390625 0.0703125 0.0765625
0 0.1078125 0.7015625 0.071875 0.0640625
1 0.31328125 0.91328125 0.071875 0.06875
1 0.4078125 0.95625 0.078125 0.0703125
1 0.6078125 0.9578125 0.065625 0.0625
1 0.5421875 0.96171875 0.0734375 0.06875
0 0.0515625 0.73984375 0.06875 0.0671875
1 0.7578125 0.94140625 0.0890625 0.071875
1 0.334375 0.97109375 0.078125 0.0578125
0 0.19765625 0.96796875 0.0703125 0.0640625
1 0.1609375 0.7453125 0.0671875 0.0609375
1 0.09609375 0.80390625 0.078125 0.071875
1 0.06328125 0.8578125 0.0703125 0.0609375
1 0.4375 0.99140625 0.078125 0.0171875
1 0.37421875 0.99453125 0.0640625 0.0109375
1 0.228125 0.73359375 0.0578125 0.053125
1 0.1328125 0.8625 0.05625 0.0515625
1 0.1625 0.8078125 0.046875 0.05