0 0.0765625 0.02265625 0.059375 0.0453125
0 0.0265625 0.1390625 0.053125 0.065625
0 0.01953125 0.0203125 0.0390625 0.040625
0 0.01953125 0.36875 0.0390625 0.0625
0 0.18828125 0.08515625 0.06328125 0.06171875
0 0.05078125 0.078125 0.06328125 0.06328125
0 0.13984375 0.0234375 0.0640625 0.046875
0 0.11796875 0.07890625 0.0640625 0.06015625
0 0.08046875 0.2625 0.0625 0.0625
0 0.04296875 0.3140625 0.0625 0.0625
0 0.0875 0.1359375 0.0609375 0.0609375
0 0.05625 0.19609375 0.0640625 0.06171875
0 0.1546875 0.1421875 0.06328125 0.0625
0 0.02265625 0.24375 0.0453125 0.0625
0 0.2265625 0.03203125 0.065625 0.0640625
0 0.12265625 0.19140625 0.0578125 0.059375
0 0.00859375 0.07421875 0.0171875 0.0640625
0 0.009375 0.18984375 0.01796875 0.05703125
0 0.00625 0.434375 0.01171875 0.065625