0 0.06484375 0.61171875 0.065625 0.0671875
0 0.025 0.728125 0.0359375 0.065625
0 0.01875 0.390625 0.0375 0.0625
0 0.271875 0.72734375 0.0625 0.0640625
0 0.8828125 0.75703125 0.0640625 0.065625
0 0.01875 0.4875 0.0375 0.059375
0 0.22265625 0.05078125 0.0625 0.0640625
0 0.88125 0.37734375 0.0625 0.0640625
0 0.74296875 0.765625 0.0625 0.0640625
0 0.10390625 0.6625 0.0625 0.0625
0 0.03984375 0.4421875 0.0625 0.0609375
0 0.2140625 0.271875 0.065625 0.0625
0 0.878125 0.63671875 0.065625 0.065625
0 0.25078125 0.22265625 0.0640625 0.059375
0 0.39609375 0.55234375 0.0640625 0.065625
0 0.46328125 0.3265625 0.065625 0.065625
0 0.1484375 0.49140625 0.065625 0.0640625
0 0.0703125 0.16171875 0.0609375 0.0609375
0 0.04765625 0.10703125 0.0640625 0.0640625
0 0.975 0.58828125 0.05 0.0640625
0 0.42578125 0.37578125 0.065625 0.0625
0 0.55703125 0.61953125 0.0609375 0.0640625
0 0.0390625 0.6625 0.0640625 0.0640625
0 0.14453125 0.25703125 0.0640625 0.059375
0 0.51484375 0.09140625 0.0625 0.0640625
0 0.5375 0.684375 0.0640625 0.0609375
0 0.4265625 0.2671875 0.065625 0.065625
0 0.72265625 0.53984375 0.0609375 0.0609375
0 0.7078125 0.2125 0.0640625 0.059375
0 0.3703125 0.7796875 0.0640625 0.0640625
0 0.5703125 0.83359375 0.0640625 0.0640625
0 0.521875 0.43515625 0.065625 0.065625
0 0.07734375 0.734375 0.0625 0.0640625
0 0.58671875 0.33125 0.0640625 0.0640625
0 0.7515625 0.4859375 0.0625 0.0640625
0 0.41328125 0.72890625 0.0640625 0.065625
0 0.84765625 0.7 0.0640625 0.0625
0 0.39921875 0.31796875 0.0625 0.0625
0 0.74296875 0.65625 0.0640625 0.0640625
0 0.08203125 0.4828125 0.0640625 0.0625
0 0.1546875 0.0625 0.0625 0.0625
0 0.5 0.50390625 0.0640625 0.0640625
0 0.109375 0.77734375 0.065625 0.0625
0 0.459375 0.21015625 0.0625 0.0609375
0 0.8453125 0.81484375 0.0625 0.0625
0 0.340625 0.72421875 0.0625 0.0640625
0 0.43828125 0.50703125 0.0625 0.0625
0 0.4875 0.728125 0.0640625 0.0625
0 0.3171875 0.2046875 0.0640625 0.0640625
0 0.48515625 0.14765625 0.0640625 0.0625
0 0.11171875 0.10625 0.0625 0.0640625
0 0.66328125 0.6515625 0.0640625 0.0640625
0 0.16953125 0.66015625 0.0640625 0.0640625
0 0.7484375 0.38203125 0.0625 0.0609375
0 0.33671875 0.5546875 0.0625 0.0625
0 0.56484375 0.50234375 0.0625 0.0625
0 0.9453125 0.63828125 0.065625 0.0640625
0 0.6921875 0.4890625 0.0625 0.0625
0 0.0328125 0.2125 0.0640625 0.0625
0 0.96171875 0.26875 0.059375 0.0578125
0 0.49140625 0.6328125 0.0609375 0.0640625
0 0.33203125 0.31171875 0.0625 0.0609375
0 0.84765625 0.32734375 0.0640625 0.065625
0 0.390625 0.4375 0.065625 0.065625
0 0.175 0.784375 0.0609375 0.0609375
0 0.58125 0.55859375 0.065625 0.059375
0 0.97890625 0.71171875 0.0421875 0.0609375
0 0.034375 0.3359375 0.0625 0.0625
0 0.9296875 0.43203125 0.0625 0.0625
0 0.12265625 0.1984375 0.0640625 0.0640625
0 0.421875 0.13359375 0.0640625 0.0625
0 0.975 0.478125 0.05 0.059375
0 0.03125 0.54140625 0.0609375 0.0609375
0 0.66328125 0.54921875 0.0625 0.0640625
0 0.02109375 0.28125 0.0421875 0.059375
0 0.45234375 0.0875 0.0609375 0.0625
0 0.69453125 0.59765625 0.0640625 0.0625
0 0.6796875 0.77421875 0.0640625 0.0640625
0 0.98203125 0.4171875 0.0328125 0.0609375
0 0.45546875 0.44453125 0.0640625 0.0640625
0 0.85390625 0.5265625 0.0625 0.0640625
0 0.55625 0.384375 0.0640625 0.0640625
0 0.62265625 0.6 0.065625 0.0625
0 0.075 0.38828125 0.0625 0.0625
0 0.55078125 0.15703125 0.0640625 0.059375
0 0.3109375 0.665625 0.0640625 0.065625
0 0.7078125 0.71015625 0.0640625 0.0640625
0 0.90234375 0.56953125 0.0640625 0.065625
0 0.95078125 0.75625 0.0625 0.065625
0 0.68359375 0.05390625 0.0625 0.0625
0 0.74609375 0.0578125 0.0625 0.0625
0 0.80625 0.2671875 0.0625 0.0609375
0 0.790625 0.53125 0.0640625 0.0640625
0 0.1375 0.6140625 0.0625 0.0609375
0 0.15625 0.14375 0.065625 0.0625
0 0.01953125 0.6140625 0.0328125 0.0625
0 0.23671875 0.7796875 0.0640625 0.065625
0 0.803125 0.65078125 0.0640625 0.0640625
0 0.9015625 0.48828125 0.0625 0.0625
0 0.9671875 0.190625 0.046875 0.0625
0 0.2328125 0.16171875 0.0640625 0.0625
0 0.18671875 0.20390625 0.0625 0.0609375
0 0.0953125 0.54453125 0.0625 0.0609375
0 0.21484375 0.60546875 0.0625 0.0640625
0 0.5765625 0.1 0.0625 0.0625
0 0.52578125 0.31875 0.0640625 0.0640625
0 0.74140625 0.2625 0.065625 0.0625
0 0.59765625 0.653125 0.0640625 0.0625
0 0.82890625 0.58984375 0.0671875 0.0640625
0 0.48203125 0.03125 0.0609375 0.0578125
0 0.7140625 0.10859375 0.0609375 0.0578125
0 0.1890625 0.4421875 0.0640625 0.0640625
0 0.275 0.5515625 0.0640625 0.0640625
0 0.37734375 0.49453125 0.0625 0.0625
0 0.0078125 0.11171875 0.015625 0.0609375
0 0.784375 0.82265625 0.0640625 0.0609375
0 0.10234375 0.31875 0.0640625 0.0640625
0 0.37890625 0.6703125 0.0625 0.065625
0 0.86328125 0.4359375 0.0640625 0.0609375
0 0.1375 0.37265625 0.0640625 0.0640625
0 0.215625 0.52890625 0.0625 0.0640625
0 0.95 0.5328125 0.065625 0.0625
0 0.6859375 0.38984375 0.06875 0.065625
0 0.165625 0.565625 0.0640625 0.0640625
0 0.3640625 0.25859375 0.0640625 0.0640625
0 0.19765625 0.378125 0.0609375 0.0640625
0 0.65390625 0.32734375 0.0625 0.0640625
0 0.64921875 0.725 0.0609375 0.0625
0 0.396875 0.2015625 0.0640625 0.0671875
0 0.34453125 0.096875 0.0640625 0.0609375
0 0.39921875 0.0609375 0.0640625 0.0609375
0 0.6171875 0.05 0.0640625 0.0609375
0 0.915625 0.309375 0.0640625 0.0640625
0 0.625 0.49453125 0.0625 0.059375
0 0.82265625 0.3890625 0.0625 0.0609375
0 0.3015625 0.36171875 0.0609375 0.0625
0 0.784375 0.32734375 0.0640625 0.065625
0 0.68125 0.1625 0.0625 0.0609375
0 0.34609375 0.85234375 0.0625 0.0640625
0 0.025 0.04609375 0.05 0.0609375
0 0.62109375 0.27578125 0.0625 0.0609375
0 0.5203125 0.2046875 0.0625 0.065625
0 0.778125 0.2125 0.0640625 0.059375
0 0.54453125 0.04296875 0.0640625 0.0609375
0 0.6546875 0.834375 0.0640625 0.0640625
0 0.01953125 0.15546875 0.0390625 0.0609375
0 0.721875 0.82578125 0.0625 0.0640625
0 0.94296875 0.36875 0.0640625 0.0625
0 0.178125 0.315625 0.0640625 0.0625
0 0.49140625 0.2640625 0.0625 0.0609375
0 0.3609375 0.36640625 0.0625 0.0640625
0 0.35859375 0.6078125 0.0640625 0.0609375
0 0.9890625 0.64921875 0.021875 0.0640625
0 0.53359375 0.78046875 0.0671875 0.0609375
0 0.434375 0.6234375 0.0625 0.0640625
0 0.20234375 0.83203125 0.0640625 0.059375
0 0.8140625 0.4703125 0.0625 0.059375
0 0.353125 0.146875 0.065625 0.0578125
0 0.98046875 0.3296875 0.0296875 0.0671875
0 0.6203125 0.37734375 0.0625 0.0609375
0 0.65625 0.4421875 0.0609375 0.0609375
0 0.71796875 0.32734375 0.0640625 0.0640625
0 0.27265625 0.8421875 0.0640625 0.065625
0 0.68203125 0.2671875 0.0640625 0.0625
0 0.315625 0.49296875 0.0625 0.0625
0 0.25703125 0.4765625 0.0609375 0.0640625
0 0.2859375 0.2609375 0.065625 0.0625
0 0.86796875 0.25625 0.0640625 0.0625
0 0.5890625 0.21953125 0.0671875 0.065625
0 0.40703125 0.8390625 0.0609375 0.0625
0 0.55390625 0.2640625 0.0640625 0.0640625
1 0.91015625 0.69375 0.0609375 0.053125
0 0.5859375 0.01171875 0.065625 0.0234375
0 0.65 0.21484375 0.0609375 0.0609375
0 0.75625 0.57734375 0.0640625 0.0625
0 0.8078125 0.0375 0.059375 0.0640625
0 0.78203125 0.4328125 0.0625 0.0609375
0 0.96953125 0.1265625 0.0375 0.065625
0 0.2546875 0.4125 0.0625 0.059375
0 0.9078125 0.02890625 0.059375 0.0578125
1 0.2046875 0.71796875 0.0546875 0.0578125
0 0.59296875 0.4484375 0.065625 0.0625
0 0.28515625 0.025 0.0640625 0.0375
0 0.8640625 0.2 0.0640625 0.0578125
0 0.45078125 0.6796875 0.065625 0.0625
0 0.64765625 0.0140625 0.0671875 0.028125
0 0.91953125 0.1015625 0.0625 0.0609375
0 0.2765625 0.6109375 0.0609375 0.0578125
0 0.62109375 0.15703125 0.0640625 0.0609375
0 0.78984375 0.10625 0.06875 0.059375
0 0.075 0.24375 0.0609375 0.0578125
1 0.31640625 0.42109375 0.065625 0.0578125
1 0.4875 0.83984375 0.0625 0.0671875
0 0.0953125 0.040625 0.0625 0.0546875
0 0.4015625 0.01640625 0.065625 0.028125
1 0.44765625 0.78671875 0.0671875 0.05625
1 0.3046875 0.7859375 0.05625 0.0515625
0 0.64921875 0.1 0.065625 0.0609375
1 0.46484375 0.565625 0.0640625 0.0625
0 0.51875 0.00625 0.059375 0.0125
1 0.1390625 0.8390625 0.0609375 0.059375
0 0.80703125 0.16171875 0.065625 0.0609375
0 0.1203125 0.4234375 0.0625 0.05625
1 0.23125 0.65859375 0.0625 0.053125
0 0.196875 0.09609375 0.0640625 0.0578125
0 0.96328125 0.06640625 0.0453125 0.059375
0 0.921875 0.22421875 0.0625 0.0578125
0 0.34140625 0.03125 0.0578125 0.053125
0 0.25 0.3359375 0.0609375 0.0640625
1 0.13984375 0.71875 0.05625 0.053125
0 0.9140625 0.16796875 0.059375 0.059375
0 0.7140625 0.4328125 0.065625 0.0578125
1 0.6078125 0.775 0.0703125 0.059375
1 0.9078125 0.809375 0.0546875 0.0546875
0 0.2796875 0.07578125 0.0609375 0.0546875
1 0.96953125 0.8125 0.0609375 0.053125
0 0.86640625 0.13828125 0.0625 0.0609375
1 0.8078125 0.75390625 0.0625 0.0609375
0 0.74296875 0.1546875 0.0609375 0.059375
0 0.990625 0.75703125 0.01875 0.0515625
1 0.075 0.840625 0.05625 0.0546875
1 0.57578125 0.7234375 0.0578125 0.0609375
0 0.85625 0.0671875 0.0640625 0.05625
1 0.04609375 0.78828125 0.0625 0.0546875
0 0.159375 0.01953125 0.0734375 0.01875
1 0.96171875 0.01640625 0.0421875 0.0328125
0 0.003125 0.32890625 0.00625 0.0640625
0 0.04765625 0.0203125 0.0546875 0.0109375
1 0.49375 0.38046875 0.0609375 0.040625
0 0.74296875 0.01015625 0.0609375 0.0203125
0 0.85859375 0.0125 0.0484375 0.025
0 0.28671875 0.11875 0.0609375 0.04375