1 0.70390625 0.05234375 0.1296875 0.0859375
1 0.703125 0.1421875 0.1421875 0.096875
0 0.946875 0.56015625 0.10625 0.1296875
0 0.95078125 0.2578125 0.0984375 0.11875
0 0.77578125 0.56171875 0.1078125 0.1171875
0 0.92109375 0.15 0.1078125 0.1140625
0 0.8671875 0.7703125 0.109375 0.1234375
1 0.8234375 0.140625 0.1203125 0.1
0 0.8671875 0.62734375 0.1078125 0.1234375
0 0.94296875 0.696875 0.090625 0.1328125
1 0.59609375 0.14296875 0.1109375 0.1
1 0.77109375 0.2171875 0.115625 0.084375
0 0.79140625 0.30625 0.0953125 0.115625
1 0.2578125 0.03125 0.109375 0.0625
1 0.6734375 0.2203125 0.10625 0.0921875
0 0.58125 0.95625 0.10625 0.0875
1 0.5546875 0.48203125 0.08125 0.0765625
1 0.40234375 0.26171875 0.0875 0.0875
1 0.81171875 0.05390625 0.1234375 0.075
0 0.34375 0.8921875 0.1046875 0.1140625
0 0.78125 0.83359375 0.1140625 0.1203125
0 0.965625 0.43203125 0.06875 0.1140625
1 0.296875 0.0890625 0.0859375 0.0875
1 0.353125 0.03984375 0.090625 0.0796875
1 0.29140625 0.178125 0.084375 0.084375
1 0.17890625 0.58125 0.1046875 0.109375
1 0.603125 0.04140625 0.1015625 0.0765625
1 0.2828125 0.25390625 0.0859375 0.0859375
1 0.8671875 0.2390625 0.0890625 0.096875
1 0.36953125 0.18515625 0.0875 0.0859375
0 0.984375 0.0875 0.03125 0.109375
1 0.92109375 0.06015625 0.121875 0.071875
0 0.88203125 0.35859375 0.1078125 0.115625
1 0.115625 0.53203125 0.075 0.0765625
1 0.47890625 0.234375 0.08125 0.09375
0 0.68125 0.76640625 0.1046875 0.1171875
0 0.67265625 0.8921875 0.1125 0.1203125
1 0.0890625 0.746875 0.06875 0.0796875
1 0.09453125 0.6171875 0.0828125 0.0859375
0 0.68203125 0.62890625 0.109375 0.121875
1 0.02578125 0.75625 0.0515625 0.0875
0 0.68203125 0.9765625 0.1140625 0.046875
1 0.5109375 0.3171875 0.0984375 0.090625
1 0.13984375 0.68359375 0.078125 0.0890625
0 0.76015625 0.7015625 0.115625 0.1390625
1 0.32109375 0.59765625 0.0890625 0.103125
0 0.646875 0.5046875 0.1234375 0.121875
1 0.34140625 0.40390625 0.109375 0.103125
0 0.85546875 0.4953125 0.1109375 0.1234375
1 0.1671875 0.11875 0.084375 0.090625
1 0.1984375 0.49375 0.090625 0.0890625
1 0.59375 0.4140625 0.0953125 0.0875
1 0.49609375 0.41796875 0.134375 0.1140625
1 0.1125 0.38203125 0.0765625 0.065625
1 0.70078125 0.3015625 0.10625 0.0875
0 0.790625 0.94921875 0.11875 0.1015625
0 0.290625 0.95703125 0.1328125 0.06875
1 0.3390625 0.31171875 0.096875 0.0859375
1 0.42421875 0.01171875 0.0984375 0.0234375
1 0.37578125 0.1109375 0.0734375 0.0625
1 0.25625 0.8890625 0.1125 0.090625
1 0.2078125 0.228125 0.090625 0.1078125
0 0.5578125 0.8578125 0.1265625 0.1203125
0 0.4328125 0.840625 0.10625 0.1203125
1 0.675 0.37890625 0.0984375 0.09375
1 0.19453125 0.409375 0.0921875 0.08125
1 0.54296875 0.11015625 0.1 0.103125
1 0.0375 0.68125 0.075 0.071875
1 0.4515625 0.14609375 0.090625 0.0859375
1 0.5125 0.0265625 0.09375 0.053125
1 0.0421875 0.39765625 0.0734375 0.0796875
1 0.4375 0.35 0.0953125 0.0984375
1 0.2578125 0.55 0.0765625 0.0828125
0 0.43359375 0.953125 0.1140625 0.09375
1 0.6015625 0.32578125 0.103125 0.09375
1 0.36875 0.67109375 0.0890625 0.1
0 0.89921875 0.90234375 0.1109375 0.125
1 0.13359375 0.8125 0.0890625 0.090625
1 0.39765625 0.465625 0.1140625 0.1109375
1 0.12734375 0.2015625 0.075 0.1015625
0 0.9125 0.990625 0.109375 0.01875
0 0.9375 0.86484375 0.084375 0.115625
0 0.73359375 0.43671875 0.115625 0.1203125
0 0.4984375 0.60234375 0.0984375 0.10625
0 0.45859375 0.7 0.09375 0.103125
0 0.5546875 0.72421875 0.1078125 0.1125
1 0.11953125 0.30078125 0.0734375 0.0859375
1 0.04453125 0.2984375 0.0703125 0.1078125
1 0.13828125 0.0390625 0.0828125 0.078125
1 0.19921875 0.32734375 0.075 0.084375
1 0.26484375 0.36953125 0.0625 0.078125
1 0.265625 0.453125 0.0625 0.08125
1 0.32421875 0.50859375 0.0765625 0.065625
1 0.390625 0.56328125 0.059375 0.075
1 0.46796875 0.5140625 0.0859375 0.0734375
1 0.44453125 0.06953125 0.084375 0.0796875
1 0.11171875 0.91328125 0.0765625 0.0953125
1 0.04375 0.8546875 0.0796875 0.08125
1 0.04921875 0.94375 0.071875 0.05625
1 0.21171875 0.74921875 0.0546875 0.075
1 0.21171875 0.82734375 0.078125 0.0640625
1 0.21171875 0.6765625 0.0671875 0.0765625
1 0.28515625 0.715625 0.0765625 0.0734375
1 0.29140625 0.80625 0.071875 0.0875
1 0.37109375 0.76328125 0.0875 0.0609375
1 0.02890625 0.57578125 0.0578125 0.0859375
1 0.08515625 0.47265625 0.0875 0.0671875
0 0.05390625 0.18203125 0.071875 0.103125
0 0.0875 0.04296875 0.09375 0.0859375
1 0.56953125 0.24765625 0.10625 0.0765625
1 0.41796875 0.609375 0.0609375 0.08125
1 0.184375 0.95546875 0.078125 0.0515625