0 0.0859375 0.9765625 0.040625 0.046875
0 0.13203125 0.975 0.0546875 0.05
0 0.09609375 0.9359375 0.0578125 0.0578125
0 0.07265625 0.89921875 0.0375 0.05
0 0.1125 0.890625 0.053125 0.0546875
0 0.08046875 0.85546875 0.05625 0.0546875
0 0.06171875 0.821875 0.0390625 0.0484375
0 0.0625 0.77421875 0.05 0.0546875
0 0.04140625 0.73671875 0.028125 0.05
0 0.04609375 0.69296875 0.0515625 0.0546875
0 0.08125 0.73203125 0.0546875 0.053125
0 0.02734375 0.65546875 0.0234375 0.046875
0 0.0328125 0.6109375 0.05 0.0546875
0 0.05546875 0.5765625 0.05625 0.05625
0 0.02421875 0.534375 0.0484375 0.053125
0 0.07265625 0.53046875 0.0546875 0.0546875
0 0.009375 0.5 0.01875 0.046875
0 0.03984375 0.49296875 0.053125 0.0515625
0 0.08828125 0.4859375 0.05625 0.053125
0 0.00546875 0.41875 0.0109375 0.05
0 0.02265625 0.45546875 0.0453125 0.0546875
0 0.06953125 0.45703125 0.0578125 0.053125
0 0.3765625 0.9921875 0.05 0.015625
0 0.425 0.9859375 0.053125 0.028125
0 0.4734375 0.98359375 0.053125 0.0328125
0 0.52109375 0.97890625 0.0546875 0.0421875
0 0.571875 0.97578125 0.05625 0.0453125
0 0.621875 0.96640625 0.0546875 0.0484375
0 0.66796875 0.95859375 0.0515625 0.0484375
0 0.71171875 0.94765625 0.0515625 0.05625
0 0.759375 0.93828125 0.0578125 0.053125
0 0.80859375 0.9296875 0.053125 0.0546875
0 0.8546875 0.92265625 0.0515625 0.053125
0 0.9015625 0.9109375 0.0546875 0.0515625
0 0.94765625 0.90234375 0.053125 0.0515625
0 0.98203125 0.8890625 0.0359375 0.053125
0 0.1578125 0.99296875 0.053125 0.0140625
0 0.20234375 0.98671875 0.0515625 0.0265625
0 0.2453125 0.9796875 0.053125 0.040625
0 0.29453125 0.97734375 0.0546875 0.0453125
0 0.3453125 0.97265625 0.05625 0.0546875
0 0.39375 0.96328125 0.0515625 0.0515625
0 0.44765625 0.9625 0.05625 0.0515625
0 0.49609375 0.953125 0.05 0.0515625
0 0.53671875 0.93828125 0.05 0.05
0 0.58046875 0.9296875 0.0546875 0.0515625
0 0.62890625 0.91796875 0.0546875 0.05
0 0.68046875 0.91484375 0.0546875 0.0546875
0 0.73515625 0.90859375 0.0546875 0.0515625
0 0.7796875 0.89765625 0.0515625 0.0515625
0 0.82421875 0.88671875 0.0515625 0.0515625
0 0.8671875 0.87421875 0.0515625 0.05
0 0.9125 0.8640625 0.0578125 0.05
0 0.96484375 0.859375 0.0546875 0.0546875
0 0.99296875 0.846875 0.0140625 0.05
0 0.175 0.96484375 0.0515625 0.0546875
0 0.22578125 0.96015625 0.05 0.0484375
0 0.26953125 0.94609375 0.053125 0.0546875
0 0.31640625 0.940625 0.05625 0.0546875
0 0.36328125 0.93046875 0.0515625 0.05625
0 0.409375 0.92265625 0.05625 0.053125
0 0.45703125 0.91328125 0.053125 0.0546875
0 0.50390625 0.90390625 0.0515625 0.05
0 0.55 0.89453125 0.0515625 0.053125
0 0.6 0.88515625 0.053125 0.0515625
0 0.6453125 0.87421875 0.0515625 0.053125
0 0.6921875 0.865625 0.0578125 0.05625
0 0.740625 0.85703125 0.053125 0.0546875
0 0.1453125 0.9296875 0.0546875 0.05625
0 0.190625 0.9203125 0.0515625 0.0578125
0 0.23828125 0.91015625 0.05625 0.053125
0 0.2859375 0.90390625 0.053125 0.053125
0 0.33046875 0.8921875 0.053125 0.0546875
0 0.38359375 0.88828125 0.0546875 0.05
0 0.4265625 0.8765625 0.053125 0.0546875
0 0.47734375 0.86953125 0.0515625 0.0484375
0 0.52578125 0.86171875 0.0546875 0.05
0 0.57265625 0.853125 0.0546875 0.0515625
0 0.61796875 0.8390625 0.0515625 0.0546875
0 0.6625 0.828125 0.0578125 0.0546875
0 0.7125 0.821875 0.05625 0.05625
0 0.75625 0.8125 0.053125 0.0546875
0 0.159375 0.8828125 0.053125 0.053125
0 0.20625 0.871875 0.0546875 0.0546875
0 0.2515625 0.865625 0.0546875 0.0546875
0 0.2984375 0.85625 0.0546875 0.053125
0 0.35234375 0.85546875 0.05625 0.053125
0 0.396875 0.8421875 0.053125 0.053125
0 0.44453125 0.83125 0.0546875 0.053125
0 0.4953125 0.82734375 0.0546875 0.0546875
0 0.5375 0.81328125 0.053125 0.0515625
0 0.59140625 0.8140625 0.0515625 0.0546875
0 0.6328125 0.79453125 0.0546875 0.05
0 0.68125 0.78515625 0.0515625 0.0546875
0 0.728125 0.7765625 0.0515625 0.053125
0 0.12734375 0.8453125 0.0515625 0.05
0 0.17265625 0.8359375 0.053125 0.0546875
0 0.2203125 0.82734375 0.05625 0.053125
0 0.26875 0.81875 0.0515625 0.0546875
0 0.31796875 0.8125 0.0546875 0.0546875
0 0.365625 0.809375 0.0546875 0.0546875
0 0.41171875 0.7984375 0.0546875 0.05
0 0.4609375 0.79140625 0.053125 0.0546875
0 0.50703125 0.77734375 0.053125 0.053125
0 0.55390625 0.7703125 0.0546875 0.0546875
0 0.6015625 0.76015625 0.0546875 0.0546875
0 0.65546875 0.75625 0.059375 0.0578125
0 0.70234375 0.74453125 0.053125 0.05
0 0.74765625 0.73515625 0.05625 0.0578125
0 0.1 0.81328125 0.053125 0.05
0 0.146875 0.80078125 0.0515625 0.0515625
0 0.19375 0.790625 0.0578125 0.0578125
0 0.2421875 0.7859375 0.0515625 0.0484375
0 0.28828125 0.77734375 0.0515625 0.0546875
0 0.33515625 0.771875 0.053125 0.053125
0 0.3828125 0.7640625 0.0546875 0.0515625
0 0.43125 0.7546875 0.05 0.0515625
0 0.47421875 0.74296875 0.0515625 0.0546875
0 0.5296875 0.73671875 0.053125 0.0515625
0 0.57578125 0.7296875 0.0546875 0.053125
0 0.62265625 0.715625 0.0546875 0.0515625
0 0.66796875 0.7109375 0.053125 0.0546875
0 0.71328125 0.69765625 0.0515625 0.053125
0 0.1140625 0.771875 0.0546875 0.053125
0 0.1609375 0.75703125 0.053125 0.0546875
0 0.2078125 0.746875 0.0515625 0.0546875
0 0.25703125 0.74296875 0.0546875 0.053125
0 0.303125 0.734375 0.0546875 0.05
0 0.35625 0.7296875 0.053125 0.0546875
0 0.40390625 0.7203125 0.0546875 0.0546875
0 0.45 0.7109375 0.0515625 0.0484375
0 0.49140625 0.696875 0.05625 0.053125
0 0.540625 0.68828125 0.0546875 0.0546875
0 0.58828125 0.6796875 0.053125 0.05
0 0.6375 0.6734375 0.05625 0.0546875
0 0.6875 0.6671875 0.0546875 0.053125
0 0.12734375 0.7234375 0.05 0.053125
0 0.17578125 0.71328125 0.059375 0.053125
0 0.22734375 0.7046875 0.0546875 0.0546875
0 0.2765625 0.703125 0.059375 0.0546875
0 0.3265625 0.69609375 0.0546875 0.05625
0 0.3734375 0.68359375 0.0515625 0.053125
0 0.41796875 0.67265625 0.0546875 0.053125
0 0.4640625 0.66171875 0.0703125 0.071875
0 0.50859375 0.65390625 0.05 0.05
0 0.55703125 0.6453125 0.05625 0.053125
0 0.609375 0.63359375 0.0875 0.08125
0 0.65546875 0.628125 0.0515625 0.053125
0 0.70078125 0.62109375 0.0578125 0.059375
0 0.790625 0.8484375 0.0828125 0.084375
0 0.8359375 0.8390625 0.0546875 0.0515625
0 0.88203125 0.83046875 0.053125 0.0515625
0 0.9296875 0.82265625 0.053125 0.0515625
0 0.97421875 0.8109375 0.0515625 0.053125
0 0.80234375 0.803125 0.0546875 0.053125
0 0.85 0.7953125 0.05625 0.0546875
0 0.8984375 0.78515625 0.0578125 0.0546875
0 0.94609375 0.77890625 0.05 0.0515625
0 0.98203125 0.76171875 0.0359375 0.0546875
0 0.7796875 0.7671875 0.0765625 0.0734375
0 0.81953125 0.7578125 0.053125 0.053125
0 0.8703125 0.7546875 0.0546875 0.053125
0 0.91640625 0.73828125 0.05625 0.0515625
0 0.9625 0.7265625 0.053125 0.0546875
0 0.9890625 0.7140625 0.021875 0.05
0 0.79140625 0.7203125 0.053125 0.05
0 0.83671875 0.71484375 0.0546875 0.053125
0 0.884375 0.7046875 0.0546875 0.053125
0 0.93046875 0.69140625 0.05 0.053125
0 0.97421875 0.68046875 0.0515625 0.0515625
0 0.75703125 0.690625 0.0546875 0.0515625
0 0.80546875 0.67734375 0.0546875 0.05
0 0.85234375 0.66875 0.05625 0.05625
0 0.9 0.6546875 0.0546875 0.053125
0 0.953125 0.65546875 0.0546875 0.0546875
0 0.98203125 0.63671875 0.0359375 0.0515625
0 0.73203125 0.65703125 0.0546875 0.0515625
0 0.77734375 0.64375 0.0546875 0.0546875
0 0.8234375 0.63125 0.0515625 0.053125
0 0.87109375 0.6234375 0.0546875 0.05
0 0.91484375 0.60703125 0.05 0.0546875
0 0.96328125 0.59921875 0.0546875 0.0546875
0 0.99296875 0.59375 0.0140625 0.05
0 0.7453125 0.6078125 0.0546875 0.0515625
0 0.79375 0.59609375 0.059375 0.0546875
0 0.8375 0.584375 0.053125 0.05
0 0.88984375 0.58046875 0.05 0.0484375
0 0.934375 0.56875 0.0515625 0.0546875
0 0.978125 0.5609375 0.04375 0.053125
0 0.98125 0.50859375 0.0375 0.0546875
0 0.965625 0.47734375 0.053125 0.0546875
0 0.97578125 0.4328125 0.046875 0.0546875
0 0.94921875 0.396875 0.053125 0.0515625
0 0.9640625 0.35703125 0.046875 0.0546875
0 0.93515625 0.31953125 0.053125 0.0546875
0 0.946875 0.2734375 0.053125 0.0546875
0 0.09765625 0.68828125 0.059375 0.05625
0 0.1484375 0.68203125 0.0546875 0.0546875
0 0.19609375 0.6703125 0.0546875 0.05625
0 0.2421875 0.66171875 0.0515625 0.0546875
0 0.29140625 0.6546875 0.0546875 0.0546875
0 0.33828125 0.64765625 0.053125 0.053125
0 0.38671875 0.63828125 0.0546875 0.053125
0 0.43125 0.6296875 0.053125 0.0546875
0 0.47734375 0.62109375 0.0515625 0.053125
0 0.52578125 0.6109375 0.05625 0.053125
0 0.57578125 0.6046875 0.0546875 0.0546875
0 0.62109375 0.59375 0.0515625 0.053125
0 0.6671875 0.584375 0.0546875 0.0515625
0 0.715625 0.5734375 0.0546875 0.05625
0 0.0671875 0.65625 0.05625 0.0546875
0 0.11640625 0.64296875 0.05625 0.05625
0 0.16875 0.640625 0.075 0.0796875
0 0.2140625 0.625 0.0546875 0.0515625
0 0.26171875 0.62109375 0.0515625 0.05
0 0.30859375 0.609375 0.0546875 0.053125
0 0.35859375 0.60703125 0.046875 0.046875
0 0.40078125 0.5921875 0.05 0.0546875
0 0.446875 0.58515625 0.0546875 0.0546875
0 0.4953125 0.5765625 0.05625 0.053125
0 0.54375 0.56796875 0.0515625 0.0515625
0 0.5890625 0.55859375 0.0515625 0.0515625
0 0.6359375 0.5484375 0.05625 0.0515625
0 0.6828125 0.53515625 0.053125 0.0546875
0 0.07890625 0.60703125 0.053125 0.053125
0 0.13125 0.59921875 0.0546875 0.05
0 0.18359375 0.59296875 0.0546875 0.0546875
0 0.23125 0.58515625 0.0546875 0.053125
0 0.2796875 0.57578125 0.053125 0.0515625
0 0.3265625 0.56953125 0.0546875 0.053125
0 0.3734375 0.5578125 0.053125 0.05
0 0.41953125 0.54765625 0.0546875 0.053125
0 0.4671875 0.540625 0.0546875 0.0515625
0 0.51328125 0.53359375 0.0546875 0.0546875
0 0.559375 0.5203125 0.0515625 0.053125
0 0.60390625 0.51171875 0.0546875 0.053125
0 0.64921875 0.50390625 0.0546875 0.053125
0 0.69453125 0.48984375 0.0546875 0.053125
0 0.1 0.565625 0.0546875 0.053125
0 0.1546875 0.55859375 0.0515625 0.053125
0 0.203125 0.55078125 0.0546875 0.0546875
0 0.25078125 0.54296875 0.0546875 0.0546875
0 0.29765625 0.53359375 0.0546875 0.0546875
0 0.34609375 0.53046875 0.05625 0.0546875
0 0.390625 0.5140625 0.0515625 0.0515625
0 0.4390625 0.50703125 0.0515625 0.05
0 0.48203125 0.49921875 0.05 0.053125
0 0.52578125 0.48828125 0.053125 0.053125
0 0.57265625 0.4765625 0.05625 0.053125
0 0.62109375 0.4671875 0.05625 0.05625
0 0.66640625 0.459375 0.0546875 0.0515625
0 0.12421875 0.528125 0.0578125 0.0546875
0 0.17421875 0.5203125 0.0546875 0.0515625
0 0.21953125 0.5046875 0.05625 0.0578125
0 0.26953125 0.496875 0.05625 0.0546875
0 0.31640625 0.49296875 0.0515625 0.0546875
0 0.36171875 0.48203125 0.0515625 0.0546875
0 0.41015625 0.47578125 0.053125 0.0515625
0 0.453125 0.4640625 0.0515625 0.0515625
0 0.4953125 0.453125 0.053125 0.053125
0 0.5421875 0.44453125 0.053125 0.0546875
0 0.58984375 0.42890625 0.0796875 0.078125
0 0.6359375 0.42265625 0.05 0.0515625
0 0.68046875 0.409375 0.053125 0.05
0 0.13515625 0.48046875 0.0515625 0.0546875
0 0.1828125 0.47109375 0.053125 0.0546875
0 0.2390625 0.46328125 0.0515625 0.0515625
0 0.28515625 0.4546875 0.05 0.0515625
0 0.3328125 0.44609375 0.053125 0.05
0 0.378125 0.4375 0.053125 0.0546875
0 0.42109375 0.428125 0.05 0.053125
0 0.465625 0.4140625 0.053125 0.0515625
0 0.5125 0.40625 0.053125 0.0515625
0 0.5578125 0.3953125 0.053125 0.053125
0 0.25859375 0.40859375 0.059375 0.0578125
0 0.346875 0.40234375 0.0515625 0.0546875
0 0.39140625 0.39453125 0.0546875 0.0515625
0 0.43984375 0.3828125 0.053125 0.0546875
0 0.484375 0.36796875 0.05625 0.0578125
0 0.56796875 0.34453125 0.0546875 0.05625
0 0.60234375 0.3828125 0.053125 0.059375
0 0.6203125 0.34140625 0.053125 0.0546875
0 0.66328125 0.32578125 0.053125 0.05625
0 0.70078125 0.30703125 0.0546875 0.05625
0 0.65078125 0.378125 0.0546875 0.053125
0 0.69609375 0.3640625 0.053125 0.0546875
0 0.76171875 0.5625 0.0515625 0.053125
0 0.80625 0.55 0.053125 0.05
0 0.85625 0.54609375 0.0515625 0.0546875
0 0.90234375 0.53125 0.053125 0.0546875
0 0.95 0.52421875 0.05625 0.05625
0 0.7296875 0.52578125 0.05625 0.05625
0 0.77265625 0.515625 0.05 0.053125
0 0.81953125 0.50390625 0.05 0.0515625
0 0.86953125 0.490625 0.05625 0.053125
0 0.91875 0.4859375 0.0546875 0.053125
0 0.7421875 0.4828125 0.0546875 0.0546875
0 0.7890625 0.46953125 0.053125 0.0546875
0 0.83203125 0.45703125 0.053125 0.0546875
0 0.88515625 0.4484375 0.0515625 0.0546875
0 0.93515625 0.44296875 0.0546875 0.0515625
0 0.71015625 0.44453125 0.05 0.0515625
0 0.75390625 0.43359375 0.0515625 0.05
0 0.79921875 0.421875 0.059375 0.053125
0 0.85546875 0.4171875 0.053125 0.053125
0 0.9046875 0.409375 0.05625 0.053125
0 0.72890625 0.4 0.053125 0.0546875
0 0.77265625 0.3875 0.0546875 0.0515625
0 0.81953125 0.3765625 0.0546875 0.053125
0 0.87109375 0.37421875 0.0578125 0.0546875
0 0.92109375 0.36484375 0.0546875 0.053125
0 0.7421875 0.353125 0.053125 0.0546875
0 0.7875 0.34375 0.053125 0.0515625
0 0.83515625 0.3328125 0.0546875 0.053125
0 0.88359375 0.3265625 0.0546875 0.053125
0 0.90234375 0.284375 0.0546875 0.0546875
0 0.85390625 0.28828125 0.0546875 0.0578125
0 0.80625 0.29921875 0.059375 0.053125
0 0.76015625 0.3078125 0.053125 0.0546875