1 0.85546875 0.05703125 0.1703125 0.1140625
1 0.6890625 0.07890625 0.215625 0.1578125
1 0.8078125 0.16953125 0.2140625 0.2484375
1 0.90703125 0.26796875 0.1515625 0.2046875
1 0.89375 0.878125 0.20625 0.1578125
1 0.92734375 0.73515625 0.1453125 0.2109375
1 0.96015625 0.58515625 0.0796875 0.1984375
1 0.8953125 0.4375 0.209375 0.215625
1 0.84921875 0.615625 0.2078125 0.20625
1 0.784375 0.78203125 0.215625 0.209375
1 0.71015625 0.91328125 0.2015625 0.1453125
1 0.53828125 0.94375 0.1984375 0.1125
1 0.36875 0.96328125 0.184375 0.0734375
1 0.2 0.975 0.19375 0.05
1 0.1171875 0.9015625 0.1453125 0.196875
1 0.2578125 0.8796875 0.1953125 0.2078125
1 0.42578125 0.8828125 0.2109375 0.2078125
1 0.59921875 0.834375 0.2109375 0.20625
1 0.66328125 0.65703125 0.209375 0.196875
1 0.48671875 0.71328125 0.2125 0.221875
1 0.2890625 0.734375 0.2125 0.2109375
1 0.12265625 0.75859375 0.190625 0.20625
1 0.06640625 0.615625 0.1328125 0.196875
1 0.20546875 0.58828125 0.1921875 0.19375
1 0.3734375 0.57109375 0.209375 0.215625
1 0.540625 0.54375 0.2203125 0.215625
1 0.72890625 0.50546875 0.20625 0.209375
1 0.0984375 0.475 0.196875 0.24375
1 0.26640625 0.4375 0.1859375 0.2046875
1 0.42421875 0.40078125 0.1953125 0.2171875
1 0.59609375 0.39140625 0.2109375 0.2328125
1 0.77109375 0.3453125 0.2125 0.2125
1 0.640625 0.2171875 0.184375 0.2078125
1 0.521875 0.1 0.2125 0.2
1 0.478125 0.246875 0.2109375 0.209375
1 0.35078125 0.1109375 0.178125 0.20625
1 0.315625 0.28046875 0.2109375 0.228125
1 0.14296875 0.30703125 0.196875 0.209375
1 0.0390625 0.3515625 0.078125 0.2
1 0.06640625 0.1640625 0.1328125 0.215625
1 0.19296875 0.15859375 0.2125 0.21875