1 0.41328125 0.1265625 0.190625 0.1734375
1 0.24296875 0.12890625 0.1796875 0.1828125
1 0.2125 0.859375 0.196875 0.20625
1 0.45390625 0.42421875 0.19375 0.1921875
1 0.10625 0.709375 0.196875 0.2390625
1 0.25546875 0.42578125 0.19375 0.19375
1 0.51875 0.24375 0.1921875 0.190625
1 0.0859375 0.40703125 0.171875 0.1890625
1 0.33046875 0.25859375 0.1984375 0.1921875
1 0.296875 0.721875 0.1921875 0.196875
1 0.0703125 0.11484375 0.140625 0.1984375
1 0.36484375 0.55703125 0.19375 0.21875
1 0.14609375 0.25859375 0.1953125 0.221875
1 0.59140625 0.10078125 0.1921875 0.2015625
1 0.040625 0.54921875 0.08125 0.1921875
1 0.14140625 0.05 0.1796875 0.08125
1 0.18046875 0.5765625 0.178125 0.2
1 0.05703125 0.85625 0.0953125 0.1953125
1 0.1359375 0.95625 0.190625 0.0875
1 0.03046875 0.2875 0.0609375 0.18125
1 0.49296875 0.02734375 0.1921875 0.0546875
1 0.31328125 0.03125 0.1890625 0.05625
1 0.66796875 0.01875 0.2015625 0.0375
1 0.03125 0.95234375 0.034375 0.0953125