0 0.1421875 0.6546875 0.0484375 0.0484375
0 0.4125 0.8234375 0.0515625 0.05
0 0.24140625 0.715625 0.05 0.05
0 0.365625 0.5046875 0.046875 0.046875
0 0.21640625 0.7484375 0.05 0.05
0 0.08359375 0.30078125 0.05 0.05
0 0.1484375 0.8953125 0.05 0.0484375
0 0.01875 0.75078125 0.0375 0.0484375
0 0.1265625 0.31171875 0.05 0.05
0 0.28046875 0.91796875 0.05 0.05
0 0.13359375 0.4234375 0.0515625 0.05
0 0.234375 0.7875 0.05 0.05
0 0.16015625 0.3921875 0.05 0.05
0 0.16015625 0.82109375 0.05 0.05
0 0.01171875 0.8296875 0.0234375 0.05
0 0.5 0.71640625 0.05 0.0484375
0 0.37890625 0.7359375 0.05 0.05
0 0.35546875 0.890625 0.05 0.0484375
0 0.14453125 0.77890625 0.0484375 0.0484375
0 0.025 0.55625 0.05 0.05
0 0.303125 0.765625 0.0484375 0.0484375
0 0.253125 0.8328125 0.0484375 0.05
0 0.128125 0.6140625 0.0484375 0.0484375
0 0.18671875 0.78359375 0.05 0.05
0 0.4765625 0.36953125 0.05 0.05
0 0.72109375 0.32109375 0.053125 0.0546875
0 0.3203125 0.809375 0.0484375 0.05
0 0.44140625 0.7859375 0.05 0.0484375
0 0.3609375 0.69453125 0.05 0.05
0 0.17734375 0.86015625 0.05 0.05
0 0.32890625 0.92265625 0.05 0.0484375
0 0.15546875 0.46484375 0.0515625 0.0515625
0 0.30703125 0.88515625 0.05 0.05
0 0.528125 0.67734375 0.05 0.05
0 0.39453125 0.7796875 0.0515625 0.05
0 0.36640625 0.3859375 0.0484375 0.0484375
0 0.02734375 0.7953125 0.0484375 0.0484375
0 0.0875 0.72734375 0.0515625 0.0515625
0 0.3296875 0.3015625 0.0515625 0.053125
0 0.37109375 0.62109375 0.0484375 0.0484375
0 0.0203125 0.86875 0.040625 0.05
0 0.66796875 0.50625 0.0484375 0.0484375
0 0.28984375 0.29453125 0.0515625 0.0546875
0 0.30859375 0.33828125 0.05 0.05
0 0.0734375 0.80390625 0.05 0.05
0 0.440625 0.66328125 0.0515625 0.05
0 0.04296875 0.83828125 0.0484375 0.0484375
0 0.46640625 0.325 0.046875 0.0515625
0 0.0078125 0.5890625 0.015625 0.05
0 0.0703125 0.6828125 0.0515625 0.05
0 0.196875 0.47421875 0.05 0.05
0 0.2734375 0.68046875 0.0484375 0.0484375
0 0.04453125 0.296875 0.0328125 0.0453125
0 0.034375 0.48515625 0.05 0.05
0 0.515625 0.44921875 0.0515625 0.05
0 0.31953125 0.6875 0.0484375 0.05
0 0.1984375 0.7078125 0.046875 0.0484375
0 0.2390625 0.47890625 0.05 0.05
0 0.39375 0.353125 0.0484375 0.0484375
0 0.06875 0.26015625 0.0515625 0.0515625
0 0.3 0.5296875 0.0484375 0.05
0 0.12734375 0.73515625 0.05 0.0515625
0 0.1140625 0.5734375 0.0484375 0.0484375
0 0.18984375 0.3546875 0.0515625 0.05
0 0.37890625 0.859375 0.0484375 0.0484375
0 0.275 0.7984375 0.0484375 0.0484375
0 0.46640625 0.44453125 0.05 0.05
0 0.23671875 0.909375 0.05 0.05
0 0.11953125 0.50625 0.0515625 0.05
0 0.3625 0.8171875 0.05 0.05
0 0.21328125 0.32265625 0.046875 0.0484375
0 0.05546875 0.3359375 0.05 0.05
0 0.2234375 0.55390625 0.0484375 0.05
0 0.2046875 0.8265625 0.05 0.05
0 0.334375 0.853125 0.0484375 0.0484375
0 0.24375 0.2890625 0.0515625 0.053125
0 0.28828125 0.72421875 0.05 0.05
0 0.2296875 0.671875 0.05 0.05
0 0.4515625 0.40390625 0.05 0.05
0 0.06484375 0.44921875 0.05 0.05
0 0.01640625 0.63203125 0.0328125 0.0515625
0 0.29609375 0.840625 0.05 0.05
0 0.421875 0.43828125 0.05 0.05
0 0.3453125 0.6546875 0.0515625 0.0515625
0 0.284375 0.6046875 0.0484375 0.0484375
0 0.38359375 0.54375 0.05 0.05
0 0.19375 0.90390625 0.0484375 0.0484375
0 0.41171875 0.5140625 0.05 0.0484375
0 0.40546875 0.703125 0.05 0.0515625
0 0.13359375 0.853125 0.0484375 0.0484375
0 0.50625 0.33203125 0.053125 0.0515625
0 0.74765625 0.4078125 0.05 0.05
0 0.1796875 0.5484375 0.0484375 0.046875
0 0.39375 0.4703125 0.05 0.05
0 0.1015625 0.6453125 0.05 0.05
0 0.33203125 0.6125 0.0484375 0.0484375
0 0.08828125 0.84609375 0.05 0.05
0 0.39375 0.66015625 0.05 0.0515625
0 0.49921875 0.40703125 0.05 0.0484375
0 0.334375 0.72890625 0.0484375 0.0484375
0 0.34609375 0.7765625 0.05 0.05
0 0.3 0.65 0.0484375 0.0484375
0 0.56875 0.38359375 0.05 0.0484375
0 0.49296875 0.596875 0.0515625 0.05
0 0.21015625 0.5140625 0.05 0.05
0 0.43828125 0.36015625 0.0484375 0.0484375
0 0.35703125 0.5796875 0.046875 0.0484375
0 0.02109375 0.43984375 0.0421875 0.0484375
0 0.54140625 0.4140625 0.0484375 0.046875
0 0.06015625 0.7578125 0.05 0.0515625
0 0.428125 0.31640625 0.046875 0.053125
0 0.140625 0.53828125 0.0484375 0.0484375
0 0.38046875 0.43046875 0.0484375 0.05
0 0.68828125 0.36171875 0.05 0.05
0 0.11484375 0.26171875 0.0546875 0.0546875
0 0.2171875 0.86953125 0.0484375 0.0484375
0 0.1640625 0.5078125 0.05 0.0484375
0 0.46796875 0.753125 0.0515625 0.0515625
0 0.3 0.95234375 0.05 0.0390625
0 0.6734375 0.3171875 0.053125 0.053125
0 0.2875 0.48515625 0.05 0.05
0 0.76015625 0.3296875 0.0515625 0.053125
0 0.42421875 0.746875 0.05 0.05
0 0.05078125 0.40546875 0.0484375 0.0484375
0 0.14140625 0.35 0.05 0.0515625
0 0.21796875 0.63125 0.0484375 0.05
0 0.32421875 0.38203125 0.05 0.05
0 0.26328125 0.878125 0.0515625 0.0515625
0 0.096875 0.34609375 0.05 0.05
0 0.47109375 0.559375 0.05 0.0484375
0 0.26953125 0.565625 0.0515625 0.05
0 0.171875 0.73984375 0.0484375 0.0484375
0 0.61640625 0.575 0.05 0.0484375
0 0.1671875 0.62578125 0.0484375 0.05
0 0.54765625 0.53203125 0.05 0.05
0 0.01328125 0.5171875 0.0265625 0.05
0 0.5640625 0.4546875 0.0484375 0.0484375
0 0.34921875 0.35 0.05 0.05
0 0.159375 0.7015625 0.046875 0.05
0 0.28984375 0.4171875 0.0484375 0.0484375
0 0.24453125 0.596875 0.0484375 0.0484375
0 0.11953125 0.6890625 0.05 0.053125
0 0.0609375 0.8796875 0.0484375 0.0484375
0 0.40625 0.3984375 0.05 0.05
0 0.03984375 0.59453125 0.05 0.05
0 0.5859375 0.60546875 0.05 0.05
0 0.70546875 0.3984375 0.0484375 0.0484375
0 0.07109375 0.56484375 0.05 0.05
0 0.01015625 0.71171875 0.0203125 0.0484375
0 0.54453125 0.6 0.0484375 0.0484375
0 0.525 0.3765625 0.0515625 0.05
0 0.1140625 0.8140625 0.0484375 0.0484375
0 0.1015625 0.7703125 0.046875 0.0484375
0 0.1703125 0.3171875 0.05 0.0484375
0 0.32734375 0.4984375 0.046875 0.0484375
0 0.10546875 0.4609375 0.0484375 0.0484375
0 0.21015625 0.9375 0.0453125 0.03125
0 0.5546875 0.34140625 0.053125 0.0515625
0 0.259375 0.7578125 0.0484375 0.0484375
0 0.440625 0.59453125 0.0515625 0.05
0 0.23203125 0.36015625 0.0484375 0.046875
0 0.18359375 0.66953125 0.046875 0.0484375
0 0.10390625 0.88828125 0.0484375 0.046875
0 0.09140625 0.41640625 0.046875 0.046875
0 0.4125 0.628125 0.0484375 0.0484375
0 0.3171875 0.571875 0.0484375 0.0484375
0 0.46796875 0.63203125 0.0515625 0.05
0 0.2578125 0.6390625 0.05 0.05
0 0.25546875 0.33359375 0.05 0.0484375
0 0.61953125 0.328125 0.053125 0.0546875
0 0.25390625 0.946875 0.046875 0.03125
0 0.69765625 0.47109375 0.05 0.05
0 0.340625 0.4203125 0.05 0.05
0 0.05546875 0.6359375 0.05 0.05
0 0.39921875 0.5890625 0.0484375 0.0484375
0 0.02265625 0.678125 0.0453125 0.046875
0 0.115625 0.3859375 0.05 0.05
0 0.65234375 0.46484375 0.05 0.05
0 0.03828125 0.72109375 0.0484375 0.05
0 0.6390625 0.540625 0.0515625 0.0515625
0 0.78046875 0.36796875 0.05 0.0484375
0 0.2734375 0.37890625 0.0484375 0.0484375
0 0.428125 0.5515625 0.0515625 0.05
0 0.734375 0.36484375 0.0515625 0.0515625
0 0.0375 0.9015625 0.04375 0.0296875
0 0.034375 0.36640625 0.0421875 0.0484375
0 0.34921875 0.46640625 0.0484375 0.046875
0 0.16875 0.928125 0.0453125 0.0328125
0 0.30625 0.45625 0.0484375 0.046875
0 0.58671875 0.5421875 0.0484375 0.0484375
0 0.178125 0.253125 0.053125 0.0546875
0 0.1578125 0.58046875 0.05 0.05
0 0.63203125 0.425 0.0515625 0.05
0 0.0796875 0.9109375 0.046875 0.0296875
0 0.6265625 0.49765625 0.05 0.05
0 0.2546875 0.52265625 0.0484375 0.0484375
0 0.559375 0.6484375 0.0484375 0.0484375
0 0.05234375 0.52109375 0.05 0.05
0 0.66171875 0.39140625 0.0484375 0.046875
0 0.33984375 0.5359375 0.046875 0.0484375
0 0.45703125 0.7078125 0.0484375 0.0484375
0 0.1984375 0.5890625 0.046875 0.05
0 0.2265625 0.44140625 0.0484375 0.046875
0 0.4015625 0.2921875 0.053125 0.053125
0 0.578125 0.4953125 0.0515625 0.0515625
0 0.21015625 0.39375 0.0515625 0.05
0 0.56484375 0.56953125 0.05 0.0484375
0 0.52578125 0.559375 0.0515625 0.0515625
0 0.6 0.46640625 0.046875 0.0484375
0 0.265625 0.4484375 0.046875 0.0484375
0 0.071875 0.38125 0.046875 0.0453125
0 0.0046875 0.89296875 0.009375 0.0265625
0 0.0796875 0.61171875 0.0484375 0.046875
0 0.80078125 0.34453125 0.046875 0.0484375
0 0.5265625 0.49765625 0.05 0.0484375
0 0.61484375 0.38828125 0.05 0.0484375
0 0.01875 0.40078125 0.025 0.04375
0 0.5828125 0.42578125 0.0484375 0.046875
0 0.50234375 0.521875 0.05 0.05
0 0.09296875 0.5359375 0.0484375 0.0453125
0 0.44140625 0.47890625 0.05 0.05
0 0.1234375 0.9203125 0.0453125 0.028125
0 0.078125 0.49375 0.0484375 0.05
0 0.48125 0.67578125 0.0484375 0.0484375
0 0.55546875 0.28984375 0.0546875 0.0546875
0 0.0046875 0.47890625 0.009375 0.0453125
0 0.5203125 0.63203125 0.0484375 0.046875
0 0.68125 0.42578125 0.046875 0.0484375
0 0.71796875 0.44296875 0.046875 0.04375
0 0.203125 0.2796875 0.046875 0.0515625
0 0.24453125 0.4140625 0.0421875 0.04375
0 0.18359375 0.42578125 0.05 0.05
0 0.4796875 0.484375 0.046875 0.0484375
0 0.6421875 0.3546875 0.0421875 0.046875
0 0.459375 0.51875 0.046875 0.04375