1 0.1671875 0.5171875 0.2140625 0.1890625
1 0.35078125 0.49765625 0.19375 0.20625
1 0.509375 0.46640625 0.1875 0.2046875
1 0.67109375 0.43515625 0.203125 0.1921875
1 0.8375 0.42578125 0.178125 0.2015625
1 0.9484375 0.3859375 0.103125 0.23125
1 0.92578125 0.565625 0.1484375 0.2
1 0.76640625 0.59375 0.20625 0.2046875
1 0.8765625 0.72109375 0.2 0.2375
1 0.94921875 0.825 0.1015625 0.196875
1 0.1359375 0.9296875 0.2 0.140625
1 0.315625 0.9265625 0.171875 0.146875
1 0.4765625 0.9109375 0.18125 0.178125
1 0.64765625 0.90703125 0.19375 0.1796875
1 0.82734375 0.88671875 0.2 0.1875
1 0.70625 0.75703125 0.1734375 0.1984375
1 0.59609375 0.6140625 0.203125 0.2234375
1 0.5421875 0.77578125 0.2 0.1984375
1 0.42421875 0.62578125 0.1671875 0.20625
1 0.378125 0.79765625 0.1984375 0.2171875
1 0.203125 0.8125 0.1859375 0.2
1 0.07578125 0.8484375 0.109375 0.1953125
1 0.1015625 0.659375 0.19375 0.209375
1 0.2640625 0.6671875 0.2015625 0.20625