1 0.81484375 0.18671875 0.225 0.2171875
1 0.89140625 0.47734375 0.2171875 0.2421875
1 0.34296875 0.146875 0.2171875 0.2125
1 0.853125 0.07109375 0.1625 0.1421875
1 0.15625 0.15546875 0.203125 0.2140625
1 0.3546875 0.60625 0.2203125 0.215625
1 0.4609375 0.26796875 0.2234375 0.2484375
1 0.23515625 0.47734375 0.2296875 0.2453125
1 0.53515625 0.5296875 0.1953125 0.2109375
1 0.70546875 0.0890625 0.2046875 0.178125
1 0.16953125 0.64375 0.2046875 0.2171875
1 0.79609375 0.7984375 0.2234375 0.23125
1 0.1515625 0.81875 0.228125 0.2640625
1 0.6671875 0.66875 0.2296875 0.259375
1 0.76953125 0.3625 0.21875 0.2203125
1 0.4828125 0.6859375 0.228125 0.265625
1 0.59609375 0.37578125 0.2109375 0.215625
1 0.05 0.1984375 0.1 0.240625
1 0.51171875 0.10234375 0.2171875 0.2046875
1 0.6390625 0.2171875 0.225 0.240625
1 0.2875 0.28828125 0.2 0.2359375
1 0.08046875 0.49453125 0.1609375 0.2421875
1 0.12109375 0.32109375 0.221875 0.2359375
1 0.5953125 0.8375 0.2171875 0.215625
1 0.41484375 0.44296875 0.2125 0.209375
1 0.92578125 0.334375 0.1375 0.2125
1 0.85078125 0.6546875 0.215625 0.2203125
1 0.32421875 0.7703125 0.2140625 0.2109375
1 0.55234375 0.946875 0.2046875 0.10625
1 0.5890625 0.0328125 0.184375 0.065625
1 0.7234375 0.52578125 0.2078125 0.215625
1 0.73671875 0.915625 0.1984375 0.1265625
1 0.428125 0.8859375 0.215625 0.228125
1 0.2578125 0.92109375 0.184375 0.1578125
1 0.121875 0.9390625 0.109375 0.121875
1 0.0546875 0.653125 0.103125 0.203125
1 0.1921875 0.97734375 0.2 0.0453125
1 0.41875 0.034375 0.178125 0.06875
1 0.23515625 0.0640625 0.20625 0.08125
1 0.01171875 0.36640625 0.0234375 0.1828125
1 0.071875 0.09609375 0.14375 0.0703125
1 0.92265625 0.16171875 0.075 0.1921875
1 0.36640625 0.959375 0.1859375 0.08125