0 0.021875 0.565625 0.04375 0.05859375
0 0.021875 0.4515625 0.04375 0.0609375
0 0.0859375 0.9375 0.06171875 0.06171875
0 0.02421875 0.940625 0.0484375 0.059375
0 0.7578125 0.93828125 0.05859375 0.05859375
0 0.02734375 0.34296875 0.0546875 0.0609375
0 0.43515625 0.41015625 0.059375 0.0578125
0 0.884375 0.6796875 0.06015625 0.06015625
0 0.06484375 0.82265625 0.06015625 0.05546875
0 0.1234375 0.29453125 0.0625 0.05859375
0 0.14765625 0.9359375 0.05859375 0.06015625
0 0.5140625 0.04765625 0.06015625 0.06015625
0 0.821875 0.9578125 0.06171875 0.06328125
0 0.025 0.665625 0.05 0.059375
0 0.2265625 0.87109375 0.06171875 0.06171875
0 0.28828125 0.040625 0.0609375 0.059375
0 0.02421875 0.24296875 0.0484375 0.0578125
0 0.47734375 0.90625 0.06171875 0.06171875
0 0.04921875 0.50546875 0.059375 0.05625
0 0.22890625 0.7609375 0.06015625 0.06171875
0 0.234375 0.54765625 0.0609375 0.05859375
0 0.79765625 0.8875 0.0609375 0.0609375
0 0.0203125 0.021875 0.040625 0.04375
0 0.09921875 0.7625 0.06015625 0.05859375
0 0.9234375 0.91484375 0.05859375 0.059375
0 0.196875 0.70234375 0.0625 0.06171875
0 0.2921875 0.76796875 0.0609375 0.0609375
0 0.34296875 0.9140625 0.06171875 0.06171875
0 0.11953125 0.40703125 0.06015625 0.059375
0 0.98203125 0.14453125 0.0359375 0.0578125
0 0.0296875 0.77109375 0.059375 0.05859375
0 0.15859375 0.45 0.06015625 0.059375
0 0.6546875 0.975 0.059375 0.05
0 0.97265625 0.75703125 0.0546875 0.06171875
0 0.015625 0.825 0.03125 0.05625
0 0.984375 0.36796875 0.03125 0.0609375
0 0.46484375 0.74765625 0.06171875 0.0609375
0 0.98203125 0.26328125 0.03515625 0.0609375
0 0.52265625 0.8546875 0.0609375 0.05859375
0 0.0375 0.8828125 0.059375 0.05859375
0 0.5703125 0.80703125 0.06015625 0.05546875
0 0.209375 0.93984375 0.0609375 0.06015625
0 0.05234375 0.40390625 0.06015625 0.05859375
0 0.12265625 0.503125 0.06171875 0.0609375
0 0.25703125 0.01171875 0.0640625 0.0234375
0 0.5765625 0.96875 0.06171875 0.0578125
0 0.984375 0.51875 0.03125 0.059375
0 0.08671875 0.55390625 0.059375 0.059375
0 0.44140625 0.9609375 0.06015625 0.05859375
0 0.1171875 0.08984375 0.06328125 0.059375
0 0.0828125 0.24375 0.0625 0.0609375
0 0.125 0.98203125 0.06171875 0.0359375
0 0.1296875 0.70546875 0.06171875 0.0609375
0 0.27109375 0.60078125 0.0609375 0.05859375
0 0.4109375 0.08203125 0.0625 0.0609375
0 0.8203125 0.66328125 0.0609375 0.05703125
0 0.42421875 0.628125 0.059375 0.05703125
0 0.984375 0.81328125 0.03125 0.0578125
0 0.16171875 0.5484375 0.06015625 0.06015625
0 0.375 0.965625 0.0609375 0.06171875
0 0.26640625 0.7109375 0.06015625 0.05859375
0 0.19921875 0.81171875 0.06015625 0.05859375
0 0.6296875 0.9203125 0.059375 0.05859375
0 0.3015625 0.65625 0.06015625 0.06015625
0 0.0515625 0.6125 0.06015625 0.05625
0 0.49375 0.63046875 0.05546875 0.053125
0 0.05703125 0.98515625 0.0609375 0.0296875
0 0.9765625 0.459375 0.046875 0.05546875
0 0.19609375 0.49921875 0.0625 0.0609375
0 0.0453125 0.1921875 0.0640625 0.0578125
0 0.2734375 0.16015625 0.06015625 0.06015625
0 0.596875 0.590625 0.059375 0.06015625
0 0.02265625 0.1375 0.04453125 0.05703125
0 0.72109375 0.97890625 0.06171875 0.0421875
0 0.434375 0.51875 0.0609375 0.0578125
0 0.9375 0.80625 0.05859375 0.05703125
0 0.26875 0.91796875 0.06171875 0.06171875
0 0.08203125 0.45625 0.0609375 0.059375
0 0.603125 0.86953125 0.0609375 0.06328125
0 0.09140625 0.34765625 0.06015625 0.06015625
0 0.47265625 0.359375 0.0625 0.05625
0 0.5359375 0.58046875 0.0609375 0.06015625
0 0.3359375 0.17890625 0.0609375 0.06171875
0 0.1640625 0.87578125 0.06015625 0.05859375
0 0.89765625 0.85703125 0.06015625 0.0609375
0 0.61796875 0.6453125 0.0578125 0.05625
0 0.21328125 0.15078125 0.0609375 0.059375
0 0.43671875 0.14296875 0.06171875 0.0578125
0 0.3609375 0.75625 0.0625 0.06015625
0 0.315625 0.1078125 0.06015625 0.0625
0 0.04453125 0.07890625 0.06640625 0.06328125
0 0.87109375 0.515625 0.06171875 0.06015625
0 0.38046875 0.86171875 0.059375 0.0609375
0 0.659375 0.60390625 0.0609375 0.05703125
0 0.709375 0.81640625 0.06015625 0.059375
0 0.665625 0.86484375 0.06015625 0.05859375
0 0.1703125 0.25390625 0.0578125 0.053125
0 0.51953125 0.69375 0.059375 0.05546875
0 0.59375 0.2203125 0.0609375 0.059375
0 0.9375 0.51875 0.05859375 0.05859375
0 0.57421875 0.0515625 0.0609375 0.059375
0 0.7328125 0.4984375 0.059375 0.05703125
0 0.090625 0.66484375 0.0609375 0.059375
0 0.18515625 0.984375 0.0578125 0.03125
0 0.328125 0.71328125 0.05703125 0.05703125
0 0.571875 0.42109375 0.06171875 0.059375
0 0.3109375 0.96640625 0.06015625 0.059375
0 0.41015625 0.715625 0.0578125 0.05703125
0 0.38125 0.303125 0.059375 0.0578125
0 0.89453125 0.19453125 0.05859375 0.05859375
0 0.2625 0.81640625 0.06171875 0.059375
0 0.35078125 0.0515625 0.0609375 0.06015625
0 0.67109375 0.11640625 0.06171875 0.059375
0 0.78515625 0.715625 0.05859375 0.0578125
0 0.41328125 0.90859375 0.06015625 0.0578125
0 0.15703125 0.3484375 0.059375 0.05859375
0 0.26875 0.48671875 0.06171875 0.059375
0 0.978125 0.63203125 0.04296875 0.05859375
0 0.54296875 0.7546875 0.0625 0.06171875
0 0.2328125 0.65234375 0.05546875 0.05625
0 0.06015625 0.7109375 0.06015625 0.059375
0 0.859375 0.90703125 0.059375 0.05546875
0 0.77109375 0.45078125 0.06171875 0.0546875
0 0.54453125 0.36015625 0.06015625 0.05546875
0 0.1546875 0.03359375 0.059375 0.06171875
0 0.22421875 0.4390625 0.0625 0.059375
0 0.76640625 0.18046875 0.06171875 0.059375
0 0.16015625 0.7609375 0.0609375 0.05859375
0 0.2953125 0.228125 0.05859375 0.05703125
0 0.609375 0.7625 0.06015625 0.0578125
0 0.31640625 0.55625 0.0609375 0.06015625
0 0.72578125 0.6140625 0.06171875 0.0609375
0 0.42265625 0.80234375 0.06171875 0.06171875
0 0.74296875 0.39609375 0.0609375 0.0578125
0 0.25078125 0.10078125 0.06171875 0.059375
0 0.9453125 0.9734375 0.05859375 0.05234375
0 0.5359375 0.4734375 0.0625 0.06171875
0 0.30078125 0.86640625 0.06171875 0.059375
0 0.68046875 0.3765625 0.05859375 0.0578125
0 0.2453125 0.9828125 0.0625 0.03359375
0 0.1515625 0.1421875 0.06015625 0.0546875
0 0.3359375 0.81171875 0.05859375 0.05859375
0 0.13203125 0.81953125 0.0609375 0.06015625
0 0.68125 0.75859375 0.06171875 0.06015625
0 0.546875 0.92109375 0.0609375 0.059375
0 0.35625 0.24453125 0.059375 0.059375
0 0.34140625 0.5 0.06171875 0.059375
0 0.20078125 0.59765625 0.06171875 0.06015625
0 0.1234375 0.596875 0.06171875 0.05859375
0 0.37421875 0.13125 0.06015625 0.06015625
0 0.94609375 0.69453125 0.059375 0.0609375
0 0.64140625 0.80859375 0.06015625 0.05703125
0 0.9125 0.74296875 0.06015625 0.06015625
0 0.73046875 0.878125 0.0609375 0.06015625
0 0.79609375 0.6140625 0.06015625 0.05703125
0 0.446875 0.3046875 0.06015625 0.05625
0 0.83125 0.30859375 0.06171875 0.05859375
0 0.91875 0.365625 0.059375 0.05625
0 0.16171875 0.6484375 0.059375 0.05703125
0 0.76328125 0.28984375 0.0609375 0.05859375
0 0.55703125 0.6421875 0.059375 0.0546875
0 0.26328125 0.3296875 0.06171875 0.05546875
0 0.48671875 0.25703125 0.06171875 0.06015625
0 0.221875 0.04140625 0.06171875 0.06171875
0 0.8484375 0.73203125 0.0609375 0.06015625
0 0.884375 0.96796875 0.0609375 0.05703125
0 0.89609375 0.3140625 0.0609375 0.05859375
0 0.978125 0.92734375 0.04375 0.0609375
0 0.85703125 0.6171875 0.06015625 0.059375
0 0.80078125 0.24296875 0.06484375 0.0625
0 0.56875 0.521875 0.059375 0.05859375
0 0.82734375 0.5578125 0.0625 0.059375
0 0.9625 0.865625 0.0625 0.0625
0 0.503125 0.40859375 0.05859375 0.05390625
0 0.46796875 0.4640625 0.06015625 0.05703125
0 0.08828125 0.0265625 0.06171875 0.053125
0 0.05703125 0.2921875 0.06171875 0.05625
0 0.36875 0.675 0.06171875 0.059375
0 0.50546875 0.9609375 0.06015625 0.06171875
0 0.39609375 0.46015625 0.06171875 0.0609375
0 0.3265625 0.01171875 0.065625 0.0234375
0 0.45859375 0.57265625 0.059375 0.06015625
0 0.67109375 0.0140625 0.0640625 0.028125
0 0.54140625 0.0984375 0.06171875 0.05703125
0 0.715625 0.3296875 0.0609375 0.05625
0 0.34375 0.61328125 0.06171875 0.06171875
0 0.69765625 0.1703125 0.06015625 0.05625
0 0.8765625 0.796875 0.0609375 0.0609375
0 0.95390625 0.41015625 0.0625 0.05703125
0 0.6859375 0.66953125 0.0640625 0.0609375
0 0.6578125 0.22578125 0.0625 0.05859375
0 0.73046875 0.2328125 0.0640625 0.06015625
0 0.5796875 0.31328125 0.059375 0.0546875
0 0.64609375 0.70546875 0.0609375 0.06015625
0 0.31640625 0.4421875 0.0609375 0.05859375
0 0.74609375 0.765625 0.06015625 0.05625
0 0.496875 0.5265625 0.059375 0.05703125
0 0.73671875 0.1296875 0.0640625 0.06015625
0 0.103125 0.87578125 0.06171875 0.06171875
0 0.6171875 0.26953125 0.0640625 0.059375
0 0.3921875 0.015625 0.06171875 0.03125
0 0.95859375 0.3171875 0.0609375 0.06171875
0 0.6953125 0.55078125 0.0625 0.0609375
0 0.4609375 0.19453125 0.06015625 0.05625
0 0.69296875 0.928125 0.05859375 0.05625
0 0.17265625 0.1984375 0.0625 0.0578125
0 0.6703125 0.484375 0.06171875 0.05625
0 0.92421875 0.628125 0.06328125 0.0609375
0 0.91640625 0.45703125 0.06015625 0.0578125
0 0.7796875 0.984375 0.0546875 0.03125
0 0.92578125 0.25625 0.0625 0.06171875
0 0.83515625 0.45390625 0.05703125 0.05546875
0 0.703125 0.06171875 0.06171875 0.0640625
0 0.52734375 0.20234375 0.0625 0.06171875
0 0.44921875 0.02421875 0.0578125 0.0484375
0 0.6421875 0.4265625 0.0625 0.06171875
0 0.8546875 0.35859375 0.05859375 0.05390625
0 0.64921875 0.31796875 0.0625 0.059375
0 0.5640625 0.15234375 0.0625 0.05703125
0 0.9875 0.978125 0.025 0.04375
0 0.771875 0.82734375 0.0609375 0.06171875
0 0.0828125 0.13671875 0.06171875 0.05703125
0 0.63828125 0.06171875 0.06015625 0.05859375
0 0.6078125 0.36796875 0.06015625 0.0578125
0 0.98046875 0.071875 0.0390625 0.05703125
0 0.896875 0.56328125 0.06484375 0.0578125
0 0.5140625 0.30703125 0.0609375 0.059375
0 0.96484375 0.57421875 0.0609375 0.059375
0 0.19765625 0.30390625 0.05859375 0.05546875
0 0.721875 0.71328125 0.0625 0.05703125
0 0.58125 0.70234375 0.05859375 0.0578125
0 0.4078125 0.35234375 0.05859375 0.0578125
0 0.60546875 0.11015625 0.05859375 0.05703125
0 0.0125 0.98125 0.02421875 0.0359375
0 0.840625 0.09296875 0.059375 0.05859375
0 0.92890625 0.13828125 0.05703125 0.0578125
0 0.4765625 0.090625 0.0625 0.06015625
0 0.8125 0.778125 0.06171875 0.0625
0 0.18671875 0.09375 0.06015625 0.05625
0 0.3125 0.2890625 0.0625 0.0578125
0 0.01015625 0.71953125 0.0203125 0.0546875
0 0.878125 0.41171875 0.059375 0.0546875
0 0.53515625 0.99140625 0.0578125 0.0171875
0 0.11484375 0.1875 0.05546875 0.05546875
0 0.83203125 0.1828125 0.0625 0.06015625
0 0.609375 0.4765625 0.0578125 0.05703125
0 0.7015625 0.4375 0.06015625 0.05703125
0 0.41875 0.24765625 0.059375 0.05625
0 0.9578125 0.19765625 0.0625 0.059375
0 0.40859375 0.99296875 0.05859375 0.0140625
0 0.83515625 0.8453125 0.0609375 0.0609375
0 0.00703125 0.61875 0.0140625 0.05625
0 0.44609375 0.85625 0.0625 0.05703125
0 0.00859375 0.1921875 0.01640625 0.05859375
0 0.47265625 0.9921875 0.06015625 0.015625
0 0.6109375 0.01015625 0.06328125 0.01953125
0 0.3921875 0.56328125 0.0625 0.0609375
0 0.75703125 0.6578125 0.053125 0.05546875
0 0.86171875 0.25234375 0.0625 0.06328125
0 0.7859375 0.34765625 0.06328125 0.0578125
0 0.23828125 0.20703125 0.059375 0.059375
0 0.63125 0.1640625 0.06015625 0.05859375
0 0.5 0.14609375 0.059375 0.0546875
0 0.2859375 0.3875 0.059375 0.05703125
0 0.46015625 0.67421875 0.059375 0.05859375
0 0.33515625 0.34609375 0.0625 0.059375
0 0.36640625 0.39921875 0.0546875 0.05859375
0 0.98828125 0.69375 0.0234375 0.0625
0 0.553125 0.2578125 0.0640625 0.05625
0 0.4859375 0.8 0.06171875 0.06015625
0 0.0078125 0.29453125 0.015625 0.0578125
0 0.21796875 0.37578125 0.06015625 0.059375
0 0.24765625 0.27421875 0.06171875 0.05703125
0 0.8140625 0.4046875 0.0625 0.05546875
0 0.62890625 0.53203125 0.059375 0.059375
0 0.7609375 0.55703125 0.06171875 0.06015625
0 0.39609375 0.18515625 0.059375 0.0609375
0 0.684375 0.2734375 0.0609375 0.05390625
0 0.84296875 0.9921875 0.06171875 0.015625
0 0.7734375 0.06640625 0.0640625 0.06015625
0 0.8703125 0.13359375 0.059375 0.05625
0 0.00546875 0.5078125 0.0109375 0.0625
0 0.00546875 0.0703125 0.0109375 0.06328125
0 0.00703125 0.4 0.0140625 0.06171875
0 0.79609375 0.4984375 0.05859375 0.05234375
0 0.60859375 0.9953125 0.0546875 0.009375
0 0.546875 0.009375 0.065625 0.01796875
0 0.7421875 0.0171875 0.07265625 0.034375
0 0.93125 0.07109375 0.0609375 0.059375