1 0.19609375 0.25859375 0.265625 0.2171875
1 0.12734375 0.40390625 0.196875 0.2078125
1 0.315625 0.36953125 0.2078125 0.203125
1 0.59296875 0.215625 0.253125 0.2015625
1 0.515625 0.37109375 0.2359375 0.2140625
1 0.89765625 0.15390625 0.1625 0.1953125
1 0.7046875 0.36171875 0.1984375 0.1984375
1 0.884375 0.2984375 0.2125 0.1875
1 0.753125 0.94140625 0.1890625 0.0921875
1 0.8390625 0.80078125 0.190625 0.2125
1 0.90859375 0.66484375 0.1828125 0.2015625
1 0.93515625 0.49921875 0.1296875 0.2046875
1 0.81171875 0.5109375 0.203125 0.2046875
1 0.728125 0.65625 0.2296875 0.2078125
1 0.6640625 0.82421875 0.228125 0.2015625
1 0.59765625 0.92734375 0.1890625 0.1453125
1 0.43046875 0.9453125 0.2171875 0.109375
1 0.48203125 0.825 0.2078125 0.228125
1 0.54765625 0.65546875 0.178125 0.2015625
1 0.628125 0.5265625 0.225 0.2078125
1 0.42734375 0.509375 0.1984375 0.2109375
1 0.25 0.54375 0.2109375 0.1984375
1 0.3828125 0.69140625 0.2234375 0.2046875
1 0.08515625 0.55703125 0.1703125 0.2015625
1 0.19921875 0.69765625 0.2 0.2203125
1 0.3 0.84609375 0.20625 0.20625
1 0.06875 0.725 0.11875 0.215625
1 0.12578125 0.88828125 0.2 0.203125
1 0.25546875 0.9546875 0.1984375 0.090625