0 0.97109375 0.41171875 0.05703125 0.0640625
0 0.4234375 0.5765625 0.0640625 0.06328125
0 0.7421875 0.028125 0.06171875 0.05625
0 0.44453125 0.1140625 0.0671875 0.06640625
0 0.9265625 0.703125 0.06640625 0.06875
0 0.59765625 0.7578125 0.06484375 0.0640625
0 0.79609375 0.05546875 0.065625 0.0640625
0 0.62890625 0.703125 0.06171875 0.0625
0 0.61875 0.3875 0.0671875 0.06484375
0 0.97109375 0.82734375 0.0578125 0.0640625
0 0.7890625 0.71171875 0.065625 0.065625
0 0.28125 0.06015625 0.06171875 0.06171875
0 0.69375 0.07734375 0.06640625 0.0625
0 0.6703125 0.428125 0.06484375 0.06328125
0 0.425 0.44609375 0.0640625 0.06640625
0 0.840625 0.4375 0.0671875 0.065625
0 0.34765625 0.06875 0.065625 0.065625
0 0.20078125 0.1640625 0.06640625 0.065625
0 0.384375 0.38515625 0.0640625 0.06640625
0 0.89375 0.7859375 0.0671875 0.06484375
0 0.9140625 0.4265625 0.06640625 0.065625
0 0.7484375 0.1828125 0.06484375 0.0640625
0 0.490625 0.43828125 0.0640625 0.065625
0 0.53984375 0.1875 0.06640625 0.06484375
0 0.84140625 0.24921875 0.065625 0.0625
0 0.4484375 0.378125 0.065625 0.065625
0 0.54921875 0.2734375 0.0640625 0.0671875
0 0.7453125 0.6625 0.0671875 0.06484375
0 0.8890625 0.19609375 0.06484375 0.0625
0 0.51953125 0.3609375 0.065625 0.065625
0 0.81484375 0.30390625 0.06484375 0.06328125
0 0.6984375 0.821875 0.06484375 0.06328125
0 0.2875 0.3359375 0.065625 0.0640625
0 0.6796875 0.02109375 0.065625 0.04140625
0 0.3609375 0.45859375 0.0625 0.06328125
0 0.56171875 0.68984375 0.06484375 0.065625
0 0.57421875 0.1296875 0.0625 0.059375
0 0.9640625 0.89609375 0.0671875 0.06640625
0 0.9453125 0.1296875 0.06640625 0.0625
0 0.1921875 0.053125 0.06484375 0.0640625
0 0.69453125 0.7109375 0.065625 0.06484375
0 0.8 0.8859375 0.065625 0.0671875
0 0.6265625 0.0953125 0.06484375 0.06484375
0 0.16171875 0.10234375 0.06484375 0.0609375
0 0.79453125 0.37265625 0.065625 0.06640625
0 0.4265625 0.2609375 0.065625 0.0625
0 0.61953125 0.18046875 0.06640625 0.06484375
0 0.225 0.2234375 0.06484375 0.0625
1 0.5875 0.6140625 0.0609375 0.07421875
0 0.90625 0.01796875 0.0625 0.0359375
0 0.5359375 0.01796875 0.065625 0.0359375
0 0.13125 0.04609375 0.06171875 0.0609375
0 0.73203125 0.88125 0.0640625 0.06328125
0 0.83359375 0.95390625 0.06640625 0.0640625
0 0.64921875 0.64140625 0.065625 0.0625
0 0.70859375 0.60703125 0.0640625 0.0625
0 0.3921875 0.51875 0.06328125 0.0625
0 0.9796875 0.25703125 0.03984375 0.06640625
0 0.66640625 0.88203125 0.06484375 0.0625
0 0.353125 0.31953125 0.0625 0.06171875
0 0.41640625 0.05546875 0.0625 0.0609375
0 0.259375 0.278125 0.06484375 0.06171875
0 0.7296875 0.39609375 0.0640625 0.0640625
0 0.30390625 0.234375 0.06484375 0.0640625
0 0.24609375 0.0171875 0.06640625 0.034375
1 0.55390625 0.06640625 0.06484375 0.05625
0 0.49375 0.240625 0.0640625 0.06171875
0 0.6140625 0.24453125 0.0640625 0.06171875
0 0.17265625 0.01171875 0.06640625 0.02265625
0 0.62578125 0.95234375 0.06640625 0.065625
1 0.58515625 0.53984375 0.06328125 0.0765625
0 0.4875 0.3046875 0.0640625 0.06171875
0 0.36484375 0.25625 0.0578125 0.06328125
1 0.51328125 0.11796875 0.05703125 0.06875
1 0.3125 0.11875 0.0578125 0.05234375
1 0.41875 0.1828125 0.06015625 0.0703125
1 0.8125 0.11875 0.0640625 0.05703125
1 0.74765625 0.11484375 0.06015625 0.05625
1 0.4609375 0.5125 0.06875 0.06171875
0 0.4703125 0.00859375 0.0609375 0.0171875
1 0.84453125 0.57734375 0.06875 0.06953125
1 0.69296875 0.33828125 0.06015625 0.07265625
1 0.865625 0.8875 0.06171875 0.04921875
0 0.3234375 0.38984375 0.06015625 0.06328125
1 0.81796875 0.18359375 0.06171875 0.06640625
0 0.24140625 0.10546875 0.0671875 0.0609375
0 0.3984375 0.01171875 0.06796875 0.02265625
1 0.27578125 0.16640625 0.06875 0.05859375
1 0.68984375 0.14765625 0.05546875 0.0625
1 0.60859375 0.45546875 0.06796875 0.06328125
1 0.9640625 0.7640625 0.05625 0.06640625
1 0.95546875 0.19609375 0.0625 0.0578125
1 0.3796875 0.1296875 0.0609375 0.05625
1 0.48984375 0.05390625 0.0546875 0.0609375
1 0.521875 0.7546875 0.06640625 0.06875
1 0.8765625 0.30859375 0.06171875 0.05078125
1 0.9046875 0.940625 0.0671875 0.0578125
0 0.41796875 0.31875 0.0640625 0.059375
1 0.65546875 0.5578125 0.0734375 0.0796875
0 0.1015625 0.009375 0.06796875 0.01875
1 0.91484375 0.2609375 0.07265625 0.07109375
1 0.76953125 0.2515625 0.06796875 0.06484375
1 0.54453125 0.475 0.06171875 0.05703125
1 0.9171875 0.5 0.0671875 0.06875
1 0.865625 0.06796875 0.0671875 0.05703125
0 0.74375 0.75859375 0.06484375 0.06015625
1 0.9515625 0.33203125 0.071875 0.0765625
1 0.84296875 0.83359375 0.05859375 0.06640625
1 0.87578125 0.13671875 0.05703125 0.0671875
1 0.6390625 0.303125 0.0625 0.06015625
1 0.80625 0.6359375 0.059375 0.06640625
1 0.68515625 0.4828125 0.059375 0.0578125
1 0.49375 0.703125 0.06484375 0.06875
1 0.55859375 0.41796875 0.0546875 0.05078125
1 0.85234375 0.50390625 0.06015625 0.06328125
1 0.59375 0.88359375 0.0671875 0.06171875
1 0.96484375 0.5859375 0.06328125 0.05859375
1 0.7671875 0.946875 0.06484375 0.05546875
1 0.98125 0.70546875 0.03671875 0.0546875
1 0.75625 0.459375 0.0671875 0.0609375
0 0.9828125 0.46875 0.034375 0.06171875
1 0.521875 0.61953125 0.0625 0.05859375
1 0.91328125 0.62109375 0.06640625 0.0625
0 0.8453125 0.01875 0.059375 0.0375
1 0.790625 0.5125 0.06171875 0.05546875
1 0.47578125 0.171875 0.05859375 0.05234375
1 0.93671875 0.0640625 0.0640625 0.0578125
1 0.5046875 0.5625 0.0703125 0.0703125
1 0.76796875 0.57109375 0.07109375 0.0640625
1 0.8609375 0.721875 0.0609375 0.06796875
1 0.9796875 0.53125 0.040625 0.0609375
1 0.8734375 0.36875 0.0734375 0.071875
1 0.8171875 0.7734375 0.0671875 0.05625
1 0.97734375 0.96171875 0.0453125 0.0703125
1 0.62265625 0.82265625 0.065625 0.06953125
1 0.4609375 0.63203125 0.05703125 0.07109375
1 0.55234375 0.803125 0.0640625 0.05625
1 0.3125 0.0140625 0.0671875 0.02734375
1 0.74609375 0.309375 0.06015625 0.059375
1 0.8578125 0.65546875 0.0671875 0.0671875
1 0.72265625 0.5234375 0.06484375 0.0578125
1 0.603125 0.028125 0.071875 0.05625
1 0.9125 0.85 0.0609375 0.065625
0 0.865625 0.99140625 0.0671875 0.0171875
0 0.8 0.9921875 0.065625 0.015625
1 0.9078125 0.55546875 0.06171875 0.053125
1 0.69921875 0.265625 0.0625 0.06640625
1 0.68828125 0.20703125 0.053125 0.0546875
1 0.34609375 0.17578125 0.0625 0.06640625
0 0.7640625 0.81640625 0.0640625 0.06171875
0 0.9921875 0.0875 0.015625 0.06875
1 0.97578125 0.6453125 0.0484375 0.0625
0 0.65703125 0.98984375 0.0671875 0.0203125
0 0.58203125 0.33046875 0.06171875 0.0609375
0 0.93515625 0.990625 0.0671875 0.01875
1 0.9890625 0.16171875 0.021875 0.0453125
0 0.703125 0.93515625 0.0640625 0.05546875
1 0.73359375 0.9828125 0.0546875 0.034375
0 0.671875 0.759375 0.06015625 0.05625