0 0.9203125 0.85703125 0.065625 0.0640625
0 0.909375 0.92265625 0.0640625 0.065625
0 0.93203125 0.68359375 0.065625 0.0625
0 0.92734375 0.79921875 0.065625 0.065625
0 0.97265625 0.32578125 0.0546875 0.0671875
0 0.97109375 0.38203125 0.0578125 0.0640625
0 0.95234375 0.56796875 0.065625 0.0625
0 0.89765625 0.97265625 0.0640625 0.0546875
0 0.934375 0.74140625 0.0640625 0.0625
0 0.959375 0.51015625 0.0703125 0.06875
0 0.984375 0.1984375 0.03125 0.06875
0 0.9890625 0.1328125 0.021875 0.065625
0 0.9625 0.45 0.06875 0.0671875
0 0.97578125 0.26796875 0.0484375 0.0640625
0 0.95078125 0.6328125 0.0609375 0.059375