1 0.08515625 0.45859375 0.09375 0.084375
1 0.05546875 0.24765625 0.096875 0.0921875
0 0.05078125 0.971875 0.05 0.0265625
0 0.09921875 0.97265625 0.0515625 0.028125
0 0.15078125 0.97265625 0.05 0.0328125
0 0.2 0.971875 0.05 0.0375
0 0.24921875 0.97265625 0.05 0.0390625
0 0.30546875 0.9734375 0.053125 0.0421875
0 0.0234375 0.94140625 0.046875 0.0515625
0 0.0734375 0.94296875 0.0515625 0.0515625
0 0.12109375 0.9390625 0.05 0.05
0 0.17265625 0.9390625 0.0546875 0.053125
0 0.225 0.93671875 0.0515625 0.0515625
0 0.2734375 0.934375 0.0515625 0.05625
0 0.325 0.93515625 0.0609375 0.053125
0 0.01171875 0.9 0.0234375 0.05
0 0.046875 0.89921875 0.0515625 0.05
0 0.0953125 0.896875 0.05 0.05
0 0.14609375 0.89765625 0.053125 0.053125
0 0.19609375 0.896875 0.0484375 0.05
0 0.2453125 0.89375 0.053125 0.0515625
0 0.2984375 0.89296875 0.0515625 0.053125
0 0.02265625 0.8546875 0.0453125 0.05
0 0.0703125 0.85703125 0.0515625 0.053125
0 0.11953125 0.853125 0.0484375 0.05
0 0.16796875 0.85390625 0.0515625 0.05
0 0.2171875 0.85078125 0.05 0.05
0 0.26875 0.8515625 0.0515625 0.0515625
0 0.31796875 0.84921875 0.0515625 0.0484375
0 0.00859375 0.81171875 0.0171875 0.0484375
0 0.04296875 0.8125 0.0515625 0.05
0 0.0921875 0.80859375 0.05 0.0484375
0 0.1421875 0.81015625 0.0546875 0.0484375
0 0.19375 0.81015625 0.05 0.05
0 0.24296875 0.80859375 0.05 0.053125
0 0.2921875 0.80703125 0.053125 0.05
0 0.34375 0.80625 0.0515625 0.0515625
0 0.021875 0.7671875 0.04375 0.05
0 0.0671875 0.76640625 0.0515625 0.05
0 0.115625 0.765625 0.05 0.053125
0 0.165625 0.765625 0.0515625 0.05
0 0.215625 0.76484375 0.053125 0.053125
0 0.2671875 0.76171875 0.05 0.053125
0 0.3171875 0.76328125 0.053125 0.053125
0 0.0078125 0.721875 0.015625 0.05
0 0.0421875 0.721875 0.0515625 0.0484375
0 0.0921875 0.7234375 0.0515625 0.05
0 0.14375 0.72421875 0.05 0.0515625
0 0.19453125 0.725 0.0515625 0.05
0 0.24375 0.721875 0.05 0.053125
0 0.29375 0.7203125 0.053125 0.0515625
0 0.359375 0.97265625 0.053125 0.046875
0 0.38671875 0.93203125 0.0578125 0.05
0 0.3484375 0.89296875 0.05 0.053125
0 0.403125 0.890625 0.0578125 0.05
0 0.375 0.84921875 0.053125 0.05
0 0.4265625 0.84765625 0.0546875 0.0515625
0 0.39296875 0.8046875 0.05 0.046875
0 0.4484375 0.8046875 0.0515625 0.05
0 0.36484375 0.7640625 0.05 0.0484375
0 0.41796875 0.7671875 0.0515625 0.046875
0 0.471875 0.7640625 0.05 0.05
0 0.34453125 0.721875 0.0515625 0.0515625
0 0.39609375 0.72421875 0.0546875 0.0515625
0 0.4453125 0.7234375 0.0484375 0.046875
0 0.49609375 0.721875 0.0546875 0.0515625
0 0.0203125 0.67890625 0.040625 0.0515625
0 0.0671875 0.6796875 0.053125 0.0515625
0 0.11796875 0.68125 0.05 0.05
0 0.16640625 0.678125 0.05 0.053125
0 0.0078125 0.6375 0.015625 0.053125
0 0.040625 0.63828125 0.075 0.078125
0 0.090625 0.63515625 0.0515625 0.0515625
0 0.13828125 0.63515625 0.0515625 0.05
0 0.190625 0.634375 0.0546875 0.0515625
0 0.01875 0.5921875 0.0375 0.05
0 0.0625 0.59375 0.0515625 0.05
0 0.115625 0.5921875 0.05 0.053125
0 0.16484375 0.5921875 0.0515625 0.05
0 0.034375 0.553125 0.0546875 0.0515625
0 0.0859375 0.55 0.0515625 0.046875
0 0.13828125 0.5484375 0.0515625 0.053125
0 0.0171875 0.50703125 0.034375 0.0484375
0 0.059375 0.50703125 0.0484375 0.05
0 0.1109375 0.50859375 0.053125 0.05
0 0.16484375 0.5 0.05 0.0515625
0 0.0328125 0.4640625 0.05625 0.0546875
0 0.13671875 0.4609375 0.0515625 0.05
0 0.0171875 0.41953125 0.03125 0.0484375
0 0.05703125 0.41953125 0.0546875 0.0515625
0 0.11015625 0.41796875 0.05 0.05
0 0.16015625 0.421875 0.05 0.05
0 0.21484375 0.6796875 0.0484375 0.0515625
0 0.265625 0.6796875 0.0515625 0.0515625
0 0.31640625 0.67734375 0.053125 0.053125
0 0.36875 0.6765625 0.053125 0.05
0 0.4234375 0.68046875 0.053125 0.0546875
0 0.47265625 0.67734375 0.05 0.053125
0 0.5234375 0.67578125 0.0515625 0.0484375
0 0.240625 0.63359375 0.05 0.053125
0 0.2890625 0.63671875 0.053125 0.053125
0 0.34140625 0.63046875 0.0546875 0.053125
0 0.39375 0.63359375 0.05 0.0484375
0 0.44296875 0.634375 0.0546875 0.0546875
0 0.4953125 0.6328125 0.0515625 0.05
0 0.546875 0.6328125 0.05625 0.0515625
0 0.21484375 0.5921875 0.0515625 0.0515625
0 0.26328125 0.59140625 0.053125 0.053125
0 0.31171875 0.59140625 0.05625 0.0546875
0 0.36875 0.5890625 0.05625 0.053125
0 0.41875 0.5921875 0.046875 0.05
0 0.46953125 0.5921875 0.05 0.0515625
0 0.51875 0.59140625 0.0484375 0.053125
0 0.5703125 0.58828125 0.059375 0.0484375
0 0.18671875 0.5515625 0.0515625 0.05
0 0.23828125 0.54609375 0.0484375 0.053125
0 0.28828125 0.54921875 0.0515625 0.053125
0 0.3390625 0.54765625 0.053125 0.053125
0 0.39296875 0.54609375 0.053125 0.053125
0 0.4421875 0.54765625 0.0484375 0.05
0 0.49375 0.54609375 0.0546875 0.0515625
0 0.54375 0.54609375 0.053125 0.0484375
0 0.5953125 0.54375 0.0546875 0.0484375
0 0.2125 0.5046875 0.046875 0.0515625
0 0.2625 0.50234375 0.053125 0.0546875
0 0.31484375 0.5015625 0.0515625 0.05
0 0.36484375 0.5046875 0.053125 0.0515625
0 0.41328125 0.50234375 0.0484375 0.046875
0 0.4640625 0.503125 0.0515625 0.0515625
0 0.5140625 0.49453125 0.053125 0.0484375
0 0.5671875 0.5 0.053125 0.0546875
0 0.6203125 0.496875 0.05625 0.0515625
0 0.18671875 0.46015625 0.0484375 0.05
0 0.2375 0.4625 0.053125 0.05
0 0.28671875 0.4609375 0.0484375 0.05
0 0.33359375 0.46015625 0.046875 0.0484375
0 0.384375 0.459375 0.053125 0.05
0 0.43359375 0.45859375 0.0484375 0.0453125
0 0.48515625 0.45390625 0.053125 0.0515625
0 0.540625 0.4546875 0.0515625 0.053125
0 0.590625 0.4546875 0.0484375 0.0484375
0 0.64140625 0.45703125 0.053125 0.0484375
0 0.21015625 0.41640625 0.05 0.0515625
0 0.25859375 0.41953125 0.0484375 0.05
0 0.3078125 0.4171875 0.0515625 0.05
0 0.35546875 0.41953125 0.05 0.05
0 0.40703125 0.41640625 0.0484375 0.053125
0 0.45625 0.41328125 0.053125 0.0484375
0 0.50859375 0.41484375 0.0515625 0.05
0 0.56171875 0.41328125 0.053125 0.053125
0 0.61171875 0.4125 0.05 0.05
0 0.6625 0.4140625 0.05 0.0515625
0 0.03046875 0.37734375 0.05 0.0484375
0 0.08203125 0.3765625 0.0515625 0.05
0 0.13359375 0.37734375 0.05 0.053125
0 0.18828125 0.37109375 0.0734375 0.0828125
0 0.23359375 0.3765625 0.046875 0.046875
0 0.28046875 0.37578125 0.0484375 0.0515625
0 0.334375 0.3734375 0.05 0.053125
0 0.384375 0.3734375 0.05 0.0515625
0 0.01796875 0.33515625 0.0265625 0.05
0 0.05546875 0.334375 0.0515625 0.05
0 0.11015625 0.33515625 0.05 0.0484375
0 0.1609375 0.33359375 0.05 0.05
0 0.21015625 0.3328125 0.05 0.053125
0 0.259375 0.33203125 0.053125 0.05
0 0.30703125 0.33125 0.046875 0.05
0 0.35546875 0.3328125 0.05 0.05
0 0.0296875 0.29296875 0.046875 0.0515625
0 0.08359375 0.28984375 0.0515625 0.0484375
0 0.134375 0.28984375 0.05 0.05
0 0.184375 0.290625 0.053125 0.05
0 0.23359375 0.290625 0.0484375 0.0484375
0 0.28125 0.28671875 0.05 0.0515625
0 0.33125 0.2890625 0.053125 0.0515625
0 0.38046875 0.2875 0.0515625 0.046875
0 0.11015625 0.246875 0.05 0.0484375
0 0.15859375 0.2453125 0.0484375 0.0484375
0 0.20703125 0.246875 0.0515625 0.05
0 0.25390625 0.2484375 0.05 0.0515625
0 0.30234375 0.2453125 0.05 0.0484375
0 0.35234375 0.24453125 0.053125 0.05
0 0.03359375 0.203125 0.0484375 0.046875
0 0.08125 0.21171875 0.046875 0.05
0 0.12890625 0.20703125 0.05 0.0484375
0 0.178125 0.20390625 0.046875 0.0484375
0 0.225 0.2046875 0.053125 0.053125
0 0.275 0.20390625 0.05 0.0515625
0 0.32578125 0.20546875 0.053125 0.05
0 0.3734375 0.2046875 0.05 0.0484375
0 0.02109375 0.1625 0.0203125 0.046875
0 0.05390625 0.1640625 0.053125 0.0484375
0 0.103125 0.16171875 0.05 0.0515625
0 0.153125 0.16484375 0.05 0.0515625
0 0.20234375 0.16015625 0.05 0.0515625
0 0.25 0.16171875 0.0484375 0.0484375
0 0.3 0.16171875 0.05 0.05
0 0.34921875 0.159375 0.046875 0.0484375
0 0.39921875 0.1609375 0.053125 0.0515625
0 0.03203125 0.121875 0.0390625 0.046875
0 0.078125 0.12421875 0.0515625 0.05
0 0.1296875 0.12109375 0.05 0.0484375
0 0.17890625 0.11796875 0.05 0.046875
0 0.2265625 0.11796875 0.046875 0.046875
0 0.2765625 0.115625 0.0484375 0.05
0 0.325 0.11796875 0.0515625 0.05
0 0.37421875 0.11796875 0.0484375 0.05
0 0.4328125 0.37265625 0.0484375 0.0515625
0 0.48125 0.37421875 0.053125 0.0515625
0 0.53515625 0.371875 0.053125 0.0515625
0 0.584375 0.36796875 0.0484375 0.053125
0 0.63125 0.37265625 0.0484375 0.053125
0 0.6796875 0.37734375 0.046875 0.046875
0 0.71640625 0.32890625 0.0546875 0.0515625
0 0.65390625 0.32265625 0.05 0.05
0 0.60234375 0.321875 0.053125 0.0515625
0 0.5546875 0.3234375 0.0515625 0.05
0 0.403125 0.33203125 0.05 0.05
0 0.453125 0.33046875 0.053125 0.05
0 0.5046875 0.3265625 0.0515625 0.0515625
0 0.43046875 0.28828125 0.05 0.05
0 0.47890625 0.28671875 0.053125 0.05
0 0.528125 0.28125 0.05 0.053125
0 0.57578125 0.2828125 0.046875 0.0484375
0 0.62421875 0.2828125 0.053125 0.046875
0 0.68515625 0.28203125 0.05 0.05
0 0.7328125 0.2890625 0.05 0.046875
0 0.4 0.24765625 0.046875 0.0484375
0 0.44765625 0.24609375 0.0515625 0.053125
0 0.4984375 0.2421875 0.05 0.05
0 0.55 0.23515625 0.053125 0.0484375
0 0.603125 0.23671875 0.053125 0.05
0 0.653125 0.23984375 0.05 0.046875
0 0.70703125 0.2453125 0.053125 0.0515625
0 0.76015625 0.24453125 0.053125 0.05
0 0.4234375 0.2015625 0.046875 0.046875
0 0.47265625 0.2 0.053125 0.0515625
0 0.521875 0.1984375 0.0515625 0.05
0 0.57421875 0.1984375 0.053125 0.053125
0 0.6296875 0.1953125 0.0515625 0.046875
0 0.67734375 0.20234375 0.0515625 0.053125
0 0.7390625 0.19609375 0.0484375 0.053125
0 0.78515625 0.20234375 0.0484375 0.0515625
0 0.446875 0.15703125 0.046875 0.046875
0 0.4953125 0.15546875 0.05 0.05
0 0.54375 0.1578125 0.05625 0.05
0 0.6015625 0.15390625 0.0578125 0.05
0 0.653125 0.15859375 0.053125 0.05
0 0.709375 0.1546875 0.053125 0.05
0 0.7625 0.1515625 0.0484375 0.05
0 0.80625 0.159375 0.0515625 0.053125
0 0.4234375 0.11171875 0.0484375 0.05
0 0.47109375 0.11015625 0.05 0.0484375
0 0.51953125 0.11328125 0.05 0.0515625
0 0.571875 0.109375 0.0515625 0.05
0 0.6140625 0.1140625 0.0421875 0.05
0 0.65859375 0.1078125 0.0484375 0.0484375
0 0.7078125 0.10546875 0.053125 0.05
0 0.76328125 0.1015625 0.05 0.0515625
0 0.82890625 0.11484375 0.053125 0.0515625
2 0.79765625 0.10703125 0.065625 0.075
0 0.0515625 0.0796875 0.053125 0.05
0 0.1046875 0.07734375 0.053125 0.05
0 0.153125 0.07734375 0.0453125 0.04375
0 0.203125 0.078125 0.053125 0.05
0 0.25078125 0.071875 0.046875 0.046875
0 0.3015625 0.07421875 0.053125 0.0515625
0 0.35234375 0.0734375 0.0484375 0.05
0 0.39921875 0.06875 0.0453125 0.0515625
0 0.03515625 0.0375 0.040625 0.0546875
0 0.0796875 0.03515625 0.0484375 0.05
0 0.13046875 0.0328125 0.05 0.05
0 0.175 0.0375 0.05 0.05
0 0.22578125 0.02890625 0.05 0.05
0 0.275 0.02890625 0.05 0.05
0 0.32421875 0.028125 0.0515625 0.05
0 0.37421875 0.02578125 0.05 0.05
0 0.0515625 0.009375 0.05 0.01875
0 0.10234375 0.0078125 0.0484375 0.015625
0 0.1484375 0.00703125 0.046875 0.0140625
0 0.196875 0.00859375 0.05 0.0171875
0 0.24921875 0.00546875 0.0484375 0.0109375
0 0.446875 0.06953125 0.05 0.05
0 0.4953125 0.06875 0.046875 0.0484375
0 0.5453125 0.06875 0.053125 0.053125
0 0.5953125 0.06484375 0.0484375 0.05
0 0.6484375 0.0625 0.0484375 0.046875
0 0.69921875 0.059375 0.053125 0.0484375
0 0.753125 0.053125 0.053125 0.05
0 0.8046875 0.06484375 0.0515625 0.0515625
0 0.85546875 0.0703125 0.053125 0.05
0 0.42421875 0.02578125 0.0484375 0.05
0 0.47265625 0.02734375 0.0515625 0.0484375
0 0.52265625 0.02578125 0.05 0.05
0 0.5703125 0.02578125 0.0484375 0.0484375
0 0.61875 0.025 0.05 0.04375
0 0.6671875 0.0234375 0.05 0.0375
0 0.72109375 0.021875 0.053125 0.03125
0 0.77265625 0.025 0.053125 0.0328125
0 0.82734375 0.03046875 0.0578125 0.040625
0 0.88125 0.03125 0.05625 0.0375