1 0.0265625 0.178125 0.0234375 0.0515625
2 0.2875 0.0140625 0.053125 0.028125
0 0.00859375 0.9609375 0.0171875 0.028125
0 0.040625 0.9625 0.0515625 0.03125
0 0.09765625 0.96171875 0.05 0.0390625
0 0.14609375 0.96328125 0.0453125 0.0390625
0 0.19296875 0.965625 0.053125 0.040625
0 0.24765625 0.96640625 0.046875 0.04375
0 0.29921875 0.96953125 0.053125 0.04375
0 0.02109375 0.9296875 0.0421875 0.046875
0 0.0703125 0.92578125 0.053125 0.0484375
0 0.12109375 0.9265625 0.05 0.0484375
0 0.171875 0.92421875 0.0484375 0.0484375
0 0.2203125 0.925 0.05 0.046875
0 0.26796875 0.9296875 0.0453125 0.046875
0 0.31953125 0.93125 0.0578125 0.05
0 0.009375 0.884375 0.01875 0.046875
0 0.040625 0.88984375 0.05 0.0484375
0 0.09140625 0.88671875 0.053125 0.05
0 0.14765625 0.8828125 0.05 0.046875
0 0.1984375 0.88046875 0.0484375 0.046875
0 0.24609375 0.8875 0.046875 0.046875
0 0.29375 0.8859375 0.0515625 0.0484375
0 0.02109375 0.8453125 0.0421875 0.05
0 0.07421875 0.84140625 0.059375 0.0484375
0 0.11875 0.846875 0.0484375 0.0515625
0 0.16953125 0.84296875 0.0515625 0.0484375
0 0.22109375 0.83828125 0.0515625 0.0484375
0 0.26640625 0.846875 0.05 0.05
0 0.00859375 0.79921875 0.0171875 0.0484375
0 0.04375 0.80078125 0.053125 0.0515625
0 0.09375 0.80078125 0.05 0.04375
0 0.1453125 0.79765625 0.0484375 0.046875
0 0.19140625 0.803125 0.0484375 0.053125
0 0.24296875 0.80234375 0.05 0.0484375
0 0.3015625 0.8015625 0.05 0.0484375
0 0.346875 0.971875 0.0484375 0.0453125
0 0.3734375 0.9296875 0.053125 0.05
0 0.35078125 0.88828125 0.0515625 0.0515625
0 0.40625 0.8875 0.0578125 0.0515625
0 0.31953125 0.84765625 0.05625 0.0515625
0 0.3734375 0.8453125 0.05 0.046875
0 0.42265625 0.8453125 0.053125 0.05
0 0.34765625 0.80546875 0.0484375 0.05
0 0.39609375 0.8046875 0.05 0.05
0 0.44609375 0.80546875 0.05625 0.053125
0 0.46875 0.7625 0.046875 0.05
0 0.49765625 0.71875 0.05 0.0515625
0 0.44609375 0.71875 0.053125 0.05
0 0.4734375 0.67421875 0.0484375 0.0484375
0 0.5234375 0.671875 0.0515625 0.0515625
0 0.44921875 0.6265625 0.0484375 0.053125
0 0.4984375 0.62890625 0.053125 0.0484375
0 0.56484375 0.6140625 0.053125 0.05
0 0.4765625 0.5796875 0.0546875 0.0515625
0 0.5296875 0.578125 0.0515625 0.0515625
0 0.57421875 0.584375 0.046875 0.0390625
0 0.44921875 0.5390625 0.05 0.0515625
0 0.50234375 0.53046875 0.05 0.0515625
0 0.5484375 0.54140625 0.05 0.0515625
0 0.60625 0.53359375 0.05625 0.05
0 0.47578125 0.496875 0.0515625 0.0515625
0 0.52734375 0.490625 0.05625 0.0515625
0 0.5765625 0.49453125 0.0484375 0.05
0 0.628125 0.4921875 0.0546875 0.0484375
0 0.45 0.45234375 0.053125 0.0484375
0 0.50078125 0.45 0.053125 0.0515625
0 0.5515625 0.45 0.0515625 0.0484375
0 0.603125 0.45078125 0.0515625 0.053125
0 0.65546875 0.4453125 0.05 0.05
0 0.47421875 0.4140625 0.053125 0.05
0 0.52734375 0.41015625 0.0515625 0.046875
0 0.575 0.4078125 0.05 0.05
0 0.62421875 0.41015625 0.053125 0.04375
0 0.6796875 0.40546875 0.05 0.05
0 0.44921875 0.36796875 0.05 0.0484375
0 0.49765625 0.37265625 0.0484375 0.05
0 0.5453125 0.371875 0.0484375 0.0484375
0 0.59609375 0.36953125 0.0484375 0.0484375
0 0.64921875 0.3671875 0.0515625 0.0484375
0 0.7046875 0.365625 0.05625 0.0515625
0 0.46796875 0.33046875 0.05 0.0484375
0 0.51953125 0.3265625 0.0484375 0.05
0 0.56640625 0.33359375 0.0484375 0.05
0 0.6203125 0.32421875 0.053125 0.0484375
0 0.66875 0.33125 0.0484375 0.0484375
0 0.7234375 0.3296875 0.05 0.04375
0 0.43984375 0.28984375 0.0515625 0.0484375
0 0.49296875 0.2859375 0.0515625 0.0484375
0 0.54453125 0.2828125 0.0484375 0.05
0 0.59140625 0.284375 0.0484375 0.0484375
0 0.6421875 0.2890625 0.05 0.0484375
0 0.69609375 0.2875 0.0546875 0.05
0 0.75 0.284375 0.053125 0.0484375
0 0.46171875 0.25078125 0.05 0.0515625
0 0.515625 0.240625 0.0546875 0.05
0 0.57109375 0.23984375 0.05 0.0484375
0 0.62265625 0.24296875 0.0484375 0.0484375
0 0.6765625 0.23046875 0.0484375 0.0484375
0 0.72734375 0.24140625 0.0484375 0.05
0 0.7765625 0.23984375 0.053125 0.05
0 0.43828125 0.20625 0.0484375 0.0484375
0 0.4859375 0.2046875 0.0484375 0.0484375
0 0.54140625 0.1984375 0.0484375 0.0484375
0 0.58828125 0.203125 0.0515625 0.046875
0 0.6484375 0.1953125 0.0515625 0.0484375
0 0.696875 0.2 0.053125 0.0515625
0 0.75 0.1953125 0.0515625 0.0484375
0 0.80234375 0.19375 0.053125 0.046875
0 0.45546875 0.16484375 0.0546875 0.053125
0 0.51015625 0.16875 0.05 0.0484375
0 0.56484375 0.15703125 0.053125 0.05
0 0.6234375 0.15546875 0.0515625 0.05
0 0.6734375 0.1546875 0.05 0.0515625
0 0.7234375 0.15234375 0.046875 0.0484375
0 0.7734375 0.15625 0.053125 0.0515625
0 0.83203125 0.14765625 0.05 0.053125
0 0.43203125 0.125 0.05 0.0484375
0 0.48515625 0.12421875 0.0515625 0.0484375
0 0.5328125 0.1234375 0.0484375 0.0453125
0 0.5890625 0.1203125 0.0515625 0.05
0 0.6453125 0.11328125 0.0515625 0.0484375
0 0.6984375 0.11171875 0.05 0.0484375
0 0.74921875 0.115625 0.05 0.05
0 0.79453125 0.11484375 0.046875 0.0484375
0 0.859375 0.103125 0.05 0.046875
0 0.4515625 0.08828125 0.0484375 0.046875
0 0.503125 0.08359375 0.053125 0.0484375
0 0.56015625 0.0828125 0.0546875 0.053125
0 0.61484375 0.07421875 0.0515625 0.0484375
0 0.665625 0.08046875 0.053125 0.0484375
0 0.7234375 0.0765625 0.05 0.05
0 0.7734375 0.071875 0.0515625 0.0484375
0 0.8171875 0.07734375 0.0484375 0.05
0 0.43203125 0.04453125 0.053125 0.0484375
0 0.48046875 0.0390625 0.053125 0.0515625
0 0.5328125 0.040625 0.05 0.046875
0 0.59140625 0.034375 0.05 0.053125
0 0.64296875 0.03359375 0.0515625 0.046875
0 0.69609375 0.0359375 0.05 0.0515625
0 0.74375 0.0328125 0.046875 0.04375
0 0.7890625 0.03671875 0.0453125 0.0453125
0 0.85078125 0.03125 0.0484375 0.0296875
0 0.8796875 0.06171875 0.05 0.0484375
0 0.896875 0.03828125 0.0453125 0.0375
0 0.475 0.01328125 0.05 0.0265625
0 0.52578125 0.009375 0.0484375 0.01875
0 0.61796875 0.0140625 0.0421875 0.01875
0 0.02265625 0.759375 0.0453125 0.053125
0 0.06796875 0.7625 0.046875 0.046875
0 0.1140625 0.7625 0.05 0.0484375
0 0.171875 0.75546875 0.053125 0.053125
0 0.221875 0.7609375 0.046875 0.0453125
0 0.27109375 0.76171875 0.05625 0.05
0 0.325 0.76171875 0.0546875 0.0515625
0 0.37421875 0.759375 0.05 0.05625
0 0.42265625 0.76171875 0.05 0.05
0 0.009375 0.72109375 0.01875 0.0484375
0 0.04140625 0.715625 0.0515625 0.0515625
0 0.0890625 0.7203125 0.0484375 0.0484375
0 0.1421875 0.71796875 0.053125 0.05
0 0.1984375 0.71796875 0.0484375 0.0515625
0 0.246875 0.72109375 0.0515625 0.0484375
0 0.30078125 0.71953125 0.0546875 0.053125
0 0.35234375 0.71640625 0.0515625 0.0515625
0 0.396875 0.7203125 0.046875 0.0484375
0 0.0203125 0.67890625 0.040625 0.0546875
0 0.0640625 0.67734375 0.0484375 0.0515625
0 0.12265625 0.6703125 0.0515625 0.05
0 0.16640625 0.68125 0.0515625 0.0515625
0 0.22421875 0.671875 0.05 0.0515625
0 0.26875 0.678125 0.04375 0.0484375
0 0.32734375 0.671875 0.0515625 0.0515625
0 0.37265625 0.67578125 0.0484375 0.05
0 0.4296875 0.66953125 0.0484375 0.0515625
0 0.01015625 0.6328125 0.0203125 0.046875
0 0.0453125 0.63203125 0.0515625 0.05
0 0.1 0.628125 0.0515625 0.046875
0 0.14765625 0.62734375 0.05 0.0515625
0 0.196875 0.63359375 0.0515625 0.05
0 0.24921875 0.628125 0.053125 0.0515625
0 0.3015625 0.628125 0.053125 0.0546875
0 0.353125 0.628125 0.05 0.0484375
0 0.40625 0.62421875 0.0515625 0.053125
0 0.02265625 0.5890625 0.0453125 0.053125
0 0.07109375 0.58828125 0.05 0.053125
0 0.1203125 0.58828125 0.05 0.0484375
0 0.17421875 0.5859375 0.0515625 0.0484375
0 0.22265625 0.59296875 0.05 0.0484375
0 0.2734375 0.58515625 0.05 0.053125
0 0.32421875 0.5875 0.05625 0.0515625
0 0.37578125 0.58515625 0.05 0.05
0 0.43203125 0.58046875 0.053125 0.05
0 0.009375 0.55 0.01875 0.046875
0 0.04296875 0.553125 0.0515625 0.05
0 0.09453125 0.54765625 0.053125 0.0515625
0 0.14765625 0.5453125 0.053125 0.05
0 0.19140625 0.5546875 0.0453125 0.0484375
0 0.24609375 0.546875 0.053125 0.05
0 0.3 0.5453125 0.053125 0.053125
0 0.34375 0.55 0.046875 0.05
0 0.39375 0.546875 0.0546875 0.0484375
0 0.0234375 0.50703125 0.046875 0.0515625
0 0.06796875 0.5078125 0.05 0.05
0 0.12421875 0.503125 0.0515625 0.053125
0 0.17421875 0.50390625 0.053125 0.05
0 0.221875 0.503125 0.046875 0.0484375
0 0.26640625 0.5125 0.05 0.0484375
0 0.321875 0.5 0.0484375 0.053125
0 0.36640625 0.50625 0.046875 0.05
0 0.428125 0.49375 0.0515625 0.0484375
0 0.03984375 0.4671875 0.05 0.0484375
0 0.09140625 0.46328125 0.0546875 0.0515625
0 0.140625 0.46640625 0.046875 0.04375
0 0.18984375 0.46328125 0.05 0.0484375
0 0.23828125 0.46328125 0.05 0.0515625
0 0.28828125 0.46484375 0.053125 0.0546875
0 0.3453125 0.4578125 0.053125 0.0484375
0 0.39921875 0.45546875 0.053125 0.0484375
0 0.02265625 0.425 0.0421875 0.05
0 0.065625 0.42421875 0.046875 0.0484375
0 0.1140625 0.42421875 0.0484375 0.053125
0 0.16328125 0.421875 0.053125 0.05
0 0.2125 0.42265625 0.053125 0.0515625
0 0.26484375 0.42265625 0.053125 0.0484375
0 0.3140625 0.42421875 0.0484375 0.05
0 0.36875 0.4203125 0.0515625 0.05
0 0.4203125 0.41484375 0.053125 0.0484375
0 0.0375 0.38671875 0.0453125 0.0453125
0 0.08984375 0.38125 0.0484375 0.0515625
0 0.1359375 0.38671875 0.0453125 0.0484375
0 0.184375 0.384375 0.05 0.0453125
0 0.23515625 0.38125 0.0515625 0.053125
0 0.2859375 0.38203125 0.05 0.053125
0 0.34140625 0.3765625 0.0515625 0.05
0 0.390625 0.3734375 0.0546875 0.0484375
0 0.02421875 0.34140625 0.0359375 0.0515625
0 0.0625 0.346875 0.0484375 0.0515625
0 0.11015625 0.3421875 0.0484375 0.053125
0 0.15703125 0.34453125 0.0484375 0.05
0 0.20234375 0.34453125 0.0484375 0.0484375
0 0.25546875 0.34453125 0.05 0.05
0 0.31328125 0.3359375 0.053125 0.0484375
0 0.35859375 0.3390625 0.0453125 0.0453125
0 0.41328125 0.33359375 0.05 0.0515625
0 0.0390625 0.29921875 0.0515625 0.0484375
0 0.0890625 0.30234375 0.0484375 0.0484375
0 0.1375 0.29921875 0.05 0.05
0 0.18671875 0.2984375 0.05 0.05
0 0.23671875 0.296875 0.05 0.0515625
0 0.28515625 0.29765625 0.05 0.05
0 0.33671875 0.296875 0.0578125 0.0578125
0 0.390625 0.2921875 0.053125 0.05
0 0.025 0.26015625 0.0296875 0.0484375
0 0.06015625 0.2625 0.0453125 0.046875
0 0.10625 0.26171875 0.0484375 0.05
0 0.15859375 0.2578125 0.0515625 0.05
0 0.21015625 0.25546875 0.05 0.05
0 0.26015625 0.2546875 0.05 0.053125
0 0.30703125 0.259375 0.053125 0.05
0 0.36171875 0.25078125 0.0515625 0.0484375
0 0.4125 0.25234375 0.053125 0.0515625
0 0.0359375 0.21796875 0.046875 0.0484375
0 0.0859375 0.21796875 0.0484375 0.0484375
0 0.13359375 0.2171875 0.0484375 0.0484375
0 0.1828125 0.21953125 0.053125 0.0484375
0 0.234375 0.21328125 0.0515625 0.0515625
0 0.284375 0.2140625 0.0515625 0.0515625
0 0.334375 0.21015625 0.0484375 0.0484375
0 0.3875 0.21015625 0.053125 0.0484375
0 0.0609375 0.1796875 0.0515625 0.0484375
0 0.11015625 0.1734375 0.0515625 0.0484375
0 0.15859375 0.1734375 0.05 0.053125
0 0.20546875 0.17890625 0.053125 0.0484375
0 0.259375 0.16796875 0.0515625 0.0515625
0 0.30625 0.175 0.0515625 0.05
0 0.35625 0.17109375 0.05 0.0484375
0 0.40703125 0.16953125 0.053125 0.0484375
0 0.0375 0.13125 0.040625 0.05
0 0.08359375 0.13125 0.0515625 0.05
0 0.13515625 0.13203125 0.053125 0.0515625
0 0.184375 0.128125 0.0515625 0.053125
0 0.2328125 0.1296875 0.05 0.05
0 0.2828125 0.12890625 0.053125 0.05
0 0.33125 0.13046875 0.0515625 0.0515625
0 0.38515625 0.128125 0.0515625 0.05
0 0.05078125 0.090625 0.05 0.046875
0 0.109375 0.08671875 0.0546875 0.05
0 0.1578125 0.0875 0.05 0.0484375
0 0.20625 0.08828125 0.0515625 0.05
0 0.25703125 0.08671875 0.053125 0.0515625
0 0.30625 0.08828125 0.0484375 0.0515625
0 0.35625 0.08359375 0.053125 0.05
0 0.40546875 0.08671875 0.053125 0.0515625
0 0.03984375 0.0453125 0.0359375 0.0484375
0 0.0796875 0.04609375 0.053125 0.0515625
0 0.1296875 0.04609375 0.053125 0.0484375
0 0.18125 0.046875 0.0515625 0.0484375
0 0.23125 0.046875 0.05 0.0484375
0 0.28046875 0.0453125 0.05 0.0484375
0 0.33203125 0.04609375 0.053125 0.0484375
0 0.38203125 0.0421875 0.053125 0.0515625
0 0.04921875 0.01171875 0.0484375 0.0234375
0 0.09765625 0.01328125 0.0515625 0.0265625
0 0.146875 0.01171875 0.046875 0.0234375
0 0.190625 0.0125 0.046875 0.025
0 0.24296875 0.009375 0.0484375 0.01875
0 0.328125 0.0125 0.05 0.025
0 0.378125 0.0140625 0.046875 0.028125
0 0.4296875 0.0109375 0.05 0.021875