1 0.5625 0.709375 0.18828125 0.16484375
1 0.74140625 0.6765625 0.18828125 0.16484375
1 0.8265625 0.4953125 0.1796875 0.20625
1 0.20703125 0.43671875 0.184375 0.1734375
1 0.9015625 0.353125 0.190625 0.1765625
1 0.30234375 0.57578125 0.19921875 0.17578125
1 0.36171875 0.1140625 0.19140625 0.153125
1 0.109375 0.5765625 0.18515625 0.175
1 0.446875 0.25703125 0.171875 0.17421875
1 0.61875 0.22109375 0.19453125 0.18125
1 0.815625 0.22109375 0.18359375 0.15703125
1 0.1796875 0.14921875 0.19140625 0.1515625
1 0.92265625 0.6453125 0.1546875 0.171875
1 0.5375 0.08125 0.1875 0.1625
1 0.83359375 0.80546875 0.2046875 0.1828125
1 0.66484375 0.8609375 0.18984375 0.18515625
1 0.06015625 0.45234375 0.11953125 0.1796875
1 0.48125 0.56015625 0.17109375 0.17734375
1 0.38203125 0.41328125 0.1875 0.1828125
1 0.21015625 0.734375 0.1703125 0.17578125
1 0.65 0.53203125 0.18984375 0.19453125
1 0.28203125 0.28046875 0.196875 0.1734375
1 0.72421875 0.0796875 0.19296875 0.15625
1 0.56484375 0.39921875 0.18515625 0.17890625
1 0.3734375 0.69375 0.19921875 0.18359375
1 0.89765625 0.07578125 0.1796875 0.140625
1 0.096875 0.2859375 0.1875 0.16953125
1 0.47421875 0.86015625 0.1953125 0.18046875
1 0.08203125 0.0484375 0.1640625 0.09609375
1 0.0453125 0.16640625 0.090625 0.17421875
1 0.72265625 0.34921875 0.16328125 0.171875
1 0.9234375 0.92734375 0.1484375 0.1453125
1 0.32734375 0.89296875 0.1546875 0.21328125
1 0.95390625 0.4953125 0.0921875 0.178125
1 0.9609375 0.80703125 0.078125 0.19296875
1 0.94765625 0.2015625 0.1046875 0.17890625
1 0.24453125 0.04375 0.16640625 0.0875
1 0.43046875 0.97265625 0.1609375 0.05390625
1 0.5828125 0.9609375 0.1828125 0.078125
1 0.40546875 0.021875 0.2390625 0.04296875
0 0.7625 0.95859375 0.17734375 0.0734375