0 0.6203125 0.82265625 0.046875 0.0453125
0 0.1921875 0.86953125 0.0453125 0.0453125
0 0.4171875 0.86484375 0.040625 0.046875
0 0.23671875 0.86640625 0.046875 0.046875
0 0.01875 0.86953125 0.0375 0.0453125
0 0.4359375 0.90390625 0.0421875 0.04375
0 0.38046875 0.86171875 0.0421875 0.046875
0 0.640625 0.86171875 0.04375 0.04375
0 0.4890625 0.978125 0.04375 0.04375
0 0.28125 0.86484375 0.0453125 0.046875
0 0.43828125 0.9796875 0.0453125 0.0390625
0 0.0375 0.9046875 0.0453125 0.04375
0 0.30625 0.90859375 0.0421875 0.04375
0 0.62421875 0.96875 0.04375 0.0421875
0 0.66484375 0.8171875 0.0453125 0.046875
0 0.70859375 0.81796875 0.04375 0.0453125
0 0.08125 0.91015625 0.0453125 0.04375
0 0.15078125 0.94296875 0.0453125 0.0421875
0 0.484375 0.90390625 0.0453125 0.04375
0 0.396875 0.903125 0.0421875 0.04375
0 0.0578125 0.94609375 0.04375 0.04375
0 0.4640625 0.93984375 0.0453125 0.0421875
0 0.45859375 0.86484375 0.0453125 0.0453125
0 0.3984375 0.97890625 0.04375 0.0375
0 0.41796875 0.94296875 0.04375 0.04375
0 0.128125 0.9078125 0.04375 0.0421875
0 0.7078125 0.89765625 0.04375 0.04375
0 0.2125 0.90703125 0.04375 0.0421875
0 0.06015625 0.8640625 0.05 0.0484375
0 0.60078125 0.93671875 0.04375 0.0421875
0 0.5078125 0.86640625 0.0453125 0.0453125
0 0.31015625 0.9765625 0.0453125 0.0359375
0 0.00546875 0.90859375 0.0109375 0.0453125
0 0.68828125 0.85625 0.04375 0.04375
0 0.2640625 0.90234375 0.04375 0.04375
0 0.6671875 0.8953125 0.0421875 0.04375
0 0.1046875 0.94609375 0.0453125 0.04375
0 0.5109375 0.93828125 0.040625 0.0421875
0 0.61875 0.8953125 0.04375 0.0421875
0 0.16953125 0.90390625 0.0421875 0.04375
0 0.12890625 0.975 0.04375 0.025
0 0.528125 0.90546875 0.0421875 0.040625
0 0.259375 0.97890625 0.0453125 0.028125
0 0.353125 0.97890625 0.0421875 0.034375
0 0.353125 0.90625 0.04375 0.04375
0 0.284375 0.94296875 0.04375 0.04375
0 0.3296875 0.9421875 0.04375 0.0421875
0 0.0171875 0.94296875 0.034375 0.0421875
0 0.53671875 0.97265625 0.0421875 0.0421875
0 0.2375 0.95 0.0421875 0.04375
0 0.73125 0.85234375 0.04375 0.0421875
0 0.64609375 0.9296875 0.0390625 0.04375
0 0.37265625 0.94453125 0.04375 0.04375
0 0.6734375 0.965625 0.0421875 0.040625
0 0.56953125 0.83828125 0.0453125 0.0453125
0 0.08359375 0.975 0.0453125 0.0234375
0 0.55078125 0.94296875 0.0421875 0.040625
0 0.178125 0.97265625 0.0453125 0.034375
0 0.12265625 0.8453125 0.046875 0.046875
0 0.6875 0.9375 0.0421875 0.0359375
0 0.571875 0.9 0.04375 0.040625
0 0.7515625 0.821875 0.040625 0.04375
0 0.65 0.99296875 0.04375 0.0140625
0 0.34765625 0.84375 0.046875 0.046875
0 0.6078125 0.99140625 0.040625 0.0171875
0 0.196875 0.94296875 0.0421875 0.0421875
0 0.146875 0.8671875 0.040625 0.046875
0 0.03671875 0.975 0.040625 0.01875
0 0.50390625 0.8140625 0.046875 0.0484375
0 0.5734375 0.9796875 0.040625 0.040625
0 0.55546875 0.99453125 0.0390625 0.0109375
0 0.596875 0.86640625 0.034375 0.04375
0 0.009375 0.9703125 0.01875 0.025
0 0.215625 0.98046875 0.0359375 0.021875