0 0.56953125 0.8734375 0.06640625 0.06484375
0 0.09609375 0.971875 0.0671875 0.05625
0 0.53359375 0.62265625 0.06484375 0.0625
0 0.40234375 0.93828125 0.0640625 0.06171875
0 0.7734375 0.8703125 0.06640625 0.06484375
0 0.0625 0.91328125 0.0625 0.0625
0 0.81953125 0.92421875 0.06484375 0.0640625
0 0.2765625 0.80390625 0.0640625 0.0625
0 0.32578125 0.57578125 0.06875 0.065625
0 0.015625 0.92421875 0.03046875 0.06328125
0 0.1546875 0.803125 0.06171875 0.06484375
0 0.59609375 0.640625 0.06328125 0.05859375
0 0.22578125 0.684375 0.0640625 0.0640625
0 0.62578125 0.6953125 0.05859375 0.0609375
0 0.275 0.9296875 0.06640625 0.0609375
0 0.51953125 0.74453125 0.0640625 0.06484375
0 0.96640625 0.78359375 0.06640625 0.065625
0 0.215625 0.80859375 0.059375 0.06484375
0 0.3796875 0.8828125 0.0640625 0.0625
0 0.69296875 0.69140625 0.06484375 0.0609375
0 0.16796875 0.9734375 0.06484375 0.05234375
0 0.34921875 0.815625 0.0671875 0.065625
0 0.25859375 0.7390625 0.06484375 0.06171875
0 0.2546875 0.5703125 0.06484375 0.0625
0 0.84375 0.8453125 0.065625 0.06484375
0 0.678125 0.93515625 0.065625 0.0625
0 0.33828125 0.93515625 0.06015625 0.06328125
0 0.1296875 0.60390625 0.06640625 0.06484375
0 0.0953125 0.65859375 0.06640625 0.06640625
0 0.85859375 0.97265625 0.06640625 0.05390625
0 0.74296875 0.93046875 0.0625 0.05859375
0 0.646875 0.87890625 0.06484375 0.06328125
0 0.80625 0.79296875 0.06484375 0.0640625
0 0.9296875 0.728125 0.0671875 0.06484375
0 0.45546875 0.740625 0.0640625 0.0640625
0 0.10546875 0.42265625 0.0640625 0.0578125
0 0.54375 0.94453125 0.0640625 0.06484375
0 0.30390625 0.69140625 0.065625 0.0625
0 0.16328125 0.684375 0.0578125 0.06484375
0 0.4765625 0.93984375 0.06484375 0.06171875
0 0.24765625 0.8703125 0.06328125 0.0609375
0 0.078125 0.47890625 0.0671875 0.06484375
0 0.70859375 0.8703125 0.06171875 0.06484375
0 0.64609375 0.98125 0.06015625 0.03671875
0 0.36796875 0.9828125 0.065625 0.03359375
0 0.7140625 0.98046875 0.0671875 0.03828125
0 0.178125 0.8671875 0.0671875 0.06328125
0 0.57578125 0.98359375 0.06484375 0.0328125
0 0.15625 0.49375 0.06953125 0.065625
0 0.03203125 0.97578125 0.0609375 0.0484375
0 0.5671875 0.7015625 0.0640625 0.065625
1 0.053125 0.73359375 0.05546875 0.0671875
0 0.20859375 0.92578125 0.06328125 0.0609375
1 0.73046875 0.74375 0.06796875 0.059375
0 0.5 0.984375 0.0671875 0.03046875
0 0.43515625 0.984375 0.06484375 0.03125
1 0.48515625 0.81171875 0.053125 0.0625
1 0.915625 0.84375 0.06796875 0.05859375
1 0.18203125 0.5609375 0.0625 0.053125
1 0.1328125 0.91796875 0.05859375 0.05390625
1 0.08828125 0.7953125 0.059375 0.0671875
1 0.42578125 0.8171875 0.0671875 0.0578125
1 0.60703125 0.93828125 0.06328125 0.0515625
1 0.66015625 0.75859375 0.06328125 0.0671875
1 0.03046875 0.6296875 0.059375 0.07578125
1 0.109375 0.54921875 0.053125 0.05546875
1 0.6703125 0.81640625 0.06484375 0.053125
1 0.61015625 0.81875 0.0546875 0.05625
1 0.88828125 0.90390625 0.05859375 0.0671875
1 0.5453125 0.81328125 0.06640625 0.05546875
1 0.20234375 0.61953125 0.05625 0.05703125
1 0.3125 0.87265625 0.0546875 0.0578125
1 0.58984375 0.7625 0.06796875 0.059375
1 0.97734375 0.85625 0.0453125 0.065625
1 0.890625 0.79140625 0.06015625 0.05546875
1 0.0203125 0.49140625 0.040625 0.0578125
1 0.39296875 0.76015625 0.0625 0.05859375
1 0.49765625 0.68515625 0.06171875 0.0609375
1 0.3640625 0.6390625 0.06953125 0.05859375
1 0.1140625 0.73046875 0.07109375 0.06640625
1 0.9265625 0.96953125 0.059375 0.05859375
1 0.10703125 0.86171875 0.06875 0.05703125
1 0.7390625 0.80625 0.05859375 0.059375
1 0.02890625 0.79453125 0.05703125 0.053125
1 0.18515625 0.7453125 0.06484375 0.05859375
1 0.296875 0.51796875 0.0625 0.059375
1 0.22890625 0.50625 0.0703125 0.0625
1 0.0359375 0.5515625 0.071875 0.065625
1 0.1859375 0.42890625 0.07734375 0.06171875
1 0.371875 0.50390625 0.065625 0.07421875
1 0.9484375 0.91328125 0.06328125 0.06640625
1 0.02109375 0.69296875 0.0421875 0.0484375
1 0.49921875 0.87578125 0.0609375 0.06796875
1 0.33125 0.753125 0.06015625 0.053125
1 0.43671875 0.8796875 0.065625 0.065625
1 0.8015625 0.72109375 0.0765625 0.06640625
1 0.034375 0.853125 0.0671875 0.06015625
1 0.434375 0.6125 0.07265625 0.05859375
1 0.978125 0.9734375 0.04375 0.05
1 0.78203125 0.978125 0.0609375 0.04375
1 0.240625 0.98046875 0.06015625 0.03828125
1 0.03359375 0.4328125 0.059375 0.06015625
1 0.43203125 0.67109375 0.06484375 0.06171875
1 0.3828125 0.7015625 0.06796875 0.05
0 0.27734375 0.63828125 0.06640625 0.0609375
1 0.30546875 0.9859375 0.0609375 0.028125