0 0.0140625 0.7625 0.028125 0.046875
0 0.0546875 0.74921875 0.0484375 0.05
0 0.1015625 0.75 0.05 0.0515625
0 0.14375 0.75703125 0.0484375 0.05
0 0.184375 0.765625 0.0453125 0.046875
0 0.1625 0.796875 0.0453125 0.0453125
0 0.11796875 0.79375 0.0484375 0.0453125
0 0.07265625 0.7921875 0.05 0.0484375
0 0.03046875 0.790625 0.0421875 0.04375
0 0.13359375 0.83671875 0.0453125 0.0484375
0 0.0921875 0.83046875 0.046875 0.0484375
0 0.04921875 0.825 0.0484375 0.0453125
0 0.0125 0.821875 0.025 0.05
0 0.02421875 0.859375 0.0484375 0.05
0 0.06953125 0.8625 0.0484375 0.0453125
0 0.10859375 0.875 0.0421875 0.0390625
0 0.09140625 0.89921875 0.0484375 0.05
0 0.04296875 0.9 0.0546875 0.05
0 0.06328125 0.92734375 0.046875 0.025
0 0.021875 0.9203125 0.04375 0.025
0 0.0078125 0.90078125 0.015625 0.0453125