1 0.784375 0.7375 0.0875 0.0890625
0 0.29765625 0.025 0.1453125 0.05
0 0.8765625 0.05390625 0.1171875 0.0765625
1 0.8640625 0.74140625 0.0828125 0.0828125
0 0.46953125 0.61328125 0.1296875 0.1125
1 0.690625 0.68203125 0.1375 0.1171875
1 0.9015625 0.81796875 0.0890625 0.084375
0 0.0203125 0.78046875 0.040625 0.1609375
1 0.7015625 0.790625 0.0859375 0.1046875
1 0.93125 0.909375 0.09375 0.1015625
1 0.94375 0.70546875 0.0890625 0.0828125
0 0.08984375 0.81015625 0.1359375 0.1140625
1 0.87109375 0.67265625 0.075 0.0640625
0 0.6203125 0.075 0.1078125 0.1046875
1 0.9609375 0.7890625 0.053125 0.0875
1 0.79140625 0.65 0.08125 0.0828125
0 0.690625 0.17578125 0.1265625 0.11875
1 0.95859375 0.3390625 0.0828125 0.1
0 0.53984375 0.0234375 0.1234375 0.046875
1 0.78046875 0.81640625 0.0828125 0.0859375
1 0.92890625 0.546875 0.090625 0.0765625
1 0.9890625 0.16640625 0.021875 0.0859375
1 0.9796875 0.4203125 0.040625 0.08125
0 0.50703125 0.49375 0.115625 0.115625
0 0.05859375 0.1734375 0.090625 0.1140625
1 0.97265625 0.24609375 0.0546875 0.0921875
0 0.42421875 0.40546875 0.115625 0.10625
0 0.4375 0.82421875 0.11875 0.1234375
1 0.84453125 0.95546875 0.1046875 0.0890625
1 0.953125 0.965625 0.05 0.06875
1 0.8875 0.38828125 0.096875 0.109375
1 0.840625 0.87578125 0.1 0.0875
0 0.37109375 0.92890625 0.0953125 0.1046875
0 0.33359375 0.8296875 0.1125 0.1140625
1 0.44453125 0.95546875 0.1203125 0.0890625
1 0.690625 0.965625 0.090625 0.06875
0 0.18515625 0.53671875 0.1375 0.1234375
0 0.74453125 0.26484375 0.1140625 0.1109375
0 0.621875 0.234375 0.1140625 0.11875
0 0.62734375 0.453125 0.1078125 0.115625
0 0.35078125 0.61171875 0.11875 0.1203125
1 0.9359375 0.17734375 0.09375 0.0953125
0 0.03515625 0.4625 0.0703125 0.1125
1 0.99375 0.33828125 0.0125 0.0890625
0 0.30546875 0.7546875 0.1234375 0.109375
0 0.2296875 0.08984375 0.115625 0.11875
0 0.053125 0.8859375 0.10625 0.1125
0 0.02734375 0.34375 0.04375 0.109375
1 0.92421875 0.45859375 0.1 0.0875
0 0.11328125 0.0046875 0.1265625 0.009375
0 0.65078125 0.34765625 0.1203125 0.1125
0 0.18515625 0.87734375 0.1265625 0.1109375
0 0.18671875 0.7171875 0.1265625 0.115625
1 0.85 0.515625 0.084375 0.0765625
1 0.95 0.0984375 0.08125 0.075
1 0.80859375 0.446875 0.115625 0.125
1 0.9421875 0.615625 0.09375 0.078125
0 0.421875 0.7046875 0.11875 0.109375
0 0.059375 0.07578125 0.078125 0.128125
1 0.91796875 0.2828125 0.0703125 0.0921875
1 0.7609375 0.57578125 0.09375 0.1
1 0.8296875 0.325 0.0828125 0.0703125
1 0.6109375 0.9421875 0.078125 0.065625
0 0.2671875 0.334375 0.0875 0.0765625
1 0.76640625 0.9234375 0.0671875 0.0890625
1 0.62734375 0.76796875 0.071875 0.0953125
0 0.66875 0.01953125 0.0875 0.028125
1 0.96640625 0.04609375 0.0671875 0.0484375
0 0.2140625 0.2671875 0.1125 0.1140625
0 0.434375 0.0796875 0.11875 0.1109375
0 0.50546875 0.18359375 0.121875 0.1203125
0 0.515625 0.2734375 0.1109375 0.1
0 0.43046875 0.17578125 0.096875 0.096875
0 0.34296875 0.08828125 0.1171875 0.0984375
0 0.11796875 0.24765625 0.1140625 0.1203125
0 0.178125 0.340625 0.11875 0.1
0 0.29375 0.54140625 0.090625 0.0640625
0 0.39609375 0.5125 0.11875 0.103125
0 0.2453125 0.94375 0.115625 0.0921875
0 0.10859375 0.95234375 0.1171875 0.05625
0 0.52890625 0.74375 0.1171875 0.115625
0 0.58203125 0.5921875 0.096875 0.10625
0 0.73671875 0.09609375 0.1203125 0.1203125
0 0.83203125 0.153125 0.115625 0.115625
0 0.3578125 0.3296875 0.1296875 0.1203125
1 0.71328125 0.4796875 0.0796875 0.0875
1 0.7546875 0.38046875 0.0875 0.071875
1 0.8484375 0.25859375 0.0703125 0.0859375
1 0.84453125 0.5984375 0.0671875 0.0859375
1 0.63515625 0.59453125 0.090625 0.10625
1 0.6171875 0.87109375 0.0734375 0.0765625
1 0.69453125 0.88984375 0.075 0.0703125
1 0.88984375 0.984375 0.0859375 0.03125
1 0.78046875 0.98203125 0.0671875 0.0359375
1 0.52890625 0.86875 0.0921875 0.103125