1 0.7859375 0.26171875 0.20625 0.215625
1 0.921875 0.8328125 0.15625 0.190625
1 0.26953125 0.38671875 0.2234375 0.2171875
1 0.640625 0.1265625 0.215625 0.1953125
1 0.4390625 0.35078125 0.21875 0.196875
1 0.32578125 0.67578125 0.225 0.19375
1 0.321875 0.2265625 0.2390625 0.190625
1 0.81875 0.109375 0.24375 0.21875
1 0.62734375 0.75546875 0.2390625 0.1984375
1 0.86953125 0.56015625 0.2140625 0.1875
1 0.4859375 0.19375 0.196875 0.19375
1 0.57578125 0.45703125 0.225 0.21875
1 0.7328125 0.4375 0.2296875 0.203125
1 0.509375 0.621875 0.2328125 0.1984375
1 0.8890625 0.403125 0.221875 0.21875
1 0.8265625 0.72890625 0.228125 0.1921875
1 0.6078125 0.90234375 0.24375 0.1953125
1 0.15078125 0.265625 0.234375 0.1890625
1 0.32578125 0.84921875 0.225 0.190625
1 0.9453125 0.66875 0.109375 0.209375
1 0.171875 0.9109375 0.2125 0.178125
1 0.08984375 0.61796875 0.171875 0.178125
1 0.23359375 0.56796875 0.23125 0.178125
1 0.7796875 0.87265625 0.25 0.1984375
1 0.365625 0.08203125 0.23125 0.1640625
1 0.0421875 0.32265625 0.084375 0.1984375
1 0.61640625 0.3109375 0.2359375 0.2078125
1 0.45078125 0.92890625 0.1703125 0.1421875
1 0.0859375 0.15625 0.171875 0.184375
1 0.7109375 0.61171875 0.2453125 0.221875
1 0.4109375 0.50546875 0.203125 0.196875
1 0.475 0.778125 0.209375 0.2109375
1 0.9 0.246875 0.1390625 0.1609375
1 0.16015625 0.9859375 0.1328125 0.028125
1 0.31171875 0.96171875 0.2140625 0.0765625
1 0.71953125 0.03125 0.2078125 0.0625
1 0.21953125 0.115625 0.20625 0.165625
1 0.13359375 0.434375 0.1859375 0.203125
1 0.2171875 0.734375 0.2375 0.225
1 0.0953125 0.7875 0.11875 0.1703125
1 0.04921875 0.48515625 0.0984375 0.1671875
1 0.84609375 0.0171875 0.1234375 0.034375
1 0.5390625 0.0625 0.246875 0.125
1 0.96328125 0.50546875 0.0734375 0.1234375