0 0.04921875 0.89375 0.0734375 0.0734375
0 0.08125 0.36015625 0.0671875 0.065625
0 0.15078125 0.2765625 0.0703125 0.06875
0 0.18125 0.1640625 0.06875 0.065625
0 0.146875 0.01640625 0.065625 0.0328125
0 0.13359375 0.128125 0.06875 0.0671875
0 0.06015625 0.82109375 0.06875 0.0671875
0 0.071875 0.76171875 0.06875 0.0671875
0 0.18203125 0.09453125 0.071875 0.0671875
0 0.025 0.7203125 0.05 0.0625
0 0.02109375 0.78671875 0.0421875 0.0640625
0 0.0578125 0.4828125 0.0640625 0.0625
0 0.0109375 0.8953125 0.021875 0.053125
0 0.06953125 0.42421875 0.0640625 0.0640625
0 0.0625 0.1921875 0.0390625 0.0578125
0 0.14375 0.35 0.0703125 0.06875
0 0.0453125 0.61796875 0.0671875 0.0640625
0 0.10234375 0.59140625 0.0671875 0.0671875
0 0.1078125 0.17734375 0.0671875 0.0625
0 0.1359375 0.41171875 0.0671875 0.0671875
0 0.11015625 0.528125 0.0703125 0.0671875
0 0.0875 0.2984375 0.0671875 0.0671875
0 0.13125 0.05234375 0.0671875 0.0640625
0 0.09921875 0.2375 0.05 0.046875
0 0.0953125 0.01796875 0.040625 0.0359375
0 0.084375 0.0765625 0.04375 0.059375
0 0.07421875 0.13515625 0.040625 0.04375
0 0.1984375 0.0375 0.0625 0.059375
0 0.1609375 0.21484375 0.06875 0.065625
0 0.0203125 0.44453125 0.040625 0.0640625
0 0.0171875 0.5109375 0.034375 0.046875
0 0.04921875 0.5484375 0.0671875 0.059375
0 0.0109375 0.56484375 0.021875 0.0578125
0 0.0078125 0.62734375 0.015625 0.0578125
0 0.028125 0.66328125 0.05625 0.0578125
0 0.09375 0.64609375 0.0765625 0.065625
0 0.12578125 0.4765625 0.075 0.0609375
0 0.08203125 0.696875 0.0609375 0.0609375
0 0.01640625 0.8390625 0.0328125 0.06875
0 0.053125 0.25234375 0.0421875 0.0546875
0 0.0421875 0.31796875 0.0421875 0.0515625
0 0.03125 0.37578125 0.0421875 0.0546875