1 0.35859375 0.77734375 0.184375 0.1921875
1 0.71953125 0.16171875 0.1953125 0.1875
1 0.7890625 0.3359375 0.19375 0.190625
1 0.09609375 0.8921875 0.1921875 0.18125
1 0.08984375 0.31640625 0.1703125 0.196875
1 0.52421875 0.79296875 0.1953125 0.184375
1 0.534375 0.13203125 0.2 0.196875
1 0.275 0.90546875 0.1984375 0.1734375
1 0.52890625 0.47265625 0.190625 0.1890625
1 0.3484375 0.465625 0.1921875 0.1890625
1 0.09296875 0.62734375 0.1859375 0.1921875
1 0.621875 0.62109375 0.178125 0.19375
1 0.265625 0.309375 0.2 0.2
1 0.15234375 0.4609375 0.1953125 0.178125
1 0.45078125 0.30859375 0.19375 0.203125
1 0.9375 0.08046875 0.125 0.1234375
1 0.62109375 0.31171875 0.1953125 0.2
1 0.3484375 0.15703125 0.18125 0.19375
1 0.04921875 0.76328125 0.0984375 0.1890625
1 0.79609375 0.06171875 0.1734375 0.103125
1 0.25 0.05625 0.175 0.1125
1 0.19140625 0.76015625 0.19375 0.1953125
1 0.27109375 0.59453125 0.2015625 0.184375
1 0.45234375 0.62734375 0.196875 0.1765625
1 0.8734375 0.1828125 0.1890625 0.1859375
1 0.1 0.0453125 0.159375 0.090625
1 0.43125 0.05625 0.20625 0.1125
1 0.16875 0.175 0.196875 0.1828125
1 0.62109375 0.04375 0.209375 0.0875
1 0.71484375 0.47734375 0.196875 0.1921875
1 0.45 0.92265625 0.171875 0.1546875
1 0.03515625 0.47265625 0.0703125 0.1859375
1 0.05234375 0.1578125 0.08125 0.2109375