0 0.2625 0.34453125 0.0625 0.0671875
0 0.27890625 0.0921875 0.0671875 0.065625
0 0.04140625 0.18359375 0.0640625 0.0640625
0 0.28671875 0.28359375 0.0640625 0.0671875
0 0.2578125 0.22265625 0.065625 0.0671875
0 0.346875 0.1078125 0.0625 0.0625
0 0.0578125 0.534375 0.065625 0.065625
0 0.025 0.58984375 0.05 0.0671875
0 0.31171875 0.0359375 0.0671875 0.065625
0 0.10078125 0.59140625 0.0703125 0.0640625
0 0.24609375 0.15234375 0.0703125 0.0671875
0 0.3234375 0.225 0.065625 0.0625
0 0.31015625 0.1609375 0.0640625 0.0625
0 0.375 0.040625 0.0625 0.0625
0 0.1375 0.53203125 0.065625 0.0640625
0 0.1765625 0.6015625 0.065625 0.065625
0 0.0984375 0.2203125 0.065625 0.065625
0 0.41015625 0.09609375 0.0640625 0.0640625
0 0.16875 0.4765625 0.065625 0.0625
0 0.2 0.35 0.065625 0.065625
0 0.028125 0.246875 0.05625 0.06875
0 0.1921875 0.190625 0.065625 0.065625
0 0.353125 0.28671875 0.0625 0.0640625
0 0.0203125 0.02265625 0.040625 0.0453125
0 0.51171875 0.03828125 0.0640625 0.0609375
0 0.1640625 0.24921875 0.06875 0.0671875
0 0.32734375 0.35 0.0609375 0.0625
0 0.021875 0.903125 0.04375 0.0625
0 0.48125 0.10234375 0.065625 0.0640625
0 0.1359375 0.421875 0.065625 0.065625
0 0.06015625 0.121875 0.0609375 0.0625
0 0.12109375 0.025 0.0703125 0.05
0 0.11875 0.08671875 0.06875 0.0703125
0 0.178125 0.05390625 0.075 0.0671875
1 0.11796875 0.15546875 0.0640625 0.0578125
1 0.18359375 0.12578125 0.0609375 0.0671875
1 0.02734375 0.31796875 0.0546875 0.0640625
1 0.075 0.28515625 0.0625 0.0609375
1 0.13515625 0.31328125 0.0640625 0.0609375
1 0.221875 0.284375 0.075 0.0625
1 0.39921875 0.2265625 0.0609375 0.059375
1 0.37578125 0.16328125 0.0515625 0.0578125
1 0.43984375 0.16171875 0.0671875 0.0578125
1 0.44765625 0.034375 0.0703125 0.059375
1 0.028125 0.38515625 0.05625 0.0640625
1 0.09296875 0.36328125 0.0546875 0.0703125
1 0.0734375 0.41953125 0.0625 0.0546875
1 0.2140625 0.41796875 0.053125 0.0640625
1 0.28203125 0.4125 0.0703125 0.05
1 0.2390625 0.4734375 0.065625 0.04375
1 0.215625 0.540625 0.065625 0.0625
1 0.025 0.4703125 0.05 0.0625
1 0.1015625 0.4875 0.059375 0.065625
1 0.05390625 0.63828125 0.0578125 0.0515625
1 0.13671875 0.66171875 0.0609375 0.0546875
1 0.028125 0.70078125 0.05625 0.0578125
1 0.10234375 0.71640625 0.0671875 0.0609375
1 0.071875 0.7828125 0.059375 0.065625
1 0.0328125 0.8296875 0.065625 0.05625