0 0.0734375 0.96875 0.04375 0.046875
0 0.11796875 0.9625 0.046875 0.046875
0 0.5203125 0.928125 0.046875 0.0484375
0 0.61484375 0.90390625 0.046875 0.0484375
0 0.27734375 0.97578125 0.04375 0.04375
0 0.56640625 0.921875 0.046875 0.0484375
0 0.25 0.94296875 0.046875 0.0484375
0 0.29765625 0.9359375 0.046875 0.0484375
0 0.78671875 0.90625 0.0484375 0.0484375
0 0.45859375 0.97109375 0.04375 0.0421875
0 0.6984375 0.9109375 0.046875 0.0484375
0 0.678125 0.95546875 0.046875 0.0453125
0 0.840625 0.88515625 0.0484375 0.0484375
0 0.740625 0.91015625 0.0453125 0.046875
0 0.65546875 0.91640625 0.0421875 0.046875
0 0.0375 0.96953125 0.028125 0.0453125
0 0.9640625 0.88828125 0.0453125 0.046875
0 0.20703125 0.95 0.0453125 0.046875
0 0.34296875 0.94609375 0.0453125 0.046875
0 0.1875 0.98671875 0.04375 0.0265625
0 0.13984375 0.9921875 0.0421875 0.015625
0 0.54296875 0.96875 0.0453125 0.0453125
0 0.9234375 0.8921875 0.046875 0.046875
0 0.99375 0.88203125 0.0125 0.0484375
0 0.09609375 0.99375 0.0453125 0.0125
0 0.16484375 0.93125 0.0484375 0.0484375
0 0.05546875 0.99453125 0.0421875 0.0109375
0 0.8828125 0.9671875 0.0453125 0.028125
0 0.8109375 0.94453125 0.04375 0.0453125
0 0.7265625 0.94609375 0.0453125 0.0453125
0 0.47578125 0.93515625 0.04375 0.0453125
0 0.43359375 0.9375 0.0484375 0.046875
0 0.79609375 0.9734375 0.0453125 0.025
0 0.76640625 0.95 0.0453125 0.0453125
0 0.94921875 0.925 0.0421875 0.046875
0 0.58828125 0.96640625 0.0453125 0.04375
0 0.23046875 0.98203125 0.0453125 0.0359375
0 0.7046875 0.97890625 0.04375 0.0234375
0 0.86015625 0.93828125 0.046875 0.0453125
0 0.5 0.97265625 0.0421875 0.04375
0 0.9734375 0.9609375 0.0453125 0.03125
0 0.65703125 0.98359375 0.0421875 0.01875
0 0.634375 0.96015625 0.04375 0.0453125
0 0.57109375 0.9890625 0.04375 0.0171875
0 0.83984375 0.97109375 0.04375 0.025
0 0.38984375 0.91953125 0.0484375 0.0484375
0 0.9859375 0.921875 0.028125 0.04375
0 0.4140625 0.9765625 0.0453125 0.04375
0 0.3640625 0.98203125 0.04375 0.0359375
0 0.928125 0.9640625 0.04375 0.0296875
0 0.61328125 0.98671875 0.04375 0.0171875
0 0.74921875 0.9765625 0.04375 0.0234375
0 0.88046875 0.88984375 0.040625 0.0453125
0 0.32109375 0.984375 0.0421875 0.03125
0 0.90546875 0.9296875 0.0484375 0.0484375
0 0.525 0.99296875 0.04375 0.0140625
0 0.25625 0.99609375 0.04375 0.0078125
0 0.0296875 0.99453125 0.009375 0.0109375
0 0.4375 0.996875 0.04375 0.00625
0 0.39296875 0.9984375 0.0421875 0.003125
0 0.47890625 0.99375 0.0421875 0.0125