2 0.2640625 0.34765625 0.1796875 0.1625
1 0.08515625 0.89921875 0.1703125 0.1734375
1 0.51484375 0.49375 0.175 0.178125
1 0.23515625 0.071875 0.1890625 0.14375
1 0.4390625 0.65234375 0.1921875 0.19375
1 0.0984375 0.3515625 0.1890625 0.178125
1 0.2765625 0.65234375 0.171875 0.196875
1 0.33046875 0.2109375 0.1921875 0.1921875
1 0.34765625 0.47734375 0.1859375 0.19375
1 0.62890625 0.91484375 0.1984375 0.1703125
1 0.16640625 0.20390625 0.1875 0.1890625
1 0.6140625 0.3421875 0.175 0.1953125
1 0.8875 0.7984375 0.18125 0.1890625
1 0.1828125 0.78671875 0.1859375 0.1859375
1 0.0859375 0.071875 0.14375 0.14375
1 0.278125 0.9234375 0.1859375 0.1359375
1 0.5359375 0.79140625 0.190625 0.1921875
1 0.81484375 0.9203125 0.1953125 0.159375
1 0.928125 0.0703125 0.14375 0.115625
1 0.88359375 0.48671875 0.1890625 0.1875
1 0.9421875 0.32734375 0.115625 0.1984375
1 0.68515625 0.48515625 0.1921875 0.175
1 0.72890625 0.78046875 0.1921875 0.1921875
1 0.790625 0.33125 0.1984375 0.1984375
1 0.1078125 0.6296875 0.1953125 0.19375
1 0.4546875 0.940625 0.190625 0.11875
1 0.521875 0.184375 0.190625 0.1890625
1 0.6125 0.0609375 0.19375 0.1203125
1 0.36875 0.80859375 0.18125 0.1875
1 0.428125 0.07578125 0.2 0.1515625
1 0.875 0.1796875 0.175 0.190625
1 0.1828125 0.48515625 0.18125 0.1859375
1 0.6265625 0.653125 0.1890625 0.1890625
1 0.77578125 0.0703125 0.1703125 0.128125
1 0.4390625 0.33515625 0.190625 0.171875
1 0.80078125 0.61484375 0.1984375 0.1796875
1 0.696875 0.1984375 0.19375 0.1765625
1 0.04609375 0.49453125 0.0921875 0.1921875
1 0.9453125 0.646875 0.1046875 0.1734375
1 0.04375 0.20078125 0.0734375 0.1953125
1 0.946875 0.93359375 0.08125 0.1328125
1 0.0328125 0.7859375 0.065625 0.2
1 0.97890625 0.1671875 0.0421875 0.1875
1 0.98125 0.484375 0.0375 0.196875