2 0.64140625 0.4890625 0.053125 0.04296875
0 0.5953125 0.13203125 0.0421875 0.0421875
0 0.5515625 0.134375 0.04140625 0.0421875
0 0.26328125 0.70859375 0.04296875 0.0421875
0 0.76640625 0.24296875 0.04453125 0.04375
0 0.17578125 0.78984375 0.0421875 0.04296875
0 0.51171875 0.290625 0.0421875 0.04296875
0 0.45546875 0.49453125 0.04375 0.04375
0 0.07421875 0.2015625 0.0421875 0.04296875
0 0.15859375 0.55703125 0.04296875 0.04375
0 0.42109375 0.296875 0.04375 0.04375
0 0.4890625 0.61171875 0.04296875 0.04296875
0 0.35703125 0.70390625 0.04375 0.04296875
0 0.5546875 0.56875 0.04375 0.04453125
0 0.453125 0.4125 0.04296875 0.04375
0 0.4046875 0.69921875 0.04296875 0.04375
0 0.73125 0.12421875 0.04296875 0.04453125
0 0.56875 0.09375 0.04375 0.04296875
0 0.80390625 0.08046875 0.04375 0.04375
0 0.6359375 0.05234375 0.04140625 0.0421875
0 0.75859375 0.1625 0.04375 0.04296875
0 0.3984375 0.33671875 0.04296875 0.04296875
0 0.665625 0.44765625 0.0421875 0.04375
0 0.653125 0.015625 0.0421875 0.03125
0 0.19921875 0.8296875 0.0421875 0.04296875
0 0.01953125 0.5625 0.0390625 0.04375
0 0.359375 0.41953125 0.04296875 0.04296875
0 0.25078125 0.90390625 0.04140625 0.04375
0 0.25859375 0.265625 0.0421875 0.0421875
0 0.13125 0.440625 0.04296875 0.0421875
0 0.3796875 0.02109375 0.0421875 0.04140625
0 0.36953125 0.22265625 0.04296875 0.04375
0 0.06640625 0.91328125 0.04296875 0.04296875
0 0.05390625 0.68125 0.04296875 0.04375
0 0.4140625 0.21875 0.0421875 0.04296875
0 0.34296875 0.18125 0.04296875 0.04296875
0 0.309375 0.3421875 0.04296875 0.04296875
0 0.3390625 0.103125 0.04296875 0.04296875
0 0.484375 0.5296875 0.04296875 0.04375
0 0.5328125 0.25 0.04296875 0.04296875
0 0.5765625 0.2484375 0.0421875 0.0421875
0 0.15546875 0.83203125 0.04296875 0.04296875
0 0.17421875 0.43671875 0.04296875 0.04453125
0 0.4921875 0.33359375 0.04296875 0.04296875
0 0.1359375 0.51796875 0.04296875 0.04296875
0 0.5578125 0.28671875 0.04296875 0.04296875
0 0.48203125 0.81328125 0.04453125 0.04375
0 0.3453125 0.9796875 0.04375 0.040625
0 0.3703125 0.58203125 0.0453125 0.04453125
0 0.5421875 0.33125 0.04140625 0.04375
0 0.328125 0.30078125 0.0421875 0.0421875
0 0.17890625 0.86875 0.04296875 0.04375
0 0.4671875 0.653125 0.04296875 0.0421875
0 0.0421875 0.52421875 0.0421875 0.04453125
0 0.54921875 0.4875 0.04296875 0.04375
0 0.240625 0.02265625 0.04296875 0.04375
0 0.1078125 0.021875 0.04375 0.04375
0 0.42890625 0.73359375 0.04296875 0.04453125
0 0.459375 0.85234375 0.04375 0.04375
0 0.27578125 0.5875 0.0421875 0.04375
0 0.39296875 0.25703125 0.04296875 0.04375
0 0.40859375 0.06015625 0.04296875 0.04296875
0 0.3125 0.78515625 0.04296875 0.04296875
0 0.05625 0.325 0.0421875 0.04296875
0 0.2765625 0.2234375 0.0421875 0.04296875
0 0.33125 0.3828125 0.0421875 0.04375
0 0.20625 0.9078125 0.04375 0.04453125
0 0.4734375 0.375 0.04375 0.04453125
0 0.3140625 0.42109375 0.04296875 0.04375
0 0.6234375 0.24765625 0.0421875 0.0421875
0 0.61640625 0.090625 0.04140625 0.04296875
0 0.653125 0.28515625 0.04140625 0.04296875
0 0.51953125 0.36875 0.04296875 0.04375
0 0.0890625 0.065625 0.04140625 0.04296875
0 0.24296875 0.384375 0.0421875 0.04296875
0 0.046875 0.95546875 0.04375 0.04375
0 0.06953125 0.6375 0.0421875 0.04375
0 0.68359375 0.40703125 0.04375 0.0421875
0 0.5046875 0.134375 0.04296875 0.04375
0 0.446875 0.334375 0.04296875 0.04453125
0 0.51640625 0.01640625 0.04296875 0.0328125
0 0.5453125 0.4125 0.04296875 0.04375
0 0.45625 0.1328125 0.04296875 0.04296875
0 0.18203125 0.5921875 0.0421875 0.04296875
0 0.3921875 0.62109375 0.04296875 0.04375
0 0.3953125 0.97890625 0.04375 0.0421875
0 0.59921875 0.21015625 0.0421875 0.0421875
0 0.38515625 0.4578125 0.0421875 0.04375
0 0.37734375 0.38125 0.04296875 0.04453125
0 0.4359375 0.17421875 0.0421875 0.04296875
0 0.1125 0.9109375 0.04140625 0.04296875
0 0.11875 0.6375 0.04296875 0.04296875
0 0.27421875 0.14375 0.0421875 0.04375
0 0.72421875 0.0484375 0.04296875 0.04296875
0 0.2515625 0.5515625 0.0421875 0.04296875
0 0.24765625 0.82734375 0.0421875 0.04296875
0 0.303125 0.2640625 0.0421875 0.04375
0 0.240625 0.74609375 0.04296875 0.04296875
0 0.60546875 0.28828125 0.0421875 0.04296875
0 0.50546875 0.21484375 0.0421875 0.04375
0 0.30078125 0.6265625 0.0421875 0.04296875
0 0.1640625 0.634375 0.04140625 0.04140625
0 0.2203125 0.78984375 0.04296875 0.04375
0 0.453125 0.05546875 0.0421875 0.04375
0 0.375 0.3 0.0421875 0.04296875
0 0.06171875 0.48203125 0.04296875 0.04375
0 0.61875 0.171875 0.0421875 0.0421875
0 0.62109375 0.52578125 0.04296875 0.0421875
0 0.059375 0.0203125 0.040625 0.040625
0 0.23203125 0.225 0.0421875 0.04296875
0 0.04140625 0.87890625 0.04375 0.04296875
0 0.5421875 0.69296875 0.040625 0.04375
0 0.3328125 0.74296875 0.0421875 0.04296875
0 0.26640625 0.421875 0.0421875 0.04296875
0 0.4421875 0.6140625 0.0421875 0.04375
0 0.54375 0.05390625 0.0421875 0.04296875
0 0.61328125 0.3640625 0.04453125 0.04296875
0 0.70859375 0.0875 0.04453125 0.04296875
0 0.503125 0.49296875 0.04296875 0.04375
0 0.39140625 0.5390625 0.04375 0.04375
0 0.55390625 0.21171875 0.0421875 0.04296875
0 0.01328125 0.24609375 0.0265625 0.0421875
0 0.27890625 0.94375 0.04296875 0.04375
0 0.44140625 0.25390625 0.0421875 0.04296875
0 0.3234375 0.221875 0.04140625 0.04296875
0 0.11640625 0.190625 0.04140625 0.04296875
0 0.01875 0.021875 0.03671875 0.04296875
0 0.2859375 0.38203125 0.04296875 0.0421875
0 0.31875 0.13984375 0.04296875 0.0421875
0 0.4734375 0.73046875 0.04375 0.04375
0 0.29453125 0.5484375 0.0421875 0.04375
0 0.10859375 0.478125 0.04375 0.04375
0 0.31875 0.5046875 0.04453125 0.0421875
0 0.7046875 0.36484375 0.04296875 0.04296875
0 0.6890625 0.1265625 0.0421875 0.04375
0 0.56015625 0.01484375 0.0421875 0.0296875
0 0.6953125 0.203125 0.04296875 0.04453125
0 0.15703125 0.11015625 0.04296875 0.04296875
0 0.4046875 0.41640625 0.0421875 0.04375
0 0.17109375 0.35703125 0.04296875 0.04375
0 0.61953125 0.4484375 0.04296875 0.04375
0 0.4625 0.571875 0.04140625 0.04296875
0 0.1 0.675 0.0421875 0.04453125
0 0.2265625 0.86640625 0.04140625 0.04296875
0 0.434375 0.09375 0.04296875 0.04296875
0 0.18359375 0.9484375 0.04296875 0.04453125
0 0.60703125 0.56484375 0.04296875 0.04296875
0 0.77890625 0.12265625 0.04375 0.04296875
0 0.09296875 0.953125 0.04296875 0.04296875
0 0.015625 0.3296875 0.03046875 0.0421875
0 0.096875 0.2421875 0.04296875 0.04375
0 0.63984375 0.41015625 0.04140625 0.04296875
0 0.06484375 0.56015625 0.0421875 0.04375
0 0.2578125 0.628125 0.04296875 0.04375
0 0.3078125 0.70390625 0.04296875 0.04375
0 0.6703125 0.2484375 0.0421875 0.04296875
0 0.03828125 0.44296875 0.04296875 0.04375
0 0.15390625 0.47734375 0.04296875 0.04296875
0 0.47734375 0.4515625 0.040625 0.04296875
0 0.678125 0.05078125 0.04375 0.04375
0 0.12421875 0.36171875 0.04296875 0.04296875
0 0.19609375 0.7484375 0.0421875 0.0421875
0 0.63203125 0.32890625 0.04296875 0.0421875
0 0.6484375 0.20859375 0.04296875 0.0421875
0 0.17734375 0.51484375 0.04140625 0.0421875
0 0.034375 0.721875 0.0421875 0.04296875
0 0.21015625 0.63046875 0.04296875 0.04296875
0 0.3890625 0.17734375 0.0421875 0.04296875
0 0.3390625 0.4609375 0.04296875 0.04453125
0 0.16875 0.71328125 0.04375 0.04375
0 0.37890625 0.740625 0.04453125 0.04375
0 0.6390625 0.13046875 0.04140625 0.04375
0 0.2921875 0.10625 0.04296875 0.04296875
0 0.01796875 0.8390625 0.03515625 0.040625
0 0.409375 0.49765625 0.0421875 0.04296875
0 0.0203125 0.91640625 0.040625 0.04296875
0 0.21640625 0.709375 0.04296875 0.04375
0 0.42578125 0.3796875 0.04296875 0.04296875
0 0.25859375 0.98125 0.04453125 0.0375
0 0.10234375 0.31953125 0.0421875 0.04296875
0 0.50234375 0.77265625 0.04375 0.04375
0 0.16484375 0.26640625 0.0421875 0.04296875
0 0.3546875 0.34140625 0.0421875 0.04375
0 0.15234375 0.3984375 0.04140625 0.0421875
0 0.578125 0.52421875 0.04375 0.0421875
0 0.3640625 0.50078125 0.0421875 0.04375
0 0.5859375 0.3296875 0.04296875 0.04375
0 0.73671875 0.20703125 0.0421875 0.04296875
0 0.5890625 0.053125 0.04296875 0.04375
0 0.34140625 0.5421875 0.04296875 0.04375
0 0.590625 0.40390625 0.04453125 0.04375
0 0.5015625 0.409375 0.0421875 0.04296875
0 0.7140625 0.16640625 0.040625 0.0421875
0 0.10390625 0.4 0.04140625 0.04296875
0 0.059375 0.40625 0.04453125 0.04453125
0 0.32109375 0.58359375 0.0421875 0.04453125
0 0.86875 0.03984375 0.04296875 0.0421875
0 0.11328125 0.56015625 0.04140625 0.04296875
0 0.07734375 0.7203125 0.0421875 0.04296875
0 0.21953125 0.43359375 0.04296875 0.04375
0 0.2703125 0.51015625 0.04375 0.04375
0 0.23125 0.590625 0.04296875 0.04375
0 0.41015625 0.7765625 0.04453125 0.04453125
0 0.32890625 0.6609375 0.04296875 0.04375
0 0.05234375 0.24609375 0.0421875 0.04296875
0 0.04765625 0.60234375 0.04375 0.04296875
0 0.203125 0.1078125 0.0421875 0.04375
0 0.0578125 0.759375 0.04296875 0.04375
0 0.34140625 0.82109375 0.0421875 0.04375
0 0.7515625 0.0859375 0.0421875 0.0421875
0 0.52890625 0.5296875 0.04140625 0.04296875
0 0.24375 0.4734375 0.04296875 0.04453125
0 0.4734375 0.0171875 0.04140625 0.034375
0 0.16328125 0.190625 0.0421875 0.0421875
0 0.23515625 0.30234375 0.0421875 0.0421875
0 0.4875 0.25234375 0.04140625 0.04375
0 0.69765625 0.28515625 0.04453125 0.04453125
0 0.52578125 0.09609375 0.04140625 0.0421875
0 0.29296875 0.4609375 0.04375 0.04296875
0 0.7765625 0.04296875 0.04375 0.04375
0 0.1046875 0.75546875 0.0421875 0.04296875
0 0.67578125 0.328125 0.04296875 0.04296875
0 0.0171875 0.09140625 0.034375 0.0453125
0 0.28203125 0.66640625 0.04375 0.04375
0 0.0609375 0.8359375 0.0421875 0.04453125
0 0.41640625 0.93671875 0.04296875 0.0421875
0 0.2640625 0.34375 0.0421875 0.04375
0 0.7453125 0.28515625 0.04296875 0.0421875
0 0.22890625 0.94609375 0.04296875 0.04375
0 0.66796875 0.16875 0.04140625 0.0421875
0 0.41328125 0.1359375 0.04140625 0.04296875
0 0.09296875 0.5984375 0.0421875 0.04296875
0 0.48359375 0.17421875 0.04296875 0.04296875
0 0.03515625 0.80078125 0.04140625 0.04375
0 0.13984375 0.59765625 0.0421875 0.04296875
0 0.45234375 0.77421875 0.0421875 0.04375
0 0.19765625 0.028125 0.04296875 0.04296875
0 0.28828125 0.74765625 0.0421875 0.04375
0 0.4984375 0.05390625 0.04375 0.04375
0 0.0859375 0.52109375 0.0421875 0.04375
0 0.5109375 0.646875 0.04140625 0.040625
0 0.38671875 0.82109375 0.040625 0.0421875
0 0.0890625 0.87421875 0.04140625 0.04375
0 0.03515625 0.36484375 0.0421875 0.04296875
0 0.60859375 0.0171875 0.0421875 0.034375
0 0.221875 0.065625 0.04375 0.04375
0 0.07890625 0.36015625 0.0421875 0.04296875
0 0.3484375 0.2625 0.0421875 0.04453125
0 0.5734375 0.446875 0.04375 0.04296875
0 0.290625 0.8234375 0.04296875 0.04375
0 0.43125 0.45390625 0.04375 0.04296875
0 0.1859375 0.22734375 0.04140625 0.04140625
0 0.08203125 0.44140625 0.0421875 0.04453125
0 0.2546875 0.1828125 0.04140625 0.04375
0 0.36640625 0.1390625 0.0421875 0.0421875
0 0.8484375 0.08046875 0.04296875 0.04453125
0 0.4484375 0.69375 0.04375 0.04375
0 0.06171875 0.10234375 0.04296875 0.04296875
0 0.43671875 0.53515625 0.04140625 0.0421875
0 0.0171875 0.40546875 0.03359375 0.0421875
0 0.2359375 0.66953125 0.0421875 0.04375
0 0.20078125 0.47265625 0.0421875 0.04375
0 0.43203125 0.81796875 0.04375 0.04375
0 0.01328125 0.68203125 0.0265625 0.04375
0 0.18828125 0.6703125 0.0421875 0.04375
0 0.2171875 0.3453125 0.04296875 0.04296875
0 0.296875 0.18203125 0.040625 0.04296875
0 0.19453125 0.39453125 0.04296875 0.04296875
0 0.01796875 0.484375 0.0359375 0.04375
0 0.01796875 0.7625 0.03515625 0.04296875
0 0.56328125 0.37109375 0.04375 0.04375
0 0.14609375 0.31953125 0.04296875 0.04375
0 0.41953125 0.659375 0.04375 0.04296875
0 0.13984375 0.95 0.04140625 0.04375
0 0.4171875 0.57578125 0.04140625 0.0421875
0 0.121875 0.2796875 0.04375 0.04375
0 0.7859375 0.2 0.04453125 0.04296875
0 0.13359375 0.071875 0.04140625 0.04375
0 0.56171875 0.65 0.0453125 0.04453125
0 0.284375 0.3046875 0.04296875 0.04296875
0 0.2234375 0.5125 0.04296875 0.04375
0 0.07421875 0.28203125 0.04296875 0.04375
0 0.321875 0.8640625 0.04296875 0.04296875
0 0.3921875 0.89609375 0.0421875 0.04453125
0 0.0125 0.1703125 0.025 0.04375
0 0.27421875 0.8625 0.0421875 0.04375
0 0.1921875 0.30546875 0.0421875 0.04296875
0 0.46015625 0.21796875 0.04140625 0.04296875
0 0.6609375 0.08984375 0.0421875 0.0421875
0 0.21171875 0.98359375 0.04375 0.03203125
0 0.03046875 0.284375 0.0421875 0.04375
0 0.36015625 0.78125 0.04140625 0.04375
0 0.1609375 0.909375 0.04296875 0.04296875
0 0.146875 0.75234375 0.04140625 0.0421875
0 0.109375 0.83515625 0.04375 0.04296875
0 0.13203125 0.87265625 0.04453125 0.04296875
0 0.36640625 0.86015625 0.03984375 0.04296875
0 0.3625 0.06171875 0.0421875 0.04375
0 0.20390625 0.55546875 0.04296875 0.04375
0 0.59375 0.4875 0.04296875 0.04296875
0 0.1421875 0.22734375 0.0421875 0.04296875
0 0.465625 0.2921875 0.04375 0.04375
0 0.52109375 0.45 0.04375 0.04296875
0 0.175 0.065625 0.0421875 0.04296875
0 0.36796875 0.94140625 0.0453125 0.04375
0 0.715625 0.2484375 0.04296875 0.04375
0 0.11796875 0.98515625 0.04296875 0.0296875
0 0.0703125 0.98671875 0.04375 0.0265625
0 0.66015625 0.3671875 0.04296875 0.04375
0 0.82578125 0.0421875 0.04375 0.04375
0 0.28671875 0.02109375 0.0421875 0.0421875
0 0.1640625 0.98515625 0.04140625 0.0296875
0 0.3203125 0.9453125 0.0390625 0.0421875
0 0.4796875 0.0921875 0.0421875 0.04296875
0 0.21171875 0.26796875 0.04296875 0.04375
0 0.296875 0.9046875 0.04375 0.04375
0 0.1328125 0.79453125 0.0421875 0.04375
0 0.7015625 0.01484375 0.04453125 0.0296875
0 0.828125 0.1203125 0.04375 0.04296875
0 0.43515625 0.90234375 0.0390625 0.040625
0 0.22578125 0.146875 0.04296875 0.04296875
0 0.3171875 0.06171875 0.0421875 0.04375
0 0.34453125 0.90234375 0.04375 0.04453125
0 0.58671875 0.60625 0.046875 0.04453125
0 0.08671875 0.796875 0.04375 0.04296875
0 0.26484375 0.7859375 0.04140625 0.0421875
0 0.52734375 0.175 0.040625 0.040625
0 0.3859375 0.10078125 0.0421875 0.04296875
0 0.30390625 0.98125 0.0421875 0.0375
0 0.03046875 0.20859375 0.0421875 0.0421875
0 0.04296875 0.06015625 0.04375 0.04375
0 0.72578125 0.32421875 0.04375 0.0421875
0 0.1390625 0.14921875 0.0421875 0.04453125
0 0.51015625 0.56640625 0.04375 0.0453125
0 0.24765625 0.10546875 0.04296875 0.04453125
0 0.41171875 0.8546875 0.0421875 0.0453125
0 0.1515625 0.028125 0.0421875 0.04296875
0 0.51796875 0.73203125 0.04453125 0.04375
0 0.20859375 0.1859375 0.0421875 0.04375
0 0.5328125 0.609375 0.04296875 0.04296875
0 0.18125 0.14921875 0.04375 0.04375
0 0.80703125 0.16171875 0.046875 0.04296875
0 0.3484375 0.62421875 0.04375 0.0421875
0 0.12265625 0.7171875 0.0421875 0.04296875
0 0.84140625 0.0109375 0.0390625 0.021875
0 0.8890625 0.0109375 0.04453125 0.02109375
0 0.42734375 0.01875 0.0421875 0.0375
0 0.1453125 0.6734375 0.0421875 0.04453125
0 0.57109375 0.171875 0.04296875 0.0421875
0 0.753125 0.0125 0.04375 0.025
0 0.02421875 0.640625 0.0421875 0.04296875
0 0.0234375 0.9875 0.04296875 0.02421875
0 0.11015625 0.1125 0.0421875 0.0421875
0 0.33359375 0.01875 0.0453125 0.0375
0 0.0328125 0.1359375 0.04296875 0.04296875
0 0.00859375 0.5234375 0.0171875 0.04375
0 0.7984375 0.0125 0.04453125 0.0234375
0 0.07109375 0.159375 0.0421875 0.04296875
0 0.0078125 0.88125 0.015625 0.04375
0 0.4984375 0.68984375 0.0453125 0.04296875
0 0.00625 0.803125 0.0125 0.04375
0 0.00703125 0.446875 0.01328125 0.04140625
0 0.0109375 0.9578125 0.02109375 0.04375
0 0.01015625 0.60546875 0.01953125 0.0421875
0 0.0046875 0.3671875 0.009375 0.04296875
0 0.37265625 0.6625 0.0421875 0.04453125
0 0.0046875 0.7234375 0.009375 0.046875
1 0.26796875 0.0625 0.05078125 0.04375
0 0.17265625 0.00390625 0.04765625 0.0078125
0 0.0046875 0.05859375 0.00859375 0.04375
0 0.21640625 0.00390625 0.04140625 0.00703125
0 0.00390625 0.13203125 0.0078125 0.04140625