0 0.6109375 0.86640625 0.134375 0.125
1 0.096875 0.02265625 0.125 0.0453125
0 0.03984375 0.57265625 0.0796875 0.1171875
0 0.521875 0.93671875 0.13125 0.1265625
0 0.1734375 0.17421875 0.1125 0.11875
0 0.94296875 0.54453125 0.1140625 0.1390625
0 0.35234375 0.07421875 0.15 0.1265625
0 0.609375 0.08515625 0.1296875 0.128125
0 0.8390625 0.1875 0.1484375 0.1390625
0 0.6890625 0.77578125 0.1390625 0.159375
1 0.1875 0.02109375 0.084375 0.0421875
0 0.778125 0.30390625 0.1375 0.13125
0 0.48203125 0.08671875 0.1296875 0.11875
1 0.14375 0.08359375 0.109375 0.1
0 0.75234375 0.0796875 0.1328125 0.1296875
0 0.89140625 0.6546875 0.1359375 0.13125
0 0.690625 0.19765625 0.1359375 0.1296875
0 0.2390625 0.08515625 0.0984375 0.1171875
0 0.4359375 0.65703125 0.1640625 0.1640625
0 0.746875 0.65546875 0.1375 0.15
0 0.53359375 0.540625 0.1390625 0.14375
0 0.45625 0.82578125 0.1359375 0.134375
0 0.26171875 0.91796875 0.128125 0.140625
0 0.21015625 0.29765625 0.11875 0.1234375
0 0.10546875 0.26875 0.1078125 0.121875
0 0.80859375 0.53671875 0.13125 0.134375
0 0.5890625 0.41796875 0.1328125 0.1265625
0 0.7828125 0.8765625 0.1515625 0.13125
0 0.4609375 0.42734375 0.1234375 0.121875
0 0.09375 0.6796875 0.1140625 0.121875
0 0.88984375 0.071875 0.1578125 0.1015625
0 0.9703125 0.41328125 0.059375 0.1453125
0 0.1390625 0.37890625 0.1359375 0.1265625
0 0.28359375 0.0140625 0.1171875 0.028125
0 0.41875 0.01640625 0.125 0.0328125
0 0.85078125 0.7703125 0.1296875 0.11875
0 0.18046875 0.81328125 0.11875 0.1203125
0 0.73359375 0.41796875 0.1375 0.13125
0 0.5484375 0.01953125 0.121875 0.0390625
0 0.3296875 0.83203125 0.1296875 0.1265625
0 0.10078125 0.49140625 0.109375 0.11875
0 0.60703125 0.646875 0.15625 0.128125
0 0.1296875 0.9171875 0.1359375 0.1203125
0 0.67265625 0.53671875 0.1375 0.134375
0 0.5359375 0.73984375 0.134375 0.128125
0 0.17265625 0.59609375 0.1125 0.1203125
0 0.703125 0.9546875 0.13125 0.090625
0 0.00859375 0.6671875 0.0171875 0.128125
0 0.37421875 0.31640625 0.1171875 0.1125
0 0.5390625 0.20390625 0.1359375 0.128125
1 0.07421875 0.1546875 0.109375 0.1234375
0 0.93671875 0.86875 0.0859375 0.1375
0 0.05625 0.8078125 0.1125 0.128125
0 0.2375 0.7390625 0.121875 0.115625
0 0.2296875 0.4921875 0.1359375 0.125
0 0.9296875 0.30390625 0.140625 0.1359375
0 0.03203125 0.3390625 0.0515625 0.125
0 0.86953125 0.428125 0.146875 0.159375
0 0.9609375 0.75625 0.0546875 0.1328125
0 0.01796875 0.46484375 0.0359375 0.1328125
0 0.89375 0.9515625 0.146875 0.096875
0 0.64453125 0.30859375 0.128125 0.1265625
0 0.39921875 0.525 0.134375 0.13125
0 0.3875 0.934375 0.1625 0.125
0 0.96328125 0.16484375 0.0734375 0.1265625
0 0.9828125 0.0703125 0.034375 0.078125
0 0.3515625 0.19609375 0.1234375 0.109375
0 0.3140625 0.40703125 0.103125 0.1140625
0 0.50703125 0.309375 0.1375 0.1203125
0 0.37578125 0.7265625 0.1140625 0.10625
0 0.25390625 0.63125 0.1328125 0.125
1 0.0671875 0.0703125 0.0703125 0.05625