1 0.6640625 0.9015625 0.2015625 0.1828125
1 0.49140625 0.909375 0.1953125 0.18125
1 0.346875 0.5046875 0.2046875 0.2140625
1 0.26875 0.67734375 0.2109375 0.2046875
1 0.43359375 0.625 0.1828125 0.2015625
1 0.38671875 0.8015625 0.2078125 0.225
1 0.16796875 0.52421875 0.21875 0.184375
1 0.92578125 0.54921875 0.1484375 0.2015625
1 0.7125 0.7546875 0.18125 0.2
1 0.21875 0.8234375 0.1953125 0.20625
1 0.7640625 0.58125 0.2140625 0.2109375
1 0.10546875 0.68046875 0.1921875 0.2046875
1 0.6703125 0.4296875 0.2078125 0.19375
1 0.88046875 0.71015625 0.2125 0.234375
1 0.3359375 0.9296875 0.1875 0.140625
1 0.59765625 0.61640625 0.209375 0.2296875
1 0.153125 0.9375 0.209375 0.125
1 0.55390625 0.77421875 0.2046875 0.203125
1 0.83515625 0.87421875 0.203125 0.1921875
1 0.50859375 0.46640625 0.1921875 0.2046875
1 0.95234375 0.8109375 0.0953125 0.2
1 0.83515625 0.41328125 0.18125 0.2046875
1 0.0875 0.86328125 0.1140625 0.1984375
1 0.94765625 0.38671875 0.1046875 0.1984375
1 0.92421875 0.915625 0.1515625 0.0875
1 0.04140625 0.55625 0.0828125 0.15
1 0.98984375 0.6640625 0.0203125 0.16875