1 0.1296875 0.5765625 0.23125 0.24375
1 0.3125 0.58046875 0.2109375 0.21875
1 0.50234375 0.52578125 0.25 0.228125
1 0.69453125 0.45703125 0.2234375 0.2015625
1 0.87578125 0.425 0.20625 0.2171875
1 0.14765625 0.96875 0.1609375 0.0625
1 0.3140625 0.9484375 0.203125 0.103125
1 0.50078125 0.9234375 0.2109375 0.153125
1 0.69296875 0.8921875 0.209375 0.1921875
1 0.871875 0.8671875 0.1828125 0.18125
1 0.96640625 0.8375 0.0671875 0.190625
1 0.93359375 0.5484375 0.1328125 0.2125
1 0.90859375 0.721875 0.1828125 0.228125
1 0.75078125 0.74921875 0.196875 0.209375
1 0.571875 0.80234375 0.228125 0.2171875
1 0.37578125 0.84296875 0.21875 0.2140625
1 0.1796875 0.890625 0.221875 0.2140625
1 0.1171875 0.74296875 0.1890625 0.178125
1 0.26796875 0.715625 0.2171875 0.2171875
1 0.45 0.671875 0.2125 0.2109375
1 0.634375 0.6046875 0.2140625 0.221875
1 0.80078125 0.6 0.2125 0.21875