0 0.23046875 0.4109375 0.078125 0.08125
0 0.18125 0.16328125 0.08125 0.08125
0 0.23828125 0.34609375 0.0796875 0.08125
0 0.19453125 0.29453125 0.08125 0.08125
0 0.25078125 0.1609375 0.0765625 0.0765625
0 0.08203125 0.64765625 0.0796875 0.0796875
0 0.0640625 0.709375 0.065625 0.078125
0 0.19765625 0.10078125 0.08125 0.08125
0 0.13828125 0.69140625 0.084375 0.0796875
0 0.16484375 0.2296875 0.0859375 0.0828125
0 0.25859375 0.2796875 0.0796875 0.078125
0 0.22890625 0.221875 0.078125 0.0765625
0 0.26015625 0.08828125 0.0765625 0.0765625
0 0.1578125 0.625 0.0796875 0.078125
0 0.2140625 0.68203125 0.0796875 0.0796875
0 0.03984375 0.33359375 0.0796875 0.0796875
0 0.30859375 0.1328125 0.078125 0.078125
0 0.17421875 0.56328125 0.0796875 0.078125
0 0.17109375 0.4328125 0.0796875 0.0796875
0 0.12265625 0.28046875 0.0796875 0.0796875
0 0.303125 0.33203125 0.0765625 0.078125
0 0.3921875 0.05078125 0.078125 0.075
0 0.1109375 0.34453125 0.084375 0.0828125
0 0.29453125 0.4 0.075 0.0765625
0 0.14140625 0.98828125 0.0578125 0.0234375
0 0.37890625 0.12109375 0.0796875 0.078125
0 0.128125 0.51875 0.0796875 0.0796875
0 0.02578125 0.13828125 0.0515625 0.0671875
0 0.03359375 0.19921875 0.0671875 0.0859375
0 0.0734375 0.15234375 0.0890625 0.084375
1 0.0421875 0.26640625 0.0765625 0.071875
1 0.09765625 0.2203125 0.0765625 0.08125
1 0.01484375 0.44609375 0.0296875 0.0765625
1 0.0359375 0.4015625 0.071875 0.075
1 0.09921875 0.4140625 0.078125 0.075
1 0.17578125 0.3640625 0.0890625 0.0796875
1 0.33203125 0.26171875 0.075 0.0734375
1 0.29296875 0.20703125 0.0640625 0.06875
1 0.3546875 0.1890625 0.0796875 0.0734375
1 0.32890625 0.0640625 0.0828125 0.075
1 0.025 0.51015625 0.05 0.0765625
1 0.07109375 0.4734375 0.0703125 0.0828125
1 0.0671875 0.5328125 0.075 0.06875
1 0.20234375 0.49453125 0.0671875 0.075
1 0.2671875 0.471875 0.08125 0.0671875
1 0.24140625 0.5421875 0.075 0.059375
1 0.2359375 0.6125 0.0796875 0.078125
1 0.03359375 0.59453125 0.0640625 0.0734375
1 0.11171875 0.59140625 0.075 0.078125
1 0.1046875 0.74921875 0.06875 0.0640625
1 0.190625 0.75 0.0734375 0.06875
1 0.09609375 0.81640625 0.06875 0.0703125
1 0.171875 0.81171875 0.08125 0.0765625
1 0.159375 0.88359375 0.075 0.078125
1 0.134375 0.9390625 0.078125 0.071875