0 0.94609375 0.29453125 0.0484375 0.0484375
0 0.89921875 0.21328125 0.0453125 0.0453125
0 0.95 0.1234375 0.04375 0.046875
0 0.92265625 0.25546875 0.0453125 0.0453125
0 0.853125 0.0453125 0.04375 0.0453125
0 0.99609375 0.165625 0.0078125 0.046875
0 0.97109375 0.08515625 0.04375 0.0453125
0 0.8796875 0.08515625 0.046875 0.0515625
0 0.90234375 0.128125 0.046875 0.046875
0 0.95078125 0.04375 0.0453125 0.04375
0 0.85390625 0.13046875 0.0484375 0.0484375
0 0.94453125 0.20625 0.0453125 0.046875
0 0.83359375 0.08203125 0.0453125 0.0453125
0 0.984375 0.2078125 0.03125 0.05
0 0.98671875 0.0453125 0.0265625 0.04375
0 0.92421875 0.0828125 0.04375 0.046875
0 0.9671875 0.16484375 0.046875 0.05
0 0.9859375 0.12578125 0.028125 0.0453125
0 0.984375 0.29765625 0.03125 0.0484375
0 0.8078125 0.04375 0.0453125 0.0453125
0 0.90234375 0.0421875 0.04375 0.0421875
0 0.99609375 0.25078125 0.0078125 0.0484375
0 0.96796875 0.25234375 0.0453125 0.046875
0 0.98203125 0.3671875 0.0359375 0.046875
0 0.92578125 0.1640625 0.0453125 0.0453125
0 0.96796875 0.33046875 0.046875 0.0390625
0 0.87890625 0.17265625 0.046875 0.0453125
0 0.99375 0.3296875 0.0125 0.034375
0 0.7875 0.02109375 0.0453125 0.015625
0 0.83359375 0.02109375 0.04375 0.009375
0 0.8765625 0.02265625 0.046875 0.0109375
0 0.92265625 0.025 0.0453125 0.009375