0 0.17734375 0.14375 0.0671875 0.0671875
0 0.353125 0.0140625 0.06875 0.028125
0 0.11328125 0.13515625 0.065625 0.065625
0 0.5625 0.18515625 0.0671875 0.06875
0 0.27890625 0.10703125 0.0671875 0.0671875
0 0.4203125 0.284375 0.0671875 0.0671875
0 0.05625 0.134375 0.05625 0.065625
0 0.5078125 0.05234375 0.0671875 0.0671875
0 0.38125 0.0484375 0.065625 0.065625
0 0.38828125 0.21640625 0.065625 0.0671875
0 0.09765625 0.25078125 0.065625 0.065625
0 0.340625 0.10234375 0.0671875 0.06875
0 0.328125 0.21328125 0.065625 0.0703125
0 0.19453125 0.03359375 0.0671875 0.0671875
0 0.62578125 0.196875 0.06875 0.06875
0 0.06875 0.1953125 0.0671875 0.065625
0 0.13125 0.02578125 0.065625 0.0515625
0 0.96328125 0.2328125 0.0671875 0.06875
0 0.1515625 0.08125 0.0671875 0.0671875
0 0.53671875 0.11953125 0.065625 0.0671875
0 0.596875 0.12421875 0.065625 0.0671875
0 0.96796875 0.0625 0.0640625 0.053125
0 0.82109375 0.2171875 0.0671875 0.06875
0 0.45546875 0.23125 0.0640625 0.06875
0 0.56796875 0.07109375 0.0671875 0.0671875
0 0.44453125 0.05078125 0.0640625 0.0671875
0 0.475 0.1125 0.065625 0.0671875
0 0.73671875 0.04453125 0.065625 0.05625
0 0.71875 0.26015625 0.065625 0.0640625
0 0.13359375 0.19765625 0.065625 0.06875
0 0.090625 0.07421875 0.065625 0.065625
0 0.728125 0.13359375 0.065625 0.065625
0 0.70078125 0.08359375 0.0671875 0.0640625
0 0.6625 0.12890625 0.065625 0.065625
0 0.6328125 0.07265625 0.0671875 0.0703125
0 0.2125 0.08984375 0.0671875 0.06875
0 0.60078125 0.01875 0.0625 0.028125
0 0.25390625 0.040625 0.065625 0.0703125
0 0.0703125 0.0234375 0.0625 0.046875
0 0.26875 0.22109375 0.065625 0.065625
0 0.1609375 0.25546875 0.0671875 0.0671875
0 0.6515625 0.2453125 0.06875 0.065625
0 0.04296875 0.24609375 0.05 0.0640625
0 0.23984375 0.15390625 0.065625 0.0671875
0 0.8796875 0.3484375 0.0671875 0.0671875
0 0.89140625 0.22421875 0.0671875 0.065625
0 0.421875 0.01015625 0.065625 0.0203125
0 0.91328125 0.2765625 0.0671875 0.06875
0 0.3171875 0.04609375 0.065625 0.065625
0 0.54375 0.015625 0.0640625 0.03125
0 0.8453125 0.05 0.065625 0.0484375
0 0.81015625 0.3296875 0.0671875 0.0671875
0 0.7796875 0.08671875 0.065625 0.0671875
0 0.9328125 0.1703125 0.0640625 0.065625
0 0.90625 0.05625 0.065625 0.05
0 0.221875 0.2625 0.0625 0.0640625
0 0.3671875 0.153125 0.0671875 0.0671875
0 0.66484375 0.0265625 0.065625 0.0328125
0 0.86875 0.15703125 0.06875 0.0671875
0 0.30625 0.16171875 0.06875 0.0640625
0 0.83984375 0.1 0.0625 0.059375
1 0.5859375 0.24765625 0.0703125 0.059375
0 0.92109375 0.10625 0.0671875 0.0640625
0 0.48203125 0.0125 0.0640625 0.025
1 0.8484375 0.27734375 0.0625 0.0578125
1 0.97734375 0.296875 0.0453125 0.059375
0 0.78125 0.26171875 0.065625 0.06875
0 0.98125 0.13515625 0.0375 0.0640625
1 0.51640625 0.23125 0.0640625 0.0625
0 0.94296875 0.3421875 0.0640625 0.065625
0 0.04609375 0.07421875 0.0265625 0.0640625
1 0.7546875 0.19765625 0.0609375 0.0640625
1 0.3546875 0.27109375 0.06875 0.0578125
1 0.54296875 0.29921875 0.0640625 0.071875
1 0.69140625 0.190625 0.059375 0.05625
1 0.67734375 0.309375 0.065625 0.0625
1 0.48984375 0.1578125 0.065625 0.05
1 0.790625 0.1421875 0.065625 0.0578125
0 0.74296875 0.3140625 0.06875 0.0640625
1 0.2859375 0.003125 0.06875 0.00625
1 0.48125 0.29375 0.0625 0.0578125
1 0.19765625 0.19609375 0.0625 0.0515625
0 0.98515625 0.18671875 0.0296875 0.0640625
1 0.28828125 0.2734375 0.05625 0.059375
1 0.4171875 0.1171875 0.0734375 0.071875
1 0.6140625 0.3015625 0.0578125 0.0609375