0 0.2140625 0.90859375 0.0671875 0.0640625
0 0.834375 0.6671875 0.06875 0.065625
0 0.52734375 0.8140625 0.0671875 0.0671875
0 0.5984375 0.71171875 0.0671875 0.065625
0 0.34921875 0.46640625 0.0671875 0.0625
0 0.40859375 0.8046875 0.065625 0.065625
0 0.871875 0.51328125 0.0671875 0.0671875
0 0.253125 0.73671875 0.065625 0.0671875
0 0.63359375 0.65234375 0.06875 0.0671875
0 0.321875 0.62578125 0.06875 0.065625
0 0.27890625 0.9046875 0.06875 0.0671875
0 0.290625 0.6796875 0.0671875 0.065625
0 0.24921875 0.84375 0.06875 0.0671875
0 0.4234375 0.4671875 0.06875 0.0671875
0 0.97421875 0.45390625 0.0515625 0.0640625
0 0.4640625 0.91171875 0.0671875 0.0671875
0 0.921875 0.45625 0.065625 0.0671875
0 0.16328125 0.56015625 0.065625 0.065625
0 0.80546875 0.60234375 0.0671875 0.065625
0 0.3703125 0.9640625 0.065625 0.05625
0 0.859375 0.7265625 0.0671875 0.0671875
0 0.475 0.70390625 0.065625 0.0625
0 0.79765625 0.715625 0.0671875 0.065625
0 0.70078125 0.54609375 0.06875 0.065625
0 0.07578125 0.5921875 0.0671875 0.065625
0 0.57109375 0.64765625 0.065625 0.065625
0 0.06328125 0.82890625 0.0640625 0.065625
0 0.384375 0.63359375 0.0671875 0.065625
0 0.35390625 0.578125 0.0671875 0.065625
0 0.221875 0.7875 0.065625 0.0640625
0 0.0578125 0.365625 0.065625 0.0640625
0 0.0984375 0.77578125 0.065625 0.065625
0 0.34375 0.80703125 0.06875 0.0625
0 0.41171875 0.69609375 0.065625 0.065625
0 0.89921875 0.78515625 0.065625 0.065625
0 0.53671875 0.7078125 0.0671875 0.065625
0 0.60390625 0.59375 0.0671875 0.065625
0 0.57578125 0.5375 0.0671875 0.0640625
0 0.78828125 0.8265625 0.0671875 0.065625
0 0.24765625 0.39453125 0.065625 0.0625
0 0.44921875 0.53125 0.065625 0.065625
0 0.3796875 0.853125 0.0640625 0.0640625
0 0.1859375 0.84296875 0.06875 0.0671875
0 0.13671875 0.6109375 0.0640625 0.0640625
0 0.665625 0.5984375 0.0671875 0.0671875
0 0.51015625 0.5375 0.0671875 0.06875
0 0.16015625 0.78203125 0.0671875 0.065625
0 0.50390625 0.653125 0.06875 0.0671875
0 0.4390625 0.8578125 0.065625 0.065625
0 0.95234375 0.79375 0.0453125 0.0640625
0 0.53984375 0.5921875 0.065625 0.0640625
0 0.134375 0.725 0.0640625 0.065625
0 0.353125 0.690625 0.0671875 0.0671875
0 0.89765625 0.56796875 0.06875 0.0640625
0 0.43203125 0.96953125 0.065625 0.05625
0 0.46875 0.80546875 0.065625 0.0640625
0 0.02265625 0.6953125 0.0453125 0.06875
0 0.4 0.91875 0.0671875 0.0640625
0 0.28125 0.79609375 0.0640625 0.0640625
0 0.85703125 0.4421875 0.065625 0.065625
0 0.45546875 0.41640625 0.065625 0.0640625
0 0.78046875 0.4375 0.0671875 0.065625
0 0.0359375 0.88203125 0.065625 0.0625
0 0.6546875 0.9796875 0.06875 0.040625
0 0.8125 0.88125 0.0671875 0.065625
0 0.7234375 0.81875 0.0671875 0.06875
0 0.375 0.7515625 0.0671875 0.0640625
0 0.87421875 0.98125 0.0671875 0.0375
0 0.93671875 0.51796875 0.0671875 0.0671875
0 0.325 0.52109375 0.065625 0.0625
0 0.63046875 0.76015625 0.06875 0.0671875
0 0.75078125 0.88671875 0.0703125 0.0703125
0 0.7734375 0.53828125 0.06875 0.0671875
0 0.87890625 0.88671875 0.0671875 0.06875
0 0.2828125 0.44609375 0.0671875 0.0625
0 0.93515625 0.85859375 0.065625 0.06875
0 0.04453125 0.53125 0.06875 0.065625
0 0.81796875 0.38984375 0.0671875 0.0671875
0 0.50625 0.7515625 0.0671875 0.0640625
0 0.92421875 0.62109375 0.0671875 0.0671875
0 0.48359375 0.4734375 0.0671875 0.0640625
0 0.3046875 0.34453125 0.065625 0.0671875
0 0.31171875 0.75390625 0.0671875 0.0640625
0 0.6390625 0.540625 0.065625 0.0671875
0 0.853125 0.82734375 0.06875 0.0671875
0 0.4203125 0.5796875 0.065625 0.0609375
0 0.66171875 0.81328125 0.065625 0.065625
0 0.0734375 0.71328125 0.0671875 0.0640625
0 0.30390625 0.96171875 0.065625 0.046875
0 0.3890625 0.515625 0.0671875 0.0640625
0 0.5671875 0.75703125 0.06875 0.065625
0 0.8640625 0.61484375 0.065625 0.0640625
0 0.19765625 0.5 0.065625 0.0625
0 0.48046875 0.58359375 0.065625 0.065625
0 0.56484375 0.865625 0.065625 0.065625
0 0.95390625 0.678125 0.065625 0.06875
0 0.5 0.86328125 0.0671875 0.065625
0 0.91328125 0.9484375 0.0671875 0.065625
0 0.81328125 0.97890625 0.0671875 0.0421875
0 0.97421875 0.61953125 0.0375 0.0671875
0 0.24140625 0.95390625 0.065625 0.0484375
0 0.86015625 0.34453125 0.065625 0.065625
0 0.0984375 0.890625 0.065625 0.0640625
0 0.034375 0.7671875 0.06875 0.0703125
0 0.71171875 0.43359375 0.0671875 0.0625
0 0.91953125 0.728125 0.065625 0.065625
0 0.1984375 0.6140625 0.06875 0.0625
0 0.83515625 0.553125 0.065625 0.065625
0 0.73359375 0.7109375 0.06875 0.0671875
0 0.39375 0.421875 0.0671875 0.065625
0 0.10859375 0.52890625 0.065625 0.0640625
0 0.06015625 0.9328125 0.0640625 0.0515625
0 0.70390625 0.66015625 0.06875 0.065625
0 0.69609375 0.7625 0.0703125 0.06875
0 0.18046875 0.9484375 0.0640625 0.0453125
0 0.015625 0.9265625 0.03125 0.053125
0 0.3390625 0.91171875 0.0640625 0.0671875
0 0.59375 0.81953125 0.0703125 0.0671875
0 0.609375 0.48828125 0.06875 0.0671875
0 0.6453125 0.43203125 0.0671875 0.0625
0 0.96953125 0.56328125 0.059375 0.0671875
0 0.18359375 0.35859375 0.06875 0.065625
0 0.096875 0.65859375 0.065625 0.0625
0 0.8203125 0.7765625 0.06875 0.0671875
0 0.3234375 0.41328125 0.065625 0.0640625
0 0.84453125 0.93984375 0.0671875 0.0640625
0 0.49609375 0.96875 0.0671875 0.0625
0 0.4453125 0.7484375 0.0671875 0.0640625
0 0.76328125 0.765625 0.0640625 0.0640625
0 0.446875 0.63828125 0.0640625 0.065625
0 0.225 0.6734375 0.0703125 0.065625
0 0.6796875 0.9328125 0.0671875 0.0671875
0 0.6875 0.871875 0.0671875 0.065625
0 0.796875 0.32734375 0.065625 0.0640625
0 0.59296875 0.9828125 0.0640625 0.034375
0 0.625 0.8703125 0.0671875 0.0640625
0 0.16640625 0.41171875 0.065625 0.0609375
0 0.2609375 0.61640625 0.065625 0.0671875
0 0.15859375 0.8921875 0.065625 0.0671875
0 0.66796875 0.7078125 0.0671875 0.0671875
0 0.0171875 0.821875 0.034375 0.065625
0 0.54921875 0.4765625 0.0671875 0.06875
0 0.61640625 0.93203125 0.065625 0.0671875
0 0.01875 0.4859375 0.0375 0.065625
0 0.53515625 0.3609375 0.065625 0.0671875
0 0.16328125 0.665625 0.0625 0.0625
0 0.7484375 0.4828125 0.0640625 0.0578125
0 0.8921875 0.66953125 0.0671875 0.0671875
0 0.075 0.309375 0.065625 0.0640625
0 0.65859375 0.3734375 0.0640625 0.0609375
0 0.2140625 0.4453125 0.065625 0.0609375
0 0.515625 0.434375 0.0671875 0.0625
0 0.18984375 0.734375 0.0671875 0.0671875
0 0.89609375 0.3921875 0.0640625 0.065625
0 0.58359375 0.42890625 0.0671875 0.0671875
0 0.775 0.9421875 0.065625 0.0640625
0 0.3640625 0.36015625 0.065625 0.0640625
0 0.47109375 0.35625 0.065625 0.0640625
0 0.72890625 0.96875 0.0671875 0.0625
0 0.76875 0.66171875 0.065625 0.0671875
0 0.12265625 0.84765625 0.065625 0.0578125
0 0.29609375 0.56328125 0.0671875 0.065625
0 0.8140625 0.48671875 0.065625 0.065625
0 0.9390625 0.9765625 0.03125 0.046875
0 0.0375 0.41875 0.0609375 0.0625
0 0.31640625 0.8484375 0.065625 0.0640625
0 0.98984375 0.49765625 0.0203125 0.0578125
0 0.55390625 0.95078125 0.06875 0.06875
0 0.6 0.36484375 0.065625 0.0640625
0 0.24609375 0.328125 0.0625 0.0671875
0 0.09609375 0.4296875 0.0640625 0.0609375
0 0.11953125 0.94609375 0.0640625 0.0390625
0 0.2234375 0.5734375 0.065625 0.065625
0 0.68203125 0.47734375 0.065625 0.0578125
0 0.9484375 0.90625 0.0296875 0.0625
0 0.003125 0.64453125 0.00625 0.0640625
0 0.0203125 0.57578125 0.040625 0.0640625
0 0.75625 0.3671875 0.0671875 0.0671875
0 0.7046875 0.33125 0.065625 0.0671875
0 0.03828125 0.6359375 0.065625 0.0640625
0 0.96640625 0.73203125 0.0296875 0.065625
0 0.1984375 0.28203125 0.0671875 0.065625
0 0.75703125 0.2796875 0.0671875 0.06875
0 0.1359375 0.30859375 0.065625 0.0640625
0 0.50625 0.30234375 0.065625 0.0640625
0 0.03046875 0.29921875 0.0296875 0.0640625
1 0.140625 0.4671875 0.0640625 0.0640625
1 0.7421875 0.590625 0.0609375 0.0625
0 0.93359375 0.31875 0.065625 0.0671875
0 0.4234375 0.309375 0.065625 0.065625
0 0.0171875 0.37109375 0.01875 0.0625
0 0.53359375 0.99296875 0.0609375 0.0140625
0 0.28359375 0.28515625 0.0609375 0.065625
0 0.9640625 0.37734375 0.065625 0.06875
0 0.07890625 0.4796875 0.06875 0.0625
0 0.59296875 0.303125 0.0640625 0.0625
0 0.26875 0.49609375 0.0640625 0.059375
0 0.1234375 0.35625 0.0671875 0.0625
0 0.82421875 0.2703125 0.065625 0.0578125
0 0.87734375 0.2859375 0.0546875 0.0578125
0 0.34765625 0.2953125 0.0640625 0.059375