0 0.853125 0.15625 0.0671875 0.06875
0 0.2140625 0.29453125 0.065625 0.0671875
0 0.103125 0.7125 0.065625 0.0671875
0 0.13125 0.01015625 0.065625 0.0203125
0 0.1109375 0.3734375 0.065625 0.0671875
0 0.959375 0.115625 0.0703125 0.06875
0 0.04453125 0.184375 0.04375 0.0671875
0 0.94375 0.05859375 0.065625 0.0484375
0 0.4765625 0.59765625 0.0671875 0.065625
0 0.934375 0.51484375 0.065625 0.0671875
0 0.8484375 0.44375 0.06875 0.065625
0 0.3109375 0.04453125 0.0671875 0.0671875
0 0.68359375 0.13828125 0.065625 0.0640625
0 0.253125 0.50390625 0.065625 0.065625
0 0.20859375 0.66328125 0.0671875 0.065625
0 0.45078125 0.3015625 0.065625 0.0640625
0 0.19453125 0.24453125 0.0640625 0.0640625
0 0.34140625 0.1703125 0.065625 0.0671875
0 0.82890625 0.3875 0.0671875 0.06875
0 0.98359375 0.2328125 0.0328125 0.065625
0 0.97265625 0.45625 0.0546875 0.065625
0 0.16875 0.34453125 0.065625 0.0671875
0 0.596875 0.4171875 0.065625 0.065625
0 0.91171875 0.45234375 0.0671875 0.06875
0 0.95234375 0.39765625 0.065625 0.0640625
0 0.29921875 0.2140625 0.065625 0.0640625
0 0.89375 0.1046875 0.0671875 0.06875
0 0.92578125 0.6265625 0.065625 0.06875
0 0.2703125 0.675 0.0671875 0.065625
0 0.27734375 0.57109375 0.0671875 0.065625
0 0.68359375 0.4859375 0.065625 0.065625
0 0.9859375 0.06640625 0.028125 0.0546875
0 0.32578125 0.109375 0.065625 0.0671875
0 0.6359375 0.6578125 0.0671875 0.0671875
0 0.715625 0.040625 0.06875 0.053125
0 0.28046875 0.15234375 0.0640625 0.065625
0 0.21640625 0.5515625 0.065625 0.0671875
0 0.15546875 0.54921875 0.0671875 0.065625
0 0.71484375 0.2625 0.0671875 0.06875
0 0.49296875 0.2578125 0.0671875 0.0671875
0 0.18203125 0.6015625 0.065625 0.065625
0 0.27578125 0.31640625 0.065625 0.0671875
0 0.67578125 0.31328125 0.065625 0.0671875
0 0.14375 0.6625 0.0671875 0.0671875
0 0.39921875 0.34296875 0.065625 0.065625
0 0.44921875 0.1328125 0.065625 0.06875
0 0.87109375 0.7921875 0.065625 0.06875
0 0.23203125 0.7296875 0.0671875 0.06875
0 0.5109375 0.321875 0.0640625 0.065625
0 0.54375 0.0328125 0.0671875 0.065625
0 0.371875 0.6390625 0.0671875 0.06875
0 0.23671875 0.44296875 0.0671875 0.0671875
0 0.42578125 0.240625 0.065625 0.065625
0 0.46484375 0.1953125 0.065625 0.0671875
0 0.415625 0.4109375 0.065625 0.0671875
0 0.04921875 0.371875 0.0640625 0.0671875
0 0.38515625 0.52421875 0.06875 0.065625
0 0.23125 0.36640625 0.0671875 0.06875
0 0.04296875 0.703125 0.065625 0.06875
0 0.50859375 0.65234375 0.0671875 0.0671875
0 0.57578125 0.16015625 0.0671875 0.0671875
0 0.765625 0.384375 0.065625 0.065625
0 0.0828125 0.65234375 0.0671875 0.0671875
0 0.63984375 0.54375 0.0671875 0.0671875
0 0.6984375 0.36875 0.0671875 0.0671875
0 0.65546875 0.253125 0.065625 0.0671875
0 0.7359375 0.61640625 0.065625 0.06875
0 0.753125 0.2140625 0.0671875 0.0625
0 0.6125 0.5921875 0.0671875 0.0640625
0 0.9796875 0.35234375 0.040625 0.0640625
0 0.0296875 0.54140625 0.059375 0.0640625
0 0.02578125 0.6484375 0.0515625 0.065625
0 0.56484375 0.35078125 0.0671875 0.0671875
0 0.25 0.0296875 0.065625 0.059375
0 0.796875 0.12578125 0.0671875 0.0671875
0 0.5328125 0.215625 0.065625 0.0703125
0 0.6078125 0.05390625 0.065625 0.0609375
0 0.6703125 0.07578125 0.0671875 0.0671875
0 0.865625 0.3359375 0.06875 0.06875
0 0.2640625 0.08984375 0.065625 0.0671875
0 0.59296875 0.23515625 0.0671875 0.0671875
0 0.00625 0.703125 0.0125 0.0625
0 0.33671875 0.340625 0.0671875 0.065625
0 0.8140625 0.49765625 0.0671875 0.065625
0 0.86640625 0.62421875 0.065625 0.0671875
0 0.775 0.26953125 0.0640625 0.0640625
0 0.37265625 0.05625 0.065625 0.065625
0 0.6140625 0.30546875 0.065625 0.0671875
0 0.78125 0.05078125 0.065625 0.0609375
0 0.7484375 0.796875 0.065625 0.065625
0 0.63359375 0.3671875 0.0671875 0.065625
0 0.090625 0.54375 0.065625 0.065625
0 0.36484375 0.234375 0.06875 0.0625
0 0.334375 0.6875 0.0625 0.0609375
0 0.38125 0.290625 0.06875 0.065625
0 0.840625 0.27421875 0.065625 0.0671875
0 0.659375 0.7203125 0.065625 0.0671875
0 0.58046875 0.82734375 0.065625 0.0640625
0 0.05234375 0.596875 0.065625 0.0640625
0 0.59609375 0.7109375 0.065625 0.065625
0 0.93984375 0.2234375 0.0671875 0.065625
0 0.16484375 0.72734375 0.06875 0.06875
0 0.1921875 0.01484375 0.0625 0.0296875
0 0.09609375 0.1796875 0.0671875 0.06875
0 0.1890625 0.49765625 0.06875 0.0671875
0 0.6953125 0.19765625 0.0671875 0.065625
0 0.815625 0.203125 0.065625 0.0671875
0 0.63359375 0.17890625 0.065625 0.0671875
0 0.74765625 0.48671875 0.0671875 0.0671875
0 0.5140625 0.54296875 0.0671875 0.06875
0 0.17578125 0.18984375 0.06875 0.0671875
0 0.8421875 0.0734375 0.065625 0.06875
0 0.40625 0.18515625 0.0671875 0.0671875
0 0.9015625 0.2765625 0.065625 0.0671875
0 0.803125 0.62265625 0.065625 0.0671875
0 0.55390625 0.77265625 0.0671875 0.0671875
0 0.2015625 0.07578125 0.0671875 0.0671875
0 0.928125 0.34375 0.065625 0.0671875
0 0.41875 0.02109375 0.065625 0.0421875
0 0.81015625 0.79140625 0.0625 0.06875
0 0.125 0.4828125 0.0671875 0.06875
0 0.703125 0.5453125 0.065625 0.065625
0 0.30703125 0.6234375 0.0671875 0.065625
0 0.6421875 0.83046875 0.0671875 0.0671875
0 0.915625 0.1703125 0.0671875 0.0625
0 0.975 0.625 0.0359375 0.0671875
0 0.01171875 0.59765625 0.0234375 0.0640625
0 0.29375 0.00625 0.065625 0.0125
0 0.29453125 0.740625 0.065625 0.0671875
0 0.4109375 0.58046875 0.065625 0.0640625
0 0.24375 0.61484375 0.065625 0.065625
0 0.98359375 0.5140625 0.0328125 0.065625
0 0.06875 0.24453125 0.0671875 0.06875
0 0.97421875 0.18046875 0.0515625 0.0640625
0 0.6203125 0.11875 0.0671875 0.0671875
0 0.7859375 0.4359375 0.0671875 0.0625
0 0.34296875 0.5703125 0.065625 0.0640625
0 0.06640625 0.11875 0.0671875 0.06875
0 0.74453125 0.1625 0.06875 0.0671875
0 0.76171875 0.68515625 0.0671875 0.0640625
0 0.725 0.43125 0.0671875 0.065625
0 0.49921875 0.0796875 0.0671875 0.0640625
0 0.875 0.21640625 0.065625 0.065625
0 0.675 0.61015625 0.0671875 0.06875
0 0.38515625 0.12109375 0.065625 0.0671875
0 0.703125 0.8375 0.0625 0.0640625
0 0.8765625 0.4984375 0.0671875 0.0671875
0 0.0703125 0.009375 0.059375 0.01875
0 0.6140625 0.77421875 0.0671875 0.0671875
0 0.53671875 0.4078125 0.065625 0.065625
0 0.621875 0.47578125 0.0671875 0.0671875
0 0.50703125 0.1421875 0.0671875 0.065625
0 0.5765625 0.54140625 0.065625 0.0671875
0 0.1328125 0.234375 0.0671875 0.065625
0 0.90625 0.5640625 0.0671875 0.0671875
0 0.2390625 0.2 0.065625 0.0609375
0 0.55703125 0.47421875 0.06875 0.0703125
0 0.35234375 0.40546875 0.0671875 0.0671875
0 0.80234375 0.328125 0.0671875 0.0640625
0 0.9359375 0.80703125 0.065625 0.06875
0 0.846875 0.72578125 0.065625 0.0640625
0 0.890625 0.3921875 0.065625 0.0671875
0 0.72109375 0.7328125 0.065625 0.0671875
0 0.08828125 0.42890625 0.0671875 0.065625
0 0.21875 0.1390625 0.0671875 0.0671875
0 0.0703125 0.05234375 0.065625 0.0640625
0 0.3953125 0.68515625 0.0671875 0.065625
0 0.06875 0.77578125 0.065625 0.0671875
0 0.35859375 0.01171875 0.0609375 0.0234375
0 0.3703125 0.46171875 0.0640625 0.0640625
0 0.696875 0.66640625 0.0671875 0.0671875
0 0.0140625 0.49296875 0.028125 0.0640625
0 0.8375 0.5703125 0.06875 0.06875
0 0.14453125 0.1265625 0.06875 0.0671875
0 0.653125 0.02421875 0.0640625 0.0296875
0 0.3203125 0.27265625 0.065625 0.065625
0 0.96640625 0.56875 0.0640625 0.065625
0 0.53515625 0.7109375 0.0671875 0.065625
0 0.95703125 0.6875 0.0609375 0.0640625
0 0.06015625 0.49765625 0.0671875 0.0625
0 0.7375 0.32265625 0.06875 0.0671875
0 0.5171875 0.821875 0.0640625 0.0640625
0 0.43671875 0.0671875 0.0671875 0.065625
0 0.5625 0.0953125 0.0671875 0.0671875
0 0.96796875 0.30078125 0.0640625 0.0609375
0 0.4328125 0.471875 0.0625 0.065625
0 0.13828125 0.059375 0.0671875 0.0671875
0 0.48984375 0.48359375 0.065625 0.059375
0 0.14453125 0.28515625 0.06875 0.0625
0 0.7390625 0.0953125 0.0671875 0.065625
0 0.48203125 0.0234375 0.0640625 0.046875
0 0.66015625 0.42578125 0.065625 0.065625
0 0.8828125 0.04296875 0.065625 0.028125
0 0.25703125 0.78671875 0.0671875 0.065625
0 0.02890625 0.43125 0.0546875 0.065625
0 0.7859375 0.73359375 0.065625 0.0625
0 0.56953125 0.6515625 0.0640625 0.0671875
0 0.55546875 0.28046875 0.0671875 0.0671875
0 0.4328125 0.6359375 0.0640625 0.0640625
0 0.5515625 0.5875 0.0640625 0.0609375
0 0.4609375 0.35859375 0.0671875 0.065625
0 0.1171875 0.5984375 0.0671875 0.0640625
0 0.25546875 0.25078125 0.0640625 0.059375
0 0.3578125 0.734375 0.0640625 0.0671875
0 0.46171875 0.69375 0.0625 0.0609375
1 0.3171875 0.49609375 0.059375 0.059375
0 0.99140625 0.39921875 0.0171875 0.0609375
0 0.590625 0.015625 0.0671875 0.025
0 0.31796875 0.8109375 0.0671875 0.065625
0 0.47578125 0.43359375 0.06875 0.0671875
0 0.821875 0.6796875 0.0671875 0.065625
0 0.38125 0.80546875 0.0640625 0.06875
1 0.1703125 0.41796875 0.0703125 0.0796875
1 0.421875 0.74375 0.0609375 0.059375
1 0.4875 0.74375 0.0609375 0.05625
0 0.903125 0.86171875 0.0671875 0.06875
1 0.08125 0.3015625 0.0609375 0.059375
1 0.3015625 0.43984375 0.0640625 0.06875
1 0.28671875 0.39140625 0.0640625 0.0609375
1 0.8375 0.846875 0.0640625 0.0546875
1 0.03203125 0.3015625 0.0390625 0.0734375
1 0.4515625 0.81171875 0.0765625 0.0859375
1 0.19453125 0.78203125 0.0609375 0.053125
1 0.678125 0.77265625 0.065625 0.0546875
1 0.7703125 0.54921875 0.0640625 0.0640625
1 0.01484375 0.76015625 0.0296875 0.0546875
1 0.13203125 0.78359375 0.0625 0.0625
1 0.77109375 0.85 0.0484375 0.0546875
0 0.04453125 0.0234375 0.0140625 0.046875
0 0.45078125 0.525 0.0625 0.0578125
1 0.8921875 0.6859375 0.059375 0.0578125
1 0.95390625 0.86640625 0.0375 0.0734375
0 0.03984375 0.08203125 0.015625 0.0625
1 0.96640625 0.73359375 0.034375 0.05
1 0.91015625 0.703125 0.0546875 0.0671875