0 0.54140625 0.01953125 0.0671875 0.0390625
0 0.3453125 0.3171875 0.071875 0.0703125
0 0.58984375 0.0625 0.075 0.0703125
0 0.603125 0.015625 0.071875 0.03125
0 0.4359375 0.13984375 0.075 0.0734375
0 0.5484375 0.303125 0.0703125 0.0703125
0 0.47421875 0.49296875 0.0734375 0.0703125
0 0.4734375 0.021875 0.071875 0.04375
0 0.54140625 0.1875 0.071875 0.0703125
0 0.10546875 0.8484375 0.0734375 0.071875
0 0.45546875 0.07265625 0.0734375 0.071875
0 0.52265625 0.07109375 0.071875 0.071875
0 0.35859375 0.2578125 0.075 0.0734375
0 0.659375 0.05546875 0.071875 0.06875
0 0.0234375 0.15234375 0.046875 0.0734375
0 0.33203125 0.8421875 0.0734375 0.0734375
0 0.21171875 0.3609375 0.0703125 0.0671875
0 0.3921875 0.1859375 0.0734375 0.071875
0 0.40078125 0.040625 0.071875 0.06875
0 0.009375 0.396875 0.01875 0.06875
0 0.11171875 0.41328125 0.0734375 0.0703125
0 0.0796875 0.97109375 0.04375 0.0578125
0 0.503125 0.1359375 0.071875 0.0734375
0 0.57578125 0.24921875 0.071875 0.071875
0 0.634375 0.121875 0.0703125 0.0703125
0 0.13203125 0.9640625 0.0734375 0.071875
0 0.409375 0.31171875 0.0734375 0.071875
0 0.33671875 0.05 0.071875 0.06875
0 0.47421875 0.296875 0.0734375 0.071875
0 0.184375 0.1296875 0.0734375 0.0734375
0 0.44609375 0.553125 0.0703125 0.071875
0 0.521875 0.36171875 0.0703125 0.0703125
0 0.2578125 0.40390625 0.0734375 0.06875
0 0.05859375 0.84921875 0.0375 0.06875
0 0.084375 0.34765625 0.071875 0.071875
0 0.2703125 0.05625 0.0734375 0.065625
0 0.32109375 0.1125 0.0734375 0.071875
0 0.25859375 0.671875 0.071875 0.071875
0 0.34765625 0.44375 0.0734375 0.071875
0 0.128125 0.2875 0.075 0.071875
0 0.20703125 0.4734375 0.0734375 0.071875
0 0.146875 0.35 0.06875 0.06875
0 0.171875 0.52890625 0.071875 0.0734375
0 0.296875 0.8984375 0.071875 0.071875
0 0.17578125 0.4140625 0.071875 0.0734375
0 0.18671875 0.60078125 0.0703125 0.0703125
0 0.2375 0.5359375 0.06875 0.071875
0 0.0625 0.5390625 0.0734375 0.071875
0 0.68671875 0.0171875 0.0734375 0.034375
0 0.1953125 0.296875 0.0734375 0.071875
0 0.49921875 0.428125 0.06875 0.0703125
0 0.33984375 0.61484375 0.071875 0.0734375
0 0.453125 0.36015625 0.0734375 0.06875
0 0.565625 0.1234375 0.0703125 0.0703125
0 0.0265625 0.334375 0.053125 0.075
0 0.0859375 0.66171875 0.075 0.071875
0 0.04765625 0.40078125 0.06875 0.071875
0 0.25234375 0.11171875 0.0734375 0.071875
0 0.25 0.60390625 0.071875 0.071875
0 0.41171875 0.63359375 0.0734375 0.0734375
0 0.43125 0.25 0.075 0.0734375
0 0.12578125 0.0875 0.0765625 0.075
0 0.0671875 0.78359375 0.071875 0.071875
0 0.43671875 0.4296875 0.075 0.075
0 0.4734375 0.18671875 0.071875 0.0671875
0 0.028125 0.23671875 0.05625 0.0703125
0 0.384375 0.56171875 0.0734375 0.071875
0 0.2984375 0.5609375 0.075 0.0734375
0 0.33359375 0.4984375 0.0734375 0.06875
0 0.60859375 0.17421875 0.065625 0.0671875
1 0.296875 0.2578125 0.06875 0.075
1 0.3125 0.18203125 0.0703125 0.0625
0 0.51171875 0.2390625 0.06875 0.071875
0 0.16015625 0.7640625 0.075 0.0734375
0 0.13359375 0.4703125 0.071875 0.06875
1 0.18203125 0.83671875 0.0734375 0.078125
0 0.20703125 0.0625 0.0671875 0.059375
1 0.32265625 0.6703125 0.0640625 0.05625
1 0.23359375 0.23828125 0.0703125 0.078125
1 0.13046875 0.17578125 0.0734375 0.0703125
1 0.23125 0.9 0.06875 0.0609375
1 0.3796875 0.38046875 0.075 0.075
1 0.01640625 0.46171875 0.0328125 0.0640625
1 0.26953125 0.95078125 0.0609375 0.0609375
1 0.31484375 0.37890625 0.0640625 0.0671875
1 0.0953125 0.90625 0.0734375 0.0625
1 0.2734375 0.7796875 0.0671875 0.0578125
1 0.075 0.13828125 0.065625 0.0734375
1 0.0625 0.46875 0.0578125 0.065625
1 0.2734375 0.33046875 0.06875 0.0640625
1 0.1671875 0.90234375 0.059375 0.0609375
1 0.12578125 0.5765625 0.059375 0.0625
0 0.38046875 0.096875 0.071875 0.071875
1 0.20625 0.95703125 0.06875 0.0671875
1 0.2453125 0.8375 0.0609375 0.06875
1 0.0625 0.27734375 0.0703125 0.0828125
1 0.05859375 0.603125 0.0765625 0.075
1 0.05078125 0.70546875 0.0625 0.078125
1 0.303125 0.73203125 0.0640625 0.065625
1 0.0453125 0.08203125 0.065625 0.053125
1 0.3703125 0.69609375 0.059375 0.0515625
1 0.2078125 0.7234375 0.06875 0.0703125
0 0.18203125 0.659375 0.071875 0.0703125
0 0.27421875 0.46953125 0.071875 0.071875
1 0.4 0.490625 0.0703125 0.0609375
1 0.1109375 0.7296875 0.06875 0.06875
1 0.24921875 0.98828125 0.0734375 0.0234375
0 0.00859375 0.52109375 0.0171875 0.0640625
1 0.253125 0.1671875 0.075 0.05625
1 0.35 0.7640625 0.0671875 0.0578125
0 0.1609375 0.04765625 0.065625 0.0171875
1 0.21484375 0.78046875 0.0515625 0.0578125