0 0.128125 0.81015625 0.0703125 0.06875
0 0.18984375 0.82890625 0.071875 0.06875
0 0.02421875 0.34765625 0.0484375 0.0703125
0 0.03203125 0.47734375 0.0640625 0.0703125
0 0.22578125 0.9875 0.0703125 0.025
0 0.034375 0.41875 0.06875 0.071875
0 0.01171875 0.225 0.0234375 0.06875
0 0.05546875 0.22734375 0.071875 0.06875
0 0.09765625 0.6875 0.0671875 0.0671875
0 0.0171875 0.28515625 0.034375 0.0671875
0 0.20234375 0.9453125 0.071875 0.06875
0 0.13984375 0.640625 0.0671875 0.065625
0 0.08125 0.62109375 0.06875 0.065625
0 0.12734375 0.86875 0.0671875 0.0625
0 0.1265625 0.578125 0.0703125 0.065625
0 0.09765625 0.41328125 0.071875 0.06875
0 0.0671875 0.55859375 0.065625 0.0625
0 0.165625 0.759375 0.071875 0.0703125
0 0.08046875 0.34609375 0.0734375 0.0703125
0 0.146875 0.9765625 0.071875 0.046875
0 0.03203125 0.10859375 0.0640625 0.0515625
0 0.1015625 0.74453125 0.06875 0.0671875
0 0.02109375 0.53203125 0.0421875 0.0609375
0 0.06875 0.28828125 0.075 0.0703125
0 0.03828125 0.1578125 0.071875 0.06875
0 0.09765625 0.471875 0.065625 0.0578125
0 0.10859375 0.5203125 0.0625 0.0515625
0 0.153125 0.69921875 0.0671875 0.065625
0 0.18984375 0.8859375 0.065625 0.0546875
0 0.14140625 0.92890625 0.0609375 0.0640625
0 0.02734375 0.59296875 0.046875 0.0609375
0 0.0453125 0.6640625 0.0515625 0.0546875
0 0.05390625 0.72109375 0.04375 0.05
0 0.065625 0.77890625 0.04375 0.0609375
0 0.0796875 0.8390625 0.046875 0.0609375
0 0.09140625 0.903125 0.0421875 0.0578125
0 0.1046875 0.9640625 0.0453125 0.0640625