0 0.1640625 0.48515625 0.0515625 0.0515625
0 0.375 0.896875 0.0484375 0.05
2 0.35546875 0.82265625 0.0546875 0.0484375
0 0.66015625 0.9015625 0.05 0.0484375
0 0.30625 0.98515625 0.05 0.0296875
0 0.73828125 0.284375 0.0515625 0.053125
0 0.6734375 0.54609375 0.0515625 0.05
0 0.22109375 0.42578125 0.0515625 0.053125
0 0.86640625 0.72578125 0.05 0.05
0 0.44296875 0.79765625 0.05 0.05
0 0.58359375 0.87734375 0.0515625 0.05
0 0.540625 0.73125 0.05 0.0515625
0 0.59375 0.678125 0.05 0.05
0 0.8765625 0.68359375 0.05 0.05
0 0.6109375 0.63125 0.0515625 0.05
0 0.0390625 0.63203125 0.05 0.0515625
0 0.81015625 0.78203125 0.05 0.05
0 0.33359375 0.90546875 0.05 0.05
0 0.52265625 0.34765625 0.0515625 0.0515625
0 0.5171875 0.975 0.05 0.05
0 0.9515625 0.70625 0.0484375 0.05
0 0.04296875 0.475 0.0515625 0.053125
0 0.465625 0.5578125 0.0515625 0.05
0 0.44609375 0.48203125 0.05 0.05
0 0.303125 0.7171875 0.05 0.0515625
0 0.12265625 0.49375 0.05 0.0515625
0 0.73515625 0.91953125 0.05 0.05
0 0.40859375 0.9234375 0.05 0.05
0 0.13828125 0.88671875 0.05 0.05
0 0.3328125 0.75234375 0.05 0.05
0 0.27109375 0.53125 0.05 0.05
0 0.98515625 0.6953125 0.0296875 0.05
0 0.40859375 0.765625 0.0515625 0.05
0 0.79140625 0.86484375 0.05 0.05
0 0.9515625 0.8640625 0.0515625 0.05
0 0.703125 0.89140625 0.0515625 0.0515625
0 0.309375 0.83125 0.05 0.0515625
0 0.97421875 0.7765625 0.0484375 0.05
0 0.20546875 0.784375 0.05 0.05
0 0.4296875 0.9875 0.05 0.025
0 0.759375 0.51640625 0.05 0.05
0 0.93984375 0.27109375 0.046875 0.0515625
0 0.56640625 0.48515625 0.05 0.05
0 0.05390625 0.58828125 0.053125 0.053125
0 0.4625 0.875 0.05 0.05
0 0.23515625 0.97578125 0.0484375 0.0484375
0 0.5609375 0.8140625 0.05 0.05
0 0.6703125 0.85859375 0.05 0.05
0 0.39453125 0.96796875 0.05 0.0515625
0 0.2234375 0.8609375 0.0484375 0.05
0 0.5140625 0.38984375 0.0484375 0.05
0 0.18984375 0.828125 0.05 0.0515625
0 0.365625 0.61953125 0.05 0.05
0 0.82421875 0.575 0.0484375 0.0484375
0 0.3640625 0.93515625 0.05 0.05
0 0.41796875 0.45234375 0.05 0.05
0 0.384375 0.99296875 0.05 0.0140625
0 0.59609375 0.8390625 0.0484375 0.0484375
0 0.728125 0.6390625 0.0484375 0.0484375
0 0.84453125 0.81171875 0.05 0.0515625
0 0.73671875 0.7609375 0.0515625 0.0515625
0 0.4109375 0.60859375 0.0484375 0.0484375
0 0.69453125 0.29765625 0.0515625 0.053125
0 0.51796875 0.6609375 0.05 0.05
0 0.55234375 0.8515625 0.0515625 0.05
0 0.93046875 0.62734375 0.0484375 0.05
0 0.1796875 0.88046875 0.05 0.05
0 0.684375 0.81328125 0.0515625 0.05
0 0.4953125 0.90234375 0.05 0.05
0 0.9328125 0.78515625 0.0484375 0.05
0 0.84609375 0.64921875 0.05 0.05
0 0.684375 0.33984375 0.05 0.0515625
0 0.18046875 0.41953125 0.0515625 0.053125
0 0.8546875 0.7703125 0.05 0.05
0 0.42578125 0.56953125 0.05 0.05
0 0.7171875 0.5296875 0.05 0.0484375
0 0.5875 0.41171875 0.05 0.05
0 0.12578125 0.93515625 0.0484375 0.05
0 0.87578125 0.84609375 0.05 0.0515625
0 0.7828125 0.27265625 0.053125 0.0546875
0 0.83203125 0.69453125 0.046875 0.0484375
0 0.553125 0.3765625 0.05 0.05
0 0.403125 0.48984375 0.0515625 0.05
0 0.2640625 0.846875 0.0515625 0.0515625
0 0.69140625 0.7765625 0.05 0.0515625
0 0.30625 0.40546875 0.0515625 0.053125
0 0.6046875 0.80078125 0.05 0.05
0 0.215625 0.740625 0.05 0.05
0 0.7578125 0.6765625 0.0484375 0.05
0 0.73046875 0.80078125 0.05 0.05
0 0.20078125 0.94921875 0.05 0.05
0 0.77890625 0.75078125 0.05 0.0515625
0 0.19140625 0.984375 0.0484375 0.03125
0 0.77734375 0.90703125 0.05 0.0484375
0 0.21796875 0.58203125 0.05 0.05
0 0.3765625 0.7359375 0.0515625 0.05
0 0.921875 0.35703125 0.05 0.05
0 0.25390625 0.4578125 0.05 0.05
0 0.078125 0.5046875 0.0515625 0.053125
0 0.2546875 0.8953125 0.0515625 0.05
0 0.3703125 0.46328125 0.05 0.0515625
0 0.9625 0.81953125 0.0515625 0.05
0 0.62734375 0.8703125 0.0484375 0.05
0 0.89921875 0.28203125 0.0484375 0.05
0 0.90703125 0.71796875 0.05 0.05
0 0.43671875 0.52109375 0.0515625 0.0515625
0 0.975 0.61484375 0.05 0.05
0 0.746875 0.88125 0.05 0.0484375
0 0.34453125 0.86484375 0.05 0.0515625
0 0.31328125 0.67421875 0.0515625 0.0515625
0 0.6015625 0.51640625 0.05 0.0515625
0 0.459375 0.43828125 0.05 0.0484375
0 0.815625 0.61875 0.0484375 0.05
0 0.3265625 0.78671875 0.05 0.05
0 0.496875 0.74375 0.0484375 0.05
0 0.265625 0.99140625 0.05 0.0171875
0 0.43046875 0.84140625 0.05 0.05
0 0.24609375 0.77265625 0.05 0.0515625
0 0.13125 0.45234375 0.0515625 0.053125
0 0.09609375 0.7390625 0.0515625 0.05
0 0.48671875 0.95 0.05 0.05
0 0.146875 0.846875 0.05 0.05
0 0.384375 0.8546875 0.05 0.0515625
0 0.37890625 0.57890625 0.05 0.05
0 0.5296875 0.77578125 0.05 0.05
0 0.865625 0.88828125 0.0515625 0.05
0 0.6484375 0.9453125 0.0484375 0.05
0 0.4171875 0.88515625 0.0484375 0.05
0 0.48515625 0.6296875 0.05 0.0484375
0 0.42578125 0.7265625 0.0484375 0.05
0 0.54921875 0.69375 0.05 0.05
0 0.49765625 0.58828125 0.0484375 0.046875
0 0.61796875 0.440625 0.05 0.05
0 0.65390625 0.46484375 0.053125 0.0515625
0 0.96328125 0.6609375 0.05 0.05
0 0.35078125 0.3890625 0.053125 0.053125
0 0.8890625 0.63984375 0.0484375 0.05
0 0.6484375 0.7859375 0.05 0.05
0 0.0640625 0.54765625 0.05 0.05
0 0.6265625 0.70859375 0.0515625 0.0515625
0 0.4734375 0.82890625 0.05 0.05
0 0.5296875 0.93203125 0.05 0.05
0 0.47890625 0.3578125 0.0515625 0.0515625
0 0.40078125 0.653125 0.0484375 0.05
0 0.26484375 0.4140625 0.053125 0.0546875
0 0.7703125 0.6328125 0.0484375 0.05
0 0.29140625 0.6046875 0.05 0.05
0 0.84609375 0.49140625 0.05 0.0515625
0 0.16640625 0.91796875 0.05 0.05
0 0.47109375 0.39765625 0.0484375 0.05
0 0.74609375 0.56015625 0.0484375 0.0484375
0 0.99140625 0.8078125 0.0171875 0.05
0 0.990625 0.6453125 0.01875 0.05
0 0.115625 0.81015625 0.0484375 0.05
0 0.1484375 0.9875 0.05 0.025
0 0.3015625 0.56171875 0.05 0.05
0 0.46640625 0.71640625 0.0484375 0.05
0 0.259375 0.73046875 0.05 0.0515625
0 0.9859375 0.8515625 0.028125 0.05
0 0.34609375 0.70390625 0.05 0.05
0 0.8046875 0.3453125 0.05 0.05
0 0.05703125 0.75 0.0328125 0.0453125
0 0.91875 0.834375 0.05 0.05
0 0.75390625 0.71171875 0.05 0.053125
0 0.0859375 0.77890625 0.05 0.0484375
0 0.48203125 0.5078125 0.0515625 0.05
0 0.5609375 0.9640625 0.0515625 0.05
0 0.3921875 0.6953125 0.0484375 0.05
0 0.540625 0.578125 0.05 0.0484375
0 0.08828125 0.46328125 0.053125 0.0546875
0 0.28046875 0.8078125 0.05 0.05
0 0.6046875 0.95390625 0.0484375 0.05
0 0.8984375 0.753125 0.05 0.05
0 0.63671875 0.825 0.0515625 0.05
0 0.4546875 0.5984375 0.05 0.05
0 0.31796875 0.9484375 0.05 0.05
0 0.57421875 0.60546875 0.0515625 0.05
0 0.98046875 0.5734375 0.0390625 0.053125
0 0.44375 0.63984375 0.0484375 0.05
0 0.096875 0.89921875 0.04375 0.05
0 0.66171875 0.4265625 0.05 0.05
0 0.565625 0.64765625 0.05 0.05
0 0.32109375 0.63671875 0.05 0.0484375
0 0.790625 0.54765625 0.0484375 0.05
0 0.53828125 0.88984375 0.05 0.05
0 0.98046875 0.7359375 0.0390625 0.05
0 0.43125 0.684375 0.0484375 0.05
0 0.3671875 0.7796875 0.046875 0.0484375
0 0.23515625 0.81640625 0.05 0.0515625
0 0.0390625 0.675 0.0328125 0.046875
0 0.16328125 0.63359375 0.0484375 0.05
0 0.52734375 0.49609375 0.05 0.05
0 0.37890625 0.421875 0.05 0.05
0 0.98984375 0.4921875 0.0203125 0.05
0 0.5671875 0.32734375 0.053125 0.0546875
0 0.44140625 0.95625 0.05 0.0515625
0 0.15234375 0.5234375 0.05 0.05
0 0.596875 0.36796875 0.05 0.05
0 0.18515625 0.71015625 0.0484375 0.05
0 0.27109375 0.6875 0.05 0.05
0 0.75625 0.83671875 0.05 0.05
0 0.51875 0.8203125 0.05 0.05
0 0.059375 0.71171875 0.0515625 0.0515625
0 0.92109375 0.6734375 0.05 0.05
0 0.0859375 0.61796875 0.0515625 0.0515625
0 0.61640625 0.7546875 0.05 0.05
0 0.21015625 0.90859375 0.0484375 0.05
0 0.8234375 0.73515625 0.05 0.05
0 0.48515625 0.78984375 0.05 0.0484375
0 0.47109375 0.98203125 0.0484375 0.0359375
0 0.83125 0.8578125 0.05 0.05
0 0.29921875 0.87421875 0.05 0.05
0 0.2609375 0.5734375 0.05 0.0515625
0 0.396875 0.81015625 0.0484375 0.05
0 0.5734375 0.76640625 0.0484375 0.05
0 0.621875 0.29375 0.0546875 0.05625
0 0.69609375 0.6109375 0.0484375 0.05
0 0.821875 0.9 0.05 0.0484375
0 0.77578125 0.315625 0.0515625 0.0515625
0 0.95234375 0.54296875 0.0484375 0.0484375
0 0.83671875 0.53671875 0.0515625 0.05
0 0.159375 0.7984375 0.05 0.05
0 0.34609375 0.55 0.05 0.05
0 0.85703125 0.29296875 0.05 0.0484375
0 0.771875 0.79296875 0.0484375 0.05
0 0.2296875 0.53984375 0.05 0.0515625
0 0.24765625 0.61953125 0.05 0.0484375
0 0.61953125 0.91171875 0.0484375 0.05
0 0.23515625 0.6515625 0.05 0.05
0 0.1203125 0.64921875 0.05 0.0515625
0 0.40859375 0.35078125 0.0546875 0.05625
0 0.58359375 0.721875 0.05 0.0515625
0 0.07734375 0.8234375 0.0390625 0.046875
0 0.19375 0.66796875 0.05 0.05
0 0.8671875 0.5671875 0.05 0.05
0 0.88984375 0.8 0.0484375 0.05
0 0.28125 0.48984375 0.05 0.05
0 0.6609375 0.74453125 0.05 0.05
0 0.92109375 0.51640625 0.0484375 0.0484375
0 0.2890625 0.76484375 0.0484375 0.05
0 0.0359375 0.51796875 0.05 0.0515625
0 0.71484375 0.84765625 0.05 0.05
0 0.075 0.6609375 0.053125 0.053125
0 0.88203125 0.52109375 0.0484375 0.05
0 0.11171875 0.53984375 0.0515625 0.05
0 0.91015625 0.87734375 0.0484375 0.05
0 0.653125 0.6203125 0.0515625 0.0515625
0 0.87890625 0.36640625 0.0484375 0.05
0 0.9015625 0.60078125 0.0484375 0.05
0 0.0984375 0.57890625 0.0515625 0.0515625
0 0.275 0.96484375 0.05 0.05
0 0.81484375 0.309375 0.05 0.05
0 0.1953125 0.515625 0.0515625 0.05
0 0.9125 0.4 0.05 0.05
0 0.7171875 0.6796875 0.0515625 0.05
0 0.6703125 0.69140625 0.0515625 0.05
0 0.24296875 0.93359375 0.0484375 0.05
0 0.27734375 0.64453125 0.0484375 0.05
0 0.5296875 0.61953125 0.0484375 0.0484375
0 0.96015625 0.34453125 0.0421875 0.0484375
0 0.20390625 0.6265625 0.05 0.0515625
0 0.01328125 0.484375 0.0265625 0.053125
0 0.353125 0.978125 0.05 0.04375
0 0.2390625 0.5015625 0.05 0.05
0 0.55859375 0.5296875 0.0515625 0.05
0 0.51171875 0.546875 0.05 0.05
0 0.83828125 0.37578125 0.05 0.0515625
0 0.11484375 0.97734375 0.0421875 0.0453125
0 0.89921875 0.44296875 0.0484375 0.0484375
0 0.47578125 0.66953125 0.05 0.05
0 0.640625 0.6625 0.05 0.05
0 0.7734375 0.47109375 0.05 0.05
0 0.29765625 0.45078125 0.05 0.05
0 0.171875 0.7515625 0.0484375 0.05
0 0.103125 0.69921875 0.05 0.05
0 0.62109375 0.5875 0.05 0.05
0 0.70703125 0.725 0.0515625 0.0515625
0 0.80234375 0.66484375 0.0484375 0.05
0 0.89140625 0.328125 0.05 0.05
0 0.859375 0.60703125 0.05 0.0484375
0 0.94296875 0.43046875 0.05 0.05
0 0.96171875 0.5046875 0.05 0.0515625
0 0.45 0.9171875 0.0484375 0.046875
0 0.85 0.33359375 0.05 0.05
0 0.73046875 0.48359375 0.05 0.0515625
0 0.75859375 0.3671875 0.05 0.05
0 0.81875 0.45703125 0.0515625 0.05
0 0.1265625 0.76484375 0.05 0.05
0 0.4546875 0.7578125 0.0484375 0.05
0 0.93046875 0.31328125 0.0484375 0.05
0 0.803125 0.50625 0.0484375 0.05
0 0.9421875 0.7453125 0.0484375 0.0484375
0 0.6875 0.4953125 0.05 0.0515625
0 0.64296875 0.51171875 0.05 0.05
0 0.13125 0.60234375 0.05 0.05
0 0.86640625 0.4140625 0.05 0.05
0 0.97421875 0.45625 0.0515625 0.05
0 0.6328125 0.396875 0.05 0.0515625
0 0.225 0.69921875 0.05 0.0515625
0 0.7890625 0.39453125 0.05 0.0484375
0 0.54453125 0.41953125 0.05 0.0484375
0 0.33671875 0.58984375 0.05 0.0484375
0 0.1046875 0.86015625 0.0484375 0.05
0 0.18515625 0.54921875 0.053125 0.05
0 0.15625 0.96328125 0.0515625 0.0515625
0 0.2078125 0.47421875 0.0515625 0.05
0 0.15078125 0.6828125 0.0515625 0.05
0 0.50703125 0.703125 0.0484375 0.05
0 0.6765625 0.38046875 0.0515625 0.05
0 0.91171875 0.2375 0.0484375 0.053125
0 0.93125 0.46875 0.0484375 0.05
0 0.89921875 0.90859375 0.0453125 0.034375
0 0.02265625 0.56640625 0.0453125 0.0515625
0 0.0203125 0.59921875 0.0296875 0.046875
0 0.60859375 0.478125 0.0484375 0.0484375
0 0.64296875 0.35390625 0.05 0.0484375
0 0.94140625 0.58515625 0.05 0.05
0 0.2875 0.91875 0.05 0.05
0 0.58671875 0.5640625 0.05 0.05
0 0.57421875 0.921875 0.05 0.0484375
0 0.5015625 0.43203125 0.0484375 0.0484375
0 0.17421875 0.59296875 0.05 0.05
0 0.8 0.828125 0.05 0.05
0 0.33515625 0.43828125 0.05 0.05
0 0.78203125 0.5890625 0.0484375 0.05
0 0.9390625 0.9 0.0453125 0.03125
0 0.87890625 0.24375 0.046875 0.053125
0 0.3265625 0.47890625 0.0484375 0.0484375
0 0.9796875 0.8890625 0.040625 0.03125
0 0.49296875 0.465625 0.05 0.05
0 0.00859375 0.52734375 0.0171875 0.0453125
0 0.35859375 0.66015625 0.0484375 0.05
0 0.98515625 0.53203125 0.0296875 0.0484375
0 0.70859375 0.5671875 0.05 0.05
0 0.71640625 0.36640625 0.0484375 0.0484375
0 0.38828125 0.54140625 0.05 0.0515625
0 0.8390625 0.234375 0.0546875 0.05625
0 0.68359375 0.65859375 0.046875 0.046875
0 0.91171875 0.5546875 0.0484375 0.05
0 0.82421875 0.42265625 0.046875 0.046875
0 0.95703125 0.384375 0.053125 0.0515625
0 0.6921875 0.93984375 0.0515625 0.05
0 0.72265625 0.953125 0.0453125 0.0265625
0 0.07734375 0.86171875 0.0234375 0.0453125
0 0.72421875 0.33359375 0.05 0.0484375
0 0.76640625 0.940625 0.04375 0.0296875
0 0.940625 0.22578125 0.0296875 0.0515625
0 0.14140625 0.7171875 0.05 0.0484375
0 0.8578125 0.45234375 0.0484375 0.05
0 0.42734375 0.409375 0.0484375 0.046875
0 0.546875 0.9921875 0.04375 0.015625
0 0.5375 0.45625 0.05 0.0515625
0 0.11484375 0.99296875 0.0296875 0.0140625
0 0.09609375 0.940625 0.0234375 0.0453125
0 0.88984375 0.48046875 0.0484375 0.05
0 0.79453125 0.70625 0.046875 0.0484375
0 0.6578125 0.3046875 0.0484375 0.053125
0 0.678125 0.9625 0.0453125 0.028125
0 0.4421875 0.36796875 0.0484375 0.053125
0 0.140625 0.57109375 0.0515625 0.0484375
0 0.31640625 0.51484375 0.05 0.0484375
0 0.98125 0.415625 0.03125 0.04375
0 0.63515625 0.97578125 0.04375 0.021875
0 0.62890625 0.55234375 0.05 0.0515625
0 0.7140625 0.4046875 0.05 0.05
0 0.74140625 0.5984375 0.0484375 0.05
0 0.590625 0.9859375 0.04375 0.021875
0 0.81171875 0.93046875 0.0453125 0.0296875
0 0.78203125 0.43046875 0.0484375 0.046875
0 0.35703125 0.50390625 0.05 0.0484375
0 0.740625 0.44375 0.0484375 0.0484375
0 0.75234375 0.4109375 0.0421875 0.0453125
0 0.05859375 0.790625 0.01875 0.04375
0 0.85546875 0.9203125 0.046875 0.03125
0 0.5765625 0.45234375 0.0453125 0.046875
0 0.70078125 0.44609375 0.0515625 0.05
0 0.9609375 0.30234375 0.0203125 0.04375
1 0.50703125 0.8609375 0.05625 0.0515625
0 0.6609375 0.58515625 0.046875 0.0453125