1 0.1328125 0.07109375 0.2296875 0.1421875
1 0.3109375 0.06796875 0.1828125 0.1359375
1 0.459375 0.065625 0.2109375 0.13125
1 0.64375 0.0625 0.2109375 0.125
1 0.82421875 0.0515625 0.18125 0.103125
1 0.05703125 0.2265625 0.1140625 0.1796875
1 0.21015625 0.203125 0.2 0.153125
1 0.3734375 0.19765625 0.18828125 0.153125
1 0.21875 0.94296875 0.2125 0.1140625
1 0.36796875 0.925 0.14375 0.15
1 0.52265625 0.91953125 0.209375 0.1609375
1 0.7015625 0.921875 0.2328125 0.15625
1 0.8796875 0.9234375 0.1828125 0.153125
1 0.9328125 0.765625 0.134375 0.1953125
1 0.7703125 0.79296875 0.2 0.15859375
1 0.57265625 0.7765625 0.20390625 0.15703125
1 0.4203125 0.765625 0.17421875 0.18203125
1 0.2625 0.80859375 0.19609375 0.15390625
1 0.0890625 0.8578125 0.178125 0.18125
1 0.04375 0.7 0.0875 0.1578125
1 0.18046875 0.67109375 0.21640625 0.1921875
1 0.2953125 0.63515625 0.1984375 0.1484375
1 0.48671875 0.62421875 0.20234375 0.1515625
1 0.68125 0.65234375 0.20859375 0.1875
1 0.85390625 0.63125 0.18515625 0.1515625
1 0.08125 0.52421875 0.1625 0.1484375
1 0.23125 0.50546875 0.2078125 0.12890625
1 0.40625 0.4890625 0.178125 0.17421875
1 0.58359375 0.4734375 0.1859375 0.18359375
1 0.7421875 0.48828125 0.20703125 0.16796875
1 0.90703125 0.48671875 0.1859375 0.190625
1 0.9421875 0.3359375 0.115625 0.153125
1 0.82421875 0.32578125 0.17578125 0.18984375
1 0.65390625 0.34375 0.2015625 0.1828125
1 0.4625 0.3359375 0.1828125 0.15234375
1 0.2984375 0.33828125 0.1859375 0.18515625
1 0.15 0.35390625 0.15390625 0.1671875
1 0.04921875 0.37421875 0.0984375 0.153125
1 0.559375 0.19765625 0.16953125 0.17421875
1 0.71875 0.1625 0.1984375 0.15859375
1 0.89296875 0.1875 0.2140625 0.1875