0 0.9921875 0.3828125 0.015625 0.06875
0 0.78984375 0.23046875 0.0734375 0.0734375
0 0.9796875 0.47578125 0.040625 0.0703125
0 0.17421875 0.09140625 0.075 0.0734375
0 0.0328125 0.73203125 0.065625 0.0703125
0 0.41640625 0.865625 0.071875 0.071875
0 0.19375 0.3625 0.071875 0.0703125
0 0.66953125 0.41875 0.0734375 0.071875
0 0.1265625 0.19765625 0.071875 0.075
0 0.91328125 0.79921875 0.071875 0.071875
0 0.503125 0.02109375 0.06875 0.0421875
0 0.2046875 0.4140625 0.06875 0.06875
0 0.128125 0.26640625 0.071875 0.071875
0 0.8203125 0.509375 0.071875 0.0703125
0 0.53671875 0.55078125 0.0703125 0.06875
0 0.17109375 0.81484375 0.0734375 0.071875
0 0.66015625 0.74140625 0.071875 0.071875
0 0.5375 0.8984375 0.071875 0.071875
0 0.4328125 0.759375 0.075 0.0734375
0 0.61953125 0.1828125 0.0703125 0.0703125
0 0.10234375 0.4921875 0.0734375 0.0703125
0 0.1296875 0.8609375 0.0734375 0.071875
0 0.77421875 0.3875 0.0734375 0.071875
0 0.5609375 0.0359375 0.075 0.071875
0 0.5796875 0.66640625 0.0734375 0.075
0 0.471875 0.29765625 0.0734375 0.071875
0 0.1421875 0.6765625 0.0734375 0.071875
0 0.034375 0.41171875 0.0640625 0.0671875
0 0.48984375 0.5921875 0.0734375 0.071875
0 0.80546875 0.8359375 0.071875 0.06875
0 0.3484375 0.246875 0.071875 0.0703125
0 0.61953125 0.4609375 0.0734375 0.071875
0 0.04375 0.46328125 0.071875 0.0703125
0 0.15390625 0.45234375 0.071875 0.0703125
0 0.81015625 0.67265625 0.0734375 0.071875
0 0.53828125 0.3796875 0.0734375 0.0734375
0 0.21484375 0.76796875 0.075 0.0734375
0 0.21484375 0.4765625 0.0703125 0.0671875
0 0.92578125 0.203125 0.075 0.0734375
0 0.98125 0.3109375 0.0375 0.075
0 0.10703125 0.059375 0.046875 0.0640625
0 0.4890625 0.4171875 0.0734375 0.071875
0 0.08359375 0.37421875 0.0734375 0.075
0 0.06875 0.8484375 0.075 0.0734375
0 0.51484375 0.66328125 0.071875 0.0734375
0 0.88046875 0.69140625 0.0734375 0.071875
0 0.43125 0.92734375 0.0734375 0.0734375
0 0.0796875 0.18203125 0.0515625 0.0703125
0 0.2515625 0.8859375 0.075 0.071875
0 0.70234375 0.70234375 0.075 0.075
0 0.82421875 0.896875 0.0734375 0.071875
0 0.87265625 0.31640625 0.071875 0.071875
0 0.340625 0.51953125 0.071875 0.0734375
0 0.575 0.5078125 0.0734375 0.071875
0 0.93515625 0.303125 0.071875 0.071875
0 0.24765625 0.31953125 0.0734375 0.071875
0 0.10859375 0.7953125 0.0765625 0.0765625
0 0.18203125 0.228125 0.0734375 0.071875
0 0.515625 0.82734375 0.075 0.0734375
0 0.12109375 0.621875 0.0734375 0.075
0 0.8890625 0.52734375 0.0734375 0.071875
0 0.44609375 0.009375 0.0703125 0.01875
0 0.475 0.88359375 0.0734375 0.0734375
0 0.38671875 0.0796875 0.071875 0.0703125
0 0.8171875 0.2890625 0.0734375 0.071875
0 0.4921875 0.94140625 0.075 0.0734375
0 0.79375 0.7734375 0.071875 0.0703125
0 0.18984375 0.6375 0.075 0.0734375
0 0.84296875 0.9546875 0.0734375 0.0734375
0 0.84921875 0.79140625 0.071875 0.0703125
0 0.6578125 0.9140625 0.071875 0.0734375
0 0.12890625 0.1328125 0.0734375 0.071875
0 0.3421875 0.184375 0.0734375 0.071875
0 0.190625 0.87265625 0.071875 0.071875
0 0.49765625 0.76796875 0.0703125 0.0671875
0 0.14921875 0.03125 0.0734375 0.0625
0 0.63984375 0.51953125 0.0734375 0.06875
0 0.2640625 0.4359375 0.071875 0.0734375
0 0.87890625 0.1515625 0.0703125 0.06875
0 0.36953125 0.9109375 0.0734375 0.071875
0 0.85703125 0.62734375 0.0703125 0.0703125
0 0.21015625 0.0296875 0.0734375 0.059375
0 0.64140625 0.68125 0.071875 0.0703125
0 0.20390625 0.7046875 0.075 0.075
0 0.29140625 0.5609375 0.075 0.0734375
0 0.3671875 0.646875 0.071875 0.0703125
0 0.41328125 0.59921875 0.071875 0.0734375
0 0.4546875 0.82109375 0.071875 0.06875
0 0.62734375 0.2421875 0.071875 0.0703125
0 0.025 0.67421875 0.05 0.0703125
0 0.85 0.4015625 0.075 0.071875
0 0.40703125 0.2796875 0.0734375 0.071875
0 0.7296875 0.59921875 0.0734375 0.0671875
0 0.59765625 0.39921875 0.0734375 0.071875
0 0.73203125 0.4359375 0.0734375 0.06875
0 0.91484375 0.11015625 0.06875 0.0640625
0 0.47421875 0.709375 0.0734375 0.071875
0 0.42578125 0.40703125 0.075 0.0734375
0 0.59921875 0.73359375 0.0734375 0.071875
0 0.75859375 0.490625 0.071875 0.06875
0 0.53828125 0.7171875 0.075 0.0734375
0 0.29609375 0.8421875 0.071875 0.071875
0 0.6234375 0.62734375 0.075 0.075
0 0.234375 0.18984375 0.071875 0.06875
0 0.82265625 0.35234375 0.071875 0.06875
0 0.83125 0.7328125 0.0734375 0.0703125
0 0.5546875 0.60703125 0.0734375 0.0703125
0 0.940625 0.75234375 0.040625 0.06875
0 0.0703125 0.30625 0.075 0.0734375
0 0.88671875 0.909375 0.06875 0.0703125
0 0.775 0.553125 0.071875 0.071875
0 0.67890625 0.19453125 0.071875 0.0734375
0 0.628125 0.0578125 0.075 0.075
0 0.559375 0.1625 0.075 0.0734375
0 0.940625 0.68359375 0.0671875 0.0671875
0 0.80234375 0.44765625 0.0765625 0.0734375
0 0.18671875 0.3 0.0734375 0.0734375
0 0.05078125 0.5359375 0.075 0.075
0 0.52734375 0.31640625 0.0671875 0.0671875
0 0.48046875 0.359375 0.071875 0.071875
0 0.8953125 0.3625 0.071875 0.0703125
0 0.23515625 0.8265625 0.071875 0.06875
0 0.37421875 0.75 0.071875 0.06875
0 0.32265625 0.7109375 0.075 0.0765625
0 0.4125 0.70546875 0.075 0.071875
0 0.30625 0.6265625 0.0734375 0.0734375
0 0.3359375 0.01484375 0.071875 0.0296875
0 0.3359375 0.803125 0.0734375 0.0703125
0 0.7609375 0.8828125 0.075 0.071875
0 0.73984375 0.20234375 0.071875 0.0765625
0 0.45 0.04296875 0.071875 0.06875
0 0.66640625 0.58125 0.075 0.0734375
0 0.46015625 0.54140625 0.0734375 0.071875
0 0.7109375 0.5421875 0.071875 0.071875
0 0.2484375 0.65546875 0.071875 0.071875
0 0.32734375 0.06328125 0.0703125 0.06875
0 0.3203125 0.4671875 0.075 0.0734375
0 0.31015625 0.90546875 0.06875 0.0671875
0 0.35390625 0.57734375 0.06875 0.065625
0 0.84921875 0.2109375 0.075 0.0765625
0 0.6875 0.4875 0.0734375 0.075
0 0.8671875 0.84375 0.075 0.071875
0 0.9375 0.4921875 0.0703125 0.0671875
0 0.22578125 0.13125 0.071875 0.0703125
0 0.80078125 0.16640625 0.071875 0.071875
0 0.09296875 0.42890625 0.071875 0.0703125
0 0.67734375 0.97109375 0.0734375 0.0578125
0 0.021875 0.828125 0.04375 0.071875
0 0.6171875 0.7953125 0.0734375 0.071875
0 0.3984375 0.80234375 0.06875 0.0671875
0 0.22109375 0.53515625 0.075 0.071875
0 0.51796875 0.25703125 0.071875 0.071875
0 0.0953125 0.7140625 0.0734375 0.0734375
0 0.70078125 0.07109375 0.0734375 0.06875
0 0.45234375 0.16640625 0.06875 0.0671875
0 0.03671875 0.34765625 0.040625 0.065625
0 0.6890625 0.25703125 0.0734375 0.071875
0 0.3 0.28203125 0.06875 0.065625
0 0.7 0.8703125 0.06875 0.0703125
0 0.56875 0.22109375 0.0734375 0.071875
0 0.74765625 0.26796875 0.0703125 0.06875
0 0.9578125 0.14921875 0.0671875 0.06875
0 0.39609375 0.14375 0.075 0.0734375
0 0.4015625 0.54140625 0.071875 0.071875
0 0.76953125 0.7140625 0.075 0.071875
0 0.39296875 0.025 0.0703125 0.05
0 0.57734375 0.8546875 0.075 0.071875
0 0.5875 0.340625 0.0734375 0.0703125
0 0.35546875 0.8546875 0.071875 0.06875
0 0.7203125 0.771875 0.075 0.071875
0 0.6 0.5640625 0.0734375 0.071875
0 0.31171875 0.4046875 0.0734375 0.071875
0 0.4015625 0.2125 0.0734375 0.0734375
0 0.24375 0.25625 0.071875 0.0703125
0 0.640625 0.8515625 0.0734375 0.075
0 0.50390625 0.13359375 0.0703125 0.06875
0 0.5078125 0.07109375 0.0703125 0.06875
0 0.45390625 0.64140625 0.0734375 0.071875
0 0.9140625 0.4328125 0.0734375 0.071875
0 0.8328125 0.1078125 0.0734375 0.071875
0 0.95625 0.3578125 0.0703125 0.06875
0 0.25859375 0.7234375 0.0734375 0.0734375
0 0.4609375 0.23515625 0.0734375 0.0734375
0 0.56640625 0.096875 0.071875 0.0703125
0 0.27109375 0.034375 0.071875 0.06875
0 0.57578125 0.27890625 0.0734375 0.071875
0 0.4203125 0.3375 0.071875 0.0703125
0 0.16640625 0.50859375 0.0703125 0.06875
0 0.75390625 0.134375 0.071875 0.0734375
0 0.171875 0.57109375 0.071875 0.0703125
0 0.3890625 0.4765625 0.0703125 0.06875
0 0.94921875 0.54375 0.0703125 0.0703125
0 0.153125 0.74765625 0.075 0.0734375
0 0.9234375 0.6296875 0.0734375 0.075
0 0.45078125 0.4765625 0.0734375 0.0765625
0 0.7984375 0.61328125 0.0734375 0.071875
0 0.74375 0.82734375 0.071875 0.065625
0 0.78125 0.07890625 0.0703125 0.065625
0 0.2375 0.59375 0.0734375 0.06875
0 0.86796875 0.084375 0.0625 0.0375
0 0.1453125 0.3921875 0.0734375 0.06875
0 0.275 0.4984375 0.0734375 0.0734375
0 0.365625 0.36484375 0.0734375 0.071875
0 0.7484375 0.6484375 0.0734375 0.06875
0 0.6171875 0.95625 0.071875 0.0703125
0 0.9875 0.5359375 0.025 0.06875
0 0.96484375 0.2484375 0.0703125 0.06875
0 0.8671875 0.46796875 0.0703125 0.0703125
0 0.96796875 0.63359375 0.04375 0.0765625
0 0.50859375 0.496875 0.0734375 0.075
0 0.06328125 0.59375 0.0734375 0.0703125
0 0.62890625 0.115625 0.0703125 0.0703125
0 0.80078125 0.98515625 0.0734375 0.0296875
0 0.7140625 0.38046875 0.071875 0.0703125
0 0.44453125 0.109375 0.0703125 0.0703125
0 0.075 0.2453125 0.0671875 0.0703125
0 0.759375 0.3265625 0.0734375 0.071875
0 0.71796875 0.928125 0.071875 0.0703125
0 0.51171875 0.1921875 0.06875 0.0703125
0 0.68515625 0.6328125 0.071875 0.06875
0 0.0453125 0.7828125 0.06875 0.0640625
0 0.2546875 0.37734375 0.0703125 0.06875
0 0.134375 0.33984375 0.0734375 0.0734375
0 0.91640625 0.86640625 0.0359375 0.065625
0 0.55703125 0.9453125 0.0703125 0.06875
0 0.35859375 0.30390625 0.071875 0.0703125
0 0.98046875 0.2015625 0.0390625 0.075
0 0.68671875 0.1328125 0.071875 0.06875
0 0.2734375 0.78203125 0.075 0.0734375
0 0.8953125 0.2578125 0.071875 0.06875
0 0.08671875 0.11640625 0.0359375 0.0671875
0 0.28515625 0.1546875 0.0734375 0.0734375
0 0.8921875 0.9546875 0.04375 0.0671875
0 0.29140625 0.22421875 0.075 0.0734375
0 0.8421875 0.565625 0.0765625 0.0734375
0 0.275 0.09140625 0.0734375 0.0703125
0 0.0125 0.55625 0.025 0.06875
0 0.89453125 0.74375 0.0703125 0.06875
0 0.671875 0.03515625 0.0703125 0.03125
0 0.54765625 0.4609375 0.0765625 0.0734375
0 0.3078125 0.33828125 0.0734375 0.071875
0 0.78125 0.9375 0.0765625 0.0734375
0 0.7 0.32265625 0.0703125 0.0703125
0 0.1125 0.55390625 0.0734375 0.0703125
0 0.36640625 0.42109375 0.0609375 0.0640625
0 0.68046875 0.8015625 0.071875 0.071875
0 0.97109375 0.10703125 0.0578125 0.0359375
2 0.55390625 0.78046875 0.0828125 0.08125
0 0.634375 0.3015625 0.0734375 0.0703125
0 0.73828125 0.9703125 0.0703125 0.059375
0 0.0734375 0.65078125 0.0765625 0.071875
0 0.334375 0.109375 0.075 0.0671875
0 0.74140625 0.05234375 0.0671875 0.03125
0 0.59765625 0.8984375 0.0734375 0.06875
0 0.65234375 0.3546875 0.0734375 0.0703125
0 0.9671875 0.40703125 0.0625 0.0578125