0 0.02890625 0.06640625 0.0578125 0.0578125
0 0.21796875 0.1453125 0.0671875 0.0640625
0 0.06015625 0.11484375 0.0671875 0.0640625
0 0.86484375 0.02734375 0.0671875 0.0546875
0 0.4671875 0.1203125 0.065625 0.065625
0 0.28046875 0.13984375 0.0671875 0.0640625
0 0.59375 0.1140625 0.0640625 0.0640625
0 0.52890625 0.11796875 0.0671875 0.065625
0 0.67578125 0.03671875 0.0671875 0.0671875
0 0.93828125 0.13359375 0.0640625 0.065625
0 0.4515625 0.021875 0.06875 0.04375
0 0.390625 0.0296875 0.065625 0.0484375
0 0.8015625 0.03125 0.0671875 0.0625
0 0.50078125 0.1734375 0.0671875 0.0671875
0 0.83828125 0.07890625 0.0671875 0.0640625
0 0.1171875 0.075 0.0671875 0.065625
0 0.15390625 0.15 0.0671875 0.0671875
0 0.19453125 0.20703125 0.0671875 0.0640625
0 0.3171875 0.18984375 0.0671875 0.0640625
0 0.2453125 0.090625 0.0671875 0.0640625
0 0.74921875 0.1453125 0.0671875 0.0640625
0 0.3078125 0.0796875 0.06875 0.065625
0 0.61953125 0.0578125 0.0671875 0.065625
0 0.13203125 0.2109375 0.0671875 0.0671875
0 0.2546875 0.19609375 0.065625 0.065625
0 0.7765625 0.08515625 0.065625 0.0625
0 0.49140625 0.0640625 0.065625 0.0625
0 0.55 0.053125 0.0671875 0.065625
0 0.7140625 0.090625 0.065625 0.0640625
0 0.7390625 0.03671875 0.0640625 0.0640625
0 0.18203125 0.08671875 0.0671875 0.0640625
0 0.8765625 0.134375 0.065625 0.065625
0 0.37421875 0.0875 0.06875 0.0625
0 0.38046875 0.18984375 0.0625 0.0609375
0 0.1484375 0.0421875 0.0671875 0.03125
0 0.89921875 0.0734375 0.065625 0.0625
0 0.51640625 0.01484375 0.0640625 0.0296875
0 0.21484375 0.04375 0.0703125 0.0453125
0 0.34453125 0.1359375 0.065625 0.0640625
0 0.42890625 0.0609375 0.0625 0.0609375
0 0.5625 0.16640625 0.0671875 0.0640625
0 0.9265625 0.0234375 0.0625 0.046875
0 0.684375 0.14765625 0.065625 0.0640625
0 0.06640625 0.21171875 0.065625 0.065625
0 0.4375 0.17890625 0.065625 0.065625
0 0.69765625 0.003125 0.0671875 0.00625
0 0.27578125 0.040625 0.0640625 0.05
0 0.40625 0.12890625 0.0671875 0.0640625
0 0.8109375 0.12734375 0.065625 0.0609375
0 0.090625 0.15703125 0.0625 0.05625
0 0.0140625 0.11328125 0.028125 0.0640625
0 0.76796875 0.00546875 0.0671875 0.0109375
0 0.62578125 0.15234375 0.0640625 0.0625
0 0.63671875 0.009375 0.0671875 0.01875
0 0.94765625 0.06015625 0.0359375 0.065625
2 0.5734375 0.01328125 0.071875 0.0265625
0 0.6515625 0.09765625 0.0640625 0.059375
0 0.3296875 0.0234375 0.0671875 0.025
0 0.01875 0.21875 0.0375 0.059375
0 0.03046875 0.15234375 0.053125 0.046875