0 0.18515625 0.72265625 0.0640625 0.0671875
0 0.76484375 0.77734375 0.06875 0.0703125
0 0.1953125 0.95703125 0.06875 0.05
0 0.653125 0.9421875 0.06875 0.071875
0 0.25859375 0.42578125 0.071875 0.06875
0 0.62265625 0.98203125 0.0640625 0.0359375
0 0.03203125 0.78203125 0.0640625 0.0671875
0 0.1921875 0.42265625 0.0703125 0.06875
0 0.54140625 0.89765625 0.0703125 0.0703125
0 0.015625 0.84453125 0.03125 0.0703125
0 0.053125 0.9546875 0.0640625 0.0359375
0 0.06328125 0.83984375 0.06875 0.071875
0 0.225 0.78046875 0.0703125 0.071875
0 0.26796875 0.35625 0.065625 0.065625
0 0.571875 0.840625 0.0734375 0.06875
0 0.68671875 0.88515625 0.065625 0.06875
0 0.28125 0.95390625 0.06875 0.06875
0 0.12109375 0.95390625 0.0703125 0.046875
0 0.45078125 0.97890625 0.065625 0.0421875
0 0.159375 0.9140625 0.0671875 0.06875
0 0.2015625 0.3484375 0.06875 0.075
0 0.7296875 0.72265625 0.06875 0.0671875
0 0.109375 0.4875 0.0734375 0.071875
0 0.6171875 0.88984375 0.0703125 0.06875
0 0.025 0.90703125 0.05 0.0703125
0 0.2578125 0.63046875 0.0671875 0.0703125
0 0.12734375 0.853125 0.0703125 0.0703125
0 0.51484375 0.96953125 0.0703125 0.0609375
0 0.4890625 0.55703125 0.071875 0.0703125
0 0.265625 0.834375 0.06875 0.0671875
0 0.1671875 0.659375 0.071875 0.06875
0 0.06953125 0.659375 0.071875 0.0703125
0 0.46875 0.4890625 0.06875 0.06875
0 0.3390625 0.4921875 0.0703125 0.0703125
0 0.58203125 0.94921875 0.06875 0.0703125
0 0.69921875 0.97421875 0.0703125 0.0515625
0 0.19609375 0.60234375 0.06875 0.0703125
0 0.346875 0.953125 0.065625 0.0703125
0 0.4375 0.675 0.0671875 0.071875
0 0.8046875 0.7234375 0.06875 0.0703125
0 0.615625 0.70078125 0.0640625 0.0703125
0 0.55546875 0.728125 0.065625 0.0703125
0 0.771875 0.6703125 0.0703125 0.06875
0 0.04921875 0.7234375 0.0671875 0.0671875
0 0.74765625 0.85859375 0.0671875 0.0671875
0 0.4890625 0.7328125 0.071875 0.0703125
0 0.25 0.7171875 0.0703125 0.0734375
0 0.6515625 0.83515625 0.06875 0.0703125
0 0.0703125 0.5546875 0.0703125 0.0765625
0 0.41015625 0.46171875 0.0703125 0.071875
0 0.70703125 0.80390625 0.0703125 0.0703125
0 0.75625 0.99375 0.0625 0.0125
0 0.67109375 0.4765625 0.0671875 0.071875
0 0.1625 0.7890625 0.071875 0.071875
0 0.621875 0.57890625 0.065625 0.0671875
0 0.49453125 0.8484375 0.0671875 0.065625
0 0.3703125 0.6890625 0.06875 0.071875
0 0.4375 0.61015625 0.0671875 0.0703125
0 0.47421875 0.921875 0.071875 0.075
0 0.565625 0.34609375 0.0703125 0.0703125
0 0.3328125 0.34140625 0.0703125 0.0703125
0 0.93828125 0.94375 0.06875 0.0703125
0 0.61484375 0.51328125 0.0671875 0.065625
0 0.8734375 0.91953125 0.0671875 0.0640625
0 0.40859375 0.9421875 0.06875 0.071875
0 0.90625 0.73046875 0.06875 0.0703125
1 0.85234375 0.97578125 0.0609375 0.0484375
0 0.73671875 0.47109375 0.0734375 0.0734375
1 0.08046875 0.90859375 0.071875 0.06875
1 0.23359375 0.90546875 0.0703125 0.0671875
1 0.30390625 0.89140625 0.0625 0.0640625
1 0.3671875 0.88359375 0.0640625 0.0609375
1 0.4296875 0.8765625 0.0640625 0.065625
1 0.2 0.85 0.0640625 0.0671875
1 0.00859375 0.72109375 0.0171875 0.0671875
1 0.09609375 0.771875 0.05625 0.0734375
1 0.11875 0.7078125 0.065625 0.053125
1 0.29140625 0.7734375 0.0671875 0.0671875
1 0.359375 0.7609375 0.0609375 0.065625
1 0.425 0.74453125 0.06875 0.05625
1 0.33828125 0.82578125 0.065625 0.0671875
1 0.40234375 0.8109375 0.0625 0.06875
1 0.4578125 0.7984375 0.053125 0.0671875
1 0.52265625 0.79375 0.0796875 0.05625
1 0.01796875 0.6546875 0.0359375 0.071875
1 0.02109375 0.5734375 0.0421875 0.065625
1 0.03125 0.50078125 0.0625 0.0484375
1 0.059375 0.446875 0.05625 0.0609375
1 0.12109375 0.415625 0.0625 0.065625
1 0.1078125 0.60546875 0.0640625 0.0515625
1 0.14765625 0.54921875 0.0640625 0.0671875
1 0.234375 0.5453125 0.065625 0.0734375
1 0.3078125 0.56875 0.075 0.075
1 0.37265625 0.5890625 0.0625 0.0765625
1 0.32265625 0.65078125 0.075 0.0671875
1 0.50078125 0.66328125 0.0671875 0.0671875
1 0.56953125 0.6546875 0.0625 0.0765625
1 0.60390625 0.78125 0.06875 0.0609375
1 0.66484375 0.75390625 0.059375 0.071875
1 0.68046875 0.67109375 0.065625 0.0609375
1 0.54296875 0.596875 0.0671875 0.0703125
1 0.54765625 0.521875 0.0625 0.065625
1 0.5578125 0.45546875 0.0703125 0.0671875
1 0.19140625 0.496875 0.078125 0.0578125
1 0.26953125 0.4890625 0.0703125 0.059375
1 0.325 0.41328125 0.059375 0.0640625
1 0.3921875 0.3828125 0.0640625 0.0671875
1 0.4734375 0.41328125 0.0671875 0.0703125
1 0.49296875 0.3546875 0.075 0.0625
1 0.440625 0.3203125 0.0515625 0.075
1 0.39765625 0.29921875 0.05625 0.0703125
1 0.1453125 0.32890625 0.0734375 0.071875
1 0.10546875 0.2671875 0.0578125 0.059375
1 0.04765625 0.2953125 0.0734375 0.071875
1 0.02890625 0.36484375 0.0453125 0.075
1 0.078125 0.36171875 0.0609375 0.0609375
1 0.6203125 0.40859375 0.078125 0.078125
1 0.70078125 0.37109375 0.06875 0.08125
1 0.7859375 0.43359375 0.065625 0.0796875
1 0.85 0.459375 0.065625 0.078125
1 0.921875 0.46640625 0.08125 0.0625
1 0.7203125 0.53203125 0.0765625 0.065625
1 0.684375 0.5875 0.0625 0.0734375
1 0.73671875 0.61875 0.0609375 0.0546875
1 0.79140625 0.55859375 0.0703125 0.0625
1 0.85859375 0.53046875 0.059375 0.0734375
1 0.9125 0.5640625 0.065625 0.05
1 0.9640625 0.5265625 0.0640625 0.0578125
1 0.82734375 0.6125 0.0546875 0.065625
1 0.96171875 0.60703125 0.059375 0.0640625
1 0.909375 0.6375 0.05625 0.0796875
1 0.85390625 0.67421875 0.0703125 0.059375
1 0.9609375 0.68828125 0.0578125 0.0609375
1 0.96171875 0.75625 0.0484375 0.0625
1 0.84609375 0.78359375 0.071875 0.06875
1 0.909375 0.80859375 0.0609375 0.0625
1 0.9578125 0.825 0.0453125 0.065625
1 0.80625 0.82578125 0.071875 0.059375
1 0.8625 0.8484375 0.0671875 0.06875
1 0.92734375 0.875 0.065625 0.06875
1 0.803125 0.89375 0.0671875 0.0734375
1 0.7390625 0.93203125 0.0640625 0.0703125
1 0.79453125 0.96640625 0.0703125 0.065625
1 0.940625 0.990625 0.053125 0.01875