1 0.73984375 0.43671875 0.1859375 0.171875
1 0.82734375 0.57578125 0.2 0.17578125
1 0.91171875 0.41953125 0.1765625 0.1828125
1 0.640625 0.57734375 0.1859375 0.17421875
1 0.90078125 0.69765625 0.1921875 0.18671875
1 0.70546875 0.15 0.190625 0.1484375
1 0.53828125 0.1671875 0.17578125 0.17265625
1 0.90078125 0.11796875 0.196875 0.1578125
1 0.565625 0.44921875 0.17734375 0.1765625
1 0.80703125 0.28046875 0.19609375 0.1734375
1 0.4640625 0.31328125 0.1890625 0.15625
1 0.5953125 0.0484375 0.2015625 0.09609375
1 0.7390625 0.7421875 0.1625 0.1734375
1 0.35859375 0.1765625 0.1953125 0.1671875
1 0.43046875 0.05078125 0.19140625 0.1015625
1 0.95 0.2578125 0.1 0.17578125
1 0.2703125 0.05625 0.1640625 0.1125
1 0.85859375 0.8953125 0.1609375 0.209375
1 0.6265625 0.2890625 0.18828125 0.16875
1 0.95546875 0.85859375 0.0890625 0.1859375
1 0.77109375 0.04375 0.1671875 0.0875
1 0.9625 0.5578125 0.075 0.16875
1 0.9421875 0.9734375 0.115625 0.053125