0 0.20078125 0.6953125 0.0765625 0.078125
0 0.0640625 0.84140625 0.078125 0.0796875
0 0.03125 0.88125 0.0625 0.05625
0 0.48046875 0.60234375 0.0796875 0.078125
0 0.54140625 0.5703125 0.078125 0.075
0 0.93984375 0.72734375 0.0546875 0.071875
0 0.8609375 0.828125 0.08125 0.08125
0 0.8890625 0.89140625 0.078125 0.075
0 0.7703125 0.97734375 0.075 0.0453125
0 0.0203125 0.728125 0.040625 0.078125
0 0.10703125 0.78984375 0.0734375 0.0765625
0 0.17421875 0.63671875 0.0765625 0.075
0 0.0375 0.78359375 0.075 0.0765625
0 0.015625 0.8359375 0.03125 0.078125
0 0.10390625 0.8890625 0.078125 0.0765625
0 0.2484375 0.6484375 0.0765625 0.078125
0 0.9171875 0.83515625 0.05 0.071875
0 0.065625 0.596875 0.071875 0.0765625
0 0.01875 0.6140625 0.0375 0.078125
0 0.22421875 0.59140625 0.078125 0.0765625
0 0.8359375 0.984375 0.075 0.03125
0 0.1703125 0.7734375 0.075 0.075
0 0.0796875 0.73515625 0.0765625 0.078125
0 0.5859375 0.52265625 0.078125 0.0734375
0 0.13984375 0.71328125 0.078125 0.078125
0 0.15703125 0.91875 0.065625 0.0421875
0 0.1546875 0.384375 0.0765625 0.0796875
0 0.090625 0.47734375 0.0734375 0.075
0 0.4828125 0.5359375 0.0734375 0.075
0 0.434375 0.98046875 0.06875 0.0390625
0 0.81640625 0.94609375 0.0828125 0.078125
0 0.90078125 0.76953125 0.075 0.0734375
0 0.07578125 0.23984375 0.0703125 0.0765625
0 0.88125 0.959375 0.0625 0.0734375
0 0.70546875 0.96953125 0.0765625 0.0609375
0 0.3453125 0.8875 0.0765625 0.078125
0 0.09375 0.41171875 0.075 0.0734375
0 0.58046875 0.77265625 0.0765625 0.0765625
0 0.28515625 0.853125 0.075 0.071875
0 0.5171875 0.77578125 0.0734375 0.0765625
0 0.47734375 0.9546875 0.0765625 0.075
0 0.81796875 0.68984375 0.0765625 0.0765625
0 0.34765625 0.671875 0.0765625 0.078125
0 0.825 0.87890625 0.078125 0.0734375
0 0.6390625 0.9609375 0.078125 0.0765625
0 0.45625 0.89296875 0.0765625 0.0734375
0 0.771875 0.7796875 0.078125 0.078125
0 0.5984375 0.9890625 0.075 0.021875
0 0.896875 0.7 0.078125 0.0796875
1 0.2546875 0.91171875 0.06875 0.0671875
0 0.22109375 0.3890625 0.0828125 0.0828125
0 0.68984375 0.9125 0.0796875 0.08125
1 0.03203125 0.54375 0.0640625 0.084375
1 0.04140625 0.675 0.0765625 0.0703125
1 0.10546875 0.6578125 0.06875 0.0796875
1 0.134375 0.57734375 0.0734375 0.06875
1 0.02421875 0.484375 0.0484375 0.075
1 0.03125 0.4109375 0.059375 0.071875
1 0.05078125 0.346875 0.06875 0.0734375
1 0.11484375 0.309375 0.0875 0.0875
1 0.20078125 0.284375 0.0796875 0.0890625
1 0.275 0.36015625 0.0765625 0.0875
1 0.334375 0.3953125 0.0765625 0.0859375
1 0.4046875 0.41328125 0.0890625 0.0734375
1 0.19453125 0.44609375 0.084375 0.075
1 0.15078125 0.4953125 0.071875 0.08125
1 0.19765625 0.534375 0.0671875 0.0625
1 0.2609375 0.484375 0.078125 0.071875
1 0.33203125 0.4671875 0.06875 0.08125
1 0.3796875 0.50859375 0.0703125 0.0578125
1 0.43671875 0.47890625 0.071875 0.065625
1 0.28828125 0.5421875 0.0625 0.071875
1 0.421875 0.5578125 0.0671875 0.071875
1 0.36484375 0.58046875 0.0671875 0.0859375
1 0.30390625 0.6078125 0.078125 0.06875
1 0.4078125 0.63828125 0.065625 0.06875
1 0.46640625 0.66640625 0.0671875 0.06875
1 0.53984375 0.63828125 0.06875 0.06875
1 0.625 0.58515625 0.071875 0.075
1 0.6015625 0.64296875 0.0671875 0.06875
1 0.6890625 0.63984375 0.0734375 0.065625
1 0.73671875 0.69375 0.075 0.06875
1 0.6546875 0.69765625 0.0765625 0.0671875
1 0.5953125 0.70625 0.078125 0.078125
1 0.53203125 0.70390625 0.071875 0.078125
1 0.4703125 0.740625 0.071875 0.0734375
1 0.40703125 0.7078125 0.075 0.071875
1 0.2796875 0.71484375 0.0796875 0.078125
1 0.33828125 0.75 0.06875 0.0703125
1 0.39140625 0.775 0.06875 0.0734375
1 0.45 0.809375 0.0765625 0.078125
1 0.5046875 0.83828125 0.0609375 0.0734375
1 0.5671875 0.846875 0.06875 0.071875
1 0.64375 0.784375 0.0734375 0.0734375
1 0.70234375 0.7546875 0.065625 0.071875
1 0.70390625 0.8140625 0.0734375 0.0734375
1 0.76484375 0.8421875 0.065625 0.0671875
1 0.6453125 0.85078125 0.0875 0.078125
1 0.59921875 0.90078125 0.0859375 0.0765625
1 0.52421875 0.89921875 0.071875 0.0671875
1 0.56015625 0.95 0.0828125 0.0796875
1 0.53203125 0.9859375 0.0640625 0.028125
1 0.23359375 0.75078125 0.0796875 0.06875
1 0.2859375 0.78203125 0.075 0.0765625
1 0.3453125 0.81796875 0.0734375 0.0765625
1 0.40390625 0.8484375 0.071875 0.071875
1 0.2203125 0.8171875 0.0765625 0.08125
1 0.15078125 0.84453125 0.071875 0.0765625
1 0.20078125 0.88671875 0.078125 0.0734375
1 0.34453125 0.95234375 0.071875 0.0609375
1 0.403125 0.9375 0.06875 0.0828125
1 0.7546875 0.90859375 0.0671875 0.0734375
1 0.84296875 0.759375 0.065625 0.06875