0 0.1640625 0.9859375 0.053125 0.028125
0 0.20546875 0.9890625 0.0484375 0.021875
0 0.24765625 0.9796875 0.0546875 0.040625
0 0.28984375 0.97578125 0.0515625 0.0484375
0 0.33515625 0.96953125 0.053125 0.0546875
0 0.384375 0.93984375 0.05625 0.05625
0 0.42265625 0.93984375 0.0515625 0.053125
0 0.465625 0.93515625 0.053125 0.0578125
0 0.5078125 0.9234375 0.053125 0.05625
0 0.55234375 0.90625 0.0515625 0.053125
0 0.603125 0.865625 0.0546875 0.0546875
0 0.6421875 0.88359375 0.0484375 0.053125
0 0.68125 0.87109375 0.053125 0.0546875
0 0.72578125 0.86015625 0.0515625 0.0546875
0 0.7671875 0.85078125 0.05 0.053125
0 0.8171875 0.81875 0.0515625 0.053125
0 0.859375 0.82265625 0.0515625 0.053125
0 0.9015625 0.8140625 0.0515625 0.05625
0 0.94375 0.80078125 0.0515625 0.053125
0 0.9796875 0.78671875 0.040625 0.0546875
0 0.3234375 0.99453125 0.05 0.0109375
0 0.36640625 0.98828125 0.0515625 0.0234375
0 0.4140625 0.98046875 0.05 0.0390625
0 0.45703125 0.97421875 0.0515625 0.05
0 0.4984375 0.959375 0.0515625 0.0515625
0 0.54140625 0.95 0.0515625 0.05
0 0.58359375 0.9390625 0.0515625 0.0515625
0 0.63046875 0.92890625 0.05 0.0484375
0 0.6703125 0.915625 0.05 0.0484375
0 0.7140625 0.9046875 0.053125 0.0546875
0 0.75859375 0.89140625 0.05 0.05
0 0.80078125 0.88359375 0.0515625 0.05
0 0.84296875 0.87109375 0.05 0.0484375
0 0.88984375 0.85625 0.0515625 0.0515625
0 0.93203125 0.84609375 0.0515625 0.05
0 0.975 0.834375 0.05 0.05
0 0.48515625 0.99296875 0.0453125 0.0140625
0 0.52734375 0.98671875 0.0484375 0.0265625
0 0.56953125 0.98203125 0.0453125 0.0359375
0 0.61328125 0.9703125 0.046875 0.040625
0 0.65625 0.96171875 0.046875 0.0375
0 0.70078125 0.94453125 0.05 0.0484375
0 0.7453125 0.9375 0.05 0.0453125
0 0.78828125 0.91953125 0.05 0.0484375
0 0.834375 0.9125 0.0484375 0.0484375
0 0.87578125 0.89921875 0.05 0.05
0 0.91953125 0.8875 0.05 0.05
0 0.96484375 0.87734375 0.0484375 0.05
0 0.99140625 0.8625 0.0171875 0.05