0 0.86015625 0.8125 0.0734375 0.078125
0 0.2046875 0.27890625 0.075 0.0765625
0 0.1828125 0.63203125 0.075 0.0765625
0 0.37734375 0.575 0.0734375 0.0765625
0 0.2640625 0.784375 0.0734375 0.0765625
0 0.13984375 0.4671875 0.075 0.078125
0 0.12421875 0.52890625 0.071875 0.075
0 0.42265625 0.0796875 0.078125 0.075
0 0.465625 0.03125 0.075 0.0625
0 0.828125 0.56171875 0.078125 0.0765625
0 0.02890625 0.45234375 0.0578125 0.0765625
0 0.89296875 0.02109375 0.0515625 0.0421875
0 0.86171875 0.13125 0.078125 0.078125
0 0.759375 0.39296875 0.0734375 0.075
0 0.6125 0.696875 0.075 0.075
0 0.32421875 0.53046875 0.0796875 0.0796875
0 0.871875 0.7484375 0.075 0.078125
0 0.21015625 0.82421875 0.075 0.075
0 0.91328125 0.17734375 0.0765625 0.0734375
0 0.1546875 0.9328125 0.0765625 0.075
0 0.846875 0.31875 0.0734375 0.075
0 0.03671875 0.38984375 0.0734375 0.0765625
0 0.83203125 0.69375 0.0765625 0.078125
0 0.14921875 0.86875 0.075 0.0765625
0 0.82265625 0.38125 0.0734375 0.0734375
0 0.121875 0.66640625 0.0734375 0.075
0 0.15703125 0.403125 0.071875 0.075
0 0.0890625 0.84765625 0.0734375 0.08125
0 0.89765625 0.5640625 0.0734375 0.0734375
0 0.15625 0.2359375 0.075 0.0734375
0 0.090625 0.42578125 0.0765625 0.075
0 0.0265625 0.53359375 0.053125 0.0765625
0 0.3203125 0.74375 0.075 0.0765625
0 0.3859375 0.51015625 0.0734375 0.071875
0 0.4265625 0.675 0.075 0.0765625
0 0.84921875 0.50078125 0.078125 0.0765625
0 0.3125 0.6 0.0765625 0.0765625
0 0.0640625 0.70703125 0.078125 0.0796875
0 0.07265625 0.4921875 0.075 0.0765625
0 0.1953125 0.49609375 0.0765625 0.078125
0 0.8078125 0.4484375 0.078125 0.0765625
0 0.065625 0.63125 0.0734375 0.078125
0 0.184375 0.5625 0.0765625 0.078125
0 0.2578125 0.71640625 0.078125 0.075
0 0.22890625 0.21640625 0.075 0.0765625
0 0.43046875 0.61171875 0.078125 0.071875
0 0.24921875 0.58046875 0.0765625 0.0796875
0 0.91640625 0.11484375 0.0484375 0.071875
0 0.55859375 0.8125 0.078125 0.075
0 0.04140625 0.24375 0.0703125 0.075
0 0.0125 0.28515625 0.025 0.0765625
0 0.18359375 0.17421875 0.0765625 0.075
0 0.9125 0.3046875 0.0734375 0.075
0 0.209375 0.3625 0.0734375 0.0734375
0 0.11015625 0.3640625 0.075 0.0765625
0 0.80703125 0.62734375 0.08125 0.0796875
0 0.22109375 0.90078125 0.0734375 0.0734375
0 0.15625 0.3203125 0.0765625 0.0765625
0 0.259375 0.51875 0.071875 0.078125
0 0.06796875 0.565625 0.078125 0.078125
0 0.4984375 0.778125 0.0734375 0.075
0 0.2015625 0.76015625 0.075 0.0765625
0 0.02578125 0.12421875 0.0515625 0.0734375
0 0.896875 0.68359375 0.0765625 0.0734375
0 0.43515625 0.74609375 0.075 0.078125
0 0.55078125 0.675 0.075 0.0765625
0 0.4 0.0296875 0.0671875 0.05
0 0.871875 0.6234375 0.075 0.0734375
0 0.53828125 0.4640625 0.075 0.0765625
0 0.9125 0.49296875 0.0734375 0.0734375
0 0.12109375 0.734375 0.078125 0.0765625
0 0.5484375 0.73828125 0.075 0.075
0 0.12734375 0.6 0.075 0.078125
0 0.496875 0.57734375 0.071875 0.0765625
0 0.49140625 0.64375 0.0796875 0.078125
0 0.86875 0.25703125 0.08125 0.0765625
0 0.490625 0.709375 0.071875 0.075
0 0.140625 0.8015625 0.075 0.078125
0 0.875 0.06171875 0.0734375 0.071875
0 0.93359375 0.24296875 0.0609375 0.071875
0 0.675 0.721875 0.0765625 0.0765625
0 0.78125 0.33125 0.075 0.075
0 0.41484375 0.3953125 0.075 0.0765625
0 0.37265625 0.71015625 0.075 0.078125
0 0.5828125 0.1953125 0.075 0.075
0 0.9578125 0.540625 0.075 0.075
0 0.34609375 0.38828125 0.0734375 0.0703125
0 0.8 0.83046875 0.0765625 0.0765625
0 0.6078125 0.7625 0.0765625 0.0796875
0 0.5265625 0.2234375 0.071875 0.075
0 0.56328125 0.403125 0.075 0.0734375
0 0.765625 0.0296875 0.075 0.059375
0 0.32890625 0.19765625 0.075 0.0765625
0 0.76171875 0.675 0.0765625 0.0765625
0 0.93828125 0.7390625 0.0734375 0.075
0 0.43984375 0.55 0.0734375 0.0734375
0 0.5484375 0.5359375 0.0734375 0.075
0 0.84921875 0.1921875 0.0765625 0.071875
0 0.7453125 0.73828125 0.0796875 0.0796875
1 0.4359375 0.81953125 0.0796875 0.0828125
0 0.925 0.80546875 0.071875 0.0734375
0 0.4890625 0.509375 0.0734375 0.075
0 0.75078125 0.91328125 0.0765625 0.0765625
0 0.71328125 0.34296875 0.0765625 0.075
0 0.51875 0.35546875 0.075 0.071875
0 0.7609375 0.12265625 0.0765625 0.0765625
0 0.41484375 0.8890625 0.078125 0.0796875
0 0.69765625 0.41171875 0.0765625 0.075
0 0.59765625 0.4921875 0.075 0.0765625
0 0.61875 0.6328125 0.071875 0.0734375
0 0.8421875 0.01875 0.075 0.0375
1 0.3421875 0.45390625 0.0671875 0.065625
0 0.73984375 0.278125 0.078125 0.0796875
0 0.71796875 0.478125 0.08125 0.078125
0 0.65859375 0.51875 0.08125 0.078125
0 0.66953125 0.5875 0.08125 0.0828125
0 0.721875 0.54375 0.0859375 0.0796875
1 0.1078125 0.96875 0.0625 0.0625
1 0.19921875 0.9765625 0.0984375 0.046875
1 0.09140625 0.9109375 0.0515625 0.065625
1 0.0703125 0.77890625 0.0625 0.0765625
1 0.184375 0.6953125 0.0734375 0.0734375
1 0.00859375 0.3546875 0.0171875 0.059375
1 0.009375 0.21015625 0.01875 0.0828125
1 0.05078125 0.325 0.075 0.0671875
1 0.10234375 0.2828125 0.0671875 0.078125
1 0.09609375 0.1984375 0.071875 0.0671875
1 0.07734375 0.11640625 0.0703125 0.0796875
1 0.13671875 0.1328125 0.065625 0.059375
1 0.17578125 0.071875 0.0734375 0.0484375
1 0.29375 0.04453125 0.0671875 0.0375
1 0.22265625 0.103125 0.0609375 0.0703125
1 0.35078125 0.06328125 0.065625 0.0703125
1 0.3078125 0.10703125 0.065625 0.084375
1 0.2640625 0.15703125 0.0765625 0.0671875
1 0.37109375 0.1421875 0.0640625 0.0671875
1 0.4359375 0.14375 0.065625 0.0671875
1 0.490625 0.0890625 0.0671875 0.0671875
1 0.546875 0.02109375 0.06875 0.0421875
1 0.55 0.06796875 0.065625 0.0671875
1 0.628125 0.03046875 0.071875 0.0609375
1 0.69375 0.059375 0.0734375 0.0671875
1 0.6203125 0.09609375 0.075 0.0640625
1 0.56953125 0.128125 0.0765625 0.0765625
1 0.5109375 0.1515625 0.0703125 0.0765625
1 0.46953125 0.2109375 0.0703125 0.071875
1 0.3984375 0.20625 0.0734375 0.0703125
1 0.284375 0.2640625 0.078125 0.075
1 0.35234375 0.27265625 0.0671875 0.06875
1 0.41171875 0.2734375 0.0671875 0.071875
1 0.47890625 0.28125 0.075 0.0765625
1 0.540625 0.2859375 0.059375 0.071875
1 0.6015625 0.26796875 0.0671875 0.0703125
1 0.6453125 0.1796875 0.071875 0.071875
1 0.6875 0.12890625 0.0640625 0.0703125
1 0.7125 0.1828125 0.071875 0.071875
1 0.7796875 0.1828125 0.0640625 0.065625
1 0.67421875 0.23984375 0.0859375 0.075
1 0.65234375 0.30390625 0.084375 0.0734375
1 0.5828125 0.33359375 0.0703125 0.065625
1 0.63671875 0.36484375 0.08125 0.078125
1 0.63359375 0.43359375 0.06875 0.0765625
1 0.25703125 0.315625 0.078125 0.0671875
1 0.3171875 0.32265625 0.0734375 0.075
1 0.38671875 0.33203125 0.071875 0.075
1 0.45234375 0.3359375 0.0703125 0.0703125
1 0.271875 0.38203125 0.075 0.0796875
1 0.2203125 0.43515625 0.0703125 0.075
1 0.2828125 0.45390625 0.0765625 0.071875
1 0.44140625 0.4609375 0.0734375 0.071875
1 0.48828125 0.41796875 0.0671875 0.08125
1 0.796875 0.24765625 0.065625 0.071875
1 0.25 0.6546875 0.075 0.065625
1 0.31328125 0.67734375 0.0765625 0.071875
1 0.365625 0.64296875 0.0734375 0.071875
1 0.68203125 0.6546875 0.0734375 0.06875
1 0.740625 0.61328125 0.071875 0.078125
1 0.8765625 0.44453125 0.06875 0.071875
1 0.9015625 0.37578125 0.059375 0.0703125
1 0.95546875 0.36171875 0.0625 0.0609375
1 0.93515625 0.43203125 0.06875 0.0734375
1 0.81796875 0.07578125 0.0640625 0.0671875
1 0.26875 0.8546875 0.0703125 0.0765625
1 0.32421875 0.82265625 0.075 0.0828125
1 0.3859375 0.79375 0.0671875 0.0671875
1 0.2859375 0.9078125 0.075 0.0625
1 0.34609375 0.88203125 0.0875 0.0796875
1 0.49765625 0.85078125 0.0796875 0.06875
1 0.48046875 0.90859375 0.0828125 0.0765625
1 0.559375 0.88203125 0.078125 0.0921875
1 0.62109375 0.83203125 0.071875 0.075
1 0.66484375 0.790625 0.0734375 0.071875
1 0.72890625 0.80625 0.075 0.071875
1 0.80859375 0.76171875 0.0859375 0.075
1 0.96796875 0.67109375 0.0640625 0.0703125
1 0.93671875 0.61328125 0.0609375 0.0671875
1 0.98046875 0.6 0.0390625 0.06875
1 0.97109375 0.4734375 0.0578125 0.06875
1 0.3140625 0.95859375 0.078125 0.0546875
1 0.2953125 0.984375 0.09375 0.03125
1 0.39375 0.97578125 0.075 0.0484375
1 0.5296875 0.9484375 0.078125 0.0671875
1 0.6015625 0.94921875 0.0609375 0.071875
1 0.63359375 0.8984375 0.075 0.075
1 0.696875 0.86328125 0.0671875 0.0796875
1 0.6890625 0.92265625 0.071875 0.065625
1 0.8265625 0.89453125 0.0640625 0.0734375
1 0.8921875 0.87578125 0.078125 0.0625
1 0.48984375 0.98515625 0.0828125 0.0296875
1 0.64609375 0.965625 0.0578125 0.0390625