1 0.84609375 0.22109375 0.2078125 0.2
1 0.89453125 0.51875 0.203125 0.225
1 0.38046875 0.1328125 0.2015625 0.1953125
1 0.8984375 0.0875 0.146875 0.175
1 0.19375 0.12109375 0.1859375 0.1984375
1 0.34375 0.590625 0.2046875 0.1984375
1 0.4859375 0.26484375 0.203125 0.2328125
1 0.2390625 0.45 0.2109375 0.228125
1 0.53203125 0.53359375 0.1796875 0.196875
1 0.74921875 0.09765625 0.1875 0.1921875
1 0.15625 0.60859375 0.1890625 0.203125
1 0.76328125 0.82734375 0.2046875 0.215625
1 0.11953125 0.78046875 0.2078125 0.2484375
1 0.6484375 0.68515625 0.2078125 0.2421875
1 0.78203125 0.39140625 0.2015625 0.203125
1 0.46328125 0.6828125 0.20625 0.2484375
1 0.60859375 0.3859375 0.1953125 0.2
1 0.06171875 0.1484375 0.1234375 0.228125
1 0.553125 0.1 0.2 0.2
1 0.66796875 0.23359375 0.20625 0.2234375
1 0.3109375 0.2671875 0.18125 0.221875
1 0.0765625 0.44921875 0.153125 0.2296875
1 0.1421875 0.2828125 0.203125 0.2203125
1 0.559375 0.8453125 0.2015625 0.1984375
1 0.42109375 0.434375 0.196875 0.1921875
1 0.940625 0.3796875 0.11875 0.2046875
1 0.8328125 0.690625 0.2 0.2046875
1 0.296875 0.75078125 0.1984375 0.1953125
1 0.50390625 0.95234375 0.1984375 0.0953125
1 0.640625 0.034375 0.178125 0.06875
1 0.71953125 0.54921875 0.190625 0.2
1 0.6921875 0.93828125 0.190625 0.109375
1 0.38671875 0.88515625 0.1953125 0.2296875
1 0.2140625 0.91015625 0.16875 0.1765625
1 0.0734375 0.91875 0.090625 0.1625
1 0.04140625 0.60546875 0.0828125 0.1984375
1 0.13984375 0.9640625 0.1921875 0.071875
1 0.81875 0.0140625 0.19375 0.028125
1 0.46796875 0.0265625 0.1765625 0.053125
1 0.2828125 0.0390625 0.2046875 0.0609375
1 0.015625 0.3140625 0.03125 0.18125
1 0.09375 0.05 0.1875 0.05
1 0.95625 0.2078125 0.05625 0.190625
1 0.315625 0.95546875 0.178125 0.0890625