0 0.48359375 0.8796875 0.0796875 0.078125
0 0.01953125 0.86796875 0.0390625 0.0703125
0 0.50546875 0.62734375 0.0765625 0.075
0 0.30625 0.90546875 0.0765625 0.075
0 0.6828125 0.92265625 0.0796875 0.078125
0 0.00859375 0.803125 0.0171875 0.075
0 0.715625 0.9734375 0.078125 0.053125
0 0.2140625 0.74609375 0.0765625 0.075
0 0.31328125 0.534375 0.08125 0.0796875
0 0.0953125 0.71796875 0.075 0.0765625
0 0.56171875 0.65859375 0.075 0.071875
0 0.19140625 0.61796875 0.0765625 0.0765625
0 0.57890625 0.71875 0.0703125 0.071875
0 0.184375 0.86796875 0.078125 0.075
0 0.4640625 0.74296875 0.0765625 0.078125
0 0.890625 0.88125 0.0796875 0.078125
0 0.153125 0.73671875 0.071875 0.0765625
0 0.296875 0.84609375 0.0765625 0.075
0 0.6453125 0.7296875 0.0765625 0.0734375
0 0.0703125 0.88671875 0.075 0.065625
0 0.28203125 0.7734375 0.0796875 0.0796875
0 0.2109375 0.67890625 0.0765625 0.075
0 0.2453125 0.51328125 0.0765625 0.075
0 0.75703125 0.9140625 0.078125 0.078125
0 0.575 0.96328125 0.078125 0.0734375
0 0.24453125 0.8875 0.0734375 0.075
0 0.115625 0.51796875 0.0796875 0.078125
0 0.0703125 0.56328125 0.0796875 0.0796875
0 0.63984375 0.96875 0.0734375 0.0625
0 0.5578125 0.90234375 0.078125 0.0765625
0 0.7328125 0.8546875 0.078125 0.0765625
0 0.8671875 0.81875 0.0796875 0.078125
0 0.40234375 0.72421875 0.0765625 0.0765625
0 0.1328125 0.3359375 0.075 0.0703125
0 0.44296875 0.94296875 0.0765625 0.078125
0 0.265625 0.6421875 0.078125 0.075
0 0.13046875 0.60390625 0.0703125 0.0765625
0 0.378125 0.9234375 0.0765625 0.075
0 0.17109375 0.80390625 0.075 0.0734375
0 0.09375 0.384375 0.0796875 0.078125
0 0.6203125 0.9078125 0.075 0.0765625
0 0.53359375 0.98828125 0.0671875 0.0234375
0 0.2625 0.940625 0.071875 0.046875
0 0.60078125 0.99453125 0.0734375 0.0109375
0 0.10390625 0.78515625 0.0796875 0.0765625
0 0.46484375 0.98203125 0.0703125 0.0359375
0 0.16640625 0.41640625 0.0828125 0.0796875
0 0.5203125 0.71171875 0.0765625 0.078125
1 0.02265625 0.6265625 0.0453125 0.078125
0 0.1203125 0.84921875 0.075 0.0734375
1 0.66953125 0.7890625 0.0796875 0.0734375
0 0.39140625 0.971875 0.071875 0.0453125
0 0.328125 0.95703125 0.0703125 0.0453125
1 0.415625 0.8 0.065625 0.0734375
1 0.82734375 0.928125 0.0796875 0.071875
1 0.1765625 0.4875 0.0734375 0.065625
1 0.0484375 0.825 0.06875 0.065625
1 0.034375 0.6953125 0.06875 0.078125
1 0.35625 0.7921875 0.078125 0.071875
1 0.50546875 0.95078125 0.0734375 0.0640625
1 0.59765625 0.78828125 0.0765625 0.0796875
1 0.025 0.5203125 0.05 0.0875
1 0.10859375 0.46015625 0.0640625 0.065625
1 0.59453125 0.846875 0.075 0.065625
1 0.5359375 0.83515625 0.065625 0.0671875
1 0.7875 0.97109375 0.071875 0.0578125
1 0.4734375 0.815625 0.0765625 0.06875
1 0.1828125 0.54921875 0.0671875 0.06875
1 0.23359375 0.82109375 0.065625 0.06875
1 0.528125 0.77578125 0.0796875 0.0734375
1 0.88515625 0.9546875 0.059375 0.0734375
1 0.81484375 0.871875 0.0703125 0.0671875
1 0.034375 0.38359375 0.053125 0.065625
1 0.3375 0.7296875 0.0734375 0.071875
1 0.45625 0.6796875 0.0734375 0.0734375
1 0.3359375 0.6046875 0.08125 0.0734375
1 0.071875 0.6375 0.084375 0.08125
1 0.0375 0.76328125 0.075 0.0703125
1 0.6640625 0.85234375 0.0703125 0.0703125
1 0.13828125 0.66796875 0.0765625 0.071875
1 0.29765625 0.471875 0.075 0.071875
1 0.234375 0.4453125 0.0828125 0.0765625
1 0.0390625 0.44609375 0.078125 0.0796875
1 0.21015625 0.36015625 0.0890625 0.078125
1 0.37421875 0.475 0.08125 0.0875
1 0.84296875 0.98203125 0.0765625 0.0359375
1 0.0078125 0.5796875 0.015625 0.05625
1 0.41484375 0.865625 0.075 0.0796875
1 0.27890625 0.70859375 0.0703125 0.065625
1 0.353125 0.85546875 0.078125 0.078125
1 0.74375 0.78359375 0.0890625 0.08125
1 0.4109375 0.59453125 0.084375 0.0734375
1 0.1390625 0.91015625 0.0671875 0.0515625
1 0.0609375 0.3296875 0.071875 0.071875
1 0.3953125 0.6515625 0.0765625 0.075
1 0.340625 0.6703125 0.078125 0.0640625
0 0.2515625 0.584375 0.078125 0.075
1 0.20078125 0.9296875 0.065625 0.040625