0 0.19375 0.5765625 0.071875 0.071875
0 0.14140625 0.7 0.0703125 0.071875
0 0.0421875 0.66328125 0.053125 0.0703125
0 0.64140625 0.815625 0.0734375 0.075
0 0.92109375 0.7671875 0.0734375 0.0734375
0 0.94296875 0.51015625 0.075 0.0734375
0 0.0609375 0.775 0.05 0.06875
0 0.7140625 0.16953125 0.0734375 0.0734375
0 0.084375 0.88515625 0.0578125 0.0703125
0 0.078125 0.71484375 0.071875 0.0671875
0 0.5359375 0.7984375 0.0765625 0.0734375
0 0.96953125 0.44453125 0.0609375 0.0703125
0 0.9265625 0.25859375 0.075 0.075
0 0.57734375 0.67734375 0.071875 0.071875
0 0.3203125 0.7171875 0.071875 0.0703125
0 0.6671875 0.75078125 0.075 0.075
0 0.34921875 0.84375 0.0734375 0.0734375
0 0.39921875 0.1640625 0.0765625 0.0734375
0 0.746875 0.10078125 0.075 0.075
0 0.56640625 0.3734375 0.075 0.075
0 0.5453125 0.43984375 0.0765625 0.075
0 0.75546875 0.225 0.0734375 0.0734375
0 0.028125 0.53203125 0.05625 0.0734375
0 0.88046875 0.509375 0.071875 0.0734375
0 0.70390625 0.6796875 0.0734375 0.071875
0 0.9671875 0.8875 0.065625 0.075
0 0.20390625 0.69140625 0.075 0.0734375
0 0.015625 0.41328125 0.03125 0.0703125
0 0.6015625 0.6171875 0.0734375 0.075
0 0.521875 0.86796875 0.0703125 0.0734375
0 0.89765625 0.31796875 0.0765625 0.075
0 0.6671875 0.6234375 0.075 0.075
0 0.4875 0.753125 0.071875 0.0734375
0 0.3578125 0.77890625 0.0734375 0.075
0 0.509375 0.684375 0.075 0.075
0 0.3921875 0.53359375 0.0765625 0.075
0 0.1625 0.97578125 0.071875 0.0484375
0 0.5015625 0.5625 0.075 0.0734375
0 0.7046875 0.56875 0.0765625 0.075
0 0.165625 0.63984375 0.071875 0.0703125
0 0.59609375 0.49296875 0.0734375 0.0734375
0 0.92890625 0.6265625 0.075 0.0734375
0 0.546875 0.73515625 0.0734375 0.071875
0 0.421875 0.76875 0.0765625 0.0734375
0 0.68359375 0.11328125 0.0765625 0.0734375
0 0.29296875 0.77890625 0.0734375 0.071875
0 0.79140625 0.28125 0.0765625 0.075
0 0.9078125 0.8921875 0.071875 0.075
0 0.23203125 0.9703125 0.0734375 0.059375
0 0.47890625 0.4546875 0.075 0.0734375
0 0.28125 0.49921875 0.071875 0.075
0 0.99375 0.684375 0.0125 0.071875
0 0.3484375 0.6640625 0.071875 0.0734375
0 0.25 0.075 0.075 0.0734375
0 0.415625 0.8328125 0.078125 0.075
0 0.6421875 0.6875 0.071875 0.0734375
0 0.0265625 0.3515625 0.053125 0.075
0 0.340625 0.47890625 0.0765625 0.0765625
0 0.84453125 0.8984375 0.0734375 0.0734375
0 0.7375 0.625 0.0734375 0.071875
0 0.77890625 0.1625 0.075 0.075
0 0.43203125 0.40078125 0.0765625 0.075
0 0.44921875 0.70234375 0.0734375 0.0734375
0 0.41171875 0.98203125 0.0734375 0.0359375
0 0.44296875 0.94140625 0.0765625 0.0703125
0 0.5390625 0.6171875 0.0734375 0.0734375
0 0.090625 0.5390625 0.0765625 0.075
0 0.0984375 0.65390625 0.075 0.071875
0 0.35859375 0.1109375 0.075 0.075
0 0.90859375 0.5703125 0.075 0.0734375
0 0.2484375 0.91171875 0.0765625 0.075
0 0.325 0.90078125 0.078125 0.075
0 0.2421875 0.26171875 0.0765625 0.075
0 0.6625 0.5046875 0.0734375 0.0734375
0 0.70546875 0.80546875 0.0734375 0.0734375
0 0.184375 0.0859375 0.0734375 0.0703125
0 0.471875 0.15234375 0.078125 0.075
0 0.6375 0.8859375 0.075 0.075
0 0.09921875 0.8203125 0.075 0.0734375
0 0.85859375 0.26953125 0.071875 0.0703125
0 0.565625 0.553125 0.0703125 0.071875
0 0.96328125 0.68671875 0.0734375 0.0734375
0 0.30703125 0.2453125 0.0734375 0.0734375
0 0.97421875 0.75234375 0.0515625 0.0734375
0 0.63125 0.3625 0.075 0.0734375
0 0.571875 0.909375 0.0765625 0.071875
0 0.60703125 0.75 0.071875 0.075
0 0.375 0.59453125 0.075 0.0734375
0 0.184375 0.75 0.078125 0.0734375
0 0.25703125 0.7296875 0.071875 0.071875
0 0.43828125 0.5765625 0.0734375 0.071875
0 0.228125 0.628125 0.075 0.071875
0 0.15703125 0.3390625 0.0734375 0.0734375
0 0.01796875 0.23515625 0.0359375 0.0734375
0 0.734375 0.7375 0.0734375 0.0734375
0 0.3859375 0.71640625 0.0734375 0.0703125
0 0.12578125 0.5921875 0.075 0.0734375
0 0.23671875 0.44296875 0.0765625 0.075
0 0.81796875 0.21640625 0.071875 0.071875
0 0.6890625 0.2359375 0.075 0.0734375
0 0.2875 0.3140625 0.0734375 0.0734375
0 0.2171875 0.515625 0.0765625 0.075
0 0.4125 0.64765625 0.0765625 0.075
0 0.06640625 0.4015625 0.0796875 0.078125
0 0.52578125 0.321875 0.0765625 0.0734375
0 0.22734375 0.13984375 0.0734375 0.071875
0 0.52734375 0.5046875 0.075 0.071875
0 0.7671875 0.81171875 0.0765625 0.0734375
0 0.9671875 0.56640625 0.065625 0.0734375
0 0.30625 0.61328125 0.0734375 0.071875
0 0.459375 0.515625 0.071875 0.06875
0 0.72734375 0.5078125 0.075 0.075
0 0.48125 0.9765625 0.075 0.046875
0 0.478125 0.62890625 0.0703125 0.071875
0 0.11796875 0.7609375 0.0734375 0.071875
0 0.71640625 0.040625 0.0734375 0.0734375
0 0.6875 0.93984375 0.075 0.075
0 0.58203125 0.846875 0.075 0.071875
0 0.8328125 0.70625 0.071875 0.0734375
0 0.39609375 0.8953125 0.0734375 0.0734375
0 0.77890625 0.47421875 0.0734375 0.0734375
0 0.89296875 0.82734375 0.075 0.0734375
0 0.1125 0.09765625 0.0734375 0.0734375
0 0.27890625 0.671875 0.0765625 0.0734375
0 0.63125 0.55859375 0.075 0.075
0 0.7953125 0.7578125 0.075 0.0734375
0 0.62421875 0.95703125 0.075 0.0671875
0 0.84609375 0.58125 0.071875 0.0734375
0 0.58671875 0.1890625 0.0734375 0.0734375
0 0.96015625 0.8203125 0.075 0.071875
0 0.7703125 0.684375 0.0734375 0.0734375
0 0.4265625 0.1015625 0.075 0.075
0 0.26015625 0.56953125 0.075 0.075
0 0.8953125 0.7078125 0.075 0.0734375
0 0.25859375 0.3734375 0.0734375 0.0734375
0 0.0640625 0.6015625 0.06875 0.0703125
0 0.80234375 0.40390625 0.0765625 0.0734375
0 0.46015625 0.8828125 0.075 0.0734375
0 0.2171875 0.32421875 0.0734375 0.0734375
0 0.80546875 0.6328125 0.075 0.075
0 0.196875 0.39296875 0.0734375 0.0734375
0 0.4 0.346875 0.0765625 0.0734375
0 0.6953125 0.35625 0.0765625 0.0765625
0 0.7734375 0.56875 0.075 0.075
0 0.86171875 0.7703125 0.06875 0.071875
0 0.86953125 0.64453125 0.0703125 0.071875
0 0.009375 0.1234375 0.01875 0.075
0 0.8390625 0.4578125 0.075 0.0734375
0 0.59375 0.31015625 0.071875 0.06875
0 0.8328125 0.82890625 0.071875 0.0734375
0 0.1359375 0.4046875 0.0703125 0.0734375
0 0.98046875 0.625 0.0390625 0.071875
0 0.21171875 0.86171875 0.0765625 0.071875
0 0.090625 0.1609375 0.075 0.0734375
0 0.81796875 0.521875 0.075 0.071875
0 0.15859375 0.14296875 0.075 0.071875
0 0.54453125 0.1390625 0.075 0.0734375
0 0.07578125 0.22734375 0.0734375 0.0703125
0 0.503125 0.0875 0.0765625 0.0734375
0 0.9859375 0.50234375 0.028125 0.0671875
0 0.4796875 0.81796875 0.0640625 0.0671875
0 0.52421875 0.03046875 0.0734375 0.0609375
0 0.46796875 0.3359375 0.0703125 0.0734375
0 0.71015625 0.8703125 0.0765625 0.0734375
0 0.45703125 0.03359375 0.0734375 0.0671875
1 0.765625 0.35078125 0.075 0.0765625
1 0.178125 0.26953125 0.06875 0.06875
0 0.15703125 0.5296875 0.0703125 0.071875
1 0.13984375 0.215625 0.071875 0.0765625
1 0.95546875 0.321875 0.0515625 0.0734375
1 0.30234375 0.428125 0.06875 0.071875
1 0.3234375 0.5515625 0.0765625 0.0671875
1 0.36640625 0.959375 0.0734375 0.071875
0 0.65390625 0.184375 0.071875 0.071875
1 0.55546875 0.25703125 0.0796875 0.06875
0 0.07421875 0.0765625 0.0640625 0.0296875
1 0.6796875 0.434375 0.078125 0.0796875
1 0.4203125 0.2828125 0.0671875 0.075
1 0.49921875 0.3921875 0.071875 0.065625
1 0.23359375 0.8015625 0.0609375 0.06875
1 0.44453125 0.221875 0.08125 0.0703125
1 0.11796875 0.9421875 0.0703125 0.0671875
1 0.78046875 0.89296875 0.075 0.078125
1 0.171875 0.46484375 0.0671875 0.0734375
1 0.37578125 0.2328125 0.071875 0.0671875
1 0.7265625 0.29609375 0.0671875 0.071875
1 0.36484375 0.415625 0.075 0.0671875
1 0.484375 0.26953125 0.075 0.0734375
1 0.86875 0.39375 0.0765625 0.0765625
1 0.33359375 0.365625 0.071875 0.0765625
1 0.39140625 0.0453125 0.065625 0.0703125
1 0.28046875 0.84765625 0.071875 0.06875
1 0.353125 0.296875 0.0734375 0.065625
1 0.7890625 0.046875 0.0734375 0.075
1 0.9078125 0.4515625 0.0734375 0.06875
1 0.83046875 0.33984375 0.0703125 0.0703125
1 0.2984375 0.965625 0.078125 0.0671875
1 0.7625 0.009375 0.06875 0.01875
1 0.1796875 0.92578125 0.075 0.0734375
1 0.84765625 0.15703125 0.071875 0.0765625
1 0.04375 0.2875 0.071875 0.065625
1 0.65859375 0.30234375 0.075 0.0671875
1 0.40703125 0.46875 0.0734375 0.0734375
1 0.27265625 0.18828125 0.0734375 0.06875
1 0.578125 0.07421875 0.075 0.065625
1 0.1640625 0.81484375 0.075 0.06875
0 0.03203125 0.18125 0.0640625 0.06875
1 0.2921875 0.1296875 0.0671875 0.071875
1 0.865625 0.06640625 0.0640625 0.075
1 0.34140625 0.990625 0.0765625 0.01875
1 0.815625 0.1015625 0.0703125 0.0640625
1 0.2046875 0.20625 0.0796875 0.0703125
1 0.3234375 0.05703125 0.0765625 0.065625
1 0.11171875 0.475 0.075 0.071875
1 0.90078125 0.121875 0.06875 0.0640625
1 0.52109375 0.9390625 0.0671875 0.0640625
1 0.10390625 0.98359375 0.0578125 0.0328125
1 0.51875 0.20703125 0.0703125 0.0703125
1 0.93359375 0.3796875 0.0734375 0.0734375
1 0.3375 0.18203125 0.0671875 0.06875
1 0.115625 0.28046875 0.075 0.06875
0 0.021875 0.08515625 0.04375 0.0265625
1 0.053125 0.4703125 0.0734375 0.06875
1 0.84140625 0.0171875 0.0703125 0.034375
1 0.64453125 0.05859375 0.075 0.0765625
1 0.58984375 0.02421875 0.0734375 0.0484375
1 0.65390625 0.01171875 0.0765625 0.0234375
1 0.14453125 0.87578125 0.0734375 0.0671875
1 0.08671875 0.3421875 0.071875 0.0734375
1 0.8859375 0.20703125 0.059375 0.059375
1 0.6234375 0.25078125 0.0671875 0.065625
1 0.6109375 0.12578125 0.0671875 0.0703125
1 0.61328125 0.43046875 0.0734375 0.06875
1 0.740625 0.4171875 0.0609375 0.059375
0 0.04765625 0.1171875 0.071875 0.0703125
1 0.896875 0.0140625 0.05 0.028125
0 0.2765625 0.03828125 0.06875 0.0234375
1 0.91328125 0.0578125 0.04375 0.0671875
0 0.1390625 0.06171875 0.06875 0.021875
1 0.92890625 0.16953125 0.0515625 0.0734375
0 0.95234375 0.225 0.025 0.0640625
0 0.03828125 0.7203125 0.025 0.065625
0 0.21171875 0.04765625 0.0609375 0.01875
1 0.01015625 0.47734375 0.0203125 0.0671875
1 0.565625 0.9734375 0.065625 0.053125
1 0.0203125 0.6015625 0.0296875 0.0671875
1 0.746875 0.95234375 0.0859375 0.0375
1 0.80703125 0.940625 0.0734375 0.0375
0 0.9796875 0.3765625 0.021875 0.0640625