1 0.340625 0.95390625 0.2125 0.0921875
1 0.86875 0.40625 0.2171875 0.228125
1 0.590625 0.796875 0.24375 0.2234375
1 0.91171875 0.6984375 0.1765625 0.2375
1 0.80234375 0.58671875 0.221875 0.2171875
1 0.71953125 0.88125 0.2171875 0.190625
1 0.52421875 0.9234375 0.2140625 0.153125
1 0.45859375 0.67578125 0.2203125 0.2140625
1 0.38984375 0.8484375 0.2296875 0.221875
1 0.9328125 0.5203125 0.134375 0.20625
1 0.21484375 0.896875 0.2546875 0.20625
1 0.171875 0.978125 0.159375 0.04375
1 0.76796875 0.73515625 0.20625 0.21875
1 0.315625 0.58984375 0.2203125 0.21875
1 0.496875 0.52578125 0.2484375 0.234375
1 0.8984375 0.85078125 0.1953125 0.1796875
1 0.13125 0.60078125 0.2484375 0.2453125
1 0.2765625 0.728125 0.225 0.2203125
1 0.690625 0.4421875 0.2328125 0.2015625
1 0.1234375 0.76484375 0.18125 0.1828125
1 0.6390625 0.60546875 0.2203125 0.21875
1 0.97421875 0.81015625 0.0515625 0.1921875
1 0.109375 0.91484375 0.096875 0.1703125
1 0.04296875 0.66484375 0.0765625 0.19375
1 0.990625 0.65625 0.01875 0.2125