0 0.80390625 0.54453125 0.046875 0.046875
0 0.82265625 0.5859375 0.046875 0.046875
0 0.85625 0.38671875 0.0453125 0.046875
0 0.98203125 0.55234375 0.034375 0.0453125
0 0.853125 0.4671875 0.0453125 0.046875
0 0.53046875 0.0953125 0.046875 0.05
0 0.8265625 0.146875 0.046875 0.0484375
0 0.75859375 0.54609375 0.046875 0.0484375
0 0.715625 0.1 0.046875 0.0484375
0 0.84921875 0.6265625 0.0484375 0.0515625
0 0.6703125 0.09453125 0.0453125 0.046875
0 0.8984375 0.4703125 0.0453125 0.046875
0 0.67421875 0.37890625 0.0453125 0.046875
0 0.87890625 0.42890625 0.0453125 0.046875
0 0.73046875 0.2203125 0.0453125 0.046875
0 0.75859375 0.1015625 0.0453125 0.046875
0 0.803125 0.10546875 0.046875 0.046875
0 0.87109375 0.15 0.046875 0.046875
0 0.778125 0.14375 0.0453125 0.046875
0 0.8828125 0.34609375 0.046875 0.046875
0 0.83046875 0.065625 0.046875 0.0484375
0 0.87734375 0.06875 0.046875 0.046875
0 0.69765625 0.4203125 0.0453125 0.046875
0 0.8859375 0.2671875 0.0453125 0.046875
0 0.98984375 0.31484375 0.0203125 0.0453125
0 0.63828125 0.21484375 0.0453125 0.0453125
0 0.91640625 0.6671875 0.0453125 0.0484375
0 0.51171875 0.05546875 0.046875 0.05
0 0.8375 0.34453125 0.0453125 0.046875
0 0.78125 0.5015625 0.0453125 0.0484375
0 0.72578125 0.3015625 0.046875 0.046875
0 0.84765625 0.1875 0.0453125 0.046875
0 0.95703125 0.31328125 0.0453125 0.046875
0 0.99296875 0.2359375 0.0140625 0.046875
0 0.85 0.54921875 0.0453125 0.046875
0 0.5953125 0.1359375 0.046875 0.0484375
0 0.94140625 0.55234375 0.0453125 0.046875
0 0.90546875 0.04453125 0.04375 0.025
0 0.80859375 0.4671875 0.046875 0.0484375
0 0.94375 0.4734375 0.046875 0.0484375
0 0.92734375 0.35 0.0453125 0.0453125
0 0.64765625 0.05390625 0.0453125 0.046875
0 0.48984375 0.01796875 0.0453125 0.0359375
0 0.98828125 0.3953125 0.0234375 0.046875
0 0.809375 0.0359375 0.04375 0.025
0 0.90859375 0.3109375 0.046875 0.046875
0 0.771875 0.30625 0.0453125 0.046875
0 0.8703125 0.584375 0.0453125 0.0453125
0 0.9421875 0.19375 0.046875 0.0484375
0 0.78671875 0.0625 0.0453125 0.046875
0 0.82109375 0.22421875 0.0453125 0.046875
0 0.82734375 0.50625 0.0453125 0.046875
0 0.92578125 0.43125 0.0453125 0.046875
0 0.70703125 0.25859375 0.0453125 0.0453125
0 0.90859375 0.75234375 0.046875 0.0484375
0 0.74921875 0.26015625 0.0453125 0.046875
0 0.71875 0.459375 0.0453125 0.046875
0 0.93828125 0.27265625 0.0453125 0.046875
0 0.921875 0.5125 0.0453125 0.0484375
0 0.73984375 0.41953125 0.0453125 0.046875
0 0.62421875 0.09296875 0.0453125 0.046875
0 0.69609375 0.05546875 0.046875 0.046875
0 0.9328125 0.71171875 0.0453125 0.0484375
0 0.8609375 0.3046875 0.0453125 0.0453125
0 0.8765625 0.51015625 0.0453125 0.046875
0 0.7015625 0.34140625 0.0453125 0.046875
0 0.7671875 0.38125 0.0453125 0.046875
0 0.95078125 0.84140625 0.0453125 0.05
0 0.834375 0.42734375 0.0453125 0.046875
0 0.690625 0.13671875 0.0453125 0.046875
0 0.67421875 0.025 0.04375 0.0265625
0 0.89921875 0.11171875 0.0453125 0.0453125
0 0.984375 0.475 0.03125 0.046875
0 0.76015625 0.46484375 0.0453125 0.0484375
0 0.53515625 0.01640625 0.0453125 0.0328125
0 0.8953125 0.6265625 0.0453125 0.046875
0 0.9203125 0.590625 0.0453125 0.0453125
0 0.6203125 0.175 0.04375 0.046875
0 0.84140625 0.26328125 0.0453125 0.046875
0 0.77734375 0.5828125 0.046875 0.046875
0 0.86640625 0.22578125 0.0453125 0.046875
0 0.8515625 0.10546875 0.0453125 0.046875
0 0.8015625 0.18515625 0.0453125 0.0484375
0 0.63359375 0.29453125 0.046875 0.0453125
0 0.95703125 0.75546875 0.05 0.0515625
0 0.9640625 0.59296875 0.0484375 0.046875
0 0.8625 0.75703125 0.0453125 0.0484375
0 0.5765625 0.09375 0.0453125 0.0484375
0 0.91484375 0.23046875 0.0453125 0.0453125
0 0.90234375 0.38671875 0.04375 0.0453125
0 0.734375 0.140625 0.0453125 0.046875
0 0.64453125 0.13515625 0.0453125 0.046875
0 0.9390625 0.628125 0.0453125 0.0453125
0 0.884375 0.8 0.046875 0.046875
0 0.90546875 0.8390625 0.0484375 0.0484375
0 0.79140625 0.3453125 0.0453125 0.04375
0 0.97890625 0.35390625 0.0421875 0.0453125
0 0.74296875 0.05859375 0.0453125 0.0453125
0 0.615625 0.2578125 0.0453125 0.0484375
0 0.89453125 0.19296875 0.046875 0.0453125
0 0.9625 0.66953125 0.0484375 0.046875
0 0.965625 0.509375 0.0453125 0.046875
0 0.7453125 0.33984375 0.0453125 0.046875
0 0.8140625 0.38671875 0.0453125 0.0453125
0 0.72109375 0.37890625 0.0453125 0.046875
0 0.84296875 0.71640625 0.046875 0.046875
0 0.6609375 0.25625 0.0453125 0.0484375
0 0.92421875 0.87578125 0.046875 0.0421875
0 0.65625 0.3390625 0.0453125 0.046875
0 0.9203125 0.1515625 0.0453125 0.046875
0 0.68671875 0.2171875 0.0453125 0.046875
0 0.73671875 0.4984375 0.04375 0.0453125
0 0.63046875 0.02265625 0.04375 0.0296875
0 0.96328125 0.234375 0.0453125 0.046875
0 0.97734375 0.63203125 0.0296875 0.046875
0 0.721875 0.02890625 0.04375 0.0265625
0 0.971875 0.07734375 0.0453125 0.0484375
0 0.9484375 0.39296875 0.046875 0.046875
0 0.571875 0.1765625 0.046875 0.0484375
0 0.60390625 0.05 0.0453125 0.046875
0 0.80078125 0.6234375 0.0453125 0.046875
0 0.7109375 0.17890625 0.046875 0.04375
0 0.8953125 0.55 0.046875 0.0484375
0 0.77421875 0.22421875 0.0453125 0.046875
0 0.95078125 0.046875 0.0453125 0.021875
0 0.98125 0.196875 0.0375 0.046875
0 0.946875 0.1171875 0.0453125 0.046875
0 0.78828125 0.42265625 0.0453125 0.046875
0 0.67890625 0.30078125 0.0453125 0.0453125
0 0.97109375 0.71328125 0.028125 0.046875
0 0.97890625 0.27578125 0.0421875 0.0453125
0 0.815625 0.30546875 0.0453125 0.0484375
0 0.93046875 0.796875 0.046875 0.046875
0 0.9453125 0.915625 0.04375 0.0484375
0 0.55390625 0.1328125 0.046875 0.0453125
0 0.6671875 0.1765625 0.0453125 0.046875
0 0.796875 0.265625 0.0453125 0.046875
0 0.92578125 0.06953125 0.046875 0.0453125
0 0.96875 0.15625 0.046875 0.046875
0 0.86953125 0.66875 0.046875 0.0484375
0 0.85703125 0.040625 0.0453125 0.025
0 0.7546875 0.18359375 0.0453125 0.046875
0 0.81953125 0.6734375 0.0484375 0.0515625
0 0.55546875 0.053125 0.0453125 0.0484375
0 0.5921875 0.22109375 0.046875 0.046875
0 0.971875 0.4328125 0.0453125 0.0453125
0 0.7640625 0.0328125 0.04375 0.0265625
0 0.58203125 0.01953125 0.0453125 0.03125
0 0.984375 0.11484375 0.03125 0.0453125
0 0.98515625 0.05078125 0.0296875 0.0234375
0 0.959375 0.87890625 0.021875 0.034375
0 0.88828125 0.70703125 0.046875 0.046875
0 0.96640625 0.796875 0.0234375 0.05
0 0.99765625 0.434375 0.0046875 0.04375
0 0.99453125 0.51171875 0.0109375 0.0421875