0 0.57421875 0.39765625 0.0640625 0.0640625
0 0.63828125 0.403125 0.0625 0.0640625
0 0.90625 0.396875 0.0640625 0.0640625
0 0.6953125 0.21484375 0.065625 0.0671875
0 0.671875 0.465625 0.065625 0.0640625
0 0.85859375 0.21484375 0.071875 0.0671875
0 0.609375 0.34453125 0.0625 0.0640625
0 0.9671875 0.39921875 0.0609375 0.0671875
0 0.7359375 0.46796875 0.065625 0.0671875
0 0.70234375 0.40703125 0.065625 0.0640625
0 0.76328125 0.953125 0.06875 0.06875
0 0.6046875 0.4578125 0.0671875 0.065625
0 0.54921875 0.33671875 0.0609375 0.059375
0 0.696875 0.95390625 0.0671875 0.065625
0 0.53671875 0.45078125 0.065625 0.0625
0 0.87734375 0.34140625 0.0671875 0.0640625
0 0.58359375 0.28515625 0.05625 0.059375
0 0.70390625 0.5234375 0.0671875 0.065625
0 0.86953125 0.46015625 0.0640625 0.0671875
0 0.6453125 0.26640625 0.0671875 0.0640625
0 0.94296875 0.33828125 0.0640625 0.0625
0 0.7375 0.1609375 0.06875 0.0625
0 0.275 0.225 0.0640625 0.0640625
0 0.965625 0.93984375 0.0671875 0.065625
0 0.30234375 0.2828125 0.065625 0.0625
0 0.30703125 0.1515625 0.065625 0.0671875
0 0.98203125 0.87890625 0.0359375 0.0703125
0 0.35546875 0.10859375 0.065625 0.065625
0 0.82890625 0.94453125 0.065625 0.065625
0 0.6234375 0.20625 0.06875 0.0671875
0 0.671875 0.34453125 0.065625 0.065625
0 0.334375 0.334375 0.0671875 0.0625
0 0.9453125 0.75625 0.0671875 0.0640625
0 0.93671875 0.215625 0.0703125 0.0703125
0 0.52265625 0.12421875 0.0671875 0.0609375
0 0.50625 0.51015625 0.0609375 0.065625
0 0.340625 0.21328125 0.065625 0.0640625
0 0.765625 0.25625 0.065625 0.0640625
0 0.79140625 0.89140625 0.06875 0.0671875
0 0.703125 0.71484375 0.0671875 0.0671875
0 0.90234375 0.7078125 0.059375 0.0671875
0 0.56640625 0.51328125 0.0609375 0.0609375
0 0.525 0.28046875 0.0578125 0.0609375
0 0.67578125 0.65234375 0.0640625 0.0625
0 0.69921875 0.834375 0.0671875 0.06875
0 0.6265625 0.7015625 0.06875 0.0640625
0 0.50859375 0.3953125 0.0671875 0.0671875
0 0.3609375 0.390625 0.065625 0.0640625
0 0.73671875 0.7765625 0.0671875 0.0640625
0 0.7640625 0.834375 0.0625 0.0671875
0 0.7671875 0.403125 0.0671875 0.0671875
0 0.5015625 0.2203125 0.06875 0.0609375
0 0.80234375 0.46171875 0.0671875 0.065625
0 0.175 0.05703125 0.0640625 0.0625
0 0.8953125 0.9421875 0.0671875 0.065625
0 0.8453125 0.70859375 0.0703125 0.06875
0 0.46875 0.56796875 0.0671875 0.0703125
0 0.5109375 0.6421875 0.075 0.075
0 0.59609375 0.64140625 0.078125 0.0703125
0 0.725 0.5859375 0.0671875 0.0640625
0 0.73828125 0.653125 0.075 0.0734375
0 0.2171875 0.11015625 0.0640625 0.0625
1 0.303125 0.08203125 0.08125 0.0609375
1 0.24453125 0.1671875 0.0796875 0.0546875
1 0.3890625 0.165625 0.065625 0.0625
1 0.459375 0.1640625 0.078125 0.065625
1 0.42109375 0.22421875 0.084375 0.059375
1 0.375 0.26484375 0.0875 0.059375
1 0.46015625 0.27109375 0.078125 0.0640625
1 0.39921875 0.32578125 0.0625 0.059375
1 0.4828125 0.33203125 0.0765625 0.065625
0 0.43671875 0.38828125 0.071875 0.071875
0 0.56796875 0.23203125 0.06875 0.0671875
1 0.57421875 0.159375 0.0625 0.0703125
1 0.69140625 0.1328125 0.0734375 0.0734375
1 0.8015625 0.1890625 0.06875 0.0703125
1 0.91796875 0.15 0.06875 0.078125
1 0.40390625 0.45390625 0.06875 0.059375
1 0.47109375 0.45546875 0.05625 0.0609375
1 0.440625 0.50859375 0.0765625 0.059375
1 0.71015625 0.2859375 0.0671875 0.0578125
1 0.8375 0.28125 0.0671875 0.065625
1 0.734375 0.3421875 0.065625 0.065625
1 0.8046875 0.33828125 0.06875 0.059375
1 0.90625 0.27578125 0.0671875 0.06875
1 0.96953125 0.2828125 0.0484375 0.0625
1 0.8375 0.396875 0.0703125 0.0609375
1 0.93828125 0.4609375 0.0609375 0.0609375
1 0.9859375 0.4640625 0.028125 0.0578125
1 0.6296875 0.52109375 0.065625 0.05625
1 0.77421875 0.52734375 0.0671875 0.059375
1 0.8390625 0.52578125 0.0625 0.0640625
1 0.8984375 0.5234375 0.0578125 0.0703125
1 0.95546875 0.521875 0.0609375 0.0578125
1 0.54453125 0.57421875 0.0515625 0.0625
1 0.60859375 0.57578125 0.0828125 0.05625
1 0.66875 0.58671875 0.0453125 0.0578125
1 0.796875 0.590625 0.0671875 0.059375
1 0.86171875 0.5875 0.065625 0.0609375
1 0.9265625 0.5828125 0.0640625 0.0625
1 0.97734375 0.58125 0.0453125 0.05625
1 0.81640625 0.6453125 0.0671875 0.0515625
1 0.87890625 0.6453125 0.0640625 0.059375
1 0.94609375 0.64375 0.0734375 0.065625
1 0.55859375 0.69921875 0.0640625 0.059375
1 0.77890625 0.71328125 0.06875 0.065625
1 0.971875 0.69375 0.05625 0.053125
1 0.590625 0.759375 0.0765625 0.06875
1 0.66640625 0.76796875 0.065625 0.0671875
1 0.8078125 0.76953125 0.0734375 0.0515625
1 0.87734375 0.76640625 0.06875 0.0578125
1 0.63359375 0.8296875 0.0640625 0.0671875
1 0.83515625 0.8265625 0.0765625 0.0578125
1 0.9046875 0.8265625 0.05625 0.0640625
1 0.96640625 0.8171875 0.0671875 0.059375
1 0.66484375 0.89375 0.0625 0.0625
1 0.7265625 0.88984375 0.0640625 0.059375
1 0.86484375 0.878125 0.0640625 0.0484375