0 0.41953125 0.8546875 0.075 0.0734375
0 0.0328125 0.79765625 0.065625 0.0734375
0 0.7140625 0.49765625 0.075 0.075
0 0.62109375 0.9015625 0.071875 0.0734375
0 0.6609375 0.84765625 0.0734375 0.0734375
0 0.503125 0.753125 0.0765625 0.0734375
0 0.61875 0.53828125 0.0703125 0.0671875
0 0.52890625 0.81171875 0.075 0.0734375
0 0.66171875 0.659375 0.075 0.071875
0 0.796875 0.68359375 0.0734375 0.0734375
0 0.771875 0.80390625 0.0765625 0.075
0 0.2890625 0.10859375 0.075 0.0734375
0 0.01015625 0.8515625 0.0203125 0.075
0 0.89375 0.98203125 0.059375 0.0359375
0 0.72578125 0.85625 0.075 0.075
0 0.0421875 0.30859375 0.0421875 0.0671875
0 0.22265625 0.83046875 0.075 0.075
0 0.81796875 0.5625 0.075 0.075
0 0.73359375 0.3765625 0.071875 0.075
0 0.4921875 0.409375 0.0734375 0.0734375
0 0.5484375 0.69453125 0.0734375 0.0734375
0 0.60625 0.1078125 0.075 0.071875
0 0.79609375 0.390625 0.0765625 0.0765625
0 0.65078125 0.48984375 0.0703125 0.0703125
0 0.74921875 0.91484375 0.075 0.071875
0 0.83671875 0.81171875 0.075 0.075
0 0.29609375 0.359375 0.075 0.071875
0 0.4875 0.859375 0.075 0.0734375
0 0.746875 0.553125 0.075 0.0734375
0 0.68515625 0.9125 0.075 0.0734375
0 0.62421875 0.7140625 0.0734375 0.0703125
0 0.1703125 0.64140625 0.0734375 0.0734375
0 0.290625 0.59296875 0.078125 0.075
0 0.8828125 0.57578125 0.075 0.075
0 0.471875 0.9734375 0.06875 0.053125
0 0.50546875 0.20859375 0.075 0.075
0 0.890625 0.9375 0.0765625 0.075
0 0.77734375 0.6171875 0.0734375 0.0703125
0 0.00546875 0.61328125 0.0109375 0.0703125
0 0.25859375 0.2296875 0.0703125 0.075
0 0.1828125 0.38984375 0.0734375 0.0734375
0 0.55546875 0.87265625 0.078125 0.0765625
0 0.4796875 0.68984375 0.0765625 0.075
0 0.79296875 0.86796875 0.0734375 0.071875
0 0.675 0.55 0.06875 0.06875
0 0.70703125 0.60390625 0.075 0.0734375
0 0.56875 0.2234375 0.0734375 0.0734375
0 0.3828125 0.9078125 0.0765625 0.0734375
0 0.75703125 0.44140625 0.071875 0.0671875
0 0.6828125 0.18984375 0.06875 0.071875
0 0.74921875 0.19765625 0.075 0.0734375
0 0.2890625 0.840625 0.071875 0.071875
0 0.578125 0.47890625 0.075 0.0734375
0 0.94140625 0.7609375 0.0515625 0.0703125
0 0.93125 0.69921875 0.075 0.075
0 0.2 0.21484375 0.071875 0.075
0 0.73515625 0.66328125 0.075 0.0734375
0 0.83984375 0.62890625 0.075 0.0734375
0 0.16640625 0.0609375 0.0765625 0.0765625
0 0.703125 0.96640625 0.075 0.0671875
0 0.56875 0.5859375 0.078125 0.075
0 0.1609375 0.82265625 0.0734375 0.0734375
0 0.83359375 0.44921875 0.075 0.0734375
0 0.40390625 0.03046875 0.0796875 0.0609375
0 0.04921875 0.859375 0.0734375 0.0703125
0 0.4421875 0.45703125 0.0765625 0.075
0 0.3375 0.02109375 0.075 0.0421875
0 0.31953125 0.23671875 0.0734375 0.071875
0 0.68984375 0.43828125 0.075 0.071875
0 0.04609375 0.371875 0.0703125 0.0734375
0 0.18359375 0.88359375 0.0734375 0.071875
0 0.96796875 0.278125 0.0640625 0.075
0 0.0265625 0.4875 0.053125 0.06875
0 0.53515625 0.9875 0.0703125 0.025
0 0.84375 0.31796875 0.075 0.075
0 0.5046875 0.47265625 0.075 0.0734375
0 0.40625 0.334375 0.0734375 0.071875
0 0.24921875 0.89296875 0.0765625 0.0734375
0 0.3890625 0.2609375 0.0765625 0.0765625
0 0.115625 0.37578125 0.078125 0.0765625
0 0.20859375 0.02578125 0.0765625 0.0515625
0 0.31484375 0.1703125 0.0734375 0.071875
0 0.265625 0.94609375 0.06875 0.05
0 0.20078125 0.696875 0.0765625 0.075
0 0.3765625 0.44375 0.075 0.0734375
0 0.203125 0.93359375 0.06875 0.0515625
0 0.5953125 0.35625 0.0765625 0.075
0 0.21171875 0.28203125 0.078125 0.075
0 0.671875 0.3734375 0.0734375 0.0734375
0 0.3578125 0.37734375 0.06875 0.071875
0 0.08984375 0.3078125 0.071875 0.071875
0 0.2796875 0.2984375 0.0734375 0.071875
0 0.2296875 0.0984375 0.06875 0.0734375
0 0.37734375 0.6859375 0.0765625 0.0734375
0 0.021875 0.42421875 0.040625 0.065625
0 0.315625 0.5 0.078125 0.0765625
0 0.859375 0.5078125 0.0765625 0.0734375
0 0.32578125 0.78984375 0.075 0.071875
0 0.41953125 0.39453125 0.075 0.0734375
0 0.03125 0.5546875 0.0625 0.075
0 0.2328125 0.3453125 0.0734375 0.0703125
0 0.98125 0.340625 0.0375 0.075
0 0.59140625 0.65546875 0.0671875 0.0671875
0 0.87109375 0.37890625 0.075 0.075
0 0.55703125 0.425 0.0734375 0.0734375
0 0.275 0.70546875 0.071875 0.0734375
0 0.1140625 0.86953125 0.075 0.075
0 0.6640625 0.13125 0.071875 0.06875
0 0.4609375 0.80234375 0.0734375 0.0734375
0 0.33125 0.9578125 0.0765625 0.05
0 0.10703125 0.63671875 0.0703125 0.0734375
0 0.33515625 0.728125 0.0734375 0.0703125
0 0.06953125 0.91015625 0.0796875 0.0546875
0 0.0140625 0.67578125 0.028125 0.0703125
0 0.365625 0.13046875 0.075 0.0734375
1 0.76640625 0.97109375 0.0703125 0.0578125
1 0.10703125 0.03515625 0.0734375 0.0703125
0 0.015625 0.90234375 0.03125 0.0421875
1 0.1953125 0.459375 0.06875 0.078125
1 0.1125 0.12734375 0.065625 0.075
1 0.77578125 0.259375 0.075 0.0703125
1 0.5234375 0.28046875 0.0609375 0.06875
1 0.6859375 0.72578125 0.071875 0.0765625
1 0.7546875 0.73984375 0.078125 0.0703125
1 0.86171875 0.69609375 0.06875 0.0734375
1 0.8171875 0.93203125 0.075 0.0765625
1 0.6203125 0.42890625 0.0703125 0.0640625
1 0.45078125 0.92109375 0.0765625 0.0703125
1 0.91328125 0.63671875 0.075 0.0625
1 0.15234375 0.57734375 0.0625 0.0640625
0 0.6234375 0.18203125 0.071875 0.071875
1 0.14375 0.26484375 0.078125 0.06875
1 0.70546875 0.790625 0.06875 0.0703125
1 0.478125 0.58984375 0.078125 0.06875
1 0.63671875 0.96484375 0.0671875 0.0703125
1 0.26171875 0.5359375 0.0609375 0.065625
1 0.25078125 0.41328125 0.0734375 0.075
1 0.0390625 0.625 0.078125 0.0765625
1 0.43046875 0.6359375 0.0734375 0.065625
1 0.8640625 0.875 0.075 0.0671875
1 0.14140625 0.759375 0.0734375 0.0703125
0 0.63828125 0.60234375 0.0734375 0.0703125
1 0.64375 0.77734375 0.0765625 0.06875
1 0.70546875 0.25546875 0.075 0.0765625
1 0.13515625 0.19765625 0.071875 0.0765625
1 0.5984375 0.82578125 0.0703125 0.075
1 0.93125 0.5125 0.06875 0.06875
1 0.6453125 0.30703125 0.0640625 0.065625
1 0.94140625 0.390625 0.0765625 0.06875
1 0.39609375 0.79375 0.06875 0.0671875
0 0.6 0.99375 0.065625 0.0125
1 0.24921875 0.47421875 0.0703125 0.0640625
1 0.78828125 0.50078125 0.065625 0.065625
0 0.02265625 0.73828125 0.0453125 0.0734375
1 0.70234375 0.3140625 0.0734375 0.0671875
1 0.903125 0.44375 0.0703125 0.0765625
1 0.465625 0.52890625 0.0671875 0.0671875
1 0.30625 0.43203125 0.0671875 0.065625
1 0.5578125 0.15625 0.071875 0.0703125
1 0.0734375 0.440625 0.0703125 0.06875
1 0.57578125 0.76015625 0.0703125 0.065625
1 0.57734375 0.9578125 0.075 0.071875
1 0.24296875 0.64375 0.078125 0.065625
1 0.9015625 0.82265625 0.071875 0.06875
1 0.2015625 0.525 0.071875 0.0671875
1 0.925 0.33046875 0.071875 0.0671875
1 0.97734375 0.525 0.0453125 0.0625
1 0.36640625 0.62109375 0.075 0.065625
1 0.92109375 0.88125 0.0484375 0.071875
1 0.82109375 0.746875 0.071875 0.0671875
1 0.58203125 0.29140625 0.0765625 0.0671875
1 0.13203125 0.4546875 0.075 0.0703125
1 0.1578125 0.32421875 0.0671875 0.0625
1 0.9859375 0.4109375 0.028125 0.071875
1 0.09609375 0.80546875 0.0734375 0.065625
1 0.071875 0.7453125 0.0765625 0.075
1 0.4375 0.09140625 0.078125 0.0703125
1 0.34375 0.3109375 0.0640625 0.0671875
1 0.83125 0.98046875 0.075 0.0390625
1 0.775 0.31875 0.06875 0.0703125
1 0.128125 0.70078125 0.08125 0.06875
1 0.3921875 0.51328125 0.0828125 0.065625
1 0.171875 0.140625 0.08125 0.0765625
1 0.4109375 0.571875 0.0734375 0.075
1 0.63515625 0.24921875 0.075 0.06875
1 0.31796875 0.90390625 0.0671875 0.0671875
1 0.53359375 0.53515625 0.071875 0.0625
1 0.14453125 0.5203125 0.0703125 0.075
1 0.2046875 0.76796875 0.0734375 0.065625
1 0.2171875 0.58828125 0.075 0.0703125
1 0.4328125 0.7421875 0.071875 0.0671875
1 0.3515625 0.565625 0.0625 0.0671875
1 0.075 0.2421875 0.0765625 0.071875
1 0.27890625 0.04609375 0.065625 0.065625
1 0.5234375 0.6328125 0.065625 0.065625
1 0.090625 0.57109375 0.071875 0.0609375
1 0.0796875 0.50859375 0.078125 0.0796875
1 0.23984375 0.16328125 0.075 0.06875
1 0.26953125 0.00703125 0.0703125 0.0140625
1 0.96328125 0.46328125 0.0734375 0.0765625
1 0.40625 0.965625 0.0734375 0.059375
1 0.52734375 0.346875 0.071875 0.0765625
1 0.46640625 0.3390625 0.075 0.075
1 0.9515625 0.58203125 0.0765625 0.0796875
1 0.46484375 0.27421875 0.078125 0.0734375
1 0.4421875 0.21328125 0.06875 0.0671875
1 0.85078125 0.24375 0.0875 0.0796875
1 0.06171875 0.6875 0.0703125 0.0609375
1 0.315625 0.66171875 0.0671875 0.071875
1 0.440625 0.1515625 0.075 0.0625
1 0.884375 0.76328125 0.0671875 0.0703125
1 0.50703125 0.07734375 0.0796875 0.0671875
1 0.26796875 0.77578125 0.059375 0.059375
1 0.52265625 0.934375 0.0734375 0.0703125
1 0.3828125 0.196875 0.0671875 0.0640625
1 0.13984375 0.9265625 0.0671875 0.04375
0 0.359375 0.8515625 0.06875 0.0703125
1 0.49375 0.13828125 0.0765625 0.0703125
1 0.0859375 0.084375 0.046875 0.05
1 0.0765625 0.18515625 0.0640625 0.0609375
1 0.9671875 0.646875 0.0390625 0.0625
1 0.4890625 0.02578125 0.065625 0.0515625