0 0.02109375 0.5234375 0.0421875 0.0625
0 0.028125 0.41015625 0.0484375 0.0640625
0 0.04921875 0.9 0.0671875 0.0671875
0 0.00703125 0.89765625 0.0140625 0.0640625
0 0.71875 0.959375 0.0640625 0.0640625
0 0.04296875 0.30234375 0.059375 0.065625
0 0.44296875 0.4046875 0.0640625 0.0625
0 0.8671875 0.7125 0.065625 0.065625
0 0.03828125 0.78359375 0.0640625 0.0609375
0 0.14296875 0.2625 0.0671875 0.0640625
0 0.1109375 0.90390625 0.0640625 0.065625
0 0.553125 0.05078125 0.065625 0.065625
0 0.78046875 0.975 0.0671875 0.05
0 0.01953125 0.62265625 0.0390625 0.0640625
0 0.1953125 0.84609375 0.0671875 0.0671875
0 0.328125 0.028125 0.065625 0.05625
0 0.0484375 0.20234375 0.053125 0.0625
0 0.4421875 0.90234375 0.0671875 0.0671875
0 0.05078125 0.46640625 0.0640625 0.0609375
0 0.20703125 0.7359375 0.065625 0.0671875
0 0.23125 0.52421875 0.065625 0.0640625
0 0.7625 0.91171875 0.065625 0.065625
0 0.078125 0.7265625 0.065625 0.0640625
0 0.8859375 0.95 0.0640625 0.0640625
0 0.18046875 0.675 0.0671875 0.0671875
0 0.26953125 0.74921875 0.065625 0.065625
0 0.3078125 0.8984375 0.0671875 0.0671875
0 0.12890625 0.37421875 0.065625 0.0640625
0 0.9953125 0.18828125 0.009375 0.0609375
0 0.01953125 0.72890625 0.0390625 0.0640625
0 0.1640625 0.4203125 0.065625 0.0640625
0 0.61171875 0.9796875 0.0640625 0.040625
0 0.9484375 0.796875 0.059375 0.065625
0 0.9875 0.41015625 0.025 0.0640625
0 0.44375 0.74375 0.0671875 0.065625
0 0.98984375 0.30546875 0.0203125 0.0640625
0 0.49140625 0.85546875 0.065625 0.0640625
0 0.01875 0.84140625 0.0375 0.0640625
0 0.54296875 0.81171875 0.0640625 0.0609375
0 0.171875 0.9125 0.065625 0.065625
0 0.0625 0.365625 0.065625 0.0640625
0 0.1234375 0.4703125 0.0671875 0.065625
0 0.3 0.003125 0.065625 0.00625
0 0.53515625 0.97109375 0.0671875 0.0578125
0 0.98125 0.5609375 0.0359375 0.0625
0 0.08359375 0.51796875 0.0640625 0.0640625
0 0.4015625 0.95390625 0.065625 0.0640625
0 0.1546875 0.0578125 0.06875 0.0640625
0 0.10703125 0.20859375 0.0671875 0.065625
0 0.084375 0.94765625 0.0640625 0.040625
0 0.11328125 0.67265625 0.0671875 0.065625
0 0.26328125 0.58046875 0.065625 0.0640625
0 0.44765625 0.07578125 0.0671875 0.065625
0 0.8046875 0.690625 0.065625 0.0625
0 0.41328125 0.62109375 0.0640625 0.0625
0 0.95546875 0.8546875 0.0359375 0.0609375
0 0.15859375 0.51875 0.065625 0.065625
0 0.33515625 0.953125 0.065625 0.0671875
0 0.24921875 0.68984375 0.065625 0.0640625
0 0.1734375 0.784375 0.065625 0.0640625
0 0.5921875 0.9296875 0.0640625 0.0640625
0 0.2890625 0.63828125 0.065625 0.065625
0 0.04375 0.57265625 0.0640625 0.0609375
0 0.48203125 0.6296875 0.059375 0.0578125
0 0.02421875 0.94375 0.0484375 0.034375
0 0.97578125 0.5 0.0484375 0.059375
0 0.19765625 0.47265625 0.0671875 0.065625
0 0.07421875 0.15390625 0.06875 0.0625
0 0.30390625 0.14140625 0.065625 0.065625
0 0.58828125 0.5984375 0.0640625 0.065625
0 0.05625 0.09765625 0.05 0.0609375
0 0.678125 0.9859375 0.065625 0.028125
0 0.4328125 0.51328125 0.065625 0.0625
0 0.909375 0.84296875 0.0640625 0.0625
0 0.2328125 0.89609375 0.0671875 0.0671875
0 0.0875 0.4203125 0.065625 0.0640625
0 0.5703125 0.87734375 0.065625 0.06875
0 0.10625 0.3125 0.065625 0.065625
0 0.48515625 0.3578125 0.0671875 0.0609375
0 0.52890625 0.58359375 0.065625 0.065625
0 0.36484375 0.165625 0.065625 0.0671875
0 0.1328125 0.8453125 0.065625 0.0640625
0 0.86484375 0.890625 0.065625 0.065625
0 0.6046875 0.6546875 0.0625 0.0609375
0 0.24453125 0.12734375 0.065625 0.0640625
0 0.46796875 0.1390625 0.0671875 0.0625
0 0.3390625 0.74296875 0.0671875 0.065625
0 0.35078125 0.09296875 0.065625 0.0671875
0 0.0828125 0.040625 0.071875 0.06875
0 0.86796875 0.54765625 0.0671875 0.065625
0 0.34921875 0.85 0.0640625 0.065625
0 0.65 0.6171875 0.065625 0.0625
0 0.68125 0.83359375 0.065625 0.0640625
0 0.6328125 0.878125 0.065625 0.0640625
0 0.19296875 0.22578125 0.0625 0.0578125
0 0.50234375 0.69453125 0.0640625 0.0609375
0 0.61796875 0.2296875 0.065625 0.0640625
0 0.934375 0.55703125 0.0640625 0.0640625
0 0.61328125 0.059375 0.065625 0.0640625
0 0.73203125 0.51875 0.0640625 0.0625
0 0.078125 0.62890625 0.065625 0.0640625
0 0.14375 0.95546875 0.0609375 0.0359375
0 0.31015625 0.69765625 0.0625 0.0625
0 0.578125 0.42734375 0.0671875 0.0640625
0 0.27109375 0.9484375 0.065625 0.0640625
0 0.39140625 0.70703125 0.0625 0.0625
0 0.39921875 0.29375 0.0640625 0.0625
0 0.91953125 0.23046875 0.0640625 0.0640625
0 0.2359375 0.79453125 0.0671875 0.0640625
0 0.390625 0.040625 0.065625 0.065625
0 0.70390625 0.1328125 0.0671875 0.0640625
0 0.765625 0.73984375 0.0640625 0.0625
0 0.378125 0.89921875 0.065625 0.0625
0 0.171875 0.31875 0.0640625 0.0640625
0 0.27109375 0.46640625 0.0671875 0.0640625
0 0.96484375 0.6734375 0.0484375 0.0625
0 0.5203125 0.7578125 0.0671875 0.0671875
0 0.2203125 0.628125 0.0609375 0.0609375
0 0.04375 0.671875 0.065625 0.0640625
0 0.82265625 0.93671875 0.0640625 0.0609375
0 0.77421875 0.47421875 0.065625 0.059375
0 0.55625 0.36484375 0.0640625 0.0609375
0 0.19609375 0.01953125 0.0640625 0.0390625
0 0.23046875 0.415625 0.0671875 0.0640625
0 0.79296875 0.2046875 0.0671875 0.0640625
0 0.1390625 0.73046875 0.065625 0.0640625
0 0.31953125 0.2109375 0.0640625 0.0625
0 0.5859375 0.77109375 0.065625 0.0625
0 0.3125 0.53984375 0.065625 0.065625
0 0.71484375 0.63359375 0.0671875 0.065625
0 0.396875 0.79453125 0.0671875 0.0671875
0 0.75078125 0.41796875 0.065625 0.0625
0 0.28671875 0.08046875 0.0671875 0.0640625
0 0.9015625 0.990625 0.0625 0.01875
0 0.53828125 0.4765625 0.0671875 0.0671875
0 0.26953125 0.84765625 0.0671875 0.0640625
0 0.690625 0.39296875 0.0640625 0.0625
0 0.20390625 0.95859375 0.065625 0.0390625
0 0.184375 0.11328125 0.0640625 0.059375
0 0.309375 0.79609375 0.0640625 0.0640625
0 0.10546875 0.7859375 0.065625 0.065625
0 0.6578125 0.7734375 0.0671875 0.065625
0 0.51015625 0.9234375 0.065625 0.0640625
0 0.37890625 0.2328125 0.0640625 0.0640625
0 0.3421875 0.4859375 0.0671875 0.0640625
0 0.19375 0.57109375 0.0671875 0.065625
0 0.11640625 0.5640625 0.0671875 0.0640625
0 0.40703125 0.121875 0.065625 0.065625
0 0.92734375 0.7328125 0.0640625 0.065625
0 0.6140625 0.81953125 0.065625 0.0625
0 0.88984375 0.778125 0.065625 0.065625
0 0.696875 0.896875 0.065625 0.065625
0 0.78515625 0.6390625 0.065625 0.0625
0 0.4640625 0.30078125 0.0640625 0.0609375
0 0.846875 0.33828125 0.0671875 0.0640625
0 0.92890625 0.40234375 0.0640625 0.0609375
0 0.15 0.61875 0.0640625 0.0625
0 0.78046875 0.31328125 0.065625 0.0640625
0 0.54453125 0.646875 0.0640625 0.059375
0 0.27890625 0.309375 0.065625 0.0609375
0 0.5078125 0.25703125 0.0671875 0.065625
0 0.26328125 0.02578125 0.0671875 0.0515625
0 0.8265625 0.76171875 0.065625 0.065625
0 0.8421875 0.984375 0.065625 0.03125
0 0.9109375 0.34921875 0.065625 0.0640625
0 0.9390625 0.9671875 0.0484375 0.0640625
0 0.8453125 0.64765625 0.065625 0.0640625
0 0.821875 0.2703125 0.0703125 0.0671875
0 0.56640625 0.528125 0.0640625 0.0640625
0 0.82109375 0.5859375 0.0671875 0.0640625
0 0.92890625 0.9046875 0.0671875 0.0671875
0 0.5109375 0.409375 0.0625 0.059375
0 0.47109375 0.46171875 0.065625 0.0625
0 0.13125 0.01015625 0.065625 0.0203125
0 0.0765625 0.2546875 0.065625 0.0609375
0 0.35390625 0.66328125 0.0671875 0.0640625
0 0.465625 0.959375 0.065625 0.0671875
0 0.4 0.4515625 0.0671875 0.065625
0 0.36953125 0.00625 0.0671875 0.0125
0 0.45234375 0.56875 0.0640625 0.065625
0 0.7125 0.03046875 0.065625 0.034375
0 0.5765625 0.10390625 0.0671875 0.0625
0 0.7296875 0.34921875 0.065625 0.0609375
0 0.334375 0.59921875 0.0671875 0.0671875
0 0.72578125 0.1890625 0.0640625 0.0609375
0 0.84921875 0.82890625 0.065625 0.065625
0 0.96015625 0.45 0.0671875 0.0625
0 0.6703125 0.68515625 0.06875 0.065625
0 0.68125 0.240625 0.0671875 0.0640625
0 0.753125 0.25390625 0.06875 0.065625
0 0.5953125 0.32109375 0.0640625 0.059375
0 0.62734375 0.7171875 0.065625 0.065625
0 0.321875 0.4265625 0.065625 0.0640625
0 0.721875 0.7859375 0.0640625 0.0609375
0 0.49453125 0.5265625 0.0640625 0.0625
0 0.76796875 0.1515625 0.06875 0.065625
0 0.071875 0.83984375 0.0671875 0.0671875
0 0.63671875 0.28046875 0.06875 0.0640625
0 0.43515625 0.0125 0.0640625 0.025
0 0.96953125 0.35703125 0.0609375 0.0671875
0 0.68984375 0.56796875 0.0671875 0.065625
0 0.4875 0.1921875 0.0640625 0.0609375
0 0.6546875 0.94296875 0.0625 0.0609375
0 0.2 0.17109375 0.0671875 0.0625
0 0.67109375 0.49921875 0.065625 0.0609375
0 0.91171875 0.66484375 0.06875 0.065625
0 0.91875 0.49375 0.065625 0.0625
0 0.73671875 0.99453125 0.0578125 0.0109375
0 0.9453125 0.29453125 0.0671875 0.0671875
0 0.83828125 0.48359375 0.0609375 0.0609375
0 0.740625 0.08125 0.0671875 0.06875
0 0.553125 0.20625 0.0671875 0.0671875
0 0.490625 0.02421875 0.0625 0.0484375
0 0.6484375 0.4390625 0.0671875 0.0671875
0 0.865625 0.38984375 0.0625 0.059375
0 0.66484375 0.33203125 0.0671875 0.0640625
0 0.59375 0.159375 0.0671875 0.0625
0 0.7421875 0.85 0.065625 0.0671875
0 0.11640625 0.1015625 0.0671875 0.0625
0 0.67578125 0.07578125 0.065625 0.0640625
0 0.61875 0.378125 0.065625 0.0625
0 0.88984375 0.59765625 0.0703125 0.0625
0 0.53046875 0.309375 0.065625 0.0640625
0 0.95625 0.6140625 0.065625 0.0640625
0 0.215625 0.278125 0.0625 0.0609375
0 0.70234375 0.73203125 0.0671875 0.0625
0 0.56328125 0.70859375 0.0640625 0.0625
0 0.42109375 0.34453125 0.0640625 0.0625
0 0.6390625 0.12109375 0.0640625 0.0625
0 0.875 0.12421875 0.0640625 0.0640625
0 0.95859375 0.17734375 0.0625 0.0625
0 0.5125 0.08984375 0.0671875 0.065625
0 0.78671875 0.8046875 0.0671875 0.0671875
0 0.2234375 0.06796875 0.0640625 0.0609375
0 0.33125 0.2734375 0.0671875 0.0625
0 0.884375 0.4453125 0.0640625 0.059375
0 0.4921875 0.990625 0.059375 0.01875
0 0.14375 0.15546875 0.059375 0.059375
0 0.85859375 0.21328125 0.0671875 0.065625
0 0.6109375 0.4859375 0.0625 0.0625
0 0.70625 0.45546875 0.065625 0.0625
0 0.44140625 0.24140625 0.0640625 0.0609375
0 0.97421875 0.23828125 0.0515625 0.0640625
0 0.365625 0.9828125 0.059375 0.01875
0 0.80390625 0.8734375 0.065625 0.065625
0 0.00390625 0.57421875 0.0078125 0.0578125
0 0.415625 0.85 0.0671875 0.0625
0 0.0375 0.15078125 0.021875 0.059375
0 0.4296875 0.98828125 0.0609375 0.0203125
0 0.653125 0.021875 0.0640625 0.025
0 0.38671875 0.55390625 0.0671875 0.065625
0 0.7421875 0.6796875 0.0578125 0.059375
0 0.88203125 0.28515625 0.0671875 0.06875
0 0.7984375 0.3734375 0.06875 0.0625
0 0.26484375 0.18515625 0.0640625 0.0640625
0 0.66015625 0.1765625 0.065625 0.0640625
0 0.53046875 0.14765625 0.0640625 0.059375
0 0.296875 0.36953125 0.0640625 0.0625
0 0.4453125 0.6703125 0.0640625 0.0640625
0 0.34921875 0.33203125 0.0671875 0.0640625
0 0.37578125 0.38828125 0.059375 0.0625
0 0.96953125 0.7359375 0.028125 0.0640625
0 0.57421875 0.26328125 0.06875 0.0609375
0 0.46015625 0.79765625 0.0671875 0.065625
0 0.02734375 0.25234375 0.0203125 0.059375
0 0.2296875 0.3515625 0.065625 0.0640625
0 0.26796875 0.253125 0.0671875 0.0625
0 0.82109375 0.4328125 0.0671875 0.0609375
0 0.62578125 0.54296875 0.0640625 0.0640625
0 0.7546875 0.5796875 0.0671875 0.065625
0 0.42421875 0.17734375 0.0640625 0.065625
0 0.703125 0.290625 0.065625 0.059375
0 0.81015625 0.0921875 0.06875 0.065625
0 0.90078125 0.1671875 0.0640625 0.0609375
0 0.00703125 0.4640625 0.0140625 0.0625
0 0.04453125 0.03046875 0.0171875 0.0609375
0 0.01796875 0.35703125 0.01875 0.0625
0 0.7953125 0.52421875 0.0625 0.0578125
0 0.56484375 0.99765625 0.0546875 0.0046875
0 0.58984375 0.015625 0.0671875 0.0234375
0 0.78359375 0.03984375 0.075 0.040625
0 0.9671875 0.11015625 0.065625 0.0640625