0 0.87734375 0.88671875 0.06484375 0.0640625
0 0.8859375 0.64609375 0.06484375 0.06328125
0 0.93828125 0.90703125 0.059375 0.06171875
0 0.94921875 0.77265625 0.065625 0.06328125
0 0.971875 0.84921875 0.05625 0.0640625
0 0.97734375 0.715625 0.0453125 0.06328125
0 0.67890625 0.65 0.065625 0.0625
0 0.6484375 0.35390625 0.06015625 0.0625
0 0.89609375 0.53984375 0.0625 0.06328125
0 0.96875 0.96875 0.0625 0.0625
0 0.54921875 0.40390625 0.06796875 0.06484375
0 0.8984375 0.9578125 0.0671875 0.0625
0 0.61953125 0.41875 0.06484375 0.06328125
0 0.85390625 0.71015625 0.0671875 0.06328125
0 0.94921875 0.65625 0.0625 0.0640625
0 0.6890625 0.3015625 0.065625 0.0625
0 0.5921875 0.6015625 0.0640625 0.06171875
0 0.5796875 0.34453125 0.06796875 0.06484375
0 0.7125 0.35078125 0.06640625 0.0640625
0 0.81796875 0.5359375 0.0671875 0.0609375
0 0.85703125 0.59375 0.06640625 0.0609375
0 0.71328125 0.59375 0.06328125 0.06171875
0 0.884375 0.7734375 0.06328125 0.06015625
0 0.7203125 0.2484375 0.06484375 0.06328125
0 0.75625 0.41875 0.0640625 0.0640625
0 0.78984375 0.48046875 0.0640625 0.0609375
0 0.77421875 0.31015625 0.06171875 0.06328125
0 0.50703125 0.471875 0.065625 0.06484375
0 0.8109375 0.8828125 0.065625 0.06484375
0 0.509375 0.2171875 0.06640625 0.06328125
0 0.5390625 0.1109375 0.06796875 0.0640625
0 0.94375 0.34375 0.06171875 0.06484375
0 0.66953125 0.7671875 0.0609375 0.05625
0 0.98515625 0.9140625 0.0296875 0.065625
0 0.92265625 0.71796875 0.0609375 0.0609375
0 0.90546875 0.83359375 0.06484375 0.0625
0 0.5625 0.171875 0.06328125 0.06015625
0 0.71328125 0.71171875 0.0609375 0.06171875
0 0.62265625 0.13671875 0.0671875 0.0609375
1 0.96484375 0.421875 0.0625 0.06953125
0 0.36171875 0.09453125 0.0625 0.0640625
1 0.784375 0.59453125 0.06796875 0.0578125
0 0.58203125 0.47265625 0.0671875 0.0625
0 0.70078125 0.82109375 0.0625 0.0578125
0 0.64765625 0.709375 0.06640625 0.0609375
1 0.96171875 0.54453125 0.06796875 0.059375
1 0.89765625 0.41875 0.0703125 0.06328125
1 0.78046875 0.71484375 0.06796875 0.05546875
0 0.6890625 0.4140625 0.0640625 0.06953125
0 0.88046875 0.35 0.065625 0.0625
1 0.83046875 0.94765625 0.0546875 0.0625
1 0.74921875 0.540625 0.06015625 0.06171875
1 0.86171875 0.47734375 0.06015625 0.06171875
1 0.721875 0.48359375 0.06015625 0.053125
1 0.45234375 0.35234375 0.075 0.0578125
1 0.93046875 0.59375 0.05234375 0.05859375
1 0.740625 0.7640625 0.06640625 0.0546875
1 0.92734375 0.48125 0.07109375 0.065625
1 0.4953125 0.2921875 0.0671875 0.05703125
0 0.8453125 0.2984375 0.0671875 0.0640625
1 0.659375 0.48671875 0.059375 0.06015625
1 0.7484375 0.65703125 0.0671875 0.0625
1 0.8125 0.76875 0.0640625 0.059375
1 0.765625 0.8203125 0.06328125 0.0578125
1 0.80703125 0.3671875 0.06796875 0.0640625
1 0.83203125 0.82109375 0.0671875 0.05703125
1 0.81328125 0.65234375 0.0640625 0.06171875
1 0.346875 0.1765625 0.06953125 0.065625
1 0.76953125 0.940625 0.065625 0.05390625
1 0.47734375 0.40625 0.06875 0.0625
1 0.82578125 0.42421875 0.071875 0.05390625
1 0.52109375 0.34453125 0.0578125 0.0546875
1 0.42265625 0.171875 0.078125 0.06484375
1 0.3046875 0.1140625 0.0546875 0.0671875
1 0.60234375 0.2359375 0.07109375 0.0671875
1 0.7953125 0.98671875 0.065625 0.0265625
1 0.48671875 0.16015625 0.06015625 0.0609375
1 0.62578125 0.5421875 0.065625 0.05859375
1 0.9796875 0.59921875 0.03984375 0.0609375
0 0.7265625 0.8765625 0.0671875 0.06640625
1 0.55703125 0.53984375 0.07265625 0.059375
0 0.92265625 0.9921875 0.0609375 0.015625
1 0.6140625 0.65546875 0.0625 0.04765625
1 0.69453125 0.53984375 0.0578125 0.046875
0 0.8640625 0.9921875 0.0671875 0.015625
1 0.671875 0.184375 0.0640625 0.0609375
1 0.56640625 0.2890625 0.06640625 0.05
1 0.3921875 0.23515625 0.06796875 0.0328125
0 0.40078125 0.2796875 0.065625 0.0453125
1 0.45859375 0.2390625 0.04140625 0.04453125
1 0.63359375 0.29609375 0.04296875 0.03828125
1 0.66953125 0.24453125 0.03984375 0.03984375
1 0.27890625 0.0203125 0.07265625 0.03125
1 0.36328125 0.03828125 0.0640625 0.0453125
1 0.284375 0.06484375 0.05390625 0.02734375
1 0.73828125 0.1734375 0.04765625 0.0515625