0 0.2625 0.5359375 0.0640625 0.0640625
0 0.16953125 0.46953125 0.065625 0.0640625
0 0.84921875 0.76640625 0.0640625 0.065625
0 0.0515625 0.6359375 0.065625 0.065625
0 0.78515625 0.7625 0.065625 0.06875
0 0.90625 0.58359375 0.065625 0.065625
0 0.503125 0.68671875 0.0640625 0.0640625
0 0.6765625 0.41171875 0.0640625 0.0625
0 0.73828125 0.22265625 0.065625 0.065625
0 0.7703125 0.09765625 0.0625 0.0625
0 0.14453125 0.04921875 0.0640625 0.0625
0 0.01640625 0.5015625 0.0328125 0.065625
0 0.11640625 0.01171875 0.0640625 0.0234375
0 0.08515625 0.69453125 0.0640625 0.065625
0 0.0875 0.16484375 0.065625 0.0671875
0 0.18203125 0.65546875 0.0625 0.0625
0 0.3546875 0.60390625 0.065625 0.0671875
0 0.53359375 0.7390625 0.0640625 0.0625
0 0.88125 0.7109375 0.065625 0.0671875
0 0.02109375 0.6890625 0.0421875 0.0625
0 0.71328125 0.459375 0.065625 0.0640625
0 0.721875 0.75546875 0.065625 0.0671875
0 0.378125 0.66171875 0.0640625 0.0640625
0 0.0875 0.5796875 0.0640625 0.0640625
0 0.21484375 0.59921875 0.065625 0.065625
0 0.103125 0.10546875 0.0640625 0.0625
0 0.2796875 0.59921875 0.06875 0.06875
0 0.928125 0.18203125 0.0625 0.059375
0 0.5796875 0.5703125 0.065625 0.065625
0 0.646875 0.56875 0.065625 0.065625
0 0.4328125 0.025 0.0625 0.05
0 0.55546875 0.51171875 0.0625 0.0625
0 0.39765625 0.44140625 0.0640625 0.0640625
0 0.05546875 0.00390625 0.0609375 0.0078125
0 0.809375 0.53671875 0.0625 0.0609375
0 0.41640625 0.60546875 0.0640625 0.065625
0 0.475 0.25703125 0.0625 0.0625
0 0.1484375 0.70546875 0.0640625 0.0625
0 0.20703125 0.421875 0.0640625 0.0625
0 0.0703125 0.39453125 0.0640625 0.0625
0 0.775 0.584375 0.0640625 0.0625
0 0.465625 0.7375 0.0640625 0.0625
0 0.309375 0.6796875 0.065625 0.0671875
0 0.240625 0.76171875 0.0640625 0.0640625
0 0.13125 0.52265625 0.065625 0.0671875
0 0.10546875 0.34765625 0.065625 0.0640625
0 0.975 0.6625 0.0375 0.065625
0 0.40234375 0.72734375 0.0671875 0.065625
0 0.94140625 0.53359375 0.0625 0.0609375
0 0.1984375 0.5265625 0.0640625 0.0625
0 0.0703125 0.29453125 0.0640625 0.0640625
0 0.96640625 0.77109375 0.04375 0.065625
0 0.2296875 0.478125 0.0609375 0.0625
0 0.56484375 0.69921875 0.065625 0.0625
0 0.61875 0.515625 0.0640625 0.0640625
0 0.20859375 0.709375 0.0671875 0.065625
0 0.47265625 0.628125 0.065625 0.065625
0 0.80078125 0.20390625 0.0625 0.0640625
0 0.153125 0.59296875 0.0640625 0.065625
0 0.9609375 0.06640625 0.0640625 0.0625
0 0.871875 0.53671875 0.065625 0.0640625
0 0.8421875 0.26015625 0.0640625 0.0625
0 0.08125 0.040625 0.065625 0.065625
0 0.76015625 0.3484375 0.0640625 0.065625
0 0.884375 0.81953125 0.0640625 0.0625
0 0.6578125 0.7515625 0.0671875 0.065625
0 0.59296875 0.74765625 0.0640625 0.0625
0 0.97265625 0.47109375 0.0546875 0.0671875
0 0.66640625 0.63671875 0.065625 0.065625
0 0.334375 0.42890625 0.0640625 0.065625
0 0.6359375 0.35234375 0.0640625 0.0625
0 0.7765625 0.2671875 0.0625 0.065625
0 0.29296875 0.4828125 0.0671875 0.065625
0 0.7234375 0.0421875 0.0640625 0.0640625
0 0.046875 0.7453125 0.065625 0.065625
0 0.4921875 0.509375 0.0640625 0.0609375
0 0.60234375 0.63671875 0.0640625 0.0640625
0 0.6015625 0.075 0.0609375 0.0609375
0 0.62734375 0.69921875 0.0640625 0.0640625
0 0.15625 0.30703125 0.0625 0.0625
0 0.11953125 0.64140625 0.065625 0.0640625
0 0.5421875 0.62109375 0.0640625 0.065625
0 0.5625 0.79375 0.0625 0.0609375
0 0.1765625 0.76015625 0.0625 0.0625
0 0.7296875 0.63515625 0.0625 0.0609375
0 0.3390625 0.73046875 0.0640625 0.0625
0 0.8546875 0.64609375 0.0640625 0.0625
0 0.0265625 0.5703125 0.053125 0.0625
0 0.74375 0.40859375 0.0640625 0.0640625
0 0.753125 0.15625 0.0625 0.059375
0 0.790625 0.6359375 0.0625 0.0609375
0 0.58359375 0.13359375 0.0609375 0.0609375
0 0.10546875 0.465625 0.06875 0.065625
0 0.27109375 0.42890625 0.0640625 0.0640625
0 0.43828125 0.3984375 0.0625 0.0609375
0 0.30390625 0.19921875 0.065625 0.065625
0 0.7578125 0.696875 0.0671875 0.065625
0 0.28203125 0.3015625 0.065625 0.065625
0 0.24140625 0.6703125 0.0640625 0.0609375
0 0.4828125 0.06796875 0.0640625 0.065625
0 0.7046875 0.10625 0.0609375 0.0609375
0 0.20546875 0.05703125 0.0640625 0.0640625
0 0.309375 0.03359375 0.0625 0.0609375
0 0.8484375 0.4671875 0.065625 0.0671875
0 0.8921875 0.07890625 0.065625 0.0671875
0 0.69921875 0.3484375 0.0640625 0.0640625
0 0.6265625 0.18046875 0.0625 0.059375
0 0.26484375 0.07734375 0.0625 0.0578125
0 0.28203125 0.1390625 0.0640625 0.0625
0 0.27265625 0.71484375 0.065625 0.0609375
0 0.68125 0.51875 0.065625 0.059375
0 0.74765625 0.5265625 0.065625 0.0671875
0 0.678125 0.22578125 0.0625 0.0625
0 0.96640625 0.5890625 0.0625 0.0671875
0 0.8203125 0.69765625 0.0625 0.0625
0 0.14140625 0.19375 0.0609375 0.0609375
0 0.46640625 0.44296875 0.065625 0.065625
0 0.021875 0.390625 0.0375 0.059375
0 0.21875 0.1171875 0.065625 0.065625
0 0.3703125 0.1984375 0.0625 0.0640625
0 0.5859375 0.31015625 0.0625 0.0625
0 0.2203125 0.30625 0.065625 0.0671875
0 0.9046875 0.24140625 0.0640625 0.065625
0 0.88515625 0.303125 0.0640625 0.0625
0 0.86171875 0.19765625 0.065625 0.065625
0 0.646875 0.12109375 0.0609375 0.0640625
0 0.88828125 0.41171875 0.065625 0.065625
0 0.984375 0.10625 0.03125 0.0625
0 0.45390625 0.55390625 0.065625 0.0640625
0 0.69375 0.6984375 0.0640625 0.0640625
0 0.821875 0.3109375 0.0625 0.0609375
0 0.628125 0.80390625 0.0640625 0.0640625
0 0.134375 0.39765625 0.0640625 0.0640625
0 0.9140625 0.48046875 0.0640625 0.0625
0 0.43515625 0.6890625 0.065625 0.0640625
0 0.3296875 0.25390625 0.065625 0.0609375
0 0.325 0.5390625 0.0640625 0.0625
0 0.2453125 0.36640625 0.065625 0.065625
0 0.5203125 0.31953125 0.065625 0.0640625
0 0.1828125 0.015625 0.065625 0.03125
0 0.77890625 0.46875 0.065625 0.065625
0 0.43203125 0.79453125 0.065625 0.0640625
0 0.99453125 0.04921875 0.0109375 0.0484375
0 0.55703125 0.03203125 0.0609375 0.0609375
0 0.04609375 0.23125 0.065625 0.065625
0 0.5421875 0.0921875 0.059375 0.0625
0 0.96875 0.23515625 0.0625 0.0640625
0 0.22578125 0.1859375 0.0671875 0.065625
0 0.45625 0.3234375 0.0625 0.065625
0 0.02265625 0.29453125 0.028125 0.0609375
0 0.36796875 0.78515625 0.0640625 0.0640625
0 0.66328125 0.05390625 0.0609375 0.0625
0 0.24296875 0.02265625 0.0640625 0.0453125
0 0.846875 0.0390625 0.0640625 0.046875
0 0.37578125 0.134375 0.0625 0.0609375
0 0.60703125 0.240625 0.0640625 0.065625
0 0.70625 0.56953125 0.0640625 0.0609375
0 0.6890625 0.16640625 0.0640625 0.0609375
0 0.37890625 0.375 0.0625 0.0609375
0 0.03515625 0.175 0.040625 0.059375
0 0.53671875 0.24296875 0.0640625 0.065625
0 0.86640625 0.35546875 0.0625 0.059375
0 0.87421875 0.13828125 0.0625 0.059375
0 0.56796875 0.36796875 0.0640625 0.0640625
0 0.01015625 0.625 0.0203125 0.06875
0 0.5 0.0125 0.065625 0.025
0 0.81328125 0.14453125 0.0609375 0.059375
0 0.94453125 0.82734375 0.065625 0.0640625
0 0.6140625 0.415625 0.0609375 0.0625
0 0.93671875 0.12265625 0.0609375 0.0625
0 0.68984375 0.82265625 0.0640625 0.0640625
0 0.6515625 0.28828125 0.065625 0.065625
0 0.615625 0.02265625 0.0625 0.0375
0 0.1140625 0.75625 0.065625 0.0640625
0 0.42734375 0.2203125 0.0609375 0.05625
0 0.48984375 0.13515625 0.0625 0.0609375
0 0.7171875 0.2859375 0.0640625 0.065625
0 0.8328125 0.09453125 0.0625 0.0625
0 0.03828125 0.3421875 0.059375 0.0625
0 0.0421875 0.1203125 0.0484375 0.059375
0 0.36484375 0.01171875 0.0640625 0.0234375
0 0.59140625 0.45703125 0.0640625 0.0640625
0 0.43515625 0.1609375 0.0609375 0.0609375
0 0.49921875 0.7890625 0.0640625 0.0625
0 0.546875 0.178125 0.0609375 0.0625
0 0.1796875 0.36171875 0.0640625 0.0640625
0 0.9125 0.7703125 0.065625 0.0671875
0 0.5203125 0.55859375 0.0640625 0.0625
0 0.98515625 0.52578125 0.0296875 0.0640625
0 0.653125 0.459375 0.0625 0.0609375
1 0.18828125 0.24453125 0.059375 0.0625
0 0.15859375 0.1265625 0.0625 0.0640625
0 0.30625 0.7703125 0.0625 0.0609375
0 0.32421875 0.0953125 0.0625 0.0625
0 0.784375 0.0390625 0.0625 0.0515625
0 0.43046875 0.0984375 0.0625 0.0609375
0 0.98203125 0.16796875 0.0359375 0.0609375
0 0.00859375 0.7359375 0.0171875 0.059375
0 0.9515625 0.7125 0.0640625 0.0640625
1 0.928125 0.34375 0.059375 0.053125
0 0.95234375 0.28984375 0.0640625 0.0625
1 0.9203125 0.64453125 0.0609375 0.05625
1 0.8109375 0.3921875 0.0546875 0.0703125
1 0.53125 0.421875 0.059375 0.0671875
1 0.31796875 0.35234375 0.0640625 0.0671875
1 0.25078125 0.2390625 0.0625 0.059375
1 0.984375 0.3328125 0.03125 0.05625
0 0.3796875 0.06328125 0.0625 0.0625
1 0.953125 0.396875 0.0625 0.075
0 0.84140625 0.58359375 0.0640625 0.0625
1 0.4296875 0.49453125 0.0609375 0.053125
0 0.90703125 0.02890625 0.0640625 0.0203125
1 0.38984375 0.53984375 0.0640625 0.0640625
1 0.0609375 0.5109375 0.0640625 0.0640625
0 0.9921875 0.26875 0.015625 0.065625
0 0.03125 0.06171875 0.0203125 0.06875
1 0.7515625 0.82109375 0.0625 0.05625
0 0.48515625 0.19375 0.0609375 0.059375
1 0.9890625 0.3796875 0.021875 0.059375
1 0.50390625 0.3609375 0.0625 0.0453125
0 0.40546875 0.26328125 0.0625 0.0578125
1 0.03828125 0.4546875 0.0609375 0.05625
1 0.35546875 0.29453125 0.0546875 0.05
1 0.353125 0.49140625 0.0546875 0.046875
1 0.8171875 0.815625 0.0671875 0.05625
0 0.1265625 0.253125 0.0625 0.0546875