0 0.0234375 0.47421875 0.046875 0.0640625
0 0.3125 0.64921875 0.075 0.0734375
0 0.25078125 0.63125 0.0734375 0.071875
0 0.44375 0.50234375 0.075 0.0734375
0 0.43359375 0.89375 0.071875 0.0703125
0 0.2734375 0.51953125 0.0734375 0.071875
0 0.6359375 0.99140625 0.075 0.0171875
0 0.22734375 0.73984375 0.071875 0.0703125
0 0.08125 0.6546875 0.075 0.0734375
0 0.05625 0.6015625 0.0734375 0.071875
0 0.17578125 0.45078125 0.075 0.0734375
0 0.3359375 0.87578125 0.0765625 0.0734375
0 0.40546875 0.72734375 0.0734375 0.071875
0 0.49453125 0.90546875 0.075 0.0734375
0 0.24609375 0.79765625 0.075 0.0734375
0 0.18671875 0.62109375 0.075 0.075
0 0.16640625 0.72578125 0.0734375 0.0734375
0 0.10859375 0.83203125 0.0734375 0.0734375
0 0.434375 0.67421875 0.0734375 0.071875
0 0.6640625 0.37890625 0.0734375 0.071875
0 0.2703125 0.85703125 0.071875 0.0703125
0 0.56953125 0.6828125 0.071875 0.0703125
0 0.07578125 0.8859375 0.0734375 0.0703125
0 0.0515625 0.42890625 0.0734375 0.0703125
0 0.7671875 0.9046875 0.0734375 0.075
0 0.70703125 0.8953125 0.071875 0.0734375
0 0.29140625 0.58359375 0.0734375 0.071875
0 0.18359375 0.79140625 0.075 0.075
0 0.0265625 0.64609375 0.053125 0.0734375
0 0.453125 0.5609375 0.0734375 0.075
0 0.40546875 0.38828125 0.071875 0.071875
0 0.134375 0.4984375 0.0734375 0.0734375
0 0.33125 0.5390625 0.071875 0.071875
0 0.371875 0.659375 0.0734375 0.071875
0 0.603125 0.6375 0.0734375 0.075
0 0.096875 0.54453125 0.075 0.0734375
0 0.24921875 0.45234375 0.075 0.075
0 0.353125 0.5984375 0.071875 0.071875
0 0.56875 0.3234375 0.071875 0.071875
0 0.53359375 0.7328125 0.0734375 0.0734375
0 0.88203125 0.971875 0.0515625 0.05625
0 0.5078125 0.50546875 0.075 0.075
0 0.675 0.84375 0.071875 0.071875
0 0.37109375 0.78828125 0.075 0.075
0 0.63125 0.43125 0.071875 0.0703125
0 0.31328125 0.81171875 0.075 0.075
0 0.26953125 0.6953125 0.0734375 0.0734375
0 0.20859375 0.6765625 0.0703125 0.0703125
0 0.54609375 0.94921875 0.071875 0.071875
0 0.515625 0.5703125 0.0734375 0.0734375
0 0.11328125 0.4375 0.0734375 0.075
0 0.72578125 0.4046875 0.0734375 0.0734375
0 0.034375 0.53203125 0.06875 0.0703125
0 0.01796875 0.7515625 0.0359375 0.071875
0 0.3140625 0.309375 0.0734375 0.071875
0 0.828125 0.98984375 0.075 0.0203125
0 0.375 0.9234375 0.0734375 0.0734375
0 0.46796875 0.73203125 0.0734375 0.075
0 0.29140625 0.74765625 0.075 0.0734375
0 0.1046875 0.71015625 0.071875 0.0734375
0 0.2671875 0.3515625 0.0734375 0.0703125
0 0.3421875 0.36640625 0.071875 0.0734375
0 0.35234375 0.434375 0.0703125 0.0703125
0 0.64609375 0.90390625 0.071875 0.071875
0 0.54140625 0.62578125 0.071875 0.0734375
0 0.4671875 0.39609375 0.071875 0.0734375
0 0.74609375 0.4875 0.0734375 0.0734375
0 0.0484375 0.825 0.071875 0.071875
0 0.29375 0.91953125 0.0734375 0.071875
0 0.35703125 0.2671875 0.071875 0.071875
0 0.60625 0.9609375 0.071875 0.0734375
0 0.12265625 0.77265625 0.0734375 0.071875
0 0.6125 0.853125 0.0734375 0.071875
0 0.20078125 0.3421875 0.0734375 0.06875
0 0.4734375 0.6234375 0.0765625 0.0734375
0 0.0140625 0.590625 0.028125 0.071875
0 0.37265625 0.49375 0.075 0.071875
0 0.34453125 0.7109375 0.0734375 0.0734375
0 0.76875 0.98515625 0.075 0.0296875
0 0.040625 0.36328125 0.05625 0.0671875
0 0.2328125 0.90625 0.071875 0.071875
0 0.07265625 0.4859375 0.071875 0.0703125
0 0.16640625 0.56484375 0.075 0.0734375
0 0.503125 0.678125 0.071875 0.0703125
0 0.690625 0.4546875 0.0734375 0.0734375
0 0.5734375 0.79921875 0.071875 0.0703125
0 0.6359375 0.3234375 0.071875 0.0703125
0 0.1484375 0.6671875 0.075 0.0734375
0 0.1515625 0.878125 0.0734375 0.0734375
0 0.8671875 0.92734375 0.071875 0.0734375
0 0.596875 0.37578125 0.0734375 0.071875
0 0.80703125 0.9578125 0.0734375 0.0734375
0 0.53828125 0.403125 0.0734375 0.0734375
0 0.4703125 0.84609375 0.075 0.0734375
0 0.23125 0.5703125 0.071875 0.071875
0 0.56953125 0.98828125 0.0703125 0.0234375
0 0.4125 0.45078125 0.0734375 0.0734375
0 0.70703125 0.33359375 0.0734375 0.0734375
0 0.50390625 0.97890625 0.0703125 0.0421875
0 0.334375 0.95546875 0.06875 0.05
0 0.059375 0.76328125 0.0734375 0.071875
0 0.13671875 0.33125 0.071875 0.0703125
0 0.584375 0.903125 0.0734375 0.0734375
0 0.40234375 0.97109375 0.0703125 0.0515625
0 0.4953125 0.43984375 0.075 0.0734375
0 0.5421875 0.85078125 0.0734375 0.0734375
0 0.5125 0.7890625 0.06875 0.06875
0 0.825 0.87890625 0.071875 0.0703125
0 0.09296875 0.38203125 0.075 0.0734375
0 0.396875 0.84375 0.0734375 0.0703125
0 0.9453125 0.4734375 0.071875 0.071875
0 0.43984375 0.790625 0.071875 0.0734375
0 0.84140625 0.76640625 0.071875 0.0734375
0 0.59765625 0.74296875 0.0734375 0.071875
0 0.16796875 0.38125 0.06875 0.0640625
0 0.125 0.60703125 0.0734375 0.0734375
0 0.2 0.853125 0.0734375 0.0734375
0 0.78359375 0.4328125 0.0734375 0.071875
0 0.41328125 0.61640625 0.071875 0.0734375
0 0.0390625 0.709375 0.075 0.0734375
0 0.3890625 0.55546875 0.0734375 0.071875
0 0.0234375 0.878125 0.046875 0.05625
0 0.38671875 0.32265625 0.071875 0.071875
0 0.7078125 0.78828125 0.0734375 0.075
0 0.309375 0.4734375 0.071875 0.071875
0 0.07421875 0.31640625 0.0734375 0.0734375
0 0.7328125 0.72265625 0.071875 0.071875
0 0.63984375 0.7921875 0.0734375 0.071875
0 0.1546875 0.27421875 0.06875 0.0671875
0 0.0984375 0.25546875 0.0703125 0.0703125
0 0.90703125 0.74921875 0.0703125 0.06875
0 0.72734375 0.95546875 0.06875 0.06875
0 0.29765625 0.4046875 0.071875 0.071875
0 0.6296875 0.690625 0.071875 0.071875
0 0.69140625 0.6796875 0.0734375 0.075
0 0.1828125 0.92265625 0.06875 0.046875
0 0.86953125 0.46328125 0.075 0.0734375
0 0.2609375 0.94609375 0.065625 0.0375
0 0.66875 0.95859375 0.0703125 0.071875
0 0.63046875 0.51640625 0.06875 0.0703125
0 0.3015625 0.2453125 0.071875 0.071875
0 0.759375 0.83515625 0.071875 0.0703125
0 0.95546875 0.5640625 0.071875 0.071875
0 0.671875 0.73984375 0.0734375 0.0734375
0 0.97734375 0.5140625 0.0453125 0.071875
0 0.5765625 0.57578125 0.071875 0.0703125
0 0.57734375 0.46328125 0.071875 0.071875
0 0.7953125 0.7125 0.071875 0.071875
0 0.23046875 0.39453125 0.0671875 0.0625
0 0.6703125 0.61328125 0.075 0.075
0 0.859375 0.70078125 0.071875 0.071875
0 0.78203125 0.3703125 0.0734375 0.0734375
0 0.265625 0.18984375 0.071875 0.0734375
0 0.840625 0.54140625 0.0734375 0.075
0 0.5703125 0.51640625 0.0703125 0.0703125
0 0.75078125 0.65546875 0.0671875 0.0671875
0 0.93125 0.64296875 0.071875 0.06875
0 0.8859375 0.86953125 0.071875 0.075
0 0.91171875 0.41875 0.071875 0.0703125
0 0.01328125 0.42109375 0.0265625 0.0640625
0 0.2515625 0.28125 0.071875 0.0734375
0 0.2046875 0.2375 0.071875 0.0734375
0 0.82890625 0.8203125 0.06875 0.065625
0 0.459375 0.946875 0.075 0.071875
0 0.9765625 0.60859375 0.0328125 0.059375
0 0.69453125 0.51875 0.0703125 0.06875
0 0.5734375 0.2609375 0.0703125 0.0703125
0 0.77578125 0.78046875 0.0703125 0.0703125
0 0.80859375 0.48203125 0.071875 0.0734375
0 0.9359375 0.7890625 0.0328125 0.0609375
1 0.21171875 0.503125 0.0625 0.065625
0 0.903125 0.51640625 0.0734375 0.071875
0 0.98671875 0.45234375 0.0265625 0.0671875
0 0.89296875 0.80625 0.06875 0.065625
0 0.909375 0.9078125 0.03125 0.0640625
0 0.4328125 0.253125 0.0703125 0.071875
0 0.81875 0.6140625 0.071875 0.06875
0 0.84296875 0.4046875 0.071875 0.0703125
0 0.76796875 0.3078125 0.0703125 0.0703125
0 0.11875 0.91640625 0.0625 0.0296875
0 0.94921875 0.72578125 0.0375 0.0671875
0 0.38671875 0.21171875 0.0703125 0.071875
0 0.05546875 0.2484375 0.0328125 0.0625
0 0.10234375 0.19453125 0.06875 0.06875
0 0.46015625 0.315625 0.071875 0.075
0 0.76875 0.55859375 0.0734375 0.06875
0 0.7078125 0.5640625 0.0734375 0.0703125
0 0.92421875 0.84921875 0.028125 0.0609375
0 0.9640625 0.38671875 0.071875 0.0765625
0 0.8578125 0.3453125 0.071875 0.06875
0 0.3265625 0.18828125 0.0734375 0.0734375
0 0.5140625 0.2859375 0.0671875 0.0671875
0 0.64140625 0.56015625 0.06875 0.0625
0 0.88828125 0.58984375 0.0640625 0.0609375
0 0.8734375 0.6234375 0.0578125 0.0546875