0 0.0734375 0.94296875 0.0515625 0.0640625
0 0.10234375 0.88828125 0.0671875 0.0671875
0 0.4203125 0.79296875 0.06875 0.0671875
0 0.334375 0.73203125 0.0671875 0.065625
0 0.159375 0.9859375 0.06875 0.028125
0 0.16640625 0.88984375 0.06875 0.0671875
0 0.0828125 0.7265625 0.0671875 0.065625
0 0.50546875 0.425 0.06875 0.06875
0 0.26171875 0.94609375 0.0671875 0.065625
0 0.1296875 0.94609375 0.06875 0.06875
0 0.06953125 0.8296875 0.06875 0.06875
0 0.234375 0.78125 0.0703125 0.0703125
0 0.403125 0.73203125 0.0703125 0.0625
0 0.546875 0.77421875 0.0671875 0.06875
0 0.10625 0.7828125 0.0671875 0.0671875
0 0.271875 0.725 0.0671875 0.065625
0 0.496875 0.66796875 0.0671875 0.06875
0 0.2703125 0.83984375 0.065625 0.0671875
0 0.25390625 0.578125 0.0671875 0.0671875
0 0.23046875 0.88984375 0.06875 0.0671875
0 0.91640625 0.0234375 0.0609375 0.046875
0 0.11015625 0.6421875 0.06875 0.0703125
0 0.05078125 0.67265625 0.0671875 0.065625
0 0.37265625 0.9046875 0.071875 0.0703125
0 0.91953125 0.0765625 0.0671875 0.0671875
0 0.29375 0.8953125 0.0703125 0.06875
0 0.83046875 0.85546875 0.06875 0.0671875
0 0.20859375 0.71640625 0.0671875 0.065625
0 0.490625 0.48359375 0.06875 0.0671875
0 0.20625 0.8390625 0.0703125 0.0671875
0 0.11328125 0.46953125 0.065625 0.0640625
0 0.53828125 0.8375 0.06875 0.0671875
0 0.31484375 0.671875 0.06875 0.071875
0 0.284375 0.46171875 0.065625 0.0671875
0 0.334375 0.84140625 0.06875 0.06875
0 0.55546875 0.6375 0.06875 0.0671875
0 0.2 0.61015625 0.06875 0.06875
0 0.0515625 0.778125 0.0484375 0.0625
0 0.65703125 0.9546875 0.0671875 0.065625
0 0.14453125 0.72265625 0.06875 0.065625
0 0.659375 0.77734375 0.06875 0.0703125
0 0.37109375 0.04375 0.0671875 0.0671875
0 0.32734375 0.95078125 0.06875 0.06875
0 0.14140625 0.58671875 0.0671875 0.06875
0 0.06640625 0.5140625 0.065625 0.0640625
0 0.4390625 0.6859375 0.0671875 0.065625
0 0.02265625 0.54765625 0.0453125 0.0609375
0 0.48828125 0.79765625 0.0671875 0.0625
0 0.421875 0.0765625 0.0671875 0.0640625
0 0.37734375 0.68203125 0.0671875 0.065625
0 0.940625 0.91796875 0.06875 0.06875
0 0.47421875 0.84921875 0.0703125 0.0671875
0 0.56328125 0.57734375 0.065625 0.0640625
0 0.3828125 0.25234375 0.06875 0.0671875
0 0.146875 0.296875 0.0671875 0.065625
0 0.16953125 0.66953125 0.06875 0.06875
0 0.54375 0.7078125 0.0703125 0.0703125
0 0.59375 0.86875 0.0671875 0.065625
0 0.17109375 0.78359375 0.0703125 0.071875
0 0.48203125 0.54609375 0.0671875 0.0640625
0 0.19921875 0.93828125 0.0671875 0.0671875
0 0.615625 0.37578125 0.0609375 0.0671875
0 0.56015625 0.4 0.0640625 0.065625
0 0.5265625 0.08203125 0.065625 0.065625
0 0.29765625 0.78125 0.06875 0.06875
0 0.29140625 0.9859375 0.0671875 0.028125
0 0.034375 0.6078125 0.05625 0.0640625
0 0.77109375 0.94921875 0.0671875 0.05
0 0.55234375 0.4640625 0.065625 0.0640625
0 0.9171875 0.75703125 0.065625 0.06875
0 0.22265625 0.9828125 0.0671875 0.034375
0 0.8328125 0.290625 0.0625 0.0640625
0 0.88359375 0.8125 0.06875 0.0703125
0 0.60859375 0.30625 0.06875 0.06875
0 0.42578125 0.56015625 0.065625 0.065625
0 0.68359375 0.65859375 0.0671875 0.06875
0 0.3609375 0.5578125 0.0671875 0.06875
0 0.45078125 0.625 0.0671875 0.0671875
0 0.35703125 0.7859375 0.0671875 0.06875
0 0.8375 0.3515625 0.065625 0.065625
0 0.9390625 0.84609375 0.0671875 0.0671875
0 0.22734375 0.440625 0.0671875 0.065625
0 0.5984375 0.809375 0.06875 0.06875
0 0.37578125 0.18359375 0.0703125 0.06875
0 0.08203125 0.57578125 0.065625 0.065625
0 0.446875 0.25703125 0.0671875 0.0671875
0 0.6234375 0.62109375 0.0671875 0.065625
0 0.38671875 0.6234375 0.06875 0.0671875
0 0.625 0.56328125 0.06875 0.06875
0 0.20546875 0.30859375 0.0640625 0.065625
0 0.6734375 0.33359375 0.065625 0.065625
0 0.32734375 0.22109375 0.0671875 0.065625
0 0.0515625 0.4578125 0.06875 0.06875
0 0.1671875 0.4234375 0.065625 0.0671875
0 0.50625 0.60234375 0.0671875 0.065625
0 0.2375 0.5078125 0.0671875 0.0671875
0 0.446875 0.90859375 0.0703125 0.0703125
0 0.88359375 0.19296875 0.0640625 0.0640625
0 0.7421875 0.6796875 0.0625 0.0671875
0 0.54921875 0.33125 0.065625 0.0671875
0 0.05625 0.8859375 0.0328125 0.06875
0 0.715625 0.8640625 0.0671875 0.0671875
0 0.1375 0.83671875 0.0671875 0.0671875
0 0.65625 0.83984375 0.0671875 0.065625
0 0.60078125 0.67890625 0.06875 0.0703125
0 0.446875 0.39453125 0.0671875 0.065625
0 0.7109375 0.92109375 0.065625 0.0625
0 0.77109375 0.83203125 0.0671875 0.065625
0 0.603125 0.74609375 0.065625 0.0671875
0 0.69375 0.03359375 0.06875 0.0671875
0 0.5953125 0.9328125 0.0703125 0.0703125
0 0.40390625 0.440625 0.06875 0.0640625
0 0.98515625 0.92578125 0.0296875 0.0390625
0 0.86640625 0.04609375 0.065625 0.0640625
0 0.3515625 0.9875 0.0625 0.025
0 0.465625 0.96640625 0.065625 0.0671875
0 0.73046875 0.36640625 0.06875 0.0671875
0 0.08671875 0.27734375 0.0671875 0.0640625
0 0.5625 0.12578125 0.06875 0.06875
0 0.60859375 0.49609375 0.06875 0.06875
0 0.53125 0.9046875 0.06875 0.0671875
0 0.86796875 0.0078125 0.0671875 0.015625
0 0.98203125 0.8765625 0.0359375 0.06875
0 0.890625 0.25859375 0.0640625 0.0625
0 0.2625 0.26328125 0.0640625 0.065625
0 0.61328125 0.2421875 0.0671875 0.06875
0 0.53984375 0.51640625 0.0703125 0.06875
0 0.5578125 0.20546875 0.065625 0.0640625
0 0.63125 0.08359375 0.06875 0.06875
0 0.60625 0.43046875 0.0671875 0.065625
0 0.321875 0.346875 0.065625 0.0640625
0 0.25078125 0.6578125 0.0671875 0.06875
0 0.0921875 0.984375 0.065625 0.03125
0 0.1671875 0.06328125 0.065625 0.0578125
0 0.1046875 0.403125 0.06875 0.06875
0 0.63125 0.02421875 0.06875 0.0484375
0 0.47734375 0.12109375 0.0703125 0.06875
0 0.57421875 0.03984375 0.06875 0.0671875
0 0.66171875 0.7125 0.06875 0.06875
0 0.8515625 0.7265625 0.065625 0.065625
0 0.7234375 0.2390625 0.065625 0.06875
0 0.50078125 0.22734375 0.0640625 0.065625
0 0.96015625 0.5375 0.0671875 0.0671875
0 0.75859375 0.01484375 0.0640625 0.0296875
0 0.5265625 0.965625 0.06875 0.06875
0 0.8859375 0.88515625 0.0671875 0.0671875
0 0.89921875 0.5078125 0.0671875 0.065625
0 0.03515625 0.32265625 0.0640625 0.0625
0 0.01328125 0.48984375 0.0265625 0.0671875
0 0.83359375 0.93515625 0.065625 0.0609375
0 0.0796875 0.2203125 0.065625 0.0671875
0 0.7671875 0.76484375 0.06875 0.0671875
0 0.33359375 0.41953125 0.06875 0.06875
0 0.82421875 0.79296875 0.0671875 0.065625
0 0.86875 0.1125 0.0640625 0.065625
0 0.71796875 0.73671875 0.0671875 0.065625
0 0.51015625 0.16640625 0.06875 0.06875
0 0.44921875 0.1921875 0.06875 0.065625
0 0.403125 0.8421875 0.06875 0.0671875
0 0.140625 0.2328125 0.0671875 0.06875
0 0.01015625 0.36640625 0.0203125 0.0640625
0 0.96015625 0.65546875 0.0671875 0.065625
0 0.61328125 0.17890625 0.065625 0.06875
0 0.25703125 0.1375 0.0625 0.065625
0 0.8078125 0.08515625 0.065625 0.0671875
0 0.00625 0.3 0.0125 0.0625
0 0.31796875 0.28671875 0.0671875 0.0671875
0 0.17421875 0.48125 0.065625 0.065625
0 0.15546875 0.35234375 0.0640625 0.065625
0 0.096875 0.34140625 0.065625 0.065625
0 0.31796875 0.60234375 0.0671875 0.0671875
0 0.7734375 0.89453125 0.065625 0.0640625
0 0.7171875 0.1671875 0.0640625 0.065625
0 0.9359375 0.20625 0.0640625 0.0671875
0 0.91640625 0.13359375 0.0671875 0.0625
0 0.9578125 0.46953125 0.0640625 0.065625
0 0.4671875 0.73046875 0.06875 0.0671875
0 0.084375 0.16015625 0.0671875 0.065625
0 0.52265625 0.01484375 0.0671875 0.0296875
0 0.2671875 0.20390625 0.0640625 0.0671875
0 0.49921875 0.290625 0.0671875 0.065625
0 0.6703125 0.4609375 0.0671875 0.0640625
0 0.9 0.4484375 0.065625 0.065625
0 0.78203125 0.20625 0.0625 0.0609375
0 0.4 0.96640625 0.06875 0.0671875
0 0.30546875 0.09375 0.0671875 0.0671875
0 0.8421875 0.4796875 0.065625 0.0640625
1 0.29453125 0.52734375 0.0578125 0.065625
0 0.38046875 0.38046875 0.0671875 0.0671875
0 0.9015625 0.63203125 0.0671875 0.0640625
0 0.37734375 0.31171875 0.06875 0.0671875
0 0.725 0.2984375 0.065625 0.0640625
0 0.41796875 0.50078125 0.0671875 0.0640625
0 0.6703125 0.390625 0.0640625 0.0671875
0 0.784375 0.32734375 0.0609375 0.059375
0 0.2015625 0.24296875 0.0671875 0.065625
0 0.715625 0.7984375 0.065625 0.0625
0 0.66484375 0.14609375 0.0671875 0.06875
0 0.01015625 0.42890625 0.0203125 0.0609375
0 0.82734375 0.16796875 0.065625 0.0609375
0 0.8921875 0.94140625 0.0640625 0.0359375
0 0.896875 0.5671875 0.065625 0.0625
0 0.7125 0.1046875 0.065625 0.0671875
0 0.55859375 0.26953125 0.065625 0.0625
0 0.2625 0.32890625 0.065625 0.0671875
0 0.96875 0.72734375 0.0625 0.0671875
0 0.75390625 0.05703125 0.0640625 0.0640625
0 0.72421875 0.42578125 0.065625 0.0640625
0 0.4453125 0.3328125 0.0671875 0.0671875
0 0.0265625 0.2078125 0.053125 0.065625
0 0.78671875 0.39921875 0.0640625 0.065625
0 0.7125 0.9671875 0.0640625 0.028125
0 0.765625 0.12890625 0.0640625 0.0671875
1 0.34765625 0.4796875 0.065625 0.0671875
0 0.990625 0.61953125 0.01875 0.0640625
0 0.21484375 0.371875 0.0625 0.0640625
0 0.4109375 0.996875 0.0625 0.00625
0 0.36796875 0.11484375 0.065625 0.0671875
0 0.953125 0.4046875 0.0671875 0.0640625
0 0.10859375 0.05546875 0.0625 0.028125
0 0.4140625 0.13203125 0.065625 0.065625
0 0.05078125 0.06171875 0.0625 0.0265625
0 0.67265625 0.21171875 0.065625 0.065625
0 0.18828125 0.546875 0.0640625 0.0625
0 0.034375 0.7234375 0.0296875 0.065625
0 0.2828125 0.0453125 0.0671875 0.0515625
0 0.94609375 0.28125 0.0640625 0.0640625
0 0.65 0.89140625 0.0671875 0.0609375
0 0.7953125 0.6421875 0.06875 0.065625
0 0.58203125 0.00390625 0.0671875 0.0078125
0 0.13046875 0.52109375 0.065625 0.0671875
0 0.98984375 0.56015625 0.0203125 0.0671875
0 0.80703125 0.02734375 0.0671875 0.0546875
0 0.021875 0.1125 0.04375 0.084375
1 0.96875 0.790625 0.05625 0.0546875
0 0.228125 0.0671875 0.0640625 0.065625
0 0.665625 0.26875 0.065625 0.0625
0 0.740625 0.61796875 0.0671875 0.065625
0 0.2765625 0.3890625 0.0640625 0.0640625
0 0.8921875 0.37890625 0.065625 0.065625
0 0.79609375 0.6984375 0.0671875 0.0671875
0 0.9859375 0.43203125 0.025 0.059375
0 0.73515625 0.4953125 0.0640625 0.0609375
0 0.49765625 0.36015625 0.0640625 0.0640625
0 0.78515625 0.45546875 0.0671875 0.0640625
0 0.19765625 0.13671875 0.0640625 0.0625
0 0.6 0.98359375 0.0640625 0.0234375
0 0.7890625 0.52265625 0.0671875 0.0640625
0 0.4796875 0.040625 0.06875 0.065625
0 0.68203125 0.5921875 0.0671875 0.065625
0 0.06875 0.10234375 0.0640625 0.065625
0 0.3125 0.1515625 0.0640625 0.0640625
0 0.9796875 0.365625 0.0234375 0.0609375
0 0.678125 0.53125 0.065625 0.0640625
0 0.853125 0.66484375 0.065625 0.065625
0 0.04453125 0.3796875 0.065625 0.0625
0 0.99375 0.684375 0.0125 0.0625
0 0.77578125 0.2640625 0.065625 0.065625
0 0.90703125 0.68984375 0.065625 0.0640625
0 0.975 0.3125 0.0171875 0.05625
0 0.440625 0.0171875 0.0703125 0.034375
0 0.94453125 0.34296875 0.0640625 0.0640625
0 0.2078125 0.1875 0.065625 0.059375
0 0.13671875 0.128125 0.0640625 0.0640625
0 0.890625 0.31328125 0.065625 0.0625
0 0.9546875 0.1546875 0.0203125 0.0609375
0 0.990625 0.49453125 0.01875 0.0640625
0 0.78984375 0.58203125 0.0609375 0.059375
0 0.84375 0.603125 0.0640625 0.0609375
0 0.8421875 0.54140625 0.0640625 0.0640625