1 0.42265625 0.53125 0.065625 0.071875
2 0.4015625 0.490625 0.0546875 0.0453125
0 0.1875 0.0140625 0.05 0.028125
0 0.2015625 0.0453125 0.053125 0.0546875
0 0.24609375 0.0609375 0.0515625 0.053125
0 0.2171875 0.09140625 0.0546875 0.0546875
0 0.23515625 0.13515625 0.0515625 0.0515625
0 0.253125 0.175 0.05 0.05
0 0.26640625 0.221875 0.0484375 0.05
0 0.2828125 0.26484375 0.05 0.05
0 0.296875 0.30859375 0.0515625 0.0546875
0 0.31328125 0.3546875 0.053125 0.053125
0 0.32890625 0.39375 0.05 0.05
0 0.34296875 0.4375 0.0515625 0.0515625
0 0.35703125 0.48046875 0.0515625 0.053125
0 0.44921875 0.48671875 0.053125 0.053125
0 0.3921875 0.4515625 0.046875 0.05
0 0.37265625 0.5265625 0.05 0.0515625
0 0.3921875 0.5703125 0.0546875 0.0546875
0 0.43671875 0.58046875 0.0546875 0.0546875
0 0.40234375 0.61953125 0.053125 0.053125
0 0.42109375 0.665625 0.0546875 0.05625
0 0.43125 0.71640625 0.053125 0.05625
0 0.4484375 0.759375 0.0515625 0.053125
0 0.465625 0.809375 0.0546875 0.059375
0 0.48046875 0.8546875 0.053125 0.0546875
0 0.5 0.89921875 0.0546875 0.05625
0 0.51640625 0.940625 0.05 0.05625
0 0.5734375 0.959375 0.0546875 0.0546875
0 0.60078125 0.9140625 0.05625 0.0546875
0 0.55078125 0.9078125 0.0546875 0.0546875
0 0.53359375 0.8640625 0.05 0.0515625
0 0.5796875 0.87421875 0.053125 0.0546875
0 0.6359375 0.88359375 0.0515625 0.05
0 0.5125 0.8171875 0.0515625 0.0546875
0 0.5640625 0.825 0.053125 0.053125
0 0.61875 0.83984375 0.0515625 0.0546875
0 0.66640625 0.8421875 0.0546875 0.05625
0 0.6953125 0.80625 0.05 0.053125
0 0.64921875 0.796875 0.053125 0.0546875
0 0.59921875 0.79609375 0.053125 0.053125
0 0.54609375 0.78203125 0.053125 0.053125
0 0.4953125 0.7671875 0.053125 0.0546875
0 0.734375 0.77890625 0.053125 0.053125
0 0.67890625 0.75859375 0.0578125 0.0546875
0 0.6296875 0.75546875 0.053125 0.0578125
0 0.57734375 0.7453125 0.0546875 0.0578125
0 0.5296875 0.73671875 0.0546875 0.0609375
0 0.48125 0.72109375 0.0546875 0.0546875
0 0.46796875 0.67734375 0.053125 0.0546875
0 0.51640625 0.68828125 0.0546875 0.05625
0 0.56640625 0.7 0.0546875 0.053125
0 0.61171875 0.70703125 0.053125 0.0546875
0 0.66171875 0.71328125 0.0546875 0.0578125
0 0.7125 0.71953125 0.05625 0.053125
0 0.76328125 0.7328125 0.0546875 0.0578125
0 0.79609375 0.69296875 0.05625 0.05625
0 0.74453125 0.684375 0.0546875 0.053125
0 0.69453125 0.67734375 0.053125 0.053125
0 0.646875 0.66875 0.0515625 0.053125
0 0.596875 0.65625 0.0515625 0.05625
0 0.54921875 0.6484375 0.0515625 0.053125
0 0.5 0.6421875 0.0515625 0.053125
0 0.4515625 0.63203125 0.053125 0.0546875
0 0.48359375 0.590625 0.053125 0.0546875
0 0.53203125 0.603125 0.0515625 0.053125
0 0.58203125 0.6125 0.053125 0.0578125
0 0.63046875 0.62265625 0.053125 0.0546875
0 0.68046875 0.6328125 0.0546875 0.0546875
0 0.72578125 0.6421875 0.053125 0.053125
0 0.7765625 0.6484375 0.053125 0.053125
0 0.828125 0.65625 0.0515625 0.053125
0 0.85859375 0.6203125 0.0515625 0.053125
0 0.8078125 0.609375 0.053125 0.053125
0 0.753125 0.60390625 0.053125 0.053125
0 0.70625 0.5953125 0.0515625 0.0515625
0 0.66015625 0.58515625 0.0515625 0.053125
0 0.61171875 0.57734375 0.0515625 0.053125
0 0.565625 0.56640625 0.0515625 0.053125
0 0.515625 0.55703125 0.0515625 0.053125
0 0.4671875 0.54375 0.0515625 0.0546875
0 0.50390625 0.51171875 0.0515625 0.0546875
0 0.5515625 0.52265625 0.0515625 0.053125
0 0.5984375 0.53125 0.0546875 0.05625
0 0.64453125 0.54140625 0.0546875 0.053125
0 0.6921875 0.54921875 0.053125 0.0546875
0 0.73828125 0.559375 0.0515625 0.053125
0 0.78828125 0.56796875 0.0546875 0.0546875
0 0.8390625 0.575 0.0546875 0.05625
0 0.88828125 0.5859375 0.0515625 0.053125
0 0.49296875 0.4640625 0.0484375 0.053125
0 0.5390625 0.47421875 0.0515625 0.0515625
0 0.58515625 0.48671875 0.053125 0.0546875
0 0.63046875 0.49296875 0.05 0.053125
0 0.675 0.50234375 0.053125 0.0546875
0 0.725 0.51484375 0.0515625 0.0546875
0 0.76875 0.521875 0.0515625 0.053125
0 0.8171875 0.53203125 0.053125 0.0546875
0 0.86875 0.53671875 0.053125 0.053125
0 0.915625 0.54765625 0.05625 0.0546875
0 0.946875 0.5125 0.053125 0.053125
0 0.89921875 0.503125 0.053125 0.053125
0 0.85 0.49609375 0.053125 0.0546875
0 0.79921875 0.4875 0.0515625 0.0546875
0 0.75390625 0.47734375 0.0484375 0.053125
0 0.709375 0.471875 0.053125 0.053125
0 0.6625 0.459375 0.0546875 0.0546875
0 0.615625 0.4515625 0.053125 0.0546875
0 0.5703125 0.44140625 0.053125 0.05625
0 0.52421875 0.4296875 0.0546875 0.0546875
0 0.4625 0.43203125 0.0546875 0.05625
0 0.45546875 0.38359375 0.0515625 0.0546875
0 0.50546875 0.3875 0.0515625 0.05
0 0.5515625 0.39296875 0.053125 0.0515625
0 0.34375 0.3171875 0.05 0.053125
0 0.38828125 0.3265625 0.0484375 0.0515625
0 0.35859375 0.36171875 0.0515625 0.053125
0 0.40390625 0.36953125 0.053125 0.0546875
0 0.3734375 0.4046875 0.053125 0.05625
0 0.41953125 0.41328125 0.0515625 0.0578125
0 0.6015625 0.403125 0.0546875 0.053125
0 0.64609375 0.41484375 0.05 0.053125
0 0.69453125 0.4265625 0.053125 0.0546875
0 0.73984375 0.434375 0.0546875 0.053125
0 0.7859375 0.4421875 0.05 0.053125
0 0.83203125 0.4515625 0.053125 0.0546875
0 0.87890625 0.459375 0.053125 0.053125
0 0.93046875 0.46875 0.0546875 0.0546875
0 0.975 0.4765625 0.05 0.0515625
0 0.43828125 0.3375 0.0515625 0.053125
0 0.4859375 0.34453125 0.053125 0.0546875
0 0.53359375 0.35 0.053125 0.053125
0 0.58203125 0.35859375 0.0546875 0.053125
0 0.63125 0.36875 0.053125 0.0546875
0 0.67890625 0.38203125 0.0515625 0.053125
0 0.72421875 0.390625 0.053125 0.05625
0 0.76953125 0.39765625 0.0546875 0.05625
0 0.81484375 0.40703125 0.053125 0.0546875
0 0.8625 0.41328125 0.0515625 0.0546875
0 0.909375 0.42734375 0.0546875 0.05625
0 0.96328125 0.43203125 0.0546875 0.0546875
0 0.98984375 0.44140625 0.0203125 0.0546875
0 0.28203125 0.1453125 0.053125 0.0546875
0 0.3265625 0.1515625 0.0515625 0.053125
0 0.3734375 0.15859375 0.053125 0.053125
0 0.42265625 0.1703125 0.053125 0.05625
0 0.46875 0.18125 0.053125 0.0546875
0 0.51953125 0.1859375 0.053125 0.053125
0 0.5671875 0.19765625 0.0515625 0.053125
0 0.6125 0.20546875 0.0484375 0.053125
0 0.6609375 0.2171875 0.053125 0.053125
0 0.70546875 0.2234375 0.0484375 0.053125
0 0.75546875 0.23046875 0.0515625 0.053125
0 0.8015625 0.23984375 0.053125 0.053125
0 0.846875 0.25078125 0.0546875 0.05625
0 0.89296875 0.2578125 0.0515625 0.0515625
0 0.93984375 0.26640625 0.053125 0.053125
0 0.9796875 0.27578125 0.040625 0.0515625
0 0.98828125 0.31953125 0.0234375 0.0515625
0 0.9546875 0.31015625 0.0515625 0.0546875
0 0.91171875 0.30078125 0.0515625 0.053125
0 0.8625 0.29453125 0.0515625 0.05
0 0.296875 0.18671875 0.0515625 0.053125
0 0.34453125 0.19609375 0.05 0.0515625
0 0.39296875 0.20859375 0.0515625 0.053125
0 0.3125 0.23203125 0.0578125 0.0546875
0 0.3609375 0.2375 0.053125 0.0546875
0 0.328125 0.27421875 0.0515625 0.0546875
0 0.37578125 0.2828125 0.0546875 0.05625
0 0.4375 0.21640625 0.0515625 0.0515625
0 0.48828125 0.21875 0.05 0.0484375
0 0.534375 0.2296875 0.05 0.053125
0 0.58046875 0.24140625 0.05 0.0515625
0 0.62890625 0.25234375 0.053125 0.0546875
0 0.67421875 0.25859375 0.0484375 0.0515625
0 0.72578125 0.265625 0.05 0.0515625
0 0.77109375 0.27578125 0.05 0.0515625
0 0.81640625 0.2828125 0.05 0.053125
0 0.409375 0.24921875 0.05 0.053125
0 0.453125 0.259375 0.05 0.0546875
0 0.50234375 0.265625 0.0515625 0.0515625
0 0.54765625 0.275 0.0515625 0.0546875
0 0.596875 0.28359375 0.05 0.053125
0 0.6484375 0.29296875 0.053125 0.0546875
0 0.69453125 0.30390625 0.05 0.053125
0 0.73984375 0.3109375 0.0515625 0.053125
0 0.7859375 0.31953125 0.05625 0.0578125
0 0.834375 0.32734375 0.05 0.05
0 0.878125 0.3375 0.0484375 0.0515625
0 0.92578125 0.34453125 0.053125 0.053125
0 0.97265625 0.35234375 0.0515625 0.0515625
0 0.4203125 0.29296875 0.053125 0.0546875
0 0.46875 0.30234375 0.0515625 0.0515625
0 0.515625 0.309375 0.053125 0.0546875
0 0.5640625 0.315625 0.053125 0.053125
0 0.61484375 0.325 0.053125 0.053125
0 0.66484375 0.3375 0.053125 0.053125
0 0.7109375 0.346875 0.0515625 0.053125
0 0.7546875 0.3515625 0.0484375 0.0515625
0 0.8 0.3625 0.0515625 0.053125
0 0.8453125 0.37109375 0.05 0.0515625
0 0.89453125 0.38125 0.053125 0.053125
0 0.9421875 0.38984375 0.053125 0.0546875
0 0.98125 0.39453125 0.0375 0.0515625
0 0.971875 0.23359375 0.0546875 0.0578125
0 0.23125 0.01953125 0.053125 0.0390625
0 0.26328125 0.1 0.0546875 0.05625
0 0.309375 0.01015625 0.053125 0.0203125
0 0.3609375 0.01015625 0.046875 0.0203125
0 0.27734375 0.02421875 0.0515625 0.0484375
0 0.3234375 0.0390625 0.0515625 0.053125
0 0.29296875 0.065625 0.0515625 0.0515625
0 0.3734375 0.04765625 0.05 0.053125
0 0.33828125 0.0828125 0.0484375 0.0515625
0 0.35859375 0.1171875 0.05 0.0515625
0 0.31328125 0.10625 0.0515625 0.053125
0 0.40546875 0.12734375 0.0453125 0.0484375
0 0.390625 0.0859375 0.0484375 0.046875
0 0.48125 0.003125 0.046875 0.00625
0 0.5765625 0.01328125 0.0484375 0.0265625
0 0.99453125 0.1234375 0.0109375 0.04375
0 0.9703125 0.11328125 0.046875 0.0421875
0 0.92265625 0.10390625 0.05 0.0453125
0 0.40625 0.015625 0.05 0.03125
0 0.45234375 0.0203125 0.0484375 0.040625
0 0.5 0.025 0.05 0.05
0 0.5484375 0.034375 0.0484375 0.05
0 0.59375 0.040625 0.0484375 0.0515625
0 0.640625 0.04765625 0.05 0.05
0 0.6890625 0.059375 0.05 0.0484375
0 0.421875 0.05390625 0.0484375 0.05
0 0.47265625 0.0578125 0.05 0.05
0 0.5171875 0.06640625 0.05 0.05
0 0.5640625 0.078125 0.05 0.0515625
0 0.6125 0.08515625 0.0484375 0.05
0 0.4375 0.09765625 0.053125 0.0578125
0 0.48515625 0.1015625 0.05 0.0515625
0 0.5359375 0.11640625 0.0515625 0.05625
0 0.58359375 0.11953125 0.046875 0.0515625
0 0.45625 0.1328125 0.05 0.0515625
0 0.50078125 0.1453125 0.05 0.05
0 0.5515625 0.15234375 0.053125 0.0546875
0 0.59609375 0.1609375 0.0484375 0.0515625
0 0.64296875 0.171875 0.046875 0.05
0 0.63046875 0.1265625 0.0484375 0.0515625
0 0.7359375 0.065625 0.05 0.0515625
0 0.78125 0.07578125 0.05 0.053125
0 0.828125 0.0859375 0.05 0.0515625
0 0.87734375 0.09296875 0.0515625 0.046875
0 0.8921875 0.13671875 0.046875 0.0515625
0 0.84609375 0.125 0.0515625 0.0515625
0 0.796875 0.11796875 0.0484375 0.05
0 0.75078125 0.1109375 0.0484375 0.05
0 0.70625 0.10078125 0.05 0.0515625
0 0.65859375 0.0921875 0.0515625 0.0515625
0 0.940625 0.14296875 0.0484375 0.05
0 0.9796875 0.1546875 0.040625 0.05
0 0.9890625 0.19609375 0.021875 0.0515625
0 0.95625 0.1875 0.0484375 0.0515625
0 0.909375 0.17734375 0.0515625 0.0515625
0 0.9234375 0.22265625 0.0453125 0.05
0 0.87890625 0.21484375 0.0484375 0.05
0 0.86171875 0.1703125 0.0515625 0.0515625
0 0.81796875 0.16328125 0.053125 0.053125
0 0.834375 0.20625 0.05 0.0515625
0 0.76484375 0.15390625 0.0484375 0.05
0 0.7859375 0.1984375 0.0515625 0.05
0 0.7203125 0.14375 0.05 0.0515625
0 0.734375 0.18828125 0.05 0.0515625
0 0.690625 0.17890625 0.05 0.053125
0 0.67578125 0.13671875 0.0484375 0.05