0 0.78359375 0.14609375 0.15625 0.153125
0 0.60859375 0.134375 0.159375 0.1375
0 0.90078125 0.87578125 0.159375 0.1640625
0 0.93046875 0.34375 0.1390625 0.14375
0 0.31171875 0.15546875 0.153125 0.1390625
0 0.79296875 0.7625 0.15625 0.146875
0 0.028125 0.9 0.05625 0.13125
0 0.246875 0.26796875 0.134375 0.1296875
0 0.871875 0.23828125 0.1390625 0.1390625
0 0.0796875 0.83046875 0.1328125 0.1265625
0 0.08671875 0.05625 0.1203125 0.1125
0 0.58046875 0.87421875 0.1578125 0.1515625
0 0.1578125 0.7390625 0.1421875 0.159375
0 0.546875 0.25625 0.15625 0.1421875
0 0.78359375 0.39921875 0.15625 0.1421875
0 0.4234375 0.5125 0.140625 0.1375
0 0.7296875 0.87890625 0.15625 0.1421875
0 0.8765625 0.48828125 0.1640625 0.1515625
0 0.215625 0.62421875 0.1375 0.146875
0 0.35390625 0.04296875 0.1515625 0.0859375
0 0.70625 0.27265625 0.1796875 0.1515625
0 0.63203125 0.75078125 0.1703125 0.146875
0 0.359375 0.61640625 0.1359375 0.13125
0 0.0625 0.38125 0.11875 0.128125
0 0.478125 0.38125 0.140625 0.140625
0 0.91796875 0.11328125 0.1453125 0.140625
0 0.22734375 0.05390625 0.1359375 0.1078125
0 0.678125 0.96015625 0.146875 0.0796875
0 0.1609375 0.15703125 0.134375 0.13125
0 0.2515625 0.83828125 0.1484375 0.1328125
0 0.03515625 0.7109375 0.0703125 0.128125
0 0.71484375 0.50859375 0.15 0.134375
0 0.28515625 0.5 0.134375 0.1359375
0 0.56875 0.4953125 0.146875 0.134375
0 0.965625 0.209375 0.06875 0.159375
0 0.1984375 0.3796875 0.1453125 0.13125
0 0.4015625 0.26640625 0.1375 0.1359375
0 0.03203125 0.50390625 0.0640625 0.1453125
0 0.14375 0.49453125 0.1390625 0.1359375
0 0.31796875 0.7328125 0.1296875 0.11875
0 0.17265625 0.92578125 0.1375 0.10625
0 0.5296875 0.040625 0.15 0.08125
0 0.95625 0.6140625 0.0859375 0.178125
0 0.52890625 0.6265625 0.159375 0.1578125
0 0.82890625 0.6296875 0.16875 0.15625
0 0.990625 0.08671875 0.01875 0.1078125
0 0.43203125 0.84375 0.1421875 0.1296875
0 0.4609375 0.12890625 0.1421875 0.13125
0 0.08046875 0.6046875 0.1546875 0.1265625
0 0.63046875 0.37578125 0.1546875 0.1390625
0 0.3375 0.390625 0.1484375 0.1609375
0 0.04375 0.16328125 0.05 0.1234375
1 0.97578125 0.46328125 0.0484375 0.1734375
0 0.47890625 0.74765625 0.121875 0.1203125
0 0.3734375 0.9484375 0.121875 0.0953125
0 0.51484375 0.9765625 0.1359375 0.046875
0 0.85703125 0.97265625 0.1109375 0.0546875
0 0.11171875 0.27109375 0.1203125 0.1078125
0 0.6765625 0.040625 0.121875 0.0671875