0 0.96796875 0.11640625 0.0640625 0.0640625
0 0.775 0.275 0.0734375 0.0703125
0 0.86796875 0.421875 0.0734375 0.0703125
0 0.90546875 0.1 0.071875 0.0609375
0 0.128125 0.27421875 0.0703125 0.06875
0 0.80625 0.4078125 0.071875 0.0703125
0 0.66328125 0.33359375 0.0734375 0.0703125
0 0.11796875 0.053125 0.071875 0.06875
0 0.2203125 0.17265625 0.071875 0.0703125
0 0.94140625 0.22109375 0.0734375 0.071875
0 0.378125 0.315625 0.071875 0.0703125
0 0.5421875 0.3046875 0.0671875 0.065625
0 0.40703125 0.01015625 0.0671875 0.0203125
0 0.10703125 0.215625 0.0703125 0.06875
0 0.94765625 0.4984375 0.06875 0.0671875
0 0.83515625 0.2984375 0.075 0.075
0 0.440625 0.33125 0.0703125 0.0671875
0 0.15 0.33359375 0.0734375 0.0703125
0 0.85 0.36484375 0.0734375 0.071875
0 0.340625 0.209375 0.071875 0.0703125
0 0.74609375 0.39296875 0.0734375 0.0734375
0 0.19609375 0.28203125 0.0734375 0.071875
0 0.82421875 0.23359375 0.0734375 0.0734375
0 0.68203125 0.1359375 0.075 0.075
0 0.0890625 0.09921875 0.040625 0.0640625
0 0.1359375 0.10859375 0.0703125 0.06875
0 0.4265625 0.04375 0.071875 0.0703125
0 0.921875 0.1578125 0.0734375 0.071875
0 0.3609375 0.0328125 0.071875 0.065625
0 0.765625 0.45625 0.071875 0.0703125
0 0.54609375 0.0765625 0.071875 0.071875
0 0.3171875 0.30859375 0.071875 0.06875
0 0.16953125 0.028125 0.0734375 0.05625
0 0.70546875 0.446875 0.0734375 0.071875
0 0.525 0.25234375 0.0734375 0.0703125
0 0.08828125 0.31796875 0.071875 0.0703125
0 0.49921875 0.13046875 0.0734375 0.071875
0 0.503125 0.35234375 0.0734375 0.071875
0 0.73203125 0.090625 0.0734375 0.0703125
0 0.11328125 0.01484375 0.0453125 0.0296875
0 0.75078125 0.21796875 0.0734375 0.0734375
0 0.53125 0.025 0.06875 0.05
0 0.8921875 0.32109375 0.0734375 0.0734375
0 0.3 0.02265625 0.071875 0.0453125
0 0.8265625 0.4671875 0.071875 0.071875
0 0.46328125 0.2421875 0.0734375 0.071875
0 0.16875 0.23046875 0.071875 0.0703125
0 0.19453125 0.08359375 0.075 0.071875
0 0.7796875 0.0625 0.065625 0.040625
0 0.275 0.3546875 0.0703125 0.0703125
0 0.5890625 0.02890625 0.0671875 0.053125
0 0.234375 0.22890625 0.071875 0.0703125
0 0.39765625 0.3796875 0.071875 0.071875
0 0.4375 0.1125 0.0734375 0.071875
0 0.98515625 0.34296875 0.0296875 0.0671875
0 0.3765625 0.090625 0.0734375 0.0734375
0 0.98125 0.24140625 0.0375 0.0703125
0 0.57265625 0.20234375 0.071875 0.071875
0 0.28125 0.1890625 0.071875 0.0703125
0 0.2640625 0.12265625 0.0734375 0.0734375
0 0.3171875 0.07265625 0.071875 0.0703125
0 0.56484375 0.353125 0.0671875 0.065625
0 0.4671875 0.01484375 0.06875 0.0296875
0 0.3375 0.371875 0.0703125 0.06875
0 0.8875 0.48046875 0.0734375 0.0703125
0 0.9671875 0.39765625 0.065625 0.0671875
0 0.09609375 0.15 0.0640625 0.065625
0 0.840625 0.0796875 0.06875 0.0484375
0 0.9296875 0.43671875 0.06875 0.06875
0 0.3265625 0.15078125 0.0734375 0.0734375
0 0.4828125 0.2953125 0.071875 0.0671875
0 0.85390625 0.12578125 0.071875 0.06875
0 0.42265625 0.2765625 0.0703125 0.06875
0 0.97578125 0.4453125 0.0484375 0.071875
0 0.7453125 0.15 0.0703125 0.06875
0 0.1515625 0.16953125 0.0703125 0.0671875
0 0.646875 0.27578125 0.071875 0.0703125
0 0.44921875 0.178125 0.0734375 0.071875
0 0.06640625 0.2 0.0390625 0.0640625
0 0.215625 0.3484375 0.071875 0.0703125
0 0.91328125 0.37578125 0.0734375 0.0734375
0 0.51015625 0.1875 0.0734375 0.0703125
0 0.07265625 0.25625 0.0671875 0.0671875
0 0.5859375 0.265625 0.0703125 0.0703125
0 0.86875 0.18828125 0.0734375 0.0703125
0 0.728125 0.3125 0.0734375 0.071875
0 0.8828125 0.2484375 0.0703125 0.071875
0 0.975 0.17109375 0.05 0.0671875
0 0.9859375 0.50234375 0.028125 0.0671875
0 0.6109375 0.0921875 0.0734375 0.0734375
0 0.79375 0.10859375 0.0703125 0.06875
0 0.4875 0.05859375 0.071875 0.06875
0 0.68359375 0.3828125 0.0640625 0.0609375
0 0.3921875 0.15546875 0.0703125 0.06875
0 0.95390625 0.30234375 0.075 0.075
0 0.56328125 0.13671875 0.0703125 0.06875
0 0.7203125 0.04609375 0.0671875 0.0328125
0 0.7890625 0.34296875 0.0734375 0.071875
0 0.4015625 0.215625 0.071875 0.06875
0 0.8046875 0.16796875 0.06875 0.0671875
0 0.6453125 0.42890625 0.0734375 0.071875
0 0.35859375 0.25625 0.0734375 0.0703125
0 0.23359375 0.02109375 0.0734375 0.0421875
0 0.60390625 0.3125 0.0734375 0.0703125
0 0.04296875 0.3046875 0.0359375 0.0625
0 0.25859375 0.05390625 0.0703125 0.06875
0 0.69609375 0.1921875 0.071875 0.0703125
0 0.46015625 0.3953125 0.0734375 0.071875
0 0.5828125 0.4203125 0.0703125 0.0703125
0 0.296875 0.24140625 0.06875 0.0671875
0 0.25859375 0.2828125 0.06875 0.06875
0 0.51875 0.41640625 0.0765625 0.071875
0 0.67109375 0.06015625 0.0734375 0.071875
0 0.653125 0.02890625 0.06875 0.028125
0 0.62109375 0.15703125 0.071875 0.071875
0 0.7078125 0.25078125 0.075 0.071875