0 0.2015625 0.99140625 0.071875 0.0171875
0 0.05 0.09609375 0.0640625 0.0640625
0 0.05859375 0.50390625 0.0671875 0.0640625
0 0.096875 0.40234375 0.0703125 0.0671875
0 0.0890625 0.2859375 0.06875 0.065625
0 0.01796875 0.14375 0.0359375 0.0625
0 0.0328125 0.2671875 0.065625 0.065625
0 0.18828125 0.94609375 0.0671875 0.065625
0 0.1796875 0.88671875 0.0671875 0.065625
0 0.0671875 0.2203125 0.0703125 0.0671875
0 0.11640625 0.865625 0.0625 0.0625
0 0.1296875 0.93125 0.0640625 0.0625
0 0.0765625 0.628125 0.0640625 0.0625
0 0.0125 0.08671875 0.025 0.0359375
0 0.06796875 0.56875 0.0640625 0.0640625
0 0.11484375 0.47421875 0.06875 0.0671875
0 0.10859375 0.759375 0.065625 0.0625
0 0.15390625 0.71640625 0.0671875 0.065625
0 0.028125 0.32109375 0.05625 0.0609375
0 0.12734375 0.53515625 0.0671875 0.065625
0 0.140625 0.653125 0.06875 0.065625
0 0.04453125 0.44375 0.065625 0.065625
0 0.01953125 0.196875 0.0390625 0.0625
0 0.0875 0.965625 0.046875 0.0625
0 0.03515625 0.38203125 0.05 0.046875
0 0.0640625 0.1609375 0.0609375 0.059375
0 0.08671875 0.340625 0.06875 0.0640625
0 0.028125 0.6046875 0.04375 0.0640625
0 0.04140625 0.66953125 0.0453125 0.0453125
0 0.0890625 0.6921875 0.0671875 0.059375
0 0.0484375 0.72421875 0.0453125 0.05625
0 0.0609375 0.7875 0.05 0.0578125
0 0.10703125 0.809375 0.0578125 0.0578125
0 0.16328125 0.77109375 0.0765625 0.0640625
0 0.13828125 0.6 0.0734375 0.059375
0 0.16875 0.821875 0.0609375 0.0609375
0 0.08046875 0.9046875 0.053125 0.05625
0 0.1375 0.975 0.0625 0.05
0 0.06640625 0.84765625 0.0421875 0.05625
0 0.00859375 0.41015625 0.0171875 0.0546875
0 0.0140625 0.47578125 0.028125 0.0515625
0 0.01875 0.53515625 0.0375 0.0546875