1 0.89140625 0.33359375 0.1828125 0.1875
1 0.83828125 0.1796875 0.20625 0.203125
1 0.53046875 0.59296875 0.2046875 0.203125
1 0.29296875 0.13828125 0.1875 0.18125
1 0.1 0.41875 0.2 0.190625
1 0.3625 0.29765625 0.19375 0.1828125
1 0.5359375 0.309375 0.2046875 0.1953125
1 0.33203125 0.865625 0.215625 0.1953125
1 0.79765625 0.77421875 0.190625 0.19375
1 0.7125 0.91015625 0.203125 0.1796875
1 0.70859375 0.6078125 0.1921875 0.1890625
1 0.52265625 0.87734375 0.203125 0.1765625
1 0.9515625 0.165625 0.096875 0.2
1 0.87734375 0.63203125 0.2078125 0.196875
1 0.4421875 0.721875 0.225 0.19375
1 0.4484375 0.15 0.2015625 0.1921875
1 0.35390625 0.5921875 0.1921875 0.159375
1 0.26328125 0.4375 0.19375 0.203125
1 0.1125 0.11484375 0.165625 0.1890625
1 0.20078125 0.2734375 0.209375 0.1890625
1 0.259375 0.73359375 0.196875 0.1765625
1 0.04375 0.86953125 0.0875 0.1671875
1 0.7265625 0.328125 0.2015625 0.2046875
1 0.63046875 0.7546875 0.2 0.196875
1 0.64765625 0.17890625 0.2046875 0.1953125
1 0.37421875 0.0390625 0.1921875 0.078125
1 0.18046875 0.57109375 0.2125 0.190625
1 0.15234375 0.85078125 0.1796875 0.1890625
1 0.88203125 0.9078125 0.1703125 0.184375
1 0.08359375 0.70546875 0.1671875 0.1953125
1 0.55390625 0.06015625 0.1953125 0.1203125
1 0.0484375 0.56015625 0.096875 0.2015625
1 0.79296875 0.46484375 0.2046875 0.1890625
1 0.1953125 0.04375 0.203125 0.0875
1 0.43046875 0.44453125 0.2046875 0.190625
1 0.61015625 0.45 0.1890625 0.1875
1 0.9421875 0.47578125 0.115625 0.1828125
1 0.06328125 0.28359375 0.103125 0.175
1 0.41796875 0.95390625 0.1953125 0.0921875
1 0.72890625 0.0703125 0.2125 0.1171875
1 0.59921875 0.96484375 0.1859375 0.0703125
1 0.9328125 0.75078125 0.1078125 0.2125
1 0.8109375 0.975 0.196875 0.05
1 0.246875 0.9390625 0.1859375 0.0921875
1 0.90390625 0.06953125 0.1921875 0.0796875
1 0.9796875 0.32734375 0.040625 0.1984375
1 0.075 0.0296875 0.0625 0.059375
1 0.078125 0.93828125 0.15625 0.0546875