0 0.625 0.41015625 0.159375 0.1453125
0 0.79375 0.66328125 0.1421875 0.1515625
0 0.40078125 0.7703125 0.1515625 0.1453125
0 0.9609375 0.76328125 0.078125 0.1421875
0 0.128125 0.103125 0.1375 0.125
0 0.64453125 0.915625 0.15 0.1453125
0 0.24921875 0.81640625 0.1375 0.1375
0 0.11171875 0.846875 0.140625 0.1359375
0 0.93125 0.6421875 0.1375 0.140625
0 0.45234375 0.63984375 0.15 0.140625
0 0.9625 0.88359375 0.075 0.1140625
0 0.35390625 0.9 0.1484375 0.1390625
0 0.69609375 0.56875 0.146875 0.1375
0 0.20859375 0.9375 0.1390625 0.125
0 0.56171875 0.690625 0.1484375 0.14375
1 0.015625 0.10625 0.03125 0.0875
0 0.15390625 0.725 0.134375 0.13125
0 0.3828125 0.22890625 0.1484375 0.1375
0 0.11875 0.37890625 0.134375 0.1296875
0 0.21171875 0.43359375 0.14375 0.14375
0 0.078125 0.49609375 0.1390625 0.134375
0 0.8578125 0.79921875 0.1453125 0.1390625
0 0.51953125 0.8625 0.1625 0.1421875
0 0.3375 0.4140625 0.1390625 0.1390625
0 0.0578125 0.74609375 0.071875 0.125
0 0.521875 0.31875 0.146875 0.1390625
1 0.03671875 0.1734375 0.0734375 0.1
1 0.02734375 0.41640625 0.0546875 0.1171875
0 0.45390625 0.9609375 0.1546875 0.078125
0 0.82734375 0.9234375 0.146875 0.0890625
0 0.84453125 0.52265625 0.159375 0.1484375
0 0.30078125 0.6890625 0.153125 0.140625
0 0.47265625 0.4625 0.1453125 0.1421875
0 0.3046875 0.98203125 0.140625 0.0359375
0 0.68203125 0.78515625 0.140625 0.146875
1 0.0390625 0.2984375 0.078125 0.1
0 0.3421875 0.546875 0.1421875 0.134375
0 0.2 0.59296875 0.13125 0.1296875
0 0.23046875 0.278125 0.1375 0.1375
0 0.2703125 0.09375 0.15625 0.15
0 0.66953125 0.31875 0.13125 0.128125
0 0.7578125 0.41953125 0.1328125 0.11875
0 0.08515625 0.95703125 0.0640625 0.0859375
1 0.08125 0.63671875 0.0796875 0.0765625
1 0.13515625 0.2140625 0.0984375 0.090625