1 0.86875 0.25234375 0.19296875 0.184375
1 0.89140625 0.553125 0.1859375 0.21015625
1 0.41328125 0.1234375 0.18671875 0.1796875
1 0.93359375 0.121875 0.1328125 0.16953125
1 0.228125 0.09609375 0.17109375 0.184375
1 0.33671875 0.5765625 0.1890625 0.1828125
1 0.50625 0.26484375 0.18515625 0.2171875
1 0.24453125 0.42734375 0.19296875 0.2125
1 0.52890625 0.5359375 0.1640625 0.1828125
1 0.78359375 0.12109375 0.1734375 0.17734375
1 0.1484375 0.578125 0.17265625 0.18828125
1 0.73359375 0.84921875 0.18828125 0.19921875
1 0.096875 0.74609375 0.1875 0.2328125
1 0.63203125 0.69765625 0.1890625 0.22734375
1 0.790625 0.41640625 0.1859375 0.18828125
1 0.44765625 0.67890625 0.18671875 0.23359375
1 0.61796875 0.39609375 0.1796875 0.184375
1 0.0734375 0.1109375 0.146875 0.21640625
1 0.5890625 0.103125 0.184375 0.190625
1 0.690625 0.24921875 0.18828125 0.20859375
1 0.33203125 0.2515625 0.1640625 0.2078125
1 0.07578125 0.4125 0.15078125 0.21796875
1 0.1625 0.25234375 0.1859375 0.2046875
1 0.52890625 0.84921875 0.1859375 0.1828125
1 0.42734375 0.428125 0.18203125 0.17734375
1 0.94921875 0.41875 0.1015625 0.196875
1 0.81484375 0.71875 0.18359375 0.1890625
1 0.27578125 0.73203125 0.18359375 0.1796875
1 0.46484375 0.95625 0.1921875 0.0875
1 0.68125 0.03828125 0.17265625 0.0765625
1 0.7140625 0.56796875 0.175 0.18515625
1 0.653125 0.953125 0.18359375 0.09375
1 0.353125 0.878125 0.1765625 0.22421875
1 0.1796875 0.88359375 0.15546875 0.1640625
1 0.0375 0.89765625 0.075 0.190625
1 0.03359375 0.565625 0.0671875 0.19375
1 0.09921875 0.9515625 0.18515625 0.096875
1 0.8625 0.025 0.190625 0.05
1 0.51015625 0.02265625 0.17265625 0.0453125
1 0.3234375 0.021875 0.20234375 0.04375
1 0.02109375 0.271875 0.0421875 0.178125
1 0.1296875 0.01640625 0.19609375 0.0328125
1 0.9796875 0.2484375 0.040625 0.1875
1 0.2765625 0.95 0.16953125 0.09921875