0 0.96171875 0.22421875 0.075 0.0765625
0 0.78984375 0.83984375 0.0734375 0.075
0 0.66484375 0.1890625 0.06875 0.0703125
0 0.98046875 0.35234375 0.0390625 0.0703125
0 0.696875 0.13203125 0.0734375 0.06875
0 0.82890625 0.21875 0.0734375 0.071875
0 0.63046875 0.240625 0.0734375 0.0703125
0 0.603125 0.16875 0.071875 0.0734375
0 0.96875 0.42578125 0.0625 0.0734375
0 0.75859375 0.10625 0.0703125 0.0703125
0 0.92890625 0.85625 0.06875 0.0703125
0 0.865625 0.525 0.071875 0.0703125
0 0.84140625 0.46640625 0.0734375 0.0703125
0 0.746875 0.3796875 0.071875 0.0703125
0 0.8015625 0.51796875 0.06875 0.0671875
0 0.72890625 0.2046875 0.0734375 0.071875
0 0.76875 0.75859375 0.0734375 0.0734375
0 0.82421875 0.584375 0.0703125 0.071875
0 0.88984375 0.59140625 0.071875 0.0703125
0 0.9359375 0.5359375 0.0703125 0.0703125
0 0.89765625 0.65625 0.071875 0.0734375
0 0.93671875 0.9171875 0.0390625 0.071875
0 0.78828125 0.16328125 0.0734375 0.0703125
0 0.684375 0.37109375 0.071875 0.0703125
0 0.91875 0.30625 0.075 0.071875
0 0.48125 0.03984375 0.071875 0.0703125
0 0.81328125 0.39140625 0.0734375 0.075
0 0.72265625 0.315625 0.071875 0.071875
0 0.871875 0.73203125 0.075 0.075
0 0.7421875 0.69609375 0.071875 0.0703125
0 0.778125 0.640625 0.071875 0.0703125
0 0.76015625 0.57109375 0.071875 0.0703125
1 0.91484375 0.4578125 0.0734375 0.0671875
0 0.6578125 0.50078125 0.0734375 0.071875
1 0.63671875 0.09609375 0.06875 0.078125
0 0.6375 0.434375 0.0734375 0.071875
1 0.8359375 0.77578125 0.0671875 0.053125
1 0.96171875 0.0796875 0.06875 0.0609375
1 0.5546875 0.228125 0.075 0.078125
0 0.68359375 0.57890625 0.071875 0.0734375
1 0.8859375 0.90234375 0.0703125 0.0609375
0 0.8125 0.70625 0.0703125 0.0734375
1 0.98125 0.28828125 0.0375 0.0734375
1 0.61171875 0.3625 0.075 0.071875
0 0.846875 0.9671875 0.075 0.065625
1 0.86484375 0.34296875 0.065625 0.0734375
1 0.84609375 0.28515625 0.071875 0.0625
0 0.71484375 0.621875 0.0671875 0.0703125
1 0.5125 0.1 0.0671875 0.078125
1 0.89921875 0.0890625 0.075 0.0828125
1 0.53359375 0.17265625 0.0734375 0.075
1 0.95703125 0.6703125 0.0578125 0.0640625
1 0.71015625 0.05703125 0.08125 0.0734375
1 0.96484375 0.6015625 0.0625 0.0828125
1 0.95859375 0.14375 0.071875 0.06875
0 0.7875 0.325 0.0703125 0.06875
1 0.821875 0.07578125 0.078125 0.0765625
1 0.57109375 0.096875 0.06875 0.065625
1 0.8515625 0.14375 0.0671875 0.075
0 0.4484375 0.00625 0.06875 0.0125
1 0.859375 0.8390625 0.0703125 0.075
1 0.9484375 0.74375 0.0578125 0.0828125
1 0.775 0.45078125 0.0703125 0.0625
1 0.93203125 0.37265625 0.06875 0.0703125
1 0.734375 0.496875 0.0703125 0.0765625
0 0.775 0.25859375 0.071875 0.06875
1 0.8203125 0.89921875 0.0640625 0.0640625
1 0.990625 0.1125 0.01875 0.0625
1 0.978125 0.4921875 0.04375 0.075
1 0.56328125 0.0375 0.075 0.075
1 0.83984375 0.64765625 0.0578125 0.0609375
1 0.87890625 0.40234375 0.0671875 0.059375
1 0.6484375 0.30546875 0.0734375 0.0765625
1 0.8953125 0.234375 0.0703125 0.075
1 0.903125 0.784375 0.0703125 0.065625
1 0.57890625 0.28125 0.0703125 0.0625
1 0.64140625 0.03671875 0.0671875 0.053125
1 0.90078125 0.16953125 0.075 0.071875
0 0.70078125 0.25234375 0.0734375 0.065625
1 0.7828125 0.03984375 0.078125 0.025