0 0.14765625 0.33828125 0.0703125 0.0703125
0 0.20234375 0.58984375 0.065625 0.0671875
0 0.24453125 0.53203125 0.0671875 0.0703125
0 0.175 0.275 0.0640625 0.065625
0 0.23828125 0.2859375 0.0671875 0.0671875
0 0.10859375 0.3984375 0.0671875 0.0703125
0 0.56484375 0.05625 0.065625 0.0625
0 0.18046875 0.51484375 0.0671875 0.065625
0 0.66328125 0.01953125 0.0625 0.0296875
0 0.5125 0.09375 0.0671875 0.0671875
0 0.425 0.0140625 0.06875 0.028125
0 0.48046875 0.03359375 0.0671875 0.0671875
0 0.175 0.40390625 0.0671875 0.0671875
0 0.15546875 0.63671875 0.0671875 0.0703125
0 0.271875 0.60625 0.0625 0.0671875
0 0.21484375 0.46640625 0.0703125 0.06875
0 0.13828125 0.5703125 0.0640625 0.0671875
0 0.08203125 0.34140625 0.0640625 0.0671875
0 0.2296875 0.6546875 0.065625 0.0640625
0 0.4609375 0.31640625 0.0609375 0.0625
0 0.040625 0.40546875 0.071875 0.071875
0 0.62734375 0.0484375 0.065625 0.0625
0 0.21015625 0.21015625 0.0671875 0.0671875
0 0.02109375 0.54140625 0.0421875 0.0671875
0 0.24609375 0.403125 0.06875 0.06875
0 0.05390625 0.165625 0.0703125 0.06875
0 0.040625 0.02421875 0.05 0.0484375
0 0.0125 0.72421875 0.025 0.0671875
0 0.075 0.53515625 0.0640625 0.0671875
0 0.41953125 0.36875 0.065625 0.0671875
0 0.4296875 0.0703125 0.071875 0.0703125
0 0.159375 0.77265625 0.0640625 0.0640625
0 0.31015625 0.20703125 0.0640625 0.0640625
0 0.31328125 0.53828125 0.065625 0.065625
0 0.34765625 0.1078125 0.0671875 0.065625
0 0.03203125 0.67109375 0.0640625 0.0703125
0 0.3640625 0.05234375 0.0640625 0.0625
0 0.4234375 0.13671875 0.0703125 0.0671875
0 0.1828125 0.7109375 0.06875 0.0703125
0 0.04609375 0.93515625 0.0703125 0.075
0 0.01953125 0.85703125 0.0390625 0.0640625
0 0.58046875 0.13125 0.0640625 0.065625
0 0.00859375 0.92578125 0.0171875 0.0765625
0 0.11484375 0.81796875 0.0671875 0.0640625
0 0.25546875 0.09765625 0.065625 0.0671875
1 0.07890625 0.86640625 0.0640625 0.0546875
1 0.0421875 0.790625 0.0703125 0.0734375
1 0.06484375 0.7296875 0.0671875 0.0625
1 0.1171875 0.69453125 0.0671875 0.0765625
1 0.0265625 0.603125 0.053125 0.059375
1 0.0796875 0.6015625 0.0609375 0.075
1 0.02109375 0.45859375 0.0421875 0.0765625
1 0.06796875 0.47265625 0.0546875 0.0640625
1 0.128125 0.46640625 0.0734375 0.075
1 0.2859375 0.4703125 0.0671875 0.0703125
1 0.35234375 0.475 0.065625 0.084375
1 0.31640625 0.40546875 0.075 0.0671875
1 0.38359375 0.40859375 0.0625 0.0578125
1 0.35703125 0.35390625 0.071875 0.0609375
1 0.29453125 0.346875 0.0640625 0.0625
1 0.228125 0.33984375 0.078125 0.0609375
1 0.31171875 0.2859375 0.0703125 0.0703125
1 0.3765625 0.29375 0.0578125 0.0734375
1 0.02734375 0.3453125 0.0453125 0.0625
1 0.04765625 0.2734375 0.0609375 0.0828125
1 0.1046875 0.278125 0.0734375 0.053125
1 0.14140625 0.2171875 0.0703125 0.0734375
1 0.07265625 0.21875 0.059375 0.053125
1 0.02734375 0.2109375 0.0359375 0.0625
1 0.121875 0.134375 0.078125 0.0921875
1 0.06953125 0.07890625 0.071875 0.0671875
1 0.09453125 0.0375 0.0671875 0.075
1 0.1578125 0.0171875 0.065625 0.034375
1 0.171875 0.05625 0.06875 0.071875
1 0.24140625 0.0328125 0.0703125 0.065625
1 0.20078125 0.12890625 0.0765625 0.0765625
1 0.265625 0.16875 0.053125 0.0625
1 0.375 0.17734375 0.0515625 0.065625
1 0.36328125 0.23125 0.059375 0.0609375
1 0.45546875 0.2015625 0.0640625 0.0609375
1 0.42578125 0.25078125 0.0609375 0.05
1 0.5 0.246875 0.059375 0.0515625
1 0.4890625 0.14140625 0.0703125 0.046875
1 0.52578125 0.175 0.0671875 0.046875
1 0.31171875 0.0203125 0.0546875 0.040625