1 0.1359375 0.64609375 0.25 0.234375
1 0.309375 0.59375 0.2140625 0.2078125
1 0.48203125 0.5609375 0.2390625 0.2171875
1 0.65390625 0.51328125 0.2484375 0.234375
1 0.82265625 0.46171875 0.259375 0.24375
1 0.9421875 0.45625 0.115625 0.20625
1 0.65078125 0.9375 0.20625 0.121875
1 0.815625 0.896875 0.203125 0.125
1 0.89296875 0.765625 0.2140625 0.228125
1 0.72421875 0.825 0.2203125 0.184375
1 0.5375 0.86796875 0.23125 0.19375
1 0.37890625 0.890625 0.2140625 0.21875
1 0.215625 0.91875 0.2375 0.1625
1 0.11875 0.82265625 0.1484375 0.1953125
1 0.2390625 0.759375 0.2296875 0.1984375
1 0.42109375 0.74296875 0.2640625 0.234375
1 0.590625 0.69453125 0.215625 0.2265625
1 0.765625 0.6734375 0.2359375 0.2296875
1 0.91484375 0.61875 0.1703125 0.221875