0 0.03828125 0.4328125 0.0453125 0.0484375
0 0.08203125 0.43046875 0.046875 0.0484375
0 0.13046875 0.4390625 0.040625 0.0453125
0 0.175 0.4359375 0.0453125 0.05
0 0.21953125 0.43515625 0.0453125 0.046875
0 0.26328125 0.43671875 0.04375 0.0484375
0 0.3078125 0.4296875 0.046875 0.046875
0 0.3546875 0.4390625 0.040625 0.0421875
0 0.39765625 0.4328125 0.046875 0.0484375
0 0.44375 0.43671875 0.04375 0.0453125
0 0.48984375 0.43828125 0.0453125 0.046875
0 0.534375 0.428125 0.0453125 0.05
0 0.57734375 0.428125 0.04375 0.046875
0 0.62265625 0.43359375 0.04375 0.0453125
0 0.66796875 0.43203125 0.0453125 0.046875
0 0.7109375 0.43515625 0.04375 0.046875
0 0.75078125 0.41484375 0.0421875 0.046875
0 0.80078125 0.43515625 0.04375 0.0484375
0 0.84453125 0.43125 0.0453125 0.0484375
0 0.890625 0.428125 0.0421875 0.0453125
0 0.93515625 0.43203125 0.0453125 0.046875
0 0.97734375 0.41015625 0.0453125 0.046875
2 0.32890625 0.853125 0.05 0.0453125
0 0.01953125 0.471875 0.0375 0.04375
0 0.0609375 0.47421875 0.04375 0.04375
0 0.1078125 0.475 0.0421875 0.040625
0 0.15546875 0.4796875 0.0421875 0.04375
0 0.1984375 0.47578125 0.04375 0.0421875
0 0.24296875 0.4765625 0.0421875 0.04375
0 0.28515625 0.47265625 0.040625 0.04375
0 0.33125 0.47890625 0.0421875 0.0421875
0 0.3765625 0.47578125 0.040625 0.0421875
0 0.421875 0.4703125 0.0421875 0.04375
0 0.4671875 0.4734375 0.040625 0.0421875
0 0.51171875 0.4734375 0.04375 0.04375
0 0.55546875 0.471875 0.0453125 0.04375
0 0.60078125 0.46953125 0.0421875 0.04375
0 0.64609375 0.4703125 0.0421875 0.040625
0 0.6890625 0.471875 0.0421875 0.0421875
0 0.73359375 0.4765625 0.0421875 0.0421875
0 0.778125 0.471875 0.04375 0.0421875
0 0.82265625 0.4734375 0.0421875 0.04375
0 0.86953125 0.46953125 0.0421875 0.04375
0 0.91328125 0.46953125 0.0421875 0.0421875
0 0.95625 0.4671875 0.0421875 0.04375
0 0.990625 0.46640625 0.01875 0.0421875
0 0.00859375 0.51171875 0.0171875 0.0421875
0 0.040625 0.51640625 0.0421875 0.04375
0 0.0859375 0.51328125 0.0421875 0.04375
0 0.13203125 0.5140625 0.0421875 0.040625
0 0.178125 0.5125 0.0421875 0.0421875
0 0.221875 0.5171875 0.04375 0.0421875
0 0.265625 0.51328125 0.040625 0.04375
0 0.31015625 0.5140625 0.0421875 0.0421875
0 0.353125 0.515625 0.0421875 0.04375
0 0.39921875 0.5125 0.040625 0.0421875
0 0.44375 0.51328125 0.0421875 0.04375
0 0.4875 0.51015625 0.0390625 0.0421875
0 0.5328125 0.509375 0.0421875 0.040625
0 0.578125 0.509375 0.0421875 0.04375
0 0.625 0.50859375 0.0390625 0.0421875
0 0.6671875 0.509375 0.0421875 0.04375
0 0.7109375 0.50703125 0.0421875 0.0453125
0 0.75546875 0.50703125 0.0421875 0.0421875
0 0.80078125 0.5078125 0.040625 0.0421875
0 0.84375 0.50625 0.040625 0.040625
0 0.8921875 0.509375 0.040625 0.040625
0 0.93515625 0.509375 0.040625 0.04375
0 0.98125 0.51484375 0.0375 0.040625
0 0.01953125 0.553125 0.0390625 0.04375
0 0.06328125 0.54921875 0.040625 0.0421875
0 0.1078125 0.55 0.04375 0.04375
0 0.15703125 0.553125 0.040625 0.0421875
0 0.19765625 0.5484375 0.0421875 0.0421875
0 0.2421875 0.55078125 0.040625 0.0421875
0 0.28515625 0.546875 0.0453125 0.0453125
0 0.33125 0.54921875 0.040625 0.0453125
0 0.37578125 0.5515625 0.04375 0.04375
0 0.4234375 0.54921875 0.0421875 0.04375
0 0.46796875 0.546875 0.0421875 0.0421875
0 0.5140625 0.5546875 0.040625 0.0421875
0 0.55703125 0.553125 0.0390625 0.0421875
0 0.59921875 0.540625 0.04375 0.0421875
0 0.64453125 0.5421875 0.0421875 0.0421875
0 0.6875 0.54453125 0.040625 0.04375
0 0.73359375 0.54375 0.0421875 0.0421875
0 0.7796875 0.54375 0.040625 0.0421875
0 0.82265625 0.5421875 0.0421875 0.0453125
0 0.8671875 0.5421875 0.040625 0.040625
0 0.91171875 0.54140625 0.040625 0.040625
0 0.96015625 0.53984375 0.0421875 0.04375
0 0.0078125 0.590625 0.015625 0.04375
0 0.04296875 0.5859375 0.0421875 0.0421875
0 0.08359375 0.58359375 0.040625 0.0421875
0 0.13359375 0.584375 0.04375 0.0421875
0 0.17890625 0.58828125 0.040625 0.0421875
0 0.221875 0.5890625 0.0390625 0.04375
0 0.265625 0.58671875 0.0421875 0.0421875
0 0.3109375 0.590625 0.040625 0.040625
0 0.3546875 0.5890625 0.04375 0.040625
0 0.39921875 0.58515625 0.04375 0.04375
0 0.44375 0.58828125 0.04375 0.04375
0 0.48984375 0.58671875 0.0421875 0.04375
0 0.5328125 0.58671875 0.04375 0.0421875
0 0.578125 0.584375 0.0421875 0.0453125
0 0.6234375 0.5828125 0.0421875 0.04375
0 0.66796875 0.5890625 0.0421875 0.0421875
0 0.7109375 0.58359375 0.0421875 0.0421875
0 0.75546875 0.58515625 0.0421875 0.0421875
0 0.79921875 0.58359375 0.040625 0.04375
0 0.84453125 0.5828125 0.0421875 0.04375
0 0.88984375 0.58203125 0.0421875 0.0421875
0 0.93515625 0.58203125 0.04375 0.0453125
0 0.9796875 0.58359375 0.0375 0.040625
0 0.01875 0.62265625 0.0375 0.0421875
0 0.06171875 0.62421875 0.0421875 0.04375
0 0.00859375 0.66640625 0.0171875 0.0421875
0 0.10859375 0.625 0.04375 0.0390625
0 0.15390625 0.621875 0.0421875 0.04375
0 0.03828125 0.6625 0.0421875 0.04375
0 0.08671875 0.66171875 0.04375 0.0453125
0 0.19921875 0.6234375 0.0421875 0.0421875
0 0.24375 0.628125 0.04375 0.04375
0 0.13125 0.659375 0.0421875 0.0421875
0 0.2875 0.6265625 0.04375 0.0421875
0 0.175 0.6578125 0.0421875 0.0421875
0 0.33359375 0.62890625 0.040625 0.04375
0 0.21953125 0.6625 0.0453125 0.040625
0 0.3765625 0.62421875 0.040625 0.040625
0 0.26640625 0.66484375 0.0421875 0.0421875
0 0.42109375 0.62578125 0.04375 0.04375
0 0.31015625 0.665625 0.0421875 0.0421875
0 0.46875 0.62578125 0.04375 0.04375
0 0.51328125 0.62734375 0.0421875 0.0453125
0 0.55625 0.625 0.04375 0.0453125
0 0.60078125 0.62265625 0.040625 0.04375
0 0.64609375 0.62265625 0.0421875 0.0453125
0 0.68984375 0.62421875 0.0421875 0.040625
0 0.73359375 0.625 0.0421875 0.0421875
0 0.77890625 0.62265625 0.0421875 0.04375
0 0.82265625 0.6265625 0.04375 0.04375
0 0.35390625 0.6640625 0.040625 0.0421875
0 0.39921875 0.66171875 0.0421875 0.040625
0 0.75625 0.6640625 0.0390625 0.0421875
0 0.44453125 0.66328125 0.04375 0.040625
0 0.4890625 0.66484375 0.0421875 0.046875
0 0.53359375 0.66484375 0.04375 0.0421875
0 0.57734375 0.66328125 0.0421875 0.0421875
0 0.62421875 0.6625 0.04375 0.04375
0 0.66796875 0.659375 0.04375 0.04375
0 0.7109375 0.66015625 0.0421875 0.0421875
0 0.86796875 0.62734375 0.040625 0.0421875
0 0.91328125 0.61796875 0.04375 0.04375
0 0.95859375 0.6234375 0.0421875 0.040625
0 0.7984375 0.66015625 0.04375 0.0421875
0 0.84375 0.659375 0.0421875 0.0421875
0 0.89140625 0.6578125 0.0421875 0.04375
0 0.93515625 0.65625 0.0421875 0.04375
0 0.97890625 0.6578125 0.0375 0.040625
0 0.01953125 0.69921875 0.0390625 0.0390625
0 0.0640625 0.6984375 0.0421875 0.040625
0 0.1125 0.69765625 0.0421875 0.04375
0 0.15703125 0.709375 0.0375 0.04375
0 0.1984375 0.7 0.0421875 0.0453125
0 0.24375 0.7 0.0421875 0.04375
0 0.28828125 0.70390625 0.040625 0.0390625
0 0.33125 0.70390625 0.04375 0.0421875
0 0.378125 0.7 0.0421875 0.04375
0 0.421875 0.70078125 0.0421875 0.040625
0 0.4671875 0.70625 0.040625 0.0421875
0 0.5125 0.7 0.04375 0.040625
0 0.55546875 0.703125 0.0421875 0.0421875
0 0.6 0.70625 0.04375 0.04375
0 0.64453125 0.703125 0.04375 0.0421875
0 0.6890625 0.70390625 0.0421875 0.0421875
0 0.734375 0.69921875 0.0421875 0.0421875
0 0.78046875 0.7 0.040625 0.0421875
0 0.82421875 0.69765625 0.040625 0.0453125
0 0.86875 0.69296875 0.0421875 0.0453125
0 0.91328125 0.696875 0.0421875 0.04375
0 0.9578125 0.69453125 0.04375 0.0421875
0 0.00859375 0.7421875 0.0171875 0.040625
0 0.04140625 0.7375 0.040625 0.0421875
0 0.0859375 0.7359375 0.040625 0.04375
0 0.13125 0.7390625 0.0390625 0.0390625
0 0.1765625 0.73984375 0.0421875 0.0390625
0 0.221875 0.7390625 0.040625 0.040625
0 0.265625 0.73984375 0.0390625 0.040625
0 0.3109375 0.7421875 0.040625 0.0421875
0 0.35390625 0.740625 0.0390625 0.040625
0 0.39921875 0.740625 0.040625 0.0390625
0 0.490625 0.73984375 0.0421875 0.0421875
0 0.44296875 0.7375 0.0421875 0.04375
0 0.5328125 0.74296875 0.0421875 0.04375
0 0.57734375 0.74375 0.040625 0.0390625
0 0.621875 0.73984375 0.0421875 0.0421875
0 0.66796875 0.74453125 0.0421875 0.040625
0 0.71328125 0.7390625 0.0421875 0.0421875
0 0.759375 0.7421875 0.040625 0.04375
0 0.803125 0.74140625 0.0421875 0.0421875
0 0.84921875 0.740625 0.040625 0.0421875
0 0.89296875 0.7359375 0.040625 0.0421875
0 0.93671875 0.734375 0.040625 0.0421875
0 0.978125 0.7359375 0.0359375 0.0390625
0 0.0203125 0.77734375 0.040625 0.0421875
0 0.0625 0.77421875 0.040625 0.040625
0 0.10859375 0.77578125 0.0390625 0.0421875
0 0.15546875 0.7796875 0.0421875 0.0390625
0 0.1984375 0.77734375 0.040625 0.040625
0 0.2421875 0.7796875 0.040625 0.040625
0 0.28828125 0.7796875 0.040625 0.0421875
0 0.33203125 0.77890625 0.0421875 0.0375
0 0.3765625 0.7765625 0.0421875 0.0421875
0 0.4203125 0.77578125 0.0421875 0.0421875
0 0.46328125 0.775 0.0421875 0.040625
0 0.51015625 0.7796875 0.040625 0.0390625
0 0.553125 0.77890625 0.040625 0.040625
0 0.60078125 0.7796875 0.040625 0.040625
0 0.646875 0.77890625 0.0421875 0.0390625
0 0.690625 0.77578125 0.040625 0.0421875
0 0.73515625 0.7796875 0.0375 0.040625
0 0.7796875 0.7765625 0.04375 0.0421875
0 0.82578125 0.77734375 0.040625 0.040625
0 0.86953125 0.77578125 0.040625 0.0390625
0 0.9140625 0.771875 0.040625 0.0390625
0 0.9578125 0.771875 0.0421875 0.0421875
0 0.00703125 0.81640625 0.0140625 0.0421875
0 0.03984375 0.815625 0.0453125 0.0421875
0 0.0859375 0.8140625 0.04375 0.0421875
0 0.13359375 0.8171875 0.04375 0.040625
0 0.17578125 0.8203125 0.040625 0.040625
0 0.21953125 0.8140625 0.0421875 0.040625
0 0.265625 0.81640625 0.040625 0.040625
0 0.31015625 0.81484375 0.0390625 0.040625
0 0.3984375 0.81796875 0.0390625 0.040625
0 0.35390625 0.81640625 0.040625 0.040625
0 0.4421875 0.815625 0.0421875 0.040625
0 0.48671875 0.81484375 0.040625 0.040625
0 0.53203125 0.815625 0.040625 0.0421875
0 0.57578125 0.8140625 0.040625 0.0421875
0 0.62578125 0.8203125 0.040625 0.040625
0 0.66953125 0.81953125 0.040625 0.040625
0 0.75625 0.8140625 0.0421875 0.0421875
0 0.7140625 0.81640625 0.04375 0.0421875
0 0.803125 0.81328125 0.040625 0.0421875
0 0.84765625 0.815625 0.0421875 0.0421875
0 0.89453125 0.8125 0.040625 0.0421875
0 0.93828125 0.81015625 0.040625 0.04375
0 0.978125 0.8078125 0.0328125 0.0421875
0 0.01953125 0.8515625 0.0390625 0.04375
0 0.10859375 0.85390625 0.040625 0.0421875
0 0.06328125 0.853125 0.04375 0.04375
0 0.1546875 0.85625 0.0421875 0.0390625
0 0.196875 0.85546875 0.040625 0.0421875
0 0.240625 0.8546875 0.0421875 0.0421875
0 0.28828125 0.859375 0.040625 0.040625
0 0.309375 0.89140625 0.0421875 0.0421875
0 0.375 0.85234375 0.0421875 0.04375
0 0.4203125 0.85390625 0.040625 0.0421875
0 0.46640625 0.8546875 0.040625 0.0421875
0 0.509375 0.8515625 0.0390625 0.040625
0 0.55546875 0.85234375 0.040625 0.0421875
0 0.60078125 0.85 0.040625 0.04375
0 0.6484375 0.85390625 0.0375 0.040625
0 0.690625 0.85234375 0.0421875 0.04375
0 0.7359375 0.85390625 0.040625 0.040625
0 0.78046875 0.85078125 0.040625 0.040625
0 0.825 0.84921875 0.040625 0.0421875
0 0.87109375 0.84765625 0.0421875 0.0421875
0 0.915625 0.84921875 0.040625 0.0421875
0 0.96171875 0.84765625 0.0421875 0.0421875
0 0.00859375 0.896875 0.0171875 0.040625
0 0.04296875 0.88984375 0.040625 0.0453125
0 0.0859375 0.89140625 0.0421875 0.0421875
0 0.13359375 0.8984375 0.0390625 0.040625
0 0.06171875 0.92890625 0.0421875 0.0421875
0 0.01953125 0.93125 0.0390625 0.040625
0 0.21796875 0.89296875 0.0421875 0.04375
0 0.2640625 0.89296875 0.0390625 0.04375
0 0.17578125 0.8921875 0.0375 0.04375
0 0.196875 0.93046875 0.0421875 0.04375
0 0.1515625 0.92890625 0.0421875 0.0421875
0 0.10859375 0.93359375 0.0421875 0.0421875
0 0.240625 0.92890625 0.040625 0.0421875
0 0.284375 0.92890625 0.04375 0.0421875
0 0.35390625 0.8953125 0.040625 0.0421875
0 0.396875 0.8953125 0.0421875 0.0421875
0 0.4421875 0.88984375 0.0421875 0.040625
0 0.48828125 0.8921875 0.040625 0.0421875
0 0.53203125 0.88828125 0.040625 0.04375
0 0.57890625 0.88984375 0.040625 0.0390625
0 0.6234375 0.890625 0.040625 0.040625
0 0.66953125 0.8921875 0.040625 0.040625
0 0.71328125 0.8890625 0.040625 0.0421875
0 0.75859375 0.88828125 0.040625 0.0390625
0 0.803125 0.8890625 0.04375 0.0421875
0 0.8484375 0.88671875 0.0390625 0.040625
0 0.89296875 0.88671875 0.040625 0.04375
0 0.93984375 0.88515625 0.0375 0.0421875
0 0.978125 0.88515625 0.0296875 0.0421875
0 0.33203125 0.9328125 0.040625 0.040625
0 0.37421875 0.928125 0.040625 0.04375
0 0.41953125 0.9296875 0.0421875 0.0421875
0 0.465625 0.93046875 0.040625 0.040625
0 0.509375 0.93125 0.0421875 0.0421875
0 0.55703125 0.92890625 0.0390625 0.040625
0 0.6015625 0.92578125 0.040625 0.040625
0 0.6484375 0.93671875 0.0375 0.040625
0 0.69140625 0.93046875 0.0421875 0.0421875
0 0.7375 0.92578125 0.040625 0.0421875
0 0.78125 0.9296875 0.040625 0.0421875
0 0.82734375 0.925 0.0421875 0.04375
0 0.871875 0.92734375 0.040625 0.04375
0 0.9171875 0.928125 0.0390625 0.0421875
0 0.9640625 0.92109375 0.040625 0.0421875
0 0.00859375 0.96328125 0.0171875 0.0390625
0 0.04140625 0.971875 0.0390625 0.040625
0 0.0859375 0.97109375 0.040625 0.0421875
0 0.13046875 0.97109375 0.0421875 0.040625
0 0.1734375 0.96875 0.0421875 0.040625
0 0.21796875 0.96953125 0.040625 0.040625
0 0.26484375 0.97421875 0.0390625 0.0421875
0 0.31015625 0.96796875 0.040625 0.0421875
0 0.3546875 0.971875 0.040625 0.0421875
0 0.40078125 0.96953125 0.0421875 0.04375
0 0.44453125 0.96796875 0.040625 0.04375
0 0.4890625 0.96953125 0.040625 0.0421875
0 0.534375 0.96953125 0.0421875 0.04375
0 0.5796875 0.96796875 0.0421875 0.0421875
0 0.62578125 0.96640625 0.040625 0.040625
0 0.66953125 0.96796875 0.040625 0.0421875
0 0.71328125 0.96640625 0.0421875 0.0421875
0 0.759375 0.9671875 0.0421875 0.0421875
0 0.803125 0.96171875 0.040625 0.0421875
0 0.85 0.965625 0.0421875 0.0421875
0 0.8953125 0.96484375 0.0421875 0.0421875
0 0.93984375 0.96171875 0.040625 0.04375
0 0.978125 0.9609375 0.028125 0.0421875
0 0.690625 0.99140625 0.040625 0.0171875
0 0.73671875 0.99140625 0.0421875 0.0171875
0 0.78203125 0.99140625 0.0421875 0.0171875
0 0.82890625 0.98984375 0.0390625 0.0203125
0 0.87265625 0.990625 0.0390625 0.01875
0 0.9171875 0.9890625 0.040625 0.021875
0 0.96171875 0.98828125 0.0421875 0.0234375