0 0.02109375 0.91953125 0.0421875 0.0546875
0 0.06640625 0.91875 0.0515625 0.053125
0 0.0078125 0.87578125 0.015625 0.0515625
0 0.03828125 0.88203125 0.05625 0.046875
0 0.09375 0.88046875 0.053125 0.0515625
0 0.01875 0.83828125 0.0375 0.0515625
0 0.06640625 0.840625 0.0546875 0.0515625
0 0.121875 0.84296875 0.059375 0.0546875
0 0.00546875 0.8015625 0.0109375 0.053125
0 0.040625 0.7953125 0.05625 0.0515625
0 0.0875 0.80625 0.0515625 0.0515625
0 0.14296875 0.8078125 0.053125 0.046875
0 0.01953125 0.753125 0.0390625 0.05
0 0.06484375 0.7625 0.053125 0.0515625
0 0.11796875 0.7640625 0.05625 0.053125
0 0.17265625 0.76484375 0.0546875 0.0515625
0 0.01171875 0.70703125 0.0234375 0.0515625
0 0.0484375 0.71484375 0.0515625 0.0515625
0 0.103125 0.70625 0.0515625 0.05
0 0.15234375 0.7203125 0.0515625 0.053125
0 0.2015625 0.72265625 0.05625 0.053125
0 0.021875 0.671875 0.04375 0.05
0 0.07734375 0.66953125 0.053125 0.0515625
0 0.12578125 0.6765625 0.05625 0.0546875
0 0.178125 0.6765625 0.0546875 0.0515625
0 0.23125 0.678125 0.05625 0.05
0 0.0125 0.625 0.025 0.053125
0 0.05546875 0.62734375 0.053125 0.053125
0 0.10546875 0.63046875 0.053125 0.053125
0 0.1546875 0.63125 0.05 0.0515625
0 0.2046875 0.63828125 0.05625 0.0546875
0 0.2640625 0.63359375 0.053125 0.0546875
0 0.025 0.5890625 0.05 0.053125
0 0.0796875 0.58671875 0.053125 0.0515625
0 0.13359375 0.5890625 0.053125 0.0515625
0 0.18359375 0.596875 0.0515625 0.0515625
0 0.22890625 0.59921875 0.0484375 0.0515625
0 0.29453125 0.5921875 0.053125 0.05
0 0.0125 0.5515625 0.025 0.053125
0 0.05234375 0.54609375 0.053125 0.0515625
0 0.10234375 0.55625 0.0546875 0.0515625
0 0.16015625 0.55625 0.0515625 0.0515625
0 0.2109375 0.55390625 0.053125 0.0515625
0 0.25390625 0.5625 0.0515625 0.053125
0 0.03203125 0.5046875 0.053125 0.0546875
0 0.0828125 0.50703125 0.0546875 0.05
0 0.1359375 0.51328125 0.053125 0.053125
0 0.18359375 0.5109375 0.05 0.0515625
0 0.228125 0.5203125 0.0484375 0.0484375
0 0.2921875 0.509375 0.0515625 0.0515625
0 0.3171875 0.5515625 0.053125 0.0515625
0 0.33671875 0.525 0.0484375 0.0515625
0 0.021875 0.4609375 0.04375 0.053125
0 0.0609375 0.47421875 0.046875 0.046875
0 0.109375 0.4765625 0.0546875 0.053125
0 0.16640625 0.4671875 0.0515625 0.0484375
0 0.21328125 0.47734375 0.0515625 0.0546875
0 0.259375 0.48046875 0.0515625 0.053125
0 0.31328125 0.4734375 0.0546875 0.05
0 0.04609375 0.4234375 0.053125 0.053125
0 0.09140625 0.43046875 0.046875 0.053125
0 0.1390625 0.43515625 0.0515625 0.0515625
0 0.18671875 0.43671875 0.053125 0.053125
0 0.2359375 0.43828125 0.05625 0.0484375
0 0.2890625 0.434375 0.0515625 0.0515625
0 0.33515625 0.43828125 0.0453125 0.0453125
0 0.37890625 0.46640625 0.05625 0.0484375
0 0.37890625 0.4421875 0.046875 0.0375
0 0.03046875 0.37734375 0.0421875 0.0515625
0 0.0671875 0.38828125 0.05 0.0484375
0 0.1265625 0.38046875 0.05625 0.0515625
0 0.17578125 0.38125 0.05 0.0484375
0 0.21953125 0.38984375 0.0484375 0.053125
0 0.26640625 0.39375 0.0515625 0.0515625
0 0.31171875 0.403125 0.05 0.0484375
0 0.3640625 0.39765625 0.05 0.05
0 0.4078125 0.4140625 0.05 0.0515625
0 0.0484375 0.34140625 0.053125 0.0515625
0 0.10078125 0.33984375 0.0515625 0.0515625
0 0.14921875 0.34453125 0.0546875 0.05
0 0.19765625 0.3453125 0.0515625 0.05
0 0.24375 0.353125 0.0515625 0.0515625
0 0.29375 0.35078125 0.0484375 0.0515625
0 0.3390625 0.359375 0.053125 0.05625
0 0.39296875 0.35625 0.05 0.05
0 0.43828125 0.37109375 0.0546875 0.05625
0 0.03515625 0.3 0.034375 0.0515625
0 0.07890625 0.296875 0.053125 0.0484375
0 0.128125 0.30234375 0.0515625 0.053125
0 0.1765625 0.3015625 0.0515625 0.05
0 0.225 0.30546875 0.053125 0.05
0 0.2734375 0.30859375 0.05 0.05
0 0.31875 0.31796875 0.05 0.0484375
0 0.371875 0.31171875 0.0484375 0.0515625
0 0.41953125 0.31875 0.0546875 0.0515625
0 0.4671875 0.32265625 0.0484375 0.05
0 0.05 0.259375 0.05 0.0484375
0 0.09921875 0.2640625 0.0515625 0.053125
0 0.1515625 0.2625 0.053125 0.053125
0 0.19921875 0.26640625 0.05 0.046875
0 0.2453125 0.2671875 0.05 0.05
0 0.2921875 0.27578125 0.05 0.0515625
0 0.340625 0.28125 0.0546875 0.0515625
0 0.3921875 0.2734375 0.0515625 0.0484375
0 0.4375 0.28671875 0.0453125 0.0453125
0 0.484375 0.2921875 0.053125 0.0484375
0 0.04296875 0.21953125 0.03125 0.053125
0 0.0796875 0.221875 0.053125 0.0515625
0 0.12734375 0.21875 0.05 0.05
0 0.1734375 0.22734375 0.0484375 0.046875
0 0.22421875 0.228125 0.0546875 0.0484375
0 0.27265625 0.23125 0.0515625 0.05
0 0.31953125 0.2359375 0.0515625 0.0484375
0 0.36875 0.2375 0.053125 0.0546875
0 0.4234375 0.23515625 0.053125 0.0515625
0 0.47421875 0.2375 0.0546875 0.053125
0 0.0625 0.17421875 0.053125 0.05625
0 0.10625 0.184375 0.05 0.0515625
0 0.1484375 0.1875 0.046875 0.0453125
0 0.1984375 0.1859375 0.0515625 0.05
0 0.24921875 0.190625 0.053125 0.0515625
0 0.2953125 0.19609375 0.0484375 0.05
0 0.34296875 0.20625 0.053125 0.0515625
0 0.39921875 0.19765625 0.0515625 0.0515625
0 0.45 0.196875 0.05 0.05
0 0.4953125 0.203125 0.05 0.05
0 0.521875 0.24296875 0.053125 0.0546875
0 0.54375 0.20625 0.053125 0.0515625
0 0.0515625 0.1328125 0.0265625 0.05
0 0.0875 0.13125 0.0546875 0.053125
0 0.1265625 0.15 0.0453125 0.0546875
0 0.18125 0.1421875 0.0515625 0.0515625
0 0.22890625 0.146875 0.0484375 0.0546875
0 0.26953125 0.15859375 0.0453125 0.0453125
0 0.3171875 0.1609375 0.05625 0.0546875
0 0.37578125 0.15859375 0.0515625 0.05
0 0.42734375 0.15703125 0.053125 0.05
0 0.48203125 0.15234375 0.0515625 0.0515625
0 0.52578125 0.16015625 0.0515625 0.05625
0 0.5796875 0.15703125 0.05625 0.053125
0 0.0640625 0.096875 0.040625 0.05
0 0.11171875 0.09375 0.053125 0.0515625
0 0.15859375 0.10234375 0.0515625 0.0546875
0 0.20625 0.10390625 0.0515625 0.053125
0 0.25859375 0.11015625 0.053125 0.0515625
0 0.3078125 0.1109375 0.0515625 0.0515625
0 0.35390625 0.11171875 0.0515625 0.0484375
0 0.40390625 0.11484375 0.05 0.0515625
0 0.45 0.11796875 0.0484375 0.046875
0 0.50078125 0.1171875 0.053125 0.05
0 0.55859375 0.1125 0.053125 0.053125
0 0.6046875 0.11484375 0.0828125 0.0765625
0 0.08359375 0.0578125 0.05 0.0484375
0 0.13046875 0.06328125 0.05 0.0484375
0 0.17890625 0.07109375 0.053125 0.0484375
0 0.228125 0.0703125 0.053125 0.053125
0 0.2734375 0.07734375 0.046875 0.046875
0 0.321875 0.0796875 0.05625 0.0484375
0 0.38359375 0.06875 0.0515625 0.05625
0 0.42421875 0.0828125 0.0515625 0.053125
0 0.06875 0.02109375 0.034375 0.0421875
0 0.11328125 0.0203125 0.0546875 0.040625
0 0.1625 0.021875 0.046875 0.04375
0 0.20703125 0.0296875 0.05625 0.0515625
0 0.2546875 0.03359375 0.053125 0.0484375
0 0.31171875 0.021875 0.0578125 0.04375
0 0.3609375 0.0265625 0.05 0.05
0 0.41015625 0.028125 0.0515625 0.05
0 0.45625 0.0375 0.0515625 0.0546875
0 0.28203125 0.0046875 0.0484375 0.009375
0 0.3328125 0.0046875 0.05625 0.009375
0 0.384375 0.00625 0.05 0.0125
0 0.43203125 0.009375 0.0515625 0.01875
0 0.478125 0.07890625 0.053125 0.053125
0 0.5359375 0.0703125 0.0578125 0.0515625
0 0.58515625 0.071875 0.05 0.0515625
0 0.63046875 0.07890625 0.05 0.053125
0 0.51171875 0.0296875 0.053125 0.0484375
0 0.5625 0.02890625 0.053125 0.053125
0 0.60859375 0.0375 0.05625 0.0546875
0 0.65625 0.040625 0.0546875 0.053125
0 0.4828125 0.00859375 0.04375 0.0171875
0 0.5265625 0.0109375 0.04375 0.021875
0 0.57421875 0.01484375 0.0515625 0.025
0 0.671875 0.02578125 0.046875 0.021875