0 0.49765625 0.575 0.0765625 0.075
0 0.54453125 0.52265625 0.0734375 0.071875
0 0.684375 0.07421875 0.075 0.071875
0 0.23046875 0.01640625 0.0765625 0.0328125
0 0.22421875 0.17109375 0.075 0.0734375
0 0.721875 0.309375 0.0765625 0.071875
0 0.3671875 0.37421875 0.0765625 0.075
0 0.90390625 0.65625 0.071875 0.075
0 0.8953125 0.1109375 0.0734375 0.0734375
0 0.18515625 0.04921875 0.0765625 0.075
0 0.94765625 0.41328125 0.075 0.0734375
0 0.990625 0.3015625 0.01875 0.071875
0 0.84765625 0.153125 0.0765625 0.0734375
0 0.36796875 0.02578125 0.0734375 0.0515625
0 0.51953125 0.46328125 0.0765625 0.0734375
0 0.51796875 0.103125 0.075 0.071875
0 0.62421875 0.06484375 0.0734375 0.0734375
0 0.91953125 0.1703125 0.071875 0.071875
0 0.75078125 0.0859375 0.071875 0.071875
0 0.68046875 0.78359375 0.071875 0.0734375
0 0.68671875 0.9578125 0.075 0.075
0 0.91875 0.35234375 0.0765625 0.075
0 0.69921875 0.425 0.0734375 0.0734375
0 0.934375 0.2328125 0.071875 0.06875
0 0.6078125 0.52890625 0.0734375 0.0734375
0 0.765625 0.8546875 0.0765625 0.0734375
0 0.85625 0.33984375 0.0734375 0.0734375
0 0.61953125 0.775 0.071875 0.0734375
0 0.49765625 0.04296875 0.0734375 0.0734375
0 0.93125 0.52421875 0.078125 0.075
0 0.95703125 0.6640625 0.053125 0.0703125
0 0.815625 0.896875 0.0703125 0.0734375
0 0.66640625 0.18828125 0.0734375 0.0734375
0 0.8046875 0.74375 0.0765625 0.0734375
0 0.9109375 0.465625 0.078125 0.071875
0 0.9890625 0.41875 0.021875 0.06875
0 0.584375 0.2875 0.0765625 0.075
0 0.63671875 0.8390625 0.0765625 0.075
0 0.4375 0.38515625 0.071875 0.0734375
0 0.73203125 0.196875 0.075 0.0734375
0 0.33828125 0.128125 0.0703125 0.0734375
0 0.409375 0.5125 0.08125 0.0765625
0 0.65234375 0.6515625 0.075 0.071875
0 0.87421875 0.83203125 0.078125 0.0734375
0 0.490625 0.94140625 0.075 0.0734375
0 0.5578125 0.0484375 0.0734375 0.0734375
0 0.8203125 0.96015625 0.06875 0.071875
0 0.97890625 0.23984375 0.0421875 0.0734375
0 0.859375 0.509375 0.0765625 0.075
0 0.971875 0.178125 0.05625 0.075
0 0.5234375 0.63984375 0.0765625 0.071875
0 0.4359375 0.03046875 0.071875 0.0609375
0 0.29140625 0.18125 0.075 0.0734375
0 0.709375 0.13359375 0.071875 0.071875
0 0.45625 0.26328125 0.071875 0.071875
0 0.81328125 0.81015625 0.0703125 0.0734375
0 0.4546875 0.45390625 0.06875 0.071875
0 0.74921875 0.55234375 0.0765625 0.0734375
0 0.88359375 0.28046875 0.075 0.075
0 0.82421875 0.2625 0.0734375 0.0734375
0 0.87890625 0.4046875 0.0734375 0.0734375
0 0.30390625 0.0203125 0.0765625 0.040625
0 0.38984375 0.62890625 0.071875 0.06875
0 0.5359375 0.884375 0.0703125 0.075
0 0.59765625 0.89140625 0.075 0.0734375
0 0.6078125 0.70859375 0.075 0.075
0 0.565625 0.946875 0.075 0.071875
0 0.45625 0.63671875 0.0734375 0.0734375
0 0.40078125 0.1390625 0.078125 0.075
0 0.475 0.15625 0.071875 0.0703125
0 0.775 0.146875 0.075 0.0734375
0 0.8171875 0.09609375 0.075 0.0734375
0 0.66171875 0.89765625 0.06875 0.0703125
0 0.75546875 0.9640625 0.0734375 0.071875
0 0.859375 0.70234375 0.075 0.0734375
0 0.48203125 0.6984375 0.075 0.0734375
0 0.96171875 0.11640625 0.075 0.071875
0 0.9296875 0.84453125 0.0453125 0.06875
0 0.64765625 0.125 0.0703125 0.0671875
0 0.45078125 0.09296875 0.0765625 0.075
0 0.5625 0.58046875 0.0734375 0.071875
0 0.44765625 0.821875 0.075 0.0734375
0 0.81484375 0.38515625 0.0765625 0.075
0 0.73125 0.04453125 0.06875 0.034375
0 0.53671875 0.1640625 0.0703125 0.0703125
0 0.77109375 0.6125 0.075 0.0734375
0 0.74609375 0.7890625 0.078125 0.075
0 0.725 0.903125 0.075 0.0734375
0 0.315625 0.24453125 0.078125 0.075
0 0.95078125 0.2953125 0.075 0.075
0 0.55390625 0.22265625 0.075 0.071875
0 0.4234375 0.20234375 0.0765625 0.075
0 0.87109375 0.2140625 0.071875 0.0703125
0 0.64765625 0.471875 0.0765625 0.075
0 0.63203125 0.41015625 0.071875 0.06875
0 0.49296875 0.7640625 0.0765625 0.0765625
0 0.58359375 0.11484375 0.071875 0.071875
0 0.73984375 0.36953125 0.0765625 0.075
0 0.69375 0.6015625 0.08125 0.0765625
0 0.62890625 0.23671875 0.0734375 0.071875
0 0.80546875 0.203125 0.0734375 0.071875
0 0.88046875 0.96484375 0.0734375 0.0703125
0 0.42734375 0.76171875 0.071875 0.0734375
0 0.74453125 0.7234375 0.075 0.075
0 0.628125 0.5890625 0.071875 0.0734375
0 0.35390625 0.190625 0.071875 0.071875
0 0.8765625 0.89921875 0.0734375 0.0734375
0 0.41015625 0.6953125 0.0765625 0.0734375
0 0.978125 0.36015625 0.04375 0.0671875
0 0.87265625 0.7640625 0.075 0.071875
0 0.25234375 0.2375 0.071875 0.0734375
0 0.58671875 0.46875 0.0703125 0.071875
0 0.32890625 0.06640625 0.0734375 0.06875
0 0.54296875 0.7 0.065625 0.071875
0 0.47109375 0.88125 0.0734375 0.071875
0 0.51328125 0.821875 0.0734375 0.071875
0 0.703125 0.8453125 0.0703125 0.0703125
0 0.57421875 0.8265625 0.0671875 0.0703125
0 0.8609375 0.06796875 0.0671875 0.034375
0 0.27109375 0.121875 0.075 0.0734375
0 0.5859375 0.98828125 0.075 0.0234375
0 0.66640625 0.0328125 0.0609375 0.03125
0 0.49453125 0.21484375 0.071875 0.071875
0 0.5859375 0.646875 0.0671875 0.0671875
0 0.51484375 0.98203125 0.0703125 0.0359375
0 0.46640625 0.00625 0.0671875 0.0125
0 0.6015625 0.171875 0.0734375 0.0734375
1 0.76796875 0.43671875 0.078125 0.06875
0 0.5328125 0.01328125 0.071875 0.0265625
0 0.9234375 0.90625 0.034375 0.065625
0 0.94453125 0.78515625 0.0359375 0.0671875
1 0.9453125 0.596875 0.0703125 0.075
1 0.69375 0.2484375 0.075 0.06875
0 0.79765625 0.05546875 0.065625 0.03125
0 0.365625 0.56953125 0.075 0.0734375
1 0.5390625 0.34140625 0.08125 0.071875
1 0.67890625 0.71484375 0.0703125 0.0734375
1 0.66875 0.36015625 0.071875 0.071875
1 0.92734375 0.72109375 0.0734375 0.06875
1 0.76328125 0.26015625 0.0625 0.0671875
1 0.72421875 0.4890625 0.078125 0.075
1 0.503125 0.39765625 0.0796875 0.0765625
1 0.653125 0.3 0.0734375 0.065625
1 0.3390625 0.48984375 0.078125 0.0828125
0 0.62734375 0.9578125 0.06875 0.0734375
1 0.515625 0.27890625 0.06875 0.071875
1 0.4796875 0.32890625 0.065625 0.065625
1 0.678125 0.53671875 0.078125 0.0671875
1 0.84296875 0.63046875 0.078125 0.0796875
1 0.87890625 0.58046875 0.0765625 0.071875
0 0.5625 0.76171875 0.06875 0.071875
1 0.83359375 0.45390625 0.0765625 0.071875
1 0.3015625 0.3671875 0.071875 0.0734375
1 0.81484375 0.5609375 0.071875 0.0734375
1 0.728125 0.66484375 0.06875 0.0640625
1 0.5671875 0.40625 0.071875 0.0734375
0 0.98203125 0.0875 0.0359375 0.025
1 0.41796875 0.315625 0.075 0.0765625
1 0.2890625 0.30390625 0.0796875 0.0671875
1 0.353125 0.3078125 0.065625 0.0609375
1 0.7890625 0.3203125 0.0734375 0.0703125
1 0.79453125 0.675 0.0734375 0.0671875
1 0.60390625 0.35234375 0.06875 0.065625
1 0.3234375 0.425 0.078125 0.0640625
1 0.3859375 0.25625 0.075 0.0671875
0 0.26015625 0.06171875 0.075 0.0703125
1 0.39296875 0.4421875 0.0734375 0.071875
1 0.7890625 0.50078125 0.075 0.0734375
0 0.43203125 0.5734375 0.06875 0.0703125
1 0.48203125 0.51796875 0.0734375 0.071875
1 0.97578125 0.490625 0.0484375 0.06875
0 0.20859375 0.10859375 0.0625 0.0640625
0 0.1671875 0.01171875 0.06875 0.0234375
0 0.91875 0.96875 0.021875 0.0625
1 0.66484375 0.99296875 0.0953125 0.0140625
1 0.93515625 0.07578125 0.0671875 0.025