0 0.83125 0.509375 0.0734375 0.071875
0 0.11484375 0.9484375 0.05 0.065625
0 0.83984375 0.44375 0.0734375 0.075
0 0.828125 0.79921875 0.0734375 0.071875
0 0.7609375 0.88515625 0.0734375 0.0734375
0 0.79765625 0.39375 0.071875 0.0703125
0 0.9640625 0.39375 0.0609375 0.071875
0 0.11640625 0.27578125 0.0734375 0.071875
0 0.60390625 0.75625 0.075 0.0734375
0 0.8171875 0.56875 0.0703125 0.06875
0 0.9796875 0.7921875 0.040625 0.071875
0 0.9796875 0.50234375 0.040625 0.0671875
0 0.04375 0.63359375 0.0625 0.06875
0 0.92421875 0.590625 0.071875 0.0703125
0 0.69765625 0.9015625 0.0765625 0.075
0 0.61875 0.696875 0.075 0.071875
0 0.93515625 0.2859375 0.0640625 0.0703125
0 0.88984375 0.4859375 0.071875 0.0703125
0 0.575 0.421875 0.0734375 0.071875
0 0.85859375 0.37421875 0.0734375 0.071875
0 0.40390625 0.65390625 0.0734375 0.071875
0 0.93671875 0.81796875 0.071875 0.06875
0 0.69921875 0.12578125 0.071875 0.0703125
0 0.49765625 0.50703125 0.075 0.075
0 0.8921875 0.77890625 0.071875 0.0703125
0 0.97265625 0.56640625 0.0546875 0.0703125
0 0.26328125 0.3609375 0.0703125 0.06875
0 0.9609375 0.69296875 0.0734375 0.075
0 0.63359375 0.6265625 0.071875 0.06875
0 0.725 0.4890625 0.0703125 0.0703125
0 0.41796875 0.59296875 0.075 0.071875
0 0.46953125 0.39921875 0.071875 0.06875
0 0.421875 0.3515625 0.0734375 0.0703125
0 0.96796875 0.6296875 0.0640625 0.06875
0 0.00859375 0.440625 0.0171875 0.06875
0 0.73671875 0.4234375 0.071875 0.071875
0 0.01796875 0.5078125 0.0359375 0.06875
0 0.80625 0.91640625 0.0703125 0.0578125
0 0.52734375 0.6078125 0.075 0.075
0 0.4796875 0.85703125 0.075 0.075
0 0.9 0.7109375 0.0734375 0.071875
0 0.8484375 0.20859375 0.0734375 0.0703125
0 0.4421875 0.04765625 0.0734375 0.071875
0 0.615625 0.96796875 0.0671875 0.05
0 0.59296875 0.1046875 0.0734375 0.0703125
0 0.40625 0.94609375 0.0734375 0.0734375
0 0.07578125 0.78984375 0.0484375 0.065625
0 0.78671875 0.221875 0.071875 0.0703125
0 0.57578125 0.9375 0.075 0.0734375
0 0.8640625 0.60625 0.0703125 0.06875
0 0.509375 0.66953125 0.075 0.075
0 0.60546875 0.28828125 0.071875 0.071875
0 0.8171875 0.86171875 0.0734375 0.0734375
0 0.5328125 0.1328125 0.0765625 0.075
0 0.55625 0.9828125 0.065625 0.034375
0 0.6921875 0.37890625 0.0734375 0.0703125
0 0.5421875 0.8421875 0.0765625 0.0765625
0 0.1234375 0.775 0.075 0.0734375
0 0.83046875 0.26328125 0.071875 0.071875
0 0.9359375 0.52265625 0.071875 0.071875
0 0.00703125 0.1984375 0.0140625 0.06875
0 0.35703125 0.61328125 0.0734375 0.0734375
0 0.58828125 0.88359375 0.075 0.071875
0 0.45078125 0.69296875 0.0734375 0.0734375
0 0.65078125 0.57109375 0.071875 0.06875
0 0.3765625 0.55390625 0.0765625 0.0765625
0 0.3328125 0.990625 0.075 0.01875
0 0.87734375 0.546875 0.071875 0.071875
0 0.46640625 0.63046875 0.0734375 0.071875
0 0.90625 0.18984375 0.071875 0.0734375
0 0.61328125 0.04765625 0.075 0.071875
0 0.4265625 0.75546875 0.0734375 0.0703125
0 0.4375 0.525 0.0703125 0.06875
0 0.35859375 0.83828125 0.0734375 0.071875
0 0.6078125 0.53125 0.071875 0.0671875
0 0.6359375 0.3984375 0.0703125 0.0703125
0 0.2828125 0.221875 0.075 0.075
0 0.51796875 0.9640625 0.0734375 0.06875
0 0.771875 0.81953125 0.0734375 0.071875
0 0.6203125 0.46484375 0.0703125 0.06875
0 0.5625 0.23984375 0.075 0.0734375
0 0.2625 0.53203125 0.0734375 0.075
0 0.725 0.775 0.0734375 0.0734375
0 0.121875 0.89609375 0.0734375 0.071875
0 0.665625 0.509375 0.0703125 0.06875
0 0.76796875 0.52890625 0.0703125 0.0703125
0 0.67890625 0.95234375 0.06875 0.05
0 0.74296875 0.93203125 0.0703125 0.05625
0 0.18046875 0.29765625 0.0703125 0.0703125
0 0.63515625 0.91953125 0.071875 0.071875
0 0.734375 0.021875 0.071875 0.04375
0 0.7828125 0.75390625 0.071875 0.071875
0 0.5578125 0.48515625 0.071875 0.071875
0 0.440625 0.29296875 0.0734375 0.0703125
0 0.7171875 0.06796875 0.0734375 0.06875
0 0.79921875 0.01328125 0.0734375 0.0265625
0 0.80546875 0.628125 0.071875 0.0734375
0 0.95 0.7515625 0.071875 0.071875
0 0.97421875 0.853125 0.0515625 0.075
0 0.81171875 0.3296875 0.0734375 0.0734375
0 0.18125 0.75 0.075 0.0734375
0 0.20078125 0.3546875 0.0734375 0.0703125
0 0.78046875 0.0625 0.0734375 0.06875
0 0.5875 0.590625 0.071875 0.06875
0 0.528125 0.90390625 0.075 0.0734375
0 0.590625 0.35625 0.0734375 0.071875
0 0.92890625 0.87734375 0.071875 0.0703125
0 0.103125 0.83828125 0.071875 0.06875
0 0.759375 0.1109375 0.0765625 0.0734375
0 0.33828125 0.665625 0.0734375 0.0734375
0 0.6359375 0.15078125 0.0765625 0.075
0 0.68125 0.19609375 0.071875 0.071875
0 0.10546875 0.44296875 0.071875 0.0703125
0 0.77265625 0.28359375 0.071875 0.06875
0 0.62421875 0.21484375 0.0734375 0.0703125
0 0.6625 0.7859375 0.071875 0.071875
0 0.8875 0.246875 0.075 0.071875
0 0.95234375 0.45859375 0.071875 0.0703125
0 0.8734375 0.31015625 0.075 0.0734375
0 0.75078125 0.35078125 0.071875 0.071875
0 0.31328125 0.56484375 0.071875 0.06875
0 0.7828125 0.46875 0.071875 0.0703125
0 0.4296875 0.10625 0.0734375 0.06875
0 0.4765625 0.78984375 0.075 0.0734375
0 0.83984375 0.03515625 0.0734375 0.0703125
0 0.5546875 0.70859375 0.075 0.075
0 0.0453125 0.203125 0.071875 0.06875
0 0.390625 0.4828125 0.0734375 0.0703125
0 0.27890625 0.97890625 0.0765625 0.0421875
0 0.45234375 0.4625 0.0765625 0.075
0 0.8515625 0.6703125 0.071875 0.0703125
0 0.68046875 0.4390625 0.0703125 0.0703125
0 0.421875 0.87265625 0.0734375 0.0703125
0 0.3015625 0.8 0.0734375 0.06875
0 0.328125 0.271875 0.075 0.0734375
0 0.31953125 0.3265625 0.071875 0.071875
0 0.3625 0.77109375 0.075 0.075
0 0.29375 0.6171875 0.0734375 0.071875
0 0.3609375 0.128125 0.075 0.075
0 0.53828125 0.77578125 0.075 0.0734375
0 0.35703125 0.89765625 0.0734375 0.0703125
0 0.48125 0.5640625 0.071875 0.0703125
0 0.57265625 0.646875 0.0734375 0.0703125
0 0.60234375 0.81796875 0.0765625 0.0734375
0 0.578125 0.1671875 0.075 0.075
0 0.5140625 0.44609375 0.071875 0.071875
0 0.23359375 0.91484375 0.078125 0.075
0 0.17265625 0.4546875 0.0734375 0.071875
0 0.32421875 0.4984375 0.075 0.0734375
0 0.71015625 0.83671875 0.071875 0.071875
0 0.99296875 0.6671875 0.0140625 0.06875
0 0.71015625 0.55078125 0.0703125 0.06875
0 0.6703125 0.72734375 0.0703125 0.06875
0 0.7421875 0.64765625 0.071875 0.0703125
0 0.38359375 0.7140625 0.075 0.071875
0 0.8046875 0.15859375 0.071875 0.0703125
0 0.98515625 0.7328125 0.0296875 0.071875
0 0.46171875 0.0109375 0.0671875 0.021875
0 0.18203125 0.87734375 0.075 0.0734375
0 0.221875 0.96484375 0.075 0.0703125
0 0.68359375 0.6671875 0.0734375 0.0734375
0 0.3984375 0.02578125 0.0703125 0.0453125
0 0.6546875 0.08203125 0.071875 0.0671875
0 0.45703125 0.975 0.0734375 0.05
0 0.884375 0.08671875 0.06875 0.0734375
0 0.36171875 0.3703125 0.0734375 0.0703125
0 0.1734375 0.93359375 0.0734375 0.0703125
0 0.3984375 0.98125 0.075 0.0375
0 0.03203125 0.38203125 0.0640625 0.0703125
0 0.49765625 0.73046875 0.071875 0.0703125
0 0.30234375 0.86328125 0.0734375 0.071875
0 0.3484375 0.96328125 0.071875 0.0734375
0 0.8671875 0.896875 0.071875 0.0640625
0 0.3796875 0.3078125 0.075 0.071875
0 0.084375 0.56640625 0.0734375 0.0703125
0 0.88046875 0.84296875 0.0734375 0.071875
0 0.23515625 0.78046875 0.0765625 0.075
0 0.54609375 0.54609375 0.0734375 0.0703125
0 0.73359375 0.7140625 0.0734375 0.0734375
0 0.34609375 0.20546875 0.078125 0.0765625
0 0.51875 0.1953125 0.075 0.0734375
0 0.91953125 0.3484375 0.071875 0.071875
0 0.30625 0.74140625 0.0734375 0.071875
0 0.134375 0.33359375 0.0640625 0.0640625
0 0.503125 0.02578125 0.071875 0.0515625
0 0.228125 0.6421875 0.0734375 0.071875
0 0.840625 0.7359375 0.071875 0.071875
0 0.4640625 0.92734375 0.071875 0.0703125
0 0.1953125 0.68984375 0.0765625 0.0703125
0 0.12890625 0.71640625 0.075 0.0703125
0 0.5015625 0.26875 0.0765625 0.0734375
0 0.21796875 0.13828125 0.075 0.071875
0 0.74296875 0.18203125 0.0734375 0.071875
0 0.66171875 0.26875 0.075 0.0734375
0 0.790625 0.68828125 0.0703125 0.0703125
0 0.14375 0.66015625 0.071875 0.0703125
0 0.6984375 0.60859375 0.0703125 0.06875
0 0.39375 0.2484375 0.075 0.06875
0 0.34453125 0.43671875 0.0734375 0.071875
0 0.3296875 0.0375 0.065625 0.034375
0 0.865625 0.14609375 0.071875 0.06875
0 0.31171875 0.08359375 0.078125 0.0734375
0 0.025 0.31953125 0.05 0.0734375
0 0.27890625 0.67421875 0.075 0.0734375
0 0.709375 0.30546875 0.0734375 0.0734375
0 0.52890625 0.37578125 0.075 0.075
0 0.415625 0.81171875 0.0734375 0.0703125
0 0.825 0.096875 0.0734375 0.0734375
0 0.628125 0.00703125 0.071875 0.0140625
0 0.07734375 0.6828125 0.0796875 0.075
0 0.409375 0.42265625 0.075 0.0734375
0 0.653125 0.3328125 0.071875 0.071875
0 0.1515625 0.5640625 0.0734375 0.0703125
0 0.91484375 0.646875 0.06875 0.0671875
0 0.54453125 0.31015625 0.0734375 0.0703125
0 0.675 0.03046875 0.075 0.0609375
0 0.24140625 0.8453125 0.071875 0.0703125
0 0.48515625 0.32890625 0.071875 0.06875
0 0.0734375 0.32109375 0.0703125 0.0703125
0 0.72578125 0.24140625 0.075 0.0734375
0 0.41328125 0.18203125 0.0734375 0.0703125
0 0.14296875 0.98203125 0.0734375 0.0359375
0 0.90390625 0.4234375 0.075 0.0734375
0 0.17578125 0.809375 0.0734375 0.06875
0 0.653125 0.86171875 0.0734375 0.071875
0 0.22421875 0.25703125 0.071875 0.0734375
0 0.028125 0.14609375 0.05625 0.0703125
0 0.9140625 0.1328125 0.034375 0.0671875
0 0.19140625 0.0875 0.075 0.0640625
0 0.01484375 0.25625 0.0296875 0.06875
0 0.125 0.51015625 0.071875 0.06875
0 0.09140625 0.3828125 0.0671875 0.06875
0 0.246875 0.72421875 0.0734375 0.0703125
0 0.55 0.05390625 0.0703125 0.06875
0 0.5234375 0.00390625 0.06875 0.0078125
0 0.06953125 0.73515625 0.0640625 0.0671875
0 0.03984375 0.44453125 0.0734375 0.0703125
0 0.384375 0.05703125 0.0734375 0.06875
0 0.0578125 0.26171875 0.06875 0.06875
0 0.26015625 0.30078125 0.071875 0.06875
0 0.1734375 0.61328125 0.0734375 0.06875
0 0.10703125 0.209375 0.0703125 0.06875
0 0.96875 0.8921875 0.0625 0.0265625
0 0.571875 0.01640625 0.078125 0.0328125
0 0.2875 0.41953125 0.06875 0.0671875
0 0.06171875 0.50625 0.0734375 0.06875
0 0.16015625 0.396875 0.0703125 0.06875
0 0.2984375 0.921875 0.0671875 0.06875
0 0.753125 0.5859375 0.071875 0.06875
0 0.49921875 0.99296875 0.0640625 0.0140625
0 0.225 0.19375 0.0734375 0.06875
0 0.1953125 0.51875 0.0734375 0.0703125
0 0.9875 0.4421875 0.025 0.071875
0 0.26796875 0.059375 0.0734375 0.0484375
0 0.16640625 0.2359375 0.0734375 0.0734375
0 0.078125 0.10859375 0.0703125 0.05
0 0.109375 0.61796875 0.0734375 0.06875
0 0.28359375 0.1546875 0.0765625 0.0734375
0 0.88828125 0.0328125 0.0328125 0.0625
0 0.02890625 0.57109375 0.0578125 0.0703125
0 0.2453125 0.46875 0.071875 0.06875
0 0.45546875 0.22734375 0.078125 0.075
0 0.9640625 0.33359375 0.034375 0.0703125
0 0.47265625 0.14140625 0.0671875 0.06875
0 0.0890625 0.15078125 0.071875 0.0671875
0 0.215625 0.56484375 0.078125 0.075
0 0.13515625 0.11015625 0.071875 0.071875
0 0.159375 0.16953125 0.0734375 0.06875
0 0.49375 0.06484375 0.0578125 0.05625