0 0.03359375 0.3578125 0.06171875 0.0609375
0 0.0203125 0.66953125 0.040625 0.05546875
0 0.26015625 0.8390625 0.0609375 0.06171875
0 0.02421875 0.84375 0.0484375 0.06171875
0 0.0578125 0.8953125 0.06171875 0.06015625
0 0.98125 0.91953125 0.0375 0.05859375
0 0.17421875 0.925 0.0609375 0.0609375
0 0.40625 0.93046875 0.06171875 0.06015625
0 0.015625 0.5640625 0.03125 0.0609375
0 0.10390625 0.346875 0.0609375 0.06015625
0 0.10859375 0.77421875 0.06015625 0.059375
0 0.0375 0.61328125 0.06015625 0.06015625
0 0.2875 0.97109375 0.0609375 0.05703125
0 0.821875 0.96796875 0.06171875 0.0609375
0 0.0578125 0.71953125 0.06015625 0.06171875
0 0.15 0.97734375 0.0625 0.0453125
0 0.10078125 0.61015625 0.0609375 0.0609375
0 0.65078125 0.953125 0.059375 0.05859375
0 0.03125 0.94609375 0.06015625 0.0578125
0 0.21796875 0.97265625 0.06328125 0.0546875
0 0.059375 0.296875 0.0625 0.059375
0 0.16640625 0.35703125 0.0625 0.0625
0 0.20546875 0.4328125 0.0609375 0.0609375
0 0.11328125 0.928125 0.05859375 0.06015625
0 0.984375 0.8578125 0.03125 0.0625
0 0.14375 0.8734375 0.0609375 0.06015625
0 0.3234375 0.834375 0.0609375 0.06328125
0 0.4171875 0.97890625 0.0625 0.0421875
0 0.42578125 0.834375 0.06171875 0.06015625
0 0.46015625 0.878125 0.0625 0.06015625
0 0.3734375 0.79609375 0.06015625 0.059375
0 0.11953125 0.715625 0.0609375 0.059375
0 0.375 0.87734375 0.0625 0.06015625
0 0.21875 0.7953125 0.06015625 0.06015625
0 0.87578125 0.934375 0.0625 0.06328125
0 0.36015625 0.6796875 0.0609375 0.0609375
0 0.17109375 0.75625 0.0609375 0.06171875
0 0.1875 0.69453125 0.06171875 0.06171875
0 0.07578125 0.66171875 0.0609375 0.05859375
0 0.13671875 0.6546875 0.0609375 0.06171875
0 0.08515625 0.975 0.06015625 0.05
0 0.53125 0.9578125 0.06015625 0.05859375
0 0.34296875 0.9328125 0.0609375 0.059375
0 0.0890625 0.83203125 0.0609375 0.06015625
0 0.0796875 0.403125 0.06015625 0.059375
0 0.71015625 0.9140625 0.06015625 0.059375
0 0.159375 0.81796875 0.0609375 0.06015625
0 0.14609375 0.4140625 0.0609375 0.0625
0 0.396875 0.375 0.06015625 0.05859375
0 0.81875 0.83515625 0.06015625 0.06171875
0 0.76875 0.9390625 0.06015625 0.05859375
0 0.46953125 0.9421875 0.06015625 0.05859375
0 0.13046875 0.2921875 0.06328125 0.0609375
0 0.70859375 0.7234375 0.0578125 0.06015625
0 0.646875 0.76171875 0.06015625 0.0578125
0 0.9453125 0.7734375 0.06171875 0.0578125
0 0.22890625 0.36875 0.0609375 0.059375
0 0.94765625 0.703125 0.06328125 0.06171875
0 0.59296875 0.9328125 0.0609375 0.06171875
0 0.70703125 0.784375 0.0578125 0.05703125
0 0.45234375 0.40546875 0.06171875 0.0609375
0 0.878125 0.7953125 0.059375 0.05859375
0 0.0125 0.3109375 0.02421875 0.05859375
0 0.159375 0.571875 0.06328125 0.06171875
0 0.20390625 0.86328125 0.059375 0.059375
0 0.3515625 0.98125 0.06015625 0.03671875
0 0.23515625 0.7328125 0.0609375 0.0625
0 0.6921875 0.46796875 0.0578125 0.06015625
0 0.0453125 0.77734375 0.05859375 0.05859375
0 0.5984375 0.9828125 0.059375 0.034375
0 0.97109375 0.42265625 0.05703125 0.05625
0 0.71015625 0.96953125 0.06171875 0.05546875
0 0.034375 0.446875 0.0609375 0.06015625
0 0.24765625 0.665625 0.05859375 0.059375
0 0.23515625 0.909375 0.05859375 0.06015625
0 0.8234375 0.76875 0.05859375 0.05859375
0 0.48203125 0.80703125 0.06015625 0.0609375
0 0.88984375 0.7328125 0.059375 0.05859375
0 0.3203125 0.38125 0.0625 0.06015625
0 0.871875 0.54453125 0.06015625 0.06171875
0 0.95625 0.5625 0.0625 0.06171875
0 0.803125 0.51171875 0.059375 0.05546875
0 0.76640625 0.740625 0.0609375 0.059375
0 0.79921875 0.396875 0.06015625 0.0578125
0 0.63671875 0.4453125 0.059375 0.05859375
0 0.83828125 0.709375 0.06015625 0.06015625
0 0.19609375 0.6296875 0.06171875 0.0625
0 0.03984375 0.50234375 0.05859375 0.05703125
0 0.859375 0.41875 0.0578125 0.0578125
0 0.30078125 0.709375 0.06015625 0.05859375
0 0.21796875 0.3109375 0.0609375 0.05859375
0 0.98359375 0.365625 0.0328125 0.0625
0 0.58046875 0.48359375 0.0625 0.06015625
0 0.4734375 0.62109375 0.059375 0.06015625
0 0.35390625 0.328125 0.06171875 0.0609375
0 0.590625 0.68203125 0.0609375 0.06015625
0 0.421875 0.70625 0.06015625 0.0546875
0 0.29375 0.89375 0.05859375 0.0578125
0 0.01171875 0.9 0.02265625 0.05625
0 0.103125 0.4859375 0.059375 0.05859375
0 0.65234375 0.8859375 0.06171875 0.06171875
0 0.70703125 0.84453125 0.05859375 0.05703125
0 0.4296875 0.77265625 0.06171875 0.0609375
0 0.97578125 0.4765625 0.0484375 0.06171875
0 0.93359375 0.83046875 0.06171875 0.0578125
0 0.42109375 0.65078125 0.0578125 0.05625
0 0.53203125 0.64296875 0.0578125 0.05625
0 0.06015625 0.55703125 0.06015625 0.0578125
0 0.63125 0.3765625 0.05859375 0.059375
0 0.5421875 0.83984375 0.0578125 0.059375
0 0.7640625 0.80390625 0.06015625 0.0609375
0 0.54140625 0.53046875 0.059375 0.05703125
0 0.75703125 0.55546875 0.0578125 0.0578125
0 0.68359375 0.315625 0.05703125 0.05859375
0 0.428125 0.4609375 0.059375 0.0578125
0 0.29609375 0.765625 0.06171875 0.059375
0 0.3078125 0.640625 0.059375 0.06015625
0 0.83359375 0.640625 0.05625 0.059375
0 0.6375 0.52421875 0.0578125 0.059375
0 0.7671875 0.9875 0.0625 0.02421875
0 0.36328125 0.61484375 0.06015625 0.0609375
0 0.9890625 0.7859375 0.021875 0.06171875
0 0.76640625 0.8671875 0.05859375 0.0578125
0 0.64921875 0.703125 0.06015625 0.06171875
0 0.2671875 0.41328125 0.059375 0.06171875
0 0.87421875 0.85703125 0.06015625 0.05859375
0 0.36328125 0.425 0.0625 0.059375
0 0.24765625 0.59609375 0.05703125 0.05703125
0 0.421875 0.540625 0.0578125 0.053125
0 0.4859375 0.74453125 0.0578125 0.05859375
0 0.8140625 0.5703125 0.0578125 0.0578125
0 0.48203125 0.98828125 0.0609375 0.0234375
0 0.915625 0.45234375 0.059375 0.0546875
0 0.5921875 0.7984375 0.05625 0.0578125
0 0.4765625 0.49765625 0.0609375 0.05703125
0 0.75 0.4578125 0.0625 0.0796875
0 0.928125 0.9 0.06015625 0.0609375
0 0.69375 0.5265625 0.05625 0.05546875
0 0.73984375 0.371875 0.06015625 0.06015625
0 0.27890625 0.33046875 0.05859375 0.0578125
0 0.88671875 0.6640625 0.05703125 0.05859375
0 0.91796875 0.390625 0.06015625 0.06015625
0 0.68515625 0.40390625 0.06171875 0.0609375
0 0.30859375 0.4625 0.0609375 0.06171875
0 0.51640625 0.45234375 0.0609375 0.0609375
0 0.5421875 0.771875 0.059375 0.06015625
0 0.653125 0.5859375 0.05859375 0.059375
0 0.475 0.68515625 0.0578125 0.05703125
0 0.51171875 0.378125 0.059375 0.059375
0 0.98828125 0.5984375 0.0234375 0.059375
0 0.24296875 0.4984375 0.0609375 0.05625
0 0.65 0.82578125 0.059375 0.06015625
0 0.46640625 0.24453125 0.0609375 0.06015625
0 0.94375 0.9609375 0.0625 0.05703125
0 0.36015625 0.7390625 0.05859375 0.05234375
0 0.88828125 0.60390625 0.0609375 0.0609375
0 0.45 0.3421875 0.06015625 0.0609375
0 0.6609375 0.640625 0.06015625 0.059375
0 0.30546875 0.540625 0.0609375 0.05703125
0 0.9453125 0.63125 0.05859375 0.06328125
0 0.98046875 0.65546875 0.0390625 0.05859375
0 0.18515625 0.253125 0.05859375 0.0609375
0 0.896875 0.309375 0.0609375 0.059375
0 0.0109375 0.73359375 0.021875 0.0625
0 0.621875 0.3015625 0.06015625 0.06171875
0 0.8203125 0.8953125 0.05703125 0.05703125
0 0.16484375 0.47734375 0.059375 0.05703125
0 0.00859375 0.39921875 0.0171875 0.059375
0 0.57265625 0.41796875 0.059375 0.059375
0 0.515625 0.31875 0.06015625 0.06171875
0 0.53046875 0.8984375 0.0578125 0.05625
0 0.77578125 0.6359375 0.05546875 0.05625
0 0.47890625 0.55546875 0.05390625 0.05234375
0 0.403125 0.2859375 0.0625 0.065625
0 0.1828125 0.51875 0.06171875 0.05625
0 0.2828125 0.26953125 0.0609375 0.0578125
0 0.7171875 0.61484375 0.06015625 0.0578125
0 0.590625 0.5859375 0.06328125 0.08046875
0 0.5890625 0.7359375 0.0609375 0.05546875
0 0.590625 0.85859375 0.05859375 0.05625
0 0.66171875 0.9890625 0.0578125 0.021875
0 0.9234375 0.50546875 0.05859375 0.05390625
0 0.71875 0.66640625 0.05703125 0.0515625
0 0.99375 0.7203125 0.0125 0.059375
0 0.0078125 0.24453125 0.015625 0.0671875
0 0.85 0.34765625 0.06015625 0.0609375
0 0.796875 0.3296875 0.06015625 0.05859375
0 0.77734375 0.6828125 0.06171875 0.053125
0 0.3640625 0.5 0.06171875 0.059375
0 0.74609375 0.30625 0.05859375 0.059375
0 0.54140625 0.99453125 0.0578125 0.0109375
0 0.3578125 0.53359375 0.03359375 0.03828125