0 0.01953125 0.671875 0.0390625 0.071875
0 0.9078125 0.9921875 0.05625 0.015625
0 0.03203125 0.61328125 0.0640625 0.0671875
0 0.10625 0.928125 0.065625 0.05
0 0.06875 0.68515625 0.06875 0.065625
0 0.3609375 0.68671875 0.0671875 0.0671875
0 0.63515625 0.9828125 0.0609375 0.034375
0 0.28359375 0.7734375 0.065625 0.0625
0 0.13515625 0.68359375 0.0671875 0.065625
0 0.05390625 0.54453125 0.0703125 0.06875
0 0.02578125 0.8578125 0.0515625 0.065625
0 0.196875 0.90546875 0.0640625 0.0640625
0 0.1 0.62734375 0.0703125 0.06875
0 0.4625 0.78046875 0.0609375 0.0609375
0 0.0484375 0.909375 0.06875 0.06875
0 0.74375 0.99375 0.0625 0.0125
0 0.3609375 0.96640625 0.0625 0.0453125
0 0.51328125 0.57109375 0.06875 0.0671875
0 0.184375 0.71484375 0.0640625 0.0640625
0 0.1328125 0.565625 0.0734375 0.06875
0 0.7359375 0.7921875 0.065625 0.0609375
0 0.5328125 0.975 0.065625 0.05
0 0.25625 0.83046875 0.0671875 0.065625
0 0.47890625 0.63828125 0.065625 0.0640625
0 0.92265625 0.9546875 0.0421875 0.0625
0 0.175 0.6390625 0.06875 0.065625
0 0.0796875 0.8515625 0.0625 0.0625
0 0.8578125 0.97109375 0.0625 0.0578125
0 0.246875 0.94765625 0.0640625 0.0515625
0 0.32265625 0.8734375 0.0640625 0.0609375
0 0.5390625 0.62890625 0.0609375 0.0609375
0 0.36875 0.91015625 0.0609375 0.059375
0 0.62109375 0.5421875 0.065625 0.0671875
0 0.7640625 0.60546875 0.0640625 0.0640625
0 0.22578125 0.6734375 0.065625 0.0640625
0 0.10234375 0.7359375 0.065625 0.0640625
0 0.82109375 0.65625 0.0625 0.0609375
0 0.8515625 0.8296875 0.0609375 0.059375
0 0.19453125 0.84453125 0.0609375 0.0609375
0 0.7046875 0.62578125 0.0625 0.059375
0 0.03515625 0.73125 0.0671875 0.0640625
0 0.69140625 0.6921875 0.0578125 0.059375
0 0.93359375 0.89296875 0.0390625 0.0609375
0 0.96328125 0.7171875 0.0296875 0.059375
0 0.88125 0.640625 0.065625 0.0671875
0 0.45 0.58359375 0.0671875 0.065625
0 0.4015625 0.615625 0.065625 0.0640625
0 0.92734375 0.6828125 0.065625 0.0625
0 0.603125 0.89609375 0.065625 0.0625
0 0.56015625 0.53203125 0.0671875 0.0671875
0 0.684375 0.75078125 0.059375 0.059375
0 0.7515625 0.6765625 0.065625 0.0671875
0 0.0109375 0.53671875 0.021875 0.0640625
0 0.303125 0.9328125 0.065625 0.0640625
0 0.971875 0.6515625 0.03125 0.0625
0 0.09609375 0.50078125 0.065625 0.0640625
0 0.67734375 0.81171875 0.0609375 0.0625
0 0.24453125 0.73359375 0.065625 0.0640625
0 0.40703125 0.53515625 0.065625 0.0671875
0 0.2859375 0.6609375 0.0671875 0.065625
0 0.334375 0.81015625 0.065625 0.0640625
0 0.5265625 0.6875 0.0640625 0.0625
0 0.26015625 0.88984375 0.0640625 0.0625
0 0.91484375 0.80546875 0.0609375 0.059375
0 0.13828125 0.83046875 0.065625 0.065625
0 0.20703125 0.78671875 0.065625 0.0625
0 0.87265625 0.9203125 0.0640625 0.0640625
0 0.41640625 0.73828125 0.0640625 0.0609375
0 0.8625 0.76875 0.065625 0.0625
0 0.25078125 0.5453125 0.0671875 0.0640625
0 0.16015625 0.503125 0.065625 0.065625
0 0.63515625 0.7125 0.0609375 0.059375
0 0.42109375 0.66953125 0.0578125 0.059375
0 0.78984375 0.83984375 0.0625 0.0578125
0 0.1421875 0.890625 0.0640625 0.0640625
0 0.33671875 0.628125 0.0640625 0.065625
0 0.35 0.7515625 0.059375 0.0609375
0 0.98203125 0.52578125 0.0359375 0.0640625
0 0.70703125 0.9171875 0.0640625 0.0640625
0 0.725 0.8609375 0.065625 0.0625
0 0.74296875 0.73203125 0.0640625 0.059375
0 0.7640625 0.89921875 0.0609375 0.05625
0 0.8078125 0.71640625 0.065625 0.065625
0 0.15234375 0.76640625 0.0609375 0.0609375
0 0.9390625 0.61796875 0.065625 0.0640625
0 0.64453125 0.64921875 0.0609375 0.0609375
0 0.03359375 0.803125 0.0671875 0.0640625
0 0.7546875 0.9546875 0.0640625 0.0609375
0 0.98046875 0.58828125 0.03125 0.065625
0 0.946875 0.83671875 0.0296875 0.0609375
0 0.81484375 0.9359375 0.0609375 0.0578125
0 0.54609375 0.92421875 0.0640625 0.0625
0 0.6578125 0.58515625 0.0625 0.065625
0 0.03203125 0.4921875 0.0640625 0.065625
0 0.59375 0.9625 0.0640625 0.0625
0 0.95546875 0.77421875 0.0296875 0.0609375
0 0.29453125 0.96875 0.0609375 0.021875
0 0.57734375 0.73515625 0.0609375 0.0578125
0 0.38359375 0.84765625 0.0640625 0.0625
0 0.578125 0.99609375 0.071875 0.0078125
0 0.596875 0.60390625 0.065625 0.0625
0 0.09296875 0.79453125 0.065625 0.059375
0 0.4953125 0.86953125 0.0671875 0.0640625
0 0.29453125 0.58515625 0.0671875 0.06875
0 0.43203125 0.89609375 0.065625 0.0640625
0 0.775 0.5421875 0.0625 0.0625
0 0.83671875 0.53359375 0.065625 0.0640625
0 0.86796875 0.7015625 0.0609375 0.0609375
0 0.484375 0.9375 0.0640625 0.0671875
0 0.58828125 0.6703125 0.065625 0.0640625
0 0.803125 0.78359375 0.0640625 0.0609375
0 0.64921875 0.93046875 0.059375 0.059375
0 0.56796875 0.796875 0.0609375 0.0640625
0 0.51796875 0.7515625 0.0625 0.0609375
0 0.69375 0.97109375 0.059375 0.0578125
0 0.50859375 0.80859375 0.0625 0.0625
0 0.2421875 0.61015625 0.0609375 0.0609375
0 0.83046875 0.878125 0.0640625 0.059375
0 0.359375 0.5640625 0.071875 0.0546875
0 0.90546875 0.5421875 0.046875 0.04375
0 0.4671875 0.52421875 0.05625 0.0546875
0 0.396875 0.778125 0.046875 0.0515625
0 0.30078125 0.7109375 0.0609375 0.0515625
0 0.19375 0.584375 0.0546875 0.05625
0 0.4640625 0.68828125 0.0546875 0.05625
0 0.43828125 0.8171875 0.0609375 0.05625
0 0.42578125 0.9546875 0.0609375 0.0625
0 0.5578125 0.85 0.0609375 0.0609375
0 0.62578125 0.77421875 0.0609375 0.0515625
0 0.61328125 0.83125 0.065625 0.0625
0 0.6609375 0.86875 0.059375 0.0578125
0 0.71796875 0.575 0.059375 0.0515625
0 0.94765625 0.553125 0.05 0.0609375
0 0.8828125 0.571875 0.0625 0.0578125
0 0.828125 0.59765625 0.0640625 0.0625
0 0.89609375 0.8578125 0.0625 0.0640625
0 0.8046875 0.98515625 0.053125 0.0296875