0 0.565625 0.78984375 0.0734375 0.071875
0 0.96015625 0.34609375 0.0484375 0.06875
0 0.6171875 0.82578125 0.071875 0.0671875
0 0.80546875 0.0984375 0.0734375 0.0734375
0 0.6390625 0.15 0.071875 0.071875
0 0.93515625 0.471875 0.0734375 0.071875
0 0.865625 0.775 0.075 0.071875
0 0.9765625 0.734375 0.046875 0.075
0 0.86328125 0.3171875 0.075 0.0734375
0 0.97109375 0.5109375 0.0578125 0.071875
0 0.93203125 0.23203125 0.05 0.065625
0 0.915625 0.825 0.0734375 0.0734375
0 0.91015625 0.36171875 0.071875 0.0703125
0 0.7890625 0.871875 0.0765625 0.0734375
0 0.49609375 0.53359375 0.0734375 0.0734375
0 0.85 0.14921875 0.0734375 0.071875
0 0.78359375 0.2375 0.071875 0.06875
0 0.521875 0.64140625 0.071875 0.0703125
0 0.84296875 0.89453125 0.0734375 0.071875
0 0.89140625 0.4328125 0.0765625 0.078125
0 0.83671875 0.2046875 0.071875 0.0734375
0 0.8734375 0.49296875 0.071875 0.071875
0 0.93046875 0.753125 0.071875 0.06875
0 0.54765625 0.9703125 0.0703125 0.059375
0 0.9859375 0.61171875 0.028125 0.0703125
0 0.690625 0.75390625 0.0734375 0.071875
0 0.8109375 0.740625 0.071875 0.0703125
0 0.90703125 0.12890625 0.05 0.0640625
0 0.853125 0.54453125 0.0734375 0.0734375
0 0.98203125 0.44609375 0.0359375 0.0609375
0 0.871875 0.71484375 0.0734375 0.0703125
0 0.68125 0.80546875 0.0734375 0.0703125
0 0.55078125 0.7296875 0.071875 0.071875
0 0.83125 0.44140625 0.071875 0.06875
0 0.884375 0.25 0.0734375 0.06875
0 0.85625 0.8375 0.071875 0.0734375
0 0.940625 0.6328125 0.0734375 0.0703125
0 0.7703125 0.921875 0.0734375 0.06875
0 0.95390625 0.40546875 0.0703125 0.0703125
0 0.74921875 0.65625 0.075 0.0734375
0 0.71484375 0.896875 0.071875 0.0703125
0 0.50234375 0.06875 0.0703125 0.0671875
0 0.55625 0.5109375 0.0734375 0.071875
0 0.5046875 0.7953125 0.06875 0.0671875
0 0.96328125 0.571875 0.0734375 0.071875
0 0.51953125 0.85703125 0.06875 0.06875
0 0.38671875 0.10390625 0.071875 0.071875
0 0.7421875 0.51640625 0.06875 0.06875
0 0.6328125 0.7703125 0.071875 0.071875
0 0.90234375 0.190625 0.071875 0.06875
0 0.4359375 0.06171875 0.0734375 0.0734375
0 0.87578125 0.02109375 0.0578125 0.0421875
0 0.45546875 0.628125 0.06875 0.0671875
0 0.70390625 0.1734375 0.06875 0.0671875
0 0.6015625 0.4421875 0.071875 0.0703125
0 0.665625 0.43984375 0.075 0.071875
0 0.80703125 0.4953125 0.0734375 0.0703125
0 0.96953125 0.80546875 0.0609375 0.0703125
0 0.81484375 0.6765625 0.071875 0.06875
0 0.83984375 0.378125 0.0734375 0.071875
0 0.87734375 0.65 0.075 0.0734375
0 0.9 0.58984375 0.0734375 0.0703125
0 0.51953125 0.3828125 0.071875 0.071875
0 0.5765625 0.66796875 0.0734375 0.0703125
0 0.61640625 0.7109375 0.0703125 0.0671875
0 0.6953125 0.62265625 0.075 0.071875
0 0.77890625 0.40703125 0.071875 0.071875
0 0.47109375 0.18828125 0.071875 0.071875
0 0.97578125 0.66875 0.0484375 0.071875
0 0.534375 0.18984375 0.0703125 0.0703125
0 0.721875 0.23359375 0.071875 0.06875
0 0.59453125 0.55625 0.071875 0.0703125
0 0.91953125 0.53125 0.0703125 0.0703125
0 0.50078125 0.31484375 0.0703125 0.0734375
0 0.74375 0.78828125 0.078125 0.0734375
0 0.7484375 0.13046875 0.0734375 0.071875
0 0.68984375 0.68359375 0.071875 0.06875
0 0.54765625 0.2546875 0.0703125 0.0671875
0 0.99375 0.55390625 0.0125 0.0671875
0 0.42734375 0.29609375 0.0703125 0.0703125
0 0.64453125 0.38515625 0.0703125 0.0671875
0 0.48046875 0.02265625 0.0703125 0.0453125
0 0.38203125 0.3359375 0.065625 0.065625
0 0.928125 0.6890625 0.0734375 0.0703125
0 0.56640625 0.0734375 0.0703125 0.0671875
0 0.79140625 0.54765625 0.071875 0.0703125
0 0.63125 0.084375 0.065625 0.0671875
0 0.36171875 0.28046875 0.0703125 0.0703125
0 0.66328125 0.93828125 0.071875 0.0703125
0 0.6890625 0.48828125 0.071875 0.0671875
0 0.965625 0.865625 0.06875 0.075
0 0.8234375 0.61953125 0.071875 0.0703125
0 0.42734375 0.5125 0.06875 0.065625
0 0.9265625 0.29609375 0.0765625 0.0765625
0 0.70625 0.56171875 0.071875 0.0671875
0 0.74296875 0.0234375 0.0734375 0.046875
0 0.75390625 0.72109375 0.071875 0.06875
0 0.62265625 0.315625 0.071875 0.06875
0 0.54375 0.0265625 0.071875 0.053125
0 0.90703125 0.88125 0.075 0.0734375
0 0.715625 0.9484375 0.0703125 0.0421875
0 0.7609375 0.6 0.071875 0.0703125
0 0.51640625 0.12578125 0.0703125 0.06875
0 0.5765625 0.87734375 0.06875 0.0671875
0 0.6609375 0.5359375 0.0734375 0.0703125
0 0.63515625 0.64765625 0.0734375 0.071875
0 0.65390625 0.2078125 0.0625 0.0640625
0 0.64296875 0.58984375 0.075 0.06875
0 0.61015625 0.25625 0.0671875 0.0671875
0 0.8703125 0.084375 0.075 0.075
0 0.80703125 0.3 0.06875 0.0671875
0 0.69453125 0.325 0.0734375 0.071875
0 0.76171875 0.3484375 0.071875 0.06875
0 0.4015625 0.171875 0.0703125 0.0703125
0 0.80625 0.03515625 0.075 0.0703125
0 0.5796875 0.38046875 0.06875 0.06875
0 0.41640625 0.2328125 0.06875 0.06875
0 0.540625 0.44765625 0.071875 0.071875
0 0.5953125 0.19375 0.071875 0.0703125
0 0.5265625 0.57421875 0.0671875 0.0625
0 0.56171875 0.315625 0.06875 0.0671875
0 0.7328125 0.83984375 0.075 0.071875
0 0.33515625 0.15390625 0.0703125 0.0703125
0 0.44453125 0.35 0.071875 0.06875
0 0.9890625 0.884375 0.021875 0.034375
0 0.71484375 0.396875 0.071875 0.0703125
0 0.60234375 0.93046875 0.071875 0.06875
0 0.81015625 0.79921875 0.06875 0.06875
0 0.53359375 0.91328125 0.06875 0.0671875
0 0.578125 0.6078125 0.071875 0.06875
0 0.48125 0.25078125 0.071875 0.06875
0 0.39140625 0.40078125 0.0703125 0.0703125
0 0.7796875 0.1796875 0.0703125 0.06875
0 0.58046875 0.13203125 0.071875 0.06875
0 0.74921875 0.06875 0.0703125 0.0671875
0 0.490625 0.74140625 0.06875 0.06875
0 0.31953125 0.0875 0.0703125 0.0703125
0 0.64921875 0.87421875 0.0734375 0.071875
0 0.3515625 0.21953125 0.06875 0.0671875
0 0.453125 0.128125 0.0703125 0.06875
0 0.475 0.67890625 0.0671875 0.0671875
0 0.62265625 0.4921875 0.071875 0.0671875
0 0.8890625 0.91484375 0.0640625 0.03125
0 0.82265625 0.93359375 0.05625 0.021875
0 0.675 0.26953125 0.071875 0.06875
0 0.41015625 0.45703125 0.0734375 0.0703125
0 0.6890625 0.11171875 0.071875 0.0734375
0 0.95 0.9 0.06875 0.0328125
0 0.61640625 0.028125 0.0703125 0.05625
0 0.7328125 0.44296875 0.075 0.0734375
0 0.371875 0.04296875 0.071875 0.0640625
0 0.465625 0.40859375 0.0703125 0.0703125
0 0.4421875 0.5640625 0.06875 0.0671875
0 0.47734375 0.46484375 0.0703125 0.0671875
0 0.65859375 0.0109375 0.0703125 0.021875