0 0.64140625 0.4375 0.1515625 0.1359375
0 0.753125 0.7203125 0.134375 0.14375
0 0.346875 0.74375 0.14375 0.1375
0 0.9203125 0.85859375 0.11875 0.134375
0 0.21875 0.04609375 0.13125 0.0921875
0 0.55390625 0.934375 0.1421875 0.13125
0 0.1890625 0.75703125 0.1296875 0.1296875
0 0.05703125 0.7578125 0.1140625 0.128125
0 0.8953125 0.7296875 0.1359375 0.13125
0 0.42421875 0.62734375 0.1421875 0.13125
0 0.903125 0.96171875 0.128125 0.0765625
0 0.27421875 0.8609375 0.140625 0.13125
0 0.67734375 0.6078125 0.140625 0.1296875
0 0.12265625 0.87421875 0.13125 0.1296875
0 0.5203125 0.69921875 0.140625 0.1359375
1 0.07734375 0.02421875 0.0921875 0.0484375
0 0.11484375 0.6484375 0.1265625 0.125
0 0.4421875 0.2109375 0.1421875 0.128125
0 0.15234375 0.30234375 0.128125 0.121875
0 0.23125 0.375 0.1359375 0.1359375
0 0.08828125 0.40859375 0.1328125 0.1265625
0 0.7875 0.8671875 0.1375 0.13125
0 0.44375 0.85859375 0.1546875 0.1328125
0 0.35859375 0.38203125 0.13125 0.13125
0 0.02421875 0.6484375 0.0484375 0.121875
0 0.559375 0.32734375 0.1390625 0.13125
1 0.10078125 0.08203125 0.096875 0.09375
1 0.04375 0.31796875 0.071875 0.1125
0 0.3578125 0.9515625 0.15 0.0890625
0 0.73203125 0.97109375 0.1421875 0.0578125
0 0.8328125 0.59375 0.1515625 0.140625
1 0.04375 0.15703125 0.046875 0.08125
0 0.265625 0.64375 0.1453125 0.1328125
0 0.48125 0.4578125 0.1375 0.134375
0 0.20546875 0.9515625 0.1375 0.0671875
0 0.61875 0.8171875 0.1328125 0.1390625
1 0.078125 0.20390625 0.0984375 0.09375
0 0.3359375 0.5125 0.134375 0.1265625
0 0.1875 0.528125 0.125 0.1234375
0 0.2828125 0.22734375 0.1296875 0.1296875
0 0.35859375 0.0625 0.1484375 0.125
0 0.703125 0.3578125 0.1234375 0.1203125
0 0.76875 0.475 0.1265625 0.1109375
0 0.01171875 0.8828125 0.0234375 0.128125
1 0.06171875 0.546875 0.075 0.071875
1 0.20234375 0.14453125 0.09375 0.084375
0 0.0796875 0.9546875 0.1078125 0.0421875