1 0.91484375 0.48203125 0.1703125 0.17578125
1 0.9125 0.19765625 0.16953125 0.18046875
1 0.70546875 0.6828125 0.19140625 0.15078125
1 0.5359375 0.69921875 0.18046875 0.1703125
1 0.2796875 0.55859375 0.17734375 0.175
1 0.9109375 0.93046875 0.178125 0.1390625
1 0.73828125 0.940625 0.1890625 0.11875
1 0.43359375 0.23984375 0.2109375 0.16875
1 0.3484375 0.3828125 0.20078125 0.16640625
1 0.10390625 0.284375 0.20234375 0.18359375
1 0.6015625 0.228125 0.18984375 0.165625
1 0.85078125 0.35703125 0.19609375 0.17734375
1 0.2734375 0.2421875 0.17265625 0.178125
1 0.84296875 0.0640625 0.190625 0.12734375
1 0.140625 0.12109375 0.1640625 0.17109375
1 0.16875 0.41796875 0.1921875 0.18203125
1 0.6875 0.37109375 0.16796875 0.1703125
1 0.49140625 0.07890625 0.18671875 0.1578125
1 0.65234375 0.07578125 0.21796875 0.1515625
1 0.80703125 0.80625 0.19609375 0.175
1 0.6 0.54296875 0.21015625 0.17890625
1 0.46171875 0.8421875 0.18984375 0.15234375
1 0.32109375 0.0828125 0.2328125 0.165625
1 0.89765625 0.64765625 0.1984375 0.15859375
1 0.43203125 0.54765625 0.18515625 0.17265625
1 0.75546875 0.1984375 0.1921875 0.16640625
1 0.3578125 0.70859375 0.19453125 0.1671875
1 0.5625 0.946875 0.17890625 0.10546875
1 0.04609375 0.13828125 0.0921875 0.18125
1 0.53125 0.3890625 0.18984375 0.17421875
1 0.6265625 0.82265625 0.1875 0.1671875
1 0.94921875 0.78984375 0.1015625 0.1765625
1 0.76640625 0.52890625 0.1546875 0.18828125
1 0.9625 0.05546875 0.075 0.1109375
1 0.071875 0.02578125 0.14296875 0.0515625
1 0.978125 0.34296875 0.04375 0.18359375
1 0.2171875 0.01640625 0.1875 0.03203125