1 0.49453125 0.171875 0.21875 0.2
1 0.6671875 0.10234375 0.21875 0.2046875
1 0.215625 0.11640625 0.2203125 0.16875
1 0.77734375 0.2109375 0.2359375 0.2203125
1 0.06640625 0.15625 0.1328125 0.16875
1 0.83203125 0.06640625 0.1859375 0.1328125
1 0.30546875 0.19609375 0.2328125 0.225
1 0.90390625 0.34375 0.1859375 0.234375
1 0.625 0.2984375 0.225 0.221875
1 0.8546875 0.7 0.2171875 0.2234375
1 0.4359375 0.3390625 0.23125 0.2203125
1 0.55390625 0.63125 0.221875 0.2171875
1 0.91484375 0.81796875 0.1703125 0.2234375
1 0.55078125 0.04296875 0.2046875 0.0859375
1 0.15625 0.27421875 0.203125 0.2046875
1 0.88359375 0.5171875 0.225 0.225
1 0.71171875 0.5875 0.196875 0.209375
1 0.6625 0.7546875 0.221875 0.23125
1 0.7828125 0.86015625 0.190625 0.1953125
1 0.4375 0.51796875 0.1875 0.215625
1 0.38515625 0.071875 0.1921875 0.14375
1 0.571875 0.4671875 0.2046875 0.2078125
1 0.30390625 0.39765625 0.203125 0.2453125
1 0.7265625 0.01328125 0.1875 0.0265625
1 0.90625 0.19296875 0.115625 0.203125
1 0.95703125 0.65625 0.0859375 0.20625
0 0.74609375 0.44296875 0.2125 0.2109375
1 0.97265625 0.49140625 0.0546875 0.1953125
1 0.88203125 0.90625 0.1828125 0.08125