1 0.8015625 0.0625 0.209375 0.125
1 0.725 0.3765625 0.234375 0.2328125
1 0.8859375 0.303125 0.1984375 0.2296875
1 0.1578125 0.12109375 0.209375 0.1375
1 0.8140625 0.6203125 0.2609375 0.3296875
1 0.66328125 0.51875 0.20625 0.228125
1 0.3328125 0.07890625 0.2015625 0.1421875
1 0.26953125 0.2 0.2109375 0.2265625
1 0.4328125 0.1296875 0.2375 0.2421875
1 0.5359375 0.4015625 0.2265625 0.2171875
1 0.5109375 0.0515625 0.2 0.103125
1 0.63828125 0.10703125 0.2171875 0.2140625
1 0.68359375 0.01875 0.2078125 0.0375
1 0.56484375 0.2109375 0.196875 0.159375
1 0.8578125 0.45859375 0.2234375 0.24375
1 0.42109375 0.35703125 0.1921875 0.13125
1 0.4 0.271875 0.2046875 0.128125
1 0.7515625 0.153125 0.228125 0.1765625
1 0.7734375 0.25625 0.2 0.1203125