0 0.01484375 0.178125 0.0296875 0.059375
0 0.03046875 0.67265625 0.0515625 0.0625
0 0.0234375 0.55859375 0.0453125 0.0578125
0 0.0265625 0.2375 0.053125 0.059375
0 0.10625 0.89375 0.0609375 0.0609375
0 0.546875 0.8578125 0.0625 0.0609375
0 0.98125 0.884375 0.0375 0.0625
0 0.278125 0.44375 0.0625 0.059375
0 0.04453125 0.89609375 0.0640625 0.0625
0 0.24609375 0.38984375 0.065625 0.0640625
0 0.7015625 0.69375 0.0640625 0.0640625
0 0.34921875 0.65859375 0.0640625 0.0609375
0 0.02109375 0.3421875 0.0421875 0.05625
0 0.17421875 0.39453125 0.0640625 0.059375
0 0.446875 0.70078125 0.0625 0.0625
0 0.5390625 0.3078125 0.0609375 0.059375
0 0.08828125 0.66171875 0.0625 0.0640625
0 0.2078125 0.3390625 0.0625 0.0609375
0 0.6671875 0.52734375 0.0640625 0.0625
0 0.06171875 0.7203125 0.0640625 0.0640625
0 0.109375 0.39921875 0.0625 0.0625
0 0.4046875 0.20703125 0.0640625 0.065625
0 0.0375 0.39609375 0.0625 0.0625
0 0.11796875 0.60703125 0.0640625 0.0625
0 0.7390625 0.85546875 0.0625 0.0609375
0 0.57734375 0.803125 0.0625 0.0625
0 0.3890625 0.92890625 0.0640625 0.0640625
0 0.2421875 0.2921875 0.0640625 0.059375
0 0.10859375 0.5015625 0.0625 0.0609375
0 0.75859375 0.6875 0.0625 0.0609375
0 0.31484375 0.6046875 0.0640625 0.0625
0 0.38125 0.0328125 0.065625 0.0578125
0 0.90078125 0.6796875 0.0625 0.059375
0 0.125 0.71875 0.0625 0.0625
0 0.73203125 0.63984375 0.0640625 0.059375
0 0.571875 0.69453125 0.0640625 0.0640625
0 0.9046875 0.5828125 0.065625 0.065625
0 0.321875 0.8203125 0.0671875 0.0609375
0 0.8140625 0.84609375 0.0640625 0.0640625
0 0.03046875 0.946875 0.03125 0.0625
0 0.184375 0.71015625 0.0625 0.0609375
0 0.83671875 0.3703125 0.0625 0.0625
0 0.57734375 0.9125 0.059375 0.0578125
0 0.21953125 0.55546875 0.0640625 0.0578125
0 0.38125 0.709375 0.0640625 0.0609375
0 0.25078125 0.4984375 0.0640625 0.0625
0 0.1546875 0.65703125 0.0640625 0.059375
0 0.2140625 0.4421875 0.0625 0.0578125
0 0.896875 0.84375 0.0640625 0.0625
0 0.5734375 0.48046875 0.0609375 0.0609375
0 0.15234375 0.553125 0.065625 0.0625
0 0.50859375 0.59140625 0.0625 0.0625
0 0.259375 0.82265625 0.0625 0.0625
0 0.734375 0.2140625 0.0625 0.0609375
0 0.190625 0.053125 0.0625 0.0625
0 0.2796875 0.334375 0.0640625 0.059375
0 0.3375 0.21328125 0.0625 0.0625
0 0.35 0.7609375 0.0640625 0.0609375
0 0.08203125 0.55625 0.0625 0.0609375
0 0.15859375 0.76953125 0.0640625 0.0609375
0 0.440625 0.271875 0.065625 0.0625
0 0.80546875 0.64140625 0.0625 0.0625
0 0.071875 0.83203125 0.0640625 0.0640625
0 0.6421875 0.0265625 0.065625 0.053125
0 0.2296875 0.875 0.0625 0.0625
0 0.87265625 0.53203125 0.059375 0.0578125
0 0.30703125 0.12109375 0.0640625 0.0609375
0 0.965625 0.82265625 0.0671875 0.065625
0 0.04609375 0.50703125 0.0640625 0.0625
0 0.44296875 0.36796875 0.0625 0.0640625
0 0.45703125 0.9296875 0.0640625 0.0609375
0 0.54609375 0.75546875 0.0625 0.0609375
0 0.6078125 0.8515625 0.0625 0.05625
0 0.57265625 0.58828125 0.0640625 0.0609375
0 0.8421875 0.47421875 0.0640625 0.0640625
0 0.35625 0.15625 0.0625 0.059375
0 0.509375 0.37265625 0.0640625 0.0640625
0 0.98828125 0.68671875 0.0234375 0.0609375
0 0.35078125 0.44453125 0.0625 0.0625
0 0.77890625 0.4765625 0.0625 0.0625
0 0.8015625 0.41953125 0.0640625 0.0625
0 0.6359375 0.58125 0.0625 0.0609375
0 0.5453125 0.534375 0.0640625 0.0625
0 0.278125 0.2453125 0.0625 0.0609375
0 0.6078125 0.53359375 0.0625 0.0625
0 0.96953125 0.58359375 0.0609375 0.0578125
0 0.8046875 0.209375 0.065625 0.0625
0 0.31796875 0.38984375 0.059375 0.059375
0 0.28515625 0.65546875 0.0640625 0.0609375
0 0.63984375 0.9078125 0.0640625 0.0625
0 0.70078125 0.4765625 0.0640625 0.0609375
0 0.63828125 0.25390625 0.0609375 0.059375
0 0.0375 0.778125 0.0578125 0.0578125
0 0.3171875 0.2828125 0.0625 0.0609375
0 0.3875 0.60546875 0.0625 0.0625
0 0.965625 0.4546875 0.0625 0.059375
0 0.6125 0.75234375 0.0609375 0.059375
0 0.5125 0.2515625 0.0625 0.0625
0 0.9296875 0.88671875 0.0640625 0.0625
0 0.4203125 0.871875 0.0625 0.0625
0 0.02578125 0.83828125 0.0296875 0.0625
0 0.8703125 0.6375 0.0640625 0.0625
0 0.1484375 0.45703125 0.065625 0.0640625
0 0.01796875 0.47109375 0.0359375 0.0578125
0 0.42734375 0.1328125 0.065625 0.0640625
0 0.575 0.3703125 0.0625 0.0625
0 0.54609375 0.06328125 0.0625 0.0609375
0 0.00625 0.05703125 0.0125 0.0609375
0 0.075 0.45 0.0640625 0.0609375
0 0.63515625 0.690625 0.0625 0.0625
0 0.18359375 0.50390625 0.0625 0.0625
0 0.3453125 0.55 0.0609375 0.0625
0 0.07578125 0.946875 0.0640625 0.0609375
0 0.05546875 0.11484375 0.0625 0.0578125
0 0.4453125 0.58359375 0.0609375 0.0578125
0 0.05390625 0.05234375 0.0640625 0.0578125
0 0.89296875 0.25234375 0.0609375 0.0625
0 0.8390625 0.684375 0.0609375 0.059375
0 0.8140625 0.753125 0.0609375 0.0609375
0 0.3859375 0.8171875 0.065625 0.0640625
0 0.571875 0.26015625 0.0609375 0.059375
0 0.64140625 0.36875 0.0640625 0.0609375
0 0.184375 0.18046875 0.0609375 0.0609375
0 0.4125 0.753125 0.0640625 0.0609375
0 0.31875 0.48984375 0.0625 0.059375
0 0.14765625 0.346875 0.0640625 0.0625
0 0.51640625 0.8109375 0.0625 0.0625
0 0.85625 0.89296875 0.0671875 0.059375
0 0.54609375 0.43125 0.065625 0.0609375
0 0.13515625 0.840625 0.065625 0.0640625
0 0.19375 0.821875 0.0625 0.0640625
0 0.5140625 0.7 0.0640625 0.0625
0 0.38828125 0.39765625 0.0609375 0.05625
0 0.66796875 0.4234375 0.0609375 0.0578125
0 0.175 0.11796875 0.0609375 0.0609375
0 0.24921875 0.59765625 0.065625 0.059375
0 0.73828125 0.740625 0.0640625 0.0578125
0 0.47734375 0.315625 0.0640625 0.0609375
0 0.76484375 0.37109375 0.059375 0.059375
0 0.1984375 0.92890625 0.0625 0.059375
0 0.13671875 0.0390625 0.0609375 0.0546875
0 0.54453125 0.20390625 0.065625 0.0640625
0 0.7734375 0.80234375 0.0640625 0.0625
0 0.96015625 0.65078125 0.0609375 0.0625
0 0.5109375 0.4796875 0.0640625 0.0609375
0 0.05 0.60703125 0.0640625 0.059375
0 0.603125 0.4234375 0.0609375 0.05625
0 0.73984375 0.43125 0.0625 0.0609375
0 0.63828125 0.471875 0.0625 0.059375
0 0.709375 0.80546875 0.065625 0.0640625
0 0.45234375 0.8125 0.0640625 0.0609375
0 0.24375 0.0859375 0.0625 0.059375
0 0.7703125 0.5890625 0.0625 0.0625
0 0.3203125 0.709375 0.0625 0.0609375
0 0.28671875 0.7734375 0.0625 0.05625
0 0.37578125 0.2640625 0.0609375 0.059375
0 0.67109375 0.20703125 0.0625 0.0578125
0 0.67421875 0.7421875 0.065625 0.0640625
0 0.89609375 0.35546875 0.0609375 0.0609375
0 0.290625 0.871875 0.0609375 0.059375
0 0.26484375 0.9328125 0.065625 0.0609375
0 0.25625 0.721875 0.065625 0.0625
0 0.21875 0.2328125 0.0625 0.0625
0 0.95234375 0.7328125 0.0640625 0.0640625
0 0.23203125 0.146875 0.065625 0.065625
0 0.6015625 0.3109375 0.0640625 0.0625
0 0.21796875 0.66171875 0.065625 0.0640625
0 0.83984375 0.15546875 0.0609375 0.0625
0 0.01171875 0.11796875 0.0234375 0.0640625
0 0.93828125 0.40390625 0.0625 0.059375
0 0.7765625 0.1359375 0.0640625 0.065625
0 0.46171875 0.20703125 0.0609375 0.059375
0 0.18203125 0.596875 0.0609375 0.059375
0 0.09140625 0.234375 0.0625 0.0609375
0 0.47421875 0.4265625 0.0640625 0.0640625
0 0.4140625 0.4453125 0.0609375 0.0609375
0 0.4734375 0.64609375 0.0640625 0.0609375
0 0.91796875 0.78046875 0.065625 0.059375
0 0.7046875 0.58671875 0.0640625 0.059375
0 0.0453125 0.29609375 0.0640625 0.0609375
0 0.53515625 0.634375 0.0609375 0.059375
0 0.4796875 0.86015625 0.0625 0.059375
0 0.8671875 0.30859375 0.0609375 0.059375
0 0.9546875 0.5265625 0.0640625 0.0609375
0 0.875 0.415625 0.0640625 0.059375
0 0.3546875 0.871875 0.065625 0.0609375
0 0.47109375 0.52890625 0.0640625 0.065625
0 0.95625 0.10546875 0.0578125 0.0546875
0 0.0234375 0.025 0.046875 0.01875
0 0.98515625 0.76015625 0.0296875 0.0609375
0 0.4890625 0.15703125 0.0625 0.059375
0 0.121875 0.16640625 0.0609375 0.065625
0 0.1375 0.93515625 0.0609375 0.059375
0 0.48828125 0.02578125 0.0609375 0.0515625
0 0.215625 0.021875 0.0609375 0.0265625
0 0.41328125 0.534375 0.065625 0.0640625
0 0.74140625 0.3234375 0.0625 0.0609375
0 0.79921875 0.32421875 0.0609375 0.0625
0 0.0609375 0.17734375 0.0640625 0.0625
0 0.3515625 0.346875 0.0625 0.0609375
0 0.6984375 0.26171875 0.065625 0.0609375
0 0.51796875 0.91875 0.0625 0.0609375
0 0.665625 0.63046875 0.0625 0.0609375
0 0.7046875 0.91015625 0.065625 0.0625
0 0.6078125 0.2078125 0.059375 0.05625
0 0.1703125 0.87890625 0.0640625 0.0609375
0 0.83125 0.2546875 0.0609375 0.059375
0 0.9046875 0.484375 0.0609375 0.0625
0 0.146875 0.2328125 0.059375 0.0578125
0 0.778125 0.89765625 0.0671875 0.0625
0 0.11875 0.0984375 0.0609375 0.0625
0 0.8265625 0.0328125 0.0546875 0.05625
0 0.26796875 0.034375 0.0609375 0.0546875
0 0.2890625 0.18046875 0.0625 0.059375
0 0.66953125 0.31953125 0.0640625 0.0609375
0 0.87109375 0.73046875 0.065625 0.0625
0 0.6046875 0.64609375 0.065625 0.0609375
0 0.321875 0.0609375 0.059375 0.0609375
0 0.2890625 0.5515625 0.0609375 0.059375
0 0.76796875 0.2640625 0.0640625 0.0609375
0 0.96328125 0.34453125 0.0640625 0.0609375
0 0.43203125 0.0625 0.0578125 0.059375
0 0.11484375 0.2953125 0.0625 0.0609375
0 0.484375 0.084375 0.0609375 0.059375
0 0.01953125 0.72734375 0.025 0.0640625
0 0.5453125 0.01171875 0.065625 0.0234375
0 0.7015625 0.37578125 0.0640625 0.0609375
0 0.00859375 0.2859375 0.0171875 0.0625
0 0.175 0.284375 0.0625 0.0609375
0 0.63984375 0.79296875 0.065625 0.059375
0 0.4796875 0.7671875 0.0640625 0.0609375
0 0.54375 0.13125 0.0609375 0.0609375
0 0.73984375 0.52265625 0.0640625 0.0609375
0 0.8796875 0.05625 0.0578125 0.0578125
0 0.41171875 0.6515625 0.0625 0.059375
0 0.22109375 0.7625 0.0640625 0.0625
0 0.8109375 0.5375 0.0640625 0.0640625
0 0.66015625 0.08203125 0.059375 0.0578125
0 0.9453125 0.0359375 0.0625 0.065625
0 0.37578125 0.103125 0.0609375 0.0609375
0 0.88203125 0.01171875 0.0640625 0.0234375
0 0.434375 0.0140625 0.0609375 0.025
0 0.9921875 0.6265625 0.015625 0.059375
0 0.5984375 0.15 0.0609375 0.0609375
0 0.83671875 0.0984375 0.0625 0.0578125
0 0.7125 0.03984375 0.0640625 0.059375
0 0.0078125 0.60859375 0.0109375 0.0609375
2 0.09375 0.7765625 0.071875 0.071875
0 0.834375 0.58046875 0.0640625 0.0578125
0 0.08828125 0.0234375 0.065625 0.01875
0 0.721875 0.14453125 0.0625 0.059375
0 0.32421875 0.91875 0.0625 0.05625
0 0.97890625 0.0640625 0.0140625 0.059375
0 0.32734375 0.01640625 0.0640625 0.0234375
0 0.99140625 0.4953125 0.0171875 0.059375
0 0.078125 0.33984375 0.0640625 0.059375
0 0.6578125 0.14375 0.0625 0.0625
0 0.6 0.08671875 0.0609375 0.05625
0 0.9 0.13359375 0.0453125 0.0640625
0 0.94453125 0.15859375 0.0453125 0.0484375
0 0.89765625 0.1921875 0.046875 0.05
0 0.9453125 0.225 0.053125 0.0515625
0 0.94609375 0.28828125 0.0453125 0.0640625
0 0.98125 0.2546875 0.021875 0.04375
0 0.97890625 0.18828125 0.021875 0.0671875
0 0.765625 0.0578125 0.05625 0.0546875
0 0.7609375 0.0171875 0.0625 0.034375
0 0.7234375 0.0953125 0.0578125 0.0515625
0 0.77734375 0.13671875 0.06875 0.071875