0 0.63671875 0.5078125 0.0734375 0.071875
0 0.6921875 0.70234375 0.06875 0.06875
0 0.63125 0.68515625 0.0703125 0.0703125
0 0.73828125 0.47421875 0.0703125 0.0703125
0 0.98671875 0.1015625 0.0265625 0.0625
0 0.4390625 0.6421875 0.0703125 0.0734375
0 0.86796875 0.4953125 0.06875 0.071875
0 0.67109375 0.63828125 0.0703125 0.071875
0 0.503125 0.65390625 0.0734375 0.075
0 0.7875 0.4203125 0.071875 0.0703125
0 0.4921875 0.31953125 0.0703125 0.0703125
0 0.84140625 0.79453125 0.06875 0.0671875
0 0.70078125 0.51953125 0.0703125 0.0703125
0 0.815625 0.74140625 0.0703125 0.071875
0 0.79609375 0.6609375 0.071875 0.0734375
0 0.59375 0.73359375 0.06875 0.071875
0 0.54453125 0.60546875 0.06875 0.06875
0 0.78203125 0.59296875 0.0703125 0.0703125
0 0.71875 0.0984375 0.06875 0.06875
0 0.35234375 0.7375 0.0703125 0.0703125
0 0.74140625 0.81640625 0.071875 0.06875
0 0.84453125 0.2015625 0.0703125 0.06875
0 0.778125 0.771875 0.0703125 0.0671875
0 0.8859375 0.7296875 0.0703125 0.06875
0 0.65546875 0.56875 0.071875 0.071875
0 0.81953125 0.07421875 0.06875 0.0671875
0 0.9296875 0.5140625 0.06875 0.06875
0 0.5546875 0.32578125 0.071875 0.071875
0 0.56328125 0.67265625 0.0703125 0.0703125
0 0.48671875 0.58359375 0.0671875 0.0671875
0 0.70078125 0.353125 0.06875 0.0703125
0 0.51953125 0.71953125 0.0703125 0.06875
0 0.609375 0.43671875 0.0703125 0.0703125
0 0.42109375 0.5703125 0.0703125 0.0703125
0 0.45703125 0.515625 0.071875 0.071875
0 0.76171875 0.534375 0.0671875 0.0671875
0 0.6515625 0.74921875 0.06875 0.06875
0 0.8046875 0.48828125 0.0703125 0.0703125
0 0.97421875 0.29765625 0.0515625 0.0640625
0 0.32734375 0.67265625 0.071875 0.0703125
0 0.434375 0.30703125 0.065625 0.0671875
0 0.92734375 0.2703125 0.06875 0.06875
0 0.9828125 0.4015625 0.034375 0.06875
0 0.4578125 0.709375 0.0703125 0.071875
0 0.86484375 0.671875 0.071875 0.0734375
0 0.73359375 0.65234375 0.0703125 0.0703125
0 0.496875 0.01796875 0.06875 0.0359375
0 0.6484375 0.20390625 0.06875 0.071875
0 0.65546875 0.08203125 0.0703125 0.0703125
0 0.91484375 0.44609375 0.0671875 0.065625
0 0.93828125 0.7625 0.059375 0.065625
0 0.54765625 0.7796875 0.0703125 0.0703125
0 0.2875 0.72578125 0.071875 0.071875
0 0.86484375 0.85078125 0.0703125 0.0703125
0 0.8640625 0.2625 0.0703125 0.0703125
0 0.7578125 0.05859375 0.06875 0.05625
0 0.8453125 0.6046875 0.06875 0.06875
0 0.64921875 0.38828125 0.0703125 0.0703125
0 0.6171875 0.3328125 0.0703125 0.06875
0 0.3359375 0.5421875 0.06875 0.06875
0 0.83359375 0.13515625 0.0671875 0.065625
0 0.60625 0.61796875 0.071875 0.0703125
0 0.38046875 0.61953125 0.0703125 0.071875
0 0.48046875 0.425 0.0703125 0.06875
0 0.7140625 0.7609375 0.071875 0.0703125
0 0.5828125 0.09453125 0.071875 0.06875
0 0.51875 0.19375 0.06875 0.071875
0 0.76328125 0.3609375 0.0703125 0.071875
0 0.82109375 0.54609375 0.071875 0.06875
0 0.8015625 0.8328125 0.0703125 0.06875
0 0.51171875 0.37734375 0.06875 0.06875
0 0.31171875 0.3546875 0.06875 0.065625
0 0.46484375 0.26171875 0.0703125 0.06875
0 0.3140625 0.61328125 0.06875 0.0734375
0 0.69609375 0.046875 0.06875 0.0515625
0 0.93046875 0.6796875 0.06875 0.071875
0 0.70078125 0.24140625 0.0671875 0.065625
0 0.90390625 0.80078125 0.0734375 0.0734375
0 0.921875 0.86640625 0.0609375 0.0671875
0 0.9828125 0.23828125 0.034375 0.0640625
0 0.884375 0.09609375 0.0671875 0.065625
0 0.67421875 0.8078125 0.06875 0.06875
0 0.94140625 0.2046875 0.0671875 0.0671875
0 0.66875 0.14921875 0.0703125 0.06875
0 0.965625 0.628125 0.0484375 0.0640625
0 0.77890625 0.11015625 0.06875 0.0703125
0 0.43046875 0.375 0.071875 0.071875
0 0.75078125 0.7265625 0.06875 0.065625
0 0.63203125 0.03203125 0.06875 0.04375
0 0.53046875 0.52890625 0.06875 0.0703125
0 0.54453125 0.04921875 0.0671875 0.0671875
0 0.38125 0.27421875 0.06875 0.0640625
0 0.37578125 0.0109375 0.0703125 0.021875
0 0.553125 0.4234375 0.065625 0.0640625
0 0.7203125 0.57734375 0.06875 0.06875
0 0.4875 0.76640625 0.071875 0.0671875
0 0.603125 0.265625 0.0734375 0.0703125
0 0.96796875 0.47421875 0.0640625 0.0671875
0 0.51171875 0.46796875 0.06875 0.06875
0 0.4234375 0.0921875 0.06875 0.06875
0 0.8765625 0.32265625 0.071875 0.06875
0 0.2453125 0.67890625 0.071875 0.071875
0 0.98203125 0.52109375 0.0359375 0.0671875
0 0.83125 0.36484375 0.0703125 0.071875
0 0.725 0.178125 0.06875 0.0703125
0 0.2578125 0.60625 0.0671875 0.0703125
0 0.9421875 0.0796875 0.065625 0.040625
0 0.7921875 0.1703125 0.0703125 0.0703125
0 0.95234375 0.13671875 0.06875 0.06875
0 0.67109375 0.4453125 0.071875 0.06875
0 0.6015625 0.15625 0.0703125 0.06875
0 0.4140625 0.459375 0.0703125 0.065625
0 0.57734375 0.37734375 0.071875 0.06875
0 0.7828125 0.24140625 0.071875 0.0703125
0 0.61171875 0.796875 0.071875 0.0703125
0 0.71953125 0.41328125 0.06875 0.06875
0 0.41953125 0.74453125 0.071875 0.06875
1 0.8578125 0.415625 0.071875 0.0734375
0 0.58515625 0.21015625 0.0671875 0.065625
0 0.32109375 0.296875 0.06875 0.0671875
0 0.39921875 0.2140625 0.0671875 0.065625
0 0.290625 0.475 0.0671875 0.0671875
0 0.4640625 0.19609375 0.065625 0.0671875
0 0.47265625 0.13828125 0.06875 0.06875
0 0.3453125 0.1703125 0.06875 0.0640625
1 0.74375 0.296875 0.0640625 0.0671875
0 0.98046875 0.17578125 0.0390625 0.0640625
0 0.37578125 0.3265625 0.0640625 0.0625
0 0.41171875 0.146875 0.06875 0.06875
0 0.365625 0.10078125 0.0671875 0.0703125
1 0.8078125 0.29609375 0.0671875 0.065625
1 0.58984375 0.546875 0.0671875 0.0703125
0 0.94453125 0.81328125 0.0328125 0.0640625
1 0.39921875 0.67734375 0.0609375 0.0609375
1 0.571875 0.48984375 0.065625 0.0625
0 0.6765625 0.29296875 0.0703125 0.06875
1 0.953125 0.56953125 0.065625 0.0578125
1 0.36796875 0.3859375 0.065625 0.0640625
1 0.53671875 0.25078125 0.065625 0.0625
0 0.27734375 0.53984375 0.071875 0.06875
0 0.39609375 0.5078125 0.0703125 0.06875
1 0.38046875 0.0390625 0.05625 0.0515625
0 0.89140625 0.16015625 0.0703125 0.06875
1 0.91171875 0.61015625 0.071875 0.071875
1 0.43671875 0.02578125 0.0640625 0.0515625
0 0.53671875 0.12109375 0.0703125 0.0703125
1 0.3515625 0.45 0.0765625 0.09375
1 0.903125 0.3640625 0.0578125 0.05625
0 0.2984375 0.4125 0.065625 0.0625
0 0.95390625 0.33515625 0.0625 0.0609375
0 0.50078125 0.06484375 0.0671875 0.065625
0 0.34140625 0.22265625 0.0625 0.05625