0 0.78671875 0.9859375 0.0578125 0.028125
0 0.8390625 0.9859375 0.059375 0.028125
0 0.7796875 0.94296875 0.05625 0.053125
0 0.82265625 0.959375 0.0578125 0.0578125
0 0.8671875 0.96875 0.05625 0.05625
0 0.8046875 0.91484375 0.0578125 0.05625
0 0.84921875 0.92734375 0.0625 0.0578125
0 0.8890625 0.9328125 0.0359375 0.0484375
0 0.7953125 0.86875 0.0609375 0.0578125
0 0.8390625 0.8796875 0.0515625 0.053125
0 0.88203125 0.89296875 0.0578125 0.0546875
0 0.775 0.82578125 0.0578125 0.0578125
0 0.81875 0.83984375 0.0546875 0.05625
0 0.86875 0.84765625 0.0625 0.059375
0 0.90625 0.85859375 0.040625 0.053125
0 0.846875 0.80703125 0.0609375 0.05625
0 0.44765625 0.98828125 0.0546875 0.0234375
0 0.49765625 0.9921875 0.0546875 0.015625
0 0.10625 0.88671875 0.05625 0.0546875
0 0.15 0.9015625 0.059375 0.0546875
0 0.1984375 0.91015625 0.059375 0.05625
0 0.24140625 0.925 0.0546875 0.0546875
0 0.2875 0.93671875 0.059375 0.0578125
0 0.33203125 0.9453125 0.053125 0.05625
0 0.38046875 0.95390625 0.065625 0.0578125
0 0.4296875 0.96171875 0.0578125 0.059375
0 0.47734375 0.9703125 0.0578125 0.05625
0 0.52578125 0.975 0.0578125 0.05
0 0.57265625 0.9796875 0.0546875 0.040625
0 0.6171875 0.98671875 0.05625 0.0265625
0 0.6625 0.99140625 0.059375 0.0171875
0 0.7140625 0.99375 0.059375 0.0125
0 0.13515625 0.8546875 0.0546875 0.053125
0 0.18046875 0.86640625 0.0578125 0.05625
0 0.22890625 0.875 0.05625 0.0546875
0 0.275 0.88515625 0.053125 0.053125
0 0.31796875 0.9 0.0578125 0.05625
0 0.36640625 0.9125 0.05625 0.0546875
0 0.4140625 0.915625 0.05625 0.053125
0 0.459375 0.9265625 0.0578125 0.05625
0 0.50859375 0.9359375 0.059375 0.059375
0 0.5578125 0.94296875 0.05625 0.05625
0 0.60390625 0.9546875 0.0578125 0.0578125
0 0.64921875 0.96640625 0.05625 0.059375
0 0.69453125 0.97421875 0.0609375 0.0515625
0 0.74375 0.9796875 0.059375 0.040625
0 0.115625 0.81796875 0.0578125 0.05625
0 0.16484375 0.82109375 0.05625 0.05625
0 0.21015625 0.8328125 0.05625 0.05625
0 0.2578125 0.84375 0.059375 0.0546875
0 0.30703125 0.85 0.059375 0.0578125
0 0.3515625 0.86171875 0.0546875 0.0578125
0 0.39453125 0.8734375 0.0609375 0.0578125
0 0.4421875 0.8828125 0.0578125 0.05625
0 0.49375 0.88984375 0.059375 0.0546875
0 0.540625 0.9015625 0.05625 0.0546875
0 0.58671875 0.91171875 0.05625 0.0578125
0 0.634375 0.9203125 0.0546875 0.0546875
0 0.6765625 0.9359375 0.053125 0.053125
0 0.728125 0.94453125 0.0609375 0.0609375
0 0.14765625 0.784375 0.0578125 0.05625
0 0.1984375 0.78671875 0.0578125 0.05625
0 0.2421875 0.8 0.0546875 0.0546875
0 0.28984375 0.80625 0.0546875 0.0546875
0 0.33359375 0.82109375 0.059375 0.05625
0 0.38125 0.8296875 0.0578125 0.0546875
0 0.4296875 0.83359375 0.0609375 0.0578125
0 0.4734375 0.853125 0.0578125 0.05625
0 0.5265625 0.85390625 0.05625 0.0546875
0 0.57265625 0.865625 0.0546875 0.053125
0 0.61640625 0.88046875 0.059375 0.0578125
0 0.66640625 0.8859375 0.0546875 0.0546875
0 0.71328125 0.89765625 0.0578125 0.059375
0 0.76171875 0.90234375 0.0546875 0.05625
0 0.1328125 0.73828125 0.0578125 0.0609375
0 0.178125 0.74609375 0.05625 0.05625
0 0.22578125 0.753125 0.0578125 0.0578125
0 0.27265625 0.765625 0.059375 0.0578125
0 0.32265625 0.76796875 0.0578125 0.0578125
0 0.36953125 0.78203125 0.059375 0.059375
0 0.41875 0.7859375 0.05625 0.0578125
0 0.46484375 0.79765625 0.0578125 0.0609375
0 0.50859375 0.8140625 0.0546875 0.0546875
0 0.5546875 0.82265625 0.05625 0.0546875
0 0.6015625 0.83203125 0.059375 0.0578125
0 0.64765625 0.84453125 0.05625 0.05625
0 0.69453125 0.85625 0.059375 0.0546875
0 0.746875 0.85703125 0.0578125 0.0546875
0 0.1625 0.70078125 0.059375 0.059375
0 0.21796875 0.69921875 0.059375 0.0609375
0 0.25859375 0.71875 0.0546875 0.05625
0 0.30859375 0.7234375 0.0578125 0.05625
0 0.33046875 0.68046875 0.059375 0.0609375
0 0.35625 0.728125 0.05625 0.0609375
0 0.4015625 0.74140625 0.059375 0.059375
0 0.45 0.75 0.0578125 0.059375
0 0.50234375 0.7609375 0.059375 0.0625
0 0.54375 0.7796875 0.05625 0.0578125
0 0.625 0.74921875 0.059375 0.0625
0 0.68046875 0.81171875 0.05625 0.05625
0 0.7265625 0.81953125 0.0578125 0.05625
0 0.70234375 0.76640625 0.059375 0.059375
0 0.7484375 0.77578125 0.0578125 0.059375
0 0.0203125 0.86875 0.040625 0.046875
0 0.06015625 0.88046875 0.0546875 0.0484375
0 0.01171875 0.82734375 0.0234375 0.0578125
0 0.040625 0.8390625 0.0578125 0.05625
0 0.09140625 0.8453125 0.0578125 0.05625
0 0.028125 0.78671875 0.05625 0.0578125
0 0.07421875 0.80234375 0.0625 0.059375
0 0.0203125 0.74765625 0.040625 0.0546875
0 0.059375 0.7515625 0.0546875 0.0578125
0 0.103125 0.76953125 0.0578125 0.059375
0 0.01171875 0.70703125 0.0234375 0.0578125
0 0.0421875 0.7140625 0.0546875 0.053125
0 0.08828125 0.71953125 0.05625 0.05625
0 0.02265625 0.67265625 0.0453125 0.0578125
0 0.0734375 0.67421875 0.059375 0.0609375
0 0.11796875 0.6921875 0.05625 0.0578125