0 0.07265625 0.0734375 0.04453125 0.0453125
0 0.21875 0.06875 0.04609375 0.04609375
0 0.34296875 0.02109375 0.04375 0.04140625
0 0.22890625 0.23359375 0.046875 0.04765625
0 0.2921875 0.02109375 0.04453125 0.0421875
0 0.121875 0.0703125 0.04375 0.0453125
0 0.19296875 0.02890625 0.0453125 0.046875
0 0.1953125 0.11171875 0.0453125 0.04453125
0 0.09921875 0.1109375 0.04453125 0.04609375
0 0.1015625 0.2046875 0.04609375 0.0484375
0 0.1453125 0.028125 0.0453125 0.04609375
0 0.046875 0.0328125 0.04375 0.04453125
0 0.20625 0.27890625 0.04765625 0.04765625
0 0.2390625 0.02734375 0.04453125 0.0453125
0 0.13359375 0.32890625 0.04765625 0.0484375
0 0.16328125 0.28671875 0.0453125 0.046875
0 0.0953125 0.0296875 0.04296875 0.0453125
0 0.171875 0.06796875 0.0453125 0.046875
0 0.08125 0.32734375 0.04765625 0.04609375
0 0.07890625 0.24453125 0.04609375 0.046875
0 0.03125 0.33125 0.04765625 0.046875
0 0.05 0.11484375 0.0453125 0.04609375
0 0.05390625 0.20390625 0.046875 0.04921875
0 0.109375 0.36953125 0.04765625 0.04765625
0 0.32421875 0.05859375 0.0453125 0.0453125
0 0.25 0.10703125 0.04609375 0.04609375
0 0.01328125 0.28828125 0.02578125 0.05
0 0.10625 0.28359375 0.04609375 0.046875
0 0.0125 0.11796875 0.02421875 0.04765625
0 0.021875 0.0734375 0.04375 0.046875
0 0.028125 0.24453125 0.0453125 0.046875
0 0.27890625 0.1515625 0.04765625 0.046875
0 0.05390625 0.28671875 0.046875 0.04765625
0 0.1328125 0.2484375 0.046875 0.04765625
0 0.1734375 0.15390625 0.04453125 0.046875
0 0.12421875 0.159375 0.04609375 0.04765625
0 0.16015625 0.36484375 0.0484375 0.04921875
0 0.203125 0.19375 0.046875 0.0484375
0 0.2578125 0.2 0.0453125 0.04765625
0 0.18671875 0.3203125 0.046875 0.04375
0 0.271875 0.06171875 0.04609375 0.0453125
0 0.028125 0.1609375 0.0453125 0.046875
0 0.14921875 0.1109375 0.04609375 0.04609375
0 0.0125 0.20234375 0.025 0.04609375
0 0.084375 0.40703125 0.046875 0.046875
0 0.18046875 0.2359375 0.04609375 0.0484375
0 0.22578125 0.1515625 0.0484375 0.04765625
0 0.0578125 0.36796875 0.046875 0.046875
0 0.29921875 0.10390625 0.04921875 0.05078125
0 0.1515625 0.20078125 0.04765625 0.04921875
0 0.01015625 0.03359375 0.0203125 0.046875
0 0.0796875 0.16015625 0.04453125 0.046875
0 0.11796875 0.00625 0.04453125 0.0125
0 0.071875 0.00703125 0.04453125 0.01328125
0 0.02265625 0.00703125 0.04453125 0.0140625
0 0.140625 0.41015625 0.0484375 0.0453125
0 0.16640625 0.0046875 0.05 0.00859375
0 0.21328125 0.00390625 0.0453125 0.0078125