0 0.2203125 0.07109375 0.065625 0.0671875
0 0.2625 0.02421875 0.065625 0.0484375
0 0.19765625 0.0140625 0.0671875 0.028125
0 0.1734375 0.11796875 0.0671875 0.0703125
0 0.28984375 0.0875 0.0625 0.0671875
0 0.15625 0.0515625 0.0640625 0.0671875
0 0.24765625 0.1359375 0.065625 0.0640625
0 0.03828125 0.028125 0.0453125 0.05625
0 0.0265625 0.20703125 0.034375 0.0671875
0 0.09296875 0.025 0.0640625 0.05
0 0.17734375 0.25390625 0.0640625 0.0640625
0 0.33125 0.02578125 0.065625 0.0515625
0 0.04765625 0.153125 0.06875 0.0703125
0 0.2015625 0.1921875 0.06875 0.0703125
0 0.0640625 0.41640625 0.0703125 0.075
0 0.03125 0.33828125 0.053125 0.0640625
0 0.01875 0.4078125 0.034375 0.0765625
0 0.13359375 0.29921875 0.0671875 0.0640625
1 0.02890625 0.48046875 0.0578125 0.0640625
1 0.096875 0.3484375 0.0640625 0.0546875
1 0.06015625 0.271875 0.0703125 0.0734375
1 0.08359375 0.2109375 0.0671875 0.0625
1 0.13515625 0.17578125 0.0671875 0.0765625
1 0.0421875 0.084375 0.0578125 0.059375
1 0.09765625 0.08359375 0.0609375 0.075