1 0.16015625 0.97890625 0.1515625 0.0421875
1 0.29296875 0.95546875 0.1984375 0.0890625
1 0.459375 0.91484375 0.21875 0.1703125
1 0.6609375 0.90625 0.215625 0.175
1 0.84140625 0.86015625 0.2375 0.2
1 0.94609375 0.82265625 0.1078125 0.2078125
1 0.8890625 0.7015625 0.2140625 0.2203125
1 0.71640625 0.746875 0.215625 0.20625
1 0.53671875 0.8 0.2390625 0.215625
1 0.3125 0.8359375 0.2125 0.1921875
1 0.15859375 0.90078125 0.1921875 0.1984375
1 0.19375 0.7328125 0.2609375 0.215625
1 0.3953125 0.69296875 0.2078125 0.2125
1 0.559375 0.63125 0.221875 0.221875
1 0.76015625 0.59765625 0.2265625 0.2140625
1 0.9140625 0.5125 0.171875 0.221875
1 0.82421875 0.42421875 0.2375 0.1890625
1 0.640625 0.47109375 0.215625 0.2109375
1 0.4328125 0.5296875 0.2671875 0.225
1 0.25703125 0.5875 0.2109375 0.19375
1 0.0890625 0.59140625 0.178125 0.1734375
1 0.14296875 0.44453125 0.2484375 0.2203125
1 0.3125 0.409375 0.196875 0.1765625
1 0.49140625 0.38046875 0.2296875 0.21875
1 0.67890625 0.31484375 0.2375 0.2265625
1 0.8671875 0.2765625 0.20625 0.20625
1 0.86875 0.10078125 0.15625 0.2015625
1 0.7296875 0.13203125 0.215625 0.23125
1 0.54296875 0.1828125 0.2265625 0.1921875
1 0.3625 0.2625 0.2140625 0.215625
1 0.1859375 0.29609375 0.228125 0.215625
1 0.05390625 0.3125 0.1078125 0.18125
1 0.090625 0.16484375 0.18125 0.2109375
1 0.23125 0.13046875 0.26875 0.2140625
1 0.43046875 0.0984375 0.2234375 0.196875
1 0.61015625 0.06640625 0.2359375 0.1328125
1 0.77421875 0.02265625 0.1953125 0.0453125