0 0.0546875 0.9390625 0.0640625 0.0640625
0 0.11796875 0.94609375 0.0625 0.0640625
0 0.58125 0.9578125 0.0671875 0.0640625
0 0.3859375 0.94453125 0.0640625 0.0640625
0 0.721875 0.95390625 0.0640625 0.0671875
0 0.17890625 0.75859375 0.065625 0.0671875
0 0.14921875 0.98828125 0.0640625 0.0234375
0 0.34140625 0.76171875 0.071875 0.065625
0 0.48828125 0.76796875 0.065625 0.06875
0 0.090625 0.88671875 0.0625 0.0640625
0 0.45078125 0.94765625 0.06875 0.0671875
0 0.18203125 0.95078125 0.065625 0.0640625
0 0.75078125 0.89140625 0.0640625 0.0625
0 0.9640625 0.81875 0.065625 0.0609375
0 0.65390625 0.95078125 0.065625 0.0671875
0 0.853125 0.9546875 0.0609375 0.0609375
0 0.67890625 0.8171875 0.0671875 0.0640625
0 0.8171875 0.82890625 0.065625 0.0640625
0 0.53046875 0.8328125 0.0671875 0.065625
0 0.0828125 0.98359375 0.065625 0.0328125
0 0.0328125 0.878125 0.0546875 0.059375
0 0.51875 0.95625 0.0640625 0.0640625
0 0.028125 0.98046875 0.040625 0.0390625
0 0.35859375 0.88828125 0.0671875 0.0640625
0 0.91640625 0.95078125 0.065625 0.0640625
0 0.82578125 0.89453125 0.0671875 0.0640625
0 0.065625 0.82734375 0.05625 0.059375
0 0.346875 0.98671875 0.0625 0.0265625
0 0.12734375 0.809375 0.0671875 0.0640625
0 0.42421875 0.88671875 0.0640625 0.0625
0 0.221875 0.70546875 0.06875 0.0625
0 0.5625 0.8953125 0.065625 0.0625
0 0.10625 0.74921875 0.06875 0.0671875
0 0.153125 0.88828125 0.065625 0.065625
0 0.41953125 0.7640625 0.06875 0.0703125
0 0.021875 0.66484375 0.0390625 0.059375
0 0.2484375 0.8015625 0.065625 0.0640625
0 0.0203125 0.82109375 0.03125 0.059375
0 0.246875 0.9484375 0.0671875 0.0671875
0 0.2796875 0.9875 0.065625 0.025
0 0.05078125 0.7734375 0.06875 0.0671875
1 0.0578125 0.7015625 0.0609375 0.0703125
1 0.17578125 0.6765625 0.071875 0.071875
1 0.28515625 0.73515625 0.0671875 0.0703125
1 0.4015625 0.69765625 0.0671875 0.078125
1 0.19140625 0.83046875 0.0671875 0.0578125
1 0.31953125 0.82734375 0.0671875 0.065625
1 0.215625 0.88671875 0.065625 0.065625
1 0.2859375 0.884375 0.06875 0.059375
1 0.5640625 0.76171875 0.0796875 0.0703125
1 0.65703125 0.759375 0.075 0.0625
1 0.73515625 0.75546875 0.08125 0.0609375
1 0.83515625 0.759375 0.109375 0.065625
1 0.925 0.75703125 0.0671875 0.0640625
1 0.38828125 0.8234375 0.0671875 0.06875
1 0.45703125 0.83125 0.0609375 0.0625
1 0.60703125 0.81484375 0.0640625 0.065625
1 0.746875 0.8234375 0.0625 0.06875
1 0.903125 0.821875 0.06875 0.059375
1 0.4953125 0.89375 0.053125 0.0671875
1 0.6203125 0.87109375 0.0578125 0.0609375
1 0.6796875 0.88515625 0.071875 0.071875
1 0.89765625 0.8859375 0.0703125 0.059375
1 0.3171875 0.94296875 0.0703125 0.059375
1 0.78515625 0.9546875 0.06875 0.0578125
1 0.965625 0.884375 0.06875 0.06875
1 0.9796875 0.93125 0.040625 0.0625