1 0.121875 0.51796875 0.2 0.21484375
1 0.30234375 0.55 0.18359375 0.19296875
1 0.4984375 0.52578125 0.221875 0.19609375
1 0.6984375 0.48828125 0.19921875 0.171875
1 0.8828125 0.484375 0.178125 0.19140625
1 0.07265625 0.94375 0.1453125 0.1125
1 0.2421875 0.93828125 0.1859375 0.1234375
1 0.4328125 0.928125 0.190625 0.14375
1 0.62890625 0.9171875 0.1859375 0.165625
1 0.81015625 0.92109375 0.159375 0.1578125
1 0.94375 0.9125 0.1125 0.175
1 0.934375 0.61875 0.13125 0.19375
1 0.88359375 0.7859375 0.18125 0.2015625
1 0.70859375 0.78515625 0.1703125 0.18515625
1 0.5234375 0.81015625 0.2015625 0.1875
1 0.3234375 0.81953125 0.1921875 0.1859375
1 0.12265625 0.8359375 0.19453125 0.1859375
1 0.08359375 0.6796875 0.1671875 0.153125
1 0.2375 0.6765625 0.1890625 0.18984375
1 0.4234375 0.66171875 0.1859375 0.18359375
1 0.61640625 0.62421875 0.18515625 0.19453125
1 0.78125 0.64609375 0.18515625 0.19140625