0 0.02109375 0.8234375 0.0421875 0.05703125
0 0.53515625 0.31328125 0.06015625 0.0609375
0 0.4734375 0.06015625 0.059375 0.06015625
0 0.6015625 0.0421875 0.059375 0.059375
0 0.20078125 0.83828125 0.06328125 0.06015625
0 0.90078125 0.1453125 0.0609375 0.06328125
0 0.97578125 0.24140625 0.0484375 0.0609375
0 0.43671875 0.4640625 0.059375 0.059375
0 0.49921875 0.67265625 0.0625 0.059375
0 0.1078125 0.88203125 0.06171875 0.059375
0 0.171875 0.884375 0.06328125 0.059375
0 0.1703125 0.6625 0.0625 0.059375
0 0.01875 0.28203125 0.0375 0.0578125
0 0.87890625 0.20625 0.0609375 0.0609375
0 0.93984375 0.19609375 0.06015625 0.0609375
0 0.93828125 0.49609375 0.05859375 0.05625
0 0.475 0.515625 0.0625 0.0578125
0 0.87265625 0.878125 0.0609375 0.06015625
0 0.6625 0.29296875 0.05859375 0.0578125
0 0.428125 0.17890625 0.06015625 0.059375
0 0.7265625 0.0484375 0.06015625 0.06015625
0 0.63671875 0.35546875 0.06015625 0.05859375
0 0.9375 0.88046875 0.0609375 0.05703125
0 0.2046875 0.0828125 0.0625 0.06171875
0 0.3453125 0.0609375 0.0609375 0.0625
0 0.6328125 0.1046875 0.06015625 0.06015625
0 0.41171875 0.05546875 0.06171875 0.0609375
0 0.7328125 0.59453125 0.0609375 0.05703125
0 0.628125 0.24453125 0.06015625 0.06015625
0 0.20859375 0.51640625 0.059375 0.059375
0 0.40234375 0.7265625 0.0625 0.05859375
0 0.81484375 0.2171875 0.0609375 0.059375
0 0.3953125 0.41796875 0.0625 0.06015625
0 0.72109375 0.275 0.05859375 0.0578125
0 0.49140625 0.88203125 0.06328125 0.05859375
0 0.69921875 0.10625 0.06171875 0.0625
0 0.98046875 0.60546875 0.0390625 0.0578125
0 0.17265625 0.02890625 0.0609375 0.05546875
0 0.953125 0.6671875 0.0609375 0.0609375
0 0.81875 0.10546875 0.06015625 0.0609375
0 0.7515625 0.21875 0.05859375 0.0578125
0 0.33515625 0.6203125 0.06171875 0.05859375
0 0.26640625 0.83671875 0.0625 0.05859375
0 0.81171875 0.88203125 0.06171875 0.0578125
0 0.08046875 0.08828125 0.06171875 0.0640625
0 0.565625 0.67265625 0.0609375 0.05625
0 0.3171875 0.1203125 0.0609375 0.0625
0 0.35859375 0.17890625 0.06171875 0.06171875
0 0.81484375 0.7796875 0.06015625 0.06015625
0 0.77109375 0.55 0.06171875 0.05703125
0 0.5390625 0.40859375 0.05859375 0.05703125
0 0.27265625 0.52109375 0.0625 0.059375
0 0.88515625 0.31875 0.0609375 0.06328125
0 0.60078125 0.3046875 0.06171875 0.05859375
0 0.43828125 0.01171875 0.0578125 0.0234375
0 0.58984375 0.72890625 0.06015625 0.05859375
0 0.66015625 0.04609375 0.0625 0.0625
0 0.2984375 0.671875 0.0625 0.0578125
0 0.3671875 0.67265625 0.06171875 0.059375
0 0.88359375 0.08203125 0.06015625 0.05859375
0 0.06171875 0.21640625 0.0609375 0.059375
0 0.1109375 0.028125 0.0625 0.05625
0 0.96796875 0.01484375 0.0578125 0.0296875
0 0.93828125 0.784375 0.06171875 0.0609375
0 0.11796875 0.146875 0.0625 0.06484375
0 0.65859375 0.43984375 0.059375 0.0578125
0 0.4625 0.4078125 0.06015625 0.05625
0 0.4890625 0.18359375 0.059375 0.05859375
0 0.13828125 0.83203125 0.06171875 0.0609375
0 0.68984375 0.76875 0.06171875 0.059375
0 0.621875 0.88671875 0.06015625 0.05859375
0 0.69296875 0.2234375 0.06171875 0.06328125
0 0.6078125 0.62734375 0.06171875 0.0609375
0 0.39765625 0.82734375 0.06484375 0.06171875
0 0.45078125 0.24296875 0.0609375 0.06171875
0 0.02421875 0.10234375 0.04765625 0.05703125
0 0.53984375 0.05234375 0.0609375 0.0609375
0 0.040625 0.88203125 0.0625 0.0625
0 0.78203125 0.934375 0.06015625 0.06015625
0 0.203125 0.71796875 0.06171875 0.06015625
0 0.4328125 0.8796875 0.0625 0.06015625
0 0.30234375 0.5671875 0.0609375 0.0578125
0 0.07734375 0.8265625 0.06171875 0.05859375
0 0.5296875 0.14140625 0.06015625 0.0609375
0 0.52890625 0.72578125 0.0609375 0.0578125
0 0.296875 0.18203125 0.05859375 0.0609375
0 0.915625 0.25546875 0.0625 0.059375
0 0.65625 0.940625 0.0609375 0.059375
0 0.10859375 0.77578125 0.0640625 0.0625
0 0.54609375 0.52109375 0.06171875 0.05625
0 0.98671875 0.05703125 0.0265625 0.0640625
0 0.409375 0.29140625 0.0609375 0.06015625
0 0.040625 0.02734375 0.05703125 0.0546875
0 0.56015625 0.01015625 0.06171875 0.01953125
0 0.0125 0.225 0.025 0.06015625
0 0.18203125 0.15625 0.06171875 0.06171875
0 0.7203125 0.9421875 0.06171875 0.059375
0 0.715625 0.4328125 0.06015625 0.06015625
0 0.78828125 0.04609375 0.0609375 0.059375
0 0.90390625 0.3796875 0.0578125 0.0578125
0 0.98515625 0.17890625 0.0296875 0.06328125
0 0.946875 0.3171875 0.06015625 0.0609375
0 0.5375 0.61953125 0.0609375 0.0578125
0 0.23671875 0.78046875 0.0625 0.05859375
0 0.040625 0.66796875 0.06328125 0.059375
0 0.23671875 0.19375 0.0609375 0.06015625
0 0.6859375 0.8828125 0.06171875 0.05859375
0 0.471875 0.61328125 0.0609375 0.0578125
0 0.36484375 0.56484375 0.0625 0.06171875
0 0.36484375 0.884375 0.06171875 0.0609375
0 0.9671875 0.934375 0.0609375 0.0609375
0 0.571875 0.10078125 0.059375 0.0578125
0 0.028125 0.3421875 0.05625 0.0578125
0 0.0203125 0.9359375 0.040625 0.0625
0 0.08203125 0.39375 0.06015625 0.059375
0 0.58984375 0.83359375 0.06171875 0.06015625
0 0.7484375 0.01171875 0.0625 0.0234375
0 0.940625 0.06171875 0.059375 0.06171875
0 0.27734375 0.06875 0.0640625 0.06171875
0 0.23984375 0.565625 0.0609375 0.0578125
0 0.30234375 0.88828125 0.0625 0.06015625
0 0.43359375 0.66875 0.0609375 0.06015625
0 0.98671875 0.78203125 0.02578125 0.06171875
0 0.0375 0.45546875 0.0609375 0.0578125
0 0.496875 0.775 0.06171875 0.059375
0 0.09296875 0.334375 0.06171875 0.05703125
0 0.075 0.27421875 0.06171875 0.0609375
0 0.5 0.46484375 0.06328125 0.06015625
0 0.97265625 0.72109375 0.05390625 0.06171875
0 0.76171875 0.1125 0.06171875 0.0625
0 0.1453125 0.084375 0.0609375 0.06171875
0 0.30546875 0.0171875 0.06171875 0.034375
0 0.1265625 0.2125 0.06171875 0.0625
0 0.98671875 0.88359375 0.0265625 0.059375
0 0.528125 0.9359375 0.0609375 0.06015625
0 0.66796875 0.60546875 0.06171875 0.0625
0 0.471875 0.30390625 0.0609375 0.0625
0 0.34609375 0.2953125 0.06171875 0.0578125
0 0.646875 0.6859375 0.0640625 0.0609375
0 0.71875 0.16796875 0.05703125 0.05546875
0 0.57265625 0.3625 0.0609375 0.05859375
0 0.9046875 0.93515625 0.06015625 0.06015625
0 0.07421875 0.93828125 0.065625 0.05859375
0 0.3265625 0.4296875 0.06171875 0.06171875
0 0.75078125 0.775 0.0609375 0.05859375
0 0.82578125 0.65625 0.0625 0.06171875
0 0.23671875 0.02421875 0.06328125 0.04765625
0 0.05546875 0.15234375 0.0609375 0.05859375
0 0.14375 0.39765625 0.06171875 0.06015625
0 0.5859375 0.1546875 0.0578125 0.05703125
0 0.51171875 0.2453125 0.05703125 0.05859375
0 0.325 0.2421875 0.06171875 0.06015625
0 0.6515625 0.16875 0.06015625 0.05625
0 0.71640625 0.82265625 0.0625 0.059375
0 0.2328125 0.66328125 0.06171875 0.0578125
0 0.440625 0.56328125 0.06015625 0.0578125
0 0.17734375 0.56171875 0.06171875 0.05703125
0 0.79921875 0.32734375 0.0609375 0.06015625
0 0.7875 0.72109375 0.06328125 0.0625
0 0.85078125 0.26171875 0.06171875 0.06015625
0 0.871875 0.4421875 0.0625 0.0578125
0 0.16796875 0.45390625 0.0609375 0.05703125
0 0.30390625 0.775 0.06328125 0.06015625
0 0.33515625 0.7203125 0.06171875 0.0578125
0 0.65390625 0.83515625 0.05859375 0.05625
0 0.37421875 0.46953125 0.0609375 0.0546875
0 0.13828125 0.28046875 0.06171875 0.0609375
0 0.4015625 0.9375 0.06171875 0.0609375
0 0.559375 0.884375 0.0609375 0.059375
0 0.22109375 0.346875 0.0578125 0.0546875
0 0.78046875 0.16640625 0.0609375 0.0578125
0 0.13984375 0.51015625 0.06171875 0.05703125
0 0.9671875 0.36953125 0.05703125 0.05703125
0 0.890625 0.66484375 0.06171875 0.0625
0 0.85 0.0359375 0.06015625 0.06171875
0 0.76171875 0.653125 0.0609375 0.0609375
0 0.85390625 0.71875 0.0578125 0.05625
0 0.3890625 0.234375 0.059375 0.05703125
0 0.2453125 0.1296875 0.06328125 0.0578125
0 0.57578125 0.57421875 0.06328125 0.059375
0 0.171875 0.77421875 0.0609375 0.06171875
0 0.5265625 0.83125 0.06015625 0.05703125
0 0.8421875 0.37734375 0.06171875 0.0609375
0 0.81875 0.50078125 0.059375 0.0578125
0 0.20390625 0.60625 0.0625 0.0578125
0 0.98828125 0.2984375 0.0234375 0.06328125
0 0.5046875 0.56328125 0.06015625 0.05703125
0 0.90703125 0.82890625 0.0609375 0.05703125
0 0.13984375 0.934375 0.0609375 0.0578125
0 0.84609375 0.15703125 0.059375 0.05625
0 0.4984375 0.01328125 0.06328125 0.02578125
0 0.56875 0.22578125 0.06171875 0.0640625
0 0.56484375 0.46171875 0.059375 0.0578125
0 0.70703125 0.54296875 0.06171875 0.0609375
0 0.95859375 0.12265625 0.05859375 0.06171875
0 0.11015625 0.565625 0.06328125 0.06015625
0 0.58984375 0.940625 0.06171875 0.059375
0 0.184375 0.22578125 0.0609375 0.06015625
0 0.4359375 0.35078125 0.0609375 0.05703125
0 0.92734375 0.60390625 0.059375 0.05859375
0 0.6015625 0.41171875 0.0546875 0.05625
0 0.7625 0.3859375 0.06015625 0.05859375
0 0.4984375 0.36171875 0.059375 0.06015625
0 0.8984375 0.54453125 0.06015625 0.0578125
0 0.84453125 0.93984375 0.059375 0.0578125
0 0.96171875 0.55 0.06171875 0.05859375
0 0.23828125 0.8875 0.0625 0.059375
0 0.46484375 0.825 0.0609375 0.05859375
0 0.753125 0.4875 0.0609375 0.0625
0 0.0421875 0.54453125 0.0609375 0.0609375
0 0.55859375 0.77265625 0.059375 0.05625
0 0.21171875 0.2890625 0.0609375 0.0578125
0 0.33515625 0.5109375 0.0609375 0.06171875
0 0.45703125 0.12734375 0.06171875 0.0609375
0 0.3484375 0.359375 0.06171875 0.06015625
0 0.62109375 0.78203125 0.06328125 0.05703125
0 0.7234375 0.71328125 0.0625 0.0640625
0 0.14296875 0.6125 0.0625 0.0578125
0 0.375 0.01796875 0.06953125 0.03515625
0 0.15703125 0.33671875 0.06015625 0.05625
0 0.9109375 0.01796875 0.06171875 0.03515625
0 0.203125 0.93359375 0.0609375 0.05703125
0 0.371875 0.7703125 0.06015625 0.05546875
0 0.80546875 0.42734375 0.0625 0.0609375
0 0.9703125 0.8359375 0.059375 0.05625
0 0.98828125 0.49140625 0.02265625 0.06171875
0 0.8359375 0.55078125 0.0609375 0.0546875
0 0.403125 0.51484375 0.06171875 0.05703125
0 0.68828125 0.4859375 0.0578125 0.0546875
0 0.73828125 0.325 0.0578125 0.05546875
0 0.4640625 0.93671875 0.0625 0.05703125
0 0.84375 0.82421875 0.06171875 0.059375
0 0.8625 0.60078125 0.0609375 0.059375
0 0.27421875 0.3125 0.0609375 0.05625
0 0.38671875 0.1125 0.0625 0.0609375
0 0.025 0.40390625 0.04921875 0.05703125
0 0.07890625 0.70859375 0.06171875 0.05546875
0 0.69921875 0.3703125 0.0578125 0.05625
0 0.79609375 0.60078125 0.0609375 0.05703125
0 0.0453125 0.76640625 0.0625 0.0625
0 0.634375 0.5484375 0.06171875 0.0609375
0 0.3328125 0.83125 0.059375 0.05625
0 0.87890625 0.49453125 0.06015625 0.05703125
0 0.78125 0.82109375 0.05859375 0.05546875
0 0.6875 0.00859375 0.06328125 0.0171875
0 0.40234375 0.6125 0.0640625 0.059375
0 0.7828125 0.26328125 0.0609375 0.05859375
0 0.01328125 0.50390625 0.0265625 0.0578125
0 0.1078125 0.45078125 0.06171875 0.0578125
0 0.9375 0.4359375 0.06171875 0.05859375
0 0.27109375 0.4546875 0.0625 0.0625
0 0.62578125 0.0078125 0.0609375 0.01484375
0 0.87734375 0.77109375 0.0609375 0.05859375
0 0.21640625 0.41484375 0.0609375 0.06015625
0 0.02265625 0.71328125 0.04453125 0.0515625
0 0.2734375 0.9390625 0.0640625 0.06484375
0 0.8109375 0.0109375 0.06328125 0.02109375
0 0.2734375 0.378125 0.06015625 0.05546875
0 0.465625 0.72109375 0.0625 0.05859375
0 0.98984375 0.421875 0.0203125 0.06875
0 0.1421875 0.7140625 0.059375 0.05703125
0 0.271875 0.6109375 0.0625 0.053125
0 0.26484375 0.25078125 0.059375 0.05703125
0 0.11015625 0.66171875 0.06015625 0.05859375
0 0.91328125 0.7265625 0.06171875 0.05859375
0 0.02109375 0.6125 0.0421875 0.06015625
0 0.009375 0.15390625 0.01875 0.0609375
0 0.26875 0.715625 0.0640625 0.06171875
0 0.62578125 0.48984375 0.0609375 0.05859375
0 0.70234375 0.64453125 0.06171875 0.05859375
0 0.00625 0.76875 0.0125 0.0625
0 0.74765625 0.86796875 0.059375 0.0578125
0 0.434375 0.76796875 0.0640625 0.05703125
0 0.07890625 0.49921875 0.06015625 0.05625
0 0.07109375 0.62421875 0.06171875 0.05625
0 0.0046875 0.04296875 0.009375 0.06796875
0 0.340625 0.95234375 0.05546875 0.059375