1 0.95390625 0.571875 0.0921875 0.178125
1 0.915625 0.73203125 0.16875 0.2078125
1 0.87578125 0.875 0.20625 0.1859375
1 0.69453125 0.89375 0.209375 0.1921875
1 0.7671875 0.74296875 0.2140625 0.21875
1 0.81953125 0.575 0.2109375 0.2015625
1 0.87578125 0.42421875 0.20625 0.2078125
1 0.91328125 0.2546875 0.1421875 0.2046875
1 0.86484375 0.03984375 0.1703125 0.0796875
1 0.81953125 0.12734375 0.1875 0.2109375
1 0.759375 0.2859375 0.215625 0.2171875
1 0.68515625 0.45703125 0.2109375 0.19375
1 0.6453125 0.628125 0.20625 0.2109375
1 0.584375 0.78203125 0.2 0.2046875
1 0.51484375 0.93828125 0.1921875 0.1234375
1 0.14921875 0.93515625 0.1953125 0.1296875
1 0.3453125 0.93828125 0.19375 0.1234375
1 0.41640625 0.82421875 0.1921875 0.203125
1 0.23203125 0.8328125 0.2015625 0.19375
1 0.13125 0.68984375 0.20625 0.203125
1 0.3046875 0.6828125 0.1890625 0.20625
1 0.46640625 0.6625 0.2 0.2109375
1 0.5140625 0.4890625 0.1875 0.1875
1 0.5828125 0.3234375 0.19375 0.2203125
1 0.65078125 0.16875 0.2046875 0.1984375
1 0.7078125 0.053125 0.184375 0.10625
1 0.540625 0.06015625 0.203125 0.1203125
1 0.475 0.18046875 0.203125 0.215625
1 0.41484375 0.3453125 0.2046875 0.19375
1 0.3515625 0.50234375 0.2 0.20625
1 0.184375 0.53984375 0.2015625 0.2015625
1 0.05078125 0.559375 0.1015625 0.2
1 0.090625 0.4171875 0.18125 0.19375
2 0.24453125 0.3859375 0.190625 0.18125
1 0.290625 0.24296875 0.2046875 0.209375
1 0.1171875 0.25546875 0.2015625 0.196875
1 0.17421875 0.11171875 0.1953125 0.1703125
1 0.35859375 0.0921875 0.20625 0.178125
1 0.04765625 0.1375 0.0953125 0.178125