0 0.43984375 0.021875 0.0640625 0.04375
0 0.02578125 0.6859375 0.0515625 0.065625
0 0.3265625 0.0609375 0.0640625 0.0625
0 0.07109375 0.3796875 0.065625 0.0625
0 0.0171875 0.3828125 0.034375 0.065625
0 0.06015625 0.26171875 0.065625 0.065625
0 0.10703125 0.57734375 0.0625 0.065625
0 0.01640625 0.753125 0.0328125 0.0703125
0 0.03671875 0.5625 0.0640625 0.065625
0 0.0140625 0.25625 0.028125 0.065625
0 0.2859375 0.28359375 0.065625 0.065625
0 0.24375 0.33671875 0.0640625 0.0625
0 0.17421875 0.0265625 0.0609375 0.053125
0 0.06640625 0.63046875 0.065625 0.0640625
0 0.2390625 0.0390625 0.065625 0.065625
0 0.39296875 0.09140625 0.065625 0.0640625
0 0.07578125 0.50390625 0.065625 0.065625
0 0.06953125 0.0734375 0.065625 0.0640625
0 0.2375 0.10390625 0.0640625 0.0625
0 0.04375 0.44375 0.065625 0.065625
0 0.034375 0.1875 0.065625 0.0625
0 0.02109375 0.49375 0.0421875 0.0625
0 0.3765625 0.021875 0.065625 0.04375
0 0.1265625 0.18046875 0.065625 0.0640625
0 0.290625 0.01484375 0.06875 0.028125
1 0.178125 0.32578125 0.0625 0.0515625
1 0.1375 0.26015625 0.0640625 0.071875
1 0.11484375 0.3203125 0.053125 0.05625
1 0.04296875 0.31796875 0.0671875 0.053125
1 0.11328125 0.44140625 0.059375 0.059375
1 0.271875 0.16953125 0.0578125 0.059375
1 0.17890625 0.4484375 0.059375 0.06875
0 0.14609375 0.5078125 0.065625 0.065625
1 0.3015625 0.11171875 0.059375 0.046875
0 0.16328125 0.08125 0.0640625 0.0625
1 0.14453125 0.38125 0.065625 0.05625
1 0.20859375 0.38203125 0.0546875 0.0546875
1 0.23515625 0.215625 0.059375 0.046875
1 0.02578125 0.10859375 0.05 0.075
1 0.03828125 0.02109375 0.0765625 0.0421875
1 0.18046875 0.1515625 0.059375 0.065625
1 0.2 0.26953125 0.053125 0.0625
0 0.01171875 0.615625 0.0234375 0.06875
1 0.34375 0.14765625 0.053125 0.04375
1 0.0859375 0.14453125 0.05625 0.059375
1 0.3140625 0.21171875 0.0609375 0.05
1 0.115625 0.01015625 0.06875 0.0203125
1 0.17734375 0.2015625 0.059375 0.0625