2 0.08671875 0.02265625 0.0515625 0.0453125
2 0.35234375 0.26953125 0.0828125 0.078125
0 0.68671875 0.97578125 0.053125 0.0484375
0 0.6609375 0.940625 0.053125 0.0484375
0 0.6359375 0.89765625 0.05 0.05
0 0.61171875 0.8546875 0.0515625 0.0484375
0 0.5828125 0.81484375 0.0515625 0.053125
0 0.56015625 0.7703125 0.05 0.05
0 0.609375 0.76953125 0.0484375 0.046875
0 0.659375 0.76484375 0.05 0.046875
0 0.71015625 0.7625 0.05 0.046875
0 0.76015625 0.7625 0.0484375 0.05
0 0.80859375 0.7578125 0.0484375 0.046875
0 0.8578125 0.75625 0.05 0.046875
0 0.90546875 0.7578125 0.046875 0.05
0 0.63671875 0.809375 0.046875 0.05
0 0.6875 0.80703125 0.046875 0.046875
0 0.73515625 0.80625 0.046875 0.046875
0 0.78515625 0.80546875 0.05 0.046875
0 0.834375 0.8 0.05 0.0484375
0 0.88203125 0.803125 0.0453125 0.046875
0 0.93125 0.7984375 0.0484375 0.046875
0 0.6609375 0.85234375 0.05 0.046875
0 0.7125 0.8484375 0.05 0.046875
0 0.7625 0.846875 0.046875 0.05
0 0.8125 0.84375 0.046875 0.05
0 0.85859375 0.84375 0.0453125 0.046875
0 0.90625 0.84453125 0.046875 0.046875
0 0.68828125 0.89375 0.0453125 0.046875
0 0.7375 0.89296875 0.05 0.046875
0 0.78515625 0.89140625 0.0453125 0.046875
0 0.83515625 0.8875 0.046875 0.046875
0 0.88515625 0.88828125 0.046875 0.0484375
0 0.9328125 0.88203125 0.046875 0.05
0 0.71015625 0.93671875 0.046875 0.05
0 0.76015625 0.934375 0.05 0.0484375
0 0.8109375 0.93046875 0.0484375 0.05
0 0.86015625 0.93046875 0.05 0.05
0 0.91171875 0.92734375 0.0453125 0.0484375
0 0.959375 0.925 0.05 0.053125
0 0.73828125 0.97734375 0.0453125 0.0453125
0 0.78671875 0.97421875 0.046875 0.046875
0 0.83671875 0.9703125 0.0484375 0.0484375
0 0.88828125 0.9703125 0.053125 0.05
0 0.9359375 0.96953125 0.0453125 0.046875
0 0.98046875 0.96640625 0.0390625 0.046875
0 0.97890625 0.8828125 0.0421875 0.046875
0 0.95546875 0.840625 0.046875 0.05
0 0.97734375 0.79921875 0.0453125 0.0484375
0 0.953125 0.75703125 0.05 0.046875
0 0.98828125 0.75546875 0.0234375 0.0484375
0 0.5359375 0.7296875 0.05 0.05
0 0.5875 0.728125 0.0484375 0.0484375
0 0.6359375 0.72421875 0.046875 0.046875
0 0.6859375 0.72421875 0.0484375 0.046875
0 0.734375 0.7203125 0.046875 0.04375
0 0.7828125 0.71875 0.0484375 0.046875
0 0.8328125 0.7171875 0.05 0.046875
0 0.88359375 0.71484375 0.05 0.05
0 0.93046875 0.7125 0.04375 0.046875
0 0.9765625 0.7140625 0.046875 0.04375
0 0.5046875 0.6890625 0.05 0.046875
0 0.48125 0.64765625 0.0484375 0.0515625
0 0.45625 0.6078125 0.05 0.046875
0 0.42890625 0.56328125 0.05 0.0515625
0 0.40234375 0.52421875 0.0484375 0.05
0 0.378125 0.4796875 0.046875 0.05
0 0.35390625 0.43828125 0.05 0.046875
0 0.5609375 0.6875 0.053125 0.053125
0 0.61171875 0.68515625 0.0453125 0.046875
0 0.659375 0.68125 0.046875 0.046875
0 0.70859375 0.6796875 0.0515625 0.046875
0 0.75625 0.6765625 0.046875 0.046875
0 0.80390625 0.675 0.046875 0.05
0 0.85390625 0.67421875 0.046875 0.046875
0 0.9015625 0.67109375 0.0453125 0.046875
0 0.9515625 0.6703125 0.05 0.0515625
0 0.98828125 0.66953125 0.0234375 0.0484375
0 0.534375 0.6453125 0.05 0.046875
0 0.58515625 0.6421875 0.05 0.05
0 0.634375 0.63984375 0.04375 0.046875
0 0.6828125 0.6375 0.05 0.05
0 0.73125 0.634375 0.05 0.046875
0 0.77890625 0.634375 0.046875 0.046875
0 0.8296875 0.63203125 0.05 0.04375
0 0.8765625 0.628125 0.046875 0.0484375
0 0.92421875 0.628125 0.0484375 0.0484375
0 0.97265625 0.62578125 0.05 0.046875
0 0.50625 0.60390625 0.0484375 0.0484375
0 0.55546875 0.60390625 0.0453125 0.046875
0 0.6046875 0.5984375 0.0484375 0.0453125
0 0.65546875 0.59921875 0.0484375 0.0484375
0 0.7046875 0.59609375 0.05 0.046875
0 0.753125 0.59296875 0.046875 0.046875
0 0.8015625 0.5921875 0.046875 0.05
0 0.85078125 0.58984375 0.0484375 0.046875
0 0.9 0.58671875 0.0484375 0.046875
0 0.94921875 0.5859375 0.046875 0.0453125
0 0.98671875 0.58359375 0.0265625 0.0453125
0 0.47890625 0.56171875 0.05 0.05
0 0.52890625 0.56171875 0.05 0.0484375
0 0.578125 0.55703125 0.046875 0.05
0 0.62734375 0.5546875 0.053125 0.0484375
0 0.67890625 0.5546875 0.0515625 0.05
0 0.728125 0.5515625 0.0453125 0.046875
0 0.77421875 0.54921875 0.05 0.04375
0 0.82421875 0.54609375 0.0453125 0.046875
0 0.87421875 0.5484375 0.046875 0.0484375
0 0.92265625 0.54453125 0.046875 0.046875
0 0.9703125 0.54375 0.0484375 0.0484375
0 0.453125 0.5171875 0.05 0.05
0 0.50390625 0.515625 0.04375 0.046875
0 0.55234375 0.515625 0.0453125 0.046875
0 0.60078125 0.51328125 0.05 0.046875
0 0.65625 0.509375 0.05 0.046875
0 0.70703125 0.51015625 0.05 0.04375
0 0.7546875 0.50703125 0.046875 0.0484375
0 0.8015625 0.50546875 0.046875 0.04375
0 0.84921875 0.5046875 0.05 0.05
0 0.8984375 0.50234375 0.05 0.0484375
0 0.9484375 0.49921875 0.0484375 0.0484375
0 0.98671875 0.5 0.0265625 0.0484375
0 0.42578125 0.47890625 0.0515625 0.0515625
0 0.47578125 0.47421875 0.0453125 0.046875
0 0.52890625 0.471875 0.05 0.05
0 0.5796875 0.4734375 0.05 0.0484375
0 0.62890625 0.471875 0.046875 0.0484375
0 0.68125 0.46796875 0.046875 0.046875
0 0.7296875 0.46640625 0.046875 0.05
0 0.775 0.46484375 0.0453125 0.046875
0 0.82421875 0.46328125 0.046875 0.046875
0 0.871875 0.46328125 0.046875 0.046875
0 0.921875 0.46015625 0.046875 0.046875
0 0.97109375 0.459375 0.05 0.05
0 0.40546875 0.434375 0.08125 0.06875
0 0.45078125 0.434375 0.046875 0.04375
0 0.50078125 0.4296875 0.0484375 0.0453125
0 0.55078125 0.4296875 0.0484375 0.046875
0 0.60234375 0.43125 0.05 0.0453125
0 0.65078125 0.4265625 0.046875 0.0453125
0 0.70234375 0.42421875 0.0484375 0.046875
0 0.75234375 0.4234375 0.046875 0.046875
0 0.79765625 0.4203125 0.04375 0.0484375
0 0.8453125 0.4203125 0.046875 0.046875
0 0.89375 0.42109375 0.046875 0.0453125
0 0.94453125 0.41875 0.05 0.0484375
0 0.984375 0.41484375 0.03125 0.0484375
0 0.32734375 0.39765625 0.046875 0.0484375
0 0.3015625 0.35390625 0.0484375 0.05
0 0.34921875 0.3546875 0.04375 0.04375
0 0.37734375 0.39609375 0.046875 0.046875
0 0.2796875 0.3140625 0.0484375 0.04375
0 0.3328125 0.3109375 0.04375 0.05
0 0.37734375 0.3109375 0.04375 0.0484375
0 0.25 0.271875 0.0453125 0.04375
0 0.3015625 0.271875 0.05 0.04375
0 0.3265625 0.225 0.05 0.046875
0 0.3734375 0.221875 0.046875 0.046875
0 0.27109375 0.2296875 0.046875 0.04375
0 0.21953125 0.22734375 0.05 0.0484375
0 0.19375 0.1875 0.0515625 0.0515625
0 0.25 0.18828125 0.046875 0.05
0 0.29921875 0.18828125 0.05 0.053125
0 0.3515625 0.18203125 0.0484375 0.05
0 0.36875 0.140625 0.05 0.046875
0 0.32109375 0.14140625 0.0484375 0.0484375
0 0.271875 0.14765625 0.046875 0.046875
0 0.21953125 0.14453125 0.046875 0.0453125
0 0.16796875 0.14375 0.0484375 0.046875
0 0.1453125 0.1015625 0.04375 0.04375
0 0.1921875 0.1015625 0.0515625 0.046875
0 0.25234375 0.10546875 0.046875 0.0453125
0 0.29453125 0.09921875 0.04375 0.04375
0 0.34140625 0.0953125 0.053125 0.04375
0 0.11953125 0.0640625 0.0484375 0.0484375
0 0.16796875 0.05859375 0.0484375 0.05
0 0.21953125 0.0625 0.046875 0.0484375
0 0.2703125 0.059375 0.046875 0.04375
0 0.31953125 0.0546875 0.046875 0.04375
0 0.36640625 0.05390625 0.046875 0.046875
0 0.13984375 0.021875 0.0484375 0.04375
0 0.2015625 0.0234375 0.0484375 0.046875
0 0.2484375 0.02265625 0.0453125 0.0453125
0 0.29375 0.01796875 0.0484375 0.0359375
0 0.34140625 0.01796875 0.0453125 0.0359375
0 0.42578125 0.39453125 0.0453125 0.046875
0 0.4734375 0.3921875 0.05 0.0515625
0 0.52421875 0.390625 0.05 0.046875
0 0.57578125 0.38828125 0.053125 0.0515625
0 0.62734375 0.38828125 0.05 0.053125
0 0.67578125 0.38515625 0.046875 0.05
0 0.7234375 0.38359375 0.05 0.05
0 0.77265625 0.38125 0.0484375 0.046875
0 0.82109375 0.378125 0.046875 0.0453125
0 0.86953125 0.3796875 0.0515625 0.046875
0 0.91953125 0.3765625 0.046875 0.05
0 0.9671875 0.37265625 0.046875 0.046875
0 0.396875 0.35234375 0.05 0.05
0 0.446875 0.3484375 0.05 0.046875
0 0.4984375 0.34921875 0.0515625 0.05
0 0.55078125 0.34765625 0.05 0.046875
0 0.60078125 0.346875 0.05 0.046875
0 0.64921875 0.3453125 0.0484375 0.053125
0 0.69921875 0.34375 0.0484375 0.046875
0 0.7484375 0.3421875 0.05 0.0515625
0 0.79609375 0.33984375 0.046875 0.046875
0 0.84453125 0.3390625 0.05 0.0484375
0 0.8921875 0.33515625 0.046875 0.046875
0 0.9390625 0.33203125 0.0484375 0.05
0 0.98125 0.32890625 0.0375 0.0484375
0 0.42578125 0.30703125 0.05 0.046875
0 0.4765625 0.3046875 0.0484375 0.053125
0 0.52421875 0.30546875 0.046875 0.05
0 0.571875 0.30390625 0.046875 0.05
0 0.61953125 0.303125 0.0484375 0.0515625
0 0.67109375 0.303125 0.0515625 0.05
0 0.71953125 0.29921875 0.046875 0.053125
0 0.76796875 0.29765625 0.05 0.046875
0 0.81796875 0.296875 0.046875 0.046875
0 0.865625 0.29453125 0.046875 0.046875
0 0.9140625 0.28984375 0.05 0.05
0 0.9625 0.2890625 0.0453125 0.046875
0 0.39765625 0.26484375 0.053125 0.05
0 0.44765625 0.2625 0.046875 0.05
0 0.49609375 0.26484375 0.053125 0.05
0 0.546875 0.26484375 0.04375 0.0484375
0 0.59296875 0.2609375 0.05 0.05
0 0.64375 0.2609375 0.053125 0.05
0 0.6953125 0.259375 0.05 0.05
0 0.74296875 0.25859375 0.046875 0.05
0 0.78984375 0.253125 0.0453125 0.05
0 0.83828125 0.253125 0.05 0.0484375
0 0.8875 0.24765625 0.0484375 0.05
0 0.93828125 0.2453125 0.0484375 0.046875
0 0.98125 0.246875 0.0375 0.0484375
0 0.421875 0.2203125 0.0484375 0.05
0 0.47109375 0.221875 0.0484375 0.05
0 0.52109375 0.2203125 0.05 0.05
0 0.56875 0.21796875 0.05 0.0484375
0 0.61953125 0.21953125 0.05 0.0484375
0 0.66796875 0.21796875 0.05 0.0515625
0 0.71640625 0.21640625 0.04375 0.0484375
0 0.7625 0.21328125 0.0484375 0.0453125
0 0.81171875 0.21171875 0.046875 0.0484375
0 0.86171875 0.2078125 0.05 0.046875
0 0.9109375 0.20859375 0.0484375 0.0453125
0 0.959375 0.20546875 0.05 0.0484375
0 0.3984375 0.18046875 0.0453125 0.0484375
0 0.44453125 0.1765625 0.0484375 0.05
0 0.49453125 0.17890625 0.05 0.0484375
0 0.5453125 0.178125 0.05 0.053125
0 0.59296875 0.17734375 0.0453125 0.0484375
0 0.6421875 0.1765625 0.053125 0.05
0 0.6921875 0.175 0.046875 0.046875
0 0.7390625 0.1734375 0.046875 0.0515625
0 0.7859375 0.17109375 0.046875 0.046875
0 0.8359375 0.1671875 0.053125 0.05
0 0.88671875 0.16640625 0.0484375 0.046875
0 0.93359375 0.1625 0.0484375 0.0484375
0 0.97890625 0.16171875 0.0421875 0.046875
0 0.41953125 0.13828125 0.05 0.046875
0 0.4703125 0.13828125 0.0515625 0.0515625
0 0.5203125 0.1375 0.05 0.05
0 0.5703125 0.1375 0.046875 0.046875
0 0.61953125 0.1359375 0.05 0.05
0 0.6671875 0.1328125 0.046875 0.046875
0 0.71171875 0.1296875 0.046875 0.046875
0 0.76171875 0.13046875 0.0484375 0.0453125
0 0.80859375 0.125 0.0453125 0.046875
0 0.85625 0.12265625 0.05 0.0484375
0 0.90625 0.1203125 0.05 0.046875
0 0.95546875 0.11875 0.046875 0.05
0 0.9890625 0.11875 0.021875 0.053125
0 0.39375 0.09765625 0.05 0.0484375
0 0.44296875 0.09453125 0.046875 0.046875
0 0.4921875 0.09140625 0.046875 0.05
0 0.54140625 0.0921875 0.05 0.05
0 0.590625 0.09140625 0.046875 0.0484375
0 0.63984375 0.08984375 0.05 0.0484375
0 0.6875 0.0875 0.046875 0.05
0 0.7328125 0.08671875 0.0453125 0.05
0 0.78125 0.084375 0.0484375 0.0484375
0 0.83046875 0.08203125 0.05 0.046875
0 0.87890625 0.0796875 0.05 0.0484375
0 0.93203125 0.0796875 0.0515625 0.046875
0 0.97734375 0.08671875 0.0453125 0.0453125
0 0.41484375 0.05546875 0.046875 0.05
0 0.4625 0.053125 0.05 0.0484375
0 0.515625 0.05 0.05 0.05
0 0.56484375 0.04765625 0.075 0.075
0 0.61328125 0.05078125 0.0484375 0.05
0 0.66171875 0.0453125 0.046875 0.0484375
0 0.70859375 0.04296875 0.05 0.0484375
0 0.75703125 0.040625 0.046875 0.046875
0 0.80390625 0.040625 0.0515625 0.0515625
0 0.853125 0.0390625 0.046875 0.05
0 0.90078125 0.0359375 0.0484375 0.0484375
0 0.9515625 0.034375 0.0484375 0.05
0 0.98828125 0.03203125 0.0234375 0.0484375
0 0.38984375 0.01875 0.0484375 0.0375
0 0.4375 0.0171875 0.0484375 0.034375
0 0.48828125 0.01796875 0.046875 0.0359375
0 0.53671875 0.015625 0.0484375 0.03125
0 0.5859375 0.01640625 0.04375 0.0328125
0 0.63515625 0.01484375 0.0453125 0.0296875
0 0.68125 0.0140625 0.04375 0.028125
0 0.72890625 0.01171875 0.05 0.0234375
0 0.7796875 0.0109375 0.046875 0.021875
0 0.82578125 0.01015625 0.04375 0.0203125
0 0.875 0.009375 0.0515625 0.01875
0 0.92421875 0.009375 0.046875 0.01875