0 0.12578125 0.8234375 0.04375 0.0453125
0 0.44140625 0.09765625 0.04375 0.0453125
0 0.49140625 0.253125 0.0453125 0.0453125
0 0.52265625 0.53515625 0.04375 0.0453125
0 0.24375 0.859375 0.0453125 0.0453125
0 0.58359375 0.25234375 0.04375 0.0453125
0 0.57890625 0.09453125 0.04375 0.0453125
0 0.41015625 0.73828125 0.0453125 0.046875
0 0.16796875 0.42265625 0.04375 0.0453125
0 0.46796875 0.29609375 0.04375 0.0453125
0 0.61015625 0.29375 0.04375 0.04375
0 0.8171875 0.0890625 0.0484375 0.046875
0 0.21875 0.9 0.0453125 0.046875
0 0.45546875 0.66015625 0.04375 0.04375
0 0.48359375 0.6953125 0.04375 0.04375
0 0.77265625 0.25 0.0453125 0.0453125
0 0.36015625 0.7390625 0.04375 0.046875
0 0.4296875 0.45859375 0.0453125 0.04375
0 0.7515625 0.29140625 0.0453125 0.0453125
0 0.51328125 0.2171875 0.04375 0.04375
0 0.38046875 0.38125 0.04375 0.0453125
0 0.09609375 0.4625 0.0453125 0.04375
0 0.38671875 0.61875 0.04375 0.04375
0 0.3359375 0.78046875 0.0453125 0.0453125
0 0.265625 0.5 0.0453125 0.046875
0 0.64296875 0.49375 0.0453125 0.0453125
0 0.41484375 0.0578125 0.04375 0.0453125
0 0.21796875 0.821875 0.0453125 0.046875
0 0.5640625 0.375 0.04375 0.0453125
0 0.5484375 0.57421875 0.04375 0.0453125
0 0.2453125 0.7796875 0.04375 0.0453125
0 0.265625 0.81875 0.04375 0.0453125
0 0.48046875 0.7765625 0.04375 0.04375
0 0.6859375 0.41171875 0.0453125 0.0453125
0 0.7640625 0.09140625 0.0421875 0.04375
0 0.64765625 0.13359375 0.0421875 0.0453125
0 0.32421875 0.1390625 0.04375 0.0453125
0 0.17109375 0.73984375 0.0453125 0.0453125
0 0.53671875 0.175 0.04375 0.04375
0 0.453125 0.49921875 0.0453125 0.0453125
0 0.33359375 0.3796875 0.04375 0.04375
0 0.53359375 0.09609375 0.0453125 0.0453125
0 0.3578125 0.57890625 0.0421875 0.04375
0 0.4625 0.1359375 0.04375 0.04375
0 0.06796875 0.10703125 0.04375 0.0453125
0 0.37421875 0.21875 0.04375 0.0453125
0 0.53125 0.01953125 0.04375 0.0390625
0 0.0484375 0.30234375 0.0453125 0.0453125
0 0.3640625 0.81953125 0.046875 0.046875
0 0.34375 0.9390625 0.0453125 0.0453125
0 0.56171875 0.29453125 0.0453125 0.0453125
0 0.04609375 0.065625 0.04375 0.0453125
0 0.2671875 0.73984375 0.04375 0.04375
0 0.446875 0.3390625 0.0453125 0.0453125
0 0.78671875 0.05078125 0.04375 0.04375
0 0.69609375 0.2125 0.04375 0.0453125
0 0.27734375 0.0625 0.04375 0.0453125
0 0.2890625 0.93984375 0.046875 0.046875
0 0.6109375 0.3734375 0.04375 0.0453125
0 0.5015625 0.4984375 0.04375 0.04375
0 0.2328125 0.1453125 0.0453125 0.0453125
0 0.19453125 0.4578125 0.04375 0.0453125
0 0.4640625 0.21875 0.04375 0.04375
0 0.01171875 0.54140625 0.0234375 0.0453125
0 0.146875 0.62109375 0.04375 0.0453125
0 0.0125 0.85625 0.025 0.046875
0 0.31484375 0.73828125 0.04375 0.04375
0 0.51015625 0.1390625 0.04375 0.0453125
0 0.22265625 0.66171875 0.04375 0.0453125
0 0.16484375 0.1828125 0.04375 0.0453125
0 0.05390625 0.85859375 0.0453125 0.0453125
0 0.53984375 0.3359375 0.04375 0.0453125
0 0.48125 0.61796875 0.0453125 0.046875
0 0.2421875 0.70390625 0.04375 0.04375
0 0.30078125 0.10234375 0.04375 0.04375
0 0.4296875 0.53984375 0.0453125 0.0453125
0 0.26484375 0.90078125 0.0453125 0.0453125
0 0.5390625 0.25234375 0.04375 0.04375
0 0.1015625 0.9421875 0.046875 0.046875
0 0.65859375 0.2921875 0.04375 0.0453125
0 0.2359375 0.30234375 0.0453125 0.046875
0 0.3375 0.54140625 0.0421875 0.0453125
0 0.30859375 0.340625 0.0453125 0.046875
0 0.2859375 0.29921875 0.0453125 0.046875
0 0.2140625 0.34296875 0.04375 0.04375
0 0.55703125 0.05859375 0.04375 0.046875
0 0.0984375 0.7015625 0.04375 0.0453125
0 0.54453125 0.4125 0.04375 0.0453125
0 0.403125 0.41796875 0.04375 0.04375
0 0.48515625 0.1765625 0.04375 0.0453125
0 0.45390625 0.57734375 0.0453125 0.046875
0 0.053125 0.94140625 0.0453125 0.046875
0 0.41328125 0.89921875 0.04375 0.0484375
0 0.4078125 0.6609375 0.04375 0.0453125
0 0.01328125 0.62109375 0.0265625 0.0453125
0 0.11796875 0.10625 0.04375 0.046875
0 0.50234375 0.5765625 0.0453125 0.04375
0 0.459375 0.8203125 0.046875 0.046875
0 0.090625 0.14609375 0.04375 0.04375
0 0.67109375 0.09375 0.04375 0.04375
0 0.28828125 0.7015625 0.0453125 0.0453125
0 0.2578125 0.26328125 0.0453125 0.0453125
0 0.62578125 0.09296875 0.0453125 0.04375
0 0.56640625 0.45625 0.04375 0.0453125
0 0.21875 0.73828125 0.04375 0.0453125
0 0.36328125 0.6609375 0.0453125 0.046875
0 0.6078125 0.21484375 0.04375 0.0453125
0 0.2390625 0.459375 0.04375 0.04375
0 0.38359375 0.77890625 0.0453125 0.0453125
0 0.3921875 0.1 0.04375 0.0453125
0 0.37109375 0.05859375 0.0453125 0.0453125
0 0.1203125 0.58125 0.04375 0.0453125
0 0.475 0.378125 0.0453125 0.046875
0 0.7625 0.021875 0.0453125 0.0265625
0 0.48359375 0.0984375 0.04375 0.0453125
0 0.3984375 0.33828125 0.0453125 0.0453125
0 0.09765625 0.61875 0.04375 0.0453125
0 0.4390625 0.01953125 0.04375 0.0390625
0 0.39140625 0.94140625 0.0453125 0.0453125
0 0.50703125 0.05859375 0.04375 0.0453125
0 0.48515625 0.0203125 0.0453125 0.040625
0 0.45078125 0.41875 0.04375 0.0453125
0 0.4609375 0.05859375 0.04375 0.0453125
0 0.09453125 0.2234375 0.04375 0.0453125
0 0.2546875 0.10078125 0.04375 0.0453125
0 0.28828125 0.77890625 0.0421875 0.0453125
0 0.19609375 0.940625 0.04375 0.046875
0 0.3671875 0.9765625 0.046875 0.0375
0 0.3671875 0.8984375 0.0453125 0.0453125
0 0.51484375 0.29453125 0.0453125 0.0453125
0 0.290625 0.85703125 0.04375 0.0453125
0 0.07578125 0.6609375 0.0453125 0.0453125
0 0.21796875 0.42109375 0.04375 0.0453125
0 0.63515625 0.3359375 0.04375 0.0453125
0 0.28828125 0.540625 0.04375 0.0453125
0 0.3125 0.5765625 0.0453125 0.0453125
0 0.3515625 0.178125 0.0453125 0.0453125
0 0.18828125 0.14453125 0.04375 0.0453125
0 0.28046875 0.22265625 0.0453125 0.0453125
0 0.6015625 0.05546875 0.04375 0.0453125
0 0.23125 0.06015625 0.04375 0.0453125
0 0.3515625 0.26015625 0.0453125 0.04375
0 0.196875 0.7015625 0.04375 0.0453125
0 0.15078125 0.78359375 0.0453125 0.0453125
0 0.31953125 0.97578125 0.04375 0.0375
0 0.52109375 0.3765625 0.04375 0.046875
0 0.4421875 0.178125 0.04375 0.0453125
0 0.28046875 0.14140625 0.0453125 0.046875
0 0.6703125 0.0203125 0.04375 0.03125
0 0.3234375 0.06015625 0.0453125 0.0453125
0 0.04375 0.00390625 0.04375 0.0078125
0 0.42265625 0.29765625 0.04375 0.0453125
0 0.55703125 0.1375 0.0453125 0.0453125
0 0.4078125 0.50078125 0.0453125 0.0453125
0 0.02890625 0.6640625 0.04375 0.0453125
0 0.49453125 0.3359375 0.04375 0.0453125
0 0.115625 0.02421875 0.04375 0.0453125
0 0.2671875 0.97578125 0.046875 0.034375
0 0.12578125 0.90078125 0.0453125 0.046875
0 0.4234375 0.21796875 0.04375 0.0453125
0 0.08984375 0.0640625 0.0421875 0.04375
0 0.54609375 0.4984375 0.0453125 0.0453125
0 0.19609375 0.859375 0.0421875 0.0453125
0 0.65234375 0.21171875 0.04375 0.04375
0 0.8171875 0.17109375 0.04375 0.0453125
0 0.35234375 0.33671875 0.04375 0.0453125
0 0.3609375 0.5 0.04375 0.046875
0 0.05234375 0.70234375 0.0453125 0.0453125
0 0.2515625 0.02109375 0.04375 0.0421875
0 0.21875 0.97578125 0.04375 0.03125
0 0.20859375 0.1828125 0.04375 0.046875
0 0.31328125 0.49921875 0.04375 0.0453125
0 0.21015625 0.26328125 0.0453125 0.0453125
0 0.21796875 0.57734375 0.0453125 0.0453125
0 0.6265625 0.17421875 0.04375 0.04375
0 0.3359375 0.7015625 0.0453125 0.0453125
0 0.07890625 0.9015625 0.0453125 0.0453125
0 0.2890625 0.61796875 0.0453125 0.0453125
0 0.396875 0.1765625 0.0421875 0.0453125
0 0.1671875 0.57890625 0.0453125 0.046875
0 0.678125 0.2546875 0.0453125 0.0453125
0 0.20546875 0.0234375 0.0453125 0.0453125
0 0.41875 0.1359375 0.04375 0.0453125
0 0.39140625 0.01953125 0.0453125 0.0390625
0 0.01328125 0.77890625 0.0265625 0.0453125
0 0.740625 0.053125 0.04375 0.0453125
0 0.4234375 0.37890625 0.0453125 0.046875
0 0.1359375 0.06484375 0.04375 0.04375
0 0.0703125 0.34453125 0.04375 0.046875
0 0.05625 0.78125 0.04375 0.0453125
0 0.05234375 0.54375 0.04375 0.0453125
0 0.2328125 0.22109375 0.04375 0.0453125
0 0.8390625 0.1296875 0.0484375 0.046875
0 0.1640625 0.2625 0.04375 0.0453125
0 0.475 0.5390625 0.0453125 0.0453125
0 0.61953125 0.534375 0.0453125 0.046875
0 0.390625 0.85546875 0.04375 0.046875
0 0.72109375 0.17421875 0.0453125 0.0453125
0 0.69453125 0.0546875 0.0453125 0.0453125
0 0.725 0.25078125 0.04375 0.046875
0 0.37890625 0.2984375 0.0453125 0.0453125
0 0.59765625 0.5734375 0.046875 0.0453125
0 0.33203125 0.2984375 0.04375 0.0453125
0 0.31171875 0.4203125 0.0453125 0.0453125
0 0.31484375 0.81953125 0.0453125 0.046875
0 0.57890625 0.17578125 0.04375 0.0453125
0 0.2875 0.459375 0.0453125 0.046875
0 0.3859375 0.70234375 0.04375 0.0453125
0 0.33046875 0.21875 0.046875 0.046875
0 0.02734375 0.7421875 0.04375 0.0453125
0 0.4109375 0.81875 0.04375 0.0453125
0 0.06875 0.0234375 0.04375 0.0453125
0 0.196875 0.78046875 0.0453125 0.046875
0 0.346875 0.1 0.0453125 0.0453125
0 0.43359375 0.778125 0.0453125 0.0453125
0 0.0984375 0.540625 0.04375 0.0453125
0 0.140625 0.38203125 0.0421875 0.0453125
0 0.11796875 0.26328125 0.0421875 0.04375
0 0.4359375 0.85625 0.0453125 0.0453125
0 0.02734375 0.50546875 0.04375 0.0453125
0 0.06953125 0.18671875 0.04375 0.0453125
0 0.18671875 0.221875 0.04375 0.0453125
0 0.10390625 0.86328125 0.04375 0.0453125
0 0.14921875 0.7 0.04375 0.046875
0 0.31328125 0.66171875 0.04375 0.046875
0 0.65703125 0.37265625 0.04375 0.0453125
0 0.071875 0.5015625 0.0453125 0.0453125
0 0.340625 0.86171875 0.0453125 0.046875
0 0.521875 0.453125 0.0453125 0.0453125
0 0.14296875 0.30078125 0.04375 0.0453125
0 0.58828125 0.33515625 0.0453125 0.0453125
0 0.21875 0.5 0.04375 0.0453125
0 0.1390625 0.221875 0.0453125 0.0453125
0 0.0953125 0.3015625 0.0421875 0.0453125
0 0.72109375 0.09140625 0.04375 0.04375
0 0.07578125 0.740625 0.0421875 0.0453125
0 0.03046875 0.89921875 0.0453125 0.0453125
0 0.43359375 0.61953125 0.04375 0.0453125
0 0.88671875 0.04609375 0.04375 0.04375
0 0.79140625 0.13203125 0.04375 0.0453125
0 0.40625 0.578125 0.0421875 0.0453125
0 0.25703125 0.1796875 0.0453125 0.0453125
0 0.07109375 0.265625 0.04375 0.04375
0 0.475 0.45859375 0.0453125 0.0453125
0 0.64921875 0.0546875 0.04375 0.0453125
0 0.4453125 0.25625 0.04375 0.04375
0 0.79296875 0.2125 0.0453125 0.0453125
0 0.1875 0.3 0.04375 0.0453125
0 0.303125 0.17734375 0.04375 0.0453125
0 0.52734375 0.61484375 0.0453125 0.0453125
0 0.14921875 0.94453125 0.04375 0.0453125
0 0.3828125 0.53984375 0.0453125 0.0453125
0 0.6359375 0.4140625 0.04375 0.0453125
0 0.1171875 0.3421875 0.04375 0.04375
0 0.3046875 0.26015625 0.04375 0.0453125
0 0.02265625 0.425 0.0421875 0.04375
0 0.3328125 0.46015625 0.04375 0.04375
0 0.10234375 0.78203125 0.04375 0.0453125
0 0.1671875 0.34140625 0.0453125 0.0453125
0 0.60234375 0.13359375 0.04375 0.0453125
0 0.3984375 0.259375 0.04375 0.04375
0 0.15078125 0.86328125 0.04375 0.046875
0 0.8625 0.0859375 0.0453125 0.04375
0 0.5078125 0.65859375 0.04375 0.046875
0 0.5953125 0.496875 0.0453125 0.046875
0 0.240625 0.94296875 0.0453125 0.0453125
0 0.078125 0.5796875 0.04375 0.0453125
0 0.06953125 0.42421875 0.04375 0.04375
0 0.04921875 0.384375 0.0453125 0.0484375
0 0.77109375 0.17109375 0.0453125 0.0453125
0 0.1640625 0.10390625 0.04375 0.0453125
0 0.675 0.17421875 0.0421875 0.04375
0 0.02578125 0.26640625 0.0375 0.0453125
0 0.265625 0.58125 0.0453125 0.0453125
0 0.553125 0.65859375 0.04375 0.046875
0 0.04453125 0.225 0.04375 0.0453125
0 0.2640625 0.4203125 0.0453125 0.0453125
0 0.1609375 0.025 0.04375 0.0453125
0 0.02578125 0.34296875 0.040625 0.04375
0 0.46015625 0.73515625 0.0453125 0.046875
0 0.18515625 0.0625 0.0453125 0.0453125
0 0.33671875 0.61875 0.04375 0.0453125
0 0.66171875 0.453125 0.04375 0.0453125
0 0.19375 0.54296875 0.04375 0.0453125
0 0.49765625 0.41640625 0.0453125 0.0453125
0 0.16953125 0.82109375 0.04375 0.0453125
0 0.371875 0.1390625 0.04375 0.0453125
0 0.43203125 0.70078125 0.04375 0.0453125
0 0.125 0.73828125 0.0453125 0.0453125
0 0.03203125 0.8171875 0.04375 0.046875
0 0.57578125 0.61640625 0.0453125 0.0453125
0 0.69921875 0.1359375 0.04375 0.0453125
0 0.0484375 0.46171875 0.04375 0.0453125
0 0.70390625 0.29140625 0.0421875 0.0453125
0 0.34375 0.021875 0.04375 0.04375
0 0.08203125 0.82109375 0.04375 0.0453125
0 0.31328125 0.9 0.0453125 0.0453125
0 0.284375 0.3796875 0.04375 0.0453125
0 0.71953125 0.02109375 0.04375 0.028125
0 0.3796875 0.4578125 0.0453125 0.04375
0 0.62265625 0.0203125 0.0453125 0.0328125
0 0.23828125 0.378125 0.0453125 0.0453125
0 0.5609375 0.215625 0.04375 0.0453125
0 0.11953125 0.1859375 0.04375 0.0453125
0 0.240625 0.5390625 0.04375 0.0453125
0 0.575 0.01875 0.0421875 0.034375
0 0.028125 0.184375 0.034375 0.04375
0 0.1203125 0.4234375 0.04375 0.0453125
0 0.140625 0.14609375 0.0453125 0.046875
0 0.14375 0.54296875 0.0453125 0.046875
0 0.02890625 0.10703125 0.0328125 0.0453125
0 0.20859375 0.10234375 0.0453125 0.0453125
0 0.2671875 0.6609375 0.04375 0.046875
0 0.70625 0.37109375 0.0453125 0.04375
0 0.1828125 0.003125 0.04375 0.00625
0 0.121875 0.50078125 0.046875 0.046875
0 0.359375 0.42265625 0.04375 0.0453125
0 0.025 0.58359375 0.04375 0.046875
0 0.19765625 0.61953125 0.0453125 0.046875
0 0.56875 0.5375 0.04375 0.04375
0 0.80703125 0.02109375 0.0421875 0.0234375
0 0.03046875 0.025 0.0296875 0.04375
0 0.12265625 0.6609375 0.0453125 0.046875
0 0.72734375 0.33125 0.0453125 0.0453125
0 0.1703125 0.66015625 0.0453125 0.0453125
0 0.50859375 0.7375 0.04375 0.0453125
0 0.04296875 0.14609375 0.04375 0.0453125
0 0.171875 0.50078125 0.046875 0.046875
0 0.26328125 0.3375 0.0453125 0.0453125
0 0.24453125 0.62109375 0.04375 0.0453125
0 0.18828125 0.38046875 0.0453125 0.0453125
0 0.01328125 0.703125 0.0265625 0.046875
0 0.5296875 0.69921875 0.04375 0.0453125
0 0.296875 0.0234375 0.04375 0.0453125
0 0.0328125 0.971875 0.04375 0.025
0 0.68125 0.33515625 0.046875 0.0453125
0 0.053125 0.62265625 0.04375 0.0453125
0 0.14765625 0.46328125 0.0453125 0.046875
0 0.58828125 0.4140625 0.0453125 0.0453125
0 0.0796875 0.9734375 0.04375 0.0265625
0 0.1359375 0.00234375 0.04375 0.0046875
0 0.171875 0.90078125 0.04375 0.0453125
0 0.0140625 0.9421875 0.028125 0.046875
0 0.09453125 0.384375 0.0453125 0.0453125
0 0.12734375 0.97421875 0.0453125 0.028125
0 0.6140625 0.453125 0.04375 0.04375
0 0.63046875 0.2546875 0.0453125 0.0453125
0 0.8375 0.05 0.0453125 0.04375
0 0.75078125 0.2125 0.04375 0.04375
0 0.903125 0.0234375 0.0453125 0.01875
0 0.17265625 0.97578125 0.04375 0.0265625
0 0.85625 0.02265625 0.0453125 0.0203125
0 0.08984375 0.00390625 0.0453125 0.0078125
0 0.2296875 0.00234375 0.04375 0.0046875
0 0.003125 0.9703125 0.00625 0.025
0 0.0140625 0.30390625 0.015625 0.0421875
0 0.0015625 0.7421875 0.003125 0.04375
0 0.27578125 0.00234375 0.0421875 0.0046875
0 0.0140625 0.38671875 0.021875 0.0453125
0 0.0015625 0.6640625 0.003125 0.04375
0 0.00234375 0.9 0.0046875 0.04375
0 0.01640625 0.2265625 0.0140625 0.0453125
0 0.0109375 0.4609375 0.021875 0.0421875
0 0.01640625 0.14765625 0.009375 0.0453125
0 0.01875 0.0671875 0.009375 0.0484375
0 0.36328125 0.0015625 0.0453125 0.003125