1 0.41875 0.1265625 0.196875 0.2
1 0.13203125 0.7453125 0.1890625 0.1984375
1 0.915625 0.52734375 0.16875 0.1890625
1 0.61875 0.8609375 0.203125 0.1953125
1 0.28671875 0.43984375 0.19375 0.1796875
1 0.08984375 0.41796875 0.1796875 0.1953125
1 0.178125 0.28515625 0.19375 0.1875
1 0.634375 0.38046875 0.2046875 0.2
1 0.24609375 0.90546875 0.1890625 0.1890625
1 0.09296875 0.14453125 0.1859375 0.2015625
1 0.42578125 0.87734375 0.2015625 0.1953125
1 0.065625 0.59609375 0.13125 0.1921875
1 0.821875 0.3671875 0.203125 0.1921875
1 0.52734375 0.2546875 0.19375 0.196875
1 0.25625 0.14296875 0.1796875 0.2015625
1 0.3875 0.60078125 0.196875 0.190625
1 0.7421875 0.5359375 0.209375 0.2
1 0.309375 0.73125 0.2 0.1921875
1 0.20625 0.575 0.196875 0.2140625
1 0.88046875 0.225 0.1890625 0.1953125
1 0.775 0.07421875 0.203125 0.1484375
1 0.7203125 0.23046875 0.1984375 0.1984375
1 0.7890625 0.85703125 0.1984375 0.196875
1 0.60234375 0.10859375 0.1953125 0.196875
1 0.096875 0.90625 0.15 0.1859375
1 0.365625 0.290625 0.1875 0.190625
1 0.453125 0.446875 0.190625 0.19375
1 0.50234375 0.7140625 0.2 0.1890625
1 0.68046875 0.69296875 0.1828125 0.1859375
1 0.53515625 0.959375 0.2046875 0.08125
1 0.85703125 0.68828125 0.215625 0.196875
1 0.95 0.38125 0.0984375 0.1859375
1 0.565625 0.57109375 0.19375 0.1984375
1 0.03203125 0.06796875 0.0640625 0.0765625
1 0.0328125 0.30234375 0.065625 0.2015625
1 0.921875 0.07578125 0.109375 0.1515625
1 0.35546875 0.96953125 0.1703125 0.0609375
1 0.72265625 0.95625 0.1859375 0.071875
1 0.15078125 0.05234375 0.178125 0.06875
1 0.48515625 0.0265625 0.1765625 0.053125
1 0.31796875 0.034375 0.171875 0.05625
1 0.19375 0.990625 0.190625 0.01875
1 0.03515625 0.75 0.053125 0.221875
1 0.0625 0.97734375 0.0625 0.0453125
1 0.853125 0.00625 0.1875 0.0125
1 0.653125 0.01171875 0.1875 0.0234375