0 0.27734375 0.04765625 0.046875 0.0375
0 0.26171875 0.0859375 0.0515625 0.0484375
0 0.2453125 0.13359375 0.0515625 0.0484375
0 0.23203125 0.17890625 0.0453125 0.046875
0 0.22109375 0.2171875 0.0515625 0.0515625
0 0.2078125 0.259375 0.05 0.0484375
0 0.19765625 0.3 0.053125 0.05
0 0.18671875 0.3421875 0.0484375 0.046875
0 0.1734375 0.38125 0.05 0.05
0 0.15625 0.43046875 0.046875 0.046875
0 0.14609375 0.46953125 0.0484375 0.046875
0 0.1265625 0.51796875 0.0484375 0.046875
0 0.115625 0.55703125 0.0546875 0.0484375
0 0.10625 0.60078125 0.0484375 0.046875
0 0.090625 0.64609375 0.05 0.0484375
0 0.078125 0.68828125 0.0515625 0.0484375
0 0.06640625 0.7328125 0.05 0.05
0 0.05703125 0.78046875 0.0359375 0.0453125
0 0.015625 0.1 0.03125 0.046875
0 0.05 0.09375 0.0453125 0.0484375
0 0.0953125 0.0828125 0.0484375 0.04375
0 0.13828125 0.0765625 0.0484375 0.046875
0 0.18203125 0.06796875 0.0484375 0.0453125
0 0.23125 0.05859375 0.053125 0.0453125
0 0.2171875 0.09921875 0.046875 0.05
0 0.1703125 0.10625 0.05 0.0484375
0 0.128125 0.1171875 0.0484375 0.05
0 0.084375 0.125 0.0515625 0.0484375
0 0.009375 0.13671875 0.01875 0.0484375
0 0.040625 0.128125 0.046875 0.046875
0 0.025 0.1734375 0.0453125 0.046875
0 0.06953125 0.16484375 0.046875 0.0453125
0 0.1125 0.15703125 0.0484375 0.0453125
0 0.15703125 0.15078125 0.046875 0.0453125
0 0.20234375 0.1421875 0.0484375 0.046875
0 0.01875 0.21171875 0.0375 0.0484375
0 0.05625 0.20703125 0.0484375 0.05
0 0.10234375 0.20078125 0.0515625 0.046875
0 0.14765625 0.18984375 0.0453125 0.046875
0 0.1921875 0.18359375 0.0484375 0.046875
0 0.0109375 0.25859375 0.021875 0.0453125
0 0.040625 0.24921875 0.046875 0.0453125
0 0.08515625 0.24375 0.0484375 0.0453125
0 0.134375 0.2328125 0.05 0.05
0 0.178125 0.2265625 0.0484375 0.05
0 0.00546875 0.3 0.0109375 0.05
0 0.0296875 0.296875 0.0484375 0.05
0 0.075 0.28671875 0.0484375 0.0484375
0 0.11796875 0.27734375 0.0484375 0.05
0 0.16640625 0.26875 0.05 0.05
0 0.10625 0.31796875 0.0484375 0.046875
0 0.15078125 0.309375 0.05 0.05
0 0.09140625 0.3640625 0.0484375 0.046875
0 0.1390625 0.3484375 0.0484375 0.0484375
0 0.12578125 0.3953125 0.05 0.046875
0 0.07890625 0.40859375 0.0484375 0.046875
0 0.05859375 0.33203125 0.046875 0.046875
0 0.0484375 0.371875 0.0515625 0.05
0 0.03359375 0.4140625 0.0484375 0.0484375
0 0.01953125 0.3390625 0.0390625 0.046875
0 0.0140625 0.38125 0.028125 0.05
0 0.00703125 0.421875 0.0140625 0.046875
0 0.02109375 0.45859375 0.0421875 0.0484375
0 0.06171875 0.4515625 0.0484375 0.0484375
0 0.11171875 0.4359375 0.0515625 0.0515625
0 0.01640625 0.5 0.0328125 0.05
0 0.05234375 0.49140625 0.05 0.0484375
0 0.1015625 0.47890625 0.05 0.0515625
0 0.00859375 0.53984375 0.0171875 0.0421875
0 0.03828125 0.53203125 0.0484375 0.0484375
0 0.08046875 0.52421875 0.046875 0.05
0 0.06875 0.565625 0.05 0.05
0 0.0265625 0.578125 0.046875 0.0484375
0 0.0578125 0.6109375 0.0484375 0.05
0 0.025 0.61953125 0.03125 0.046875
0 0.0453125 0.653125 0.0484375 0.0484375
0 0.04140625 0.6953125 0.0375 0.0484375