0 0.07734375 0.66796875 0.06875 0.0671875
0 0.62265625 0.2609375 0.0671875 0.0671875
0 0.465625 0.80234375 0.0703125 0.0703125
0 0.04375 0.6078125 0.065625 0.065625
0 0.603125 0.90703125 0.06875 0.0671875
0 0.86953125 0.896875 0.0671875 0.0671875
0 0.35234375 0.74375 0.0703125 0.0703125
0 0.01953125 0.534375 0.0390625 0.06875
0 0.25390625 0.8171875 0.06875 0.0671875
0 0.01875 0.3953125 0.0375 0.065625
0 0.28984375 0.7671875 0.0671875 0.0640625
0 0.0703125 0.55234375 0.065625 0.06875
0 0.97109375 0.92578125 0.0578125 0.0578125
0 0.89140625 0.8328125 0.0703125 0.0703125
0 0.01796875 0.4625 0.0359375 0.065625
0 0.24609375 0.59765625 0.0671875 0.0671875
0 0.4890625 0.05390625 0.0640625 0.0625
0 0.06796875 0.775 0.0671875 0.065625
0 0.4953125 0.7421875 0.0671875 0.065625
0 0.2390625 0.978125 0.06875 0.04375
0 0.50390625 0.86015625 0.06875 0.06875
0 0.02421875 0.21015625 0.0484375 0.0671875
0 0.43984375 0.8546875 0.0671875 0.065625
0 0.403125 0.79375 0.06875 0.065625
0 0.26484375 0.7078125 0.06875 0.065625
0 0.84609375 0.7734375 0.0671875 0.065625
0 0.55078125 0.03125 0.0671875 0.0625
0 0.04765625 0.71953125 0.059375 0.065625
0 0.1234375 0.51953125 0.0671875 0.0671875
0 0.50546875 0.97109375 0.0671875 0.0578125
0 0.18046875 0.553125 0.0671875 0.065625
0 0.9765625 0.8640625 0.046875 0.06875
0 0.9140625 0.934375 0.06875 0.05625
0 0.92734375 0.88046875 0.0671875 0.06875
0 0.95234375 0.190625 0.0421875 0.0640625
0 0.67109375 0.51953125 0.06875 0.065625
0 0.09140625 0.984375 0.0671875 0.03125
0 0.17890625 0.48828125 0.0671875 0.0671875
0 0.57265625 0.9625 0.0703125 0.06875
0 0.125 0.94453125 0.0671875 0.0671875
0 0.17890625 0.6140625 0.0671875 0.0671875
0 0.18203125 0.809375 0.06875 0.065625
0 0.23828125 0.38828125 0.0671875 0.065625
0 0.1578125 0.7546875 0.0671875 0.0671875
0 0.47734375 0.50703125 0.065625 0.06875
0 0.603125 0.62421875 0.0671875 0.0671875
0 0.496875 0.3015625 0.065625 0.0671875
0 0.13984375 0.65859375 0.0671875 0.0671875
0 0.33046875 0.2921875 0.065625 0.0671875
0 0.44140625 0.96953125 0.0703125 0.0609375
0 0.29609375 0.3453125 0.06875 0.0671875
0 0.43125 0.73515625 0.06875 0.06875
0 0.18671875 0.69765625 0.0703125 0.0671875
0 0.4515625 0.6703125 0.0671875 0.0671875
0 0.65703125 0.790625 0.0671875 0.0640625
0 0.37578125 0.853125 0.065625 0.065625
0 0.06484375 0.95 0.046875 0.065625
0 0.4734375 0.90703125 0.06875 0.065625
0 0.63359375 0.8546875 0.06875 0.0671875
0 0.14609375 0.875 0.06875 0.06875
0 0.7046875 0.95625 0.0640625 0.0546875
0 0.02109375 0.3359375 0.0421875 0.065625
0 0.82578125 0.83515625 0.0671875 0.0671875
0 0.18125 0.36328125 0.0671875 0.0671875
0 0.68125 0.2796875 0.0640625 0.065625
0 0.12578125 0.39296875 0.0671875 0.065625
0 0.05859375 0.84453125 0.05625 0.0640625
0 0.984375 0.7671875 0.03125 0.0625
0 0.53125 0.79375 0.0671875 0.0640625
0 0.56875 0.846875 0.06875 0.0703125
0 0.96953125 0.31953125 0.034375 0.0640625
0 0.71171875 0.67890625 0.0671875 0.065625
0 0.565625 0.41328125 0.0671875 0.065625
0 0.64140625 0.57265625 0.0671875 0.0640625
0 0.225 0.64453125 0.06875 0.0640625
0 0.13046875 0.2671875 0.0671875 0.0671875
0 0.1828125 0.4265625 0.0640625 0.0640625
0 0.76171875 0.84140625 0.06875 0.0671875
0 0.953125 0.80703125 0.06875 0.0671875
0 0.96953125 0.38125 0.046875 0.0609375
0 0.40625 0.90390625 0.0671875 0.065625
0 0.81171875 0.7234375 0.06875 0.0640625
0 0.3484375 0.38203125 0.0671875 0.0671875
0 0.4328125 0.0328125 0.0640625 0.0609375
0 0.86953125 0.37578125 0.065625 0.065625
0 0.9203125 0.2828125 0.0671875 0.0671875
0 0.3046875 0.56015625 0.0671875 0.0671875
0 0.74140625 0.628125 0.0671875 0.0625
0 0.559375 0.21875 0.0671875 0.0625
0 0.09609375 0.18828125 0.0640625 0.0671875
0 0.71796875 0.78203125 0.0671875 0.0640625
0 0.90625 0.7609375 0.06875 0.0671875
0 0.6078125 0.13828125 0.0671875 0.0625
0 0.6484375 0.68203125 0.0671875 0.065625
0 0.37578125 0.0734375 0.065625 0.065625
0 0.70859375 0.57265625 0.0671875 0.06875
0 0.4078125 0.41015625 0.06875 0.0671875
0 0.08125 0.89765625 0.065625 0.065625
0 0.4125 0.4765625 0.0671875 0.065625
0 0.515625 0.6765625 0.06875 0.0671875
0 0.58203125 0.68046875 0.06875 0.065625
0 0.98671875 0.684375 0.0265625 0.065625
0 0.69765625 0.84609375 0.06875 0.06875
0 0.6078125 0.0796875 0.065625 0.06875
0 0.7828125 0.77421875 0.06875 0.0671875
0 0.10234375 0.71875 0.065625 0.065625
0 0.37578125 0.1890625 0.065625 0.065625
0 0.35 0.45234375 0.065625 0.0671875
0 0.49921875 0.375 0.0671875 0.06875
0 0.7734375 0.56953125 0.065625 0.0671875
0 0.0234375 0.275 0.046875 0.065625
0 0.21796875 0.8640625 0.06875 0.065625
0 0.0296875 0.6703125 0.0359375 0.0640625
0 0.3078125 0.99296875 0.065625 0.0140625
0 0.12109375 0.45 0.065625 0.0640625
0 0.74453125 0.725 0.06875 0.065625
0 0.18515625 0.92734375 0.06875 0.0671875
0 0.5484375 0.33671875 0.0671875 0.0640625
0 0.48125 0.61796875 0.065625 0.065625
0 0.83125 0.9390625 0.0671875 0.0640625
0 0.9484375 0.66875 0.0640625 0.0640625
0 0.54140625 0.6203125 0.0671875 0.0671875
0 0.225 0.7546875 0.065625 0.0671875
0 0.6140625 0.02421875 0.065625 0.0484375
0 0.5421875 0.15390625 0.065625 0.065625
0 0.9328125 0.53046875 0.0640625 0.065625
0 0.178125 0.29765625 0.0671875 0.06875
0 0.2484375 0.92578125 0.0640625 0.0671875
0 0.0359375 0.1515625 0.06875 0.0640625
0 0.3015625 0.49375 0.0671875 0.06875
0 0.6859375 0.73359375 0.0640625 0.0640625
0 0.56640625 0.565625 0.0671875 0.0640625
0 0.62421875 0.73984375 0.0703125 0.06875
0 0.8171875 0.6140625 0.0703125 0.0640625
0 0.29375 0.41875 0.065625 0.0671875
0 0.06484375 0.48671875 0.0671875 0.065625
0 0.8046875 0.35390625 0.06875 0.0703125
0 0.3125 0.10234375 0.0625 0.0625
0 0.465625 0.43515625 0.0671875 0.0671875
0 0.0703125 0.3078125 0.0671875 0.06875
1 0.53828125 0.9078125 0.06875 0.05625
0 0.5921875 0.7875 0.0671875 0.0671875
0 0.7609375 0.5 0.06875 0.0671875
0 0.70546875 0.465625 0.0640625 0.0671875
0 0.78984375 0.15390625 0.0671875 0.0671875
0 0.8984375 0.08828125 0.065625 0.06875
0 0.76875 0.9453125 0.06875 0.0625
0 0.725 0.12890625 0.0671875 0.0640625
0 0.5375 0.0890625 0.065625 0.065625
0 0.42109375 0.5359375 0.06875 0.0671875
0 0.128125 0.3296875 0.065625 0.0640625
0 0.94765625 0.12578125 0.0359375 0.0546875
0 0.55625 0.275 0.0671875 0.0640625
0 0.2625 0.25859375 0.065625 0.065625
0 0.62734375 0.39609375 0.0640625 0.0625
0 0.86015625 0.30703125 0.0640625 0.0640625
0 0.74296875 0.38046875 0.065625 0.065625
0 0.07109375 0.24140625 0.0671875 0.0671875
0 0.79609375 0.89453125 0.0671875 0.065625
0 0.92734375 0.35078125 0.0640625 0.0640625
0 0.371875 0.63515625 0.0671875 0.0625
0 0.96328125 0.25390625 0.0328125 0.0609375
0 0.31796875 0.1671875 0.065625 0.0625
0 0.34765625 0.90546875 0.065625 0.0671875
0 0.246875 0.53203125 0.06875 0.06875
0 0.77109375 0.67109375 0.065625 0.0640625
0 0.3828125 0.6859375 0.06875 0.0640625
0 0.11875 0.59296875 0.0671875 0.0703125
0 0.32734375 0.80546875 0.06875 0.06875
0 0.06640625 0.36953125 0.065625 0.0640625
0 0.64296875 0.45 0.0625 0.0640625
0 0.76484375 0.4390625 0.065625 0.0625
0 0.8734375 0.4515625 0.0625 0.0640625
0 0.60078125 0.51875 0.06875 0.065625
0 0.84296875 0.121875 0.0640625 0.065625
0 0.4296875 0.09296875 0.0640625 0.065625
0 0.31640625 0.04296875 0.065625 0.059375
0 0.95703125 0.725 0.065625 0.0625
0 0.853125 0.24453125 0.065625 0.0640625
0 0.93359375 0.0140625 0.0390625 0.028125
0 0.92421875 0.4078125 0.065625 0.0625
0 0.66640625 0.090625 0.0640625 0.0640625
0 0.68359375 0.34140625 0.065625 0.0640625
0 0.5828125 0.46328125 0.065625 0.0625
0 0.88828125 0.0265625 0.0671875 0.053125
0 0.17109375 0.975 0.0671875 0.05
0 0.834375 0.05234375 0.065625 0.0640625
0 0.2046875 0.05390625 0.0640625 0.0578125
0 0.11796875 0.8046875 0.06875 0.065625
0 0.90703125 0.2125 0.065625 0.065625
0 0.73359375 0.90625 0.0703125 0.06875
0 0.53828125 0.50859375 0.065625 0.0671875
0 0.6421875 0.9640625 0.06875 0.053125
0 0.928125 0.4703125 0.0640625 0.0625
0 0.425 0.59921875 0.0671875 0.065625
0 0.503125 0.56171875 0.0640625 0.0625
0 0.8515625 0.184375 0.0640625 0.059375
0 0.096875 0.1234375 0.0671875 0.0640625
0 0.3046875 0.95859375 0.065625 0.0625
0 0.29453125 0.88046875 0.065625 0.06875
0 0.98828125 0.621875 0.0234375 0.0625
0 0.940625 0.0625 0.0375 0.0625
0 0.62109375 0.2015625 0.0671875 0.065625
0 0.15390625 0.209375 0.0625 0.065625
0 0.04140625 0.09609375 0.0671875 0.0671875
0 0.66640625 0.89921875 0.0671875 0.0671875
0 0.36328125 0.57109375 0.0640625 0.0625
0 0.20703125 0.17265625 0.065625 0.0625
0 0.80625 0.290625 0.0640625 0.06875
0 0.5546875 0.7296875 0.0671875 0.0703125
0 0.4890625 0.18515625 0.06875 0.0625
0 0.52109375 0.45234375 0.0640625 0.065625
0 0.234375 0.325 0.065625 0.065625
0 0.89375 0.70234375 0.065625 0.0625
0 0.240625 0.471875 0.0671875 0.065625
0 0.7953125 0.22109375 0.065625 0.065625
1 0.36796875 0.959375 0.071875 0.0625
1 0.61796875 0.32578125 0.0671875 0.065625
1 0.3828125 0.31796875 0.05 0.053125
0 0.6765625 0.62109375 0.06875 0.0640625
0 0.90859375 0.15390625 0.065625 0.0640625
0 0.78515625 0.09140625 0.0640625 0.0625
0 0.94609375 0.60234375 0.065625 0.0640625
0 0.36484375 0.1234375 0.0578125 0.0546875
0 0.15546875 0.15078125 0.065625 0.0640625
0 0.0609375 0.425 0.0671875 0.0625
0 0.30625 0.6203125 0.065625 0.0578125
0 0.734375 0.18515625 0.065625 0.0625
0 0.8234375 0.41796875 0.065625 0.059375
0 0.6765625 0.21640625 0.0671875 0.0625
0 0.42890625 0.15703125 0.0640625 0.0640625
0 0.48125 0.1125 0.0671875 0.065625
0 0.72578125 0.0625 0.0640625 0.0640625
0 0.2578125 0.07265625 0.0640625 0.0640625
0 0.74296875 0.26015625 0.0671875 0.0640625
0 0.67109375 0.15859375 0.0640625 0.0625
0 0.09296875 0.06484375 0.0640625 0.0546875
0 0.8140625 0.47578125 0.065625 0.0609375
0 0.87890625 0.5640625 0.065625 0.059375
0 0.8953125 0.6390625 0.0671875 0.065625
0 0.8296875 0.546875 0.0625 0.06875
0 0.86953125 0.95546875 0.046875 0.021875
0 0.98046875 0.55859375 0.0390625 0.0609375
1 0.43046875 0.33828125 0.059375 0.053125
0 0.8390625 0.66953125 0.06875 0.065625
0 0.15546875 0.04375 0.0671875 0.0265625
0 0.43125 0.21796875 0.0625 0.0609375
0 0.784375 0.0265625 0.065625 0.053125
0 0.6875 0.4078125 0.0671875 0.0625
0 0.359375 0.5140625 0.0625 0.0625
0 0.31796875 0.225 0.065625 0.0640625
0 0.7453125 0.309375 0.0671875 0.0625
0 0.38671875 0.26171875 0.0609375 0.0640625
0 0.49140625 0.23671875 0.0671875 0.0609375
0 0.671875 0.0328125 0.0640625 0.0609375
0 0.2609375 0.13046875 0.065625 0.0625
0 0.20625 0.23359375 0.065625 0.0671875
0 0.2609375 0.2015625 0.0640625 0.0625
0 0.37265625 0.0234375 0.0671875 0.03125
0 0.0453125 0.89453125 0.01875 0.0625
0 0.440625 0.2890625 0.0625 0.0671875
0 0.153125 0.084375 0.0515625 0.0546875
0 0.2109375 0.11171875 0.046875 0.040625
0 0.984375 0.503125 0.03125 0.05