0 0.60859375 0.02265625 0.0609375 0.04453125
0 0.371875 0.29765625 0.0640625 0.0625
0 0.65 0.07890625 0.06640625 0.0609375
0 0.671875 0.0234375 0.065625 0.046875
0 0.48671875 0.134375 0.06640625 0.0640625
0 0.575 0.31171875 0.0625 0.0625
0 0.47578125 0.48984375 0.06484375 0.0625
0 0.540625 0.0203125 0.06640625 0.040625
0 0.584375 0.19609375 0.0640625 0.06171875
0 0.0609375 0.78984375 0.06484375 0.0640625
0 0.515625 0.0703125 0.065625 0.06328125
0 0.58203125 0.078125 0.0640625 0.0640625
0 0.39375 0.240625 0.06640625 0.06484375
0 0.71953125 0.08203125 0.06328125 0.0609375
0 0.0625 0.08828125 0.0671875 0.06484375
0 0.2859375 0.815625 0.065625 0.06484375
0 0.23359375 0.321875 0.0625 0.05859375
0 0.43671875 0.17421875 0.065625 0.0640625
0 0.0234375 0.13671875 0.046875 0.0640625
0 0.465625 0.03125 0.06328125 0.0609375
0 0.0171875 0.328125 0.03359375 0.06484375
0 0.12734375 0.36015625 0.065625 0.0625
0 0.0171875 0.9140625 0.034375 0.065625
0 0.55390625 0.13984375 0.06328125 0.06484375
0 0.61015625 0.2625 0.06328125 0.06328125
0 0.6859375 0.14453125 0.06171875 0.0625
0 0.07109375 0.909375 0.065625 0.0640625
0 0.43671875 0.30078125 0.06484375 0.06328125
0 0.40078125 0.03125 0.06328125 0.0609375
0 0.503125 0.2953125 0.06484375 0.0640625
0 0.2390625 0.0890625 0.065625 0.06484375
0 0.4390625 0.5453125 0.0625 0.06328125
0 0.0296875 0.034375 0.05859375 0.06328125
0 0.540625 0.36640625 0.06171875 0.06171875
0 0.2734375 0.37109375 0.065625 0.0609375
0 0.0140625 0.784375 0.028125 0.06484375
0 0.109375 0.29140625 0.0640625 0.06328125
0 0.334375 0.02890625 0.065625 0.0578125
0 0.3765625 0.09140625 0.06484375 0.0640625
0 0.23671875 0.63671875 0.0640625 0.0640625
0 0.35703125 0.4234375 0.065625 0.0640625
0 0.16171875 0.2375 0.06640625 0.0625
0 0.21328125 0.4328125 0.065625 0.0640625
0 0.04375 0.97109375 0.06640625 0.05703125
0 0.17109375 0.30234375 0.0609375 0.0609375
0 0.17109375 0.4828125 0.0640625 0.06484375
0 0.24375 0.86640625 0.0640625 0.06328125
0 0.190625 0.36953125 0.0640625 0.06484375
0 0.17578125 0.55625 0.0625 0.06171875
0 0.23515625 0.49921875 0.0609375 0.06328125
0 0.0609375 0.478125 0.06484375 0.06328125
0 0.015625 0.20546875 0.03125 0.0640625
0 0.75546875 0.03125 0.06484375 0.0625
0 0.2265625 0.25625 0.065625 0.06328125
0 0.509375 0.42890625 0.0609375 0.06171875
0 0.32578125 0.59140625 0.0640625 0.06484375
0 0.4734375 0.3546875 0.06484375 0.0609375
0 0.6171875 0.1359375 0.0625 0.06171875
0 0.04375 0.26875 0.06640625 0.065625
0 0.0671875 0.60234375 0.0671875 0.0625
0 0.065625 0.3390625 0.06015625 0.0640625
0 0.30859375 0.08125 0.065625 0.06328125
0 0.23828125 0.56796875 0.06328125 0.0640625
0 0.39375 0.6203125 0.06484375 0.06484375
0 0.46640625 0.24296875 0.06640625 0.0640625
0 0.18671875 0.0390625 0.06875 0.065625
0 0.03203125 0.7203125 0.0640625 0.06328125
0 0.446875 0.421875 0.06640625 0.0671875
0 0.5171875 0.1859375 0.06484375 0.05859375
0 0.0609375 0.1734375 0.06484375 0.0625
0 0.3765625 0.5453125 0.065625 0.0640625
0 0.2921875 0.53203125 0.06640625 0.0640625
0 0.33515625 0.475 0.065625 0.0609375
0 0.653125 0.1921875 0.05859375 0.06015625
1 0.3328125 0.23203125 0.059375 0.0671875
1 0.35859375 0.159375 0.0640625 0.0546875
0 0.54765625 0.24296875 0.0609375 0.06328125
0 0.1265625 0.7140625 0.06640625 0.0640625
0 0.14140625 0.41953125 0.06484375 0.06015625
1 0.13828125 0.7890625 0.0640625 0.06953125
0 0.27109375 0.02578125 0.0609375 0.0515625
1 0.30078125 0.64375 0.0578125 0.04921875
1 0.27265625 0.20390625 0.06171875 0.06953125
1 0.17890625 0.12734375 0.065625 0.0625
1 0.178125 0.85859375 0.0625 0.053125
1 0.39765625 0.36484375 0.06640625 0.06640625
1 0.01953125 0.39375 0.03828125 0.059375
1 0.209375 0.9140625 0.05390625 0.05390625
1 0.33359375 0.3546875 0.05625 0.059375
1 0.04296875 0.84609375 0.06640625 0.053125
1 0.23671875 0.7453125 0.06015625 0.05
1 0.1296875 0.0828125 0.05703125 0.065625
1 0.07109375 0.4078125 0.05078125 0.059375
1 0.29921875 0.30078125 0.0609375 0.05546875
1 0.1140625 0.85234375 0.05234375 0.0546875
1 0.11875 0.5234375 0.0515625 0.05546875
1 0.11171875 0.97109375 0.0578125 0.0578125
0 0.4375 0.084375 0.06328125 0.06328125
1 0.1453125 0.91171875 0.06171875 0.05859375
1 0.20078125 0.7984375 0.05234375 0.06171875
1 0.09765625 0.21875 0.0609375 0.075
1 0.0484375 0.540625 0.06875 0.065625
1 0.0265625 0.640625 0.05234375 0.07109375
1 0.27265625 0.70234375 0.05625 0.0578125
1 0.1078125 0.02265625 0.059375 0.0453125
1 0.34453125 0.6765625 0.05390625 0.04375
1 0.1796875 0.68046875 0.06015625 0.06328125
0 0.16328125 0.61328125 0.0640625 0.0625
0 0.28046875 0.43828125 0.06328125 0.0640625
1 0.40234375 0.4765625 0.0640625 0.053125
1 0.0828125 0.6734375 0.0609375 0.0609375
1 0.18046875 0.97109375 0.06640625 0.0578125
0 0.0078125 0.45234375 0.015625 0.0625
0 0.97421875 0.02265625 0.0484375 0.0453125
1 0.3015625 0.1359375 0.06875 0.04765625
1 0.31484375 0.740625 0.06015625 0.05
0 0.22734375 0.0046875 0.06484375 0.00859375
1 0.17890625 0.73828125 0.0453125 0.0515625