0 0.9609375 0.121875 0.078125 0.140625
0 0.84765625 0.578125 0.121875 0.121875
0 0.51484375 0.51953125 0.125 0.1234375
0 0.40234375 0.353125 0.14375 0.1578125
0 0.64609375 0.171875 0.1234375 0.1203125
0 0.5671875 0.06796875 0.128125 0.13125
0 0.5859375 0.303125 0.171875 0.1640625
0 0.72734375 0.2640625 0.125 0.128125
0 0.58828125 0.77109375 0.1203125 0.1203125
1 0.97890625 0.33359375 0.0421875 0.1078125
0 0.53125 0.18203125 0.128125 0.125
0 0.76171875 0.15078125 0.11875 0.121875
0 0.71484375 0.60625 0.1609375 0.159375
1 0.96484375 0.7109375 0.04375 0.0890625
0 0.61171875 0.884375 0.1203125 0.1140625
0 0.79453125 0.37421875 0.1234375 0.14375
0 0.575 0.9640625 0.115625 0.071875
1 0.7671875 0.9578125 0.121875 0.084375
1 0.94921875 0.56953125 0.0921875 0.1
0 0.93671875 0.2484375 0.1265625 0.140625
0 0.38046875 0.93515625 0.1203125 0.1171875
1 0.9234375 0.88359375 0.096875 0.103125
1 0.846875 0.93125 0.103125 0.1140625
0 0.7109375 0.7921875 0.121875 0.13125
0 0.8390625 0.2546875 0.1109375 0.11875
0 0.91796875 0.05625 0.134375 0.0546875
0 0.8671875 0.13984375 0.115625 0.121875
0 0.03671875 0.68984375 0.0734375 0.1078125
0 0.58984375 0.603125 0.1140625 0.1203125
0 0.78984375 0.05859375 0.1140625 0.0796875
0 0.19921875 0.4109375 0.1328125 0.1359375
1 0.915625 0.6359375 0.084375 0.078125
0 0.4765625 0.01875 0.184375 0.0375
0 0.3828125 0.2171875 0.18125 0.153125
0 0.79296875 0.69296875 0.1375 0.1203125
0 0.6546875 0.7109375 0.1265625 0.125
1 0.93828125 0.965625 0.0484375 0.06875
0 0.28359375 0.34296875 0.125 0.125
1 0.98203125 0.43203125 0.0359375 0.1046875
0 0.6875 0.38125 0.109375 0.11875
1 0.90078125 0.71953125 0.1 0.096875
0 0.90234375 0.375 0.1265625 0.1421875
0 0.68125 0.06171875 0.1109375 0.1046875
1 0.9453125 0.79140625 0.06875 0.0875
0 0.07890625 0.7609375 0.1109375 0.1265625
0 0.00703125 0.8296875 0.0140625 0.165625
1 0.95859375 0.88125 0.0265625 0.08125
1 0.88359375 0.9765625 0.1046875 0.046875
1 0.8296875 0.79375 0.0953125 0.1078125
0 0.0625 0.35234375 0.1140625 0.1453125
0 0.76875 0.4828125 0.1234375 0.121875
0 0.08203125 0.0640625 0.1015625 0.128125
0 0.63984375 0.5125 0.1296875 0.128125
0 0.22578125 0.85859375 0.090625 0.08125
1 0.7171875 0.9046875 0.0953125 0.1015625
0 0.175 0.78671875 0.1046875 0.1046875
0 0.9 0.48203125 0.115625 0.0984375
0 0.05234375 0.1953125 0.065625 0.128125
0 0.203125 0.1921875 0.1375 0.134375
0 0.24375 0.06015625 0.13125 0.1203125
0 0.421875 0.0953125 0.1171875 0.1203125
0 0.16640625 0.29140625 0.1265625 0.1234375
0 0.08515625 0.47578125 0.1171875 0.1265625
0 0.03203125 0.5890625 0.0640625 0.121875
0 0.2859375 0.5234375 0.109375 0.1125
0 0.56328125 0.4171875 0.1140625 0.121875
0 0.4375 0.43359375 0.1015625 0.09375
0 0.3984375 0.60703125 0.1109375 0.1046875
0 0.47734375 0.71640625 0.11875 0.1078125
0 0.203125 0.61796875 0.1140625 0.1140625
0 0.21015625 0.51796875 0.090625 0.090625
0 0.31015625 0.61328125 0.1109375 0.1046875
0 0.39609375 0.69765625 0.1 0.0984375
0 0.3203125 0.846875 0.121875 0.115625
0 0.478125 0.80234375 0.11875 0.103125
0 0.48515625 0.91796875 0.1078125 0.1046875
0 0.12578125 0.94140625 0.0890625 0.0625