2 0.33046875 0.9859375 0.0421875 0.028125
1 0.921875 0.66015625 0.0828125 0.0734375
1 0.609375 0.6640625 0.090625 0.0765625
2 0.63203125 0.49140625 0.0609375 0.0546875
0 0.84140625 0.95546875 0.05 0.046875
0 0.88984375 0.95234375 0.0484375 0.046875
0 0.9375 0.946875 0.053125 0.05
0 0.9796875 0.93984375 0.040625 0.0546875
0 0.8109375 0.925 0.053125 0.05
0 0.8578125 0.91640625 0.0515625 0.05
0 0.90703125 0.91015625 0.05 0.05
0 0.95390625 0.9046875 0.0515625 0.05
0 0.9890625 0.9 0.021875 0.05
0 0.82890625 0.878125 0.046875 0.0484375
0 0.87578125 0.871875 0.05 0.0484375
0 0.9234375 0.86484375 0.053125 0.05
0 0.97265625 0.865625 0.0515625 0.0515625
0 0.8 0.83984375 0.05 0.0484375
0 0.8453125 0.8390625 0.0484375 0.0484375
0 0.89609375 0.828125 0.05 0.05
0 0.9421875 0.8234375 0.05 0.0484375
0 0.98203125 0.815625 0.0359375 0.053125
0 0.81875 0.8 0.0515625 0.046875
0 0.865625 0.790625 0.05 0.0484375
0 0.91484375 0.78515625 0.0515625 0.053125
0 0.96015625 0.78359375 0.0515625 0.05
0 0.99140625 0.77265625 0.0171875 0.0515625
0 0.78984375 0.759375 0.046875 0.05
0 0.834375 0.7609375 0.05 0.0484375
0 0.8828125 0.74921875 0.05 0.0515625
0 0.9296875 0.74296875 0.0515625 0.0515625
0 0.97578125 0.7390625 0.0484375 0.05
0 0.80625 0.71484375 0.053125 0.05
0 0.85546875 0.70546875 0.05 0.05
0 0.9015625 0.7 0.0453125 0.0484375
0 0.9515625 0.696875 0.05 0.046875
0 0.9875 0.690625 0.025 0.05
0 0.77734375 0.6796875 0.05 0.0515625
0 0.82421875 0.67421875 0.05 0.05
0 0.86953125 0.66796875 0.0515625 0.0484375
0 0.96953125 0.653125 0.053125 0.0484375
0 0.7953125 0.64375 0.0484375 0.05
0 0.84453125 0.62578125 0.0515625 0.0515625
0 0.890625 0.61640625 0.0515625 0.053125
0 0.93671875 0.62109375 0.046875 0.05
0 0.9796875 0.61015625 0.040625 0.0515625
0 0.765625 0.6 0.05 0.053125
0 0.8125 0.5953125 0.0515625 0.05
0 0.8609375 0.58515625 0.0484375 0.0453125
0 0.909375 0.57890625 0.05 0.05
0 0.95546875 0.5734375 0.0515625 0.053125
0 0.98984375 0.56796875 0.0203125 0.0484375
0 0.7859375 0.54921875 0.0515625 0.053125
0 0.834375 0.5421875 0.05 0.046875
0 0.8796875 0.5375 0.0484375 0.0484375
0 0.9265625 0.53359375 0.053125 0.0515625
0 0.975 0.5265625 0.05 0.05
0 0.7609375 0.51015625 0.0484375 0.05
0 0.80546875 0.5046875 0.0515625 0.053125
0 0.85390625 0.49765625 0.0515625 0.0515625
0 0.89765625 0.49921875 0.0484375 0.0484375
0 0.9453125 0.48984375 0.0515625 0.0515625
0 0.98359375 0.48515625 0.0328125 0.0453125
0 0.77890625 0.46328125 0.0484375 0.046875
0 0.82421875 0.46484375 0.0453125 0.0484375
0 0.8703125 0.45859375 0.0515625 0.05
0 0.9203125 0.4515625 0.05 0.0515625
0 0.96484375 0.45234375 0.0484375 0.046875
0 0.74609375 0.42734375 0.05 0.0484375
0 0.7921875 0.42734375 0.053125 0.05
0 0.84140625 0.41875 0.0515625 0.0484375
0 0.88671875 0.41875 0.046875 0.0484375
0 0.934375 0.41484375 0.0515625 0.0515625
0 0.97578125 0.40859375 0.040625 0.0484375
0 0.76328125 0.38671875 0.046875 0.046875
0 0.81015625 0.38359375 0.05 0.0484375
0 0.85859375 0.37578125 0.0484375 0.046875
0 0.90546875 0.3703125 0.0453125 0.0453125
0 0.95078125 0.3703125 0.05 0.05
0 0.7328125 0.35859375 0.05 0.05
0 0.78046875 0.3453125 0.0484375 0.0484375
0 0.82734375 0.34140625 0.0484375 0.0484375
0 0.87578125 0.33671875 0.053125 0.046875
0 0.92421875 0.32734375 0.0515625 0.0515625
0 0.96875 0.3234375 0.04375 0.05
0 0.75234375 0.31640625 0.0515625 0.0484375
0 0.80078125 0.30234375 0.05 0.05
0 0.846875 0.3 0.046875 0.0484375
0 0.89453125 0.290625 0.0484375 0.046875
0 0.940625 0.290625 0.0515625 0.0484375
0 0.975 0.284375 0.025 0.046875
0 0.7234375 0.27734375 0.05 0.053125
0 0.76875 0.2703125 0.0484375 0.0484375
0 0.81640625 0.26171875 0.0515625 0.0515625
0 0.86484375 0.25859375 0.0515625 0.05
0 0.91171875 0.24375 0.0515625 0.0515625
0 0.959375 0.2421875 0.05 0.0515625
0 0.7390625 0.2328125 0.053125 0.0515625
0 0.790625 0.21328125 0.0515625 0.053125
0 0.8359375 0.21796875 0.046875 0.05
0 0.884375 0.20703125 0.0515625 0.0484375
0 0.89140625 0.15859375 0.0515625 0.053125
0 0.93125 0.19609375 0.046875 0.0546875
0 0.9671875 0.19375 0.028125 0.05
0 0.59921875 0.9828125 0.05 0.0265625
0 0.64765625 0.978125 0.05 0.028125
0 0.69609375 0.97421875 0.05 0.0296875
0 0.74296875 0.96640625 0.05 0.0390625
0 0.7921875 0.9609375 0.05 0.0421875
0 0.24140625 0.99453125 0.0484375 0.0109375
0 0.375 0.98125 0.05625 0.0375
0 0.425 0.97890625 0.05 0.0421875
0 0.47265625 0.975 0.0484375 0.0484375
0 0.52265625 0.96640625 0.0546875 0.0515625
0 0.57265625 0.959375 0.05 0.05
0 0.61875 0.95078125 0.0484375 0.05
0 0.66640625 0.94765625 0.0484375 0.046875
0 0.7140625 0.9390625 0.0484375 0.0484375
0 0.7609375 0.9328125 0.0515625 0.05
0 0.25703125 0.959375 0.0484375 0.0484375
0 0.30625 0.965625 0.0484375 0.05
0 0.3515625 0.94765625 0.0515625 0.05
0 0.39921875 0.93671875 0.0484375 0.0484375
0 0.4453125 0.9359375 0.0484375 0.0484375
0 0.49296875 0.934375 0.05 0.0484375
0 0.53984375 0.92265625 0.0515625 0.05
0 0.5890625 0.9140625 0.053125 0.0484375
0 0.63671875 0.91328125 0.0515625 0.05
0 0.68515625 0.9 0.0484375 0.05
0 0.73359375 0.8984375 0.0515625 0.0515625
0 0.78203125 0.88515625 0.05 0.05
0 0.22734375 0.91484375 0.05 0.05
0 0.2765625 0.91953125 0.0515625 0.053125
0 0.32265625 0.909375 0.05 0.0515625
0 0.37109375 0.903125 0.0515625 0.0484375
0 0.4171875 0.89609375 0.05 0.0515625
0 0.46484375 0.89609375 0.0484375 0.046875
0 0.51171875 0.88359375 0.0546875 0.0484375
0 0.5625 0.87421875 0.0515625 0.0515625
0 0.60703125 0.87578125 0.0484375 0.05
0 0.65390625 0.86328125 0.0484375 0.053125
0 0.70234375 0.86015625 0.053125 0.0484375
0 0.75234375 0.8515625 0.053125 0.046875
0 0.24609375 0.87109375 0.05 0.0515625
0 0.2921875 0.86875 0.0484375 0.0484375
0 0.34140625 0.87265625 0.0484375 0.046875
0 0.3875 0.8578125 0.05 0.0484375
0 0.4359375 0.8515625 0.05 0.05
0 0.48359375 0.8484375 0.05625 0.053125
0 0.5328125 0.8390625 0.0484375 0.05
0 0.58046875 0.83984375 0.05 0.0484375
0 0.62890625 0.828125 0.05 0.0484375
0 0.6765625 0.8171875 0.0515625 0.0515625
0 0.7234375 0.81328125 0.0484375 0.0484375
0 0.77109375 0.803125 0.0515625 0.0515625
0 0.2171875 0.84296875 0.0515625 0.046875
0 0.26640625 0.828125 0.0515625 0.0484375
0 0.31328125 0.82421875 0.0484375 0.05
0 0.3609375 0.81953125 0.0484375 0.0484375
0 0.4078125 0.8125 0.0484375 0.0484375
0 0.453125 0.80703125 0.0515625 0.0515625
0 0.503125 0.80390625 0.0515625 0.0515625
0 0.55234375 0.79609375 0.0484375 0.0484375
0 0.5984375 0.79140625 0.0484375 0.0453125
0 0.64375 0.78828125 0.0484375 0.05
0 0.690625 0.784375 0.0484375 0.0453125
0 0.73828125 0.778125 0.0515625 0.05
0 0.1890625 0.79453125 0.046875 0.0484375
0 0.23671875 0.79453125 0.0484375 0.046875
0 0.284375 0.7859375 0.05 0.05
0 0.33203125 0.7828125 0.0484375 0.0484375
0 0.38125 0.7703125 0.05 0.0515625
0 0.428125 0.765625 0.0484375 0.05
0 0.47421875 0.76640625 0.0484375 0.05
0 0.521875 0.75859375 0.0515625 0.0515625
0 0.57109375 0.753125 0.05 0.0515625
0 0.6171875 0.7484375 0.05 0.05
0 0.6625 0.73984375 0.0484375 0.0484375
0 0.71171875 0.73203125 0.053125 0.0515625
0 0.7609375 0.72265625 0.0515625 0.0515625
0 0.20703125 0.75390625 0.05 0.046875
0 0.2546875 0.746875 0.053125 0.0484375
0 0.30234375 0.74296875 0.0515625 0.05
0 0.35078125 0.7359375 0.05 0.0515625
0 0.396875 0.7265625 0.0484375 0.05
0 0.4453125 0.73125 0.0484375 0.0453125
0 0.49375 0.7171875 0.0515625 0.05
0 0.54140625 0.71015625 0.05 0.0515625
0 0.5875 0.70625 0.046875 0.0484375
0 0.6359375 0.70703125 0.0515625 0.0484375
0 0.684375 0.6921875 0.05 0.0484375
0 0.7328125 0.6859375 0.0515625 0.0515625
0 0.178125 0.721875 0.0546875 0.053125
0 0.2265625 0.71171875 0.05 0.05
0 0.27265625 0.7046875 0.0484375 0.0515625
0 0.3203125 0.70234375 0.0484375 0.046875
0 0.36953125 0.68984375 0.0515625 0.05
0 0.41796875 0.68125 0.0515625 0.053125
0 0.46640625 0.678125 0.0484375 0.0484375
0 0.5109375 0.671875 0.0484375 0.0484375
0 0.55859375 0.665625 0.0546875 0.05
0 0.659375 0.6515625 0.046875 0.05
0 0.7046875 0.65 0.0484375 0.046875
0 0.75 0.6453125 0.05 0.053125
0 0.1515625 0.67734375 0.0515625 0.0515625
0 0.2 0.67421875 0.053125 0.05625
0 0.246875 0.67109375 0.05 0.046875
0 0.29375 0.66640625 0.0484375 0.0484375
0 0.34140625 0.65859375 0.053125 0.0484375
0 0.3890625 0.6546875 0.0484375 0.0484375
0 0.43515625 0.6484375 0.05 0.05
0 0.48125 0.6390625 0.0484375 0.0484375
0 0.53046875 0.6296875 0.0515625 0.0515625
0 0.5765625 0.6265625 0.05 0.0515625
0 0.6234375 0.6203125 0.0515625 0.0484375
0 0.671875 0.6140625 0.0484375 0.0484375
0 0.71953125 0.60625 0.0515625 0.05
0 0.16796875 0.6453125 0.0484375 0.0453125
0 0.2171875 0.63984375 0.053125 0.046875
0 0.26328125 0.62421875 0.0453125 0.0484375
0 0.3109375 0.62109375 0.0515625 0.046875
0 0.3609375 0.609375 0.0515625 0.053125
0 0.40859375 0.60703125 0.0484375 0.0515625
0 0.4546875 0.59609375 0.0515625 0.0484375
0 0.5015625 0.596875 0.05 0.0484375
0 0.5484375 0.58515625 0.05 0.0484375
0 0.5953125 0.578125 0.05 0.0515625
0 0.64453125 0.571875 0.05 0.05
0 0.69140625 0.5625 0.05 0.0515625
0 0.73828125 0.56640625 0.053125 0.0515625
0 0.14140625 0.59765625 0.05 0.0515625
0 0.18671875 0.60234375 0.05 0.046875
0 0.2328125 0.590625 0.0515625 0.0515625
0 0.2828125 0.58203125 0.0515625 0.0515625
0 0.3296875 0.5734375 0.0484375 0.0484375
0 0.378125 0.575 0.0484375 0.0484375
0 0.425 0.56171875 0.0484375 0.046875
0 0.471875 0.5546875 0.0484375 0.0484375
0 0.51875 0.54765625 0.053125 0.0515625
0 0.56796875 0.53984375 0.0484375 0.0484375
0 0.61484375 0.53359375 0.05 0.05
0 0.66328125 0.52578125 0.0515625 0.046875
0 0.7125 0.51875 0.0515625 0.0515625
0 0.1578125 0.55859375 0.0484375 0.046875
0 0.203125 0.5546875 0.0515625 0.0484375
0 0.25234375 0.54296875 0.05625 0.0515625
0 0.30234375 0.5375 0.0484375 0.05
0 0.34765625 0.53671875 0.05 0.05
0 0.3953125 0.52578125 0.0484375 0.0484375
0 0.44375 0.5234375 0.05 0.0484375
0 0.49140625 0.5125 0.0484375 0.0484375
0 0.5375 0.5046875 0.05 0.05
0 0.58515625 0.49453125 0.05 0.0484375
0 0.67890625 0.49140625 0.053125 0.046875
0 0.7296875 0.4796875 0.0546875 0.05
0 0.1296875 0.52265625 0.05 0.0484375
0 0.1796875 0.5171875 0.053125 0.05
0 0.22578125 0.50703125 0.0484375 0.05
0 0.27265625 0.4984375 0.046875 0.0484375
0 0.31875 0.4953125 0.0515625 0.05
0 0.365625 0.4890625 0.05 0.046875
0 0.41171875 0.48203125 0.053125 0.0484375
0 0.46015625 0.47578125 0.0484375 0.046875
0 0.5078125 0.4734375 0.059375 0.0515625
0 0.55859375 0.459375 0.05 0.046875
0 0.60625 0.45390625 0.05 0.05
0 0.653125 0.4453125 0.0515625 0.05
0 0.70078125 0.43828125 0.05 0.046875
0 0.15 0.4796875 0.0484375 0.0484375
0 0.1953125 0.48359375 0.05 0.046875
0 0.24375 0.46015625 0.05 0.05
0 0.28984375 0.45703125 0.0515625 0.05
0 0.3375 0.45078125 0.0515625 0.05
0 0.38671875 0.4453125 0.0484375 0.0484375
0 0.43203125 0.4375 0.05 0.0515625
0 0.48203125 0.4328125 0.0515625 0.0484375
0 0.5296875 0.421875 0.0515625 0.05
0 0.575 0.41875 0.053125 0.053125
0 0.62265625 0.4078125 0.0484375 0.05
0 0.66875 0.403125 0.05 0.05
0 0.71875 0.3921875 0.05 0.05
0 0.12109375 0.44609375 0.05 0.05
0 0.16875 0.4359375 0.0515625 0.0515625
0 0.215625 0.4296875 0.0484375 0.0484375
0 0.26328125 0.41875 0.0515625 0.0515625
0 0.31015625 0.40859375 0.0484375 0.0484375
0 0.35859375 0.41875 0.05 0.0484375
0 0.40390625 0.40234375 0.0515625 0.0484375
0 0.45 0.39375 0.05 0.0484375
0 0.49765625 0.3921875 0.05 0.0515625
0 0.54453125 0.38125 0.0515625 0.05
0 0.5921875 0.37421875 0.0515625 0.053125
0 0.640625 0.35859375 0.0515625 0.05
0 0.6890625 0.3578125 0.0546875 0.0515625
0 0.09609375 0.40390625 0.0484375 0.0484375
0 0.140625 0.40546875 0.0515625 0.0484375
0 0.1875 0.39453125 0.0515625 0.05
0 0.23515625 0.38515625 0.05 0.046875
0 0.28359375 0.3765625 0.0515625 0.0515625
0 0.33046875 0.36953125 0.05 0.05625
0 0.3765625 0.3640625 0.05 0.05
0 0.4234375 0.359375 0.0484375 0.05
0 0.47109375 0.35078125 0.0515625 0.0484375
0 0.51875 0.33671875 0.0515625 0.05
0 0.56484375 0.334375 0.046875 0.0484375
0 0.6125 0.3265625 0.0515625 0.046875
0 0.65859375 0.3140625 0.0484375 0.05
0 0.70546875 0.3171875 0.05 0.0515625
0 0.11171875 0.36484375 0.05 0.0515625
0 0.159375 0.36328125 0.0515625 0.0515625
0 0.20625 0.35234375 0.05 0.05
0 0.25390625 0.34296875 0.0515625 0.0484375
0 0.3 0.3296875 0.0484375 0.0515625
0 0.34765625 0.328125 0.05 0.053125
0 0.39453125 0.32109375 0.046875 0.0484375
0 0.44140625 0.309375 0.0484375 0.046875
0 0.48828125 0.30078125 0.0515625 0.0484375
0 0.53671875 0.2953125 0.0484375 0.046875
0 0.58359375 0.29375 0.0484375 0.05
0 0.6296875 0.284375 0.046875 0.0453125
0 0.675 0.275 0.0484375 0.0484375
0 0.084375 0.3203125 0.0484375 0.0515625
0 0.13125 0.31953125 0.053125 0.0515625
0 0.17734375 0.31015625 0.0453125 0.0484375
0 0.22265625 0.30390625 0.05 0.05
0 0.271875 0.296875 0.05 0.053125
0 0.32109375 0.2984375 0.053125 0.05
0 0.40234375 0.2671875 0.05 0.053125
0 0.4515625 0.2640625 0.0484375 0.0484375
0 0.4953125 0.25859375 0.046875 0.0515625
0 0.5453125 0.25078125 0.05 0.0515625
0 0.5921875 0.25390625 0.0484375 0.0515625
0 0.64609375 0.23671875 0.0515625 0.053125
0 0.69375 0.2390625 0.05 0.05
0 0.10078125 0.27578125 0.0484375 0.0515625
0 0.14765625 0.28046875 0.0515625 0.0515625
0 0.19453125 0.26640625 0.0515625 0.0515625
0 0.09609375 0.99296875 0.0515625 0.0140625
0 0.14453125 0.98984375 0.0484375 0.0203125
0 0.190625 0.9875 0.05 0.025
0 0.06640625 0.97578125 0.0515625 0.0484375
0 0.11484375 0.9703125 0.05 0.0515625
0 0.16171875 0.96796875 0.0484375 0.05
0 0.21015625 0.95625 0.05 0.05
0 0.0453125 0.94765625 0.0328125 0.0484375
0 0.084375 0.93046875 0.0484375 0.0484375
0 0.13203125 0.92578125 0.0546875 0.053125
0 0.18125 0.92421875 0.046875 0.0484375
0 0.05625 0.89765625 0.0515625 0.0515625
0 0.10546875 0.88515625 0.05 0.05
0 0.153125 0.88828125 0.053125 0.0484375
0 0.20078125 0.87421875 0.0484375 0.046875
0 0.0359375 0.85078125 0.028125 0.046875
0 0.0734375 0.846875 0.0515625 0.05
0 0.12109375 0.8421875 0.0515625 0.05
0 0.16953125 0.84140625 0.0546875 0.0546875
0 0.04375 0.809375 0.05 0.046875
0 0.09296875 0.80625 0.053125 0.0484375
0 0.1421875 0.80078125 0.053125 0.053125
0 0.02734375 0.7734375 0.021875 0.0484375
0 0.06328125 0.76796875 0.0515625 0.05
0 0.1109375 0.7640625 0.05 0.05
0 0.1625 0.7578125 0.0515625 0.05
0 0.03828125 0.7375 0.0484375 0.0515625
0 0.08515625 0.73671875 0.046875 0.0484375
0 0.13125 0.7296875 0.05 0.0515625
0 0.053125 0.69375 0.05 0.0515625
0 0.103125 0.6953125 0.0515625 0.05
0 0.03125 0.65625 0.0453125 0.0515625
0 0.07421875 0.65546875 0.0515625 0.0515625
0 0.12265625 0.6484375 0.053125 0.0515625
0 0.04453125 0.61484375 0.0515625 0.053125
0 0.09296875 0.60625 0.0546875 0.053125
0 0.021875 0.57109375 0.0390625 0.046875
0 0.0640625 0.565625 0.0484375 0.046875
0 0.1125 0.5640625 0.05 0.05
0 0.03671875 0.52890625 0.05 0.046875
0 0.0828125 0.5234375 0.05 0.0515625
0 0.01640625 0.4890625 0.0328125 0.046875
0 0.0546875 0.4859375 0.05 0.05
0 0.10390625 0.484375 0.05625 0.059375
0 0.02734375 0.44921875 0.0515625 0.0515625
0 0.075 0.45 0.0453125 0.0484375
0 0.01328125 0.4109375 0.0265625 0.046875
0 0.0484375 0.40625 0.053125 0.05
0 0.021875 0.36953125 0.04375 0.0484375
0 0.06640625 0.36640625 0.046875 0.046875
0 0.00859375 0.33671875 0.0171875 0.0484375
0 0.0375 0.334375 0.0484375 0.0484375
0 0.01875 0.2890625 0.0375 0.053125
0 0.0578125 0.296875 0.046875 0.0546875