0 0.09296875 0.015625 0.0609375 0.03125
0 0.0390625 0.12265625 0.0546875 0.0671875
0 0.0359375 0.0125 0.040625 0.025
0 0.02421875 0.35234375 0.040625 0.0640625
0 0.203125 0.07421875 0.065625 0.0640625
0 0.065625 0.0625 0.065625 0.065625
0 0.15625 0.0171875 0.065625 0.034375
0 0.1328125 0.065625 0.065625 0.0625
0 0.0890625 0.24765625 0.0640625 0.0640625
0 0.05 0.2984375 0.0640625 0.0640625
0 0.10078125 0.121875 0.0625 0.0625
0 0.0671875 0.18046875 0.065625 0.0640625
0 0.1671875 0.13046875 0.065625 0.0640625
0 0.03203125 0.22734375 0.046875 0.0640625
0 0.24296875 0.02734375 0.0671875 0.0546875
0 0.13359375 0.178125 0.059375 0.0609375
0 0.0234375 0.05703125 0.01875 0.0640625
0 0.0203125 0.17265625 0.0203125 0.0578125
0 0.00859375 0.4171875 0.0140625 0.065625