1 0.74609375 0.76953125 0.225 0.2390625
1 0.1828125 0.70546875 0.2296875 0.2078125
1 0.2875 0.56484375 0.2640625 0.228125
1 0.43046875 0.89453125 0.221875 0.1921875
1 0.7765625 0.48671875 0.221875 0.19375
1 0.65546875 0.17578125 0.221875 0.1890625
1 0.81171875 0.928125 0.2171875 0.14375
1 0.8875 0.37109375 0.225 0.2234375
1 0.20234375 0.4 0.221875 0.1859375
1 0.1 0.82578125 0.2 0.2234375
1 0.25234375 0.86171875 0.2015625 0.184375
1 0.053125 0.66328125 0.10625 0.1765625
1 0.546875 0.75 0.2375 0.1984375
1 0.7046875 0.346875 0.2515625 0.221875
1 0.9578125 0.22890625 0.084375 0.2046875
1 0.2625 0.1234375 0.228125 0.1984375
1 0.48671875 0.61171875 0.240625 0.2234375
1 0.11875 0.53515625 0.228125 0.2203125
1 0.34609375 0.28671875 0.2359375 0.2171875
1 0.93125 0.50703125 0.1375 0.1953125
1 0.62109375 0.90078125 0.2484375 0.1984375
1 0.84765625 0.6375 0.2234375 0.215625
1 0.58984375 0.459375 0.2265625 0.20625
1 0.83359375 0.2078125 0.225 0.221875
1 0.15546875 0.2609375 0.2171875 0.1765625
1 0.55859375 0.0703125 0.2171875 0.140625
1 0.38984375 0.44140625 0.2375 0.215625
1 0.66953125 0.61328125 0.24375 0.2234375
1 0.35234375 0.74765625 0.215625 0.209375
1 0.44921875 0.1640625 0.253125 0.228125
1 0.06875 0.390625 0.1375 0.20625
1 0.21875 0.0296875 0.228125 0.059375
1 0.8875 0.78984375 0.15625 0.203125
1 0.12265625 0.09765625 0.1296875 0.1953125
1 0.903125 0.13125 0.19375 0.146875
1 0.728125 0.08359375 0.2203125 0.13125
1 0.55 0.2953125 0.2203125 0.2234375
1 0.39765625 0.04375 0.1984375 0.0875
1 0.53046875 0.9703125 0.2140625 0.059375
1 0.32578125 0.95234375 0.225 0.0859375
1 0.021875 0.52890625 0.04375 0.1796875
1 0.98828125 0.36796875 0.0234375 0.1796875
1 0.959375 0.64375 0.0796875 0.1875
1 0.11875 0.01484375 0.05625 0.0296875
1 0.0359375 0.8859375 0.071875 0.065625