1 0.1421875 0.67265625 0.203125 0.15
1 0.3171875 0.64921875 0.1984375 0.165625
1 0.4609375 0.62421875 0.2015625 0.15
1 0.6640625 0.5875 0.2296875 0.171875
1 0.8421875 0.578125 0.1828125 0.1765625
1 0.9421875 0.5859375 0.115625 0.153125
1 0.0890625 0.81796875 0.178125 0.1640625
1 0.22890625 0.81953125 0.165625 0.1875
1 0.384375 0.7859375 0.2015625 0.146875
1 0.56015625 0.7578125 0.16875 0.1796875
1 0.74140625 0.734375 0.2 0.153125
1 0.9046875 0.72890625 0.1875 0.153125
1 0.14765625 0.94921875 0.2046875 0.1015625
1 0.9515625 0.8671875 0.096875 0.153125
1 0.8296875 0.86953125 0.1859375 0.184375
1 0.68125 0.88515625 0.153125 0.1671875
1 0.51875 0.90546875 0.221875 0.153125
1 0.328125 0.93125 0.1890625 0.1375