0 0.54921875 0.0046875 0.0484375 0.009375
0 0.5796875 0.02265625 0.05 0.0453125
0 0.61015625 0.05390625 0.053125 0.0515625
0 0.63984375 0.0828125 0.05 0.0484375
0 0.66953125 0.11875 0.05 0.0515625
0 0.70234375 0.15078125 0.046875 0.05
0 0.73203125 0.18359375 0.0484375 0.0484375
0 0.76328125 0.2171875 0.05 0.0484375
0 0.7921875 0.25 0.05 0.05
0 0.8234375 0.2828125 0.046875 0.046875
0 0.85234375 0.31640625 0.0515625 0.053125
0 0.884375 0.3515625 0.05 0.053125
0 0.91640625 0.38515625 0.0484375 0.0484375
0 0.946875 0.42109375 0.046875 0.05
0 0.9765625 0.45546875 0.046875 0.0515625
0 0.6234375 0.015625 0.05 0.03125
0 0.65390625 0.0390625 0.05 0.05
0 0.68515625 0.07421875 0.053125 0.0515625
0 0.71484375 0.10625 0.0484375 0.053125
0 0.7453125 0.13828125 0.0515625 0.05
0 0.77734375 0.17421875 0.0484375 0.0484375
0 0.8078125 0.20546875 0.0515625 0.05
0 0.83828125 0.2390625 0.05 0.05
0 0.86953125 0.27265625 0.0515625 0.0515625
0 0.90078125 0.30625 0.05 0.05
0 0.93046875 0.340625 0.0484375 0.05
0 0.9609375 0.37265625 0.05 0.053125
0 0.98203125 0.41015625 0.0265625 0.0484375
0 0.6640625 0.009375 0.05 0.01875
0 0.6984375 0.0265625 0.05 0.05
0 0.73984375 0.02109375 0.0484375 0.0421875
0 0.78671875 0.01328125 0.0453125 0.0265625
0 0.83125 0.009375 0.046875 0.01875
0 0.72890625 0.06171875 0.05 0.05
0 0.7703125 0.05 0.05 0.046875
0 0.81640625 0.0359375 0.05 0.05
0 0.7578125 0.09453125 0.05 0.0515625
0 0.80234375 0.08125 0.0484375 0.05
0 0.84765625 0.06875 0.0484375 0.0484375
0 0.89140625 0.06171875 0.05 0.05
0 0.86171875 0.0265625 0.046875 0.05
0 0.9 0.0203125 0.0375 0.040625
0 0.91484375 0.09453125 0.0390625 0.0484375
0 0.87734375 0.10390625 0.05 0.0515625
0 0.83515625 0.11640625 0.0484375 0.05
0 0.7921875 0.12734375 0.05 0.0515625
0 0.82109375 0.159375 0.05 0.05
0 0.86484375 0.14765625 0.05 0.0515625
0 0.90859375 0.13984375 0.05 0.0515625
0 0.8515625 0.19296875 0.0453125 0.0484375
0 0.89609375 0.18359375 0.05 0.05
0 0.93125 0.1734375 0.0359375 0.0484375
0 0.88046875 0.22734375 0.0484375 0.046875
0 0.92578125 0.215625 0.05 0.0515625
0 0.9125 0.2625 0.0484375 0.0484375
0 0.94765625 0.253125 0.034375 0.0484375
0 0.94296875 0.2953125 0.05 0.05
0 0.9640625 0.33046875 0.03125 0.046875