0 0.05546875 0.084375 0.1109375 0.115625
0 0.0171875 0.290625 0.034375 0.175
0 0.0671875 0.246875 0.134375 0.15
0 0.2203125 0.2515625 0.13125 0.14375
0 0.028125 0.51171875 0.05625 0.1515625
0 0.009375 0.159375 0.01875 0.1375
0 0.64609375 0.04765625 0.1296875 0.0953125
0 0.3484375 0.27421875 0.128125 0.11875
0 0.934375 0.13828125 0.090625 0.1265625
0 0.425 0.17109375 0.15 0.1546875
0 0.16015625 0.046875 0.1296875 0.05625
0 0.50625 0.01953125 0.1625 0.0390625
0 0.3015625 0.03203125 0.1796875 0.05
0 0.05390625 0.39609375 0.1078125 0.1171875
0 0.6859375 0.153125 0.13125 0.128125
0 0.3640625 0.51015625 0.125 0.1265625
0 0.54375 0.09921875 0.128125 0.13125
0 0.4734375 0.3078125 0.125 0.125
0 0.15390625 0.35234375 0.125 0.11875
0 0.3046875 0.4234375 0.1140625 0.103125
0 0.1234375 0.53515625 0.1 0.1203125
0 0.2515625 0.546875 0.1328125 0.10625
0 0.1453125 0.18359375 0.1171875 0.1046875
0 0.2921875 0.13359375 0.128125 0.1265625
0 0.6015625 0.26171875 0.11875 0.1140625
0 0.48203125 0.4578125 0.1375 0.11875
0 0.61015625 0.41484375 0.125 0.1125
0 0.7171875 0.34375 0.121875 0.11875
0 0.82265625 0.27265625 0.146875 0.128125
0 0.821875 0.15234375 0.1296875 0.1234375
0 0.79296875 0.04375 0.1265625 0.0875
0 0.92109375 0.03984375 0.0984375 0.0796875
0 0.39921875 0.0578125 0.1140625 0.0984375