0 0.19921875 0.8875 0.15 0.15625
0 0.61015625 0.5765625 0.14375 0.15
0 0.934375 0.35390625 0.121875 0.1546875
0 0.8109375 0.41015625 0.1671875 0.1796875
0 0.45078125 0.6140625 0.15 0.1484375
0 0.75625 0.7125 0.121875 0.128125
0 0.95703125 0.88359375 0.0859375 0.1296875
0 0.8359375 0.91328125 0.125 0.128125
0 0.67265625 0.453125 0.1234375 0.1296875
0 0.5734375 0.871875 0.13125 0.1359375
0 0.76484375 0.5671875 0.1890625 0.1953125
0 0.92734375 0.67421875 0.115625 0.121875
0 0.265625 0.73359375 0.15625 0.1625
0 0.9796875 0.7671875 0.040625 0.121875
0 0.4609375 0.91875 0.1265625 0.1328125
0 0.25234375 0.97890625 0.1359375 0.0421875
0 0.7359375 0.84453125 0.1171875 0.1234375
0 0.08984375 0.97265625 0.1203125 0.0546875
0 0.921875 0.53125 0.1375 0.140625
0 0.61484375 0.74296875 0.121875 0.128125
0 0.4625 0.7796875 0.128125 0.1359375
0 0.7140625 0.9484375 0.115625 0.08125
0 0.1359375 0.896875 0.0921875 0.11875
0 0.88125 0.79375 0.1203125 0.1140625
0 0.59375 0.9703125 0.109375 0.05625