0 0.60546875 0.04140625 0.1453125 0.0828125
0 0.9328125 0.6546875 0.134375 0.159375
1 0.515625 0.57421875 0.096875 0.1046875
1 0.34140625 0.684375 0.1234375 0.1140625
1 0.0265625 0.38828125 0.053125 0.1359375
1 0.384375 0.90390625 0.0953125 0.0921875
1 0.125 0.44375 0.096875 0.096875
0 0.80078125 0.7125 0.1484375 0.1484375
0 0.540625 0.7921875 0.1390625 0.1390625
1 0.43515625 0.42734375 0.1203125 0.109375
1 0.1765625 0.49609375 0.0921875 0.09375
0 0.91015625 0.78203125 0.15625 0.15
1 0.31875 0.83984375 0.0875 0.103125
1 0.29765625 0.946875 0.1046875 0.10625
1 0.0890625 0.53203125 0.10625 0.1046875
1 0.371875 0.22578125 0.1015625 0.1125
1 0.25390625 0.65078125 0.11875 0.1109375
1 0.44453125 0.82578125 0.0953125 0.0984375
1 0.26796875 0.52109375 0.1078125 0.1109375
1 0.0703125 0.346875 0.1171875 0.128125
0 0.66640625 0.759375 0.146875 0.1453125
1 0.334375 0.58828125 0.1 0.09375
1 0.13984375 0.98203125 0.0734375 0.0359375
0 0.87734375 0.89140625 0.1421875 0.0875
1 0.053125 0.61015625 0.0984375 0.1046875
1 0.13359375 0.19296875 0.11875 0.125
0 0.72109375 0.33515625 0.153125 0.1546875
0 0.77109375 0.840625 0.1484375 0.15
0 0.57265625 0.6671875 0.140625 0.1421875
1 0.375 0.3453125 0.109375 0.0890625
1 0.4265625 0.53046875 0.1171875 0.1203125
1 0.5078125 0.47578125 0.0890625 0.103125
1 0.15625 0.6109375 0.1 0.1015625
0 0.690625 0.63046875 0.14375 0.1421875
0 0.95 0.515625 0.1 0.146875
1 0.271875 0.76171875 0.1125 0.1
0 0.62734375 0.290625 0.140625 0.1375
1 0.27890625 0.27421875 0.109375 0.1203125
1 0.14296875 0.9140625 0.096875 0.1046875
0 0.85859375 0.12109375 0.140625 0.1484375
1 0.41484375 0.615625 0.1046875 0.10625
1 0.23359375 0.88203125 0.09375 0.103125
1 0.50703125 0.09375 0.1 0.09375
1 0.3546875 0.4859375 0.1265625 0.115625
0 0.975 0.84453125 0.05 0.1078125
1 0.09609375 0.79375 0.0921875 0.1046875
1 0.46328125 0.29609375 0.1046875 0.0953125
0 0.83671875 0.5828125 0.1484375 0.1453125
1 0.23671875 0.121875 0.10625 0.10625
1 0.178125 0.82734375 0.10625 0.0953125
1 0.13359375 0.69375 0.10625 0.1046875
0 0.846875 0.30390625 0.146875 0.1484375
1 0.296875 0.39453125 0.1046875 0.109375
1 0.61796875 0.89453125 0.1359375 0.1390625
1 0.01953125 0.50390625 0.0390625 0.1015625
1 0.51953125 0.22265625 0.109375 0.1171875
0 0.596875 0.4109375 0.1546875 0.146875
0 0.9484375 0.35078125 0.0875 0.140625
0 0.86171875 0.43359375 0.14375 0.1421875
0 0.7265625 0.4953125 0.1421875 0.1375
0 0.72421875 0.1859375 0.153125 0.1453125
0 0.73515625 0.03359375 0.1578125 0.0671875
0 0.4609375 0.93125 0.134375 0.1375
0 0.75703125 0.93203125 0.115625 0.0625
1 0.62734375 0.125 0.10625 0.103125
1 0.48359375 0.72109375 0.090625 0.08125
1 0.38359375 0.75546875 0.09375 0.0984375
1 0.49453125 0.3484375 0.109375 0.0890625
1 0.453125 0.18046875 0.10625 0.1015625
1 0.36953125 0.0890625 0.1046875 0.0875
1 0.44296875 0.03671875 0.0984375 0.0734375
1 0.30546875 0.1578125 0.103125 0.1109375
1 0.225 0.2375 0.0703125 0.0953125
1 0.146875 0.31328125 0.109375 0.08125
1 0.1890625 0.3734375 0.1234375 0.109375
1 0.1984375 0.98203125 0.103125 0.0359375
1 0.3890625 0.97734375 0.08125 0.0453125
1 0.07421875 0.69375 0.0828125 0.09375
1 0.02265625 0.3015625 0.0453125 0.078125
1 0.06953125 0.246875 0.0984375 0.096875
1 0.0796875 0.1375 0.0765625 0.090625
0 0.0328125 0.18046875 0.065625 0.1390625
1 0.615625 0.553125 0.1 0.09375