0 0.01953125 0.69453125 0.0390625 0.0578125
0 0.2875 0.7703125 0.059375 0.05859375
0 0.03203125 0.51796875 0.06171875 0.06171875
0 0.353125 0.96875 0.06015625 0.0578125
0 0.1125 0.91484375 0.0609375 0.059375
0 0.48125 0.84453125 0.0609375 0.059375
0 0.4765625 0.95703125 0.0625 0.06015625
0 0.5453125 0.840625 0.05859375 0.0578125
0 0.04375 0.91015625 0.06015625 0.05859375
0 0.0234375 0.85390625 0.046875 0.05546875
0 0.15 0.97265625 0.06328125 0.0546875
0 0.1328125 0.02890625 0.059375 0.0578125
0 0.3484375 0.7421875 0.06015625 0.06015625
0 0.24453125 0.09453125 0.0609375 0.05703125
0 0.07734375 0.9640625 0.0609375 0.0578125
0 0.17890625 0.915625 0.06171875 0.0578125
0 0.0734375 0.6953125 0.06015625 0.06015625
0 0.28125 0.9640625 0.06015625 0.059375
0 0.0671875 0.18359375 0.05625 0.05625
0 0.04296875 0.23671875 0.0609375 0.05859375
0 0.1046875 0.5203125 0.06171875 0.06171875
0 0.84375 0.9125 0.06015625 0.0609375
0 0.51796875 0.784375 0.06171875 0.0609375
0 0.4171875 0.9703125 0.05703125 0.05390625
0 0.2859375 0.8578125 0.0625 0.05859375
0 0.24296875 0.66875 0.06171875 0.0640625
0 0.4140625 0.7328125 0.06171875 0.06328125
0 0.3171875 0.6484375 0.0609375 0.059375
0 0.0671875 0.46875 0.05703125 0.05546875
0 0.0703125 0.56875 0.0625 0.05703125
0 0.03359375 0.75 0.0578125 0.0578125
0 0.87265625 0.8546875 0.059375 0.05625
0 0.7421875 0.96796875 0.059375 0.05703125
0 0.01796875 0.62890625 0.03515625 0.0609375
0 0.15234375 0.5546875 0.059375 0.06015625
0 0.1921875 0.70390625 0.06015625 0.06015625
0 0.9671875 0.08828125 0.05625 0.05546875
0 0.878125 0.959375 0.059375 0.05625
0 0.321875 0.915625 0.05859375 0.0578125
0 0.446875 0.80390625 0.06328125 0.05859375
0 0.74765625 0.75234375 0.06015625 0.05859375
0 0.06953125 0.63125 0.06015625 0.0578125
0 0.071875 0.021875 0.059375 0.04296875
0 0.34453125 0.52265625 0.05859375 0.059375
0 0.5140625 0.90546875 0.0609375 0.0609375
0 0.240625 0.0171875 0.05859375 0.03359375
0 0.6453125 0.90625 0.0609375 0.05859375
0 0.325 0.80703125 0.06015625 0.0578125
0 0.76953125 0.9125 0.0578125 0.05703125
0 0.11484375 0.278125 0.06015625 0.05859375
0 0.29296875 0.04765625 0.059375 0.059375
0 0.30390625 0.178125 0.05546875 0.05390625
0 0.81484375 0.753125 0.0625 0.059375
0 0.1 0.75390625 0.06171875 0.059375
0 0.25234375 0.9109375 0.0640625 0.06171875
0 0.01328125 0.57109375 0.0265625 0.05859375
0 0.44765625 0.896875 0.0609375 0.0609375
0 0.646875 0.79140625 0.06015625 0.05859375
0 0.25078125 0.815625 0.0625 0.05859375
0 0.35703125 0.08203125 0.0578125 0.05390625
0 0.9015625 0.79921875 0.0578125 0.0609375
0 0.22734375 0.7515625 0.06015625 0.0609375
0 0.39765625 0.55625 0.06171875 0.0578125
0 0.14765625 0.8671875 0.06171875 0.05859375
0 0.775 0.803125 0.06171875 0.05859375
0 0.21796875 0.96484375 0.06015625 0.05703125
0 0.6078125 0.84296875 0.06171875 0.059375
0 0.384375 0.78828125 0.05859375 0.0578125
0 0.6765625 0.28203125 0.059375 0.05625
0 0.0171875 0.16875 0.03359375 0.0609375
0 0.67421875 0.8578125 0.06171875 0.06015625
0 0.0578125 0.8109375 0.06015625 0.059375
0 0.58046875 0.79140625 0.06015625 0.0578125
0 0.55703125 0.7328125 0.0609375 0.0625
0 0.25859375 0.6078125 0.06015625 0.0578125
0 0.04609375 0.40703125 0.05546875 0.053125
0 0.51328125 0.30703125 0.05546875 0.05390625
0 0.05390625 0.31015625 0.059375 0.05703125
0 0.01796875 0.978125 0.03515625 0.04375
0 0.2140625 0.86328125 0.06015625 0.05859375
0 0.0265625 0.0578125 0.053125 0.059375
0 0.221875 0.15 0.0578125 0.05625
0 0.36796875 0.6796875 0.06015625 0.05703125
0 0.57890625 0.90546875 0.06015625 0.06015625
0 0.13046875 0.46015625 0.05859375 0.06171875
0 0.68046875 0.74765625 0.06171875 0.05703125
0 0.803125 0.96171875 0.0625 0.0609375
0 0.190625 0.2921875 0.059375 0.05703125
0 0.74765625 0.8640625 0.0609375 0.05859375
0 0.28828125 0.49375 0.05625 0.05546875
0 0.1875 0.803125 0.06015625 0.06015625
0 0.2828125 0.55390625 0.05859375 0.06171875
0 0.3921875 0.925 0.059375 0.05625
0 0.43984375 0.659375 0.0625 0.0625
0 0.02421875 0.35703125 0.0484375 0.0578125
0 0.83984375 0.79921875 0.05859375 0.05703125
0 0.7078125 0.915625 0.0609375 0.06015625
0 0.546875 0.96484375 0.0625 0.0609375
0 0.93828125 0.95390625 0.0640625 0.05703125
0 0.44609375 0.59375 0.05625 0.0578125
0 0.17890625 0.5078125 0.06015625 0.0625
0 0.41796875 0.11953125 0.0578125 0.053125
0 0.9 0.8984375 0.0578125 0.05703125
0 0.296875 0.7078125 0.0609375 0.05625
0 0.61953125 0.50703125 0.05859375 0.0578125
0 0.04765625 0.1203125 0.0578125 0.06015625
0 0.78984375 0.35703125 0.05625 0.05390625
0 0.16015625 0.74765625 0.05703125 0.05625
0 0.79375 0.23046875 0.05546875 0.05859375
0 0.20703125 0.575 0.06171875 0.06015625
0 0.09375 0.07578125 0.0625 0.059375
0 0.6234375 0.1171875 0.05625 0.05234375
0 0.80390625 0.86796875 0.05859375 0.05859375
0 0.56015625 0.4 0.059375 0.05625
0 0.01796875 0.4625 0.0359375 0.059375
0 0.50078125 0.690625 0.059375 0.05625
0 0.7828125 0.4796875 0.05546875 0.05390625
0 0.6171875 0.74296875 0.0578125 0.05546875
0 0.84921875 0.3296875 0.05703125 0.05234375
0 0.70625 0.80078125 0.06328125 0.06015625
0 0.4703125 0.02578125 0.05625 0.0515625
0 0.0125 0.29453125 0.025 0.0640625
0 0.16875 0.1109375 0.059375 0.05390625
0 0.57421875 0.15234375 0.05703125 0.0578125
0 0.671875 0.47578125 0.0578125 0.06015625
0 0.83203125 0.5171875 0.0578125 0.05703125
0 0.60859375 0.95859375 0.059375 0.053125
0 0.66953125 0.959375 0.06015625 0.0578125
0 0.01328125 0.79609375 0.02578125 0.059375
0 0.3578125 0.15625 0.05625 0.05625
0 0.78984375 0.67578125 0.06015625 0.06015625
0 0.559375 0.59765625 0.06015625 0.0578125
0 0.246875 0.203125 0.05703125 0.05625
0 0.18671875 0.63671875 0.06015625 0.05859375
0 0.97109375 0.653125 0.05703125 0.05390625
0 0.41328125 0.05703125 0.05703125 0.05546875
0 0.6234375 0.253125 0.0546875 0.05546875
0 0.50625 0.55703125 0.05703125 0.0578125
0 0.12109375 0.8140625 0.06171875 0.059375
0 0.8515625 0.6984375 0.06015625 0.0625
0 0.775 0.99296875 0.0625 0.0140625
0 0.85546875 0.1453125 0.0578125 0.0546875
0 0.19453125 0.05078125 0.0578125 0.05390625
0 0.72890625 0.58046875 0.06015625 0.05625
0 0.7421875 0.06875 0.0578125 0.05625
0 0.1328125 0.61484375 0.059375 0.059375
0 0.24296875 0.33359375 0.05625 0.053125
0 0.31328125 0.99375 0.065625 0.0125
0 0.6609375 0.559375 0.0625 0.05859375
0 0.50859375 0.98984375 0.0640625 0.0203125
0 0.9578125 0.5859375 0.06015625 0.06328125
0 0.4515625 0.5265625 0.05703125 0.06015625
0 0.35625 0.875 0.06015625 0.059375
0 0.74296875 0.2609375 0.059375 0.05625
0 0.6359375 0.990625 0.0625 0.01875
0 0.5 0.61484375 0.0578125 0.05625
0 0.83984375 0.45234375 0.05859375 0.0578125
0 0.95703125 0.3328125 0.05546875 0.05703125
0 0.38984375 0.6328125 0.05859375 0.059375
0 0.8953125 0.60234375 0.05625 0.0546875
0 0.90390625 0.1125 0.0515625 0.0515625
0 0.10546875 0.99453125 0.0546875 0.0109375
0 0.46875 0.08671875 0.05546875 0.05234375
0 0.67890625 0.3484375 0.05703125 0.05546875
0 0.67109375 0.678125 0.059375 0.0578125
0 0.475 0.7390625 0.0578125 0.05703125
0 0.9640625 0.9875 0.0625 0.025
0 0.61171875 0.68359375 0.05703125 0.059375
0 0.61953125 0.44609375 0.0546875 0.05390625
0 0.628125 0.1875 0.05625 0.05546875
0 0.84765625 0.5765625 0.0515625 0.0546875
0 0.13359375 0.68828125 0.059375 0.06484375
0 0.30703125 0.11484375 0.05859375 0.05703125
0 0.11796875 0.2109375 0.0625 0.06171875
0 0.9546875 0.39375 0.0578125 0.05625
0 0.29453125 0.36953125 0.0546875 0.059375
0 0.23125 0.52734375 0.05625 0.0625
0 0.7 0.9921875 0.0609375 0.015625
0 0.04609375 0.9953125 0.053125 0.009375
0 0.74453125 0.1375 0.0578125 0.053125
0 0.57421875 0.99140625 0.0609375 0.01640625
0 0.55625 0.66171875 0.0578125 0.0578125
0 0.190625 0.22265625 0.0609375 0.05390625
0 0.62265625 0.31640625 0.0546875 0.05546875
0 0.13828125 0.33515625 0.05625 0.05625
0 0.89765625 0.3578125 0.05859375 0.05234375
0 0.7859375 0.41953125 0.0578125 0.05859375
0 0.72890625 0.5078125 0.0609375 0.05703125
0 0.990625 0.17421875 0.01875 0.0578125
0 0.18671875 0.4296875 0.05625 0.05859375
0 0.79609375 0.04375 0.053125 0.05546875
0 0.40078125 0.49375 0.05625 0.05703125
0 0.50546875 0.49453125 0.05625 0.0578125
0 0.7921875 0.1640625 0.0546875 0.05546875
0 0.24765625 0.99453125 0.0609375 0.0109375
0 0.29765625 0.43515625 0.05234375 0.05390625
0 0.8421875 0.99296875 0.065625 0.0140625
0 0.33828125 0.584375 0.05703125 0.0578125
0 0.515625 0.24921875 0.05859375 0.05703125
0 0.5234375 0.18828125 0.05625 0.05234375
0 0.73203125 0.4484375 0.05859375 0.05703125
0 0.78828125 0.596875 0.0546875 0.05546875
0 0.68046875 0.159375 0.05390625 0.05078125
0 0.73359375 0.321875 0.053125 0.05390625
0 0.95859375 0.83203125 0.06328125 0.0625
0 0.50859375 0.3671875 0.0578125 0.05234375
0 0.96640625 0.89453125 0.06015625 0.0609375
0 0.0828125 0.85703125 0.06015625 0.05546875
0 0.11015625 0.1375 0.05546875 0.0578125
0 0.00703125 0.11328125 0.0140625 0.0609375
0 0.4671875 0.15234375 0.0515625 0.0515625
0 0.565625 0.33359375 0.053125 0.053125
0 0.62109375 0.37890625 0.05625 0.05546875
0 0.40625 0.24453125 0.05625 0.05546875
0 0.90859375 0.05234375 0.0578125 0.05546875
0 0.99296875 0.11875 0.0140625 0.05625
0 0.56484375 0.46953125 0.0578125 0.05625
0 0.0859375 0.36015625 0.06015625 0.06015625
0 0.79140625 0.29375 0.05625 0.05234375
0 0.6734375 0.41640625 0.059375 0.05546875
0 0.9640625 0.21484375 0.05859375 0.05625
0 0.24453125 0.27109375 0.05546875 0.05625
0 0.0078125 0.40390625 0.01484375 0.059375
0 0.5703125 0.2796875 0.0546875 0.053125
0 0.5234375 0.125 0.0578125 0.05390625
0 0.8953125 0.42109375 0.05859375 0.05390625
0 0.9875 0.43046875 0.025 0.0578125
0 0.1578125 0.1640625 0.0578125 0.05546875
0 0.90234375 0.29921875 0.05078125 0.053125
0 0.34765625 0.32890625 0.05703125 0.05390625
0 0.95546875 0.146875 0.05546875 0.0515625
0 0.19375 0.36328125 0.05625 0.0578125
0 0.96015625 0.51875 0.05703125 0.05390625
0 0.34609375 0.4578125 0.05703125 0.05859375
0 0.35234375 0.02421875 0.0515625 0.0484375
0 0.4515625 0.45703125 0.05 0.053125
0 0.40390625 0.42734375 0.053125 0.053125
0 0.34609375 0.40078125 0.053125 0.05703125
0 0.30078125 0.30078125 0.05 0.05546875
0 0.3 0.23828125 0.05390625 0.05546875
0 0.3609375 0.21796875 0.0515625 0.053125
0 0.3515625 0.26953125 0.06171875 0.05859375
0 0.4046875 0.303125 0.0484375 0.053125
0 0.4015625 0.36796875 0.05859375 0.06015625
0 0.4578125 0.39609375 0.0546875 0.05546875
0 0.5078125 0.43046875 0.05 0.05703125
0 0.61875 0.621875 0.053125 0.06171875
0 0.67578125 0.61796875 0.05 0.0515625
0 0.73046875 0.6921875 0.06328125 0.0546875
0 0.7328125 0.634375 0.06015625 0.05
0 0.85 0.64375 0.053125 0.0484375
0 0.909375 0.6796875 0.0484375 0.05859375
0 0.903125 0.73515625 0.053125 0.053125
0 0.96015625 0.76796875 0.04609375 0.04765625
0 0.96171875 0.70859375 0.0484375 0.05
0 0.4609375 0.33125 0.05859375 0.05390625
0 0.45703125 0.27421875 0.05546875 0.0484375
0 0.46796875 0.2125 0.053125 0.04453125
0 0.415625 0.1828125 0.05 0.05859375
0 0.528125 0.0671875 0.05 0.05234375
0 0.5765625 0.09140625 0.0515625 0.04140625
0 0.54453125 0.0171875 0.0546875 0.034375
0 0.58828125 0.03203125 0.0484375 0.05546875
0 0.6375 0.0671875 0.053125 0.0515625
0 0.6859375 0.09921875 0.04765625 0.05703125
0 0.64609375 0.01953125 0.04765625 0.03828125
0 0.68828125 0.0234375 0.0515625 0.046875
0 0.75078125 0.0203125 0.053125 0.03984375
0 0.85546875 0.0203125 0.0515625 0.03984375
0 0.85078125 0.07109375 0.06015625 0.06015625
0 0.7984375 0.115625 0.0515625 0.05234375
0 0.73515625 0.2 0.05859375 0.05703125
0 0.67578125 0.2171875 0.05 0.0515625
0 0.853125 0.2140625 0.05625 0.0609375
0 0.85390625 0.27578125 0.06015625 0.05390625
0 0.903125 0.2328125 0.05859375 0.065625
0 0.96484375 0.27890625 0.0484375 0.05390625
0 0.89609375 0.490625 0.053125 0.06171875
0 0.90625 0.546875 0.0515625 0.0515625
0 0.56328125 0.52890625 0.053125 0.06015625
0 0.95234375 0.45859375 0.0515625 0.053125
0 0.90390625 0.16953125 0.05703125 0.046875
0 0.96796875 0.028125 0.0515625 0.0484375
0 0.13359375 0.39609375 0.05390625 0.06015625