0 0.021875 0.84765625 0.04375 0.0640625
0 0.81875 0.87265625 0.0671875 0.065625
0 0.0234375 0.73671875 0.046875 0.0640625
0 0.28359375 0.7484375 0.0671875 0.065625
0 0.49140625 0.8640625 0.059375 0.065625
0 0.790625 0.81328125 0.065625 0.0640625
0 0.246875 0.80546875 0.065625 0.065625
0 0.18203125 0.80859375 0.0640625 0.0640625
0 0.0828125 0.853125 0.0703125 0.0671875
0 0.55234375 0.86015625 0.065625 0.065625
0 0.915625 0.9296875 0.0671875 0.065625
0 0.290625 0.625 0.0640625 0.0640625
0 0.278125 0.86171875 0.065625 0.0640625
0 0.74296875 0.68515625 0.0671875 0.0640625
0 0.215625 0.8671875 0.065625 0.0640625
0 0.58046875 0.92109375 0.0671875 0.065625
0 0.26171875 0.56328125 0.0640625 0.0625
0 0.82890625 0.75390625 0.065625 0.065625
0 0.153125 0.5125 0.0609375 0.0609375
0 0.02421875 0.965625 0.0484375 0.05
0 0.0453125 0.79375 0.065625 0.0640625
0 0.403125 0.19765625 0.06875 0.0671875
0 0.31875 0.809375 0.0640625 0.0640625
0 0.85390625 0.81640625 0.0640625 0.0640625
0 0.57265625 0.625 0.06875 0.065625
0 0.15234375 0.62265625 0.0671875 0.0625
0 0.49375 0.62578125 0.06875 0.065625
0 0.2453125 0.92421875 0.0671875 0.065625
0 0.44296875 0.92265625 0.0671875 0.065625
0 0.1671875 0.15234375 0.0671875 0.0640625
0 0.425 0.61875 0.0671875 0.065625
0 0.71171875 0.93125 0.0671875 0.0671875
0 0.42265625 0.86171875 0.0671875 0.0640625
0 0.5015625 0.27109375 0.0671875 0.065625
0 0.17890625 0.45546875 0.065625 0.065625
0 0.0484375 0.678125 0.065625 0.0640625
0 0.4390625 0.25546875 0.06875 0.065625
0 0.3265625 0.56328125 0.0671875 0.0640625
0 0.35703125 0.50703125 0.065625 0.065625
0 0.103125 0.15625 0.059375 0.0625
0 0.021875 0.40859375 0.0421875 0.0625
0 0.61875 0.86015625 0.0640625 0.059375
0 0.29140625 0.50234375 0.0671875 0.065625
0 0.72421875 0.80859375 0.0671875 0.0640625
0 0.60546875 0.4421875 0.0671875 0.0640625
0 0.45703125 0.68125 0.0671875 0.0640625
0 0.15078125 0.86875 0.0625 0.0640625
0 0.025 0.08828125 0.0375 0.0609375
0 0.8109375 0.68515625 0.065625 0.065625
0 0.0921875 0.5125 0.0625 0.059375
0 0.24296875 0.334375 0.0671875 0.065625
0 0.48203125 0.9765625 0.0671875 0.046875
0 0.27890625 0.25703125 0.0671875 0.0671875
0 0.95234375 0.8765625 0.065625 0.065625
0 0.32890625 0.44296875 0.0671875 0.0640625
0 0.63828125 0.74453125 0.065625 0.0640625
0 0.54765625 0.975 0.0671875 0.05
0 0.884375 0.87265625 0.0640625 0.0625
0 0.34921875 0.746875 0.065625 0.0671875
0 0.53125 0.6875 0.06875 0.065625
0 0.12421875 0.6828125 0.065625 0.0609375
0 0.071875 0.10078125 0.0640625 0.0609375
0 0.215625 0.39296875 0.0640625 0.059375
0 0.14921875 0.4 0.0671875 0.0625
0 0.64453125 0.38828125 0.0671875 0.0640625
0 0.60546875 0.56640625 0.065625 0.065625
0 0.69609375 0.35078125 0.065625 0.065625
0 0.52890625 0.446875 0.0671875 0.065625
0 0.22109375 0.50625 0.065625 0.0640625
0 0.225 0.615625 0.065625 0.0640625
0 0.79296875 0.6234375 0.0671875 0.0640625
0 0.28671875 0.38671875 0.0671875 0.0640625
0 0.57265625 0.2875 0.06875 0.0625
0 0.7640625 0.75 0.065625 0.0640625
0 0.21171875 0.97734375 0.06875 0.0359375
0 0.3390625 0.9734375 0.0671875 0.05
0 0.18828125 0.5609375 0.0640625 0.0625
0 0.05234375 0.56328125 0.06875 0.065625
0 0.59609375 0.340625 0.0640625 0.0640625
0 0.5390625 0.56171875 0.065625 0.0671875
0 0.04296875 0.45859375 0.0640625 0.0625
0 0.17890625 0.33203125 0.0625 0.065625
0 0.646875 0.92265625 0.065625 0.0640625
0 0.565625 0.39296875 0.065625 0.059375
0 0.55234375 0.22421875 0.065625 0.0625
0 0.1171875 0.33828125 0.0671875 0.065625
0 0.27578125 0.975 0.0625 0.0421875
0 0.653125 0.30546875 0.065625 0.0640625
0 0.91953125 0.53984375 0.0671875 0.065625
1 0.19140625 0.684375 0.0625 0.06875
0 0.04453125 0.334375 0.0671875 0.0640625
0 0.11640625 0.45390625 0.0625 0.0625
0 0.771875 0.33125 0.065625 0.0625
0 0.31875 0.31328125 0.0671875 0.065625
0 0.69921875 0.75234375 0.0625 0.0640625
0 0.6046875 0.68359375 0.065625 0.0640625
0 0.80703125 0.98125 0.0671875 0.0375
0 0.08046875 0.97578125 0.065625 0.034375
1 0.75390625 0.875 0.0578125 0.0625
1 0.1328125 0.21796875 0.0640625 0.0671875
1 0.3578125 0.37265625 0.0609375 0.06875
1 0.078125 0.403125 0.0640625 0.0546875
1 0.3953125 0.4359375 0.0625 0.0625
0 0.090625 0.63046875 0.0609375 0.059375
1 0.39921875 0.56171875 0.0671875 0.053125
0 0.040625 0.16015625 0.0625 0.0640625
1 0.45390625 0.8 0.0578125 0.065625
1 0.63671875 0.503125 0.0640625 0.0625
1 0.38671875 0.31171875 0.0671875 0.0578125
1 0.384375 0.80390625 0.06875 0.0578125
1 0.084375 0.73671875 0.0625 0.0578125
1 0.76328125 0.46015625 0.05625 0.0703125
1 0.71796875 0.62265625 0.0625 0.065625
1 0.87734375 0.7015625 0.0625 0.05625
1 0.31015625 0.9234375 0.0625 0.065625
1 0.25703125 0.6890625 0.0703125 0.0609375
1 0.91875 0.61171875 0.0640625 0.053125
1 0.68515625 0.86875 0.0703125 0.0609375
1 0.328125 0.684375 0.0640625 0.0578125
1 0.4875 0.7484375 0.0765625 0.059375
1 0.41953125 0.3796875 0.0625 0.0640625
1 0.0265625 0.27109375 0.046875 0.0578125
1 0.84453125 0.9375 0.0625 0.0625
1 0.48984375 0.50859375 0.06875 0.0546875
1 0.828125 0.45390625 0.065625 0.053125
1 0.70234375 0.50546875 0.0625 0.06875
1 0.359375 0.628125 0.0609375 0.0640625
1 0.35390625 0.86640625 0.0609375 0.0671875
1 0.88515625 0.403125 0.065625 0.0640625
1 0.659375 0.81171875 0.0578125 0.0578125
1 0.565625 0.74921875 0.0609375 0.0609375
1 0.859375 0.6390625 0.0625 0.0671875
1 0.41796875 0.74609375 0.0640625 0.059375
1 0.17421875 0.93125 0.059375 0.0671875
1 0.42890625 0.50234375 0.0625 0.06875
1 0.9765625 0.5484375 0.046875 0.053125
1 0.77734375 0.934375 0.065625 0.0671875
1 0.11640625 0.796875 0.0625 0.065625
1 0.975 0.7875 0.040625 0.065625
1 0.46875 0.5640625 0.0546875 0.059375
1 0.40625 0.975 0.065625 0.0484375
1 0.6703125 0.68671875 0.0578125 0.059375
0 0.146875 0.978125 0.0609375 0.0328125
1 0.4890625 0.390625 0.0703125 0.0625
1 0.5921875 0.803125 0.071875 0.0578125
1 0.971875 0.9421875 0.0421875 0.06875
1 0.14296875 0.275 0.0703125 0.0578125
1 0.7875 0.5171875 0.0640625 0.065625
1 0.38984375 0.68984375 0.059375 0.0609375
1 0.45703125 0.446875 0.065625 0.0640625
1 0.01953125 0.62109375 0.0390625 0.0578125
1 0.37578125 0.9265625 0.065625 0.0546875
1 0.57109375 0.5046875 0.059375 0.059375
1 0.21640625 0.7453125 0.0609375 0.0609375
1 0.85 0.33203125 0.078125 0.0703125
1 0.253125 0.44609375 0.059375 0.059375
1 0.6484375 0.62890625 0.0671875 0.0546875
1 0.5203125 0.8 0.065625 0.065625
1 0.084375 0.27890625 0.053125 0.0578125
1 0.95390625 0.7359375 0.0609375 0.0578125
1 0.89375 0.7625 0.0625 0.06875
1 0.509375 0.92734375 0.0640625 0.05625
1 0.45078125 0.3265625 0.059375 0.0640625
1 0.93203125 0.67421875 0.0546875 0.06875
1 0.06484375 0.221875 0.0671875 0.059375
1 0.2046875 0.2078125 0.0671875 0.0625
1 0.8515625 0.515625 0.0609375 0.0640625
1 0.73984375 0.56015625 0.0671875 0.0625
0 0.015625 0.20859375 0.0234375 0.059375
1 0.9265625 0.81875 0.053125 0.0515625
1 0.690625 0.4390625 0.071875 0.0578125
1 0.1546875 0.7421875 0.0671875 0.0609375
1 0.7546875 0.39609375 0.065625 0.0546875
1 0.8265625 0.39453125 0.0578125 0.0671875
1 0.21015625 0.26875 0.0609375 0.0625
1 0.36171875 0.25625 0.0640625 0.0578125
1 0.05546875 0.9171875 0.065625 0.0609375
1 0.9765625 0.61171875 0.0453125 0.065625
1 0.671875 0.56640625 0.0640625 0.06875
1 0.84609375 0.5765625 0.0625 0.0546875
0 0.00703125 0.6796875 0.0140625 0.0625
1 0.5234375 0.33828125 0.0703125 0.0578125
1 0.72109375 0.2890625 0.0671875 0.05625
1 0.1140625 0.9296875 0.065625 0.0640625
1 0.275 0.18359375 0.078125 0.06875
1 0.9640625 0.48515625 0.071875 0.0640625
1 0.01875 0.51953125 0.0375 0.0578125
0 0.0046875 0.79375 0.009375 0.065625
1 0.98046875 0.675 0.034375 0.059375
1 0.89609375 0.46796875 0.0578125 0.065625
0 0.9609375 0.41953125 0.0703125 0.0671875
1 0.871875 0.9828125 0.0625 0.034375
1 0.615625 0.97734375 0.065625 0.0453125
1 0.9421875 0.98359375 0.06875 0.0328125
1 0.009375 0.9171875 0.01875 0.065625
1 0.678125 0.98359375 0.06875 0.0328125
0 0.98671875 0.84765625 0.0140625 0.059375
1 0.74140625 0.98515625 0.0609375 0.0296875
0 0.11875 0.571875 0.0640625 0.0640625