0 0.3984375 0.128125 0.178125 0.1765625
0 0.01640625 0.15078125 0.0328125 0.1265625
0 0.6078125 0.30625 0.14375 0.1390625
0 0.8328125 0.05390625 0.146875 0.1078125
0 0.66171875 0.2 0.1515625 0.16875
0 0.69296875 0.078125 0.1484375 0.15625
0 0.46171875 0.0390625 0.1421875 0.078125
0 0.75703125 0.690625 0.1515625 0.1359375
0 0.5375 0.4046875 0.1421875 0.1375
1 0.9140625 0.36640625 0.1578125 0.140625
0 0.08671875 0.7734375 0.1171875 0.140625
0 0.33046875 0.05 0.1328125 0.0765625
0 0.65546875 0.60625 0.1328125 0.1359375
0 0.04453125 0.0890625 0.0890625 0.059375
0 0.06171875 0.23984375 0.1234375 0.13125
0 0.06171875 0.65390625 0.103125 0.1328125
0 0.446875 0.30625 0.1453125 0.1484375
0 0.91328125 0.553125 0.1453125 0.1625
0 0.596875 0.02109375 0.146875 0.0421875
0 0.28125 0.43828125 0.1375 0.15625
0 0.83984375 0.44765625 0.1453125 0.1484375
0 0.0921875 0.9640625 0.059375 0.071875
0 0.72265625 0.39765625 0.140625 0.13125
0 0.7796875 0.2765625 0.15625 0.14375
0 0.81875 0.15859375 0.1390625 0.128125
0 0.50390625 0.2078125 0.1484375 0.1390625
0 0.73203125 0.8171875 0.1390625 0.134375
0 0.43828125 0.72109375 0.134375 0.13125
0 0.95859375 0.76328125 0.0828125 0.1703125
0 0.26484375 0.55859375 0.1265625 0.1328125
0 0.32109375 0.3359375 0.1453125 0.1375
0 0.39765625 0.49921875 0.1390625 0.125
0 0.89296875 0.671875 0.1484375 0.1328125
0 0.55859375 0.0953125 0.1625 0.1375
0 0.6328125 0.884375 0.1375 0.140625
0 0.14609375 0.06796875 0.11875 0.0515625
0 0.17421875 0.353125 0.1296875 0.1296875
0 0.6578125 0.4796875 0.1375 0.134375
0 0.0578125 0.51953125 0.115625 0.1640625
0 0.1578125 0.59453125 0.1265625 0.1328125
0 0.86484375 0.7875 0.15 0.153125
0 0.11796875 0.13984375 0.125 0.13125
0 0.9234375 0.12734375 0.065625 0.13125
0 0.38046875 0.62578125 0.14375 0.1390625
0 0.92421875 0.24296875 0.1015625 0.1421875
0 0.76953125 0.559375 0.1421875 0.15625
0 0.58125 0.7703125 0.13125 0.128125
0 0.5296875 0.5453125 0.1296875 0.1203125
0 0.54375 0.64921875 0.13125 0.1171875
0 0.30234375 0.6921875 0.1234375 0.1171875
0 0.19375 0.721875 0.13125 0.1296875
0 0.23828125 0.83671875 0.1296875 0.1140625
0 0.1296875 0.90859375 0.1359375 0.1234375
0 0.2421875 0.9734375 0.121875 0.053125
0 0.38203125 0.940625 0.1328125 0.11875
0 0.4890625 0.85703125 0.1328125 0.125
0 0.528125 0.96015625 0.128125 0.0796875
0 0.7734375 0.9203125 0.134375 0.1015625
0 0.91015625 0.89921875 0.134375 0.1015625
0 0.9859375 0.87890625 0.028125 0.0953125
0 0.365625 0.8078125 0.13125 0.13125
0 0.1609375 0.47265625 0.1234375 0.1125
0 0.05859375 0.37265625 0.1171875 0.1296875
0 0.21484375 0.265625 0.1234375 0.115625
0 0.2046875 0.16171875 0.115625 0.1171875
0 0.35 0.2265625 0.1125 0.1078125
0 0.9859375 0.52109375 0.028125 0.1015625
0 0.9953125 0.66015625 0.009375 0.0921875