1 0.79296875 0.05625 0.1890625 0.1125
1 0.06015625 0.3 0.1203125 0.203125
1 0.128125 0.9078125 0.18125 0.184375
1 0.53515625 0.6609375 0.2125 0.2125
1 0.68046875 0.35390625 0.2125 0.20625
1 0.23515625 0.59609375 0.19375 0.20625
1 0.72421875 0.19375 0.2109375 0.2078125
1 0.72265625 0.65859375 0.2046875 0.196875
1 0.53203125 0.2484375 0.2125 0.2046875
1 0.0875 0.61328125 0.1734375 0.196875
1 0.8390625 0.334375 0.171875 0.2
1 0.82109375 0.81640625 0.2046875 0.2015625
1 0.29296875 0.42265625 0.1875 0.196875
1 0.12421875 0.45546875 0.2125 0.2171875
1 0.63125 0.084375 0.2125 0.16875
1 0.92421875 0.50703125 0.1515625 0.1984375
1 0.4703125 0.4 0.2078125 0.2
1 0.48203125 0.84765625 0.20625 0.2140625
1 0.265625 0.12421875 0.2 0.2046875
1 0.6515625 0.82265625 0.209375 0.2125
1 0.77421875 0.49765625 0.1953125 0.2140625
1 0.59609375 0.5109375 0.2296875 0.2078125
1 0.3015625 0.88203125 0.209375 0.2125
1 0.0953125 0.14765625 0.190625 0.2109375
1 0.88828125 0.17734375 0.171875 0.20625
1 0.403125 0.96015625 0.196875 0.0796875
1 0.18515625 0.75859375 0.2046875 0.190625
1 0.41171875 0.565625 0.2078125 0.2
1 0.45078125 0.11171875 0.215625 0.20625
1 0.35625 0.27421875 0.19375 0.2046875
1 0.87890625 0.6578125 0.2015625 0.1984375
1 0.584375 0.94765625 0.19375 0.1046875
1 0.3546875 0.7171875 0.190625 0.2
1 0.1859375 0.290625 0.1921875 0.196875
1 0.7640625 0.92734375 0.1984375 0.109375
1 0.2125 0.97734375 0.203125 0.0453125
1 0.90625 0.0578125 0.096875 0.115625
1 0.06328125 0.76640625 0.0921875 0.2109375
1 0.9484375 0.34375 0.0921875 0.1875
1 0.09140625 0.990625 0.0703125 0.01875
1 0.153125 0.05625 0.20625 0.059375
1 0.321875 0.0359375 0.1796875 0.05625
1 0.021875 0.4765625 0.04375 0.228125
1 0.03046875 0.0765625 0.0609375 0.05
1 0.49609375 0.01875 0.1953125 0.0375