0 0.14609375 0.6890625 0.06875 0.0671875
0 0.475 0.44921875 0.0671875 0.0703125
0 0.31875 0.76328125 0.065625 0.0671875
0 0.45625 0.509375 0.0640625 0.0640625
0 0.20234375 0.93203125 0.06875 0.06875
0 0.38671875 0.7671875 0.0640625 0.0671875
0 0.06484375 0.3765625 0.0671875 0.0671875
0 0.18203125 0.63515625 0.0640625 0.065625
0 0.34765625 0.8203125 0.0671875 0.065625
0 0.53515625 0.94609375 0.0671875 0.06875
0 0.98671875 0.40703125 0.0265625 0.0640625
0 0.04609375 0.62734375 0.06875 0.0703125
0 0.96015625 0.4578125 0.0703125 0.0703125
0 0.07890625 0.68515625 0.06875 0.0671875
0 0.68515625 0.97890625 0.0671875 0.0421875
0 0.575 0.89296875 0.06875 0.0703125
0 0.540625 0.43828125 0.06875 0.06875
0 0.84921875 0.31796875 0.06875 0.065625
0 0.80078125 0.478125 0.0671875 0.06875
0 0.4125 0.82890625 0.065625 0.06875
0 0.421875 0.7109375 0.065625 0.0671875
0 0.24765625 0.63828125 0.0671875 0.065625
0 0.2125 0.69296875 0.0671875 0.065625
0 0.659375 0.93203125 0.0671875 0.065625
0 0.1546875 0.44921875 0.0671875 0.06875
0 0.7734375 0.89609375 0.06875 0.06875
0 0.17265625 0.86953125 0.06875 0.06875
0 0.909375 0.9078125 0.0671875 0.06875
0 0.84375 0.9078125 0.0671875 0.065625
0 0.7328125 0.94453125 0.0671875 0.0703125
0 0.03046875 0.4359375 0.059375 0.06875
0 0.24921875 0.75390625 0.06875 0.0703125
0 0.26796875 0.934375 0.0671875 0.0671875
0 0.8828125 0.84296875 0.065625 0.0703125
0 0.7046875 0.884375 0.0671875 0.06875
0 0.4765625 0.8296875 0.065625 0.0671875
0 0.11328125 0.628125 0.06875 0.071875
0 0.50625 0.8875 0.065625 0.0671875
0 0.43984375 0.88828125 0.0671875 0.06875
0 0.759375 0.98515625 0.065625 0.0296875
0 0.45078125 0.7703125 0.0640625 0.0671875
0 0.9265625 0.9890625 0.06875 0.021875
0 0.6109375 0.4359375 0.071875 0.0703125
0 0.9109375 0.784375 0.065625 0.071875
0 0.80234375 0.9578125 0.0703125 0.0671875
0 0.6609375 0.490625 0.0671875 0.0671875
0 0.878125 0.71875 0.065625 0.06875
0 0.4484375 0.64921875 0.0625 0.06875
0 0.09140625 0.43828125 0.065625 0.06875
0 0.81484375 0.84765625 0.06875 0.0671875
0 0.06640625 0.92578125 0.071875 0.0671875
0 0.28203125 0.58203125 0.0640625 0.0703125
0 0.240625 0.8734375 0.0671875 0.0671875
0 0.3359375 0.94375 0.06875 0.06875
0 0.96484375 0.77734375 0.0453125 0.06875
0 0.78125 0.36171875 0.071875 0.071875
0 0.47890625 0.38125 0.0703125 0.065625
0 0.903125 0.65625 0.06875 0.0703125
0 0.9484375 0.95390625 0.059375 0.06875
0 0.3203125 0.45546875 0.0671875 0.0671875
0 0.765625 0.54140625 0.071875 0.0734375
0 0.35703125 0.7078125 0.0671875 0.0671875
0 0.63515625 0.8703125 0.06875 0.06875
0 0.04375 0.86484375 0.0703125 0.0671875
0 0.1109375 0.86640625 0.0640625 0.06875
0 0.21484375 0.57890625 0.0671875 0.065625
0 0.74296875 0.83203125 0.0671875 0.06875
0 0.6375 0.375 0.0765625 0.0640625
0 0.4421875 0.32265625 0.071875 0.0703125
1 0.00625 0.86484375 0.0125 0.0765625
1 0.01640625 0.925 0.0328125 0.059375
1 0.1203125 0.3109375 0.0734375 0.08125
1 0.21328125 0.3953125 0.0625 0.0703125
1 0.25546875 0.446875 0.0609375 0.08125
1 0.353125 0.38359375 0.0984375 0.0875
1 0.41640625 0.42734375 0.053125 0.0703125
1 0.54765625 0.37265625 0.071875 0.078125
1 0.68125 0.26953125 0.075 0.1140625
1 0.70078125 0.35078125 0.0609375 0.071875
1 0.8453125 0.39140625 0.0625 0.06875
1 0.68671875 0.425 0.0625 0.0625
1 0.7578125 0.42421875 0.078125 0.059375
1 0.725 0.4859375 0.0703125 0.0671875
1 0.05546875 0.50625 0.065625 0.065625
1 0.1203125 0.50390625 0.0640625 0.059375
1 0.1890625 0.5078125 0.0515625 0.0765625
1 0.2515625 0.51796875 0.071875 0.05625
1 0.32421875 0.52109375 0.0640625 0.0734375
1 0.38828125 0.503125 0.0671875 0.071875
1 0.52265625 0.5125 0.06875 0.06875
1 0.584375 0.50078125 0.06875 0.0671875
1 0.028125 0.56484375 0.05625 0.0609375
1 0.09296875 0.5625 0.059375 0.0671875
1 0.1546875 0.559375 0.0515625 0.0671875
1 0.34921875 0.57890625 0.0703125 0.0734375
1 0.41796875 0.56796875 0.071875 0.078125
1 0.4875 0.58046875 0.0671875 0.065625
1 0.5546875 0.57109375 0.0671875 0.0734375
1 0.6203125 0.5640625 0.071875 0.0625
1 0.6921875 0.56484375 0.06875 0.075
1 0.021875 0.68828125 0.04375 0.0703125
1 0.0390625 0.74453125 0.0765625 0.0578125
1 0.115625 0.7515625 0.075 0.0609375
1 0.1828125 0.75625 0.059375 0.0640625
1 0.31875 0.646875 0.065625 0.059375
1 0.38671875 0.6390625 0.053125 0.0703125
1 0.2828125 0.696875 0.0625 0.06875
1 0.51953125 0.63828125 0.071875 0.0734375
1 0.58515625 0.62421875 0.0671875 0.0640625
1 0.64296875 0.634375 0.065625 0.078125
1 0.7078125 0.63203125 0.071875 0.0671875
1 0.78046875 0.62109375 0.0609375 0.071875
1 0.5015625 0.709375 0.078125 0.0625
1 0.56953125 0.690625 0.0625 0.0734375
1 0.63125 0.6921875 0.0734375 0.0609375
1 0.696875 0.69765625 0.0640625 0.0671875
1 0.76328125 0.7046875 0.06875 0.071875
1 0.81953125 0.6828125 0.0609375 0.06875
1 0.83671875 0.6203125 0.0625 0.0578125
1 0.02421875 0.8015625 0.0484375 0.0625
1 0.08046875 0.8078125 0.08125 0.0703125
1 0.14921875 0.8078125 0.078125 0.0703125
1 0.21640625 0.815625 0.0671875 0.071875
1 0.2796875 0.821875 0.059375 0.0625
1 0.309375 0.88125 0.078125 0.06875
1 0.3765625 0.88671875 0.065625 0.0671875
1 0.5203125 0.775 0.071875 0.075
1 0.5859375 0.7578125 0.0609375 0.0625
1 0.65625 0.75703125 0.0671875 0.071875
1 0.7203125 0.76328125 0.0703125 0.071875
1 0.78671875 0.77265625 0.0703125 0.0734375
1 0.60703125 0.809375 0.065625 0.06875
1 0.55078125 0.8328125 0.0515625 0.059375
1 0.68046875 0.81875 0.075 0.0609375
1 0.13125 0.928125 0.0734375 0.05625
1 0.40234375 0.95 0.0640625 0.065625
1 0.46953125 0.9546875 0.06875 0.0640625
1 0.60234375 0.96328125 0.0671875 0.0734375
1 0.87421875 0.96953125 0.0828125 0.0609375
1 0.953125 0.84609375 0.0625 0.065625
1 0.9453125 0.7140625 0.059375 0.06875
1 0.97265625 0.646875 0.04375 0.0578125
1 0.971875 0.53125 0.05625 0.06875
1 0.8859375 0.47265625 0.0796875 0.06875
1 0.90625 0.40859375 0.0609375 0.059375
1 0.903125 0.340625 0.0640625 0.0671875
1 0.9625 0.346875 0.075 0.0625