1 0.121875 0.046875 0.2 0.09375
1 0.30234375 0.0578125 0.1828125 0.115625
1 0.4984375 0.04609375 0.221875 0.0921875
1 0.8265625 0.95703125 0.1734375 0.0859375
1 0.65625 0.95546875 0.1828125 0.0890625
1 0.4890625 0.946875 0.1734375 0.10625
1 0.040625 0.91015625 0.08125 0.1796875
1 0.1796875 0.88359375 0.20625 0.190625
1 0.371875 0.88203125 0.1765625 0.1765625
1 0.54765625 0.83671875 0.20625 0.18125
1 0.7328125 0.8375 0.16875 0.1828125
1 0.8984375 0.86640625 0.184375 0.18125
1 0.94609375 0.70859375 0.1078125 0.1953125
1 0.7859375 0.6984375 0.1875 0.184375
1 0.61796875 0.69609375 0.165625 0.18125
1 0.43984375 0.7078125 0.1875 0.1875
1 0.2640625 0.7140625 0.18125 0.2
1 0.0859375 0.728125 0.171875 0.15625
1 0.1640625 0.57890625 0.2125 0.190625
1 0.33671875 0.546875 0.18125 0.15
1 0.5390625 0.54609375 0.1984375 0.1828125
1 0.7265625 0.54140625 0.1671875 0.16875
1 0.8953125 0.55078125 0.18125 0.190625
1 0.07265625 0.4421875 0.1453125 0.171875
1 0.2421875 0.42578125 0.1859375 0.1609375
1 0.4328125 0.4109375 0.190625 0.171875
1 0.62890625 0.41171875 0.1859375 0.2171875
1 0.81015625 0.4015625 0.159375 0.1828125
1 0.94375 0.38984375 0.1125 0.19375
1 0.934375 0.0921875 0.13125 0.184375
1 0.88359375 0.2546875 0.18125 0.2015625
1 0.70859375 0.25390625 0.1703125 0.184375
1 0.5234375 0.27890625 0.2015625 0.1875
1 0.3234375 0.28828125 0.1921875 0.1859375
1 0.12265625 0.3046875 0.19375 0.1859375
1 0.08359375 0.1484375 0.1671875 0.153125
1 0.2375 0.1453125 0.1890625 0.190625
1 0.4234375 0.13046875 0.1859375 0.184375
1 0.61640625 0.0953125 0.184375 0.190625
1 0.78125 0.11484375 0.184375 0.190625