1 0.13125 0.58125 0.2328125 0.1765625
1 0.309375 0.575 0.1859375 0.1796875
1 0.4578125 0.58515625 0.2140625 0.1578125
1 0.64296875 0.5625 0.215625 0.1953125
1 0.8234375 0.55390625 0.1828125 0.175
1 0.94765625 0.5625 0.1046875 0.178125
1 0.05546875 0.75 0.1109375 0.18125
1 0.20625 0.72890625 0.203125 0.15625
1 0.36953125 0.7265625 0.190625 0.15625
1 0.575 0.95625 0.1875 0.0875
1 0.9359375 0.875 0.11875 0.1546875
1 0.81796875 0.8625 0.1796875 0.1921875
1 0.64765625 0.87734375 0.2046875 0.1859375
1 0.45625 0.86640625 0.1859375 0.15625
1 0.2921875 0.865625 0.1890625 0.1890625
1 0.14296875 0.87890625 0.15625 0.1703125
1 0.04609375 0.89765625 0.0921875 0.1546875
1 0.55546875 0.7296875 0.171875 0.1765625
1 0.715625 0.69765625 0.2015625 0.1625
1 0.8890625 0.72578125 0.2171875 0.190625