0 0.1625 0.46875 0.0734375 0.075
0 0.22421875 0.11640625 0.0765625 0.075
0 0.5546875 0.6890625 0.071875 0.0734375
0 0.05859375 0.86640625 0.078125 0.0765625
0 0.38515625 0.2140625 0.0734375 0.075
0 0.025 0.6234375 0.05 0.075
0 0.17734375 0.53046875 0.0734375 0.075
0 0.24609375 0.36484375 0.0765625 0.0765625
0 0.73359375 0.5546875 0.078125 0.0734375
0 0.6765625 0.64921875 0.0734375 0.0765625
0 0.50234375 0.79921875 0.0703125 0.0734375
0 0.13125 0.5796875 0.0734375 0.0765625
0 0.4515625 0.22734375 0.071875 0.075
0 0.20390625 0.4171875 0.0765625 0.0765625
0 0.26796875 0.06796875 0.071875 0.0734375
0 0.6109375 0.64296875 0.0734375 0.075
0 0.40625 0.275 0.075 0.0734375
0 0.4515625 0.92109375 0.0765625 0.075
0 0.09140625 0.81015625 0.0734375 0.0734375
0 0.09609375 0.69140625 0.075 0.075
0 0.14375 0.6484375 0.075 0.075
0 0.49921875 0.86796875 0.075 0.075
0 0.57421875 0.425 0.075 0.0765625
0 0.203125 0.68125 0.071875 0.0765625
0 0.13359375 0.04140625 0.0765625 0.078125
0 0.15859375 0.103125 0.0765625 0.075
0 0.715625 0.49140625 0.075 0.0734375
0 0.559375 0.7515625 0.0734375 0.0765625
0 0.62109375 0.378125 0.0765625 0.078125
0 0.11640625 0.5171875 0.0734375 0.071875
0 0.09375 0.4546875 0.0765625 0.0734375
0 0.146875 0.73046875 0.0765625 0.0796875
0 0.47109375 0.5375 0.0796875 0.0796875
0 0.33046875 0.88203125 0.0734375 0.075
0 0.46875 0.29140625 0.0734375 0.0765625
0 0.49453125 0.1765625 0.0734375 0.075
0 0.33203125 0.08046875 0.075 0.0734375
0 0.28984375 0.1296875 0.075 0.0734375
0 0.08359375 0.62890625 0.0734375 0.0765625
0 0.69921875 0.42890625 0.075 0.0734375
0 0.8171875 0.40859375 0.0765625 0.0765625
0 0.22578125 0.2984375 0.0765625 0.0765625
0 0.85703125 0.63046875 0.075 0.075
0 0.5890625 0.9671875 0.075 0.065625
0 0.95 0.43984375 0.075 0.0765625
0 0.37734375 0.83828125 0.0734375 0.075
0 0.03359375 0.684375 0.0671875 0.075
0 0.88515625 0.4296875 0.075 0.0734375
0 0.1296875 0.86484375 0.0734375 0.075
0 0.76953125 0.4515625 0.075 0.078125
0 0.95859375 0.6125 0.06875 0.0765625
0 0.3171875 0.19453125 0.0765625 0.078125
0 0.31171875 0.3765625 0.075 0.075
0 0.9328125 0.371875 0.0734375 0.078125
0 0.75 0.3875 0.075 0.0765625
0 0.9171875 0.6609375 0.075 0.0765625
0 0.6 0.57734375 0.075 0.075
0 0.615625 0.7078125 0.0734375 0.071875
0 0.07109375 0.5671875 0.071875 0.071875
0 0.53203125 0.3015625 0.0734375 0.075
0 0.2 0.0515625 0.078125 0.0796875
0 0.5609375 0.81484375 0.0734375 0.075
0 0.55390625 0.36328125 0.0734375 0.075
0 0.159375 0.92265625 0.0703125 0.0515625
0 0.4875 0.3546875 0.075 0.0765625
0 0.6578125 0.9625 0.071875 0.075
0 0.28515625 0.51640625 0.0765625 0.075
0 0.7875 0.51484375 0.075 0.0765625
0 0.51484375 0.2390625 0.071875 0.075
0 0.384375 0.96171875 0.071875 0.0609375
0 0.0203125 0.56171875 0.040625 0.0734375
0 0.38984375 0.9046875 0.0765625 0.075
0 0.43671875 0.85859375 0.075 0.0796875
0 0.9515625 0.54609375 0.078125 0.0765625
0 0.01171875 0.50234375 0.0234375 0.0671875
0 0.51796875 0.92890625 0.078125 0.075
0 0.32109375 0.94609375 0.075 0.0671875
0 0.01875 0.74140625 0.0375 0.0734375
0 0.0328125 0.80390625 0.065625 0.0765625
0 0.42578125 0.59296875 0.075 0.075
0 0.27578125 0.84609375 0.0796875 0.0796875
0 0.05 0.50625 0.0734375 0.0734375
0 0.965625 0.31640625 0.06875 0.0796875
0 0.49453125 0.66953125 0.0734375 0.0765625
0 0.515625 0.98125 0.071875 0.0375
0 0.83671875 0.47421875 0.078125 0.075
0 0.40703125 0.5296875 0.0734375 0.0765625
0 0.9453125 0.24765625 0.0734375 0.0765625
0 0.21796875 0.81875 0.078125 0.078125
0 0.74140625 0.81796875 0.075 0.071875
0 0.48671875 0.6015625 0.0734375 0.078125
0 0.665625 0.584375 0.075 0.078125
0 0.2625 0.7 0.0734375 0.071875
0 0.15546875 0.80234375 0.075 0.0765625
0 0.0640625 0.74609375 0.0765625 0.0765625
0 0.5296875 0.11875 0.0703125 0.075
0 0.86484375 0.36640625 0.0765625 0.075
0 0.3171875 0.659375 0.075 0.075
0 0.496875 0.73671875 0.0734375 0.0765625
0 0.903125 0.58671875 0.0734375 0.0734375
0 0.346875 0.54296875 0.0734375 0.075
0 0.1125 0.33984375 0.0796875 0.0765625
0 0.3734375 0.03359375 0.071875 0.0671875
0 0.2921875 0.3125 0.075 0.075
0 0.86640625 0.703125 0.0765625 0.0734375
0 0.61953125 0.91015625 0.0734375 0.0765625
0 0.37734375 0.3953125 0.0765625 0.0765625
0 0.2046875 0.75234375 0.075 0.075
0 0.24609375 0.634375 0.0765625 0.075
0 0.68984375 0.90703125 0.0734375 0.075
0 0.9703125 0.1890625 0.059375 0.078125
0 0.97421875 0.490625 0.0515625 0.075
0 0.8515625 0.5421875 0.0765625 0.078125
0 0.4359375 0.790625 0.075 0.075
0 0.546875 0.62578125 0.0734375 0.075
0 0.76484375 0.984375 0.0734375 0.03125
0 0.3 0.59453125 0.0765625 0.0765625
0 0.9078125 0.88046875 0.0671875 0.0765625
0 0.26875 0.7640625 0.0734375 0.0765625
0 0.8546875 0.07578125 0.0734375 0.04375
0 0.43046875 0.1640625 0.075 0.075
0 0.803125 0.66640625 0.0765625 0.075
0 0.746875 0.88046875 0.0796875 0.0796875
0 0.684375 0.3640625 0.0765625 0.0765625
0 0.43125 0.72578125 0.071875 0.0734375
0 0.80625 0.73046875 0.075 0.075
0 0.3265625 0.72890625 0.0765625 0.0765625
0 0.0984375 0.2765625 0.078125 0.075
0 0.16484375 0.28671875 0.071875 0.0765625
0 0.19140625 0.60078125 0.071875 0.0734375
0 0.37421875 0.68671875 0.0765625 0.078125
0 0.61875 0.77109375 0.071875 0.0734375
0 0.3078125 0.0265625 0.075 0.053125
0 0.56484375 0.88359375 0.075 0.0734375
0 0.79609375 0.34140625 0.075 0.0765625
0 0.3234375 0.8015625 0.0796875 0.078125
0 0.7390625 0.621875 0.0765625 0.071875
1 0.9328125 0.74140625 0.0703125 0.078125
0 0.68125 0.7828125 0.075 0.075
0 0.6546875 0.51796875 0.075 0.075
0 0.375 0.7703125 0.06875 0.075
0 0.74296875 0.75546875 0.0734375 0.0765625
0 0.1359375 0.40625 0.0765625 0.075
0 0.69765625 0.990625 0.0734375 0.01875
0 0.68203125 0.7140625 0.071875 0.0765625
0 0.03203125 0.44609375 0.0640625 0.0734375
0 0.23828125 0.56328125 0.075 0.075
0 0.62109375 0.83828125 0.075 0.078125
0 0.36640625 0.61953125 0.075 0.075
0 0.44765625 0.9765625 0.0703125 0.046875
0 0.2015625 0.884375 0.078125 0.0734375
0 0.88984375 0.9625 0.06875 0.071875
0 0.83125 0.97265625 0.075 0.0546875
0 0.0921875 0.91328125 0.06875 0.04375
0 0.78671875 0.934375 0.0765625 0.0734375
0 0.80546875 0.7984375 0.075 0.0734375
0 0.86953125 0.7703125 0.0765625 0.075
0 0.4328125 0.6546875 0.075 0.078125
0 0.80859375 0.86015625 0.0734375 0.078125
0 0.740625 0.690625 0.075 0.078125
0 0.228125 0.48359375 0.0765625 0.0734375
0 0.4546875 0.475 0.078125 0.0765625
0 0.86640625 0.83515625 0.075 0.0796875
0 0.925 0.81328125 0.05625 0.0703125
0 0.68671875 0.84453125 0.075 0.075
0 0.72421875 0.96015625 0.0734375 0.075
0 0.853125 0.9046875 0.0703125 0.075
1 0.0515625 0.26953125 0.0453125 0.0796875
1 0.0515625 0.3296875 0.0640625 0.065625
1 0.06875 0.396875 0.078125 0.0734375
1 0.021875 0.86875 0.04375 0.078125
1 0.4203125 0.0078125 0.065625 0.015625
1 0.18984375 0.01015625 0.0671875 0.0203125
1 0.2515625 0.0125 0.059375 0.025
1 0.44140625 0.03828125 0.0796875 0.0765625
1 0.5109375 0.0390625 0.08125 0.078125
1 0.57734375 0.05625 0.075 0.0734375
1 0.64609375 0.05625 0.0765625 0.08125
1 0.7109375 0.06015625 0.078125 0.06875
1 0.78125 0.07578125 0.075 0.0703125
1 0.09609375 0.09765625 0.065625 0.0765625
1 0.1109375 0.15625 0.0828125 0.0671875
1 0.1859375 0.17421875 0.08125 0.0703125
1 0.2515625 0.18828125 0.0671875 0.0703125
1 0.4015625 0.0984375 0.071875 0.0671875
1 0.46953125 0.1 0.0625 0.075
1 0.359375 0.14296875 0.0703125 0.075
1 0.6015625 0.11796875 0.08125 0.0828125
1 0.66796875 0.11328125 0.075 0.071875
1 0.72421875 0.13125 0.075 0.0859375
1 0.78828125 0.13828125 0.0796875 0.0765625
1 0.8625 0.1375 0.0703125 0.078125
1 0.5734375 0.18671875 0.084375 0.071875
1 0.64375 0.17734375 0.071875 0.0796875
1 0.7046875 0.1875 0.0796875 0.0703125
1 0.76875 0.2015625 0.071875 0.075
1 0.83359375 0.21796875 0.078125 0.0796875
1 0.89296875 0.20390625 0.06875 0.075
1 0.91796875 0.14453125 0.06875 0.065625
1 0.0796875 0.21015625 0.0734375 0.0703125
1 0.14296875 0.225 0.0890625 0.0796875
1 0.2109375 0.234375 0.0859375 0.0796875
1 0.2765625 0.2515625 0.0765625 0.0796875
1 0.33828125 0.26640625 0.0671875 0.06875
1 0.359375 0.3296875 0.0859375 0.078125
1 0.425 0.34453125 0.0734375 0.075
1 0.5828125 0.253125 0.08125 0.084375
1 0.65078125 0.24609375 0.06875 0.06875
1 0.7203125 0.2546875 0.0765625 0.0796875
1 0.7828125 0.2703125 0.0796875 0.0796875
1 0.84765625 0.28828125 0.0796875 0.08125
1 0.66484375 0.3 0.0734375 0.0765625
1 0.60546875 0.31484375 0.0578125 0.0640625
1 0.7359375 0.31875 0.08125 0.0703125
1 0.1765625 0.35078125 0.0796875 0.065625
1 0.44140625 0.4109375 0.071875 0.0734375
1 0.50859375 0.42421875 0.0765625 0.071875
1 0.6390625 0.45234375 0.0765625 0.0828125
1 0.2703125 0.434375 0.0734375 0.0703125
1 0.33125 0.45859375 0.078125 0.08125
1 0.3921875 0.46328125 0.0671875 0.06875
1 0.5265625 0.48671875 0.0765625 0.0875
1 0.59296875 0.5015625 0.084375 0.0890625
1 0.259375 0.921875 0.08125 0.0875
1 0.90625 0.50234375 0.090625 0.0828125
1 0.79921875 0.59453125 0.0875 0.0765625
1 0.9828125 0.38359375 0.034375 0.0734375
1 0.9890625 0.2515625 0.021875 0.075