0 0.05859375 0.9453125 0.0421875 0.05
0 0.0984375 0.9390625 0.046875 0.05
0 0.14453125 0.934375 0.046875 0.05
0 0.18671875 0.93046875 0.0453125 0.0484375
0 0.240625 0.90625 0.046875 0.0484375
0 0.28125 0.915625 0.046875 0.0484375
0 0.32421875 0.91328125 0.046875 0.0515625
0 0.36875 0.90625 0.0453125 0.0484375
0 0.4125 0.8984375 0.046875 0.0484375
0 0.47578125 0.86796875 0.0484375 0.05
0 0.50703125 0.89140625 0.0421875 0.046875
0 0.54609375 0.884375 0.046875 0.0453125
0 0.590625 0.88203125 0.0484375 0.0484375
0 0.63671875 0.8703125 0.0484375 0.0484375
0 0.69765625 0.84296875 0.0515625 0.0515625
0 0.72578125 0.86015625 0.0421875 0.0484375
0 0.7671875 0.85703125 0.0453125 0.0484375
0 0.8125 0.84921875 0.046875 0.0484375
0 0.85703125 0.84375 0.0484375 0.0484375
0 0.91796875 0.81484375 0.046875 0.0484375
0 0.95234375 0.82734375 0.046875 0.05
0 0.98359375 0.82890625 0.0328125 0.0484375
0 0.05078125 0.9828125 0.0234375 0.034375
0 0.08203125 0.9796875 0.0453125 0.040625
0 0.1265625 0.97578125 0.046875 0.0484375
0 0.17265625 0.9703125 0.0453125 0.0453125
0 0.215625 0.96796875 0.046875 0.0453125
0 0.25859375 0.96171875 0.0453125 0.04375
0 0.3078125 0.95390625 0.0453125 0.046875
0 0.35 0.94921875 0.046875 0.0453125
0 0.39453125 0.94375 0.0453125 0.0453125
0 0.43828125 0.93671875 0.046875 0.0453125
0 0.48828125 0.93125 0.04375 0.040625
0 0.5328125 0.92265625 0.0453125 0.0453125
0 0.575 0.921875 0.04375 0.0453125
0 0.61953125 0.91328125 0.046875 0.046875
0 0.6625 0.91171875 0.0453125 0.0453125
0 0.70859375 0.903125 0.04375 0.04375
0 0.7515625 0.896875 0.0453125 0.0453125
0 0.79296875 0.89453125 0.0421875 0.04375
0 0.84453125 0.88125 0.0453125 0.0453125
0 0.8875 0.8828125 0.0453125 0.046875
0 0.9328125 0.875 0.04375 0.04375
0 0.9734375 0.8671875 0.0453125 0.0453125
0 0.19765625 0.98984375 0.0453125 0.0203125
0 0.24375 0.98984375 0.04375 0.0203125
0 0.28671875 0.98515625 0.0453125 0.0296875
0 0.33203125 0.9828125 0.0453125 0.034375
0 0.378125 0.98046875 0.04375 0.0390625
0 0.42421875 0.9765625 0.0453125 0.0453125
0 0.4703125 0.96953125 0.0453125 0.04375
0 0.51640625 0.96015625 0.0453125 0.0421875
0 0.5578125 0.9640625 0.04375 0.04375
0 0.603125 0.9546875 0.046875 0.04375
0 0.646875 0.953125 0.046875 0.0453125
0 0.73671875 0.93515625 0.0453125 0.0421875
0 0.78125 0.92734375 0.04375 0.04375
0 0.821875 0.9328125 0.040625 0.04375
0 0.87109375 0.9203125 0.0453125 0.04375
0 0.915625 0.9140625 0.0421875 0.0421875
0 0.95859375 0.9125 0.0484375 0.0453125
0 0.98984375 0.9046875 0.0203125 0.04375
0 0.98125 0.9421875 0.0375 0.0375
0 0.45234375 0.99140625 0.0453125 0.0171875
0 0.4953125 0.990625 0.04375 0.01875
0 0.54296875 0.98671875 0.0453125 0.0265625
0 0.5890625 0.9828125 0.040625 0.025
0 0.69296875 0.94453125 0.05 0.046875
0 0.6734375 0.975 0.04375 0.0265625
0 0.7171875 0.97109375 0.04375 0.0265625
0 0.76953125 0.96171875 0.0453125 0.0359375
0 0.84921875 0.9578125 0.04375 0.0296875
0 0.8984375 0.95078125 0.04375 0.0359375
0 0.9421875 0.94609375 0.04375 0.0375