0 0.92734375 0.83046875 0.0734375 0.071875
0 0.90234375 0.590625 0.0734375 0.071875
0 0.978125 0.8421875 0.04375 0.06875
0 0.97265625 0.7078125 0.0546875 0.071875
0 0.99140625 0.7796875 0.0171875 0.071875
0 0.9875 0.646875 0.025 0.06875
0 0.69765625 0.6234375 0.0734375 0.0703125
0 0.6265625 0.334375 0.06875 0.0703125
0 0.89765625 0.484375 0.0703125 0.071875
0 0.53515625 0.39765625 0.0765625 0.0734375
0 0.95859375 0.89765625 0.075 0.071875
0 0.60703125 0.403125 0.0734375 0.071875
0 0.8796875 0.65859375 0.075 0.071875
0 0.965625 0.5921875 0.06875 0.071875
0 0.659375 0.27734375 0.0734375 0.0703125
0 0.60546875 0.5875 0.071875 0.0703125
0 0.55703125 0.33515625 0.0765625 0.0734375
0 0.68984375 0.32265625 0.075 0.0734375
0 0.81953125 0.49140625 0.075 0.0703125
0 0.86640625 0.54296875 0.075 0.0703125
0 0.72421875 0.56328125 0.071875 0.0703125
0 0.91875 0.7171875 0.0703125 0.06875
0 0.6828125 0.2203125 0.0734375 0.071875
0 0.7421875 0.38359375 0.071875 0.071875
0 0.784375 0.440625 0.071875 0.06875
0 0.7453125 0.27421875 0.0703125 0.071875
0 0.503125 0.47109375 0.0734375 0.0734375
0 0.8609375 0.8359375 0.0734375 0.0734375
0 0.4703125 0.21875 0.075 0.071875
0 0.484375 0.109375 0.0765625 0.0734375
0 0.91796875 0.28359375 0.0703125 0.0734375
0 0.7046875 0.740625 0.06875 0.0640625
0 0.94921875 0.65703125 0.06875 0.06875
0 0.94765625 0.77421875 0.0734375 0.0703125
0 0.51640625 0.16640625 0.0703125 0.06875
0 0.740625 0.6796875 0.06875 0.0703125
0 0.57109375 0.1234375 0.075 0.0703125
1 0.94921875 0.3578125 0.071875 0.078125
0 0.30625 0.11796875 0.0703125 0.071875
1 0.79453125 0.55390625 0.075 0.0671875
0 0.57734375 0.46171875 0.075 0.071875
0 0.74375 0.78984375 0.0703125 0.065625
0 0.675 0.68671875 0.075 0.0703125
1 0.9625 0.4796875 0.075 0.06875
1 0.8828125 0.3640625 0.078125 0.071875
1 0.8078125 0.6734375 0.075 0.0640625
0 0.675 0.38828125 0.0734375 0.078125
0 0.85625 0.2984375 0.0734375 0.0703125
1 0.88984375 0.89765625 0.0625 0.06875
1 0.75234375 0.50546875 0.06875 0.06875
1 0.8546875 0.42734375 0.06875 0.06875
1 0.7171875 0.453125 0.0671875 0.0609375
1 0.43203125 0.36015625 0.0828125 0.0671875
1 0.9390625 0.5328125 0.059375 0.065625
1 0.775 0.728125 0.0734375 0.0640625
1 0.9203125 0.421875 0.0796875 0.075
1 0.46640625 0.29453125 0.075 0.065625
0 0.8140625 0.25234375 0.075 0.0734375
1 0.65625 0.46484375 0.0671875 0.0671875
1 0.76796875 0.62109375 0.075 0.071875
1 0.846875 0.72265625 0.071875 0.0671875
1 0.8078125 0.78046875 0.0703125 0.065625
1 0.7859375 0.32578125 0.0765625 0.0734375
1 0.8734375 0.771875 0.075 0.065625
1 0.83125 0.60703125 0.071875 0.0703125
1 0.303125 0.20078125 0.078125 0.075
1 0.828125 0.8984375 0.071875 0.0625
1 0.46484375 0.41015625 0.0765625 0.071875
1 0.81171875 0.3796875 0.078125 0.0640625
1 0.49921875 0.34296875 0.065625 0.0625
1 0.378125 0.1859375 0.0859375 0.075
1 0.253125 0.1453125 0.0640625 0.0734375
1 0.56484375 0.22421875 0.0796875 0.0765625
1 0.86015625 0.940625 0.06875 0.0359375
1 0.43984375 0.165625 0.06875 0.06875
1 0.63046875 0.52421875 0.0734375 0.0671875
1 0.98203125 0.53125 0.0359375 0.065625
0 0.7765625 0.84140625 0.075 0.075
1 0.56171875 0.53125 0.0796875 0.06875
0 0.97734375 0.92890625 0.0453125 0.0234375
1 0.634375 0.63828125 0.06875 0.05625
1 0.6984375 0.5125 0.0640625 0.0546875
0 0.92890625 0.93671875 0.06875 0.025
1 0.6265625 0.16328125 0.071875 0.06875
1 0.53671875 0.28203125 0.0734375 0.059375
1 0.35625 0.253125 0.071875 0.0421875
0 0.37109375 0.2953125 0.071875 0.0546875
1 0.42265625 0.24765625 0.046875 0.05
1 0.60390625 0.2796875 0.0484375 0.04375
1 0.63203125 0.2234375 0.0453125 0.0453125
1 0.2140625 0.05546875 0.0765625 0.040625
1 0.3 0.06171875 0.0703125 0.053125
1 0.22578125 0.09921875 0.0578125 0.034375
1 0.690625 0.14375 0.0546875 0.0578125