0 0.03046875 0.3734375 0.0609375 0.0625
0 0.0265625 0.6859375 0.0421875 0.05625
0 0.271875 0.846875 0.0625 0.0640625
0 0.03671875 0.86015625 0.05 0.0640625
0 0.071875 0.91015625 0.0640625 0.0625
0 0.9875 0.9015625 0.025 0.059375
0 0.1890625 0.9359375 0.0625 0.0625
0 0.42109375 0.93359375 0.0640625 0.0625
0 0.01796875 0.58125 0.0328125 0.0625
0 0.0984375 0.3609375 0.0625 0.0625
0 0.11875 0.7875 0.0625 0.0609375
0 0.04140625 0.6296875 0.0625 0.0625
0 0.303125 0.97421875 0.0625 0.0515625
0 0.83828125 0.95625 0.0640625 0.0625
0 0.065625 0.73515625 0.0625 0.0640625
0 0.16640625 0.9828125 0.0640625 0.034375
0 0.1046875 0.62421875 0.0625 0.0625
0 0.66640625 0.94765625 0.0609375 0.0609375
0 0.046875 0.9625 0.0625 0.059375
0 0.234375 0.9765625 0.065625 0.046875
0 0.05234375 0.3125 0.0640625 0.0609375
0 0.16171875 0.36875 0.0640625 0.0640625
0 0.203125 0.44296875 0.0625 0.0625
0 0.128125 0.94140625 0.0609375 0.0625
0 0.98984375 0.83984375 0.0203125 0.0640625
0 0.15703125 0.8859375 0.0625 0.0625
0 0.33515625 0.840625 0.0625 0.065625
0 0.43359375 0.9796875 0.0640625 0.040625
0 0.4375 0.83671875 0.0640625 0.0625
0 0.4734375 0.87890625 0.0640625 0.0625
0 0.38359375 0.8 0.0625 0.0609375
0 0.12734375 0.72890625 0.0625 0.0609375
0 0.38828125 0.88125 0.0640625 0.0625
0 0.22890625 0.8046875 0.0625 0.0625
0 0.890625 0.92109375 0.0640625 0.065625
0 0.36640625 0.684375 0.0625 0.0625
0 0.18046875 0.7671875 0.0625 0.0640625
0 0.19453125 0.70546875 0.0640625 0.0640625
0 0.08203125 0.6765625 0.0625 0.0609375
0 0.1421875 0.6671875 0.0625 0.0640625
0 0.1015625 0.98125 0.0625 0.0375
0 0.546875 0.95625 0.0625 0.0609375
0 0.3578125 0.93828125 0.0625 0.0609375
0 0.10078125 0.84609375 0.0625 0.0625
0 0.0765625 0.41796875 0.0625 0.0609375
0 0.72421875 0.90625 0.0625 0.0609375
0 0.1703125 0.8296875 0.0625 0.0625
0 0.14296875 0.4265625 0.0625 0.0640625
0 0.3921875 0.37890625 0.0625 0.0609375
0 0.83046875 0.8234375 0.0625 0.0640625
0 0.78359375 0.9296875 0.0625 0.0609375
0 0.48515625 0.94296875 0.0625 0.0609375
0 0.1234375 0.30546875 0.065625 0.0625
0 0.71640625 0.71640625 0.059375 0.0625
0 0.65625 0.75625 0.0625 0.059375
0 0.9546875 0.7578125 0.0640625 0.059375
0 0.22421875 0.378125 0.0625 0.0609375
0 0.9546875 0.6875 0.065625 0.0640625
0 0.6078125 0.9296875 0.0625 0.0640625
0 0.7171875 0.77734375 0.059375 0.059375
0 0.44921875 0.40703125 0.0640625 0.0625
0 0.88828125 0.78203125 0.0609375 0.0609375
0 0.009375 0.328125 0.01875 0.059375
0 0.16171875 0.58359375 0.065625 0.0640625
0 0.21640625 0.8734375 0.0609375 0.0609375
0 0.36796875 0.9828125 0.0609375 0.034375
0 0.24375 0.7421875 0.0625 0.0640625
0 0.690625 0.4609375 0.059375 0.0625
0 0.05546875 0.79296875 0.0609375 0.0609375
0 0.61484375 0.97890625 0.0609375 0.0359375
0 0.96796875 0.40625 0.059375 0.0578125
0 0.7265625 0.96171875 0.0640625 0.0578125
0 0.0328125 0.46328125 0.0625 0.0625
0 0.25390625 0.67421875 0.0609375 0.0609375
0 0.24921875 0.91875 0.0609375 0.0625
0 0.8328125 0.75703125 0.0609375 0.0609375
0 0.49296875 0.8078125 0.0625 0.0625
0 0.89765625 0.71875 0.0609375 0.0609375
0 0.31640625 0.3875 0.0640625 0.0625
0 0.8734375 0.53125 0.0625 0.0640625
0 0.9578125 0.546875 0.0640625 0.0640625
0 0.803125 0.50078125 0.0609375 0.0578125
0 0.775 0.73125 0.0625 0.0609375
0 0.7953125 0.38671875 0.0625 0.059375
0 0.634375 0.440625 0.0609375 0.0609375
0 0.8453125 0.69765625 0.0625 0.0625
0 0.20078125 0.63984375 0.0640625 0.0640625
0 0.03984375 0.51875 0.0609375 0.059375
0 0.85625 0.40625 0.059375 0.059375
0 0.30859375 0.71640625 0.0625 0.0609375
0 0.21171875 0.32109375 0.0625 0.0609375
0 0.97890625 0.34921875 0.034375 0.0640625
0 0.5796875 0.48046875 0.0640625 0.0625
0 0.47734375 0.621875 0.0609375 0.0625
0 0.34765625 0.33359375 0.0640625 0.0625
0 0.596875 0.67890625 0.0625 0.0625
0 0.42890625 0.70859375 0.0625 0.05625
0 0.3078125 0.90078125 0.0609375 0.059375
0 0.02578125 0.9171875 0.025 0.05625
0 0.103125 0.5 0.0609375 0.0609375
0 0.665625 0.88046875 0.0640625 0.0640625
0 0.71875 0.83671875 0.0609375 0.059375
0 0.4390625 0.775 0.0640625 0.0625
0 0.975 0.46015625 0.05 0.0640625
0 0.94453125 0.81484375 0.0640625 0.059375
0 0.4265625 0.653125 0.059375 0.0578125
0 0.53671875 0.64140625 0.059375 0.0578125
0 0.0625 0.57265625 0.0625 0.059375
0 0.6265625 0.371875 0.0609375 0.0609375
0 0.55390625 0.83828125 0.059375 0.0609375
0 0.77421875 0.79453125 0.0625 0.0625
0 0.5421875 0.52890625 0.0609375 0.059375
0 0.75859375 0.54609375 0.059375 0.059375
0 0.67734375 0.309375 0.059375 0.0609375
0 0.4265625 0.46328125 0.0609375 0.059375
0 0.30546875 0.77265625 0.0640625 0.0609375
0 0.3125 0.646875 0.0609375 0.0625
0 0.83828125 0.62890625 0.0578125 0.0609375
0 0.63828125 0.51953125 0.059375 0.0609375
0 0.784375 0.978125 0.0640625 0.0265625
0 0.3671875 0.61953125 0.0625 0.0625
0 0.99296875 0.76875 0.0140625 0.0625
0 0.77890625 0.8578125 0.0609375 0.059375
0 0.65625 0.69765625 0.0625 0.0640625
0 0.2640625 0.42109375 0.0609375 0.0640625
0 0.88671875 0.84375 0.0625 0.0609375
0 0.3609375 0.4296875 0.0640625 0.0609375
0 0.25078125 0.6046875 0.059375 0.059375
0 0.4234375 0.54296875 0.059375 0.0546875
0 0.49453125 0.74453125 0.059375 0.0609375
0 0.81640625 0.559375 0.059375 0.059375
0 0.49921875 0.9875 0.0609375 0.025
0 0.9140625 0.4375 0.0609375 0.05625
0 0.60234375 0.7953125 0.0578125 0.059375
0 0.4765625 0.4984375 0.0625 0.059375
0 0.7484375 0.44921875 0.065625 0.08125
0 0.9421875 0.88515625 0.0625 0.0625
0 0.69453125 0.51953125 0.0578125 0.0578125
0 0.73515625 0.36328125 0.0625 0.0625
0 0.2734375 0.33828125 0.0609375 0.059375
0 0.8921875 0.65078125 0.059375 0.0609375
0 0.9140625 0.37578125 0.0625 0.0625
0 0.68203125 0.39765625 0.0640625 0.0625
0 0.30703125 0.46953125 0.0625 0.0640625
0 0.51484375 0.4515625 0.0625 0.0625
0 0.5515625 0.7703125 0.0609375 0.0625
0 0.65625 0.58046875 0.0609375 0.0609375
0 0.48125 0.6859375 0.059375 0.059375
0 0.5078125 0.378125 0.0609375 0.0609375
0 0.9890625 0.58046875 0.021875 0.0609375
0 0.24296875 0.50703125 0.0625 0.0578125
0 0.6609375 0.8203125 0.0609375 0.0625
0 0.4578125 0.24609375 0.0625 0.0625
0 0.959375 0.9453125 0.0640625 0.059375
0 0.36875 0.74375 0.0609375 0.0546875
0 0.89140625 0.590625 0.0625 0.0625
0 0.44453125 0.34375 0.0625 0.0625
0 0.665625 0.63515625 0.0625 0.0609375
0 0.30703125 0.54765625 0.0625 0.059375
0 0.95 0.615625 0.0609375 0.065625
0 0.9828125 0.6375 0.034375 0.059375
0 0.1765625 0.2640625 0.0609375 0.0625
0 0.88984375 0.2953125 0.0625 0.0609375
0 0.01953125 0.75078125 0.0234375 0.0625
0 0.61484375 0.29765625 0.0625 0.0640625
0 0.83359375 0.88359375 0.059375 0.059375
0 0.1640625 0.4890625 0.0609375 0.059375
0 0.00703125 0.415625 0.0140625 0.059375
0 0.56953125 0.415625 0.0609375 0.0609375
0 0.509375 0.31796875 0.0625 0.0640625
0 0.54453125 0.896875 0.059375 0.0578125
0 0.78046875 0.6265625 0.0578125 0.0578125
0 0.48046875 0.55625 0.05625 0.0546875
0 0.39609375 0.2890625 0.0640625 0.0671875
0 0.18359375 0.5296875 0.0640625 0.0578125
0 0.275 0.27734375 0.0625 0.059375
0 0.72109375 0.60703125 0.0625 0.059375
0 0.59375 0.5828125 0.065625 0.0828125
0 0.596875 0.7328125 0.0625 0.0578125
0 0.603125 0.85546875 0.0609375 0.0578125
0 0.67890625 0.9828125 0.0578125 0.0234375
0 0.9234375 0.490625 0.0609375 0.05625
0 0.72421875 0.65859375 0.059375 0.053125
0 0.996875 0.703125 0.00625 0.059375
0 0.00390625 0.26171875 0.0078125 0.0671875
0 0.84453125 0.33515625 0.0625 0.0625
0 0.790625 0.31953125 0.0625 0.0609375
0 0.78359375 0.67265625 0.0640625 0.0546875
0 0.3640625 0.5046875 0.0640625 0.0609375
0 0.7390625 0.29765625 0.0609375 0.0609375
0 0.55859375 0.99296875 0.0578125 0.0125
0 0.359375 0.53828125 0.034375 0.0390625