1 0.275 0.86953125 0.08203125 0.08359375
1 0.6828125 0.34453125 0.09609375 0.09453125
1 0.04609375 0.9578125 0.0921875 0.084375
0 0.215625 0.240625 0.1125 0.12109375
1 0.29375 0.31484375 0.09609375 0.1125
0 0.18203125 0.37890625 0.14296875 0.121875
1 0.36015625 0.89375 0.096875 0.08671875
1 0.8234375 0.8625 0.0828125 0.07421875
1 0.96484375 0.21328125 0.0703125 0.1140625
1 0.1765625 0.84765625 0.103125 0.103125
0 0.10703125 0.47265625 0.1203125 0.121875
1 0.953125 0.50625 0.09140625 0.09140625
0 0.05078125 0.59140625 0.1015625 0.121875
1 0.72734375 0.428125 0.096875 0.09765625
1 0.83203125 0.64375 0.10546875 0.09140625
1 0.696875 0.80703125 0.109375 0.0921875
1 0.73984375 0.896875 0.1140625 0.103125
1 0.75546875 0.12265625 0.10625 0.128125
1 0.5859375 0.825 0.0984375 0.10625
1 0.1125 0.89765625 0.08984375 0.09765625
1 0.86015625 0.5421875 0.1109375 0.10234375
0 0.39140625 0.20859375 0.1140625 0.11484375
1 0.20859375 0.92734375 0.09375 0.0953125
1 0.6328125 0.434375 0.10234375 0.09921875
1 0.7953125 0.78515625 0.11328125 0.09140625
1 0.53828125 0.9125 0.0875 0.103125
1 0.90234375 0.8078125 0.0921875 0.09296875
1 0.34140625 0.6046875 0.1 0.1125
1 0.240625 0.48515625 0.11328125 0.115625
0 0.08515625 0.26875 0.14296875 0.12421875
1 0.48046875 0.696875 0.0890625 0.096875
1 0.28203125 0.7390625 0.10234375 0.10234375
1 0.2984375 0.95859375 0.09375 0.0828125
1 0.93203125 0.61171875 0.11328125 0.13046875
1 0.571875 0.49921875 0.10078125 0.08828125
1 0.17109375 0.5765625 0.10078125 0.10703125
1 0.3453125 0.8015625 0.0890625 0.090625
0 0.3875 0.053125 0.121875 0.10625
1 0.8953125 0.4515625 0.109375 0.09609375
1 0.52578125 0.7796875 0.0921875 0.09375
0 0.03671875 0.36484375 0.0734375 0.1234375
1 0.9546875 0.3296875 0.090625 0.09453125
1 0.43203125 0.7859375 0.09765625 0.084375
1 0.67265625 0.525 0.10703125 0.08359375
1 0.25859375 0.5796875 0.0828125 0.09453125
1 0.49140625 0.571875 0.09765625 0.12734375
1 0.109375 0.7796875 0.084375 0.10859375
0 0.56875 0.0171875 0.14765625 0.034375
1 0.8828125 0.2375 0.10234375 0.12265625
1 0.38984375 0.70625 0.10625 0.1046875
1 0.1359375 0.971875 0.0875 0.05625
1 0.96640625 0.415625 0.0671875 0.0875
1 0.465625 0.35625 0.08515625 0.084375
1 0.915625 0.12421875 0.09765625 0.0921875
1 0.38515625 0.97578125 0.1015625 0.0484375
1 0.71640625 0.97578125 0.08203125 0.04765625
0 0.9734375 0.7984375 0.053125 0.10703125
1 0.0359375 0.8640625 0.07109375 0.103125
0 0.28671875 0.01640625 0.1375 0.0328125
1 0.7578125 0.58828125 0.10234375 0.08671875
1 0.8015625 0.46640625 0.08984375 0.09453125
1 0.44140625 0.9453125 0.1125 0.109375
1 0.65546875 0.2484375 0.09921875 0.109375
1 0.8578125 0.7234375 0.13984375 0.09140625
1 0.77421875 0.021875 0.13046875 0.04296875
1 0.96328125 0.69765625 0.0734375 0.0828125
0 0.27421875 0.12421875 0.12265625 0.121875
0 0.1359375 0.128125 0.12265625 0.128125
1 0.47421875 0.45390625 0.0875 0.09609375
1 0.64609375 0.62578125 0.13125 0.13515625
1 0.6328125 0.746875 0.1171875 0.0875
1 0.8625 0.06875 0.1 0.10078125
1 0.5640625 0.6953125 0.0890625 0.1015625
0 0.01796875 0.4859375 0.0359375 0.1125
1 0.4359375 0.62265625 0.08359375 0.0828125
1 0.7421875 0.7046875 0.0984375 0.0890625
0 0.1 0.0328125 0.14453125 0.065625
0 0.03203125 0.71875 0.0640625 0.1375
1 0.83671875 0.16640625 0.06171875 0.0671875
1 0.3359375 0.50859375 0.078125 0.0890625
1 0.38984375 0.4265625 0.10390625 0.11484375
1 0.62578125 0.984375 0.09921875 0.03125
1 0.53828125 0.9859375 0.1265625 0.02734375
1 0.85546875 0.35546875 0.1046875 0.103125
0 0.8859375 0.91640625 0.12109375 0.11015625
0 0.0328125 0.15078125 0.065625 0.1171875
0 0.4984375 0.13671875 0.1078125 0.09921875
0 0.615625 0.0734375 0.1234375 0.09609375
1 0.55703125 0.271875 0.08515625 0.09921875
1 0.4765625 0.26171875 0.0765625 0.0796875
1 0.5890625 0.175 0.0890625 0.08046875
1 0.73671875 0.22578125 0.084375 0.06875
1 0.7640625 0.29609375 0.09609375 0.0796875
1 0.571875 0.58046875 0.08046875 0.09375
1 0.4140625 0.5265625 0.0953125 0.07734375
1 0.1828125 0.67890625 0.1046875 0.075
1 0.19375 0.75078125 0.0953125 0.0625
1 0.45859375 0.85625 0.090625 0.08046875
1 0.9796875 0.06796875 0.040625 0.0859375
1 0.54140625 0.38203125 0.1 0.075
1 0.80234375 0.95078125 0.078125 0.07578125
1 0.609375 0.9125 0.0953125 0.0671875
1 0.3765625 0.33046875 0.09375 0.08828125
1 0.3 0.41484375 0.08046875 0.0859375