0 0.98125 0.86171875 0.0375 0.0609375
0 0.95546875 0.828125 0.0625 0.059375
0 0.98984375 0.7984375 0.0203125 0.05625
0 0.97265625 0.76171875 0.0546875 0.0578125
0 0.9203125 0.78203125 0.065625 0.0578125
0 0.8859375 0.7515625 0.0625 0.0625
0 0.9359375 0.725 0.05625 0.05625
0 0.978125 0.7171875 0.04375 0.059375
0 0.9875 0.66640625 0.025 0.0578125
0 0.95234375 0.671875 0.0609375 0.05625
0 0.90390625 0.68828125 0.059375 0.05625
0 0.8546875 0.70703125 0.0625 0.059375
0 0.8171875 0.67890625 0.0640625 0.0640625
0 0.86875 0.6578125 0.0671875 0.0625
0 0.91796875 0.64140625 0.059375 0.059375
0 0.9671875 0.62890625 0.065625 0.0625
0 0.9953125 0.6109375 0.009375 0.053125
0 0.9796875 0.56875 0.040625 0.059375
0 0.9359375 0.58125 0.0609375 0.059375
0 0.884375 0.59921875 0.059375 0.059375
0 0.83515625 0.61796875 0.059375 0.05625
0 0.778125 0.63828125 0.0640625 0.0609375
0 0.7453125 0.59453125 0.0625 0.0625
0 0.8 0.58515625 0.0625 0.059375
0 0.8484375 0.55859375 0.0578125 0.0546875
0 0.896875 0.5453125 0.059375 0.0546875
0 0.95 0.53359375 0.0640625 0.059375
0 0.9859375 0.52265625 0.028125 0.0546875
0 0.71015625 0.55703125 0.0640625 0.0640625
0 0.76328125 0.546875 0.059375 0.0671875
0 0.81328125 0.525 0.059375 0.0609375
0 0.86640625 0.509375 0.059375 0.0578125
0 0.915625 0.49453125 0.0609375 0.059375
0 0.965625 0.484375 0.05625 0.0578125
0 0.67734375 0.515625 0.0578125 0.0578125
0 0.728125 0.50234375 0.059375 0.05625
0 0.784375 0.48515625 0.05625 0.05625
0 0.83046875 0.47109375 0.059375 0.0578125
0 0.8796875 0.4578125 0.0609375 0.0578125
0 0.93125 0.4453125 0.05625 0.059375
0 0.97578125 0.440625 0.0484375 0.0625
0 0.64140625 0.47890625 0.059375 0.0609375
0 0.69453125 0.4640625 0.0625 0.0578125
0 0.74609375 0.45234375 0.059375 0.059375
0 0.79453125 0.43515625 0.059375 0.05625
0 0.84375 0.4234375 0.0609375 0.0578125
0 0.896875 0.41171875 0.0578125 0.0578125
0 0.94609375 0.3984375 0.0609375 0.0609375
0 0.60625 0.4421875 0.0625 0.0609375
0 0.659375 0.4265625 0.0578125 0.0578125
0 0.7078125 0.4109375 0.059375 0.059375
0 0.7578125 0.39921875 0.0625 0.0609375
0 0.8125 0.38671875 0.059375 0.0578125
0 0.85859375 0.37578125 0.059375 0.059375
0 0.909375 0.3625 0.0609375 0.059375
0 0.95859375 0.34921875 0.05 0.0546875
0 0.57265625 0.40546875 0.0625 0.05625
0 0.62265625 0.3875 0.0609375 0.059375
0 0.67421875 0.3734375 0.0625 0.059375
0 0.725 0.3609375 0.0625 0.0609375
0 0.775 0.35078125 0.0640625 0.0609375
0 0.82734375 0.33984375 0.059375 0.059375
0 0.87578125 0.3296875 0.0578125 0.0578125
0 0.92421875 0.315625 0.0609375 0.0578125
0 0.5359375 0.3828125 0.0625 0.059375
0 0.58984375 0.3609375 0.0640625 0.0578125
0 0.63671875 0.33671875 0.0578125 0.05625
0 0.690625 0.32890625 0.0640625 0.059375
0 0.74296875 0.3125 0.059375 0.05625
0 0.79140625 0.29921875 0.0609375 0.0625
0 0.84140625 0.29296875 0.0578125 0.05625
0 0.88984375 0.27578125 0.0640625 0.0625
0 0.93984375 0.2671875 0.05625 0.0578125
0 0.503125 0.33359375 0.059375 0.059375
0 0.55546875 0.315625 0.0578125 0.0578125
0 0.60390625 0.30078125 0.0546875 0.0578125
0 0.653125 0.29375 0.059375 0.059375
0 0.70625 0.28046875 0.0578125 0.0609375
0 0.7578125 0.26796875 0.0609375 0.0546875
0 0.80625 0.2546875 0.0578125 0.059375
0 0.85625 0.24296875 0.0578125 0.0578125
0 0.909375 0.23046875 0.0609375 0.059375
0 0.46875 0.29375 0.059375 0.05625
0 0.51953125 0.28515625 0.05625 0.0578125
0 0.5703125 0.26640625 0.0609375 0.0625
0 0.61875 0.253125 0.0625 0.0625
0 0.671875 0.24453125 0.059375 0.0625
0 0.72109375 0.234375 0.0609375 0.0578125
0 0.7703125 0.21953125 0.0578125 0.0578125
0 0.81875 0.2078125 0.0609375 0.0578125
0 0.87109375 0.19453125 0.059375 0.0578125
0 0.92265625 0.1796875 0.0578125 0.0578125
0 0.43125 0.2578125 0.0578125 0.0546875
0 0.48203125 0.25078125 0.0609375 0.059375
0 0.53125 0.23203125 0.0609375 0.0578125
0 0.5859375 0.21640625 0.059375 0.059375
0 0.63671875 0.2046875 0.059375 0.059375
0 0.6859375 0.1921875 0.0625 0.065625
0 0.7375 0.1828125 0.0609375 0.0625
0 0.78671875 0.16953125 0.0609375 0.0578125
0 0.8390625 0.159375 0.05625 0.05625
0 0.8859375 0.14609375 0.059375 0.05625
0 0.925 0.1328125 0.034375 0.053125
0 0.3984375 0.22109375 0.05625 0.0578125
0 0.446875 0.2140625 0.059375 0.059375
0 0.49765625 0.19609375 0.059375 0.0625
0 0.5515625 0.18203125 0.05625 0.05625
0 0.6 0.16875 0.0609375 0.05625
0 0.65 0.153125 0.05625 0.0546875
0 0.7 0.14140625 0.059375 0.05625
0 0.7515625 0.13203125 0.059375 0.059375
0 0.80078125 0.12109375 0.0609375 0.0578125
0 0.85234375 0.109375 0.0578125 0.0578125
0 0.9015625 0.09765625 0.059375 0.0609375
0 0.36015625 0.18671875 0.065625 0.0609375
0 0.41171875 0.171875 0.0578125 0.0578125
0 0.46328125 0.15546875 0.0640625 0.059375
0 0.515625 0.14140625 0.05625 0.0546875
0 0.56484375 0.13046875 0.0625 0.059375
0 0.6171875 0.11484375 0.059375 0.0546875
0 0.665625 0.10859375 0.0578125 0.0578125
0 0.715625 0.09609375 0.059375 0.0578125
0 0.76875 0.0875 0.059375 0.0609375
0 0.81796875 0.07421875 0.059375 0.05625
0 0.8640625 0.0609375 0.0578125 0.0578125
0 0.9046875 0.05078125 0.04375 0.0546875
0 0.33359375 0.140625 0.0578125 0.0625
0 0.3796875 0.13515625 0.05625 0.0578125
0 0.43125 0.12109375 0.0578125 0.0578125
0 0.48046875 0.11171875 0.059375 0.0625
0 0.53046875 0.0953125 0.059375 0.0546875
0 0.57890625 0.08203125 0.05625 0.05625
0 0.63046875 0.071875 0.0609375 0.059375
0 0.68125 0.0609375 0.0578125 0.05625
0 0.7328125 0.04921875 0.059375 0.05625
0 0.78203125 0.0375 0.05625 0.059375
0 0.83046875 0.02578125 0.0578125 0.0515625
0 0.8765625 0.0203125 0.059375 0.040625
0 0.29453125 0.10625 0.0609375 0.0578125
0 0.3453125 0.09296875 0.05625 0.0578125
0 0.3953125 0.0859375 0.0625 0.0625
0 0.446875 0.0703125 0.059375 0.0609375
0 0.4953125 0.0609375 0.059375 0.05625
0 0.54375 0.0484375 0.0609375 0.0578125
0 0.59296875 0.034375 0.059375 0.0546875
0 0.6453125 0.025 0.059375 0.05
0 0.69765625 0.02265625 0.0609375 0.0453125
0 0.746875 0.0140625 0.059375 0.028125
0 0.79609375 0.00859375 0.0578125 0.0171875
0 0.26328125 0.07578125 0.0625 0.059375
0 0.31328125 0.05859375 0.0578125 0.0546875
0 0.3625 0.04453125 0.0609375 0.0578125
0 0.4109375 0.0328125 0.0609375 0.0578125
0 0.4625 0.028125 0.059375 0.05625
0 0.509375 0.021875 0.059375 0.04375
0 0.55703125 0.01640625 0.0578125 0.0328125
0 0.60859375 0.009375 0.0578125 0.01875