0 0.74296875 0.01328125 0.0453125 0.0265625
0 0.77109375 0.0390625 0.04375 0.0453125
0 0.80078125 0.084375 0.046875 0.05
0 0.82734375 0.121875 0.0453125 0.04375
0 0.85703125 0.1625 0.046875 0.0453125
0 0.88203125 0.1984375 0.046875 0.0484375
0 0.9125 0.2359375 0.04375 0.0453125
0 0.93515625 0.26796875 0.046875 0.0390625
0 0.9640625 0.30390625 0.04375 0.046875
0 0.7875 0.01015625 0.046875 0.0203125
0 0.81953125 0.0359375 0.046875 0.05
0 0.84765625 0.0734375 0.0453125 0.0515625
0 0.8734375 0.10703125 0.046875 0.046875
0 0.9015625 0.14765625 0.04375 0.0484375
0 0.93203125 0.18984375 0.04375 0.04375
0 0.9578125 0.2296875 0.04375 0.046875
0 0.83515625 0.00625 0.0453125 0.0125
0 0.8828125 0.0046875 0.046875 0.009375
0 0.86328125 0.03046875 0.0453125 0.0453125
0 0.909375 0.02265625 0.05 0.0453125
0 0.94609375 0.0203125 0.0296875 0.040625
0 0.890625 0.06171875 0.04375 0.0453125
0 0.9359375 0.05859375 0.046875 0.0484375
0 0.91796875 0.10546875 0.046875 0.046875
0 0.95390625 0.09765625 0.028125 0.0453125
0 0.94296875 0.14453125 0.0484375 0.05