0 0.97421875 0.83515625 0.0515625 0.05625
0 0.84375 0.63984375 0.059375 0.0625
0 0.1203125 0.85234375 0.059375 0.059375
0 0.06171875 0.971875 0.0609375 0.05625
0 0.346875 0.88359375 0.059375 0.05625
0 0.96484375 0.940625 0.0609375 0.059375
0 0.15546875 0.67109375 0.0625 0.0578125
0 0.346875 0.9828125 0.0625 0.034375
0 0.0921875 0.79375 0.0625 0.059375
0 0.31171875 0.83203125 0.059375 0.05625
0 0.6171875 0.88125 0.0625 0.059375
0 0.58046875 0.9359375 0.0625 0.059375
0 0.5453125 0.9765625 0.0625 0.046875
0 0.48203125 0.9765625 0.0609375 0.046875
0 0.75390625 0.96796875 0.0625 0.0578125
0 0.909375 0.83671875 0.0609375 0.0578125
0 0.6484375 0.9359375 0.0609375 0.059375
0 0.053125 0.52421875 0.059375 0.05625
0 0.02734375 0.57890625 0.0546875 0.059375
0 0.74296875 0.68046875 0.059375 0.0578125
0 0.12421875 0.9640625 0.059375 0.059375
0 0.25390625 0.7171875 0.059375 0.05625
0 0.78203125 0.63203125 0.0625 0.059375
0 0.65625 0.8265625 0.0625 0.059375
0 0.2484375 0.94453125 0.0625 0.059375
0 0.09375 0.9140625 0.059375 0.0578125
0 0.96640625 0.6734375 0.0625 0.059375
0 0.8046875 0.69296875 0.0625 0.059375
0 0.38125 0.5203125 0.059375 0.059375
0 0.93984375 0.8859375 0.059375 0.05625
0 0.3109375 0.940625 0.0609375 0.059375
0 0.378125 0.83203125 0.059375 0.05625
0 0.3140625 0.51640625 0.059375 0.05625
0 0.2203125 0.77890625 0.059375 0.05625
0 0.41640625 0.978125 0.0609375 0.04375
0 0.384375 0.6125 0.0625 0.0578125
0 0.0140625 0.9765625 0.028125 0.046875
0 0.6484375 0.61953125 0.0625 0.059375
0 0.94375 0.6109375 0.0609375 0.0625
0 0.68671875 0.5640625 0.059375 0.0609375
0 0.34765625 0.56875 0.0625 0.05625
0 0.6890625 0.97578125 0.0625 0.0484375
0 0.48046875 0.7765625 0.0625 0.0625
0 0.51875 0.725 0.059375 0.0578125
0 0.55546875 0.87578125 0.0625 0.0609375
0 0.03125 0.91953125 0.059375 0.0609375
0 0.546875 0.66875 0.0625 0.0609375
0 0.08984375 0.6796875 0.0625 0.0609375
0 0.15859375 0.7828125 0.059375 0.05625
0 0.92578125 0.98203125 0.0625 0.0359375
0 0.28203125 0.78046875 0.059375 0.059375
0 0.2828125 0.8859375 0.0625 0.05625
0 0.446875 0.60625 0.0609375 0.0578125
0 0.54140625 0.546875 0.0625 0.059375
0 0.1875 0.7234375 0.0625 0.0625
0 0.84453125 0.96953125 0.0609375 0.0546875
0 0.1875 0.62109375 0.0625 0.05625
0 0.5125 0.92890625 0.0625 0.059375
0 0.1859375 0.95859375 0.0609375 0.059375
0 0.61484375 0.9796875 0.0625 0.040625
0 0.0125 0.6328125 0.025 0.053125
0 0.44296875 0.82890625 0.0625 0.059375
0 0.4796875 0.6796875 0.0609375 0.059375
0 0.51015625 0.60078125 0.065625 0.0625
0 0.446875 0.9296875 0.0625 0.0578125
0 0.28125 0.98671875 0.0609375 0.0265625
0 0.22109375 0.89375 0.0609375 0.0609375
0 0.9515625 0.77890625 0.059375 0.05625
0 0.2203125 0.665625 0.0625 0.05625
0 0.1234375 0.73125 0.0625 0.0609375
0 0.51796875 0.82890625 0.059375 0.0578125
0 0.90390625 0.659375 0.059375 0.059375
0 0.0140625 0.8625 0.028125 0.05625
0 0.9765625 0.5515625 0.046875 0.059375
0 0.9828125 0.725 0.034375 0.0546875
0 0.40859375 0.88125 0.0625 0.059375
0 0.028125 0.80234375 0.05625 0.0578125
0 0.37890625 0.93828125 0.0625 0.059375
0 0.08671875 0.5671875 0.0609375 0.0515625
0 0.57890625 0.60625 0.0625 0.0625
0 0.865625 0.71171875 0.059375 0.0625
0 0.31328125 0.7171875 0.0625 0.0609375
0 0.8890625 0.7734375 0.0578125 0.05625
0 0.68125 0.67265625 0.059375 0.05625
0 0.6875 0.88046875 0.059375 0.05625
0 0.05859375 0.740625 0.0640625 0.0625
0 0.9875 0.89140625 0.025 0.0609375
0 0.38125 0.7203125 0.059375 0.059375
0 0.4734375 0.55078125 0.0625 0.0625
0 0.7890625 0.528125 0.0625 0.059375
0 0.8421875 0.8234375 0.059375 0.05625
0 0.31640625 0.6109375 0.059375 0.0578125
0 0.81796875 0.9171875 0.059375 0.05625
0 0.05703125 0.859375 0.0609375 0.0578125
0 0.41640625 0.5625 0.059375 0.053125
0 0.8203125 0.5734375 0.0625 0.059375
0 0.8828125 0.5796875 0.0625 0.059375
0 0.58046875 0.7203125 0.0625 0.059375
0 0.2484375 0.840625 0.0625 0.059375
0 0.778125 0.80546875 0.0625 0.059375
0 0.2828125 0.66328125 0.059375 0.05625
0 0.98828125 0.61875 0.0234375 0.065625
0 0.7546875 0.5703125 0.0609375 0.0609375
0 0.34609375 0.67421875 0.0625 0.05625
0 0.61328125 0.77421875 0.0625 0.059375
0 0.9234375 0.5359375 0.0609375 0.059375
0 0.71953125 0.6234375 0.059375 0.05625
0 0.9296875 0.7171875 0.059375 0.0609375
0 0.7921875 0.859375 0.0609375 0.05625
0 0.02734375 0.67734375 0.0546875 0.0578125
0 0.415625 0.6625 0.059375 0.059375
0 0.5890625 0.8234375 0.0609375 0.05625
0 0.6109375 0.6671875 0.0625 0.05625
0 0.98515625 0.9828125 0.0296875 0.034375
0 0.11875 0.52890625 0.059375 0.0578125
0 0.34453125 0.7734375 0.0625 0.059375
0 0.246875 0.5234375 0.0625 0.0578125
0 0.12421875 0.603125 0.05625 0.053125
0 0.1828125 0.8421875 0.0625 0.0609375
0 0.409375 0.778125 0.0625 0.05625
0 0.7 0.78515625 0.059375 0.0546875
0 0.771875 0.74140625 0.059375 0.0578125
0 0.74609375 0.90703125 0.0625 0.059375
0 0.15546875 0.90390625 0.0609375 0.0578125
0 0.86640625 0.8796875 0.0625 0.0578125
0 0.828125 0.7609375 0.059375 0.05625
0 0.55078125 0.775 0.0578125 0.05625
0 0.4453125 0.721875 0.0625 0.0609375
0 0.646875 0.7125 0.05625 0.05625
0 0.8953125 0.93125 0.059375 0.059375
0 0.73046875 0.8359375 0.05625 0.05625
0 0.159375 0.99296875 0.059375 0.0140625
0 0.70625 0.728125 0.0625 0.05625
0 0.159375 0.5640625 0.05625 0.053125
0 0.615625 0.55546875 0.059375 0.0625
0 0.25234375 0.60859375 0.0625 0.059375
0 0.22109375 0.56171875 0.0625 0.053125
0 0.2203125 0.99140625 0.0578125 0.0171875
0 0.8609375 0.52734375 0.0609375 0.059375
0 0.29140625 0.55703125 0.05625 0.0515625
0 0.4765625 0.8703125 0.0625 0.0578125
0 0.18359375 0.5234375 0.0609375 0.05625
0 0.79609375 0.99453125 0.065625 0.0109375
0 0.896875 0.465625 0.059375 0.059375
0 0.99296875 0.78046875 0.0140625 0.0640625