1 0.03671875 0.17890625 0.0734375 0.1828125
1 0.096875 0.32265625 0.19375 0.1953125
1 0.1609375 0.4453125 0.2046875 0.1984375
1 0.2828125 0.575 0.1953125 0.1859375
1 0.3828125 0.71875 0.2 0.1859375
1 0.4984375 0.85625 0.203125 0.1859375
1 0.60546875 0.93828125 0.1765625 0.121875
1 0.92578125 0.89296875 0.1484375 0.1546875
1 0.77578125 0.91796875 0.190625 0.134375
1 0.65078125 0.81171875 0.2046875 0.1890625
1 0.83125 0.778125 0.209375 0.1921875
1 0.95625 0.7515625 0.0875 0.18125
1 0.9046875 0.6125 0.190625 0.178125
1 0.72578125 0.66015625 0.2 0.165625
1 0.55625 0.69609375 0.1828125 0.1859375
1 0.4359375 0.553125 0.2109375 0.190625
1 0.60703125 0.5296875 0.2234375 0.196875
1 0.775 0.5 0.1828125 0.2015625
1 0.90859375 0.44765625 0.1828125 0.1921875
1 0.83515625 0.33046875 0.2078125 0.2
1 0.67421875 0.35703125 0.1765625 0.1828125
1 0.52265625 0.3921875 0.2 0.1921875
1 0.334375 0.3984375 0.2109375 0.1875
1 0.24921875 0.26484375 0.1921875 0.196875
1 0.41015625 0.24296875 0.225 0.1859375
1 0.575 0.2203125 0.203125 0.1859375
1 0.72734375 0.17734375 0.209375 0.18125
1 0.890625 0.165625 0.1796875 0.2
1 0.80625 0.0546875 0.20625 0.109375
1 0.61640625 0.07734375 0.2328125 0.1546875
1 0.4515625 0.0828125 0.1875 0.165625
1 0.284375 0.1046875 0.24375 0.19375
1 0.10546875 0.1515625 0.1703125 0.178125