0 0.02578125 0.38671875 0.0484375 0.0484375
0 0.06796875 0.35703125 0.0484375 0.0515625
0 0.1125 0.34296875 0.0515625 0.0515625
0 0.1546875 0.3359375 0.0484375 0.05
0 0.1953125 0.33046875 0.046875 0.046875
0 0.18515625 0.3671875 0.0453125 0.0453125
0 0.1421875 0.37890625 0.0484375 0.0453125
0 0.0984375 0.3921875 0.0515625 0.0484375
0 0.05859375 0.40390625 0.0421875 0.0453125
0 0.17109375 0.41484375 0.0453125 0.0484375
0 0.1296875 0.421875 0.046875 0.0484375
0 0.0875 0.43046875 0.05 0.0453125
0 0.04140625 0.44375 0.0484375 0.05
0 0.07421875 0.47265625 0.0515625 0.05
0 0.11875 0.46015625 0.0484375 0.0453125
0 0.159375 0.45859375 0.0421875 0.0390625
0 0.15078125 0.4875 0.05 0.0515625
0 0.01015625 0.4578125 0.0203125 0.046875
0 0.028125 0.4921875 0.0484375 0.04375
0 0.10546875 0.50390625 0.0546875 0.05
0 0.13671875 0.534375 0.05 0.046875
0 0.09375 0.54140625 0.0484375 0.046875
0 0.0046875 0.49375 0.009375 0.040625
0 0.021875 0.52265625 0.04375 0.0484375
0 0.04921875 0.55703125 0.05 0.0484375
0 0.059375 0.52109375 0.04375 0.0453125
0 0.121875 0.57890625 0.05 0.0484375
0 0.11171875 0.61953125 0.05 0.046875
0 0.0984375 0.66015625 0.0515625 0.05
0 0.03359375 0.603125 0.05 0.0484375
0 0.0765625 0.60078125 0.05 0.0484375
0 0.06640625 0.63359375 0.05 0.0453125
0 0.03125 0.63828125 0.0359375 0.05
0 0.05625 0.66796875 0.046875 0.0453125
0 0.08359375 0.70703125 0.0484375 0.0484375
0 0.046875 0.70625 0.0421875 0.04375
0 0.07109375 0.74609375 0.05 0.0453125
0 0.0609375 0.78984375 0.040625 0.0453125