1 0.1359375 0.6 0.2359375 0.1796875
1 0.3140625 0.584375 0.1890625 0.1828125
1 0.4625 0.5875 0.215625 0.1609375
1 0.64609375 0.55546875 0.21875 0.1984375
1 0.82578125 0.53671875 0.1859375 0.178125
1 0.9484375 0.53984375 0.103125 0.1796875
1 0.06640625 0.7734375 0.1203125 0.1828125
1 0.21875 0.74453125 0.2046875 0.159375
1 0.38125 0.7328125 0.19375 0.159375
1 0.59921875 0.953125 0.1890625 0.09375
1 0.946875 0.85078125 0.10625 0.1578125
1 0.83671875 0.8453125 0.1828125 0.1953125
1 0.6671875 0.86953125 0.2078125 0.1890625
1 0.475 0.86796875 0.1875 0.159375
1 0.31171875 0.8765625 0.1921875 0.1921875
1 0.16328125 0.896875 0.159375 0.171875
1 0.06328125 0.92109375 0.103125 0.15625
1 0.5671875 0.7265625 0.175 0.1796875
1 0.725 0.6859375 0.203125 0.165625
1 0.89453125 0.70390625 0.2109375 0.1953125