0 0.98359375 0.50625 0.0328125 0.071875
0 0.965625 0.446875 0.06875 0.071875
0 0.72734375 0.22578125 0.0765625 0.0765625
0 0.75 0.165625 0.071875 0.075
0 0.6859375 0.16171875 0.078125 0.078125
0 0.96875 0.56796875 0.0625 0.0734375
0 0.48828125 0.02734375 0.0734375 0.0546875
0 0.8578125 0.37890625 0.071875 0.0703125
0 0.87890625 0.32421875 0.0703125 0.071875
0 0.99296875 0.6265625 0.0140625 0.06875
0 0.97890625 0.68828125 0.0421875 0.0703125
0 0.9375 0.5078125 0.075 0.075
0 0.52890625 0.06640625 0.078125 0.078125
0 0.8609375 0.1109375 0.071875 0.071875
0 0.909375 0.57109375 0.071875 0.075
0 0.95390625 0.63125 0.0734375 0.071875
0 0.78515625 0.4125 0.071875 0.0734375
0 0.81484375 0.33359375 0.071875 0.071875
0 0.9734375 0.390625 0.040625 0.06875
0 0.7640625 0.1015625 0.0734375 0.0734375
0 0.79765625 0.21328125 0.0703125 0.0671875
0 0.8171875 0.05859375 0.0765625 0.0765625
0 0.815625 0.1640625 0.0734375 0.0703125
0 0.87109375 0.2 0.0765625 0.071875
0 0.90078125 0.259375 0.06875 0.0734375
0 0.825 0.4734375 0.075 0.075
0 0.8671875 0.5421875 0.08125 0.0765625
0 0.94453125 0.32421875 0.0796875 0.078125
0 0.91484375 0.15703125 0.0796875 0.0765625
0 0.83515625 0.278125 0.075 0.0765625
1 0.56484375 0.0171875 0.0796875 0.034375
1 0.6140625 0.0421875 0.084375 0.084375
1 0.68671875 0.0234375 0.0734375 0.046875
1 0.5796875 0.1203125 0.0640625 0.0828125
1 0.63984375 0.0984375 0.0671875 0.0796875
1 0.7 0.08203125 0.0734375 0.0859375
1 0.6171875 0.18359375 0.0734375 0.0765625
1 0.65390625 0.22578125 0.0703125 0.0859375
1 0.69453125 0.271875 0.065625 0.065625
1 0.7640625 0.2796875 0.075 0.0796875
1 0.740625 0.3390625 0.0765625 0.09375
1 0.75703125 0.03046875 0.0765625 0.0609375
1 0.8671875 0.02421875 0.08125 0.0484375
1 0.91640625 0.0703125 0.0625 0.0828125
1 0.9375 0.21484375 0.0625 0.06875
1 0.92265625 0.38671875 0.075 0.059375
1 0.89765625 0.44140625 0.071875 0.08125