0 0.825 0.228125 0.0640625 0.0640625
0 0.84921875 0.2875 0.065625 0.0625
0 0.86328125 0.1578125 0.065625 0.0671875
0 0.9140625 0.11796875 0.065625 0.065625
0 0.87734375 0.3421875 0.0671875 0.0625
0 0.8921875 0.22109375 0.065625 0.0640625
0 0.9 0.4 0.065625 0.0640625
0 0.7375 0.05390625 0.0640625 0.0625
0 0.98046875 0.584375 0.0375 0.0703125
0 0.7765625 0.11015625 0.0640625 0.0625
1 0.8640625 0.08828125 0.08125 0.0609375
1 0.79921875 0.16875 0.0796875 0.0546875
1 0.94375 0.17734375 0.065625 0.0625
1 0.9875 0.17890625 0.025 0.0640625
1 0.9640625 0.2375 0.071875 0.059375
1 0.92265625 0.27578125 0.0875 0.059375
1 0.98359375 0.2859375 0.0328125 0.0625
1 0.94296875 0.33828125 0.0625 0.059375
0 0.96953125 0.40234375 0.0609375 0.0703125
1 0.93828125 0.46640625 0.06875 0.059375
1 0.98828125 0.47109375 0.0234375 0.0609375
1 0.96640625 0.52265625 0.0671875 0.0578125