0 0.05078125 0.64140625 0.0640625 0.0609375
0 0.06015625 0.8828125 0.0625 0.059375
0 0.0546875 0.7828125 0.0609375 0.0625
0 0.128125 0.865625 0.0640625 0.0640625
0 0.03671875 0.8375 0.0625 0.059375
0 0.06875 0.5796875 0.059375 0.059375
0 0.10859375 0.80234375 0.0609375 0.0609375
0 0.07109375 0.71171875 0.0625 0.0625
0 0.02265625 0.4765625 0.0453125 0.059375
0 0.01875 0.7234375 0.0375 0.059375
0 0.08046875 0.02109375 0.0609375 0.0421875
0 0.12734375 0.48125 0.0609375 0.05625
0 0.07578125 0.25703125 0.05625 0.0546875
0 0.12578125 0.41953125 0.0640625 0.0609375
0 0.00859375 0.79140625 0.0171875 0.0640625
0 0.0140625 0.8796875 0.028125 0.0625
0 0.1296875 0.290625 0.0609375 0.059375
0 0.128125 0.3515625 0.0609375 0.059375
0 0.07265625 0.3203125 0.0578125 0.0578125
0 0.12109375 0.67265625 0.0625 0.059375
0 0.121875 0.5453125 0.065625 0.0609375
0 0.01640625 0.59140625 0.0328125 0.0578125
0 0.01015625 0.6671875 0.0203125 0.0625
0 0.0703125 0.50859375 0.059375 0.0609375
0 0.1375 0.1140625 0.0609375 0.059375
0 0.11875 0.60546875 0.0625 0.0625
0 0.06484375 0.4375 0.0609375 0.05625
0 0.1453125 0.01171875 0.059375 0.0234375
0 0.07890625 0.07734375 0.059375 0.059375
0 0.0859375 0.15859375 0.0484375 0.0515625
0 0.14140625 0.17890625 0.05625 0.053125
0 0.12578125 0.22890625 0.053125 0.0453125
0 0.071875 0.20859375 0.0609375 0.0515625
0 0.0359375 0.17421875 0.0484375 0.0546875
0 0.03515625 0.109375 0.0453125 0.0546875
0 0.0375 0.0421875 0.0453125 0.059375
0 0.0265625 0.28515625 0.040625 0.0625
0 0.0234375 0.35 0.0390625 0.053125
0 0.0703125 0.37734375 0.040625 0.0453125
0 0.021875 0.4125 0.0390625 0.053125
0 0.0203125 0.5453125 0.040625 0.05
0 0.1234375 0.74453125 0.05625 0.053125
0 0.13984375 0.05390625 0.0609375 0.0578125
0 0.02265625 0.22578125 0.028125 0.04375