0 0.68125 0.92578125 0.071875 0.071875
0 0.2796875 0.1203125 0.071875 0.0734375
0 0.53046875 0.246875 0.071875 0.0703125
0 0.95390625 0.32734375 0.0546875 0.0703125
0 0.42890625 0.553125 0.0734375 0.0734375
0 0.75546875 0.2546875 0.071875 0.0734375
0 0.81640625 0.24296875 0.071875 0.071875
0 0.790625 0.1359375 0.071875 0.0734375
0 0.23125 0.08203125 0.071875 0.0734375
0 0.6546875 0.22734375 0.0703125 0.071875
0 0.7125 0.0359375 0.071875 0.071875
0 0.5921875 0.08046875 0.071875 0.071875
0 0.8921875 0.01640625 0.05 0.0328125
0 0.7734375 0.19296875 0.0703125 0.0703125
0 0.25703125 0.24375 0.071875 0.071875
0 0.40234375 0.0984375 0.06875 0.0671875
0 0.65625 0.82109375 0.071875 0.0703125
0 0.4890625 0.1984375 0.0734375 0.071875
0 0.78046875 0.39453125 0.071875 0.071875
0 0.5921875 0.2328125 0.0703125 0.0671875
0 0.9 0.171875 0.0703125 0.06875
0 0.934375 0.21484375 0.05 0.06875
0 0.8328125 0.1828125 0.071875 0.0703125
0 0.30234375 0.06171875 0.06875 0.06875
0 0.340625 0.11015625 0.0703125 0.06875
0 0.66796875 0.57109375 0.071875 0.071875
0 0.79453125 0.31015625 0.071875 0.075
0 0.715625 0.21171875 0.071875 0.071875
0 0.43515625 0.31328125 0.071875 0.0734375
0 0.59375 0.83984375 0.071875 0.0734375
0 0.74453125 0.33984375 0.071875 0.071875
0 0.9203125 0.2734375 0.0734375 0.075
0 0.6921875 0.5109375 0.071875 0.0703125
0 0.7796875 0.86171875 0.0703125 0.06875
0 0.57109375 0.9 0.0703125 0.06875
0 0.90234375 0.34921875 0.0734375 0.071875
0 0.61171875 0.02109375 0.0734375 0.0421875
0 0.678125 0.34765625 0.0734375 0.071875
0 0.56796875 0.1375 0.06875 0.0640625
0 0.62890625 0.521875 0.071875 0.0703125
0 0.54921875 0.028125 0.0703125 0.05625
0 0.9421875 0.41015625 0.06875 0.06875
0 0.84453125 0.85 0.0734375 0.0734375
0 0.75234375 0.0875 0.0734375 0.0703125
0 0.87734375 0.21875 0.071875 0.0703125
0 0.6984375 0.27890625 0.071875 0.0703125
0 0.809375 0.07421875 0.0703125 0.071875
0 0.9234375 0.65625 0.0703125 0.071875
0 0.8328125 0.36171875 0.071875 0.0734375
0 0.5 0.3078125 0.0734375 0.071875
0 0.78984375 0.56484375 0.0703125 0.0703125
0 0.5078125 0.140625 0.0703125 0.0671875
0 0.88046875 0.40703125 0.071875 0.071875
0 0.48515625 0.81015625 0.071875 0.0703125
0 0.4578125 0.390625 0.071875 0.071875
0 0.88203125 0.90390625 0.071875 0.0671875
0 0.31171875 0.58515625 0.0734375 0.0734375
0 0.60546875 0.57578125 0.071875 0.071875
0 0.94296875 0.471875 0.0703125 0.06875
0 0.85390625 0.12578125 0.071875 0.0703125
0 0.83984375 0.01796875 0.0703125 0.0359375
0 0.64140625 0.69453125 0.0703125 0.0734375
0 0.48671875 0.03359375 0.0703125 0.0671875
0 0.6921875 0.115625 0.06875 0.065625
0 0.67265625 0.01328125 0.0734375 0.0265625
0 0.571875 0.29453125 0.071875 0.0734375
0 0.46875 0.453125 0.0671875 0.06875
0 0.44453125 0.1484375 0.0703125 0.06875
0 0.37890625 0.16328125 0.0734375 0.0703125
0 0.425 0.03671875 0.0734375 0.071875
0 0.9859375 0.884375 0.028125 0.0625
0 0.62421875 0.928125 0.0671875 0.0671875
0 0.64140625 0.634375 0.071875 0.071875
0 0.73125 0.1546875 0.0734375 0.0703125
0 0.63671875 0.2828125 0.0703125 0.071875
0 0.5640625 0.525 0.0734375 0.0703125
0 0.4734375 0.86484375 0.0671875 0.0671875
0 0.709375 0.40234375 0.0734375 0.0703125
0 0.75546875 0.51328125 0.0703125 0.0671875
0 0.55390625 0.9609375 0.0765625 0.0765625
0 0.8625 0.778125 0.071875 0.0734375
0 0.94453125 0.89140625 0.071875 0.071875
0 0.53203125 0.85234375 0.071875 0.071875
0 0.73046875 0.56015625 0.071875 0.071875
0 0.53046875 0.08125 0.0703125 0.0734375
0 0.365625 0.22578125 0.0703125 0.071875
0 0.82109375 0.6203125 0.071875 0.071875
0 0.73984375 0.815625 0.0703125 0.0703125
0 0.425 0.22109375 0.071875 0.0734375
0 0.61875 0.76796875 0.0734375 0.0734375
0 0.5515625 0.19375 0.0734375 0.0703125
0 0.46640625 0.09921875 0.0734375 0.071875
0 0.9109375 0.10859375 0.0546875 0.06875
0 0.63359375 0.8796875 0.0734375 0.0734375
0 0.875 0.0703125 0.0734375 0.0734375
0 0.54140625 0.61484375 0.0734375 0.0703125
0 0.65234375 0.059375 0.0703125 0.06875
0 0.91328125 0.5921875 0.0703125 0.06875
0 0.5796875 0.40703125 0.0734375 0.0703125
0 0.971875 0.60390625 0.05625 0.0671875
0 0.3625 0.53671875 0.071875 0.071875
0 0.49375 0.92734375 0.0734375 0.0734375
0 0.77734375 0.0328125 0.0734375 0.065625
0 0.975 0.66328125 0.05 0.0671875
0 0.8609375 0.67421875 0.0734375 0.0734375
0 0.378125 0.2921875 0.0703125 0.0703125
0 0.54453125 0.4546875 0.071875 0.0703125
0 0.89453125 0.725 0.0734375 0.0703125
0 0.51328125 0.72578125 0.071875 0.0734375
0 0.37109375 0.953125 0.071875 0.0671875
0 0.3546875 0.47109375 0.071875 0.071875
0 0.5453125 0.3578125 0.071875 0.0703125
0 0.778125 0.67890625 0.0734375 0.0734375
0 0.70234375 0.70859375 0.06875 0.06875
0 0.62734375 0.11875 0.0703125 0.06875
0 0.61015625 0.35234375 0.0703125 0.06875
0 0.40859375 0.78828125 0.06875 0.06875
0 0.3640625 0.0515625 0.0734375 0.071875
0 0.38203125 0.98828125 0.0671875 0.0234375
0 0.33828125 0.69375 0.06875 0.06875
0 0.81640625 0.91640625 0.071875 0.0703125
0 0.3609375 0.8921875 0.071875 0.071875
0 0.74375 0.45234375 0.0734375 0.0703125
0 0.6109375 0.4515625 0.0734375 0.071875
0 0.80703125 0.8015625 0.071875 0.071875
0 0.74453125 0.9125 0.0734375 0.071875
0 0.959375 0.54453125 0.06875 0.0671875
0 0.8734375 0.465625 0.0703125 0.0703125
0 0.61328125 0.17265625 0.071875 0.06875
0 0.471875 0.24609375 0.0703125 0.0671875
0 0.9015625 0.5265625 0.071875 0.0703125
0 0.33359375 0.34296875 0.0703125 0.071875
0 0.58203125 0.7171875 0.0703125 0.06875
0 0.45859375 0.74609375 0.0671875 0.0671875
0 0.703125 0.86640625 0.071875 0.071875
0 0.86015625 0.3046875 0.071875 0.06875
0 0.8546875 0.57109375 0.071875 0.071875
0 0.2484375 0.17578125 0.071875 0.0703125
0 0.521875 0.40234375 0.065625 0.0671875
0 0.5796875 0.66171875 0.071875 0.0703125
0 0.825 0.5109375 0.06875 0.0671875
0 0.45546875 0.68828125 0.06875 0.06875
0 0.4890625 0.5796875 0.06875 0.06875
0 0.6796875 0.45078125 0.0734375 0.0703125
0 0.34296875 0.76875 0.0703125 0.0671875
0 0.29140625 0.44375 0.071875 0.071875
0 0.4953125 0.5109375 0.071875 0.071875
0 0.98359375 0.5078125 0.0328125 0.06875
0 0.9703125 0.825 0.059375 0.065625
0 0.3 0.5109375 0.0703125 0.0703125
0 0.41875 0.4828125 0.0703125 0.0703125
0 0.28046875 0.3796875 0.0703125 0.0703125
0 0.70078125 0.6421875 0.071875 0.071875
0 0.75859375 0.61484375 0.071875 0.0734375
0 0.390625 0.66328125 0.06875 0.06875
0 0.39453125 0.36796875 0.0703125 0.06875
0 0.503125 0.98828125 0.06875 0.0234375
1 0.7609375 0.746875 0.0671875 0.06875
0 0.671875 0.159375 0.065625 0.0625
1 0.9078125 0.81953125 0.075 0.075
0 0.81484375 0.434375 0.071875 0.0703125
0 0.4109375 0.8484375 0.0703125 0.0671875
0 0.2703125 0.31953125 0.071875 0.0703125
0 0.59609375 0.975 0.071875 0.0421875
0 0.40859375 0.428125 0.0671875 0.065625
0 0.31953125 0.16171875 0.0671875 0.0640625
1 0.81953125 0.72421875 0.0703125 0.06875
0 0.984375 0.43515625 0.03125 0.0609375
0 0.9140625 0.05078125 0.0265625 0.0640625
0 0.38671875 0.02109375 0.0671875 0.0296875
1 0.43984375 0.95625 0.065625 0.065625
1 0.38046875 0.59296875 0.0671875 0.0671875
0 0.99609375 0.571875 0.0078125 0.065625
0 0.50546875 0.65625 0.071875 0.0703125
0 0.7921875 0.94609375 0.0578125 0.0234375
0 0.3140625 0.27890625 0.0703125 0.071875
0 0.696875 0.7671875 0.071875 0.071875
1 0.5515625 0.7734375 0.06875 0.06875
0 0.39921875 0.72421875 0.0703125 0.0703125
1 0.3328125 0.6328125 0.059375 0.05625
0 0.72578125 0.95859375 0.0640625 0.025
0 0.96953125 0.709375 0.0609375 0.065625
0 0.3578125 0.81328125 0.0703125 0.0640625
0 0.978125 0.37890625 0.028125 0.065625
0 0.425 0.9015625 0.0671875 0.065625
0 0.34140625 0.403125 0.065625 0.0671875
1 0.934375 0.75546875 0.059375 0.05625
0 0.26171875 0.04296875 0.0625 0.021875
0 0.4546875 0.609375 0.0703125 0.0625