2 0.940625 0.10859375 0.0703125 0.0421875
2 0.696875 0.2546875 0.0609375 0.0484375
0 0.4515625 0.015625 0.053125 0.03125
0 0.46171875 0.0453125 0.0515625 0.0515625
0 0.47890625 0.0890625 0.05 0.05
0 0.4890625 0.1296875 0.053125 0.053125
0 0.50234375 0.17265625 0.0515625 0.053125
0 0.51796875 0.21640625 0.05 0.0515625
0 0.5328125 0.25703125 0.0515625 0.05
0 0.546875 0.30625 0.0515625 0.053125
0 0.5625 0.35390625 0.0515625 0.0515625
0 0.57890625 0.396875 0.05 0.0515625
0 0.590625 0.43984375 0.0515625 0.0515625
0 0.6046875 0.4828125 0.05 0.0515625
0 0.61875 0.5265625 0.053125 0.0515625
0 0.6328125 0.56953125 0.053125 0.0515625
0 0.64609375 0.615625 0.0515625 0.0515625
0 0.659375 0.65703125 0.0546875 0.053125
0 0.675 0.696875 0.0515625 0.05
0 0.6859375 0.74140625 0.0515625 0.053125
0 0.70234375 0.784375 0.0484375 0.0515625
0 0.715625 0.8265625 0.05 0.05
0 0.7296875 0.8703125 0.0515625 0.05
0 0.7421875 0.9125 0.0515625 0.0515625
0 0.75625 0.95546875 0.05 0.05
0 0.76875 0.98515625 0.053125 0.0296875
0 0.496875 0.0171875 0.05 0.034375
0 0.51171875 0.0515625 0.0484375 0.0515625
0 0.5234375 0.09453125 0.053125 0.0515625
0 0.54140625 0.13671875 0.0515625 0.053125
0 0.5515625 0.17890625 0.0546875 0.053125
0 0.5625 0.225 0.0484375 0.0484375
0 0.57421875 0.26796875 0.0515625 0.053125
0 0.590625 0.31328125 0.053125 0.0546875
0 0.6078125 0.3609375 0.0515625 0.0515625
0 0.621875 0.4046875 0.053125 0.05625
0 0.6359375 0.446875 0.046875 0.0484375
0 0.6515625 0.4890625 0.05 0.053125
0 0.6640625 0.5328125 0.0515625 0.053125
0 0.67890625 0.57421875 0.05 0.05
0 0.6921875 0.61953125 0.0515625 0.053125
0 0.70625 0.6625 0.0515625 0.0515625
0 0.71953125 0.7078125 0.0546875 0.053125
0 0.7328125 0.74921875 0.05 0.0546875
0 0.746875 0.79140625 0.053125 0.0515625
0 0.7609375 0.8375 0.05 0.05
0 0.775 0.87890625 0.053125 0.0515625
0 0.78828125 0.921875 0.0515625 0.0515625
0 0.80234375 0.965625 0.053125 0.053125
0 0.81640625 0.99140625 0.0515625 0.0171875
0 0.53984375 0.02109375 0.0515625 0.0421875
0 0.584375 0.02578125 0.0484375 0.0484375
0 0.6328125 0.0375 0.0484375 0.046875
0 0.67421875 0.0484375 0.0484375 0.0484375
0 0.71875 0.05703125 0.0484375 0.04375
0 0.76484375 0.06875 0.046875 0.0421875
0 0.80546875 0.07890625 0.046875 0.0421875
0 0.55546875 0.06015625 0.0515625 0.0484375
0 0.60234375 0.06484375 0.05 0.05
0 0.6453125 0.078125 0.05 0.05
0 0.690625 0.08828125 0.05 0.05
0 0.73359375 0.0984375 0.05 0.05
0 0.77734375 0.109375 0.05 0.0515625
0 0.56875 0.10234375 0.05 0.0515625
0 0.6140625 0.1109375 0.05 0.0484375
0 0.6578125 0.12421875 0.046875 0.04375
0 0.70390625 0.13125 0.05 0.05
0 0.8515625 0.0890625 0.0453125 0.040625
0 0.821875 0.11875 0.05 0.05
0 0.8671875 0.1296875 0.05 0.05
0 0.8953125 0.09921875 0.046875 0.040625
0 0.98359375 0.1234375 0.0328125 0.040625
0 0.9109375 0.1359375 0.05 0.05
0 0.95859375 0.14765625 0.046875 0.0484375
0 0.98984375 0.1609375 0.0203125 0.05
0 0.74921875 0.14375 0.046875 0.046875
0 0.7921875 0.15 0.0515625 0.05
0 0.83515625 0.159375 0.0515625 0.05
0 0.88046875 0.1703125 0.0515625 0.0515625
0 0.928125 0.18203125 0.053125 0.0515625
0 0.971875 0.19140625 0.05 0.0515625
0 0.5828125 0.14453125 0.0515625 0.053125
0 0.628125 0.1578125 0.05 0.053125
0 0.67109375 0.1671875 0.053125 0.053125
0 0.71484375 0.1734375 0.0515625 0.0515625
0 0.7609375 0.18671875 0.05 0.05
0 0.80625 0.19453125 0.0515625 0.0484375
0 0.8484375 0.203125 0.0515625 0.0515625
0 0.59609375 0.19296875 0.0515625 0.0515625
0 0.6421875 0.2015625 0.0484375 0.05
0 0.68515625 0.21015625 0.05 0.0515625
0 0.73203125 0.21953125 0.053125 0.053125
0 0.89375 0.21171875 0.053125 0.0515625
0 0.81953125 0.2390625 0.0484375 0.046875
0 0.86171875 0.2484375 0.053125 0.0515625
0 0.77421875 0.2296875 0.05 0.05
0 0.9078125 0.25546875 0.0515625 0.053125
0 0.940625 0.225 0.05 0.0515625
0 0.95390625 0.26875 0.053125 0.053125
0 0.8734375 0.290625 0.0515625 0.0515625
0 0.83046875 0.28125 0.05 0.0515625
0 0.7859375 0.27265625 0.0515625 0.0515625
0 0.7453125 0.265625 0.05 0.0515625
0 0.65546875 0.24375 0.0515625 0.05
0 0.60859375 0.2359375 0.05 0.05
0 0.621875 0.27734375 0.0515625 0.0515625
0 0.66484375 0.28984375 0.05 0.0515625
0 0.7109375 0.29921875 0.0515625 0.0515625
0 0.6390625 0.3234375 0.0484375 0.05
0 0.68203125 0.3359375 0.0515625 0.053125
0 0.75703125 0.30859375 0.053125 0.053125
0 0.8 0.315625 0.053125 0.05
0 0.8453125 0.32734375 0.05 0.05
0 0.89375 0.334375 0.0515625 0.0515625
0 0.728125 0.3421875 0.0515625 0.05
0 0.7734375 0.35078125 0.0515625 0.0515625
0 0.815625 0.35859375 0.0515625 0.053125
0 0.86015625 0.36875 0.053125 0.053125
0 0.9046875 0.37734375 0.053125 0.053125
0 0.65078125 0.37109375 0.0546875 0.05625
0 0.6953125 0.378125 0.053125 0.053125
0 0.7390625 0.38671875 0.05 0.0515625
0 0.784375 0.39375 0.0515625 0.0515625
0 0.83203125 0.40234375 0.0515625 0.053125
0 0.87421875 0.4109375 0.05 0.053125
0 0.665625 0.4125 0.0515625 0.0515625
0 0.71328125 0.42109375 0.0515625 0.0515625
0 0.75546875 0.42890625 0.0515625 0.053125
0 0.8 0.4359375 0.053125 0.053125
0 0.84453125 0.44609375 0.05 0.0515625
0 0.89140625 0.45546875 0.0515625 0.053125
0 0.6828125 0.45546875 0.0515625 0.053125
0 0.72578125 0.46328125 0.05 0.0515625
0 0.76953125 0.4703125 0.0515625 0.053125
0 0.81484375 0.48046875 0.05 0.053125
0 0.85859375 0.4890625 0.0484375 0.0515625
0 0.6953125 0.496875 0.0515625 0.0546875
0 0.7390625 0.50625 0.05 0.0515625
0 0.78359375 0.5125 0.053125 0.053125
0 0.82734375 0.521875 0.0515625 0.053125
0 0.70859375 0.540625 0.0546875 0.053125
0 0.7546875 0.5484375 0.0515625 0.0515625
0 0.79921875 0.55703125 0.053125 0.0546875
0 0.8421875 0.56484375 0.0515625 0.053125
0 0.8875 0.5765625 0.0515625 0.053125
0 0.721875 0.58515625 0.0515625 0.0515625
0 0.765625 0.59296875 0.05 0.05
0 0.8125 0.6 0.05 0.053125
0 0.8546875 0.6109375 0.0515625 0.053125
0 0.90078125 0.61875 0.0515625 0.053125
0 0.73515625 0.6265625 0.0515625 0.053125
0 0.78046875 0.63359375 0.0515625 0.0515625
0 0.825 0.6453125 0.0515625 0.0515625
0 0.87109375 0.65390625 0.05 0.0515625
0 0.91640625 0.6625 0.0515625 0.053125
0 0.7515625 0.6703125 0.0515625 0.0515625
0 0.7921875 0.6796875 0.05 0.0515625
0 0.84140625 0.6875 0.046875 0.046875
0 0.88515625 0.69765625 0.0484375 0.0515625
0 0.928125 0.70703125 0.0515625 0.0515625
0 0.76484375 0.71484375 0.0515625 0.0515625
0 0.80625 0.721875 0.0515625 0.0484375
0 0.8546875 0.728125 0.0515625 0.0515625
0 0.7765625 0.75703125 0.0515625 0.053125
0 0.82265625 0.7640625 0.05 0.0515625
0 0.86875 0.77109375 0.05 0.05
0 0.91171875 0.78359375 0.0515625 0.0515625
0 0.89921875 0.7390625 0.0484375 0.0515625
0 0.93828125 0.7484375 0.0390625 0.046875
0 0.91875 0.8234375 0.040625 0.05
0 0.88125 0.815625 0.0515625 0.053125
0 0.8375 0.809375 0.05 0.0515625
0 0.79375 0.80078125 0.0515625 0.053125
0 0.98046875 0.2328125 0.0390625 0.053125
0 0.98515625 0.278125 0.0296875 0.053125
0 0.921875 0.3015625 0.0515625 0.05
0 0.96640625 0.3109375 0.05 0.05
0 0.99453125 0.321875 0.0109375 0.05
0 0.9359375 0.34453125 0.05 0.053125
0 0.80703125 0.8421875 0.0515625 0.0515625
0 0.8515625 0.85 0.0515625 0.053125
0 0.89375 0.86171875 0.0515625 0.053125
0 0.8203125 0.8859375 0.046875 0.05
0 0.8640625 0.89609375 0.0515625 0.0515625
0 0.90078125 0.9015625 0.0375 0.05
0 0.83203125 0.92890625 0.05 0.0484375
0 0.87734375 0.9375 0.0515625 0.053125
0 0.8453125 0.97421875 0.05 0.05
0 0.88203125 0.978125 0.0359375 0.04375
0 0.97890625 0.35703125 0.0421875 0.0515625
0 0.94921875 0.3859375 0.0515625 0.053125
0 0.91875 0.4203125 0.05 0.0515625
0 0.93671875 0.4625 0.05 0.053125
0 0.90625 0.496875 0.05 0.05
0 0.94921875 0.50625 0.0515625 0.0515625
0 0.98671875 0.39765625 0.0265625 0.0515625
0 0.96640625 0.43203125 0.0515625 0.0515625
0 0.99296875 0.4421875 0.0140625 0.05
0 0.9765625 0.4734375 0.046875 0.05
0 0.8734375 0.53046875 0.053125 0.053125
0 0.91875 0.5421875 0.0515625 0.05
0 0.98359375 0.51796875 0.0328125 0.0484375
0 0.96328125 0.55390625 0.053125 0.053125
0 0.93515625 0.5859375 0.0484375 0.05
0 0.97421875 0.59453125 0.0421875 0.046875
0 0.94765625 0.6296875 0.05 0.05
0 0.95625 0.6734375 0.040625 0.0515625