0 0.86953125 0.4375 0.0734375 0.075
0 0.4796875 0.578125 0.075 0.075
0 0.82421875 0.06171875 0.071875 0.0703125
0 0.440625 0.521875 0.071875 0.071875
0 0.87734375 0.67890625 0.0703125 0.0734375
0 0.784375 0.0234375 0.071875 0.046875
0 0.50546875 0.51328125 0.071875 0.0734375
0 0.6984375 0.146875 0.0734375 0.0734375
0 0.809375 0.68828125 0.071875 0.0703125
0 0.83203125 0.48671875 0.071875 0.0734375
0 0.63203125 0.1328125 0.071875 0.0734375
0 0.71796875 0.221875 0.0703125 0.0703125
0 0.790625 0.2453125 0.075 0.075
0 0.88125 0.31953125 0.0734375 0.075
0 0.2015625 0.3 0.0765625 0.0765625
0 0.2234375 0.23984375 0.071875 0.075
0 0.846875 0.7421875 0.0703125 0.071875
0 0.90390625 0.50234375 0.078125 0.0796875
1 0.615625 0.06484375 0.0671875 0.071875
0 0.75 0.06484375 0.0796875 0.0734375
0 0.71484375 0.01796875 0.0734375 0.0359375
0 0.88046875 0.0328125 0.0734375 0.065625
0 0.65 0.021875 0.071875 0.04375
0 0.16015625 0.23515625 0.078125 0.078125
0 0.9421875 0.4546875 0.071875 0.071875
0 0.803125 0.41796875 0.0703125 0.0765625
0 0.77109375 0.4828125 0.0703125 0.075
0 0.70703125 0.48203125 0.075 0.0765625
0 0.4484375 0.64296875 0.071875 0.0734375
0 0.33125 0.45234375 0.071875 0.0703125
0 0.971875 0.4078125 0.0484375 0.071875
0 0.69296875 0.86953125 0.0765625 0.0765625
0 0.5453125 0.56953125 0.071875 0.0734375
0 0.353125 0.3984375 0.0703125 0.071875
0 0.49609375 0.69921875 0.0703125 0.0734375
0 0.46796875 0.76328125 0.071875 0.0703125
0 0.84609375 0.37890625 0.0734375 0.0734375
0 0.5828125 0.3859375 0.0734375 0.0765625
0 0.96796875 0.51875 0.0640625 0.078125
0 0.76640625 0.54296875 0.0734375 0.0734375
0 0.98046875 0.61640625 0.0390625 0.0734375
0 0.4109375 0.58203125 0.075 0.075
0 0.83125 0.62890625 0.071875 0.0703125
0 0.9875 0.76015625 0.025 0.0765625
0 0.02109375 0.140625 0.0421875 0.078125
0 0.33515625 0.184375 0.071875 0.071875
0 0.64140625 0.353125 0.071875 0.071875
0 0.3828125 0.6453125 0.071875 0.075
0 0.428125 0.7046875 0.0734375 0.071875
0 0.259375 0.48671875 0.071875 0.0734375
0 0.84375 0.85625 0.0703125 0.071875
0 0.77890625 0.86796875 0.0734375 0.0703125
0 0.2890625 0.40703125 0.071875 0.071875
0 0.58828125 0.31328125 0.0734375 0.078125
0 0.4625 0.4625 0.06875 0.0734375
0 0.23828125 0.17578125 0.0734375 0.0734375
1 0.6796875 0.06953125 0.0703125 0.0609375
0 0.27109375 0.2875 0.0703125 0.0671875
0 0.70625 0.3625 0.0734375 0.0734375
1 0.75859375 0.17734375 0.0640625 0.059375
0 0.57421875 0.50625 0.075 0.0703125
0 0.56875 0.63046875 0.0703125 0.0734375
0 0.71796875 0.6703125 0.0703125 0.06875
0 0.29140625 0.1328125 0.0765625 0.0765625
0 0.28984375 0.2375 0.0734375 0.0703125
0 0.3453125 0.27421875 0.0765625 0.071875
1 0.8359375 0.11875 0.065625 0.053125
0 0.5640625 0.70703125 0.0703125 0.0703125
0 0.375 0.3328125 0.06875 0.0734375
0 0.73671875 0.91796875 0.0703125 0.0703125
0 0.503125 0.28515625 0.0734375 0.0734375
0 0.91796875 0.8484375 0.0734375 0.0703125
1 0.5125 0.640625 0.065625 0.0671875
0 0.29921875 0.546875 0.075 0.075
0 0.34140625 0.61640625 0.08125 0.0765625
0 0.66953125 0.54921875 0.078125 0.0765625
0 0.65703125 0.8171875 0.0765625 0.078125
0 0.51328125 0.83984375 0.084375 0.0796875
0 0.603125 0.95234375 0.075 0.0765625
0 0.95 0.909375 0.075 0.0734375
0 0.4203125 0.39765625 0.0828125 0.078125
0 0.52265625 0.1984375 0.078125 0.078125
0 0.3890625 0.23046875 0.0796875 0.0765625
0 0.30859375 0.3515625 0.075 0.0765625
1 0.0390625 0.08125 0.078125 0.053125
1 0.0875 0.115625 0.084375 0.0859375
1 0.1609375 0.0796875 0.0734375 0.08125
1 0.05390625 0.19453125 0.0640625 0.0828125
1 0.1140625 0.17265625 0.0671875 0.0796875
1 0.17421875 0.15625 0.0734375 0.0859375
1 0.09140625 0.2578125 0.0734375 0.0765625
1 0.128125 0.3 0.0703125 0.0859375
1 0.16796875 0.3453125 0.065625 0.065625
1 0.23828125 0.35390625 0.075 0.0796875
1 0.21484375 0.41328125 0.0765625 0.09375
1 0.23046875 0.08828125 0.0765625 0.0953125
1 0.2984375 0.046875 0.0703125 0.0546875
1 0.3625 0.03125 0.059375 0.040625
1 0.42578125 0.0234375 0.065625 0.04375
1 0.490625 0.0203125 0.065625 0.040625
1 0.56015625 0.025 0.0703125 0.05
1 0.3421875 0.0828125 0.08125 0.0796875
1 0.42578125 0.0796875 0.08125 0.0875
1 0.48046875 0.05234375 0.0609375 0.059375
1 0.54609375 0.06875 0.075 0.071875
1 0.50078125 0.1125 0.078125 0.0765625
1 0.38984375 0.14375 0.0625 0.0828125
1 0.45078125 0.1625 0.0625 0.0796875
1 0.56640625 0.1328125 0.0625 0.075
1 0.45703125 0.2234375 0.0671875 0.0796875
1 0.41875 0.2875 0.078125 0.071875
1 0.5921875 0.190625 0.071875 0.059375
1 0.65546875 0.20234375 0.065625 0.0796875
1 0.56484375 0.25 0.0671875 0.075
1 0.6265625 0.25390625 0.0671875 0.0890625
1 0.6828125 0.2828125 0.0671875 0.0875
1 0.746875 0.28828125 0.0796875 0.08125
1 0.459375 0.3375 0.0734375 0.08125
1 0.528125 0.3421875 0.075 0.08125
1 0.4859375 0.384375 0.0734375 0.0578125
1 0.53203125 0.4265625 0.0796875 0.0671875
1 0.396875 0.4609375 0.075 0.059375
1 0.37109375 0.515625 0.071875 0.08125
1 0.61640625 0.45 0.071875 0.0875
1 0.6703125 0.42109375 0.075 0.0765625
1 0.73984375 0.42734375 0.0734375 0.078125
1 0.77734375 0.36015625 0.08125 0.084375
1 0.81640625 0.31015625 0.0546875 0.078125
1 0.62109375 0.56015625 0.0546875 0.075
1 0.63984375 0.62265625 0.078125 0.06875
1 0.7046875 0.61328125 0.065625 0.0734375
1 0.7671875 0.62890625 0.075 0.075
1 0.6484375 0.69140625 0.08125 0.0796875
1 0.54375 0.76015625 0.0640625 0.0546875
1 0.6078125 0.75390625 0.0703125 0.0625
1 0.70078125 0.7375 0.0625 0.0828125
1 0.7625 0.71953125 0.0671875 0.071875
1 0.5859375 0.81484375 0.078125 0.075
1 0.55625 0.884375 0.0671875 0.059375
1 0.625 0.87109375 0.06875 0.059375
1 0.65859375 0.91640625 0.05625 0.046875
1 0.8171875 0.92578125 0.065625 0.0765625
1 0.88125 0.909375 0.0671875 0.071875
1 0.74453125 0.8015625 0.06875 0.0828125
1 0.803125 0.7859375 0.075 0.0890625
1 0.8796875 0.8 0.0765625 0.075
1 0.97734375 0.83828125 0.0453125 0.0671875
1 0.95546875 0.7875 0.08125 0.0625
1 0.92265625 0.73828125 0.078125 0.0734375
1 0.9671875 0.690625 0.065625 0.08125
1 0.9359375 0.63359375 0.0859375 0.0796875
1 0.89921875 0.58203125 0.0671875 0.08125
1 0.953125 0.565625 0.0734375 0.059375
1 0.91328125 0.3796875 0.08125 0.0734375
1 0.94921875 0.3296875 0.0703125 0.0734375
1 0.85625 0.25 0.0640625 0.06875
1 0.91875 0.259375 0.071875 0.0828125
1 0.82109375 0.1734375 0.0625 0.065625
1 0.87890625 0.18828125 0.0703125 0.0703125
1 0.9375 0.19453125 0.0578125 0.0796875
1 0.90078125 0.13046875 0.071875 0.08125
1 0.91484375 0.07734375 0.0671875 0.0609375