1 0.83203125 0.6515625 0.221875 0.2359375
1 0.2890625 0.81328125 0.2265625 0.2046875
1 0.3296875 0.64296875 0.2625 0.225
1 0.58984375 0.88984375 0.2203125 0.1890625
1 0.75 0.3796875 0.2203125 0.1921875
1 0.51640625 0.14140625 0.21875 0.1859375
1 0.93046875 0.8046875 0.1390625 0.2125
1 0.81015625 0.228125 0.2296875 0.2203125
1 0.1875 0.52421875 0.2203125 0.1828125
1 0.23515625 0.928125 0.2515625 0.14375
1 0.4125 0.91953125 0.2 0.1609375
1 0.1265625 0.8359375 0.1609375 0.175
1 0.640625 0.7125 0.234375 0.1953125
1 0.62890625 0.27890625 0.2484375 0.21875
1 0.8546875 0.07890625 0.165625 0.1578125
1 0.13359375 0.24609375 0.225 0.1953125
1 0.53125 0.6078125 0.2390625 0.2203125
1 0.1625 0.68125 0.2265625 0.21875
1 0.275 0.3640625 0.234375 0.2140625
1 0.91171875 0.334375 0.1578125 0.19375
1 0.7734375 0.8359375 0.246875 0.2265625
1 0.87421875 0.490625 0.2203125 0.2125
1 0.5671875 0.42734375 0.2234375 0.203125
1 0.6921875 0.1046875 0.221875 0.209375
1 0.0984375 0.41328125 0.196875 0.1734375
1 0.3828125 0.075 0.215625 0.15
1 0.375 0.4890625 0.2359375 0.2125
1 0.7 0.53828125 0.240625 0.2203125
1 0.4609375 0.78515625 0.2140625 0.20625
1 0.321875 0.2109375 0.25 0.225
1 0.0640625 0.56796875 0.128125 0.2046875
1 0.0765625 0.1359375 0.153125 0.146875
1 0.94609375 0.61484375 0.1078125 0.2015625
1 0.02890625 0.2734375 0.0578125 0.2
1 0.73671875 0.03515625 0.2140625 0.0703125
1 0.54765625 0.0453125 0.2203125 0.090625
1 0.465625 0.29140625 0.2171875 0.221875
1 0.21796875 0.096875 0.1984375 0.134375
1 0.90625 0.896875 0.1875 0.096875
1 0.12265625 0.9453125 0.1078125 0.109375
1 0.71875 0.9390625 0.2140625 0.09375
1 0.515625 0.97109375 0.225 0.0578125
1 0.05546875 0.7203125 0.075 0.1796875
1 0.92421875 0.17734375 0.0765625 0.1796875
1 0.9703125 0.453125 0.059375 0.1875