1 0.0984375 0.08046875 0.1875 0.1609375
1 0.20546875 0.2078125 0.20703125 0.17578125
1 0.30625 0.340625 0.1484375 0.15703125
1 0.40703125 0.496875 0.23046875 0.17421875
1 0.51640625 0.66953125 0.2203125 0.17421875
1 0.63359375 0.81953125 0.2046875 0.178125
1 0.6984375 0.928125 0.190625 0.14375
1 0.875 0.915625 0.196875 0.16875
1 0.8015625 0.775 0.17734375 0.18203125
1 0.9296875 0.7671875 0.140625 0.1671875
1 0.85078125 0.6171875 0.2296875 0.178125
1 0.66875 0.65 0.15625 0.16484375
1 0.57578125 0.4890625 0.1984375 0.16796875
1 0.73125 0.4734375 0.2140625 0.18125
1 0.90859375 0.46640625 0.1828125 0.175
1 0.93671875 0.3125 0.1265625 0.1671875
1 0.78359375 0.32578125 0.19921875 0.17578125
1 0.63828125 0.31640625 0.171875 0.15859375
1 0.45703125 0.34296875 0.209375 0.1734375
1 0.39765625 0.18203125 0.16875 0.18046875
1 0.54453125 0.17890625 0.19609375 0.16484375
1 0.709375 0.1671875 0.1984375 0.184375
1 0.87734375 0.1765625 0.17890625 0.18203125
1 0.79296875 0.04296875 0.19375 0.0859375
1 0.6203125 0.0515625 0.1703125 0.103125
1 0.44765625 0.05078125 0.190625 0.1015625
1 0.26875 0.06796875 0.1859375 0.1359375