0 0.19609375 0.35546875 0.05 0.0484375
0 0.2296875 0.81640625 0.046875 0.0484375
2 0.240625 0.740625 0.053125 0.046875
0 0.490625 0.93203125 0.0484375 0.046875
0 0.128125 0.88046875 0.0484375 0.0484375
0 0.803125 0.39453125 0.05 0.0515625
0 0.64140625 0.61015625 0.05 0.0484375
0 0.27265625 0.32265625 0.05 0.0515625
0 0.74921875 0.85078125 0.0484375 0.0484375
0 0.33125 0.7515625 0.0484375 0.0484375
0 0.4296875 0.88046875 0.05 0.0484375
0 0.446875 0.72890625 0.046875 0.05
0 0.5171875 0.70078125 0.0484375 0.0484375
0 0.775 0.815625 0.0484375 0.0484375
0 0.55 0.6640625 0.05 0.0484375
0 0.02421875 0.44140625 0.0484375 0.05
0 0.67578125 0.88046875 0.0484375 0.0484375
0 0.18828125 0.80859375 0.0484375 0.0484375
0 0.58046875 0.36796875 0.05 0.05
0 0.33046875 0.94453125 0.0484375 0.05
0 0.83515625 0.86640625 0.046875 0.0484375
0 0.10234375 0.9171875 0.0484375 0.046875
0 0.0890625 0.2984375 0.05 0.0515625
0 0.44609375 0.53984375 0.05 0.0484375
0 0.4578125 0.4625 0.0484375 0.0484375
0 0.234375 0.62265625 0.0484375 0.05
0 0.1546875 0.34609375 0.0484375 0.05
0 0.55234375 0.9765625 0.0484375 0.046875
0 0.25 0.85390625 0.0484375 0.0484375
0 0.0203125 0.71484375 0.040625 0.0484375
0 0.24765625 0.6671875 0.0484375 0.0484375
0 0.27734375 0.4390625 0.0484375 0.0484375
0 0.8796875 0.87421875 0.0484375 0.0484375
0 0.3125 0.70859375 0.05 0.046875
0 0.625 0.95 0.0484375 0.0484375
0 0.93515625 0.79765625 0.0453125 0.05
0 0.7734375 0.99375 0.05 0.0125
0 0.534375 0.93984375 0.05 0.05
0 0.1953125 0.73046875 0.0484375 0.05
0 0.82890625 0.940625 0.046875 0.0484375
0 0.11796875 0.646875 0.0484375 0.0484375
0 0.23984375 0.9328125 0.0484375 0.0484375
0 0.7328125 0.61640625 0.0484375 0.0484375
0 0.9859375 0.4609375 0.028125 0.05
0 0.5671875 0.5125 0.0484375 0.0484375
0 0.0546875 0.40703125 0.0515625 0.0515625
0 0.31875 0.83046875 0.0484375 0.0484375
0 0.06953125 0.8359375 0.046875 0.0484375
0 0.43359375 0.8125 0.0484375 0.0484375
0 0.51640625 0.89609375 0.0484375 0.0484375
0 0.2203125 0.8890625 0.0484375 0.05
0 0.1046875 0.7234375 0.046875 0.0484375
0 0.55546875 0.4046875 0.046875 0.0484375
0 0.08671875 0.68125 0.0484375 0.05
0 0.3296875 0.55703125 0.0484375 0.0484375
0 0.76953125 0.69609375 0.046875 0.046875
0 0.2046875 0.84765625 0.0484375 0.0484375
0 0.44296875 0.42421875 0.0484375 0.0484375
0 0.1953125 0.925 0.0484375 0.046875
0 0.45546875 0.85 0.046875 0.046875
0 0.65625 0.7171875 0.046875 0.046875
0 0.6953125 0.921875 0.0484375 0.05
0 0.615625 0.8328125 0.05 0.05
0 0.37578125 0.565625 0.046875 0.046875
0 0.7578125 0.38984375 0.05 0.0515625
0 0.45390625 0.65546875 0.0484375 0.0484375
0 0.4109375 0.84453125 0.05 0.0484375
0 0.84609375 0.7859375 0.046875 0.0484375
0 0.05625 0.725 0.0484375 0.0484375
0 0.89140625 0.98203125 0.0484375 0.0359375
0 0.54765625 0.8609375 0.05 0.0484375
0 0.33828125 0.86796875 0.0484375 0.0484375
0 0.7875 0.93125 0.046875 0.0484375
0 0.76015625 0.77265625 0.0484375 0.0484375
0 0.73203125 0.42421875 0.046875 0.05
0 0.2375 0.3015625 0.05 0.0515625
0 0.72109375 0.8875 0.0484375 0.0484375
0 0.40390625 0.534375 0.0484375 0.0484375
0 0.68828125 0.61171875 0.0484375 0.046875
0 0.615625 0.453125 0.0484375 0.0484375
0 0.7109375 0.965625 0.046875 0.05
0 0.84921875 0.4015625 0.0515625 0.053125
0 0.7296875 0.80859375 0.0453125 0.046875
0 0.59765625 0.40703125 0.0484375 0.0484375
0 0.41484375 0.45234375 0.05 0.0484375
0 0.14765625 0.72734375 0.05 0.05
0 0.56796875 0.8296875 0.046875 0.05
0 0.35859375 0.33671875 0.05 0.0515625
0 0.47890625 0.8171875 0.0484375 0.0484375
0 0.14453125 0.61015625 0.0484375 0.0484375
0 0.66875 0.7640625 0.046875 0.0484375
0 0.59453125 0.8671875 0.0484375 0.0484375
0 0.0484375 0.79609375 0.0484375 0.0484375
0 0.659375 0.83984375 0.0484375 0.05
0 0.0234375 0.83515625 0.046875 0.0484375
0 0.59609375 0.9796875 0.0484375 0.040625
0 0.20859375 0.465625 0.0484375 0.0484375
0 0.29375 0.66953125 0.05 0.0484375
0 0.94375 0.5328125 0.0484375 0.0484375
0 0.28984375 0.36484375 0.0484375 0.0484375
0 0.11015625 0.3390625 0.05 0.0515625
0 0.11953125 0.76796875 0.05 0.0484375
0 0.3953125 0.415625 0.0484375 0.05
0 0.80078125 0.975 0.05 0.0484375
0 0.47265625 0.88984375 0.046875 0.0484375
0 0.953125 0.45546875 0.046875 0.0484375
0 0.78984375 0.859375 0.0484375 0.0484375
0 0.92421875 0.87734375 0.040625 0.0484375
0 0.43359375 0.49453125 0.05 0.0484375
0 0.8921875 0.79140625 0.0484375 0.0484375
0 0.059375 0.91171875 0.046875 0.0421875
0 0.578125 0.94765625 0.0484375 0.046875
0 0.2140625 0.775 0.046875 0.05
0 0.26015625 0.5875 0.05 0.05
0 0.58671875 0.5546875 0.046875 0.05
0 0.48671875 0.42734375 0.0484375 0.046875
0 0.74375 0.7328125 0.046875 0.0484375
0 0.228125 0.69609375 0.0484375 0.0484375
0 0.40234375 0.7234375 0.046875 0.0484375
0 0.08515625 0.87734375 0.0484375 0.05
0 0.30234375 0.7875 0.0484375 0.0484375
0 0.16015625 0.6515625 0.0484375 0.05
0 0.1796875 0.31171875 0.05 0.0515625
0 0.034375 0.5625 0.05 0.0484375
0 0.31171875 0.90859375 0.0484375 0.0484375
0 0.03984375 0.68125 0.0484375 0.0484375
0 0.25546875 0.78125 0.0484375 0.05
0 0.3578125 0.525 0.0484375 0.0484375
0 0.41953125 0.765625 0.0484375 0.0484375
0 0.684375 0.98828125 0.05 0.0234375
0 0.4625 0.96796875 0.046875 0.0484375
0 0.2734375 0.82265625 0.046875 0.0484375
0 0.4359375 0.61328125 0.0484375 0.046875
0 0.34296875 0.6796875 0.046875 0.0484375
0 0.46953125 0.69765625 0.0484375 0.0484375
0 0.46328125 0.58046875 0.046875 0.0453125
0 0.63125 0.49140625 0.0484375 0.0484375
0 0.65546875 0.52734375 0.0515625 0.05
0 0.86328125 0.82890625 0.0484375 0.0484375
0 0.40625 0.33984375 0.0515625 0.0515625
0 0.80390625 0.78046875 0.046875 0.0484375
0 0.525 0.82109375 0.0484375 0.0484375
0 0.08046875 0.3734375 0.0484375 0.0484375
0 0.53515625 0.7421875 0.05 0.05
0 0.346875 0.79296875 0.0484375 0.0484375
0 0.35859375 0.909375 0.0484375 0.0484375
0 0.53671875 0.3609375 0.05 0.05
0 0.3484375 0.6015625 0.046875 0.0484375
0 0.31640625 0.32890625 0.05 0.053125
0 0.696875 0.728125 0.046875 0.0484375
0 0.2671875 0.515625 0.0484375 0.0484375
0 0.821875 0.62734375 0.0484375 0.05
0 0.0296875 0.75390625 0.0484375 0.0484375
0 0.51328125 0.39453125 0.046875 0.0484375
0 0.703125 0.6515625 0.046875 0.046875
0 0.84609375 0.97890625 0.0484375 0.0421875
0 0.909375 0.83203125 0.0484375 0.0484375
0 0.025 0.63515625 0.046875 0.0484375
0 0.29375 0.4796875 0.0484375 0.0484375
0 0.384375 0.6859375 0.046875 0.0484375
0 0.1890625 0.61796875 0.0484375 0.05
0 0.278125 0.62734375 0.0484375 0.0484375
0 0.840625 0.4765625 0.0484375 0.0484375
0 0.00546875 0.55625 0.0109375 0.04375
0 0.7546875 0.971875 0.0484375 0.0484375
0 0.6515625 0.79375 0.0484375 0.0515625
0 0.01640625 0.5953125 0.0328125 0.046875
0 0.0078125 0.87265625 0.015625 0.0484375
0 0.48046875 0.5 0.05 0.046875
0 0.37421875 0.95078125 0.05 0.0484375
0 0.32421875 0.6375 0.046875 0.0484375
0 0.50703125 0.5875 0.0484375 0.046875
0 0.13515625 0.30546875 0.0515625 0.0515625
0 0.178125 0.69765625 0.0484375 0.0484375
0 0.41953125 0.95859375 0.046875 0.0484375
0 0.76796875 0.88828125 0.0484375 0.0484375
0 0.49921875 0.853125 0.05 0.0484375
0 0.41953125 0.5734375 0.0484375 0.0484375
0 0.15703125 0.84140625 0.0484375 0.0484375
0 0.5265625 0.62578125 0.05 0.0484375
0 0.9203125 0.7578125 0.05 0.0515625
0 0.39375 0.60625 0.046875 0.0484375
0 0.67734375 0.4953125 0.0484375 0.0484375
0 0.50234375 0.66171875 0.0484375 0.0484375
0 0.28125 0.55625 0.0484375 0.046875
0 0.74921875 0.65703125 0.046875 0.0484375
0 0.38359375 0.8734375 0.0484375 0.0484375
0 0.85390625 0.90703125 0.046875 0.0484375
0 0.36484375 0.64296875 0.046875 0.0484375
0 0.26875 0.70625 0.0453125 0.046875
0 0.1328125 0.6875 0.0484375 0.05
0 0.01171875 0.48125 0.0234375 0.046875
0 0.13828125 0.49140625 0.046875 0.0484375
0 0.5265625 0.50703125 0.0484375 0.0484375
0 0.41875 0.38125 0.0484375 0.0484375
0 0.9609375 0.6875 0.034375 0.0484375
0 0.62890625 0.3671875 0.0515625 0.053125
0 0.26796875 0.896875 0.0484375 0.05
0 0.17109375 0.3859375 0.0484375 0.0484375
0 0.640625 0.41640625 0.0484375 0.0484375
0 0.128125 0.57109375 0.046875 0.0484375
0 0.215625 0.5828125 0.0484375 0.0484375
0 0.6046875 0.91015625 0.0484375 0.0484375
0 0.3921875 0.80234375 0.0484375 0.0484375
0 0.01796875 0.521875 0.0359375 0.05
0 0.81953125 0.8234375 0.0484375 0.0484375
0 0.07265625 0.446875 0.05 0.0484375
0 0.5078125 0.7796875 0.0484375 0.0484375
0 0.0734375 0.7625 0.046875 0.0484375
0 0.70625 0.8421875 0.0484375 0.0484375
0 0.3734375 0.7609375 0.0484375 0.046875
0 0.2828125 0.9390625 0.046875 0.0484375
0 0.66484375 0.959375 0.0484375 0.0484375
0 0.16875 0.76640625 0.0484375 0.0484375
0 0.2515625 0.47421875 0.046875 0.05
0 0.28359375 0.7453125 0.046875 0.0484375
0 0.46328125 0.7734375 0.046875 0.0484375
0 0.8984375 0.91484375 0.0484375 0.0484375
0 0.6921875 0.3578125 0.0515625 0.053125
0 0.6375 0.67890625 0.046875 0.0484375
0 0.63984375 0.98515625 0.0484375 0.0296875
0 0.82578125 0.4375 0.05 0.05
0 0.9 0.71640625 0.046875 0.046875
0 0.7953125 0.665625 0.05 0.0484375
0 0.06953125 0.64140625 0.0484375 0.0484375
0 0.3390625 0.4859375 0.0484375 0.0484375
0 0.909375 0.44921875 0.0484375 0.046875
0 0.6359375 0.8765625 0.046875 0.0484375
0 0.23515625 0.43125 0.0484375 0.05
0 0.22109375 0.5109375 0.0484375 0.046875
0 0.44921875 0.92578125 0.046875 0.0484375
0 0.196875 0.5359375 0.0484375 0.0484375
0 0.09140625 0.4890625 0.0484375 0.05
0 0.01953125 0.9046875 0.0390625 0.040625
0 0.47421875 0.32734375 0.053125 0.0546875
0 0.48984375 0.73671875 0.0484375 0.05
0 0.153125 0.534375 0.0484375 0.0484375
0 0.81171875 0.70546875 0.0484375 0.0484375
0 0.7421875 0.928125 0.046875 0.0484375
0 0.30234375 0.4046875 0.0484375 0.0484375
0 0.55234375 0.7875 0.0484375 0.0484375
0 0.88046875 0.6796875 0.046875 0.046875
0 0.20234375 0.66171875 0.046875 0.0484375
0 0.065625 0.33515625 0.0484375 0.05
0 0.56171875 0.9046875 0.0484375 0.0484375
0 0.04609375 0.48203125 0.05 0.05
0 0.91171875 0.953125 0.0375 0.0453125
0 0.84296875 0.66875 0.046875 0.0484375
0 0.1265625 0.38515625 0.05 0.0484375
0 0.7296875 0.99140625 0.046875 0.0171875
0 0.59375 0.6703125 0.05 0.05
0 0.90078125 0.525 0.046875 0.0484375
0 0.83046875 0.74921875 0.046875 0.0484375
0 0.09921875 0.415625 0.05 0.05
0 0.11171875 0.83984375 0.0484375 0.0484375
0 0.86484375 0.44765625 0.0484375 0.0484375
0 0.21328125 0.3953125 0.05 0.0484375
0 0.91875 0.56875 0.0484375 0.0484375
0 0.6296875 0.75078125 0.05 0.0484375
0 0.58203125 0.74296875 0.05 0.0484375
0 0.09453125 0.79921875 0.046875 0.0484375
0 0.2390625 0.54609375 0.046875 0.0484375
0 0.48125 0.621875 0.046875 0.046875
0 0.98203125 0.5359375 0.0359375 0.046875
0 0.17734375 0.50078125 0.0484375 0.05
0 0.0484375 0.2921875 0.046875 0.0515625
0 0.17734375 0.88671875 0.0484375 0.0484375
0 0.259375 0.39921875 0.0484375 0.0484375
0 0.5421875 0.55 0.05 0.0484375
0 0.4921875 0.54765625 0.0484375 0.0484375
0 0.86015625 0.51796875 0.0484375 0.05
0 0.88984375 0.60390625 0.046875 0.046875
0 0.41171875 0.64609375 0.0484375 0.0484375
0 0.56640625 0.7046875 0.0484375 0.0484375
0 0.7625 0.58046875 0.0484375 0.0484375
0 0.3328125 0.375 0.0484375 0.0484375
0 0.14765625 0.921875 0.046875 0.046875
0 0.040625 0.875 0.046875 0.046875
0 0.09921875 0.603125 0.046875 0.0484375
0 0.05703125 0.528125 0.0484375 0.0484375
0 0.57734375 0.628125 0.0484375 0.0484375
0 0.60234375 0.7875 0.05 0.05
0 0.7140625 0.7703125 0.046875 0.0484375
0 0.928125 0.49453125 0.0484375 0.0484375
0 0.7890625 0.7390625 0.0484375 0.046875
0 0.934375 0.609375 0.0484375 0.0484375
0 0.92265625 0.68515625 0.0484375 0.05
0 0.290625 0.86484375 0.046875 0.0453125
0 0.88671875 0.48359375 0.0484375 0.0484375
0 0.71875 0.575 0.0484375 0.05
0 0.78984375 0.47890625 0.0484375 0.0484375
0 0.81015625 0.58515625 0.05 0.0484375
0 0.053125 0.59765625 0.0484375 0.0484375
0 0.3578125 0.71953125 0.046875 0.0484375
0 0.96953125 0.49609375 0.046875 0.0484375
0 0.7765625 0.62421875 0.046875 0.0484375
0 0.81171875 0.8984375 0.046875 0.046875
0 0.67421875 0.56875 0.0484375 0.05
0 0.62734375 0.5671875 0.0484375 0.0484375
0 0.12109375 0.45078125 0.0484375 0.0484375
0 0.87109375 0.5640625 0.0484375 0.0484375
0 0.95390625 0.6453125 0.05 0.046875
0 0.6625 0.45703125 0.0484375 0.05
0 0.16953125 0.57578125 0.0484375 0.05
0 0.80703125 0.51640625 0.0484375 0.046875
0 0.57265625 0.44375 0.0484375 0.046875
0 0.3140625 0.51875 0.0484375 0.046875
0 0.009375 0.67578125 0.01875 0.0484375
0 0.87109375 0.9484375 0.0484375 0.0484375
0 0.190625 0.42265625 0.0515625 0.0484375
0 0.01328125 0.7921875 0.0265625 0.05
0 0.24140625 0.3625 0.05 0.0484375
0 0.10703125 0.53125 0.05 0.0484375
0 0.4265625 0.6890625 0.046875 0.0484375
0 0.709375 0.459375 0.05 0.0484375
0 0.97890625 0.41796875 0.0421875 0.0515625
0 0.909375 0.63984375 0.046875 0.0484375
0 0.03359375 0.375 0.04375 0.05
0 0.01953125 0.40390625 0.028125 0.046875
0 0.60859375 0.52265625 0.046875 0.046875
0 0.68828125 0.42109375 0.0484375 0.046875
0 0.8734375 0.75078125 0.0484375 0.0484375
0 0.140625 0.80234375 0.0484375 0.0484375
0 0.5546875 0.59296875 0.0484375 0.0484375
0 0.403125 0.9171875 0.0484375 0.046875
0 0.52734375 0.43828125 0.046875 0.046875
0 0.1640625 0.4578125 0.0484375 0.0484375
0 0.6484375 0.91953125 0.0484375 0.0484375
0 0.371875 0.37890625 0.0484375 0.0484375
0 0.725 0.6921875 0.0453125 0.0484375
0 0.9484375 0.41171875 0.0453125 0.0515625
0 0.3484375 0.41328125 0.046875 0.046875
0 0.50703125 0.465625 0.0484375 0.0484375
0 0.03125 0.33125 0.0265625 0.0453125
0 0.3078125 0.5921875 0.046875 0.0484375
0 0.94296875 0.7234375 0.046875 0.046875
0 0.665625 0.64375 0.0484375 0.0484375
0 0.75078125 0.46171875 0.046875 0.046875
0 0.38125 0.49453125 0.0484375 0.05
0 0.915625 0.3875 0.0515625 0.053125
0 0.60703125 0.71796875 0.0453125 0.0453125
0 0.8578125 0.71171875 0.046875 0.0484375
0 0.82890625 0.55546875 0.0453125 0.0453125
0 0.965625 0.571875 0.0515625 0.05
0 0.5046875 0.97734375 0.05 0.0453125
0 0.52734375 0.9953125 0.0453125 0.009375
0 0.771875 0.434375 0.0484375 0.046875
0 0.08515625 0.56015625 0.0484375 0.046875
0 0.84765625 0.59609375 0.046875 0.0484375
0 0.46875 0.38828125 0.046875 0.0453125
0 0.35 0.97421875 0.04375 0.0203125
0 0.5515625 0.47421875 0.0484375 0.05
0 0.86640625 0.634375 0.046875 0.0484375
0 0.690625 0.8046875 0.0453125 0.046875
0 0.721875 0.38203125 0.046875 0.0515625
0 0.48359375 0.990625 0.0453125 0.01875
0 0.4984375 0.35625 0.046875 0.0515625
0 0.14140625 0.425 0.05 0.046875
0 0.325 0.4421875 0.0484375 0.046875
0 0.9765625 0.61015625 0.0296875 0.04375
0 0.4390625 0.98984375 0.04375 0.0203125
0 0.5984375 0.5984375 0.046875 0.05
0 0.73359375 0.49609375 0.0484375 0.0484375
0 0.684375 0.684375 0.046875 0.0484375
0 0.39375 0.9828125 0.04375 0.0203125
0 0.78671875 0.546875 0.046875 0.0453125
0 0.3671875 0.44765625 0.0484375 0.046875
0 0.74296875 0.5421875 0.046875 0.046875
0 0.76640625 0.5171875 0.040625 0.04375
0 0.92890625 0.91484375 0.0171875 0.0421875
0 0.94140625 0.8359375 0.0203125 0.04375
0 0.953125 0.75625 0.025 0.04375
0 0.5890625 0.4859375 0.04375 0.0453125
0 0.70625 0.52890625 0.05 0.0484375
0 0.16796875 0.94453125 0.0421875 0.0171875
0 0.2125 0.95234375 0.0421875 0.015625
0 0.03984375 0.2625 0.0171875 0.0375
0 0.99609375 0.496875 0.0078125 0.04375
1 0.365625 0.83515625 0.0546875 0.0484375
0 0.61484375 0.64140625 0.0453125 0.04375
0 0.25859375 0.96015625 0.0421875 0.015625