0 0.059375 0.08515625 0.0546875 0.065625
0 0.63515625 0.39609375 0.0671875 0.0671875
0 0.10859375 0.31328125 0.065625 0.0640625
0 0.259375 0.009375 0.065625 0.01875
0 0.32734375 0.26875 0.06875 0.0640625
0 0.08515625 0.13359375 0.0671875 0.0671875
0 0.0796875 0.2484375 0.0671875 0.065625
0 0.04609375 0.30703125 0.065625 0.065625
0 0.40546875 0.1640625 0.0671875 0.0625
0 0.72109375 0.18671875 0.0671875 0.0671875
0 0.82890625 0.14921875 0.065625 0.0640625
0 0.67109375 0.07109375 0.0671875 0.0640625
0 0.3765625 0.10859375 0.0671875 0.0625
0 0.396875 0.2703125 0.06875 0.0671875
0 0.9234375 0.196875 0.065625 0.0625
0 0.60625 0.0703125 0.065625 0.065625
0 0.97890625 0.415625 0.0421875 0.065625
0 0.20859375 0.140625 0.065625 0.0640625
0 0.76015625 0.1359375 0.0671875 0.0625
0 0.18125 0.08671875 0.0671875 0.0640625
0 0.8265625 0.25859375 0.0640625 0.0640625
0 0.46796875 0.16484375 0.0671875 0.0671875
0 0.053125 0.18984375 0.0609375 0.0625
0 0.60703125 0.33515625 0.0640625 0.0609375
0 0.50234375 0.11484375 0.0671875 0.0640625
0 0.1203125 0.07890625 0.0671875 0.0671875
0 0.740625 0.35390625 0.065625 0.0640625
0 0.54296875 0.06171875 0.065625 0.065625
0 0.31328125 0.096875 0.0671875 0.0640625
0 0.59296875 0.17109375 0.0671875 0.06875
0 0.21875 0.03046875 0.065625 0.0609375
0 0.14609375 0.14140625 0.065625 0.065625
0 0.69453125 0.11875 0.065625 0.0625
0 0.34921875 0.0515625 0.0671875 0.065625
0 0.24921875 0.0953125 0.06875 0.0671875
0 0.428125 0.2140625 0.0671875 0.0640625
0 0.28359375 0.03359375 0.0671875 0.0609375
0 0.1921875 0.00546875 0.06875 0.0109375
0 0.03359375 0.2484375 0.03125 0.0640625
0 0.5859375 0.2875 0.065625 0.0625
0 0.5484375 0.3328125 0.065625 0.0640625
0 0.421875 0.06015625 0.0671875 0.065625
0 0.2328125 0.3125 0.0640625 0.0640625
0 0.4609375 0.275 0.0671875 0.0640625
0 0.26015625 0.371875 0.0671875 0.0640625
0 0.92890625 0.40859375 0.0671875 0.0640625
0 0.81875 0.35234375 0.0671875 0.065625
0 0.9671875 0.34921875 0.065625 0.0671875
0 0.3859375 0.015625 0.0625 0.03125
0 0.02578125 0.35546875 0.034375 0.065625
0 0.75234375 0.24140625 0.065625 0.0609375
0 0.15390625 0.0328125 0.0671875 0.065625
0 0.38359375 0.38203125 0.0671875 0.065625
0 0.8015625 0.0921875 0.065625 0.065625
0 0.4515625 0.01328125 0.06875 0.0265625
0 0.0875 0.02734375 0.065625 0.0546875
0 0.85390625 0.40703125 0.06875 0.0640625
0 0.14375 0.2625 0.0671875 0.0671875
0 0.86015625 0.1953125 0.0640625 0.0625
0 0.71953125 0.2984375 0.0671875 0.065625
0 0.9640625 0.25859375 0.0671875 0.06875
0 0.56171875 0.22890625 0.0671875 0.0640625
0 0.35546875 0.321875 0.06875 0.065625
0 0.51171875 0.0140625 0.0671875 0.028125
0 0.78203125 0.30390625 0.0671875 0.0671875
0 0.70859375 0.03359375 0.065625 0.0390625
0 0.8984375 0.15 0.0671875 0.0640625
0 0.421875 0.328125 0.0640625 0.0625
0 0.36484375 0.21328125 0.0671875 0.0625
0 0.20703125 0.2578125 0.0640625 0.0671875
0 0.93515625 0.1 0.06875 0.06875
0 0.29375 0.3171875 0.0640625 0.0625
0 0.340625 0.15625 0.065625 0.0640625
0 0.53359375 0.171875 0.0671875 0.065625
0 0.57265625 0.39375 0.0640625 0.0640625
0 0.4515625 0.3921875 0.065625 0.0640625
0 0.7 0.40234375 0.06875 0.0671875
0 0.5109375 0.3921875 0.065625 0.065625
0 0.26640625 0.26640625 0.065625 0.0640625
0 0.64609375 0.028125 0.065625 0.0390625
0 0.5859375 0.02265625 0.0703125 0.0390625
0 0.89609375 0.3609375 0.0671875 0.065625
0 0.7859375 0.184375 0.0671875 0.0625
0 0.6328125 0.12734375 0.06875 0.0640625
0 0.1734375 0.19765625 0.06875 0.065625
0 0.303125 0.2140625 0.065625 0.059375
0 0.52734375 0.28515625 0.0671875 0.0640625
0 0.98515625 0.109375 0.0296875 0.0625
0 0.07109375 0.359375 0.0671875 0.0625
0 0.19453125 0.3609375 0.0671875 0.0640625
0 0.48203125 0.0453125 0.065625 0.0625
0 0.56484375 0.11015625 0.0640625 0.0609375
0 0.44296875 0.1109375 0.065625 0.0625
0 0.1328125 0.35625 0.0640625 0.0625
0 0.65703125 0.17734375 0.0671875 0.065625
0 0.625 0.23515625 0.0640625 0.0609375
0 0.27734375 0.159375 0.06875 0.065625
0 0.98984375 0.2890625 0.0203125 0.059375
0 0.73671875 0.075 0.0703125 0.0671875
0 0.040625 0.1359375 0.0265625 0.059375
0 0.32734375 0.01171875 0.0640625 0.0234375
0 0.4828125 0.3234375 0.065625 0.0640625
0 0.16796875 0.3078125 0.0640625 0.0609375
0 0.68984375 0.23203125 0.06875 0.0671875
0 0.97421875 0.1765625 0.0515625 0.065625
0 0.4953125 0.23125 0.065625 0.065625
0 0.92890625 0.3015625 0.0671875 0.0625
0 0.771875 0.4 0.0703125 0.065625
0 0.234375 0.1953125 0.059375 0.0609375
0 0.04453125 0.0265625 0.0171875 0.053125
0 0.31953125 0.3640625 0.065625 0.059375
0 0.65 0.27890625 0.0671875 0.0625
0 0.846875 0.0515625 0.06875 0.053125
0 0.90703125 0.05390625 0.0640625 0.0453125
0 0.88984375 0.24453125 0.06875 0.0640625
0 0.86875 0.09140625 0.0671875 0.059375
0 0.98515625 0.05859375 0.0296875 0.0390625