0 0.9546875 0.640625 0.065625 0.071875
0 0.909375 0.8875 0.06875 0.071875
0 0.94140625 0.5765625 0.0765625 0.075
0 0.4109375 0.82421875 0.0734375 0.0734375
0 0.85234375 0.4984375 0.075 0.075
0 0.11015625 0.646875 0.0734375 0.071875
0 0.80078125 0.06796875 0.0734375 0.05625
0 0.875 0.73984375 0.075 0.0734375
0 0.88671875 0.25234375 0.0765625 0.0765625
0 0.40078125 0.63046875 0.0734375 0.0734375
0 0.05078125 0.70078125 0.0734375 0.0734375
0 0.0671875 0.25 0.0703125 0.0734375
0 0.51875 0.3109375 0.0734375 0.075
0 0.584375 0.325 0.075 0.075
0 0.0125 0.60390625 0.025 0.0703125
0 0.59375 0.82109375 0.075 0.0734375
0 0.14609375 0.3234375 0.075 0.0734375
0 0.346875 0.8109375 0.075 0.0734375
0 0.27578125 0.603125 0.071875 0.0734375
0 0.3359375 0.61328125 0.0734375 0.0734375
0 0.46171875 0.7125 0.071875 0.0734375
0 0.78984375 0.36484375 0.0765625 0.075
0 0.94375 0.74609375 0.0515625 0.06875
0 0.90234375 0.95390625 0.0609375 0.071875
0 0.559375 0.43203125 0.075 0.0734375
0 0.6078125 0.390625 0.0765625 0.0734375
0 0.28984375 0.1703125 0.0734375 0.0734375
0 0.28203125 0.8015625 0.0734375 0.0734375
0 0.06796875 0.434375 0.0734375 0.0734375
0 0.4015625 0.69765625 0.0703125 0.071875
0 0.8078125 0.546875 0.075 0.0734375
0 0.03359375 0.5546875 0.0671875 0.075
0 0.0453125 0.3671875 0.06875 0.0734375
0 0.81953125 0.25546875 0.075 0.0734375
0 0.97265625 0.5203125 0.0546875 0.071875
0 0.7609375 0.59609375 0.0734375 0.0734375
0 0.99140625 0.2609375 0.0171875 0.075
0 0.090625 0.58125 0.0765625 0.075
0 0.01953125 0.7515625 0.0390625 0.075
0 0.44453125 0.51875 0.0734375 0.0734375
0 0.846875 0.96953125 0.075 0.0609375
0 0.4546875 0.5828125 0.075 0.075
0 0.52265625 0.7171875 0.075 0.075
0 0.08515625 0.0765625 0.0453125 0.06875
0 0.07734375 0.51015625 0.075 0.075
0 0.46875 0.85078125 0.0734375 0.0734375
0 0.11484375 0.7109375 0.075 0.075
0 0.82109375 0.61328125 0.0734375 0.0734375
0 0.40546875 0.75859375 0.0703125 0.071875
0 0.12890625 0.46796875 0.0734375 0.0734375
0 0.953125 0.4515625 0.075 0.075
0 0.23671875 0.85078125 0.075 0.0734375
0 0.77265625 0.30078125 0.0734375 0.0734375
0 0.8859375 0.44375 0.075 0.075
0 0.24765625 0.478125 0.0734375 0.075
0 0.28046875 0.10703125 0.075 0.075
0 0.08125 0.3109375 0.075 0.075
0 0.19140625 0.49375 0.075 0.0765625
0 0.3390625 0.67578125 0.075 0.075
0 0.471875 0.0125 0.06875 0.025
0 0.24296875 0.225 0.075 0.0734375
0 0.640625 0.28671875 0.075 0.0734375
0 0.0265625 0.48046875 0.053125 0.0703125
0 0.34296875 0.1171875 0.075 0.0734375
0 0.31015625 0.2375 0.0734375 0.0734375
0 0.39140625 0.3125 0.071875 0.0703125
0 0.21875 0.6359375 0.075 0.075
0 0.0125 0.678125 0.025 0.075
0 0.91953125 0.69140625 0.075 0.0734375
0 0.01953125 0.884375 0.0390625 0.075
0 0.328125 0.54921875 0.071875 0.0734375
0 0.7796875 0.9828125 0.075 0.034375
0 0.575 0.89453125 0.0734375 0.071875
0 0.2203125 0.715625 0.071875 0.075
0 0.41171875 0.371875 0.075 0.0734375
0 0.61328125 0.94453125 0.0734375 0.071875
0 0.0640625 0.76484375 0.0734375 0.0734375
0 0.70859375 0.29453125 0.0734375 0.075
0 0.909375 0.796875 0.075 0.0734375
0 0.16796875 0.90078125 0.075 0.0734375
0 0.29453125 0.42109375 0.075 0.0734375
0 0.16640625 0.14765625 0.0734375 0.0734375
0 0.50546875 0.90078125 0.075 0.0734375
0 0.54140625 0.3734375 0.0734375 0.071875
0 0.296875 0.8671875 0.0734375 0.071875
0 0.3234375 0.3015625 0.0765625 0.075
0 0.29140625 0.934375 0.0765625 0.075
0 0.525 0.584375 0.0734375 0.0734375
0 0.590625 0.7546875 0.075 0.0734375
0 0.46171875 0.6484375 0.075 0.0734375
0 0.7234375 0.16953125 0.0765625 0.0765625
0 0.91484375 0.1359375 0.075 0.075
0 0.38984375 0.56875 0.075 0.0734375
0 0.70078125 0.5703125 0.075 0.075
0 0.26484375 0.5390625 0.0734375 0.071875
0 0.49609375 0.45703125 0.0765625 0.0734375
0 0.12421875 0.0296875 0.0765625 0.059375
0 0.2796875 0.7390625 0.0765625 0.075
0 0.36640625 0.871875 0.0765625 0.0734375
0 0.9859375 0.390625 0.028125 0.071875
0 0.27421875 0.66953125 0.0703125 0.071875
0 0.11875 0.79453125 0.078125 0.0734375
0 0.4671875 0.77890625 0.075 0.075
0 0.71953125 0.703125 0.075 0.0734375
0 0.7265625 0.35859375 0.06875 0.071875
0 0.94296875 0.3859375 0.0765625 0.075
0 0.33828125 0.053125 0.0765625 0.075
0 0.1453125 0.5421875 0.0765625 0.075
0 0.66015625 0.3484375 0.0765625 0.0734375
0 0.16796875 0.75078125 0.075 0.0734375
0 0.175 0.83046875 0.0703125 0.0734375
0 0.66484375 0.971875 0.0734375 0.05625
0 0.34765625 0.740625 0.071875 0.071875
0 0.96953125 0.33046875 0.0609375 0.0703125
0 0.353125 0.18515625 0.0734375 0.0734375
0 0.7421875 0.52265625 0.0734375 0.071875
0 0.5859375 0.690625 0.0734375 0.0734375
0 0.728125 0.0859375 0.078125 0.075
0 0.14140625 0.08359375 0.075 0.0734375
0 0.459375 0.32734375 0.075 0.075
0 0.68046875 0.41171875 0.075 0.075
0 0.209375 0.56484375 0.075 0.0734375
0 0.7328125 0.96328125 0.071875 0.0734375
0 0.509375 0.52265625 0.0765625 0.0765625
0 0.7078125 0.63984375 0.075 0.071875
0 0.86171875 0.84375 0.075 0.0734375
0 0.2296875 0.9171875 0.0734375 0.075
0 0.15859375 0.60703125 0.0734375 0.0734375
0 0.584375 0.56328125 0.0765625 0.0734375
0 0.80078125 0.86640625 0.0734375 0.0734375
0 0.78828125 0.48125 0.075 0.071875
0 0.16953125 0.67421875 0.075 0.075
0 0.221875 0.78515625 0.0703125 0.071875
0 0.20859375 0.3421875 0.0765625 0.0765625
0 0.3609375 0.94296875 0.075 0.075
0 0.3125 0.4859375 0.075 0.0734375
0 0.02109375 0.4234375 0.0390625 0.065625
0 0.85 0.91015625 0.075 0.0734375
0 0.5296875 0.78125 0.0734375 0.071875
0 0.04609375 0.63203125 0.071875 0.0734375
0 0.371875 0.25078125 0.071875 0.071875
0 0.91953125 0.5109375 0.071875 0.0734375
0 0.625 0.453125 0.075 0.071875
0 0.65390625 0.73671875 0.0734375 0.0734375
0 0.69453125 0.47890625 0.0765625 0.075
0 0.57890625 0.49296875 0.075 0.071875
0 0.8234375 0.7890625 0.0765625 0.075
0 0.74609375 0.89453125 0.0734375 0.0734375
0 0.4328125 0.91796875 0.075 0.075
0 0.68125 0.91640625 0.0734375 0.071875
0 0.5890625 0.98359375 0.075 0.0328125
0 0.534375 0.84375 0.075 0.071875
0 0.6453125 0.60625 0.0734375 0.071875
0 0.5859375 0.62578125 0.0734375 0.0734375
0 0.5265625 0.65234375 0.0734375 0.0703125
0 0.76015625 0.815625 0.0734375 0.0734375
0 0.128125 0.2609375 0.0703125 0.06875
0 0.6984375 0.84921875 0.075 0.0734375
0 0.0453125 0.83125 0.0765625 0.0734375
0 0.540625 0.95703125 0.075 0.0734375
0 0.82265625 0.421875 0.0765625 0.075
0 0.85234375 0.11796875 0.071875 0.0734375
0 0.77734375 0.7421875 0.075 0.075
0 0.63515625 0.8703125 0.071875 0.0734375
0 0.71328125 0.76875 0.0734375 0.0734375
0 0.86640625 0.06953125 0.065625 0.0359375
0 0.64765625 0.6703125 0.0734375 0.071875
0 0.228125 0.16328125 0.0703125 0.0734375
0 0.65859375 0.8 0.071875 0.071875
1 0.2765625 0.3578125 0.075 0.075
1 0.4265625 0.44375 0.075 0.071875
1 0.46953125 0.12421875 0.065625 0.075
1 0.47421875 0.3953125 0.06875 0.0765625
1 0.6578125 0.06484375 0.065625 0.0609375
0 0.715625 0.040625 0.071875 0.03125
1 0.778125 0.67109375 0.08125 0.0796875
1 0.5015625 0.24375 0.06875 0.0734375
1 0.36015625 0.434375 0.078125 0.0765625
0 0.984375 0.584375 0.028125 0.071875
1 0.2578125 0.29140625 0.06875 0.0734375
1 0.6796875 0.2265625 0.0765625 0.071875
1 0.88671875 0.63125 0.0734375 0.0671875
1 0.7484375 0.2359375 0.0640625 0.06875
1 0.8625 0.1890625 0.0734375 0.0703125
1 0.84140625 0.68125 0.071875 0.0703125
1 0.61015625 0.16015625 0.078125 0.06875
1 0.9375 0.2015625 0.059375 0.0671875
1 0.4203125 0.2046875 0.0703125 0.0765625
1 0.19375 0.034375 0.075 0.065625
1 0.26796875 0.04375 0.071875 0.075
1 0.9796875 0.19765625 0.040625 0.0671875
1 0.23125 0.41171875 0.0625 0.0609375
1 0.109375 0.19765625 0.0796875 0.0703125
1 0.46796875 0.05703125 0.06875 0.0640625
1 0.871875 0.3734375 0.078125 0.0703125
1 0.53046875 0.0703125 0.0703125 0.075
1 0.0984375 0.140625 0.0671875 0.071875
1 0.53515625 0.13515625 0.0765625 0.06875
1 0.87421875 0.56953125 0.0640625 0.0703125
1 0.79296875 0.18984375 0.078125 0.06875
1 0.665625 0.13046875 0.0640625 0.071875
1 0.746875 0.4234375 0.0703125 0.065625
1 0.8453125 0.31796875 0.071875 0.071875
0 0.0046875 0.53671875 0.009375 0.0734375
1 0.1078125 0.38203125 0.0734375 0.0703125
1 0.3421875 0.371875 0.0703125 0.0703125
1 0.40234375 0.08125 0.0734375 0.0765625
1 0.2328125 0.00859375 0.071875 0.0171875
1 0.94921875 0.2671875 0.071875 0.065625
1 0.6171875 0.21953125 0.0625 0.0671875
1 0.4828125 0.18984375 0.06875 0.065625
1 0.39921875 0.02421875 0.0734375 0.0484375
1 0.1671875 0.40703125 0.0765625 0.0796875
1 0.19375 0.27578125 0.078125 0.0703125
1 0.1015625 0.871875 0.0796875 0.0828125
1 0.59609375 0.0359375 0.0703125 0.0625
1 0.3796875 0.503125 0.0734375 0.0703125
1 0.60078125 0.0953125 0.06875 0.0703125
1 0.78359375 0.1296875 0.065625 0.071875
1 0.20859375 0.09609375 0.0640625 0.06875
1 0.909375 0.3203125 0.071875 0.075
0 0.78984375 0.93828125 0.0640625 0.065625
1 0.2953125 0.00703125 0.071875 0.0140625
1 0.55078125 0.1953125 0.0703125 0.075
1 0.97109375 0.13125 0.0578125 0.08125
1 0.5359375 0.01875 0.065625 0.0375
1 0.40703125 0.140625 0.071875 0.0640625
1 0.4421875 0.26796875 0.059375 0.059375
1 0.1765625 0.215625 0.0671875 0.0640625
1 0.56484375 0.2609375 0.075 0.065625
1 0.64453125 0.53125 0.06875 0.0765625
1 0.48046875 0.96875 0.0703125 0.0625
1 0.93046875 0.08359375 0.06875 0.040625
1 0.990625 0.46484375 0.01875 0.0609375
1 0.06171875 0.1890625 0.0390625 0.065625
0 0.9671875 0.6984375 0.0203125 0.0609375
1 0.03515625 0.3109375 0.028125 0.0625
1 0.11875 0.92890625 0.0703125 0.034375
1 0.42265625 0.97265625 0.0734375 0.053125
1 0.059375 0.91796875 0.0828125 0.0375