0 0.08515625 0.97109375 0.0671875 0.0578125
0 0.8015625 0.8265625 0.06640625 0.0640625
0 0.021875 0.840625 0.04375 0.059375
0 0.3734375 0.853125 0.065625 0.0640625
0 0.2015625 0.85234375 0.0640625 0.0640625
0 0.21171875 0.9734375 0.0640625 0.053125
0 0.03125 0.93359375 0.0625 0.06328125
0 0.72734375 0.83046875 0.06796875 0.06328125
0 0.36875 0.9609375 0.06640625 0.0640625
0 0.76640625 0.88515625 0.06328125 0.0625
0 0.53515625 0.9484375 0.0671875 0.0640625
0 0.06953125 0.8078125 0.06640625 0.0640625
0 0.5578125 0.8875 0.06640625 0.0625
0 0.5109375 0.7171875 0.0671875 0.06640625
0 0.89921875 0.87890625 0.06484375 0.0625
0 0.26875 0.8703125 0.06640625 0.06484375
0 0.14140625 0.621875 0.0671875 0.0671875
0 0.6296875 0.88671875 0.065625 0.0640625
0 0.0328125 0.753125 0.06171875 0.0625
0 0.6 0.9421875 0.0625 0.0609375
0 0.0203125 0.98125 0.040625 0.0375
0 0.59375 0.83046875 0.0671875 0.06484375
0 0.02890625 0.69296875 0.0578125 0.05546875
0 0.96640625 0.7578125 0.0671875 0.0625
0 0.40546875 0.909375 0.065625 0.0609375
0 0.15234375 0.9796875 0.06796875 0.03984375
1 0.83046875 0.88984375 0.059375 0.0609375
0 0.6234375 0.76171875 0.06875 0.065625
0 0.865625 0.82421875 0.05859375 0.06328125
1 0.9640625 0.8859375 0.06484375 0.05703125
0 0.62578125 0.9859375 0.06875 0.028125
1 0.34296875 0.76796875 0.0640625 0.06328125
0 0.30859375 0.98125 0.0640625 0.0375
0 0.42109375 0.98671875 0.0671875 0.0265625
1 0.465625 0.7859375 0.05625 0.0640625
1 0.22265625 0.72890625 0.065625 0.06015625
0 0.7625 0.7703125 0.06875 0.065625
1 0.13046875 0.84453125 0.06015625 0.06875
1 0.2796875 0.75234375 0.05703125 0.06171875
1 0.55546875 0.7734375 0.06015625 0.06015625
1 0.46328125 0.95546875 0.059375 0.06015625
1 0.4890625 0.890625 0.05859375 0.06171875
1 0.24296875 0.80234375 0.0578125 0.06484375
1 0.0703125 0.87734375 0.0578125 0.06640625
0 0.6640625 0.94609375 0.06015625 0.05859375
1 0.3078125 0.8203125 0.053125 0.05703125
1 0.51484375 0.828125 0.065625 0.05546875
1 0.12109375 0.91640625 0.06015625 0.0609375
1 0.403125 0.78828125 0.05546875 0.0625
1 0.93046875 0.9484375 0.06328125 0.06640625
1 0.33046875 0.9046875 0.05859375 0.06484375
1 0.4375 0.85078125 0.06015625 0.0515625
1 0.11796875 0.76328125 0.05703125 0.065625
1 0.86484375 0.94296875 0.0609375 0.059375
1 0.17578125 0.7859375 0.06015625 0.0625
1 0.1828125 0.9171875 0.0671875 0.0625
0 0.828125 0.98828125 0.07109375 0.0234375
1 0.1078125 0.69609375 0.07109375 0.0671875
1 0.2734375 0.940625 0.06328125 0.05390625
1 0.8 0.9484375 0.06171875 0.05390625
1 0.73359375 0.95078125 0.0578125 0.06015625
1 0.93125 0.8203125 0.05859375 0.0640625
0 0.00703125 0.89609375 0.0140625 0.06015625
1 0.30078125 0.6875 0.059375 0.06171875
1 0.17109375 0.69453125 0.05 0.06328125
1 0.66015625 0.8234375 0.05703125 0.05078125
0 0.540625 0.99140625 0.06953125 0.01640625
1 0.984375 0.81953125 0.03125 0.06328125
0 0.6984375 0.8890625 0.0640625 0.06328125
1 0.3578125 0.70078125 0.059375 0.06640625
1 0.0421875 0.62734375 0.0671875 0.0703125
1 0.4234375 0.725 0.06484375 0.05703125
0 0.8296875 0.7671875 0.05234375 0.0546875