0 0.96328125 0.13046875 0.0734375 0.1421875
0 0.84609375 0.584375 0.1234375 0.1234375
0 0.5140625 0.51953125 0.1265625 0.125
0 0.4046875 0.3515625 0.146875 0.159375
0 0.65234375 0.17421875 0.125 0.121875
0 0.575 0.06953125 0.1296875 0.1328125
0 0.58984375 0.3046875 0.1734375 0.1671875
0 0.73203125 0.26796875 0.128125 0.1296875
0 0.58359375 0.77265625 0.121875 0.121875
1 0.98046875 0.34140625 0.0390625 0.1078125
0 0.53671875 0.1828125 0.1296875 0.1265625
0 0.76796875 0.1546875 0.1203125 0.1234375
0 0.71328125 0.609375 0.1625 0.1609375
1 0.9609375 0.71875 0.0453125 0.0890625
0 0.6046875 0.88671875 0.121875 0.115625
0 0.796875 0.3796875 0.1265625 0.1453125
0 0.56640625 0.9640625 0.1171875 0.071875
1 0.75859375 0.959375 0.1234375 0.08125
1 0.9484375 0.578125 0.09375 0.1015625
0 0.93828125 0.25703125 0.1234375 0.1421875
0 0.37265625 0.9328125 0.121875 0.1203125
1 0.9171875 0.89140625 0.0984375 0.1046875
1 0.8390625 0.93671875 0.1046875 0.115625
0 0.70625 0.79609375 0.1234375 0.1328125
0 0.84296875 0.26015625 0.1140625 0.1203125
0 0.925 0.0640625 0.134375 0.05625
0 0.8734375 0.14609375 0.1171875 0.1234375
0 0.03515625 0.68125 0.0703125 0.109375
0 0.58828125 0.6046875 0.1171875 0.121875
0 0.796875 0.0640625 0.115625 0.08125
0 0.2015625 0.40546875 0.134375 0.1375
1 0.91328125 0.64296875 0.0859375 0.0796875
0 0.48515625 0.01953125 0.1859375 0.0390625
0 0.3875 0.21484375 0.184375 0.1546875
0 0.78984375 0.69765625 0.1390625 0.1234375
0 0.65078125 0.7140625 0.128125 0.1265625
1 0.9296875 0.96875 0.05 0.0625
0 0.28671875 0.3390625 0.1265625 0.1265625
1 0.98203125 0.43984375 0.0359375 0.1046875
0 0.68984375 0.38515625 0.1109375 0.1203125
1 0.896875 0.7265625 0.1015625 0.0984375
0 0.9046875 0.38203125 0.128125 0.14375
0 0.6890625 0.06484375 0.1125 0.10625
1 0.93984375 0.79921875 0.0703125 0.0890625
0 0.07421875 0.75390625 0.1125 0.128125
1 0.9515625 0.8890625 0.028125 0.08125
1 0.87421875 0.9796875 0.1046875 0.040625
1 0.82421875 0.79921875 0.096875 0.109375
0 0.065625 0.34453125 0.1171875 0.146875
0 0.76953125 0.4875 0.1265625 0.1234375
0 0.0890625 0.06015625 0.103125 0.1203125
0 0.63984375 0.51484375 0.13125 0.1296875
0 0.21953125 0.85390625 0.0921875 0.0828125
1 0.71015625 0.90859375 0.096875 0.103125
0 0.1703125 0.78125 0.10625 0.10625
0 0.9 0.48828125 0.1171875 0.1
0 0.0578125 0.1875 0.0671875 0.128125
0 0.20859375 0.1875 0.1390625 0.1359375
0 0.25234375 0.05859375 0.1328125 0.1171875
0 0.42890625 0.09453125 0.1203125 0.121875
0 0.16953125 0.28515625 0.128125 0.125
0 0.08515625 0.46796875 0.11875 0.128125
0 0.03125 0.58125 0.0625 0.121875
0 0.2859375 0.51953125 0.1109375 0.1140625
0 0.5640625 0.41796875 0.115625 0.1234375
0 0.4390625 0.43203125 0.1015625 0.0953125
0 0.39609375 0.60546875 0.1125 0.1078125
0 0.4734375 0.715625 0.1203125 0.109375
0 0.2015625 0.61328125 0.115625 0.115625
0 0.209375 0.5125 0.0921875 0.090625
0 0.30859375 0.61015625 0.1125 0.1078125
0 0.39296875 0.69609375 0.1015625 0.1
0 0.31484375 0.84375 0.1234375 0.1171875
0 0.47265625 0.80234375 0.1203125 0.10625
0 0.478125 0.91796875 0.109375 0.10625
0 0.11796875 0.93515625 0.0890625 0.0625