0 0.20703125 0.1078125 0.0703125 0.06875
0 0.52421875 0.02109375 0.0703125 0.0421875
0 0.5984375 0.01171875 0.06875 0.0234375
0 0.00859375 0.11640625 0.0171875 0.0609375
0 0.4828125 0.959375 0.0734375 0.071875
0 0.16484375 0.071875 0.065625 0.0421875
0 0.0203125 0.21171875 0.040625 0.0671875
0 0.92578125 0.59765625 0.071875 0.0734375
0 0.621875 0.92578125 0.0671875 0.0671875
0 0.0859375 0.140625 0.0703125 0.065625
0 0.52734375 0.9828125 0.0640625 0.034375
0 0.0890625 0.90234375 0.05 0.0640625
0 0.11796875 0.478125 0.0734375 0.0703125
0 0.9265625 0.40234375 0.071875 0.0703125
0 0.71328125 0.028125 0.0703125 0.05625
0 0.4578125 0.0359375 0.071875 0.0703125
0 0.47421875 0.83515625 0.0703125 0.0703125
0 0.08125 0.58984375 0.071875 0.06875
0 0.11015625 0.69453125 0.0734375 0.075
0 0.35546875 0.17265625 0.0703125 0.0703125
0 0.68828125 0.48125 0.06875 0.0671875
0 0.41875 0.97421875 0.071875 0.0515625
0 0.26796875 0.08828125 0.06875 0.06875
0 0.12734375 0.63203125 0.0734375 0.0703125
0 0.51328125 0.88828125 0.06875 0.065625
0 0.96640625 0.44140625 0.0671875 0.0734375
0 0.33984375 0.74921875 0.0703125 0.0703125
0 0.38203125 0.8015625 0.0703125 0.0703125
0 0.23828125 0.20234375 0.0703125 0.0671875
0 0.5765625 0.88671875 0.06875 0.06875
0 0.68828125 0.0765625 0.0671875 0.065625
0 0.86171875 0.79453125 0.0703125 0.0703125
0 0.60078125 0.8296875 0.0703125 0.0703125
0 0.7234375 0.29140625 0.071875 0.071875
0 0.35859375 0.396875 0.071875 0.0703125
0 0.39375 0.04140625 0.0671875 0.065625
0 0.33046875 0.0609375 0.06875 0.06875
0 0.7203125 0.60078125 0.0734375 0.075
0 0.17890625 0.81171875 0.071875 0.0734375
0 0.034375 0.31171875 0.06875 0.0671875
0 0.2828125 0.7703125 0.071875 0.071875
0 0.04453125 0.1015625 0.065625 0.0546875
0 0.4984375 0.07265625 0.0703125 0.0671875
0 0.64765625 0.43046875 0.0703125 0.06875
0 0.61640625 0.73984375 0.0734375 0.075
0 0.0296875 0.15703125 0.059375 0.0703125
0 0.14140625 0.88203125 0.0703125 0.0703125
0 0.68515625 0.91171875 0.065625 0.065625
0 0.0296875 0.6046875 0.046875 0.0671875
0 0.23359375 0.665625 0.071875 0.0734375
0 0.1921875 0.3953125 0.0734375 0.0703125
0 0.53828125 0.83046875 0.0703125 0.071875
0 0.784375 0.5921875 0.071875 0.071875
0 0.703125 0.18359375 0.0734375 0.0734375
0 0.54765625 0.93828125 0.0703125 0.0671875
0 0.296875 0.421875 0.0703125 0.0671875
0 0.6640625 0.30859375 0.0703125 0.0703125
0 0.553125 0.27890625 0.071875 0.0671875
0 0.68125 0.24296875 0.0703125 0.0671875
0 0.7359375 0.71484375 0.071875 0.0734375
0 0.16953125 0.9828125 0.0671875 0.034375
0 0.16015625 0.74453125 0.0734375 0.0734375
0 0.76484375 0.17890625 0.0734375 0.0734375
0 0.91953125 0.1265625 0.0453125 0.06875
0 0.22265625 0.2671875 0.071875 0.06875
0 0.7546875 0.06875 0.0703125 0.0703125
0 0.74609375 0.92890625 0.06875 0.065625
0 0.99140625 0.875 0.0171875 0.071875
0 0.81796875 0.2140625 0.0703125 0.06875
0 0.2953125 0.19296875 0.0703125 0.06875
0 0.2375 0.440625 0.071875 0.06875
0 0.790625 0.11875 0.06875 0.0671875
0 0.94921875 0.3421875 0.06875 0.06875
0 0.8578125 0.6796875 0.0703125 0.0671875
0 0.86796875 0.025 0.0703125 0.05
0 0.4421875 0.78203125 0.0703125 0.0703125
0 0.79140625 0.0265625 0.0734375 0.053125
0 0.6609375 0.134375 0.0703125 0.0703125
0 0.3125 0.35078125 0.071875 0.071875
0 0.89921875 0.721875 0.071875 0.071875
0 0.2703125 0.5375 0.071875 0.0703125
0 0.84453125 0.31171875 0.0734375 0.071875
0 0.503125 0.77578125 0.0703125 0.071875
0 0.33203125 0.5203125 0.071875 0.0703125
0 0.009375 0.2796875 0.01875 0.06875
0 0.265625 0.31328125 0.071875 0.071875
0 0.88515625 0.3609375 0.071875 0.0734375
0 0.084375 0.3640625 0.0734375 0.0734375
0 0.73515625 0.5328125 0.071875 0.0703125
0 0.31328125 0.1234375 0.06875 0.0671875
0 0.82578125 0.071875 0.0734375 0.0703125
0 0.4171875 0.14921875 0.0734375 0.0703125
0 0.65859375 0.37421875 0.0703125 0.0703125
0 0.9140625 0.2984375 0.071875 0.0703125
0 0.1328125 0.4125 0.071875 0.0703125
0 0.203125 0.8703125 0.0703125 0.06875
0 0.625 0.49375 0.0734375 0.071875
0 0.34453125 0.88203125 0.0671875 0.065625
0 0.79609375 0.6953125 0.06875 0.06875
0 0.86015625 0.425 0.0734375 0.0734375
0 0.25234375 0.378125 0.071875 0.0703125
0 0.834375 0.1546875 0.0734375 0.0703125
0 0.59921875 0.31953125 0.0734375 0.0734375
0 0.5640625 0.51328125 0.0703125 0.06875
0 0.77421875 0.7578125 0.06875 0.0671875
0 0.48046875 0.13203125 0.071875 0.06875
0 0.3375 0.234375 0.071875 0.0671875
0 0.79375 0.2734375 0.0734375 0.0703125
0 0.6453125 0.8703125 0.071875 0.0703125
0 0.325 0.29609375 0.0734375 0.071875
0 0.95078125 0.50703125 0.0703125 0.071875
0 0.6734375 0.546875 0.0734375 0.071875
0 0.8546875 0.496875 0.0703125 0.0703125
0 0.46484375 0.19296875 0.0703125 0.06875
0 0.50859375 0.23359375 0.075 0.071875
0 0.9703125 0.82578125 0.059375 0.0671875
0 0.75 0.47890625 0.0703125 0.071875
0 0.728125 0.1265625 0.071875 0.06875
0 0.76953125 0.33203125 0.071875 0.0734375
0 0.44609375 0.53984375 0.06875 0.065625
0 0.0375 0.54921875 0.071875 0.0703125
0 0.596875 0.615625 0.0703125 0.06875
0 0.89765625 0.53984375 0.0703125 0.0703125
0 0.984375 0.75546875 0.03125 0.0703125
0 0.95078125 0.89296875 0.071875 0.0671875
0 0.91328125 0.8328125 0.071875 0.0703125
0 0.4328125 0.3171875 0.06875 0.065625
0 0.0578125 0.71796875 0.059375 0.0671875
0 0.74609375 0.23359375 0.071875 0.06875
0 0.4375 0.09140625 0.06875 0.0671875
0 0.3734375 0.3375 0.0734375 0.0703125
0 0.61328125 0.55078125 0.0703125 0.0703125
0 0.96484375 0.7046875 0.0703125 0.071875
0 0.22421875 0.7421875 0.071875 0.071875
0 0.0296875 0.37265625 0.059375 0.0703125
0 0.19140625 0.165625 0.0703125 0.065625
0 0.01328125 0.50078125 0.0265625 0.0640625
0 0.653125 0.96171875 0.0640625 0.0453125
0 0.10390625 0.0859375 0.0671875 0.046875
0 0.4921875 0.29296875 0.0734375 0.0703125
0 0.40078125 0.21328125 0.0703125 0.071875
0 0.05625 0.4921875 0.0734375 0.071875
0 0.6375 0.1984375 0.0703125 0.06875
0 0.49375 0.59375 0.071875 0.071875
0 0.64296875 0.03125 0.0703125 0.0625
0 0.82265625 0.37265625 0.0703125 0.0703125
0 0.0984375 0.76484375 0.071875 0.06875
0 0.9171875 0.65859375 0.071875 0.0734375
0 0.25390625 0.1484375 0.0703125 0.0671875
0 0.109375 0.9578125 0.065625 0.0671875
0 0.540625 0.33828125 0.071875 0.0703125
0 0.41953125 0.37421875 0.071875 0.071875
0 0.90078125 0.18828125 0.0734375 0.0734375
0 0.596875 0.3890625 0.0734375 0.0734375
0 0.884375 0.89453125 0.075 0.0765625
0 0.2234375 0.05625 0.0640625 0.034375
0 0.3734375 0.109375 0.0671875 0.0671875
0 0.365625 0.61640625 0.071875 0.071875
0 0.9875 0.4953125 0.025 0.06875
0 0.57265625 0.04765625 0.0703125 0.0671875
0 0.115625 0.2421875 0.071875 0.0703125
0 0.56171875 0.66171875 0.071875 0.0734375
0 0.66015625 0.80859375 0.0734375 0.0703125
0 0.11484375 0.9921875 0.0578125 0.015625
0 0.20703125 0.33515625 0.071875 0.06875
0 0.5921875 0.97421875 0.0671875 0.0453125
0 0.10078125 0.528125 0.0703125 0.06875
0 0.0734375 0.42578125 0.0703125 0.071875
0 0.4484375 0.2609375 0.071875 0.06875
0 0.3546875 0.684375 0.071875 0.071875
0 0.56328125 0.76796875 0.065625 0.0671875
0 0.70546875 0.42578125 0.06875 0.06875
0 0.875 0.6203125 0.06875 0.065625
0 0.0984375 0.30390625 0.0734375 0.0734375
0 0.58125 0.45 0.071875 0.06875
0 0.1609375 0.284375 0.071875 0.0703125
0 0.240625 0.8140625 0.0703125 0.0703125
0 0.83515625 0.73359375 0.071875 0.06875
0 0.97421875 0.3875 0.0375 0.0640625
0 0.1765625 0.45625 0.071875 0.071875
0 0.67890625 0.74296875 0.0703125 0.0703125
0 0.2359375 0.9234375 0.06875 0.065625
0 0.28984375 0.4796875 0.0734375 0.0703125
0 0.55546875 0.5765625 0.071875 0.071875
0 0.80078125 0.915625 0.0703125 0.0703125
0 0.62109375 0.665625 0.06875 0.06875
0 0.52890625 0.715625 0.06875 0.06875
0 0.528125 0.16796875 0.071875 0.06875
0 0.8703125 0.25390625 0.0734375 0.0703125
0 0.225 0.5 0.071875 0.0703125
0 0.796875 0.52109375 0.0703125 0.06875
0 0.3859375 0.275 0.06875 0.06875
0 0.18984375 0.61640625 0.0734375 0.0703125
0 0.17109375 0.68203125 0.0734375 0.0734375
0 0.61953125 0.08515625 0.0703125 0.0671875
0 0.765625 0.4140625 0.0703125 0.0703125
0 0.54921875 0.115625 0.0734375 0.0703125
0 0.28828125 0.04375 0.06875 0.0359375
0 0.72109375 0.78828125 0.0703125 0.06875
0 0.42578125 0.91015625 0.0703125 0.06875
0 0.84296875 0.57265625 0.071875 0.0734375
0 0.32265625 0.81875 0.0671875 0.065625
0 0.90390625 0.05625 0.0484375 0.0640625
0 0.0546875 0.25546875 0.071875 0.0703125
0 0.97421875 0.56484375 0.0515625 0.0703125
0 0.06796875 0.19921875 0.0703125 0.065625
0 0.4015625 0.73515625 0.0734375 0.0734375
0 0.29921875 0.92578125 0.0671875 0.065625
0 0.234375 0.9765625 0.071875 0.046875
0 0.02265625 0.446875 0.0453125 0.06875
0 0.34375 0.459375 0.071875 0.071875
0 0.1453125 0.34765625 0.071875 0.071875
0 0.94453125 0.76796875 0.071875 0.0734375
0 0.40546875 0.43671875 0.0703125 0.06875
0 0.4671875 0.721875 0.0703125 0.0703125
0 0.7078125 0.853125 0.0703125 0.0703125
0 0.71640625 0.36640625 0.071875 0.0734375
0 0.175 0.22265625 0.071875 0.0703125
0 0.75390625 0.65625 0.0671875 0.065625
0 0.6578125 0.61015625 0.071875 0.071875
0 0.96796875 0.64140625 0.0640625 0.0703125
0 0.3140625 0.57890625 0.0703125 0.065625
0 0.11796875 0.8265625 0.071875 0.0703125
0 0.57578125 0.21015625 0.071875 0.0703125
0 0.6859375 0.66796875 0.071875 0.0671875
0 0.25078125 0.59921875 0.0734375 0.071875
0 0.39609375 0.5015625 0.0734375 0.0703125
0 0.53125 0.4046875 0.0734375 0.071875
0 0.20859375 0.56640625 0.071875 0.06875
0 0.771875 0.859375 0.06875 0.0671875
0 0.80078125 0.80546875 0.06875 0.0671875
0 0.41796875 0.66328125 0.075 0.0734375
0 0.5953125 0.14765625 0.071875 0.071875
0 0.4703125 0.41796875 0.071875 0.0703125
0 0.0703125 0.8453125 0.034375 0.0625
0 0.0609375 0.6453125 0.0671875 0.065625
0 0.27890625 0.87265625 0.0703125 0.0671875
0 0.47890625 0.35859375 0.071875 0.071875
0 0.8140625 0.64375 0.0703125 0.0671875
0 0.2796875 0.24296875 0.0671875 0.0625
0 0.14453125 0.1203125 0.0671875 0.0671875
0 0.3 0.6421875 0.0765625 0.071875
0 0.93046875 0.2359375 0.0640625 0.0640625
0 0.16015625 0.51953125 0.0734375 0.0703125
0 0.61875 0.26015625 0.0734375 0.0703125
0 0.9546875 0.27890625 0.0359375 0.0671875
0 0.9109375 0.459375 0.0703125 0.0703125
0 0.1734375 0.93828125 0.0703125 0.065625
0 0.51015625 0.5296875 0.0703125 0.06875
0 0.3640625 0.99296875 0.071875 0.0140625
0 0.43046875 0.6 0.0734375 0.071875
0 0.38203125 0.56171875 0.0734375 0.0703125
0 0.8375 0.859375 0.0703125 0.0703125
0 0.409375 0.8484375 0.0703125 0.0671875
0 0.3078125 0.97734375 0.06875 0.0453125
0 0.87265625 0.11015625 0.0640625 0.0671875
0 0.48828125 0.665625 0.0734375 0.0703125
0 0.81171875 0.4625 0.071875 0.06875
0 0.46015625 0.48359375 0.0734375 0.0703125
0 0.14375 0.575 0.071875 0.0671875
0 0.13125 0.1796875 0.0703125 0.0671875
0 0.28046875 0.7046875 0.075 0.071875
0 0.7765625 0.94921875 0.0578125 0.0234375
0 0.5203125 0.45703125 0.0703125 0.071875
0 0.46796875 0.99296875 0.0671875 0.0140625
0 0.05390625 0.7734375 0.03125 0.0640625
0 0.35546875 0.94453125 0.0671875 0.0640625
0 0.7171875 0.9625 0.05625 0.0203125
0 0.84609375 0.9359375 0.0640625 0.025