0 0.76484375 0.6171875 0.06875 0.06875
0 0.90546875 0.3203125 0.071875 0.071875
0 0.78515625 0.553125 0.0671875 0.0671875
0 0.74140625 0.68203125 0.06875 0.071875
0 0.46484375 0.52890625 0.06875 0.071875
0 0.3375 0.54921875 0.0703125 0.071875
0 0.64140625 0.8546875 0.0703125 0.0703125
0 0.75078125 0.91015625 0.0671875 0.065625
0 0.56171875 0.64765625 0.071875 0.071875
0 0.69921875 0.61796875 0.06875 0.06875
0 0.80390625 0.6703125 0.06875 0.065625
0 0.890625 0.4953125 0.06875 0.0640625
0 0.934375 0.25859375 0.0734375 0.0734375
0 0.2046875 0.91796875 0.0703125 0.0703125
0 0.58046875 0.58515625 0.0703125 0.0703125
0 0.66328125 0.515625 0.071875 0.071875
0 0.3703125 0.6125 0.071875 0.071875
0 0.88046875 0.384375 0.071875 0.071875
0 0.684375 0.9046875 0.0703125 0.0703125
0 0.921875 0.13828125 0.075 0.075
0 0.64453125 0.5765625 0.06875 0.0703125
0 0.70703125 0.73203125 0.0703125 0.0671875
0 0.62265625 0.63515625 0.065625 0.0671875
0 0.853125 0.5515625 0.071875 0.0703125
0 0.37421875 0.878125 0.065625 0.0671875
0 0.7078125 0.84375 0.071875 0.071875
0 0.29921875 0.0484375 0.071875 0.071875
0 0.8125 0.496875 0.06875 0.065625
0 0.403125 0.54921875 0.0703125 0.0703125
0 0.9203125 0.44296875 0.0671875 0.0671875
0 0.62734375 0.4640625 0.071875 0.071875
0 0.8328125 0.6109375 0.0671875 0.065625
0 0.9515625 0.196875 0.053125 0.06875
0 0.7203125 0.55390625 0.06875 0.06875
0 0.93515625 0.06796875 0.0625 0.0671875
0 0.6640625 0.79140625 0.0703125 0.0703125
0 0.490625 0.6484375 0.071875 0.071875
0 0.8375 0.33046875 0.06875 0.06875
0 0.8109375 0.39140625 0.071875 0.071875
0 0.446875 0.5890625 0.0671875 0.0671875
0 0.82421875 0.03984375 0.06875 0.065625
0 0.6734375 0.6796875 0.075 0.06875
0 0.8640625 0.2703125 0.075 0.075
0 0.19296875 0.7953125 0.071875 0.071875
0 0.1453125 0.58828125 0.071875 0.071875
0 0.3109375 0.8734375 0.06875 0.06875
0 0.74453125 0.784375 0.0671875 0.0671875
0 0.94921875 0.384375 0.071875 0.071875
0 0.98125 0.44296875 0.0359375 0.0671875
0 0.57421875 0.8578125 0.0703125 0.071875
0 0.690625 0.44921875 0.0703125 0.071875
0 0.72578125 0.9640625 0.065625 0.040625
0 0.77890625 0.7359375 0.071875 0.071875
0 0.6546875 0.13671875 0.075 0.075
0 0.15390625 0.97578125 0.0734375 0.0484375
0 0.55546875 0.31171875 0.06875 0.0703125
0 0.425 0.47734375 0.0703125 0.071875
0 0.51328125 0.58828125 0.0703125 0.0734375
0 0.621875 0.0296875 0.06875 0.059375
0 0.17734375 0.45546875 0.0671875 0.06875
0 0.96171875 0.49453125 0.06875 0.065625
0 0.4921875 0.328125 0.0734375 0.075
0 0.7140625 0.3796875 0.06875 0.0703125
0 0.47421875 0.39765625 0.06875 0.06875
0 0.425 0.65859375 0.0703125 0.0703125
0 0.84921875 0.44296875 0.071875 0.071875
0 0.79609375 0.27890625 0.0671875 0.06875
0 0.65390625 0.39765625 0.06875 0.071875
0 0.0171875 0.49609375 0.034375 0.0671875
0 0.74453125 0.49296875 0.0703125 0.0703125
0 0.1703125 0.8625 0.0703125 0.071875
0 0.1796875 0.08125 0.071875 0.071875
0 0.26953125 0.92578125 0.0703125 0.071875
0 0.253125 0.09609375 0.0703125 0.0703125
0 0.33515625 0.934375 0.0703125 0.071875
0 0.42734375 0.98359375 0.0703125 0.0328125
0 0.15625 0.51875 0.071875 0.071875
0 0.7046875 0.18203125 0.0796875 0.0734375
0 0.0453125 0.08515625 0.06875 0.0671875
0 0.39921875 0.94140625 0.071875 0.071875
0 0.10859375 0.04609375 0.0640625 0.0328125
0 0.753125 0.2328125 0.06875 0.0671875
0 0.0421875 0.8609375 0.03125 0.065625
0 0.29921875 0.465625 0.0640625 0.0671875
0 0.2375 0.4828125 0.0734375 0.0734375
0 0.00625 0.07578125 0.0125 0.0703125
0 0.59921875 0.51953125 0.071875 0.071875
0 0.2390625 0.03828125 0.0671875 0.0390625
0 0.17265625 0.0390625 0.0671875 0.03125
0 0.778125 0.85234375 0.06875 0.0640625
0 0.59375 0.79609375 0.071875 0.071875
0 0.24140625 0.85859375 0.06875 0.0703125
0 0.53046875 0.51796875 0.0734375 0.075
0 0.25078125 0.75703125 0.0703125 0.06875
0 0.68046875 0.07421875 0.071875 0.071875
0 0.08046875 0.59765625 0.0671875 0.0671875
0 0.20625 0.621875 0.071875 0.071875
0 0.428125 0.3453125 0.0671875 0.06875
0 0.72734375 0.29375 0.0703125 0.0703125
0 0.87734375 0.67734375 0.065625 0.0640625
0 0.903125 0.61640625 0.06875 0.065625
0 0.48828125 0.4625 0.06875 0.065625
0 0.7265625 0.12109375 0.071875 0.06875
0 0.45859375 0.1578125 0.065625 0.0625
0 0.496875 0.98046875 0.071875 0.0390625
0 0.76875 0.33984375 0.06875 0.0671875
0 0.8453125 0.72421875 0.065625 0.0640625
0 0.96640625 0.3234375 0.046875 0.0703125
0 0.025 0.4296875 0.05 0.071875
0 0.30703125 0.37421875 0.06875 0.0703125
0 0.1375 0.928125 0.0703125 0.0703125
0 0.2125 0.55234375 0.071875 0.071875
0 0.30703125 0.21171875 0.0671875 0.06875
0 0.36875 0.36015625 0.0671875 0.06875
0 0.07734375 0.45546875 0.0671875 0.0671875
0 0.36015625 0.48515625 0.0703125 0.071875
0 0.7546875 0.4296875 0.0703125 0.071875
0 0.77734375 0.171875 0.0703125 0.0703125
0 0.41328125 0.4109375 0.0703125 0.071875
0 0.3515625 0.9796875 0.06875 0.040625
0 0.66015625 0.9625 0.071875 0.05625
0 0.09453125 0.315625 0.071875 0.071875
0 0.196875 0.39453125 0.06875 0.0671875
0 0.275 0.5390625 0.0703125 0.071875
0 0.2890625 0.26796875 0.065625 0.06875
0 0.440625 0.28203125 0.06875 0.065625
0 0.246875 0.6734375 0.075 0.0734375
0 0.63125 0.7296875 0.0734375 0.071875
0 0.08515625 0.884375 0.0671875 0.0671875
0 0.25859375 0.4140625 0.06875 0.0703125
0 0.56953125 0.246875 0.065625 0.06875
0 0.77890625 0.01484375 0.0703125 0.0296875
0 0.35234375 0.3 0.071875 0.071875
0 0.109375 0.39765625 0.06875 0.0671875
0 0.821875 0.215625 0.071875 0.071875
0 0.13671875 0.74609375 0.06875 0.065625
0 0.6921875 0.02109375 0.06875 0.0421875
0 0.34765625 0.42265625 0.071875 0.071875
0 0.2 0.728125 0.065625 0.071875
0 0.6046875 0.35546875 0.071875 0.075
0 0.43828125 0.88984375 0.0703125 0.06875
0 0.6203125 0.2921875 0.065625 0.0671875
0 0.4921875 0.02421875 0.071875 0.0484375
0 0.4265625 0.8265625 0.0703125 0.06875
0 0.0890625 0.99140625 0.071875 0.0171875
0 0.57109375 0.971875 0.06875 0.053125
0 0.93671875 0.5625 0.0671875 0.0671875
0 0.1203125 0.82890625 0.06875 0.065625
0 0.246875 0.34609375 0.0703125 0.0703125
0 0.5078125 0.265625 0.071875 0.0734375
0 0.45078125 0.21875 0.0703125 0.0703125
0 0.37265625 0.184375 0.06875 0.06875
0 0.3609375 0.8140625 0.0703125 0.0703125
0 0.56328125 0.01015625 0.0671875 0.0203125
0 0.671875 0.3265625 0.06875 0.0671875
0 0.8109375 0.79921875 0.065625 0.0671875
1 0.290625 0.60390625 0.059375 0.0625
0 0.48125 0.9359375 0.0765625 0.075
0 0.15390625 0.34375 0.0734375 0.06875
1 0.22734375 0.97578125 0.0734375 0.0484375
1 0.2890625 0.9765625 0.059375 0.046875
1 0.0828125 0.95 0.0640625 0.0625
1 0.50703125 0.85625 0.0734375 0.0765625
1 0.54140625 0.90859375 0.0609375 0.0703125
1 0.609375 0.921875 0.075 0.078125
1 0.53203125 0.784375 0.06875 0.0890625
1 0.47578125 0.76640625 0.071875 0.090625
1 0.3 0.79921875 0.0609375 0.06875
1 0.065625 0.7515625 0.071875 0.0796875
1 0.084375 0.66796875 0.0796875 0.078125
1 0.1546875 0.65625 0.0671875 0.065625
1 0.31328125 0.66484375 0.0625 0.075
1 0.3703125 0.6953125 0.0671875 0.08125
1 0.4890625 0.69375 0.065625 0.0484375
1 0.55078125 0.7125 0.071875 0.0671875
1 0.08359375 0.5265625 0.0890625 0.06875
1 0.5578125 0.44921875 0.0640625 0.0734375
1 0.54453125 0.3828125 0.0703125 0.065625
1 0.00859375 0.25546875 0.0171875 0.0640625
1 0.02421875 0.3015625 0.0484375 0.059375
1 0.04296875 0.359375 0.0671875 0.0703125
1 0.21328125 0.27578125 0.0671875 0.0796875
1 0.246875 0.21796875 0.078125 0.071875
1 0.384375 0.23671875 0.0703125 0.0546875
1 0.14765625 0.24453125 0.078125 0.0671875
1 0.184375 0.20546875 0.06875 0.075
1 0.20703125 0.14296875 0.0671875 0.0640625
1 0.2703125 0.159375 0.05625 0.0671875
1 0.06640625 0.26328125 0.0734375 0.075
1 0.03515625 0.2078125 0.0703125 0.071875
1 0.103125 0.2046875 0.0703125 0.075
1 0.14140625 0.1546875 0.0625 0.0640625
1 0.0703125 0.14453125 0.0609375 0.065625
1 0.0234375 0.13984375 0.046875 0.0609375
1 0.1125 0.08984375 0.0671875 0.0671875
1 0.32421875 0.1171875 0.0734375 0.08125
1 0.3640625 0.05703125 0.0703125 0.06875
1 0.42890625 0.0390625 0.0640625 0.0734375
1 0.40078125 0.10703125 0.0734375 0.075
1 0.46796875 0.084375 0.0765625 0.06875
1 0.54453125 0.05625 0.0703125 0.0671875
1 0.60234375 0.08984375 0.0890625 0.0703125
1 0.52421875 0.12890625 0.059375 0.075
1 0.51953125 0.18515625 0.0546875 0.05625
1 0.5734375 0.15546875 0.0703125 0.0578125
1 0.61640625 0.2015625 0.065625 0.0765625
1 0.67265625 0.2515625 0.06875 0.0734375
1 0.7484375 0.05625 0.06875 0.0734375
1 0.890625 0.0296875 0.06875 0.059375
1 0.7953125 0.10703125 0.0765625 0.059375
1 0.8671875 0.08671875 0.0828125 0.059375
1 0.85234375 0.153125 0.0796875 0.0640625
1 0.88828125 0.20859375 0.0734375 0.071875