0 0.23359375 0.38984375 0.0625 0.0625
0 0.95234375 0.8359375 0.053125 0.0609375
0 0.040625 0.18984375 0.0453125 0.0640625
0 0.07734375 0.1390625 0.0625 0.059375
0 0.94453125 0.92734375 0.05625 0.0671875
0 0.69921875 0.0421875 0.065625 0.0640625
0 0.096875 0.03125 0.0625 0.0625
0 0.96640625 0.62890625 0.05625 0.065625
0 0.3765625 0.1421875 0.0640625 0.0640625
0 0.778125 0.9765625 0.065625 0.046875
0 0.0375 0.72578125 0.065625 0.0640625
0 0.10234375 0.60390625 0.065625 0.0671875
0 0.375 0.946875 0.0671875 0.0671875
0 0.4390625 0.95234375 0.065625 0.0640625
0 0.07421875 0.68125 0.0671875 0.0671875
0 0.40390625 0.83359375 0.065625 0.065625
0 0.10234375 0.51953125 0.065625 0.065625
0 0.05 0.02421875 0.0375 0.0484375
0 0.05703125 0.246875 0.0625 0.0609375
0 0.12265625 0.88203125 0.065625 0.065625
0 0.03671875 0.50546875 0.0671875 0.065625
0 0.80390625 0.1171875 0.0640625 0.0625
0 0.02109375 0.45 0.040625 0.0609375
0 0.53046875 0.69765625 0.0625 0.0625
0 0.59296875 0.70234375 0.0640625 0.065625
0 0.48203125 0.90625 0.065625 0.065625
0 0.0125 0.65703125 0.025 0.0609375
0 0.64296875 0.97734375 0.0640625 0.0453125
0 0.61640625 0.92734375 0.065625 0.0640625
0 0.09609375 0.2015625 0.0640625 0.0625
0 0.8953125 0.81953125 0.0625 0.0609375
0 0.52265625 0.40703125 0.0640625 0.0609375
0 0.18984375 0.4328125 0.065625 0.065625
0 0.1140625 0.08671875 0.0609375 0.059375
0 0.01328125 0.56953125 0.0265625 0.0609375
0 0.05078125 0.40703125 0.06875 0.065625
0 0.7625 0.6875 0.0671875 0.0671875
0 0.1453125 0.30859375 0.0640625 0.0625
0 0.4015625 0.0265625 0.065625 0.053125
0 0.03046875 0.953125 0.0609375 0.034375
0 0.68203125 0.9296875 0.065625 0.0625
0 0.04609375 0.79140625 0.0640625 0.06875
0 0.4671875 0.684375 0.065625 0.065625
0 0.36171875 0.88125 0.065625 0.0625
0 0.40078125 0.38046875 0.0625 0.0625
0 0.365625 0.7078125 0.0609375 0.0578125
0 0.2234375 0.0625 0.065625 0.065625
0 0.275 0.80703125 0.0640625 0.0609375
0 0.015625 0.8453125 0.03125 0.0625
0 0.58671875 0.06484375 0.0625 0.0640625
0 0.0796875 0.3078125 0.0671875 0.065625
0 0.009375 0.78125 0.01875 0.065625
0 0.36171875 0.2515625 0.0640625 0.0640625
0 0.29296875 0.85703125 0.065625 0.0640625
0 0.46171875 0.38984375 0.0625 0.0640625
0 0.81171875 0.5765625 0.0609375 0.065625
0 0.53984375 0.29765625 0.0625 0.0640625
0 0.3140625 0.12109375 0.0625 0.0609375
0 0.79921875 0.7921875 0.065625 0.0625
0 0.38203125 0.771875 0.065625 0.065625
0 0.70859375 0.71875 0.065625 0.065625
0 0.9265625 0.76328125 0.065625 0.06875
0 0.3265625 0.02265625 0.065625 0.0453125
0 0.30625 0.6984375 0.065625 0.065625
0 0.52734375 0.046875 0.0640625 0.0640625
0 0.82109375 0.9421875 0.0625 0.0625
0 0.209375 0.4984375 0.0625 0.0609375
0 0.0578125 0.5609375 0.0640625 0.0609375
0 0.49921875 0.16328125 0.0640625 0.0640625
0 0.759375 0.834375 0.0640625 0.0625
0 0.83828125 0.671875 0.0671875 0.0640625
0 0.86328125 0.76796875 0.0640625 0.065625
0 0.79375 0.875 0.0671875 0.0625
0 0.575 0.96953125 0.065625 0.0609375
0 0.03046875 0.35703125 0.0484375 0.0609375
0 0.97421875 0.56015625 0.05 0.0640625
0 0.21171875 0.32578125 0.0671875 0.065625
0 0.85078125 0.9828125 0.0640625 0.034375
0 0.4421875 0.328125 0.0640625 0.065625
0 0.91640625 0.11015625 0.0609375 0.0578125
0 0.5625 0.525 0.065625 0.065625
0 0.95546875 0.69140625 0.065625 0.0671875
0 0.309375 0.9171875 0.0640625 0.0625
0 0.2625 0.95859375 0.0625 0.05625
0 0.0609375 0.85625 0.065625 0.065625
0 0.7203125 0.8796875 0.0640625 0.0625
0 0.83203125 0.8328125 0.0640625 0.0640625
0 0.32109375 0.759375 0.0671875 0.065625
0 0.25546875 0.74453125 0.065625 0.065625
0 0.46640625 0.0390625 0.0625 0.0609375
0 0.421875 0.08984375 0.065625 0.0640625
0 0.4640625 0.840625 0.059375 0.059375
0 0.22421875 0.625 0.0625 0.0609375
0 0.92578125 0.5859375 0.0640625 0.0625
0 0.040625 0.61875 0.065625 0.0640625
0 0.12734375 0.421875 0.065625 0.0625
0 0.07578125 0.4578125 0.0671875 0.0625
0 0.46484375 0.22265625 0.065625 0.065625
0 0.2953125 0.0703125 0.0625 0.0625
0 0.3375 0.8234375 0.0671875 0.0640625
0 0.8859375 0.709375 0.065625 0.0609375
0 0.40625 0.66640625 0.0625 0.0609375
0 0.690625 0.81796875 0.0640625 0.0640625
0 0.2765625 0.34453125 0.0640625 0.065625
0 0.52421875 0.859375 0.065625 0.059375
0 0.48125 0.28046875 0.0609375 0.0578125
0 0.77421875 0.17109375 0.0625 0.0625
0 0.58203125 0.41171875 0.059375 0.05625
0 0.19453125 0.0140625 0.0671875 0.028125
0 0.375 0.484375 0.0625 0.0640625
0 0.50078125 0.34296875 0.0625 0.0640625
0 0.16328125 0.60703125 0.0640625 0.0609375
0 0.28515625 0.63359375 0.0640625 0.0625
0 0.5625 0.36015625 0.0640625 0.0625
0 0.184375 0.1140625 0.0671875 0.065625
0 0.6015625 0.47578125 0.059375 0.0578125
0 0.54375 0.91640625 0.065625 0.0640625
0 0.621875 0.19140625 0.0609375 0.0609375
0 0.35546875 0.42421875 0.0640625 0.0625
0 0.35546875 0.07578125 0.0640625 0.0640625
0 0.41953125 0.89140625 0.0640625 0.0640625
0 0.05546875 0.08203125 0.0578125 0.0609375
0 0.91171875 0.98515625 0.0609375 0.0296875
0 0.2484375 0.90234375 0.065625 0.0640625
0 0.63125 0.5265625 0.0640625 0.065625
0 0.753125 0.9328125 0.0671875 0.065625
0 0.171875 0.20234375 0.0671875 0.065625
0 0.13828125 0.93828125 0.0640625 0.0625
0 0.2375 0.215625 0.0625 0.0609375
0 0.85546875 0.07109375 0.065625 0.0640625
0 0.10859375 0.36171875 0.065625 0.0625
0 0.80390625 0.0359375 0.0625 0.0359375
0 0.61484375 0.76328125 0.065625 0.0640625
0 0.8125 0.73046875 0.0640625 0.0609375
0 0.596875 0.57734375 0.0640625 0.0609375
0 0.27578125 0.16640625 0.0625 0.0625
0 0.18515625 0.89296875 0.065625 0.0640625
0 0.26875 0.51328125 0.0640625 0.065625
0 0.2609375 0.01953125 0.065625 0.0390625
0 0.74296875 0.77109375 0.0640625 0.0640625
0 0.76328125 0.54609375 0.0609375 0.065625
0 0.91484375 0.18203125 0.0625 0.0609375
0 0.12734375 0.24921875 0.0640625 0.0609375
0 0.77890625 0.62734375 0.0625 0.0625
0 0.54921875 0.753125 0.0625 0.0625
0 0.65078125 0.0875 0.065625 0.065625
0 0.6375 0.03046875 0.0625 0.046875
0 0.42109375 0.26796875 0.0625 0.0625
0 0.87265625 0.55078125 0.0640625 0.0640625
0 0.546875 0.1140625 0.0625 0.0625
0 0.15 0.478125 0.065625 0.0640625
0 0.71640625 0.975 0.0640625 0.05
0 0.97109375 0.15 0.0578125 0.05625
0 0.0203125 0.90234375 0.040625 0.0640625
0 0.5921875 0.63828125 0.0640625 0.0609375
0 0.5640625 0.815625 0.065625 0.0640625
0 0.2125 0.1609375 0.0640625 0.059375
0 0.48671875 0.74453125 0.065625 0.0640625
0 0.196875 0.7234375 0.065625 0.0640625
0 0.60390625 0.3140625 0.0625 0.0625
0 0.47734375 0.4546875 0.0625 0.0609375
0 0.97109375 0.08828125 0.0578125 0.0578125
0 0.75703125 0.06875 0.0609375 0.059375
0 0.5609375 0.17109375 0.0640625 0.0640625
0 0.65703125 0.878125 0.065625 0.0625
0 0.10703125 0.80859375 0.065625 0.065625
0 0.1578125 0.04609375 0.0640625 0.0609375
0 0.6765625 0.56796875 0.0640625 0.0640625
0 0.89296875 0.95234375 0.0640625 0.0609375
0 0.17109375 0.83203125 0.065625 0.0640625
0 0.22734375 0.846875 0.0640625 0.059375
0 0.6609375 0.2890625 0.0640625 0.0625
0 0.13515625 0.7078125 0.0640625 0.0609375
0 0.65390625 0.69921875 0.0640625 0.06875
0 0.2828125 0.5671875 0.0625 0.059375
0 0.253125 0.10859375 0.0625 0.0609375
0 0.203125 0.94921875 0.0640625 0.059375
0 0.52578125 0.2265625 0.0625 0.0625
0 0.4390625 0.00625 0.0625 0.0125
0 0.4265625 0.7265625 0.0609375 0.0609375
0 0.95625 0.97890625 0.025 0.0421875
0 0.378125 0.315625 0.0640625 0.065625
0 0.3296875 0.52734375 0.065625 0.0640625
0 0.603125 0.1265625 0.065625 0.065625
0 0.19296875 0.2625 0.065625 0.065625
0 0.52109375 0.571875 0.065625 0.065625
0 0.15078125 0.76796875 0.065625 0.0625
0 0.62109375 0.36796875 0.0625 0.0625
0 0.48203125 0.09921875 0.0609375 0.0609375
0 0.5421875 0.465625 0.0625 0.0609375
0 0.2953125 0.4109375 0.065625 0.0671875
0 0.4421875 0.1546875 0.0625 0.0625
0 0.25625 0.278125 0.065625 0.0671875
0 0.175 0.66171875 0.065625 0.0625
0 0.1703125 0.37578125 0.0625 0.0609375
0 0.665625 0.471875 0.0640625 0.065625
0 0.59375 0.24296875 0.0640625 0.0625
0 0.44375 0.784375 0.0625 0.0625
0 0.37109375 0.00390625 0.0640625 0.0078125
0 0.31640625 0.30234375 0.0640625 0.0640625
0 0.3921875 0.54453125 0.0609375 0.0609375
0 0.5015625 0.9765625 0.065625 0.046875
0 0.340625 0.5890625 0.0640625 0.0625
0 0.34140625 0.36328125 0.0609375 0.059375
0 0.45234375 0.559375 0.065625 0.0671875
0 0.16015625 0.9703125 0.0578125 0.0171875
0 0.221875 0.55625 0.0671875 0.0625
0 0.96953125 0.76796875 0.03125 0.0703125
0 0.66875 0.14921875 0.0578125 0.0609375
0 0.79765625 0.22109375 0.059375 0.059375
0 0.34609375 0.6515625 0.0625 0.0609375
0 0.8625 0.9015625 0.065625 0.065625
0 0.6703125 0.76328125 0.0625 0.0609375
0 0.25234375 0.44921875 0.059375 0.0625
0 0.4359375 0.4953125 0.0640625 0.0640625
0 0.7078125 0.6546875 0.0640625 0.0609375
0 0.65625 0.62578125 0.0640625 0.0640625
0 0.70703125 0.51640625 0.0640625 0.065625
0 0.003125 0.71484375 0.00625 0.0640625
0 0.73515625 0.30859375 0.0625 0.0609375
0 0.85625 0.203125 0.059375 0.05625
0 0.465625 0.61953125 0.0640625 0.0640625
0 0.73359375 0.23828125 0.0640625 0.0578125
0 0.503125 0.80078125 0.065625 0.0640625
0 0.965625 0.878125 0.021875 0.05625
0 0.07734375 0.92734375 0.0671875 0.0671875
0 0.32109375 0.96640625 0.0546875 0.046875
0 0.53046875 0.63359375 0.0625 0.0625
0 0.4984375 0.5078125 0.0609375 0.059375
0 0.8640625 0.609375 0.059375 0.059375
0 0.73046875 0.59453125 0.065625 0.0640625
0 0.1640625 0.53984375 0.0625 0.0609375
0 0.40390625 0.20625 0.0640625 0.0640625
0 0.4203125 0.4390625 0.0609375 0.059375
0 0.68203125 0.346875 0.059375 0.059375
0 0.02578125 0.2890625 0.028125 0.0625
0 0.13671875 0.153125 0.065625 0.0640625
0 0.3109375 0.4703125 0.0640625 0.0625
0 0.340625 0.1875 0.065625 0.0640625
0 0.63203125 0.825 0.0640625 0.0625
0 0.29921875 0.23515625 0.065625 0.0671875
0 0.99140625 0.2453125 0.0171875 0.05625
0 0.4078125 0.60078125 0.0625 0.059375
0 0.03359375 0.13359375 0.021875 0.0578125
0 0.821875 0.51640625 0.0625 0.059375
0 0.7234375 0.12578125 0.0640625 0.0625
0 0.5765625 0.01328125 0.065625 0.0234375
0 0.9078125 0.65546875 0.0625 0.06875
0 0.21328125 0.7875 0.0671875 0.0640625
0 0.78671875 0.3515625 0.0625 0.059375
0 0.72421875 0.44609375 0.0609375 0.0625
0 0.59765625 0.996875 0.0578125 0.00625
0 0.66953125 0.22265625 0.0671875 0.0640625
0 0.93203125 0.52578125 0.059375 0.0609375
0 0.83515625 0.39375 0.0609375 0.0640625
0 0.2421875 0.67265625 0.0640625 0.0578125
0 0.409375 0.9875 0.0640625 0.0171875
0 0.5015625 0.0078125 0.065625 0.015625
0 0.865625 0.1390625 0.0625 0.059375
0 0.9609375 0.2125 0.05625 0.0578125
0 0.97578125 0.48359375 0.0484375 0.0640625
0 0.54140625 0.99609375 0.0546875 0.0078125
0 0.58828125 0.865625 0.0671875 0.0609375
0 0.98125 0.4265625 0.0375 0.059375
0 0.79296875 0.290625 0.059375 0.059375
0 0.7265625 0.3796875 0.0609375 0.0609375
0 0.8890625 0.35625 0.0609375 0.0578125
0 0.98671875 0.30390625 0.0265625 0.0546875
0 0.7734375 0.4765625 0.0625 0.0609375
0 0.909375 0.2421875 0.0609375 0.05625
0 0.884375 0.4234375 0.0578125 0.059375
0 0.21640625 0.97578125 0.0546875 0.0140625
0 0.95546875 0.275 0.059375 0.059375
0 0.71640625 0.18125 0.0609375 0.0609375
0 0.6734375 0.4078125 0.0625 0.0625
0 0.09609375 0.96328125 0.0671875 0.0234375
0 0.85 0.26484375 0.05625 0.05625
0 0.8984375 0.2984375 0.0546875 0.053125
0 0.84296875 0.32265625 0.0609375 0.0578125
0 0.94921875 0.3375 0.053125 0.0578125
0 0.94140625 0.39765625 0.05625 0.05625
0 0.93359375 0.45859375 0.0546875 0.0609375
0 0.83046875 0.45859375 0.0546875 0.0609375
0 0.8828125 0.4859375 0.0546875 0.0609375
0 0.7796875 0.42578125 0.0640625 0.0609375
0 0.9828125 0.3625 0.034375 0.05625
0 0.9140625 0.05 0.0625 0.0484375