0 0.74609375 0.02734375 0.04375 0.01875
0 0.79296875 0.03203125 0.0453125 0.0203125
0 0.76796875 0.0546875 0.0453125 0.046875
0 0.8109375 0.05625 0.0453125 0.0453125
0 0.85546875 0.05859375 0.0484375 0.046875
0 0.90390625 0.06171875 0.046875 0.0453125
0 0.95078125 0.06796875 0.0484375 0.046875
0 0.9859375 0.06484375 0.028125 0.0453125
0 0.78984375 0.09375 0.04375 0.0421875
0 0.83203125 0.096875 0.046875 0.04375
0 0.88046875 0.0984375 0.04375 0.0453125
0 0.92265625 0.0984375 0.0453125 0.0453125
0 0.96875 0.1046875 0.04375 0.0453125
0 0.99375 0.1015625 0.0125 0.046875
0 0.80859375 0.13203125 0.0453125 0.0453125
0 0.85234375 0.13359375 0.0453125 0.0453125
0 0.8953125 0.1328125 0.0453125 0.0453125
0 0.82578125 0.16875 0.04375 0.0453125
0 0.846875 0.20703125 0.0453125 0.046875
0 0.865625 0.2453125 0.0453125 0.0453125
0 0.88984375 0.2890625 0.0453125 0.04375
0 0.903125 0.32265625 0.046875 0.04375
0 0.92265625 0.3609375 0.0484375 0.0421875
0 0.93984375 0.13671875 0.0453125 0.046875
0 0.9828125 0.14140625 0.034375 0.0453125
0 0.871875 0.171875 0.0453125 0.0453125
0 0.91484375 0.1734375 0.046875 0.0453125
0 0.890625 0.21015625 0.046875 0.0453125
0 0.96171875 0.17578125 0.046875 0.0453125
0 0.9390625 0.21484375 0.046875 0.0421875
0 0.9125 0.24921875 0.0484375 0.0453125
0 0.99296875 0.178125 0.0140625 0.046875
0 0.98125 0.21796875 0.0375 0.0453125
0 0.95546875 0.25 0.04375 0.04375
0 0.9890625 0.25546875 0.021875 0.0453125
0 0.95390625 0.409375 0.040625 0.040625
0 0.96796875 0.44609375 0.0453125 0.04375
0 0.9296875 0.290625 0.04375 0.0421875
0 0.9765625 0.2921875 0.04375 0.0453125
0 0.953125 0.32890625 0.04375 0.0453125
0 0.97421875 0.37109375 0.04375 0.0453125
0 0.9875 0.49609375 0.025 0.0453125
0 0.98671875 0.3328125 0.0265625 0.04375
0 0.98671875 0.41015625 0.0265625 0.0421875