0 0.20390625 0.59453125 0.0734375 0.0734375
0 0.4125 0.340625 0.0765625 0.075
0 0.2390625 0.5375 0.071875 0.071875
0 0.165625 0.6515625 0.071875 0.0765625
0 0.5734375 0.1234375 0.0765625 0.0734375
0 0.03125 0.7953125 0.0625 0.075
0 0.11953125 0.87578125 0.071875 0.0703125
0 0.01796875 0.57578125 0.0359375 0.0734375
0 0.13984375 0.5796875 0.0734375 0.0734375
0 0.2296875 0.65546875 0.0734375 0.0703125
0 0.35546875 0.50703125 0.071875 0.06875
0 0.45546875 0.28828125 0.0765625 0.0765625
0 0.034375 0.51875 0.06875 0.075
0 0.1296875 0.47109375 0.075 0.075
0 0.37265625 0.396875 0.075 0.0765625
0 0.05625 0.8546875 0.075 0.0734375
0 0.471875 0.16796875 0.078125 0.078125
0 0.096875 0.5265625 0.071875 0.075
0 0.1203125 0.6921875 0.075 0.0703125
0 0.06171875 0.57734375 0.0703125 0.071875
0 0.5484375 0.05703125 0.075 0.075
0 0.30546875 0.55234375 0.0765625 0.0734375
0 0.09375 0.80078125 0.0765625 0.075
0 0.5375 0.17890625 0.0765625 0.0765625
0 0.2796875 0.48984375 0.0734375 0.0703125
0 0.5890625 0.02109375 0.0703125 0.0375
0 0.396875 0.46328125 0.071875 0.071875
0 0.10703125 0.4125 0.075 0.075
0 0.27109375 0.60546875 0.071875 0.0703125
0 0.49609375 0.23359375 0.075 0.075
0 0.17578125 0.521875 0.0734375 0.0734375
0 0.50546875 0.10390625 0.075 0.071875
0 0.0640625 0.73984375 0.0734375 0.075
0 0.34375 0.33359375 0.0734375 0.0734375
0 0.30390625 0.38671875 0.0765625 0.075
0 0.4015625 0.0484375 0.0734375 0.0703125
0 0.1 0.6328125 0.0796875 0.0734375
0 0.384375 0.28203125 0.078125 0.078125
0 0.14375 0.75234375 0.071875 0.071875
0 0.4390625 0.41328125 0.075 0.0765625
0 0.47265625 0.48046875 0.075 0.0734375
0 0.17265625 0.4140625 0.0734375 0.0765625
0 0.08203125 0.921875 0.0671875 0.0453125
0 0.18828125 0.71328125 0.0765625 0.075
0 0.21328125 0.1015625 0.078125 0.078125
0 0.075 0.24765625 0.071875 0.075
0 0.20859375 0.01171875 0.0734375 0.0234375
0 0.42421875 0.5234375 0.0734375 0.0703125
0 0.21171875 0.3515625 0.071875 0.075
0 0.328125 0.44609375 0.075 0.075
0 0.315625 0.27421875 0.071875 0.0734375
0 0.14921875 0.35546875 0.071875 0.0765625
0 0.21484375 0.46875 0.0734375 0.075
0 0.515625 0.42734375 0.0734375 0.0734375
0 0.66328125 0.0375 0.0703125 0.0453125
0 0.61484375 0.07109375 0.0796875 0.078125
0 0.2515625 0.1578125 0.0828125 0.078125
0 0.2859375 0.21953125 0.0734375 0.071875
0 0.06640625 0.46015625 0.075 0.075
0 0.159375 0.82578125 0.071875 0.06875
0 0.01640625 0.7265625 0.0328125 0.075
0 0.69921875 0.0859375 0.0796875 0.075
0 0.01953125 0.44453125 0.0390625 0.0734375
0 0.51328125 0.01953125 0.0734375 0.0390625
0 0.25390625 0.04765625 0.075 0.0765625
0 0.24609375 0.271875 0.0734375 0.075
0 0.2984375 0.6796875 0.06875 0.06875
0 0.33828125 0.62734375 0.0734375 0.0703125
0 0.28671875 0.10390625 0.0765625 0.071875
0 0.275 0.3265625 0.0734375 0.071875
0 0.25625 0.71796875 0.06875 0.06875
0 0.4828125 0.36015625 0.075 0.0765625
0 0.23984375 0.41015625 0.0734375 0.0765625
0 0.3234375 0.165625 0.075 0.0734375
0 0.02734375 0.9046875 0.0546875 0.059375
0 0.56328125 0.24296875 0.071875 0.075
0 0.046875 0.671875 0.078125 0.075
0 0.10390625 0.18828125 0.0703125 0.0734375
0 0.7421875 0.0484375 0.0703125 0.0421875
0 0.36640625 0.015625 0.0734375 0.03125
0 0.77265625 0.1078125 0.075 0.075
0 0.35625 0.21875 0.075 0.0765625
0 0.28125 0.01171875 0.071875 0.0234375
0 0.1125 0.3015625 0.0765625 0.0796875
0 0.14296875 0.24375 0.0703125 0.071875
0 0.384375 0.5828125 0.071875 0.071875
0 0.05703125 0.19453125 0.040625 0.071875
0 0.184375 0.28984375 0.0734375 0.071875
0 0.2046875 0.78203125 0.0703125 0.071875
0 0.5609375 0.3796875 0.0765625 0.071875
1 0.009375 0.8515625 0.01875 0.08125
1 0.00546875 0.6375 0.0109375 0.065625
1 0.04296875 0.38203125 0.0671875 0.0765625
1 0.0515625 0.31484375 0.065625 0.0671875
1 0.125 0.015625 0.075 0.03125
1 0.1734375 0.04296875 0.09375 0.075
1 0.0890625 0.0625 0.0625 0.078125
1 0.075 0.1171875 0.0484375 0.0578125
1 0.1296875 0.10078125 0.0734375 0.0609375
1 0.1609375 0.15546875 0.0703125 0.0796875
1 0.203125 0.2171875 0.071875 0.078125
1 0.81875 0.06484375 0.071875 0.05
1 0.4421875 0.01015625 0.075 0.0203125
1 0.3234375 0.046875 0.071875 0.078125
1 0.4703125 0.04921875 0.071875 0.078125
1 0.35625 0.10703125 0.0796875 0.0640625
1 0.43125 0.1046875 0.0859375 0.0640625
1 0.6453125 0.125 0.065625 0.059375
1 0.7234375 0.1609375 0.06875 0.0640625
1 0.61015625 0.1828125 0.0640625 0.065625
1 0.68125 0.21015625 0.0765625 0.0703125
1 0.40078125 0.165625 0.0828125 0.06875
1 0.42265625 0.228125 0.078125 0.075
1 0.640625 0.27109375 0.06875 0.0734375
1 0.59296875 0.3109375 0.0765625 0.065625
1 0.52421875 0.3046875 0.0796875 0.0765625