1 0.14140625 0.5 0.2109375 0.2015625
1 0.30703125 0.48203125 0.1859375 0.209375
1 0.46875 0.4296875 0.21875 0.25
1 0.653125 0.396875 0.2234375 0.2203125
1 0.8390625 0.33046875 0.2078125 0.2015625
1 0.91953125 0.47578125 0.1609375 0.2078125
1 0.76640625 0.5 0.209375 0.24375
1 0.89609375 0.634375 0.2078125 0.215625
1 0.97109375 0.7734375 0.0578125 0.221875
1 0.59296875 0.553125 0.203125 0.2390625
1 0.73046875 0.67734375 0.196875 0.2078125
1 0.8703125 0.809375 0.20625 0.2125
1 0.9296875 0.8875 0.140625 0.128125
1 0.7828125 0.91171875 0.1796875 0.128125
1 0.68203125 0.84765625 0.2140625 0.2140625
1 0.56171875 0.7140625 0.2125 0.225
1 0.42890625 0.6140625 0.209375 0.2109375
1 0.24453125 0.653125 0.2140625 0.2125
1 0.3609375 0.775 0.2109375 0.2453125
1 0.490625 0.8703125 0.2125 0.2125
1 0.6125 0.93984375 0.203125 0.1203125
1 0.14765625 0.9390625 0.1921875 0.121875
1 0.32109375 0.92265625 0.2078125 0.1546875
1 0.19296875 0.8203125 0.1828125 0.2046875
1 0.09453125 0.6796875 0.175 0.2265625
1 0.0828125 0.83984375 0.1046875 0.1921875