0 0.58359375 0.14765625 0.06875 0.06875
0 0.05078125 0.1765625 0.0671875 0.065625
0 0.0109375 0.18203125 0.021875 0.0671875
0 0.25546875 0.0859375 0.0703125 0.065625
0 0.32421875 0.0734375 0.0703125 0.06875
0 0.54296875 0.09375 0.0671875 0.0625
0 0.9296875 0.09375 0.0546875 0.065625
0 0.021875 0.11796875 0.04375 0.0671875
0 0.75390625 0.065625 0.06875 0.06875
0 0.678125 0.084375 0.0671875 0.065625
0 0.3875 0.0640625 0.0703125 0.0671875
0 0.89921875 0.03359375 0.0703125 0.0671875
0 0.5109375 0.04609375 0.0671875 0.065625
0 0.48515625 0.10390625 0.0671875 0.065625
0 0.171875 0.14921875 0.065625 0.065625
0 0.21171875 0.20078125 0.06875 0.0671875
0 0.36015625 0.125 0.0671875 0.0640625
0 0.7984375 0.1125 0.06875 0.065625
0 0.87265625 0.0984375 0.0671875 0.065625
0 0.5421875 0.009375 0.065625 0.01875
0 0.6453125 0.03671875 0.0703125 0.0671875
0 0.2953125 0.13203125 0.0703125 0.06875
0 0.33515625 0.1875 0.0703125 0.06875
0 0.07421875 0.11875 0.06875 0.06875
0 0.521875 0.15703125 0.065625 0.0640625
0 0.44921875 0.0578125 0.06875 0.0671875
0 0.2328125 0.140625 0.065625 0.0640625
0 0.64765625 0.13984375 0.0703125 0.06875
0 0.7078125 0.03046875 0.06875 0.0609375
0 0.40234375 0.18125 0.0671875 0.065625
0 0.13125 0.096875 0.06875 0.06875
0 0.4609375 0.16875 0.0671875 0.065625
0 0.83125 0.05859375 0.0671875 0.065625
0 0.196875 0.0921875 0.0671875 0.065625
0 0.47890625 0.015625 0.0671875 0.03125
0 0.41796875 0.1078125 0.0671875 0.065625
0 0.34609375 0.02734375 0.0703125 0.03125
0 0.2203125 0.04765625 0.06875 0.040625
0 0.14453125 0.2046875 0.06875 0.0671875
0 0.02890625 0.22890625 0.0578125 0.0640625
0 0.71796875 0.121875 0.071875 0.06875
0 0.84765625 0.0109375 0.0671875 0.021875
0 0.2828125 0.03671875 0.0640625 0.034375
0 0.08359375 0.21328125 0.065625 0.0640625
0 0.15703125 0.05 0.06875 0.03125
0 0.41484375 0.02421875 0.065625 0.0421875
0 0.26796875 0.18125 0.0671875 0.0609375
0 0.10859375 0.1578125 0.065625 0.0609375
0 0.5734375 0.02890625 0.06875 0.0578125
0 0.0921875 0.0609375 0.06875 0.0375
0 0.60546875 0.0046875 0.0671875 0.009375