0 0.48125 0.659375 0.1765625 0.14375
0 0.31796875 0.65546875 0.15 0.128125
0 0.06015625 0.5640625 0.11953125 0.125
0 0.509375 0.90703125 0.146875 0.13125
0 0.096875 0.221875 0.1390625 0.12734375
0 0.3703125 0.5296875 0.146875 0.1265625
0 0.40390625 0.06328125 0.1609375 0.1265625
0 0.74453125 0.71328125 0.19296875 0.16484375
0 0.65546875 0.44140625 0.1796875 0.13828125
0 0.42421875 0.790625 0.1703125 0.13984375
0 0.11796875 0.44765625 0.14140625 0.12734375
0 0.3046875 0.41484375 0.1578125 0.14453125
0 0.57890625 0.7453125 0.1328125 0.1296875
0 0.484375 0.178125 0.16328125 0.1390625
0 0.2640625 0.1765625 0.1421875 0.16328125
0 0.2046875 0.915625 0.1296875 0.13125
0 0.65625 0.84453125 0.1390625 0.128125
0 0.2203125 0.54609375 0.13359375 0.121875
0 0.0453125 0.33828125 0.090625 0.1203125
0 0.3453125 0.89453125 0.13828125 0.12734375
0 0.259375 0.78359375 0.14296875 0.13125
0 0.04296875 0.6921875 0.0859375 0.12890625
0 0.1125 0.7984375 0.13359375 0.1296875
0 0.2015625 0.3296875 0.15078125 0.1234375
0 0.5046875 0.4625 0.1640625 0.1359375
0 0.62421875 0.61796875 0.13359375 0.1296875
0 0.78125 0.559375 0.184375 0.140625
0 0.76484375 0.94140625 0.1578125 0.11015625
0 0.60078125 0.959375 0.1640625 0.08125
0 0.5421875 0.31796875 0.146875 0.13125
0 0.0171875 0.4515625 0.03359375 0.13984375
0 0.434375 0.97890625 0.1515625 0.04140625
0 0.05859375 0.03125 0.1171875 0.0625
0 0.015625 0.81484375 0.0296875 0.1453125
0 0.3671875 0.28203125 0.14921875 0.128125
0 0.03515625 0.1296875 0.0703125 0.12421875
0 0.16875 0.66640625 0.1375 0.12421875
0 0.29140625 0.98125 0.14609375 0.0375
0 0.6859375 0.29921875 0.1375 0.12578125
0 0.63984375 0.16875 0.12421875 0.1125
0 0.071875 0.9375 0.13203125 0.1171875
0 0.165625 0.1 0.10703125 0.10703125
0 0.56875 0.046875 0.134375 0.09375
0 0.303125 0.034375 0.1125 0.06796875