0 0.74453125 0.0078125 0.0671875 0.015625
0 0.00546875 0.221875 0.0109375 0.065625
0 0.83671875 0.08515625 0.0703125 0.06875
0 0.85 0.21015625 0.06875 0.06875
0 0.35390625 0.03515625 0.0671875 0.053125
0 0.93515625 0.03203125 0.0546875 0.0640625
0 0.646875 0.23671875 0.06875 0.0671875
0 0.453125 0.196875 0.065625 0.065625
0 0.90625 0.08515625 0.06875 0.0671875
0 0.0796875 0.26953125 0.06875 0.065625
0 0.71171875 0.2234375 0.065625 0.0671875
0 0.6234375 0.1109375 0.0671875 0.0671875
0 0.9484375 0.15859375 0.0515625 0.0625
0 0.06640625 0.15234375 0.0671875 0.0671875
0 0.3796875 0.203125 0.0671875 0.06875
0 0.7640625 0.10703125 0.0671875 0.06875
0 0.04375 0.22578125 0.0671875 0.06875
0 0.1421875 0.27265625 0.065625 0.0640625
0 0.70390625 0.11171875 0.065625 0.065625
0 0.50078125 0.1515625 0.0671875 0.0640625
0 0.9046875 0.00625 0.06875 0.0125
0 0.3390625 0.2546875 0.0671875 0.0671875
0 0.62578125 0.29609375 0.06875 0.06875
0 0.4546875 0.1015625 0.065625 0.065625
0 0.0171875 0.15859375 0.034375 0.0671875
0 0.859375 0.0265625 0.06875 0.053125
0 0.13203125 0.1453125 0.0671875 0.065625
0 0.30625 0.20234375 0.065625 0.0671875
0 0.815625 0.26640625 0.065625 0.0640625
0 0.3421875 0.1453125 0.065625 0.065625
0 0.81015625 0.00546875 0.0640625 0.0109375
0 0.23984375 0.21328125 0.065625 0.0671875
0 0.8125 0.1515625 0.0671875 0.0640625
0 0.7859375 0.04296875 0.071875 0.06875
0 0.27265625 0.1453125 0.0671875 0.0671875
0 0.5171875 0.084375 0.0625 0.0640625
0 0.65078125 0.05859375 0.0671875 0.065625
0 0.0953125 0.10078125 0.065625 0.0640625
0 0.67890625 0.01484375 0.0640625 0.0296875
0 0.23046875 0.04375 0.065625 0.0484375
0 0.67421875 0.1703125 0.065625 0.06875
0 0.5390625 0.028125 0.06875 0.05625
0 0.58125 0.0625 0.06875 0.0640625
0 0.9171875 0.20546875 0.065625 0.0671875
0 0.0296875 0.10390625 0.059375 0.0703125
0 0.121875 0.0578125 0.0671875 0.0578125
0 0.715625 0.0375 0.06875 0.0640625
0 0.31640625 0.33046875 0.065625 0.065625
0 0.053125 0.0515625 0.065625 0.0328125
0 0.50234375 0.2515625 0.06875 0.0640625
0 0.2046875 0.265625 0.0671875 0.06875
0 0.61640625 0.021875 0.0671875 0.04375
0 0.6140625 0.1890625 0.0640625 0.065625
0 0.175 0.08984375 0.0671875 0.0671875
0 0.54140625 0.29765625 0.0671875 0.06875
0 0.75234375 0.278125 0.065625 0.065625
0 0.00859375 0.05546875 0.0171875 0.0296875
0 0.23515625 0.09375 0.0640625 0.0609375
0 0.953125 0.09453125 0.03125 0.0640625
0 0.2921875 0.0390625 0.0640625 0.05
0 0.315625 0.0859375 0.0671875 0.0640625
0 0.5578125 0.11796875 0.0671875 0.065625
0 0.2453125 0.325 0.0671875 0.0671875
0 0.3921875 0.09765625 0.065625 0.065625
0 0.175 0.31640625 0.06875 0.0640625
0 0.37890625 0.31328125 0.065625 0.0671875
0 0.69140625 0.28359375 0.065625 0.0671875
1 0.0234375 0.2828125 0.046875 0.059375
1 0.11171875 0.3265625 0.065625 0.0625
1 0.41875 0.26171875 0.06875 0.059375
1 0.10546875 0.2078125 0.0609375 0.0546875
1 0.271875 0.265625 0.0609375 0.0578125
1 0.46171875 0.30859375 0.0640625 0.065625
1 0.5421875 0.19375 0.0609375 0.0609375
1 0.421875 0.0375 0.0671875 0.0671875
1 0.94375 0.25546875 0.071875 0.059375
1 0.87421875 0.14296875 0.0625 0.05625
0 0.4140625 0.15234375 0.0703125 0.0640625
1 0.77734375 0.20859375 0.06875 0.0640625
1 0.19296875 0.140625 0.0640625 0.05625
0 0.96328125 0.20390625 0.0296875 0.0515625
1 0.16953125 0.20390625 0.059375 0.0609375
1 0.8765625 0.25859375 0.059375 0.059375
1 0.57734375 0.24140625 0.0734375 0.0640625
1 0.046875 0.33125 0.0609375 0.0609375
0 0.1734375 0.034375 0.065625 0.021875
1 0.73359375 0.15625 0.065625 0.05