0 0.74609375 0.8171875 0.075 0.075
0 0.75703125 0.88046875 0.0765625 0.075
0 0.79765625 0.75625 0.078125 0.0796875
0 0.85625 0.728125 0.078125 0.078125
0 0.7734375 0.9390625 0.078125 0.075
0 0.8125 0.82421875 0.0765625 0.0765625
0 0.78359375 0.98125 0.0765625 0.0375
0 0.696875 0.62890625 0.075 0.075
1 0.7609375 0.58125 0.2109375 0.1203125
0 0.72265625 0.69140625 0.075 0.075
1 0.81328125 0.68828125 0.090625 0.075
1 0.7328125 0.75390625 0.0875 0.06875
1 0.87265625 0.79140625 0.0765625 0.075
1 0.92109375 0.8046875 0.05 0.06875
1 0.88515625 0.85703125 0.090625 0.0734375
1 0.83203125 0.88359375 0.096875 0.075
1 0.89375 0.9078125 0.053125 0.06875
1 0.83828125 0.94921875 0.0734375 0.0703125
0 0.85390625 0.98828125 0.0765625 0.0234375