0 0.6484375 0.4890625 0.08125 0.078125
0 0.95703125 0.64453125 0.0796875 0.078125
0 0.975 0.8171875 0.05 0.075
0 0.16953125 0.48203125 0.0796875 0.078125
0 0.91015625 0.4125 0.0828125 0.078125
0 0.48515625 0.64609375 0.078125 0.0765625
0 0.990625 0.625 0.01875 0.075
0 0.34296875 0.496875 0.078125 0.0765625
0 0.3015625 0.44765625 0.08125 0.0765625
0 0.21875 0.15625 0.08125 0.078125
0 0.41875 0.6640625 0.078125 0.078125
0 0.95234375 0.71015625 0.0796875 0.0796875
0 0.43671875 0.775 0.08125 0.078125
0 0.8890625 0.72421875 0.078125 0.078125
0 0.540625 0.43828125 0.0765625 0.0796875
0 0.73671875 0.40703125 0.0796875 0.078125
0 0.5 0.58046875 0.078125 0.078125
0 0.43984375 0.60078125 0.0765625 0.0765625
0 0.80859375 0.55546875 0.078125 0.075
0 0.93671875 0.77578125 0.0765625 0.0765625
0 0.79453125 0.79921875 0.08125 0.078125
0 0.246875 0.64140625 0.0796875 0.0765625
0 0.93359375 0.2796875 0.0640625 0.075
0 0.50703125 0.3203125 0.0796875 0.0765625
0 0.453125 0.5328125 0.0796875 0.078125
0 0.96796875 0.57734375 0.0640625 0.0765625
0 0.4640625 0.7109375 0.075 0.0734375
0 0.66953125 0.59609375 0.075 0.075
0 0.584375 0.50078125 0.071875 0.071875
0 0.31171875 0.62734375 0.0765625 0.075
0 0.0328125 0.5890625 0.0625 0.0734375
0 0.56484375 0.74140625 0.078125 0.0765625
0 0.71640625 0.46875 0.075 0.075
0 0.9828125 0.50078125 0.034375 0.0703125
0 0.35703125 0.85703125 0.08125 0.078125
0 0.7796875 0.86640625 0.0765625 0.0765625
0 0.409375 0.48515625 0.078125 0.078125
0 0.9671875 0.39140625 0.053125 0.0671875
0 0.89375 0.475 0.078125 0.0765625
0 0.98046875 0.75625 0.0390625 0.078125
0 0.56171875 0.5671875 0.078125 0.078125
0 0.87578125 0.54375 0.075 0.075
0 0.65390625 0.04140625 0.078125 0.075
0 0.796875 0.38359375 0.075 0.078125
0 0.86640625 0.78359375 0.08125 0.078125
0 0.85546875 0.36171875 0.0796875 0.0796875
0 0.26328125 0.58125 0.078125 0.078125
0 0.75 0.3328125 0.0796875 0.078125
0 0.7796875 0.4546875 0.078125 0.078125
0 0.853125 0.6015625 0.075 0.075
0 0.80625 0.13125 0.078125 0.078125
0 0.15859375 0.73515625 0.0828125 0.078125
0 0.43046875 0.40703125 0.0796875 0.0765625
0 0.5234375 0.69609375 0.0734375 0.0734375
0 0.721875 0.215625 0.0796875 0.078125
0 0.325 0.5609375 0.0734375 0.0734375
0 0.78984375 0.6203125 0.0765625 0.075
0 0.9171875 0.59609375 0.0765625 0.0734375
0 0.734375 0.58203125 0.078125 0.0765625
0 0.50859375 0.75859375 0.0734375 0.0734375
0 0.08671875 0.5703125 0.075 0.075
0 0.659375 0.24140625 0.078125 0.0765625
0 0.2796875 0.51015625 0.075 0.075
0 0.83125 0.496875 0.078125 0.0765625
0 0.33125 0.74296875 0.075 0.0765625
0 0.43359375 0.16484375 0.0796875 0.078125
0 0.60703125 0.4390625 0.0796875 0.078125
0 0.29296875 0.6875 0.0765625 0.0734375
0 0.8265625 0.665625 0.0765625 0.0765625
0 0.7078125 0.28359375 0.0765625 0.0765625
0 0.49453125 0.14375 0.0765625 0.0765625
0 0.88984375 0.66015625 0.078125 0.078125
0 0.253125 0.39765625 0.078125 0.078125
0 0.71640625 0.034375 0.0765625 0.06875
0 0.37265625 0.60625 0.075 0.075
0 0.93984375 0.525 0.0796875 0.0765625
0 0.6234375 0.5515625 0.078125 0.0765625
0 0.75390625 0.7515625 0.0796875 0.075
0 0.440625 0.34140625 0.078125 0.078125
0 0.6515625 0.66171875 0.0765625 0.0765625
0 0.6890625 0.5359375 0.075 0.075
0 0.14140625 0.54609375 0.0796875 0.078125
0 0.58046875 0.06171875 0.078125 0.0765625
0 0.36953125 0.79296875 0.075 0.075
0 0.7171875 0.64296875 0.0796875 0.0765625
0 0.990625 0.690625 0.01875 0.06875
0 0.0421875 0.5203125 0.08125 0.078125
0 0.0734375 0.6359375 0.0796875 0.0765625
0 0.75234375 0.51796875 0.078125 0.0765625
0 0.471875 0.03671875 0.08125 0.0734375
0 0.19375 0.41875 0.0765625 0.0765625
0 0.846875 0.015625 0.078125 0.03125
0 0.4546875 0.953125 0.08125 0.0796875
0 0.959375 0.8734375 0.0765625 0.0671875
0 0.74296875 0.15078125 0.0796875 0.078125
0 0.52421875 0.93671875 0.075 0.0765625
0 0.4765625 0.21328125 0.08125 0.078125
0 0.57421875 0.3046875 0.0828125 0.08125
0 0.48984375 0.81875 0.075 0.075
0 0.31640625 0.38046875 0.0765625 0.075
0 0.88125 0.046875 0.0546875 0.071875
0 0.7671875 0.26171875 0.078125 0.0765625
0 0.6171875 0.7875 0.0796875 0.0765625
0 0.54765625 0.63203125 0.075 0.0765625
0 0.571875 0.12890625 0.0765625 0.0734375
0 0.525 0.25703125 0.078125 0.0765625
0 0.6453125 0.30078125 0.075 0.0765625
0 0.6734375 0.00859375 0.075 0.0171875
0 0.17890625 0.66640625 0.08125 0.078125
0 0.90390625 0.225 0.08125 0.078125
0 0.6015625 0.015625 0.078125 0.03125
0 0.19375 0.5984375 0.0765625 0.078125
0 0.13203125 0.61328125 0.075 0.075
0 0.3296875 0.31953125 0.078125 0.0765625
0 0.31171875 0.809375 0.0765625 0.0765625
0 0.95859375 0.45234375 0.075 0.075
0 0.7140625 0.88203125 0.0734375 0.0703125
0 0.390625 0.54765625 0.0765625 0.075
0 0.10546875 0.49609375 0.0765625 0.075
0 0.125 0.2484375 0.0765625 0.0765625
0 0.33828125 0.20234375 0.078125 0.0765625
0 0.58515625 0.6796875 0.0796875 0.0765625
0 0.790625 0.19921875 0.075 0.075
0 0.46171875 0.27421875 0.0765625 0.0765625
0 0.3921875 0.72734375 0.08125 0.078125
0 0.24453125 0.83046875 0.0796875 0.078125
0 0.753125 0.925 0.0796875 0.06875
0 0.20390625 0.075 0.0734375 0.046875
0 0.6359375 0.72265625 0.0765625 0.075
0 0.60859375 0.6125 0.0734375 0.0703125
0 0.05625 0.4484375 0.0796875 0.0765625
0 0.56484375 0.978125 0.0640625 0.04375
0 0.265625 0.76484375 0.0796875 0.0765625
0 0.17890625 0.2875 0.0796875 0.0765625
0 0.51796875 0.08828125 0.0703125 0.06875
0 0.315625 0.259375 0.0765625 0.0734375
0 0.23984375 0.465625 0.0765625 0.075
0 0.2953125 0.87734375 0.0765625 0.0765625
0 0.628125 0.9640625 0.075 0.053125
1 0.8359375 0.24921875 0.0796875 0.08125
0 0.67265625 0.425 0.0734375 0.075
0 0.02890625 0.39921875 0.0578125 0.0765625
0 0.25 0.26640625 0.0765625 0.0796875
0 0.00859375 0.34921875 0.0171875 0.0734375
1 0.665625 0.83828125 0.0734375 0.0703125
0 0.0671875 0.26875 0.0734375 0.0765625
1 0.846875 0.85 0.0796875 0.071875
1 0.81171875 0.3140625 0.071875 0.0765625
1 0.5 0.38671875 0.0796875 0.075
1 0.16796875 0.115625 0.065625 0.06875
1 0.58984375 0.92109375 0.0859375 0.0828125
1 0.840625 0.4359375 0.0765625 0.06875
1 0.7828125 0.02578125 0.071875 0.0515625
1 0.6796875 0.1640625 0.071875 0.071875
1 0.728125 0.81875 0.075 0.075
1 0.475 0.4546875 0.08125 0.08125
1 0.56875 0.371875 0.075 0.071875
1 0.6296875 0.36875 0.078125 0.075
1 0.60234375 0.8546875 0.0828125 0.0765625
1 0.52109375 0.50703125 0.0796875 0.08125
0 0.5 0.00390625 0.0625 0.0078125
1 0.41640625 0.90078125 0.06875 0.0640625
1 0.7 0.09921875 0.08125 0.0734375
1 0.553125 0.809375 0.0734375 0.0765625
1 0.68515625 0.771875 0.0765625 0.0703125
1 0.61484375 0.18046875 0.078125 0.0734375
1 0.26015625 0.10546875 0.0640625 0.0671875
1 0.021875 0.28515625 0.04375 0.0765625
1 0.77109375 0.69140625 0.065625 0.0703125
1 0.91484375 0.8375 0.078125 0.075
1 0.08359375 0.196875 0.0671875 0.06875
1 0.546875 0.19140625 0.0765625 0.0703125
1 0.2140625 0.5296875 0.0734375 0.0671875
0 0.23046875 0.71015625 0.0796875 0.0765625
1 0.81796875 0.734375 0.075 0.071875
0 0.68984375 0.94453125 0.06875 0.0578125
1 0.65390625 0.903125 0.071875 0.0734375
0 0.115625 0.68046875 0.075 0.075
1 0.14765625 0.18046875 0.078125 0.075
1 0.4453125 0.096875 0.0703125 0.0703125
1 0.76484375 0.07734375 0.075 0.071875
1 0.6328125 0.11328125 0.075 0.078125
1 0.86953125 0.115625 0.0765625 0.0734375
1 0.3953125 0.2953125 0.071875 0.0703125
1 0.409375 0.23203125 0.0734375 0.06875
1 0.59375 0.24296875 0.0734375 0.078125
1 0.39140625 0.96953125 0.0796875 0.0609375
1 0.1265625 0.4265625 0.0765625 0.06875
1 0.8734375 0.3 0.078125 0.06875
1 0.1515625 0.36484375 0.071875 0.0734375
1 0.2109375 0.346875 0.078125 0.0703125
1 0.92109375 0.34609375 0.078125 0.078125
0 0.5375 0.028125 0.075 0.05625
1 0.1953125 0.2234375 0.0796875 0.0703125
1 0.85625 0.178125 0.0765625 0.06875
1 0.68671875 0.35859375 0.0703125 0.075
1 0.9125 0.16015625 0.05 0.071875
1 0.36484375 0.13671875 0.075 0.071875
1 0.42578125 0.840625 0.078125 0.0703125
1 0.3890625 0.075 0.08125 0.075
1 0.03125 0.2140625 0.0625 0.06875
1 0.48046875 0.8828125 0.0765625 0.0796875
1 0.08125 0.38203125 0.08125 0.0796875
1 0.0546875 0.14765625 0.0734375 0.0765625
1 0.3671875 0.42890625 0.0703125 0.0703125
1 0.83125 0.06640625 0.0703125 0.071875
1 0.11171875 0.31796875 0.08125 0.071875
0 0.3859375 0.36171875 0.0734375 0.075
1 0.70234375 0.70703125 0.0765625 0.071875
1 0.31953125 0.08515625 0.0796875 0.0828125
1 0.5390625 0.86796875 0.0703125 0.0703125
1 0.015625 0.1640625 0.03125 0.08125
1 0.26875 0.20625 0.0703125 0.0734375
1 0.11015625 0.1296875 0.075 0.0703125
1 0.29921875 0.14921875 0.0765625 0.0640625
1 0.35703125 0.92265625 0.08125 0.071875
0 0.20390625 0.78125 0.0671875 0.0703125
1 0.34921875 0.03671875 0.0703125 0.04375
1 0.271875 0.3296875 0.0640625 0.0640625
0 0.0078125 0.52890625 0.015625 0.0640625
1 0.046875 0.33203125 0.0734375 0.0671875
1 0.82578125 0.909375 0.078125 0.0640625
1 0.8921875 0.89140625 0.078125 0.065625
1 0.27890625 0.05078125 0.078125 0.0390625
1 0.0140625 0.46875 0.028125 0.0625
1 0.50703125 0.98515625 0.0671875 0.0296875
0 0.96640625 0.33671875 0.0296875 0.06875
1 0.43515625 0.99453125 0.0859375 0.0109375
0 0.99140625 0.4421875 0.0171875 0.065625
0 0.3625 0.67421875 0.065625 0.065625
1 0.41875 0.01640625 0.071875 0.0328125