1 0.34921875 0.14921875 0.2265625 0.228125
1 0.18515625 0.8109375 0.21875 0.2265625
1 0.90703125 0.4453125 0.1859375 0.215625
1 0.68515625 0.83125 0.2328125 0.2265625
1 0.27890625 0.48125 0.21875 0.209375
1 0.09296875 0.4984375 0.1859375 0.225
1 0.14296875 0.35078125 0.2203125 0.215625
1 0.60859375 0.35703125 0.234375 0.2296875
1 0.32734375 0.91875 0.2171875 0.1625
1 0.0703125 0.22890625 0.140625 0.2296875
1 0.49921875 0.884375 0.23125 0.225
1 0.0921875 0.678125 0.1640625 0.2078125
1 0.790625 0.3078125 0.23125 0.2234375
1 0.48046875 0.25390625 0.2234375 0.2265625
1 0.19296875 0.1953125 0.209375 0.2265625
1 0.40859375 0.62109375 0.225 0.2203125
1 0.74453125 0.4890625 0.2375 0.23125
1 0.35703125 0.76328125 0.228125 0.221875
1 0.22578125 0.6296875 0.2296875 0.2421875
1 0.82109375 0.1578125 0.21875 0.2234375
1 0.6859375 0.06015625 0.228125 0.1203125
1 0.6640625 0.19296875 0.2265625 0.228125
1 0.8515625 0.7953125 0.2265625 0.225
1 0.525 0.10390625 0.225 0.2078125
1 0.18203125 0.9359375 0.1796875 0.128125
1 0.328125 0.3203125 0.215625 0.2171875
1 0.44375 0.45703125 0.2203125 0.221875
1 0.54296875 0.71015625 0.228125 0.21875
1 0.7140625 0.6546875 0.209375 0.2125
1 0.6234375 0.9421875 0.2125 0.115625
1 0.88203125 0.61640625 0.2359375 0.2296875
1 0.91875 0.29765625 0.1296875 0.1953125
1 0.57734375 0.5578125 0.221875 0.2265625
1 0.0265625 0.396875 0.053125 0.209375
1 0.83046875 0.04296875 0.1390625 0.0859375
1 0.44921875 0.971875 0.1765625 0.05625
1 0.80546875 0.9046875 0.1921875 0.1046875
1 0.08125 0.1265625 0.1625 0.1
1 0.39453125 0.03984375 0.1796875 0.0796875
1 0.23203125 0.07734375 0.175 0.0875
1 0.09140625 0.834375 0.09375 0.221875
1 0.55625 0.01015625 0.1875 0.0203125