0 0.36328125 0.0421875 0.1296875 0.071875
1 0.88359375 0.06484375 0.0765625 0.0609375
0 0.4546875 0.0703125 0.134375 0.1328125
1 0.8703125 0.12109375 0.08125 0.0703125
1 0.74453125 0.31953125 0.1234375 0.1046875
1 0.90859375 0.2109375 0.0953125 0.0921875
1 0.9046875 0.29609375 0.115625 0.1015625
1 0.76640625 0.16640625 0.1015625 0.1109375
1 0.69296875 0.1390625 0.0734375 0.0671875
1 0.82421875 0.0234375 0.0671875 0.046875
1 0.8015625 0.08828125 0.0953125 0.078125
0 0.60390625 0.04296875 0.1171875 0.0859375
0 0.74296875 0.040625 0.1015625 0.08125
0 0.6203125 0.109375 0.0984375 0.0921875