0 0.87421875 0.45859375 0.0734375 0.0734375
0 0.1875 0.26015625 0.075 0.075
0 0.66015625 0.58203125 0.075 0.0734375
0 0.7796875 0.5546875 0.075 0.0734375
0 0.375 0.8140625 0.0765625 0.075
0 0.340625 0.33046875 0.0765625 0.075
0 0.07578125 0.24765625 0.075 0.075
0 0.64921875 0.70546875 0.0734375 0.0734375
0 0.02890625 0.46875 0.0578125 0.075
0 0.39296875 0.5390625 0.075 0.075
0 0.82890625 0.51171875 0.0765625 0.075
0 0.65 0.246875 0.0765625 0.0734375
0 0.2734375 0.91953125 0.0796875 0.0765625
0 0.11328125 0.4109375 0.075 0.075
0 0.37578125 0.26875 0.078125 0.075
0 0.11328125 0.765625 0.071875 0.0703125
0 0.44140625 0.821875 0.075 0.075
0 0.234375 0.10703125 0.0765625 0.075
0 0.3109375 0.8 0.075 0.0734375
0 0.0515625 0.3046875 0.05625 0.0734375
0 0.69296875 0.653125 0.0734375 0.0734375
0 0.45625 0.6578125 0.0765625 0.075
0 0.58359375 0.02734375 0.0734375 0.0515625
0 0.59765625 0.56640625 0.071875 0.071875
0 0.5328125 0.44296875 0.0734375 0.0734375
0 0.0140625 0.57109375 0.028125 0.0703125
0 0.5859375 0.1296875 0.0796875 0.0765625
0 0.928125 0.28046875 0.0765625 0.075
0 0.6546875 0.134375 0.075 0.0734375
0 0.915625 0.10078125 0.0765625 0.06875
0 0.44375 0.27109375 0.0734375 0.0734375
0 0.0484375 0.40859375 0.075 0.075
0 0.575 0.49609375 0.078125 0.0734375
0 0.58359375 0.68359375 0.071875 0.071875
0 0.75703125 0.4953125 0.0765625 0.075
0 0.3609375 0.46171875 0.0765625 0.0765625
0 0.27578125 0.328125 0.075 0.075
0 0.17109375 0.43671875 0.0734375 0.0734375
0 0.3390625 0.21328125 0.078125 0.0734375
0 0.29609375 0.45234375 0.0734375 0.0734375
0 0.97265625 0.11328125 0.0546875 0.0671875
0 0.46484375 0.8984375 0.0734375 0.0734375
0 0.4546875 0.55 0.075 0.075
0 0.77578125 0.08359375 0.078125 0.0734375
0 0.36015625 0.934375 0.078125 0.078125
0 0.490625 0.49609375 0.075 0.0734375
0 0.47890625 0.328125 0.0765625 0.075
0 0.13046875 0.90078125 0.0765625 0.0765625
0 0.74140625 0.61015625 0.075 0.075
0 0.01640625 0.70703125 0.0328125 0.0765625
0 0.6265625 0.63515625 0.075 0.071875
0 0.32578125 0.52421875 0.0765625 0.0765625
0 0.53125 0.54765625 0.0765625 0.075
0 0.50703125 0.2671875 0.075 0.075
0 0.33828125 0.39609375 0.075 0.0734375
0 0.40859375 0.2125 0.075 0.075
0 0.5203125 0.67578125 0.075 0.0765625
0 0.49453125 0.60390625 0.0765625 0.075
0 0.4 0.6921875 0.075 0.075
0 0.75 0.3171875 0.078125 0.075
0 0.54296875 0.73828125 0.075 0.0734375
0 0.5765625 0.37734375 0.0734375 0.0734375
0 0.5078125 0.85234375 0.0734375 0.0734375
0 0.69375 0.19765625 0.0796875 0.0765625
0 0.73515625 0.42890625 0.075 0.0734375
0 0.25078125 0.2671875 0.0734375 0.071875
0 0.23125 0.453125 0.075 0.075
0 0.8734375 0.14296875 0.075 0.0734375
0 0.1765625 0.728125 0.0765625 0.075
0 0.39140625 0.09765625 0.0765625 0.0734375
0 0.6375 0.51875 0.075 0.075
0 0.62578125 0.07890625 0.0765625 0.075
0 0.79921875 0.44453125 0.078125 0.0765625
0 0.1171875 0.7 0.0765625 0.075
0 0.42421875 0.95703125 0.071875 0.075
0 0.4015625 0.87578125 0.0765625 0.0734375
0 0.0546875 0.74296875 0.075 0.071875
0 0.6015625 0.4375 0.0734375 0.0734375
0 0.2015625 0.8484375 0.0765625 0.0734375
0 0.70546875 0.365625 0.0734375 0.0734375
0 0.47734375 0.2125 0.0734375 0.0734375
0 0.77265625 0.37421875 0.075 0.071875
0 0.08984375 0.34765625 0.0765625 0.0765625
0 0.61796875 0.18671875 0.0765625 0.0734375
0 0.1203125 0.83046875 0.075 0.075
0 0.6625 0.4171875 0.0765625 0.075
0 0.721875 0.25078125 0.075 0.0734375
0 0.553125 0.809375 0.0734375 0.0734375
0 0.94453125 0.1609375 0.0765625 0.0734375
0 0.8375 0.2046875 0.078125 0.0765625
0 0.475 0.71796875 0.075 0.06875
0 0.56015625 0.62109375 0.0734375 0.0734375
0 0.3125 0.2671875 0.071875 0.0734375
0 0.4125 0.76015625 0.075 0.075
0 0.21328125 0.00859375 0.0765625 0.0171875
0 0.86328125 0.271875 0.075 0.0734375
0 0.51328125 0.3796875 0.075 0.071875
0 0.24765625 0.20234375 0.078125 0.075
0 0.046875 0.5328125 0.078125 0.075
0 0.3671875 0.1515625 0.075 0.071875
0 0.546875 0.31640625 0.0734375 0.0734375
0 0.27109375 0.39453125 0.0734375 0.0734375
0 0.609375 0.29921875 0.0765625 0.075
0 0.21171875 0.32109375 0.0765625 0.0734375
0 0.42578125 0.4796875 0.071875 0.0734375
0 0.03359375 0.61796875 0.0671875 0.0734375
0 0.221875 0.565625 0.0765625 0.0765625
0 0.3453125 0.7453125 0.0765625 0.075
0 0.9046875 0.21328125 0.0765625 0.075
0 0.35625 0.59453125 0.075 0.075
0 0.1984375 0.15859375 0.0734375 0.071875
0 0.3015625 0.09765625 0.075 0.075
0 0.065625 0.19453125 0.0421875 0.065625
0 0.17109375 0.79140625 0.071875 0.0671875
0 0.69140625 0.47578125 0.0765625 0.0734375
0 0.49453125 0.778125 0.071875 0.0734375
0 0.1390625 0.215625 0.0765625 0.0734375
0 0.921875 0.4109375 0.08125 0.0765625
0 0.15625 0.35078125 0.0703125 0.0734375
0 0.06015625 0.8125 0.0765625 0.075
0 0.6828125 0.3109375 0.0703125 0.071875
0 0.65234375 0.0328125 0.0703125 0.0375
0 0.1296875 0.29140625 0.075 0.0734375
0 0.01875 0.78125 0.0375 0.075
0 0.28984375 0.575 0.075 0.075
0 0.4671875 0.43515625 0.078125 0.075
0 0.715625 0.53984375 0.071875 0.0703125
0 0.60859375 0.74765625 0.06875 0.0703125
0 0.18046875 0.50703125 0.078125 0.0765625
0 0.84375 0.39375 0.0765625 0.0734375
0 0.81875 0.325 0.0734375 0.075
1 0.2859375 0.72890625 0.071875 0.071875
1 0.15390625 0.5953125 0.0796875 0.075
1 0.76875 0.19921875 0.071875 0.0671875
1 0.953125 0.3484375 0.075 0.0671875
0 0.20546875 0.38203125 0.071875 0.0734375
1 0.3234375 0.6625 0.0734375 0.0671875
1 0.421875 0.03359375 0.078125 0.065625
1 0.14609375 0.02578125 0.0796875 0.0515625
1 0.72578125 0.1359375 0.075 0.0671875
1 0.3875 0.00703125 0.065625 0.0140625
1 0.16640625 0.09453125 0.075 0.0703125
1 0.409375 0.3375 0.0703125 0.065625
0 0.6359375 0.35625 0.0734375 0.071875
1 0.88203125 0.3390625 0.0703125 0.071875
1 0.240625 0.784375 0.0703125 0.0671875
0 0.73671875 0.046875 0.075 0.0328125
1 0.5 0.1328125 0.075 0.06875
1 0.50234375 0.03046875 0.0703125 0.0609375
1 0.346875 0.03671875 0.071875 0.0734375
0 0.0625 0.87109375 0.0765625 0.0734375
1 0.57109375 0.24140625 0.06875 0.078125
1 0.23359375 0.684375 0.0734375 0.0796875
1 0.11484375 0.5390625 0.0671875 0.075
1 0.54140625 0.075 0.084375 0.0734375
1 0.83984375 0.09140625 0.0671875 0.075
1 0.4625 0.08671875 0.0671875 0.0765625
1 0.26328125 0.84453125 0.0671875 0.0703125
1 0.403125 0.403125 0.0734375 0.08125
1 0.121875 0.14296875 0.0765625 0.0828125
1 0.11171875 0.06875 0.06875 0.075
0 0.1953125 0.91484375 0.0765625 0.0734375
1 0.0578125 0.66796875 0.075 0.0828125
1 0.79765625 0.140625 0.075 0.0625
1 0.78984375 0.25859375 0.0703125 0.071875
1 0.209375 0.0453125 0.0703125 0.075
1 0.1046875 0.47421875 0.06875 0.0734375
1 0.32421875 0.8671875 0.0796875 0.078125
1 0.69453125 0.0796875 0.0734375 0.075
1 0.53671875 0.18125 0.06875 0.071875
1 0.97109375 0.2234375 0.0578125 0.0625
0 0.02578125 0.3671875 0.03125 0.065625
1 0.0125 0.85 0.025 0.065625
1 0.9890625 0.17578125 0.021875 0.0640625
1 0.98203125 0.30546875 0.0359375 0.0765625
1 0.275 0.03203125 0.075 0.0640625
0 0.08203125 0.91875 0.06875 0.03125
1 0.1 0.01953125 0.0375 0.0390625
1 0.29140625 0.15234375 0.0671875 0.0609375
1 0.08125 0.1078125 0.0375 0.0546875
1 0.43984375 0.1484375 0.0609375 0.0609375
0 0.41640625 0.603125 0.0734375 0.071875
0 0.26484375 0.51015625 0.0703125 0.0703125
1 0.27578125 0.62578125 0.071875 0.0546875