0 0.2625 0.92109375 0.16875 0.1578125
0 0.62109375 0.55859375 0.1625 0.1671875
0 0.90625 0.2875 0.1421875 0.16875
0 0.79296875 0.3625 0.1890625 0.2
0 0.46953125 0.6203125 0.16875 0.1671875
0 0.7859375 0.66953125 0.1390625 0.14375
0 0.9796875 0.8046875 0.040625 0.14375
0 0.89609375 0.85625 0.140625 0.14375
0 0.66328125 0.42734375 0.1390625 0.1453125
0 0.63125 0.85546875 0.1484375 0.153125
0 0.771875 0.525 0.2140625 0.21875
0 0.94140625 0.60546875 0.1171875 0.1359375
0 0.30546875 0.7671875 0.1765625 0.1828125
0 0.52734375 0.91953125 0.1421875 0.146875
0 0.33203125 0.990625 0.1421875 0.01875
0 0.7875 0.803125 0.1328125 0.1375
0 0.921875 0.46484375 0.1546875 0.1578125
0 0.6515625 0.72265625 0.1375 0.14375
0 0.50703125 0.78203125 0.1453125 0.1515625
0 0.78125 0.909375 0.1234375 0.096875
0 0.20234375 0.9421875 0.1078125 0.115625
0 0.92265625 0.73046875 0.134375 0.1296875
0 0.66640625 0.95 0.1140625 0.071875