0 0.0234375 0.7 0.046875 0.06875
0 0.0203125 0.77421875 0.040625 0.0671875
0 0.04453125 0.51640625 0.0671875 0.06875
0 0.03515625 0.58046875 0.065625 0.065625
0 0.02890625 0.63828125 0.0578125 0.0671875
0 0.09765625 0.6015625 0.0703125 0.0671875
0 0.06953125 0.3921875 0.065625 0.0671875
0 0.0828125 0.33046875 0.06875 0.0671875
0 0.06640625 0.79375 0.0703125 0.0671875
0 0.0171875 0.4640625 0.034375 0.065625
0 0.00703125 0.825 0.0140625 0.06875
0 0.0765625 0.7234375 0.0703125 0.0671875
0 0.05546875 0.453125 0.0671875 0.065625
0 0.1203125 0.47578125 0.06875 0.0671875
0 0.00390625 0.5859375 0.0078125 0.0625
0 0.109375 0.53203125 0.06875 0.065625
0 0.0109375 0.903125 0.021875 0.0375
0 0.1421875 0.353125 0.06875 0.0671875
0 0.02421875 0.40234375 0.0390625 0.0609375
0 0.128125 0.4125 0.065625 0.0625
0 0.034375 0.340625 0.0375 0.065625
0 0.00859375 0.5234375 0.0171875 0.059375
0 0.0875 0.66328125 0.071875 0.065625
0 0.04375 0.8421875 0.071875 0.0640625
0 0.040625 0.89296875 0.0640625 0.05