0 0.01015625 0.1625 0.0203125 0.0625
0 0.59609375 0.49375 0.0625 0.0625
0 0.3109375 0.7828125 0.065625 0.0640625
0 0.65703125 0.2265625 0.065625 0.0671875
0 0.01015625 0.09375 0.0203125 0.0625
0 0.6609375 0.02265625 0.065625 0.0453125
0 0.846875 0.2375 0.0640625 0.0609375
0 0.975 0.421875 0.046875 0.0609375
0 0.1109375 0.30625 0.065625 0.0640625
0 0.14375 0.409375 0.0640625 0.065625
0 0.20390625 0.390625 0.0625 0.065625
0 0.209375 0.14765625 0.0640625 0.065625
0 0.58515625 0.33125 0.0640625 0.0640625
0 0.03203125 0.21015625 0.0640625 0.065625
0 0.0953125 0.19375 0.0640625 0.0640625
0 0.5359375 0.48984375 0.0640625 0.065625
0 0.1671875 0.10078125 0.0640625 0.065625
0 0.684375 0.29140625 0.0640625 0.0609375
0 0.2671875 0.1234375 0.0640625 0.0640625
0 0.01953125 0.04375 0.0390625 0.040625
0 0.54609375 0.06953125 0.0640625 0.0640625
0 0.83203125 0.63984375 0.065625 0.065625
0 0.76328125 0.45546875 0.0640625 0.0609375
0 0.95 0.471875 0.0625 0.0625
0 0.05390625 0.62421875 0.0640625 0.0609375
0 0.80859375 0.57890625 0.0625 0.0640625
0 0.946875 0.025 0.059375 0.05
0 0.378125 0.3453125 0.065625 0.065625
0 0.78515625 0.51796875 0.065625 0.065625
0 0.6140625 0.74296875 0.0640625 0.065625
0 0.5796875 0.025 0.065625 0.05
0 0.959375 0.090625 0.040625 0.0609375
0 0.75625 0.74296875 0.0640625 0.059375
0 0.7078125 0.896875 0.0640625 0.065625
0 0.7046875 0.62109375 0.065625 0.065625
0 0.8 0.4078125 0.0640625 0.0609375
0 0.90859375 0.53046875 0.0625 0.0609375
0 0.3546875 0.04296875 0.0640625 0.0640625
0 0.98359375 0.58359375 0.0328125 0.0640625
0 0.48828125 0.3765625 0.065625 0.0671875
0 0.8859375 0.46953125 0.065625 0.065625
0 0.55546875 0.75625 0.0640625 0.0671875
0 0.23828125 0.5125 0.0625 0.0625
0 0.8703125 0.86875 0.065625 0.065625
0 0.76171875 0.1796875 0.0640625 0.0625
0 0.8984375 0.9265625 0.065625 0.065625
0 0.23125 0.0765625 0.0640625 0.0625
0 0.95234375 0.64375 0.0640625 0.065625
0 0.3734375 0.92734375 0.0640625 0.0640625
0 0.38515625 0.0953125 0.0640625 0.0640625
0 0.321875 0.35703125 0.0609375 0.0640625
0 0.08828125 0.73046875 0.0625 0.059375
0 0.8890625 0.1921875 0.0640625 0.0640625
0 0.446875 0.1234375 0.065625 0.0671875
0 0.7984375 0.11640625 0.065625 0.0640625
0 0.86015625 0.13984375 0.065625 0.0671875
0 0.0515625 0.1453125 0.065625 0.065625
0 0.9734375 0.703125 0.053125 0.065625
0 0.04296875 0.68671875 0.0625 0.0609375
0 0.7484375 0.2890625 0.0625 0.0640625
0 0.73125 0.68671875 0.065625 0.065625
0 0.8375 0.353125 0.0640625 0.0625
0 0.2765625 0.31015625 0.0578125 0.059375
0 0.01953125 0.528125 0.0390625 0.0625
0 0.8015625 0.0296875 0.065625 0.059375
0 0.0328125 0.390625 0.065625 0.0671875
0 0.78359375 0.24296875 0.065625 0.065625
0 0.72265625 0.509375 0.065625 0.0640625
0 0.3296875 0.12421875 0.065625 0.065625
0 0.16328125 0.95 0.0640625 0.0625
0 0.7609375 0.0671875 0.0625 0.0609375
0 0.3953125 0.28125 0.0640625 0.0640625
0 0.06875 0.25859375 0.0640625 0.0671875
0 0.509375 0.01953125 0.065625 0.0390625
0 0.29609375 0.8390625 0.0609375 0.0609375
0 0.065625 0.8578125 0.0625 0.0625
0 0.04765625 0.3265625 0.0640625 0.0640625
0 0.55234375 0.1765625 0.0640625 0.0625
0 0.621875 0.5484375 0.0640625 0.0640625
0 0.425 0.04375 0.0640625 0.0640625
0 0.82109375 0.74765625 0.0625 0.0625
0 0.18046875 0.88671875 0.0625 0.0640625
0 0.1734375 0.290625 0.0625 0.0640625
0 0.85 0.80390625 0.0640625 0.0625
0 0.01484375 0.45078125 0.0296875 0.0671875
0 0.11015625 0.11796875 0.0625 0.0625
0 0.29453125 0.065625 0.0640625 0.0625
0 0.5484375 0.37734375 0.0625 0.0640625
0 0.05 0.91796875 0.0609375 0.065625
0 0.871875 0.578125 0.0640625 0.0640625
0 0.31171875 0.178125 0.0640625 0.0625
0 0.95078125 0.75390625 0.0640625 0.0640625
0 0.7703125 0.63125 0.0640625 0.0640625
0 0.59296875 0.809375 0.065625 0.065625
0 0.26328125 0.3765625 0.0640625 0.065625
0 0.34296875 0.5953125 0.0640625 0.0640625
0 0.26953125 0.98203125 0.0671875 0.0359375
0 0.72109375 0.22890625 0.0640625 0.065625
0 0.23359375 0.271875 0.065625 0.065625
0 0.17578125 0.03828125 0.0640625 0.046875
0 0.86015625 0.4046875 0.0625 0.0640625
0 0.1703125 0.58125 0.0640625 0.0640625
0 0.98359375 0.865625 0.0328125 0.0625
0 0.7296875 0.02265625 0.065625 0.0453125
0 0.6484375 0.3375 0.0625 0.0625
0 0.48359375 0.06640625 0.0640625 0.0640625
0 0.1859375 0.4609375 0.0640625 0.0625
0 0.671875 0.3953125 0.0640625 0.0640625
0 0.2046875 0.759375 0.0640625 0.0640625
0 0.24921875 0.1921875 0.0640625 0.065625
0 0.8078125 0.85234375 0.0640625 0.065625
0 0.85625 0.69765625 0.0640625 0.065625
0 0.975 0.81171875 0.05 0.0609375
0 0.284375 0.61953125 0.0609375 0.0609375
0 0.5734375 0.4375 0.0609375 0.0625
0 0.89296875 0.6421875 0.0640625 0.065625
0 0.79296875 0.68828125 0.0625 0.0640625
0 0.42421875 0.44453125 0.0640625 0.0640625
0 0.73515625 0.4015625 0.0640625 0.065625
0 0.13359375 0.24453125 0.065625 0.0671875
0 0.47578125 0.1859375 0.065625 0.065625
0 0.240625 0.8796875 0.065625 0.0640625
0 0.7453125 0.8421875 0.065625 0.065625
0 0.9375 0.8625 0.0640625 0.0640625
0 0.190625 0.21015625 0.0640625 0.0640625
0 0.1140625 0.59921875 0.0609375 0.0640625
0 0.97109375 0.525 0.0578125 0.0625
0 0.3578125 0.2234375 0.065625 0.0671875
0 0.4390625 0.328125 0.0640625 0.0640625
0 0.01796875 0.58828125 0.03125 0.0578125
0 0.1203125 0.89765625 0.0640625 0.0625
0 0.59296875 0.9390625 0.0625 0.0640625
0 0.7203125 0.790625 0.0625 0.0609375
0 0.7703125 0.9078125 0.065625 0.0671875
0 0.65859375 0.49921875 0.0625 0.0625
0 0.5921875 0.22109375 0.0640625 0.0640625
0 0.84609375 0.52109375 0.0625 0.0640625
0 0.96953125 0.25703125 0.040625 0.0578125
0 0.88671875 0.75859375 0.065625 0.0625
0 0.6546875 0.68203125 0.065625 0.065625
0 0.87734375 0.29296875 0.0640625 0.0640625
0 0.15703125 0.34609375 0.0609375 0.0578125
0 0.88203125 0.0265625 0.0640625 0.053125
0 0.58203125 0.11875 0.0640625 0.0640625
0 0.91171875 0.80859375 0.0640625 0.0625
0 0.7453125 0.56640625 0.0640625 0.0640625
0 0.8234375 0.1875 0.0640625 0.0640625
0 0.6921875 0.07578125 0.065625 0.0640625
0 0.9375 0.5828125 0.0640625 0.0640625
0 0.22421875 0.63203125 0.0609375 0.0625
0 0.4234375 0.221875 0.0640625 0.0640625
0 0.07421875 0.434375 0.065625 0.0640625
0 0.103125 0.66640625 0.0625 0.0640625
0 0.84375 0.00625 0.065625 0.0125
0 0.51484375 0.12734375 0.0640625 0.065625
0 0.2484375 0.79765625 0.0625 0.065625
0 0.696875 0.45546875 0.065625 0.0640625
0 0.6109375 0.38671875 0.0640625 0.0640625
0 0.1609375 0.6453125 0.059375 0.0609375
0 0.571875 0.61640625 0.0625 0.059375
0 0.20234375 0.98203125 0.0640625 0.0359375
0 0.36171875 0.4671875 0.0640625 0.0640625
0 0.4671875 0.54921875 0.0625 0.0625
0 0.99375 0.759375 0.0125 0.065625
0 0.63671875 0.61640625 0.0625 0.065625
0 0.5296875 0.96328125 0.0640625 0.0671875
0 0.89765625 0.3484375 0.0609375 0.059375
0 0.40703125 0.9828125 0.0609375 0.034375
0 0.51875 0.65390625 0.0625 0.0640625
0 0.1203125 0.5359375 0.0625 0.0625
0 0.2921875 0.5546875 0.0640625 0.0640625
0 0.128125 0.47265625 0.0625 0.0609375
0 0.14296875 0.76328125 0.0625 0.0609375
0 0.33125 0.66015625 0.0625 0.059375
0 0.00859375 0.33125 0.0171875 0.0625
0 0.26640625 0.73359375 0.059375 0.0609375
0 0.91796875 0.7015625 0.0640625 0.0625
0 0.90390625 0.0875 0.0640625 0.0625
0 0.12265625 0.05234375 0.0625 0.0625
0 0.81328125 0.2984375 0.0671875 0.065625
0 0.71015625 0.3421875 0.0640625 0.0625
0 0.665625 0.13046875 0.0625 0.0625
0 0.95390625 0.2046875 0.0625 0.0625
0 0.34140625 0.978125 0.0640625 0.04375
0 0.4671875 0.97265625 0.065625 0.0546875
0 0.36796875 0.4046875 0.0640625 0.0640625
0 0.5046875 0.30859375 0.065625 0.0671875
0 0.39140625 0.69453125 0.059375 0.059375
0 0.6203125 0.2859375 0.065625 0.065625
0 0.46953125 0.48515625 0.0625 0.0625
0 0.69375 0.73828125 0.0640625 0.0640625
0 0.6375 0.44453125 0.0625 0.0609375
0 0.78359375 0.78828125 0.0625 0.05625
0 0.68359375 0.55234375 0.0609375 0.0625
0 0.1515625 0.1625 0.0625 0.0625
0 0.02578125 0.73125 0.03125 0.0609375
0 0.303125 0.48515625 0.0625 0.0609375
0 0.29375 0.23515625 0.0640625 0.065625
0 0.4078125 0.57734375 0.0640625 0.0625
0 0.0203125 0.275 0.040625 0.065625
0 0.72890625 0.12734375 0.065625 0.0640625
0 0.63671875 0.97578125 0.0625 0.0390625
0 0.2125 0.69140625 0.0625 0.059375
0 0.32734375 0.72265625 0.0640625 0.0640625
0 0.65546875 0.79296875 0.0640625 0.0640625
0 0.5765625 0.6859375 0.065625 0.0671875
0 0.775 0.35390625 0.065625 0.0671875
0 0.96328125 0.925 0.065625 0.0671875
0 0.0953125 0.365625 0.0640625 0.065625
0 0.5046875 0.71640625 0.0625 0.0625
0 0.22890625 0.94296875 0.0640625 0.0640625
0 0.075 0.7890625 0.0625 0.0640625
0 0.42734375 0.3828125 0.0609375 0.0609375
0 0.96328125 0.3640625 0.0625 0.0609375
1 0.4359375 0.90546875 0.0625 0.0796875
0 0.521875 0.225 0.0609375 0.0609375
0 0.10234375 0.9609375 0.0625 0.0625
0 0.36015625 0.82265625 0.0625 0.0640625
0 0.30546875 0.43203125 0.0640625 0.0625
0 0.14921875 0.70703125 0.0625 0.0609375
0 0.696875 0.17265625 0.0640625 0.0546875
0 0.04765625 0.08671875 0.065625 0.065625
0 0.1421875 0.9859375 0.0625 0.028125
0 0.0703125 0.03671875 0.0640625 0.0328125
0 0.1890625 0.821875 0.065625 0.065625
0 0.3921875 0.634375 0.0625 0.0625
0 0.246875 0.4453125 0.0625 0.065625
0 0.43828125 0.74296875 0.065625 0.065625
0 0.99140625 0.64921875 0.0171875 0.0609375
0 0.55703125 0.278125 0.0609375 0.0625
0 0.296875 0.02109375 0.0609375 0.0234375
0 0.82421875 0.45390625 0.0625 0.0609375
0 0.0609375 0.5609375 0.0625 0.0625
0 0.375 0.759375 0.0640625 0.065625
0 0.23515625 0.028125 0.0625 0.0328125
0 0.3484375 0.52578125 0.0625 0.0625
0 0.06328125 0.5015625 0.0640625 0.065625
0 0.92734375 0.13984375 0.0625 0.0640625
0 0.12734375 0.8328125 0.0640625 0.065625
0 0.4875 0.778125 0.0640625 0.065625
0 0.9171875 0.2453125 0.0640625 0.0625
0 0.17734375 0.515625 0.059375 0.0609375
1 0.5578125 0.875 0.0609375 0.0734375
0 0.2328125 0.56953125 0.0640625 0.0625
0 0.6203125 0.1671875 0.065625 0.0640625
0 0.5140625 0.43046875 0.0625 0.0609375
0 0.79140625 0.96875 0.0640625 0.0359375
0 0.97109375 0.15 0.025 0.0578125
0 0.3921875 0.0140625 0.0671875 0.021875
0 0.21875 0.33046875 0.0640625 0.0625
0 0.45703125 0.6765625 0.0640625 0.0609375
0 0.4640625 0.2625 0.065625 0.065625
0 0.92421875 0.96640625 0.065625 0.0265625
0 0.99609375 0.9390625 0.0078125 0.065625
1 0.534375 0.8109375 0.059375 0.0515625
0 0.6765625 0.8390625 0.065625 0.0609375
0 0.08203125 0.9875 0.0640625 0.025
0 0.559375 0.553125 0.0640625 0.0625
0 0.27421875 0.67265625 0.059375 0.059375
0 0.65625 0.9265625 0.065625 0.065625
0 0.409375 0.50703125 0.065625 0.065625
0 0.428125 0.8 0.0609375 0.059375
0 0.0265625 0.79609375 0.0265625 0.0625
0 0.98828125 0.47421875 0.0234375 0.0609375
0 0.3359375 0.2984375 0.0640625 0.0640625
0 0.5140625 0.59140625 0.0625 0.0640625
0 0.45390625 0.61640625 0.0640625 0.0640625
0 0.01484375 0.64765625 0.01875 0.059375
0 0.98046875 0.31171875 0.0234375 0.0625
1 0.2984375 0.915625 0.059375 0.075
1 0.47265625 0.8375 0.05625 0.059375
1 0.40859375 0.8609375 0.059375 0.0515625
0 0.83671875 0.07265625 0.0640625 0.0625
1 0.61796875 0.86484375 0.0578125 0.0578125
1 0.4953125 0.88125 0.0671875 0.071875
0 0.34609375 0.87734375 0.0625 0.0609375
0 0.921875 0.39609375 0.0609375 0.05625
1 0.83046875 0.92421875 0.059375 0.0578125
0 0.771875 0.00234375 0.06875 0.0046875
1 0.6234375 0.0625 0.05625 0.0625
0 0.9390625 0.29296875 0.0625 0.059375
0 0.9765625 0.9640625 0.046875 0.025
1 0.3890625 0.15546875 0.0546875 0.0546875
1 0.86171875 0.9625 0.0625 0.0421875
1 0.72265625 0.96015625 0.065625 0.0609375