0 0.3484375 0.14375 0.0546875 0.05625
0 0.553125 0.04765625 0.053125 0.0546875
0 0.603125 0.03515625 0.0546875 0.05625
0 0.6828125 0.05625 0.0546875 0.05625
0 0.37578125 0.046875 0.0546875 0.05625
0 0.446875 0.121875 0.05625 0.05625
0 0.6828125 0.23046875 0.05625 0.05625
0 0.64609375 0.025 0.0546875 0.05
0 0.38515625 0.1796875 0.053125 0.0546875
0 0.39765625 0.134375 0.05625 0.05625
0 0.50625 0.0609375 0.053125 0.0546875
0 0.51875 0.02109375 0.053125 0.0421875
0 0.74375 0.00859375 0.053125 0.0171875
0 0.621875 0.11484375 0.05625 0.05625
0 0.60390625 0.21640625 0.05625 0.05625
0 0.69453125 0.18203125 0.0578125 0.0578125
0 0.40859375 0.08203125 0.053125 0.0546875
0 0.45625 0.07109375 0.053125 0.0546875
0 0.5703125 0.30625 0.05625 0.05625
0 0.4671875 0.203125 0.05625 0.0546875
0 0.634375 0.06953125 0.053125 0.053125
0 0.4921875 0.10625 0.0546875 0.0546875
0 0.4171875 0.21640625 0.05625 0.0578125
0 0.5390625 0.09375 0.053125 0.0546875
0 0.359375 0.09375 0.0515625 0.0546875
0 0.47265625 0.0265625 0.053125 0.053125
0 0.6203125 0.2953125 0.0578125 0.0578125
0 0.60859375 0.0078125 0.0546875 0.015625
0 0.575 0.1328125 0.05625 0.05625
0 0.65703125 0.14921875 0.0578125 0.0578125
0 0.58984375 0.08046875 0.0546875 0.0546875
0 0.55 0.2265625 0.0546875 0.05625
0 0.56328125 0.1828125 0.05625 0.05625
0 0.58359375 0.2609375 0.05625 0.0546875
0 0.55703125 0.35078125 0.05625 0.0546875
0 0.42421875 0.03828125 0.0515625 0.053125
0 0.671875 0.10234375 0.05625 0.05625
0 0.31875 0.10234375 0.053125 0.0546875
0 0.4828125 0.1578125 0.0546875 0.05625
0 0.60859375 0.34140625 0.0578125 0.0578125
0 0.71484375 0.1390625 0.0546875 0.05625
0 0.64140625 0.246875 0.05625 0.05625
0 0.4328125 0.16796875 0.0546875 0.05625
0 0.696875 0.015625 0.053125 0.03125
0 0.6546875 0.32265625 0.0578125 0.059375
0 0.671875 0.27578125 0.05625 0.0546875
0 0.45 0.25 0.05625 0.0578125
0 0.51953125 0.32109375 0.0546875 0.0546875
0 0.53515625 0.2734375 0.05625 0.05625
0 0.5640625 0.01484375 0.053125 0.0296875
0 0.64453125 0.19609375 0.05625 0.0578125
0 0.28203125 0.07578125 0.053125 0.0546875
0 0.49765625 0.2359375 0.0546875 0.05625
0 0.721875 0.09140625 0.059375 0.0578125
0 0.5171875 0.19453125 0.05625 0.0578125
0 0.7328125 0.04140625 0.0578125 0.059375
0 0.3984375 0.01796875 0.0453125 0.025
0 0.48671875 0.28671875 0.0546875 0.0578125
0 0.609375 0.16484375 0.059375 0.059375
0 0.25 0.05390625 0.0453125 0.0265625
0 0.58984375 0.38359375 0.0546875 0.0546875
0 0.5265625 0.14140625 0.0546875 0.05625
0 0.44296875 0.01015625 0.0484375 0.0203125
0 0.49140625 0.00390625 0.0453125 0.0078125
0 0.646875 0.3734375 0.0578125 0.0546875
1 0.3296875 0.05625 0.059375 0.0578125