0 0.36796875 0.15546875 0.0765625 0.075
0 0.775 0.0578125 0.0671875 0.0453125
0 0.5859375 0.25625 0.0765625 0.0765625
0 0.390625 0.046875 0.0734375 0.0734375
0 0.55390625 0.13046875 0.0734375 0.075
0 0.5078125 0.1734375 0.0734375 0.0734375
0 0.45390625 0.05546875 0.078125 0.0765625
0 0.43359375 0.015625 0.0703125 0.03125
0 0.36640625 0.0125 0.0734375 0.025
0 0.68046875 0.44296875 0.078125 0.0765625
0 0.6328125 0.68671875 0.0734375 0.0734375
0 0.63203125 0.20234375 0.0734375 0.0734375
0 0.79296875 0.10546875 0.0734375 0.0734375
0 0.88203125 0.95234375 0.075 0.075
0 0.4125 0.10703125 0.0765625 0.0765625
0 0.30078125 0.86171875 0.075 0.075
0 0.7484375 0.1546875 0.0734375 0.075
0 0.44375 0.16171875 0.075 0.0734375
0 0.5328125 0.06953125 0.0765625 0.0765625
0 0.8203125 0.95390625 0.0734375 0.0734375
0 0.22421875 0.60625 0.0734375 0.0734375
0 0.109375 0.1171875 0.0765625 0.0765625
0 0.71171875 0.38671875 0.071875 0.071875
0 0.71484375 0.2671875 0.0734375 0.0734375
0 0.7625 0.2234375 0.0734375 0.0734375
0 0.33984375 0.80859375 0.075 0.0765625
0 0.34609375 0.0953125 0.0765625 0.0765625
0 0.821875 0.25546875 0.071875 0.075
0 0.66484375 0.7515625 0.0734375 0.075
0 0.484375 0.1140625 0.0765625 0.071875
0 0.23515625 0.13671875 0.0765625 0.075
0 0.12890625 0.02109375 0.0765625 0.0421875
0 0.18203125 0.66015625 0.075 0.0765625
0 0.0921875 0.596875 0.075 0.0765625
0 0.85625 0.89140625 0.0765625 0.0796875
0 0.25546875 0.73828125 0.078125 0.078125
0 0.56875 0.1921875 0.0734375 0.0734375
0 0.54609375 0.42734375 0.0765625 0.0765625
0 0.521875 0.24375 0.078125 0.0765625
0 0.5 0.02421875 0.071875 0.0484375
0 0.58359375 0.3765625 0.0734375 0.078125
0 0.4484375 0.34609375 0.078125 0.078125
0 0.73203125 0.09296875 0.071875 0.0703125
0 0.70546875 0.0453125 0.0703125 0.04375
0 0.28203125 0.08515625 0.0734375 0.0734375
0 0.76640625 0.30546875 0.075 0.078125
0 0.2 0.54453125 0.0765625 0.078125
0 0.6734375 0.62890625 0.075 0.078125
0 0.95234375 0.45390625 0.0734375 0.0734375
0 0.2359375 0.85625 0.0765625 0.0765625
0 0.5828125 0.940625 0.0765625 0.08125
0 0.70078125 0.20546875 0.0734375 0.075
0 0.0953125 0.05703125 0.059375 0.0734375
0 0.78828125 0.89375 0.078125 0.0828125
0 0.26484375 0.1953125 0.075 0.0734375
0 0.1546875 0.06484375 0.0765625 0.0765625
0 0.31875 0.0375 0.078125 0.075
0 0.4609375 0.22421875 0.075 0.0765625
0 0.51796875 0.3671875 0.078125 0.078125
0 0.303125 0.14609375 0.0734375 0.0734375
0 0.225 0.4328125 0.0765625 0.0765625
0 0.1578125 0.6 0.078125 0.0765625
0 0.72890625 0.76171875 0.075 0.0765625
0 0.98046875 0.40859375 0.0390625 0.0734375
0 0.65078125 0.2625 0.071875 0.0734375
0 0.7515625 0.440625 0.0734375 0.0734375
0 0.89453125 0.83046875 0.071875 0.0734375
0 0.31875 0.74921875 0.075 0.078125
0 0.1796875 0.484375 0.0734375 0.0734375
0 0.2453125 0.66953125 0.075 0.075
0 0.2734375 0.80234375 0.0765625 0.078125
0 0.2125 0.790625 0.0734375 0.075
0 0.5140625 0.86328125 0.0765625 0.08125
0 0.4953125 0.3015625 0.075 0.075
0 0.171875 0.12421875 0.071875 0.0734375
0 0.44140625 0.70859375 0.078125 0.0765625
0 0.26484375 0.5546875 0.0765625 0.078125
0 0.6875 0.14375 0.0703125 0.0703125
0 0.75234375 0.95234375 0.075 0.075
0 0.13203125 0.53828125 0.078125 0.0796875
0 0.19609375 0.72421875 0.071875 0.075
0 0.171875 0.846875 0.075 0.075
0 0.7796875 0.51015625 0.075 0.0765625
0 0.9 0.0921875 0.075 0.06875
0 0.24453125 0.49375 0.0734375 0.0734375
0 0.69609375 0.82265625 0.0765625 0.075
0 0.19140625 0.18515625 0.075 0.075
0 0.2875 0.615625 0.075 0.075
0 0.51875 0.93359375 0.0734375 0.075
0 0.61875 0.1390625 0.075 0.075
0 0.98671875 0.471875 0.0265625 0.06875
0 0.6 0.07734375 0.075 0.075
0 0.94296875 0.5234375 0.0765625 0.078125
0 0.62265625 0.31953125 0.0703125 0.0734375
0 0.19921875 0.9109375 0.071875 0.0703125
0 0.6484375 0.38203125 0.075 0.075
0 0.89765625 0.41953125 0.078125 0.0796875
0 0.665625 0.08359375 0.071875 0.071875
0 0.99296875 0.10859375 0.0140625 0.0578125
0 0.36328125 0.86953125 0.0765625 0.0796875
0 0.1953125 0.02421875 0.075 0.0484375
0 0.13125 0.1765625 0.071875 0.075
0 0.8390625 0.3921875 0.078125 0.078125
0 0.83046875 0.8203125 0.0765625 0.0796875
0 0.88125 0.27265625 0.071875 0.0703125
0 0.37421875 0.3328125 0.075 0.075
0 0.21796875 0.0734375 0.0734375 0.0734375
0 0.2578125 0.03125 0.078125 0.0625
0 0.7765625 0.37734375 0.075 0.075
0 0.32265625 0.921875 0.0765625 0.078125
0 0.5609375 0.31640625 0.0765625 0.078125
0 0.68359375 0.32265625 0.0765625 0.0765625
0 0.57890625 0.87578125 0.078125 0.0765625
0 0.634375 0.82890625 0.075 0.0765625
0 0.69921875 0.696875 0.078125 0.0765625
0 0.87109375 0.98671875 0.0765625 0.0265625
0 0.60546875 0.63046875 0.0765625 0.078125
0 0.91484375 0.896875 0.05625 0.075
0 0.93515625 0.23203125 0.0734375 0.0734375
0 0.56640625 0.48828125 0.078125 0.0765625
0 0.76484375 0.81875 0.078125 0.08125
0 0.51015625 0.79609375 0.078125 0.078125
0 0.28828125 0.43515625 0.075 0.0765625
0 0.334375 0.3859375 0.075 0.075
0 0.96328125 0.1140625 0.0734375 0.0734375
0 0.82890625 0.63984375 0.071875 0.0703125
0 0.4578125 0.92421875 0.071875 0.075
0 0.89375 0.64375 0.0734375 0.075
0 0.44921875 0.7734375 0.075 0.075
0 0.825 0.3265625 0.0734375 0.0734375
0 0.8640625 0.2078125 0.075 0.075
0 0.49765625 0.47421875 0.08125 0.0765625
0 0.84453125 0.70703125 0.0765625 0.0765625
0 0.640625 0.96640625 0.078125 0.0671875
0 0.45078125 0.86171875 0.0734375 0.0734375
0 0.9171875 0.1671875 0.0765625 0.0765625
0 0.07109375 0.16796875 0.0515625 0.0765625
0 0.2625 0.91875 0.0703125 0.0734375
0 0.68515625 0.93828125 0.075 0.0765625
0 0.8890625 0.33671875 0.0734375 0.075
0 0.54296875 0.61875 0.075 0.075
0 0.6421875 0.8921875 0.0734375 0.0734375
0 0.71875 0.88359375 0.0765625 0.075
0 0.86640625 0.76953125 0.071875 0.071875
0 0.94609375 0.30078125 0.0765625 0.0765625
0 0.80859375 0.175 0.0703125 0.071875
0 0.97734375 0.2578125 0.0453125 0.078125
0 0.5765625 0.8109375 0.075 0.075
0 0.94453125 0.3734375 0.0796875 0.0765625
0 0.11484375 0.4765625 0.075 0.075
0 0.403125 0.81796875 0.0765625 0.0765625
0 0.98046875 0.340625 0.0390625 0.075
0 0.15546875 0.42421875 0.075 0.0765625
0 0.10703125 0.84296875 0.0703125 0.06875
0 0.6390625 0.0359375 0.071875 0.0484375
0 0.15078125 0.78671875 0.0734375 0.0734375
0 0.85546875 0.13671875 0.0734375 0.0734375
0 0.1171875 0.6578125 0.078125 0.0765625
0 0.509375 0.72890625 0.08125 0.0765625
0 0.9734375 0.18984375 0.053125 0.0734375
0 0.57265625 0.990625 0.0703125 0.01875
0 0.8234375 0.45859375 0.0765625 0.0734375
0 0.38359375 0.7578125 0.078125 0.078125
0 0.7125 0.50703125 0.075 0.078125
0 0.12578125 0.90859375 0.0734375 0.0734375
0 0.60234375 0.75078125 0.078125 0.078125
0 0.03203125 0.59140625 0.0640625 0.0765625
0 0.5 0.6640625 0.075 0.075
0 0.38359375 0.51484375 0.078125 0.078125
0 0.06953125 0.5375 0.0703125 0.0734375
0 0.840625 0.0703125 0.0703125 0.046875
0 0.09140625 0.221875 0.0734375 0.0703125
0 0.78359375 0.684375 0.071875 0.0703125
0 0.928125 0.78125 0.0703125 0.0734375
0 0.409375 0.5765625 0.0734375 0.0734375
0 0.26953125 0.3703125 0.0703125 0.06875
0 0.071875 0.3453125 0.0765625 0.0765625
0 0.7359375 0.6359375 0.0734375 0.0765625
0 0.128125 0.7265625 0.0796875 0.0765625
0 0.0859375 0.784375 0.075 0.0765625
0 0.06171875 0.72734375 0.0734375 0.075
0 0.35703125 0.26953125 0.0765625 0.075
0 0.2203125 0.24609375 0.078125 0.0765625
0 0.01953125 0.534375 0.0390625 0.075
0 0.3921875 0.9265625 0.078125 0.0765625
0 0.38203125 0.6875 0.075 0.0765625
0 0.04609375 0.659375 0.078125 0.0796875
0 0.09296875 0.41640625 0.0734375 0.0734375
0 0.3328125 0.5671875 0.0828125 0.0765625
1 0.56640625 0.68125 0.071875 0.06875
1 0.5703125 0.021875 0.075 0.04375
1 0.33359375 0.21484375 0.075 0.0625
1 0.4015625 0.221875 0.0671875 0.0734375
1 0.15546875 0.240625 0.071875 0.071875
1 0.290625 0.26171875 0.0828125 0.06875
1 0.43046875 0.28046875 0.078125 0.071875
1 0.06171875 0.2796875 0.0703125 0.071875
1 0.1203125 0.28984375 0.0671875 0.0703125
1 0.1796875 0.303125 0.0796875 0.078125
1 0.246875 0.31171875 0.071875 0.0625
1 0.30625 0.325 0.0765625 0.0671875
1 0.140625 0.36015625 0.0796875 0.0765625
1 0.209375 0.36640625 0.0734375 0.08125
1 0.40390625 0.396875 0.084375 0.0703125
1 0.475 0.4171875 0.078125 0.071875
1 0.03515625 0.4046875 0.0625 0.071875
1 0.3640625 0.453125 0.0765625 0.078125
1 0.4265625 0.4609375 0.0734375 0.071875
1 0.62734375 0.446875 0.078125 0.078125
1 0.3171875 0.5 0.078125 0.06875
1 0.45234375 0.52265625 0.0703125 0.0671875
1 0.52109375 0.54296875 0.0734375 0.0640625
1 0.584375 0.55625 0.065625 0.0734375
1 0.653125 0.51015625 0.06875 0.0796875
1 0.64453125 0.56640625 0.0640625 0.065625
1 0.70703125 0.5765625 0.071875 0.06875
1 0.771875 0.578125 0.071875 0.071875
1 0.4875 0.5921875 0.0796875 0.084375
1 0.4359375 0.64296875 0.0828125 0.075
1 0.36953125 0.63125 0.0734375 0.0703125
1 0.3203125 0.678125 0.075 0.078125
0 0.39375 0.97109375 0.075 0.046875
1 0.7 0.98515625 0.071875 0.0296875
1 0.88203125 0.4953125 0.0796875 0.0875
1 0.8328125 0.5625 0.08125 0.084375
1 0.8953125 0.5640625 0.065625 0.071875
1 0.9546875 0.58828125 0.078125 0.0828125
1 0.9515625 0.66015625 0.065625 0.078125
1 0.9203125 0.7109375 0.078125 0.0796875
1 0.803125 0.7546875 0.0765625 0.0734375
0 0.04296875 0.4796875 0.0859375 0.0875