0 0.096875 0.69921875 0.0765625 0.078125
0 0.0828125 0.821875 0.0484375 0.0703125
0 0.015625 0.49296875 0.03125 0.0703125
0 0.32421875 0.7703125 0.075 0.075
0 0.928125 0.671875 0.0765625 0.0765625
0 0.02578125 0.58828125 0.05 0.065625
0 0.13515625 0.11796875 0.075 0.075
0 0.846875 0.30078125 0.0734375 0.075
0 0.79296875 0.709375 0.075 0.075
0 0.14609375 0.74140625 0.0734375 0.0734375
0 0.0375 0.5390625 0.0734375 0.071875
0 0.17265625 0.3359375 0.0765625 0.075
0 0.8984375 0.55546875 0.078125 0.078125
0 0.19921875 0.28046875 0.0734375 0.0703125
0 0.409375 0.57265625 0.075 0.0765625
0 0.428125 0.33828125 0.0765625 0.078125
0 0.1546875 0.5640625 0.0765625 0.0765625
0 0.02265625 0.2578125 0.0453125 0.071875
0 0.97578125 0.48671875 0.0484375 0.0734375
0 0.4015625 0.39375 0.0765625 0.075
0 0.58046875 0.6046875 0.071875 0.0734375
0 0.0828125 0.7546875 0.075 0.075
0 0.1015625 0.3359375 0.075 0.071875
0 0.4296875 0.09765625 0.0734375 0.075
0 0.575 0.67265625 0.075 0.071875
0 0.3796875 0.2875 0.078125 0.078125
0 0.72578125 0.49296875 0.071875 0.071875
0 0.64375 0.17578125 0.0734375 0.0703125
0 0.43125 0.80078125 0.075 0.075
0 0.63828125 0.81171875 0.075 0.075
0 0.5078125 0.43203125 0.078125 0.0765625
0 0.13515625 0.8171875 0.0734375 0.075
0 0.54921875 0.3171875 0.075 0.075
0 0.74296875 0.43359375 0.0734375 0.075
0 0.46328125 0.7421875 0.0765625 0.0765625
0 0.88203125 0.62265625 0.075 0.0734375
0 0.36328125 0.34296875 0.0734375 0.0734375
0 0.7703125 0.60234375 0.075 0.075
0 0.0875 0.56953125 0.075 0.0734375
0 0.07109375 0.14375 0.0734375 0.0734375
0 0.50078125 0.50390625 0.075 0.075
0 0.17578125 0.85234375 0.0765625 0.075
0 0.4 0.225 0.0734375 0.071875
0 0.903125 0.7359375 0.0734375 0.0734375
0 0.390625 0.75234375 0.075 0.075
0 0.44140625 0.51953125 0.0734375 0.0734375
0 0.53515625 0.72578125 0.075 0.0734375
0 0.259375 0.24921875 0.075 0.075
0 0.4125 0.15859375 0.075 0.075
0 0.03828125 0.1953125 0.0734375 0.075
0 0.69140625 0.6140625 0.075 0.075
0 0.21015625 0.725 0.075 0.075
0 0.71875 0.3328125 0.0734375 0.071875
0 0.35234375 0.5875 0.0734375 0.0734375
0 0.5640625 0.4890625 0.0734375 0.0734375
0 0.9625 0.5421875 0.075 0.075
0 0.68515625 0.45 0.0734375 0.0734375
0 0.01015625 0.31484375 0.0203125 0.0734375
0 0.90390625 0.178125 0.06875 0.06875
0 0.51953125 0.63203125 0.071875 0.075
0 0.296875 0.35078125 0.0734375 0.071875
0 0.80390625 0.259375 0.0765625 0.0765625
0 0.38046875 0.46171875 0.0765625 0.0765625
0 0.24140625 0.8453125 0.071875 0.071875
0 0.59140625 0.540625 0.075 0.071875
0 0.99296875 0.60625 0.0140625 0.06875
0 0.0234375 0.43515625 0.046875 0.0734375
0 0.90625 0.34375 0.0734375 0.0734375
0 0.06796875 0.2828125 0.075 0.075
0 0.346875 0.1578125 0.075 0.0734375
0 0.96015625 0.3796875 0.0609375 0.0671875
0 0.05078125 0.6375 0.071875 0.071875
0 0.6703125 0.5140625 0.0734375 0.075
0 0.00625 0.3875 0.0125 0.06875
0 0.3671875 0.10625 0.071875 0.0734375
0 0.71015625 0.55546875 0.075 0.0734375
0 0.7328125 0.73125 0.075 0.075
0 0.95390625 0.31953125 0.0453125 0.065625
0 0.4453125 0.4546875 0.075 0.075
0 0.85234375 0.45234375 0.075 0.075
0 0.53125 0.37578125 0.075 0.075
0 0.640625 0.571875 0.0765625 0.0734375
0 0.0609375 0.47890625 0.0734375 0.0734375
0 0.478125 0.1546875 0.075 0.071875
0 0.35 0.70078125 0.0765625 0.0765625
0 0.746875 0.6625 0.075 0.075
0 0.90859375 0.484375 0.0765625 0.0765625
0 0.978125 0.65703125 0.04375 0.0765625
0 0.58671875 0.03125 0.0734375 0.0625
0 0.64921875 0.02578125 0.0734375 0.0515625
0 0.75078125 0.20859375 0.0734375 0.071875
0 0.790625 0.4703125 0.075 0.075
0 0.16875 0.6875 0.071875 0.071875
0 0.08984375 0.2234375 0.0765625 0.0734375
0 0.053125 0.7109375 0.0453125 0.0671875
0 0.30078125 0.828125 0.075 0.0765625
0 0.828125 0.584375 0.075 0.075
0 0.88984375 0.40546875 0.0734375 0.0734375
0 0.8921875 0.1 0.059375 0.0703125
0 0.16796875 0.22421875 0.075 0.0734375
0 0.13125 0.27578125 0.0734375 0.071875
0 0.11328125 0.628125 0.0734375 0.071875
0 0.24296875 0.6625 0.075 0.075
0 0.4921875 0.09296875 0.0734375 0.0734375
0 0.4875 0.3171875 0.075 0.075
0 0.68671875 0.21796875 0.0765625 0.075
0 0.62734375 0.6296875 0.075 0.0734375
0 0.840625 0.51953125 0.078125 0.0765625
0 0.38515625 0.0453125 0.0703125 0.06875
0 0.628125 0.07265625 0.0703125 0.06875
0 0.18359375 0.5078125 0.075 0.075
0 0.290625 0.596875 0.075 0.075
0 0.37890625 0.5203125 0.0734375 0.0734375
0 0.84453125 0.75625 0.075 0.071875
0 0.07265625 0.40546875 0.075 0.075
0 0.4171875 0.69140625 0.0734375 0.0765625
0 0.8421875 0.36171875 0.075 0.071875
0 0.11875 0.45078125 0.075 0.075
0 0.228125 0.5875 0.075 0.075
0 0.946875 0.43828125 0.0765625 0.075
0 0.659375 0.353125 0.0796875 0.078125
0 0.1859375 0.63359375 0.075 0.075
0 0.3171875 0.2921875 0.075 0.075
0 0.17890625 0.44375 0.071875 0.0734375
0 0.61484375 0.29921875 0.0734375 0.075
0 0.69296875 0.68828125 0.071875 0.0734375
0 0.33671875 0.2296875 0.075 0.078125
0 0.2640625 0.1375 0.0734375 0.071875
0 0.31015625 0.09140625 0.075 0.071875
0 0.5203125 0.0359375 0.075 0.071875
0 0.8671875 0.22734375 0.075 0.075
0 0.62109375 0.46875 0.0734375 0.0703125
0 0.79296875 0.325 0.0734375 0.071875
0 0.2765625 0.40625 0.071875 0.0734375
0 0.7421875 0.271875 0.075 0.0765625
0 0.60703125 0.13203125 0.0734375 0.071875
0 0.42265625 0.8765625 0.0734375 0.075
0 0.571875 0.25546875 0.0734375 0.071875
0 0.45859375 0.20703125 0.075 0.0765625
0 0.7125 0.1609375 0.075 0.0703125
0 0.4484375 0.04375 0.0734375 0.071875
0 0.72109375 0.7953125 0.075 0.075
0 0.784375 0.77265625 0.0734375 0.075
0 0.90625 0.2796875 0.075 0.0734375
0 0.146875 0.38671875 0.075 0.075
0 0.44296875 0.27109375 0.0734375 0.071875
0 0.3359375 0.3984375 0.0734375 0.075
0 0.38359375 0.63515625 0.075 0.0734375
0 0.590625 0.7671875 0.0765625 0.071875
0 0.46171875 0.634375 0.0734375 0.075
0 0.27734375 0.88671875 0.075 0.071875
0 0.80078125 0.40546875 0.071875 0.0703125
0 0.2828125 0.18515625 0.075 0.0703125
0 0.934375 0.23359375 0.04375 0.0703125
0 0.5921875 0.3546875 0.0734375 0.071875
0 0.640625 0.4109375 0.071875 0.071875
0 0.67734375 0.2859375 0.075 0.075
0 0.34921875 0.88203125 0.0765625 0.0765625
0 0.6296875 0.234375 0.075 0.0734375
0 0.31796875 0.53203125 0.0734375 0.0734375
0 0.25703125 0.52734375 0.071875 0.075
0 0.24140625 0.3109375 0.0765625 0.0734375
0 0.809375 0.18515625 0.075 0.0734375
0 0.528125 0.20703125 0.078125 0.0765625
0 0.4796875 0.8515625 0.071875 0.071875
0 0.503125 0.25859375 0.075 0.075
1 0.94140625 0.60390625 0.06875 0.0640625
0 0.48125 0.01171875 0.06875 0.0234375
0 0.5875 0.18984375 0.0703125 0.0703125
0 0.76640625 0.521875 0.075 0.0734375
0 0.70390625 0.01015625 0.0703125 0.0203125
0 0.7625 0.37578125 0.0734375 0.071875
0 0.88125 0.03671875 0.05 0.0703125
0 0.24140625 0.465625 0.071875 0.0703125
1 0.25625 0.775 0.065625 0.0671875
0 0.5796875 0.43046875 0.0765625 0.075
0 0.190625 0.08046875 0.06875 0.05
0 0.79375 0.13046875 0.075 0.0703125
0 0.4890625 0.6859375 0.0765625 0.075
0 0.54375 0.00703125 0.071875 0.0140625
0 0.82734375 0.0296875 0.0734375 0.059375
0 0.3046875 0.6546875 0.071875 0.06875
0 0.546875 0.13984375 0.075 0.071875
0 0.7015625 0.0546875 0.0796875 0.071875
0 0.03359375 0.3375 0.0671875 0.06875
1 0.30390625 0.4609375 0.075 0.0703125
1 0.55859375 0.83515625 0.0734375 0.078125
0 0.021875 0.134375 0.04375 0.065625
0 0.303125 0.04765625 0.06875 0.040625
1 0.5078125 0.79140625 0.0765625 0.06875
1 0.36796875 0.8203125 0.065625 0.0609375
0 0.56328125 0.07734375 0.075 0.071875
1 0.47890625 0.57109375 0.075 0.0734375
0 0.415625 0.01171875 0.059375 0.0234375
1 0.2171875 0.90703125 0.0703125 0.0703125
0 0.73046875 0.10546875 0.0765625 0.0734375
0 0.1125 0.50390625 0.071875 0.0671875
1 0.2703125 0.7109375 0.0703125 0.0640625
0 0.11953125 0.16796875 0.0734375 0.06875
0 0.85546875 0.1421875 0.071875 0.06875
0 0.24765625 0.07421875 0.0671875 0.0640625
0 0.221875 0.39140625 0.071875 0.075
1 0.19375 0.7890625 0.065625 0.0625
0 0.83671875 0.0890625 0.0703125 0.0703125
0 0.6953125 0.38984375 0.075 0.0703125
1 0.66328125 0.746875 0.0796875 0.071875
1 0.96328125 0.71796875 0.0640625 0.0640625
0 0.19609375 0.13046875 0.0703125 0.065625
0 0.78359375 0.0703125 0.0734375 0.071875
1 0.85390625 0.68515625 0.0734375 0.071875
0 0.665625 0.11171875 0.071875 0.0703125
1 0.1546875 0.921875 0.065625 0.0640625
1 0.6203125 0.70234375 0.06875 0.0703125
0 0.75859375 0.01796875 0.0734375 0.0359375
1 0.115625 0.87578125 0.071875 0.065625
0 0.0671875 0.10078125 0.075 0.0328125
1 0.46875 0.384375 0.0671875 0.0515625
0 0.21171875 0.171875 0.06875 0.0546875