1 0.86640625 0.20546875 0.2046875 0.1703125
1 0.66953125 0.41328125 0.2265625 0.171875
1 0.57890625 0.27421875 0.2234375 0.1828125
1 0.92421875 0.4953125 0.1515625 0.16875
1 0.62109375 0.11796875 0.2203125 0.1734375
1 0.84765625 0.359375 0.2203125 0.1859375
1 0.4625 0.15859375 0.2015625 0.171875
1 0.7875 0.084375 0.21875 0.16875
1 0.72421875 0.24375 0.1859375 0.1859375
1 0.79296875 0.5265625 0.2046875 0.2109375
1 0.90078125 0.64296875 0.1984375 0.2046875
1 0.8859375 0.05859375 0.125 0.1171875
1 0.96484375 0.78671875 0.0703125 0.1703125
1 0.9484375 0.321875 0.0859375 0.18125
1 0.98671875 0.625 0.0265625 0.171875