0 0.053125 0.1234375 0.0734375 0.0671875
0 0.7734375 0.8296875 0.075 0.075
0 0.09609375 0.8671875 0.053125 0.071875
0 0.43671875 0.2421875 0.0734375 0.075
0 0.1359375 0.9140625 0.0765625 0.0765625
0 0.42109375 0.91796875 0.075 0.075
0 0.5953125 0.1796875 0.075 0.0765625
0 0.5890625 0.67265625 0.0765625 0.0765625
0 0.63125 0.73671875 0.075 0.0734375
0 0.5296875 0.18515625 0.0734375 0.0734375
0 0.3296875 0.96953125 0.075 0.0609375
0 0.19765625 0.4859375 0.075 0.075
0 0.1578125 0.15546875 0.071875 0.071875
0 0.65703125 0.1671875 0.0765625 0.0765625
0 0.8515625 0.5734375 0.075 0.0765625
0 0.0359375 0.446875 0.071875 0.075
0 0.0140625 0.23828125 0.028125 0.0734375
0 0.14296875 0.84296875 0.0765625 0.0765625
0 0.27109375 0.20625 0.078125 0.078125
0 0.30234375 0.6484375 0.075 0.0734375
0 0.85859375 0.75390625 0.0734375 0.0703125
0 0.02890625 0.6078125 0.0484375 0.0703125
0 0.259375 0.48125 0.075 0.071875
0 0.76953125 0.3265625 0.0734375 0.0734375
0 0.23359375 0.53515625 0.0734375 0.071875
0 0.9890625 0.60078125 0.021875 0.0734375
0 0.015625 0.39921875 0.03125 0.0703125
0 0.71953125 0.1609375 0.0734375 0.075
0 0.57578125 0.34609375 0.075 0.075
0 0.02265625 0.496875 0.0453125 0.071875
0 0.79609375 0.77109375 0.075 0.075
0 0.68125 0.503125 0.075 0.075
0 0.43046875 0.134375 0.0734375 0.0734375
0 0.334375 0.07109375 0.0734375 0.0734375
0 0.35703125 0.915625 0.0734375 0.0765625
0 0.44453125 0.4609375 0.0734375 0.071875
0 0.33359375 0.70234375 0.0734375 0.075
0 0.07734375 0.60390625 0.0734375 0.0734375
0 0.784375 0.05546875 0.075 0.071875
0 0.703125 0.22421875 0.0734375 0.071875
0 0.69375 0.73046875 0.0734375 0.075
0 0.98203125 0.8328125 0.0359375 0.075
0 0.51328125 0.34921875 0.0734375 0.071875
0 0.67109375 0.79375 0.075 0.0765625
0 0.07109375 0.49765625 0.075 0.0734375
0 0.71328125 0.84609375 0.075 0.0734375
0 0.98359375 0.496875 0.0328125 0.071875
0 0.4765625 0.29375 0.075 0.075
0 0.8546875 0.01328125 0.075 0.0265625
0 0.934375 0.67109375 0.0734375 0.075
0 0.11484375 0.109375 0.075 0.0703125
0 0.15234375 0.3203125 0.075 0.0765625
0 0.2828125 0.81484375 0.071875 0.06875
0 0.78046875 0.15859375 0.0703125 0.071875
0 0.93125 0.3859375 0.0734375 0.071875
0 0.73046875 0.271875 0.075 0.0734375
0 0.096875 0.7953125 0.078125 0.0765625
0 0.846875 0.33046875 0.0734375 0.071875
0 0.9375 0.50234375 0.0765625 0.0765625
0 0.20234375 0.196875 0.075 0.075
0 0.1359375 0.4921875 0.0734375 0.075
0 0.178125 0.2640625 0.075 0.075
0 0.090625 0.17578125 0.0734375 0.0734375
0 0.87265625 0.51484375 0.075 0.0765625
0 0.26953125 0.59140625 0.075 0.075
0 0.65 0.66953125 0.075 0.075
0 0.4625 0.08359375 0.075 0.071875
0 0.7234375 0.55703125 0.0734375 0.0734375
0 0.31953125 0.4640625 0.071875 0.0734375
0 0.76328125 0.21328125 0.075 0.075
0 0.90546875 0.15390625 0.0578125 0.065625
0 0.846875 0.15859375 0.0734375 0.071875
0 0.49453125 0.73671875 0.075 0.075
0 0.971875 0.55546875 0.05625 0.0734375
0 0.290625 0.9140625 0.075 0.075
0 0.85234375 0.90859375 0.0671875 0.05
0 0.83046875 0.634375 0.0734375 0.0765625
0 0.73359375 0.940625 0.065625 0.0453125
0 0.4578125 0.96796875 0.075 0.0640625
0 0.41484375 0.809375 0.075 0.071875
0 0.49765625 0.13203125 0.075 0.071875
0 0.8140625 0.50234375 0.0734375 0.075
0 0.49921875 0.23671875 0.075 0.0734375
0 0.7453125 0.496875 0.075 0.0765625
0 0.55390625 0.6125 0.0734375 0.075
0 0.45859375 0.684375 0.075 0.0765625
0 0.5171875 0.559375 0.075 0.075
0 0.55078125 0.50546875 0.075 0.075
0 0.92265625 0.7390625 0.0765625 0.0765625
0 0.2671875 0.0828125 0.075 0.075
0 0.81640625 0.09765625 0.075 0.06875
0 0.75546875 0.72109375 0.075 0.075
0 0.99140625 0.771875 0.0171875 0.071875
0 0.81796875 0.8765625 0.075 0.0734375
0 0.62109375 0.61328125 0.075 0.075
0 0.9515625 0.61328125 0.075 0.075
0 0.565625 0.23125 0.071875 0.071875
0 0.21875 0.82890625 0.0765625 0.075
0 0.2453125 0.7671875 0.075 0.075
0 0.6765625 0.38671875 0.075 0.071875
0 0.19140625 0.1109375 0.075 0.0734375
0 0.0421875 0.27734375 0.0765625 0.0765625
0 0.684375 0.6125 0.0734375 0.0734375
0 0.87421875 0.69375 0.075 0.075
0 0.31484375 0.35234375 0.0734375 0.0734375
0 0.5671875 0.73515625 0.075 0.0765625
0 0.578125 0.06484375 0.075 0.075
0 0.64296875 0.85390625 0.075 0.075
0 0.71328125 0.440625 0.0765625 0.0765625
0 0.11171875 0.65234375 0.0734375 0.0734375
0 0.0875 0.328125 0.0765625 0.0765625
0 0.66875 0.278125 0.075 0.0734375
0 0.346875 0.8109375 0.071875 0.071875
0 0.29453125 0.52265625 0.071875 0.071875
0 0.57890625 0.84453125 0.075 0.075
0 0.69453125 0.90703125 0.0734375 0.0734375
0 0.63515625 0.915625 0.075 0.075
0 0.24140625 0.2609375 0.0734375 0.0734375
0 0.35625 0.525 0.075 0.075
0 0.3625 0.63515625 0.0734375 0.075
0 0.7765625 0.6625 0.0734375 0.0703125
0 0.70390625 0.3296875 0.0734375 0.071875
0 0.56328125 0.12265625 0.0734375 0.0703125
0 0.20859375 0.71171875 0.075 0.075
0 0.60390625 0.2828125 0.075 0.075
0 0.8421875 0.8171875 0.0734375 0.075
0 0.2765625 0.3078125 0.0734375 0.071875
0 0.54609375 0.78828125 0.075 0.075
0 0.90078125 0.4453125 0.075 0.075
0 0.12578125 0.3890625 0.071875 0.0703125
0 0.2640625 0.9703125 0.075 0.059375
0 0.51875 0.95703125 0.075 0.0765625
0 0.68828125 0.10625 0.071875 0.0734375
0 0.94140625 0.846875 0.075 0.075
0 0.546875 0.01171875 0.06875 0.0234375
0 0.834375 0.20546875 0.0734375 0.071875
0 0.09921875 0.44140625 0.0734375 0.071875
0 0.61015625 0.5015625 0.0734375 0.075
0 0.04375 0.5515625 0.071875 0.0734375
0 0.46796875 0.1890625 0.0734375 0.071875
0 0.2859375 0.41875 0.0734375 0.071875
0 0.38359375 0.86015625 0.0734375 0.071875
0 0.140625 0.5984375 0.0734375 0.071875
0 0.9640625 0.43828125 0.071875 0.0734375
0 0.80390625 0.3765625 0.0734375 0.075
0 0.21484375 0.31953125 0.075 0.075
0 0.7328125 0.7828125 0.075 0.0765625
0 0.75546875 0.10859375 0.0734375 0.071875
0 0.903125 0.8015625 0.075 0.075
0 0.74296875 0.38203125 0.075 0.0734375
0 0.8390625 0.44140625 0.0734375 0.075
0 0.9140625 0.5671875 0.075 0.0734375
0 0.86953125 0.3921875 0.075 0.075
0 0.775 0.434375 0.071875 0.0734375
0 0.75625 0.89375 0.0734375 0.075
0 0.16953125 0.54453125 0.075 0.0734375
0 0.65078125 0.55703125 0.075 0.075
0 0.375 0.253125 0.075 0.075
0 0.521875 0.6734375 0.0734375 0.075
0 0.51484375 0.04453125 0.0765625 0.0765625
0 0.41875 0.515625 0.0734375 0.071875
0 0.5375 0.29140625 0.075 0.0734375
0 0.2546875 0.87109375 0.071875 0.06875
0 0.9734375 0.8796875 0.053125 0.04375
0 0.253125 0.36875 0.0765625 0.075
0 0.7890625 0.5640625 0.075 0.075
0 0.4015625 0.18828125 0.075 0.0734375
0 0.18828125 0.37734375 0.0734375 0.0734375
0 0.89140625 0.6265625 0.075 0.0734375
0 0.3921875 0.578125 0.0734375 0.0703125
0 0.6046875 0.02109375 0.075 0.0421875
0 0.62265625 0.10546875 0.075 0.071875
0 0.06171875 0.39453125 0.0765625 0.075
0 0.3734375 0.75546875 0.0734375 0.075
0 0.03046875 0.33828125 0.0609375 0.0734375
0 0.33828125 0.190625 0.0734375 0.0734375
0 0.61015625 0.40078125 0.071875 0.0703125
0 0.515625 0.84296875 0.071875 0.071875
0 0.07578125 0.7296875 0.071875 0.06875
0 0.1078125 0.5484375 0.0734375 0.071875
0 0.4796875 0.4046875 0.0765625 0.075
0 0.1953125 0.88203125 0.0734375 0.0734375
0 0.23828125 0.64921875 0.0734375 0.075
0 0.1703125 0.7796875 0.0765625 0.0765625
0 0.42890625 0.62734375 0.0734375 0.071875
0 0.4796875 0.50625 0.075 0.0734375
0 0.30859375 0.7578125 0.0734375 0.075
0 0.3265625 0.5828125 0.071875 0.0734375
0 0.490625 0.61640625 0.075 0.0734375
0 0.3984375 0.07890625 0.075 0.075
0 0.30234375 0.14609375 0.0734375 0.0734375
0 0.30859375 0.25078125 0.0765625 0.075
0 0.9734375 0.7234375 0.053125 0.075
0 0.7875 0.0140625 0.075 0.028125
0 0.0734375 0.2328125 0.075 0.071875
0 0.271875 0.70625 0.0734375 0.075
0 0.4734375 0.7921875 0.0734375 0.075
0 0.5453125 0.40234375 0.0734375 0.0671875
0 0.34765625 0.403125 0.0703125 0.06875
0 0.05546875 0.66796875 0.06875 0.071875
0 0.96171875 0.784375 0.0734375 0.0734375
0 0.43515625 0.02734375 0.0703125 0.0546875
0 0.66171875 0.04296875 0.0734375 0.075
0 0.44765625 0.85390625 0.075 0.075
0 0.48046875 0.9015625 0.0734375 0.075
0 0.51171875 0.45 0.075 0.075
0 0.5453125 0.89296875 0.075 0.0734375
0 0.140625 0.71328125 0.075 0.075
0 0.396875 0.6921875 0.075 0.075
0 0.1640625 0.43359375 0.0734375 0.071875
0 0.4546875 0.56484375 0.071875 0.0703125
0 0.8484375 0.04765625 0.075 0.071875
0 0.95546875 0.3171875 0.0421875 0.0640625
0 0.43671875 0.74609375 0.075 0.071875
0 0.36796875 0.1375 0.0734375 0.071875
0 0.72265625 0.04765625 0.0734375 0.0765625
0 0.225 0.928125 0.075 0.071875
0 0.13515625 0.21953125 0.0765625 0.075
0 0.63984375 0.23046875 0.0765625 0.075
0 0.41171875 0.40625 0.0734375 0.071875
0 0.81484375 0.7078125 0.071875 0.0734375
0 0.878125 0.859375 0.0734375 0.071875
0 0.584375 0.55546875 0.0734375 0.0703125
0 0.71328125 0.66640625 0.0765625 0.0765625
0 0.22890625 0.4328125 0.0765625 0.078125
0 0.98359375 0.6765625 0.0328125 0.06875
0 0.88359375 0.26640625 0.075 0.075
0 0.80625 0.271875 0.0765625 0.0765625
0 0.203125 0.5953125 0.075 0.0734375
0 0.9203125 0.89609375 0.0671875 0.0421875
0 0.4109375 0.2984375 0.0734375 0.071875
0 0.90390625 0.20625 0.0765625 0.0765625
0 0.7953125 0.92734375 0.065625 0.040625
0 0.71875 0.00859375 0.071875 0.0171875
0 0.746875 0.61484375 0.0765625 0.0734375
0 0.640625 0.3296875 0.0734375 0.071875
0 0.9078125 0.32578125 0.0734375 0.075
0 0.228125 0.06796875 0.0703125 0.0453125
0 0.3171875 0.85703125 0.0703125 0.0671875
0 0.21875 0.990625 0.075 0.01875
0 0.43984375 0.34765625 0.0734375 0.0734375
0 0.371875 0.034375 0.06875 0.0484375
0 0.609375 0.7875 0.0734375 0.0734375
0 0.11484375 0.26953125 0.0703125 0.065625
0 0.66953125 0.95703125 0.071875 0.046875
0 0.64609375 0.4421875 0.075 0.071875
0 0.234375 0.14296875 0.075 0.0734375
0 0.88203125 0.0875 0.071875 0.071875
0 0.3765625 0.34453125 0.071875 0.071875
0 0.29453125 0.046875 0.071875 0.0375
0 0.575 0.446875 0.0734375 0.0703125
0 0.88671875 0.03046875 0.0359375 0.0609375
0 0.4875 0.0078125 0.0625 0.015625
0 0.9734375 0.3765625 0.0359375 0.0640625
0 0.17421875 0.64375 0.071875 0.071875
0 0.48984375 0.99296875 0.0671875 0.0140625
0 0.5859375 0.9578125 0.0765625 0.075
0 0.34375 0.29765625 0.075 0.071875
1 0.1671875 0.965625 0.0671875 0.0671875
1 0.028125 0.17421875 0.05625 0.0703125
1 0.121875 0.97265625 0.05 0.0546875
0 0.55078125 0.98671875 0.0640625 0.0265625
0 0.1546875 0.08046875 0.075 0.0359375
0 0.3796875 0.44921875 0.071875 0.06875
1 0.3921875 0.9734375 0.071875 0.053125
0 0.0421875 0.709375 0.021875 0.0515625
0 0.9421875 0.25234375 0.0375 0.0734375
0 0.009375 0.55234375 0.01875 0.0640625
0 0.05703125 0.7703125 0.021875 0.0546875
1 0.4203125 0.99296875 0.06875 0.0140625