0 0.97109375 0.78671875 0.05703125 0.05625
0 0.9703125 0.853125 0.05625 0.0578125
0 0.96953125 0.9734375 0.05703125 0.053125
0 0.95546875 0.6140625 0.0578125 0.0546875
0 0.96875 0.72890625 0.0578125 0.0578125
0 0.946875 0.25390625 0.06015625 0.0578125
0 0.9890625 0.284375 0.021875 0.059375
0 0.9515625 0.31015625 0.0578125 0.05546875
0 0.95703125 0.49609375 0.05859375 0.05390625
0 0.96875 0.91171875 0.05546875 0.05859375
0 0.96640625 0.6703125 0.05625 0.05390625
0 0.99140625 0.22109375 0.0171875 0.06015625
0 0.95546875 0.43828125 0.06171875 0.059375
0 0.95 0.12421875 0.06015625 0.059375
0 0.98984375 0.1578125 0.0203125 0.0625
0 0.990625 0.08828125 0.01796875 0.06171875
0 0.9921875 0.34375 0.015625 0.05625
0 0.9484375 0.05703125 0.0609375 0.05703125
0 0.94921875 0.378125 0.0609375 0.05859375
0 0.94375 0.19453125 0.059375 0.05546875
0 0.96640625 0.5609375 0.05390625 0.05234375