0 0.60078125 0.9734375 0.0671875 0.0421875
0 0.33671875 0.9578125 0.06875 0.065625
0 0.56953125 0.934375 0.06875 0.06875
0 0.29609375 0.99140625 0.0671875 0.0171875
0 0.6625 0.96484375 0.0640625 0.0390625
0 0.721875 0.94921875 0.0671875 0.053125
0 0.94296875 0.91875 0.065625 0.0421875
0 0.10390625 0.9484375 0.06875 0.0703125
0 0.1703125 0.9609375 0.06875 0.06875
0 0.40078125 0.96640625 0.065625 0.0625
0 0.59375 0.875 0.065625 0.065625
0 0.5265625 0.89453125 0.0703125 0.065625
0 0.2140625 0.89296875 0.0640625 0.0671875
0 0.459375 0.98203125 0.065625 0.0359375
0 0.115625 0.990625 0.065625 0.01875
0 0.51171875 0.9578125 0.06875 0.0671875
0 0.6828125 0.90390625 0.0703125 0.06875
0 0.27890625 0.94453125 0.06875 0.06875
0 0.62890625 0.9234375 0.0671875 0.06875
0 0.1515625 0.89765625 0.06875 0.06875
0 0.45625 0.93359375 0.0671875 0.0671875
0 0.22890625 0.9734375 0.0671875 0.053125
0 0.32578125 0.89609375 0.06875 0.0671875
0 0.76875 0.91328125 0.0671875 0.06875
0 0.41953125 0.85703125 0.0703125 0.06875
0 0.26953125 0.87890625 0.065625 0.0671875
0 0.78046875 0.95625 0.0609375 0.0203125
0 0.9703125 0.87890625 0.059375 0.0703125
0 0.359375 0.99140625 0.0625 0.0171875
0 0.4859375 0.84453125 0.0703125 0.06875
0 0.07421875 0.9734375 0.0203125 0.053125
0 0.38359375 0.90234375 0.065625 0.06875
0 0.5484375 0.83515625 0.0625 0.0625
0 0.7359375 0.8640625 0.0671875 0.065625
0 0.8234375 0.88203125 0.065625 0.0640625
0 0.89453125 0.88984375 0.0609375 0.0609375
0 0.84375 0.93125 0.059375 0.0484375