0 0.04296875 0.3296875 0.04375 0.04375
0 0.08828125 0.30546875 0.04375 0.046875
0 0.134375 0.296875 0.0453125 0.046875
0 0.17734375 0.29453125 0.04375 0.0453125
0 0.21875 0.29453125 0.0421875 0.0421875
0 0.20390625 0.33046875 0.040625 0.040625
0 0.159375 0.33671875 0.0453125 0.040625
0 0.11484375 0.34453125 0.046875 0.04375
0 0.0734375 0.35078125 0.0375 0.040625
0 0.18359375 0.375 0.040625 0.0453125
0 0.1421875 0.37734375 0.0421875 0.04375
0 0.0984375 0.38125 0.0453125 0.040625
0 0.0515625 0.38828125 0.04375 0.0453125
0 0.08046875 0.42109375 0.046875 0.0453125
0 0.1265625 0.4140625 0.0453125 0.040625
0 0.1671875 0.4171875 0.0390625 0.0359375
0 0.15546875 0.4453125 0.04375 0.046875
0 0.01328125 0.3984375 0.0265625 0.04375
0 0.0328125 0.434375 0.04375 0.0390625
0 0.1078125 0.45546875 0.05 0.0453125
0 0.13515625 0.48984375 0.0453125 0.0421875
0 0.0921875 0.49140625 0.04375 0.0421875
0 0.00625 0.43359375 0.0125 0.0390625
0 0.02109375 0.4640625 0.0421875 0.04375
0 0.0453125 0.5015625 0.0453125 0.04375
0 0.06015625 0.4671875 0.0390625 0.0421875
0 0.11484375 0.53203125 0.0453125 0.04375
0 0.1 0.57109375 0.0453125 0.0421875
0 0.08203125 0.61015625 0.046875 0.04375
0 0.02421875 0.5453125 0.0453125 0.04375
0 0.0671875 0.5484375 0.0453125 0.04375
0 0.05390625 0.5796875 0.0453125 0.040625
0 0.01796875 0.5796875 0.0296875 0.046875
0 0.0390625 0.6125 0.04375 0.040625
0 0.06171875 0.6546875 0.04375 0.04375
0 0.025 0.64921875 0.0375 0.0390625
0 0.04453125 0.6921875 0.0453125 0.040625
0 0.02890625 0.734375 0.0359375 0.0421875