0 0.41015625 0.08984375 0.153125 0.1421875
1 0.79140625 0.321875 0.0859375 0.0890625
1 0.809375 0.7234375 0.1125 0.0953125
1 0.5671875 0.684375 0.15625 0.103125
0 0.0671875 0.18203125 0.1203125 0.1171875
1 0.6859375 0.04453125 0.121875 0.0890625
1 0.7046875 0.303125 0.109375 0.1125
1 0.92109375 0.81328125 0.1 0.09375
1 0.759375 0.57734375 0.1015625 0.09375
1 0.58046875 0.421875 0.090625 0.0890625
1 0.9375 0.07265625 0.0765625 0.0859375
1 0.86640625 0.88046875 0.084375 0.09375
1 0.7 0.946875 0.1203125 0.0921875
1 0.6578125 0.628125 0.1125 0.0921875
0 0.18671875 0.14453125 0.115625 0.11875
0 0.32421875 0.55625 0.11875 0.1203125
1 0.85234375 0.0578125 0.1046875 0.115625
1 0.95390625 0.725 0.0921875 0.0875
0 0.19765625 0.6078125 0.1546875 0.1625
1 0.76328125 0.04375 0.0828125 0.0875
1 0.6203125 0.80859375 0.1109375 0.090625
0 0.0734375 0.61875 0.1171875 0.121875
1 0.946875 0.6328125 0.10625 0.084375
0 0.15625 0.26640625 0.1203125 0.1234375
1 0.75390625 0.66484375 0.121875 0.090625
1 0.8828125 0.33828125 0.0984375 0.090625
1 0.9515625 0.89609375 0.096875 0.0921875
1 0.88828125 0.690625 0.0796875 0.096875
0 0.01640625 0.0859375 0.0328125 0.125
0 0.2890625 0.11953125 0.1171875 0.11875
1 0.73359375 0.3890625 0.0890625 0.096875
1 0.9453125 0.22109375 0.0859375 0.096875
1 0.81953125 0.4203125 0.0921875 0.1046875
1 0.89375 0.95703125 0.103125 0.05
0 0.275 0.23984375 0.1140625 0.115625
1 0.7453125 0.4875 0.1015625 0.1015625
1 0.6375 0.36171875 0.0953125 0.0984375
1 0.90546875 0.44140625 0.1109375 0.096875
1 0.6859375 0.8609375 0.0828125 0.0828125
0 0.5484375 0.059375 0.128125 0.11875
0 0.1921875 0.05078125 0.1125 0.075
1 0.53828125 0.85859375 0.1390625 0.1046875
1 0.47109375 0.67734375 0.0703125 0.084375
1 0.90703125 0.55078125 0.121875 0.1015625
0 0.053125 0.31953125 0.10625 0.1578125
1 0.95234375 0.37890625 0.0890625 0.103125
1 0.60859375 0.9171875 0.0921875 0.0984375
0 0.1171875 0.971875 0.10625 0.05625
1 0.9015625 0.159375 0.1109375 0.1109375
1 0.4609375 0.29765625 0.1203125 0.1171875
1 0.85859375 0.628125 0.103125 0.09375
1 0.44296875 0.84765625 0.09375 0.0984375
1 0.80234375 0.18984375 0.1140625 0.109375
0 0.31953125 0.03046875 0.1296875 0.05
1 0.87109375 0.25 0.1140625 0.0984375
0 0.0921875 0.78515625 0.1203125 0.1234375
0 0.15078125 0.715625 0.121875 0.1203125
1 0.43125 0.528125 0.090625 0.109375
0 0.1296875 0.89296875 0.11875 0.1125
1 0.62421875 0.2375 0.096875 0.1234375
0 0.37109375 0.2171875 0.134375 0.13125
1 0.98046875 0.8140625 0.0390625 0.096875
0 0.234375 0.47265625 0.115625 0.115625
1 0.6734375 0.71640625 0.1140625 0.1
1 0.40234375 0.68984375 0.090625 0.0953125
0 0.021875 0.5390625 0.04375 0.128125
1 0.66328125 0.44609375 0.0859375 0.0859375
0 0.08515625 0.06875 0.109375 0.1
1 0.66875 0.54296875 0.0765625 0.084375
1 0.49375 0.92578125 0.1015625 0.078125
0 0.2421875 0.36171875 0.11875 0.1390625
1 0.715625 0.12421875 0.1296875 0.10625
1 0.559375 0.97265625 0.115625 0.0546875
0 0.28828125 0.67578125 0.1328125 0.115625
0 0.13984375 0.38359375 0.103125 0.1171875
1 0.8109375 0.52421875 0.0859375 0.0859375
1 0.959375 0.4890625 0.08125 0.090625
1 0.37109375 0.90859375 0.0953125 0.10625
0 0.04296875 0.93046875 0.0484375 0.1390625
1 0.39921875 0.60625 0.0828125 0.0734375
0 0.11171875 0.52109375 0.1234375 0.1234375
1 0.89765625 0.0109375 0.1140625 0.021875
1 0.4734375 0.76015625 0.115625 0.0890625
1 0.54921875 0.7625 0.1140625 0.0859375
1 0.46640625 0.390625 0.0953125 0.0953125
1 0.98828125 0.55234375 0.0234375 0.0578125
0 0.0078125 0.2109375 0.015625 0.115625
0 0.21640625 0.79296875 0.1296875 0.1203125
1 0.33671875 0.77109375 0.09375 0.1078125
1 0.59140625 0.50625 0.1046875 0.08125
1 0.8015625 0.96171875 0.09375 0.0515625
0 0.03203125 0.81328125 0.0390625 0.128125
1 0.7109375 0.78671875 0.0765625 0.0765625
1 0.55 0.325 0.125 0.1078125
1 0.62421875 0.128125 0.08125 0.0953125
1 0.4921875 0.47109375 0.115625 0.0890625
1 0.41484375 0.96015625 0.0984375 0.0796875
1 0.78984375 0.89296875 0.10625 0.08125
0 0.53046875 0.18984375 0.103125 0.115625
0 0.35703125 0.3546875 0.1140625 0.115625
0 0.35703125 0.45390625 0.1109375 0.1046875
0 0.03828125 0.4359375 0.0765625 0.09375