1 0.69609375 0.95 0.0515625 0.0453125
0 0.42578125 0.98828125 0.0484375 0.0234375
0 0.47421875 0.98828125 0.0484375 0.0234375
0 0.5296875 0.98984375 0.046875 0.0203125
0 0.57734375 0.9859375 0.0453125 0.0265625
0 0.62578125 0.984375 0.046875 0.028125
0 0.028125 0.98359375 0.040625 0.0328125
0 0.07109375 0.98203125 0.0453125 0.0359375
0 0.11640625 0.978125 0.0453125 0.04375
0 0.16484375 0.978125 0.0515625 0.04375
0 0.2140625 0.9765625 0.046875 0.046875
0 0.26171875 0.9765625 0.0453125 0.046875
0 0.309375 0.971875 0.0484375 0.0453125
0 0.35546875 0.96953125 0.046875 0.0453125
0 0.40078125 0.9625 0.046875 0.046875
0 0.4515625 0.96171875 0.046875 0.046875
0 0.49921875 0.9546875 0.046875 0.0484375
0 0.55078125 0.95390625 0.053125 0.0484375
0 0.6015625 0.95703125 0.05 0.046875
0 0.6484375 0.95078125 0.0484375 0.0484375
0 0.03828125 0.940625 0.0484375 0.04375
0 0.08984375 0.9453125 0.0484375 0.0484375
0 0.14453125 0.946875 0.0484375 0.0453125
0 0.190625 0.9421875 0.0453125 0.0453125
0 0.2359375 0.9375 0.0453125 0.0453125
0 0.28046875 0.93125 0.046875 0.04375
0 0.32734375 0.92734375 0.0515625 0.04375
0 0.3796875 0.9296875 0.0484375 0.0484375
0 0.42734375 0.925 0.046875 0.0453125
0 0.47421875 0.92109375 0.0453125 0.046875
0 0.51796875 0.9109375 0.046875 0.0484375
0 0.56640625 0.909375 0.05 0.0453125
0 0.61953125 0.90703125 0.0515625 0.046875
0 0.66796875 0.90390625 0.046875 0.0484375
0 0.6734375 0.9828125 0.046875 0.0296875
0 0.72109375 0.98046875 0.04375 0.03125
0 0.76953125 0.98046875 0.0484375 0.03125
0 0.81328125 0.97421875 0.0484375 0.0421875
0 0.86328125 0.971875 0.0484375 0.0453125
0 0.9125 0.965625 0.05 0.046875
0 0.96484375 0.97265625 0.046875 0.040625
0 0.9921875 0.96796875 0.015625 0.0453125
0 0.7453125 0.946875 0.0515625 0.05
0 0.79375 0.94375 0.046875 0.0421875
0 0.83828125 0.93359375 0.04375 0.0453125
0 0.8875 0.9328125 0.0515625 0.046875
0 0.934375 0.92421875 0.046875 0.0453125
0 0.9796875 0.93203125 0.040625 0.0484375
0 0.71640625 0.9 0.05 0.046875
0 0.7640625 0.89921875 0.0484375 0.0484375
0 0.8125 0.8890625 0.05 0.0421875
0 0.8625 0.8953125 0.0484375 0.05
0 0.9078125 0.8875 0.0453125 0.046875
0 0.95625 0.8890625 0.0484375 0.0515625
0 0.990625 0.88203125 0.01875 0.0453125
0 0.021875 0.9046875 0.03125 0.0453125
0 0.0609375 0.9 0.046875 0.0484375
0 0.10859375 0.8984375 0.0515625 0.05
0 0.1578125 0.896875 0.0484375 0.05
0 0.03828125 0.8609375 0.0453125 0.0484375
0 0.084375 0.85625 0.0515625 0.0484375
0 0.134375 0.85703125 0.05 0.0515625
0 0.17890625 0.85390625 0.046875 0.05
0 0.021875 0.8328125 0.034375 0.046875
0 0.059375 0.81953125 0.0484375 0.0453125
0 0.10859375 0.8171875 0.046875 0.05
0 0.15625 0.81484375 0.046875 0.046875
0 0.0328125 0.78046875 0.0484375 0.05
0 0.08671875 0.784375 0.053125 0.0515625
0 0.13515625 0.7796875 0.046875 0.0453125
0 0.18125 0.7765625 0.05 0.0515625
0 0.01953125 0.74765625 0.0328125 0.0453125
0 0.06015625 0.73984375 0.0484375 0.0453125
0 0.10546875 0.74140625 0.0484375 0.0484375
0 0.15234375 0.73515625 0.046875 0.046875
0 0.03125 0.7 0.046875 0.0453125
0 0.08046875 0.7 0.0515625 0.0484375
0 0.13125 0.70078125 0.05 0.046875
0 0.015625 0.6609375 0.028125 0.046875
0 0.0578125 0.65703125 0.078125 0.0703125
0 0.1046875 0.6578125 0.046875 0.046875
0 0.15078125 0.65703125 0.0515625 0.053125
0 0.20859375 0.8953125 0.0734375 0.075
0 0.2546875 0.8921875 0.0484375 0.0453125
0 0.3015625 0.88984375 0.046875 0.046875
0 0.35 0.88828125 0.046875 0.0453125
0 0.396875 0.8828125 0.046875 0.0484375
0 0.44375 0.87109375 0.0484375 0.05
0 0.49140625 0.86953125 0.0484375 0.0515625
0 0.540625 0.87265625 0.05 0.05
0 0.58984375 0.8703125 0.0515625 0.046875
0 0.64296875 0.8671875 0.0484375 0.046875
0 0.69140625 0.86328125 0.0484375 0.046875
0 0.73984375 0.85703125 0.05 0.05
0 0.790625 0.86484375 0.0453125 0.0421875
0 0.22578125 0.8515625 0.05 0.046875
0 0.27421875 0.85 0.0515625 0.0484375
0 0.32421875 0.846875 0.0515625 0.0484375
0 0.371875 0.84765625 0.04375 0.0453125
0 0.41875 0.83671875 0.046875 0.05
0 0.465625 0.82890625 0.0484375 0.046875
0 0.5140625 0.82734375 0.0484375 0.053125
0 0.5640625 0.83046875 0.0515625 0.0484375
0 0.6140625 0.825 0.0515625 0.0484375
0 0.66328125 0.82421875 0.0453125 0.046875
0 0.71015625 0.8171875 0.0515625 0.0484375
0 0.759375 0.81328125 0.0484375 0.046875
0 0.809375 0.8109375 0.0515625 0.0484375
0 0.20859375 0.81328125 0.06875 0.0640625
0 0.24921875 0.809375 0.046875 0.0484375
0 0.3 0.81328125 0.05 0.0484375
0 0.3484375 0.803125 0.05 0.0453125
0 0.3953125 0.79765625 0.0484375 0.0484375
0 0.4390625 0.79140625 0.0484375 0.04375
0 0.48671875 0.78671875 0.046875 0.0453125
0 0.53828125 0.78984375 0.0515625 0.046875
0 0.5875 0.790625 0.0484375 0.05
0 0.6359375 0.790625 0.05 0.0484375
0 0.68203125 0.7796875 0.046875 0.0484375
0 0.7328125 0.7828125 0.046875 0.046875
0 0.78046875 0.77578125 0.0484375 0.0484375
0 0.83046875 0.77109375 0.0515625 0.05
0 0.2265625 0.76796875 0.046875 0.0453125
0 0.27265625 0.76875 0.05 0.0484375
0 0.32109375 0.765625 0.0484375 0.046875
0 0.36875 0.75859375 0.0453125 0.046875
0 0.415625 0.7546875 0.0484375 0.046875
0 0.4640625 0.7515625 0.0484375 0.05
0 0.5109375 0.74765625 0.0484375 0.0453125
0 0.559375 0.7453125 0.046875 0.046875
0 0.60546875 0.74140625 0.05 0.0484375
0 0.66015625 0.740625 0.08125 0.0703125
0 0.70234375 0.73984375 0.046875 0.046875
0 0.74921875 0.73515625 0.0453125 0.04375
0 0.196875 0.73359375 0.05 0.046875
0 0.246875 0.72734375 0.0484375 0.0453125
0 0.29453125 0.72578125 0.05 0.05
0 0.34375 0.71875 0.0484375 0.046875
0 0.39609375 0.72578125 0.0484375 0.0484375
0 0.43671875 0.7125 0.0484375 0.046875
0 0.4859375 0.70703125 0.0515625 0.0453125
0 0.53671875 0.709375 0.046875 0.046875
0 0.58046875 0.703125 0.0484375 0.04375
0 0.6296875 0.70234375 0.0484375 0.0484375
0 0.67734375 0.7 0.046875 0.0484375
0 0.728125 0.7 0.0515625 0.05
0 0.7765625 0.6984375 0.0484375 0.0484375
0 0.82578125 0.6890625 0.0484375 0.046875
0 0.1765625 0.696875 0.0484375 0.0453125
0 0.2234375 0.68984375 0.0484375 0.05
0 0.27109375 0.684375 0.046875 0.0484375
0 0.31875 0.6828125 0.0484375 0.0453125
0 0.36484375 0.67265625 0.0453125 0.0484375
0 0.4140625 0.671875 0.0484375 0.0484375
0 0.4625 0.67265625 0.0453125 0.0453125
0 0.50859375 0.66796875 0.0453125 0.04375
0 0.559375 0.66796875 0.04375 0.0453125
0 0.60390625 0.65859375 0.046875 0.04375
0 0.653125 0.66171875 0.046875 0.0453125
0 0.7 0.6578125 0.0484375 0.0484375
0 0.7453125 0.653125 0.05 0.0484375
0 0.8 0.65390625 0.053125 0.05
0 0.196875 0.65 0.0484375 0.046875
0 0.24609375 0.6453125 0.053125 0.0484375
0 0.29140625 0.63984375 0.046875 0.0453125
0 0.34375 0.64375 0.04375 0.0421875
0 0.3890625 0.63828125 0.046875 0.05
0 0.440625 0.6375 0.0515625 0.046875
0 0.4890625 0.634375 0.046875 0.046875
0 0.5359375 0.63359375 0.046875 0.0484375
0 0.5828125 0.62734375 0.0453125 0.0453125
0 0.62890625 0.62421875 0.046875 0.0484375
0 0.67265625 0.615625 0.0453125 0.0453125
0 0.721875 0.61015625 0.05 0.046875
0 0.76953125 0.60859375 0.053125 0.0515625
0 0.81875 0.60859375 0.0515625 0.05
0 0.80390625 0.73046875 0.078125 0.0734375
0 0.834375 0.85703125 0.046875 0.046875
0 0.88359375 0.85234375 0.046875 0.0484375
0 0.928125 0.84609375 0.046875 0.046875
0 0.975 0.84375 0.05 0.05
0 0.85859375 0.81328125 0.046875 0.0515625
0 0.9046875 0.809375 0.0484375 0.0484375
0 0.95078125 0.80390625 0.0453125 0.046875
0 0.9859375 0.80234375 0.028125 0.0484375
0 0.878125 0.7703125 0.0484375 0.0484375
0 0.925 0.7671875 0.0484375 0.0484375
0 0.9734375 0.7609375 0.05 0.0484375
0 0.85234375 0.728125 0.05 0.046875
0 0.9015625 0.73359375 0.0484375 0.04375
0 0.94765625 0.72578125 0.046875 0.046875
0 0.98515625 0.7171875 0.0296875 0.04375
0 0.87421875 0.69609375 0.05 0.0484375
0 0.9203125 0.6796875 0.05 0.046875
0 0.96796875 0.6859375 0.046875 0.0453125
0 0.8453125 0.65 0.0484375 0.04375
0 0.89453125 0.64609375 0.0484375 0.05
0 0.9421875 0.63828125 0.05 0.05
0 0.98203125 0.6328125 0.0359375 0.046875
0 0.86796875 0.60703125 0.05 0.0453125
0 0.91484375 0.59921875 0.0453125 0.0453125
0 0.96171875 0.59921875 0.046875 0.046875
0 0.97890625 0.55546875 0.0421875 0.0484375
0 0.9375 0.55546875 0.0484375 0.046875
0 0.88671875 0.56015625 0.0484375 0.046875
0 0.840625 0.56484375 0.0515625 0.046875
0 0.79375 0.56484375 0.05 0.05
0 0.45390625 0.5859375 0.05 0.0484375
0 0.503125 0.58515625 0.05 0.0484375
0 0.55390625 0.58515625 0.05 0.05
0 0.60234375 0.584375 0.046875 0.0515625
0 0.64921875 0.584375 0.046875 0.05
0 0.69765625 0.575 0.0484375 0.046875
0 0.746875 0.56953125 0.05 0.0515625
0 0.4328125 0.55234375 0.0484375 0.05
0 0.48046875 0.55078125 0.0515625 0.046875
0 0.52890625 0.55 0.05 0.046875
0 0.57578125 0.53984375 0.0515625 0.0484375
0 0.621875 0.5359375 0.046875 0.0515625
0 0.66953125 0.5421875 0.046875 0.046875
0 0.71640625 0.53203125 0.0484375 0.046875
0 0.76796875 0.528125 0.046875 0.0484375
0 0.8140625 0.525 0.0484375 0.046875
0 0.8625 0.52890625 0.0515625 0.0484375
0 0.9109375 0.51796875 0.05 0.046875
0 0.9578125 0.51640625 0.0484375 0.0515625
0 0.45390625 0.50859375 0.0484375 0.05
0 0.49921875 0.50625 0.0453125 0.0484375
0 0.546875 0.50234375 0.053125 0.046875
0 0.596875 0.496875 0.046875 0.05
0 0.6453125 0.49453125 0.0515625 0.0515625
0 0.69375 0.4921875 0.046875 0.0484375
0 0.740625 0.490625 0.046875 0.0484375
0 0.78984375 0.48515625 0.046875 0.0484375
0 0.83671875 0.48203125 0.05 0.0515625
0 0.884375 0.4796875 0.046875 0.0484375
0 0.93125 0.47421875 0.046875 0.0484375
0 0.97734375 0.46796875 0.0453125 0.046875
0 0.428125 0.4703125 0.0484375 0.046875
0 0.47578125 0.46953125 0.0484375 0.0484375
0 0.52421875 0.46484375 0.04375 0.0484375
0 0.56875 0.46328125 0.05 0.046875
0 0.6203125 0.45546875 0.0484375 0.05
0 0.66796875 0.45546875 0.0484375 0.046875
0 0.71484375 0.45 0.046875 0.0484375
0 0.76015625 0.4484375 0.046875 0.0515625
0 0.8078125 0.440625 0.05 0.05
0 0.85703125 0.4390625 0.0484375 0.0484375
0 0.9046875 0.4375 0.0515625 0.046875
0 0.95390625 0.43359375 0.0515625 0.0484375
0 0.45 0.43203125 0.04375 0.0484375
0 0.49609375 0.425 0.0484375 0.046875
0 0.54375 0.42109375 0.0484375 0.046875
0 0.59375 0.4203125 0.0515625 0.0484375
0 0.64296875 0.41796875 0.0484375 0.0453125
0 0.68984375 0.41328125 0.046875 0.05
0 0.7359375 0.41171875 0.0515625 0.046875
0 0.7828125 0.40390625 0.046875 0.0484375
0 0.8296875 0.3984375 0.053125 0.053125
0 0.878125 0.39609375 0.046875 0.0484375
0 0.925 0.39609375 0.0484375 0.0453125
0 0.9734375 0.39296875 0.0515625 0.046875
0 0.425 0.39140625 0.046875 0.05
0 0.4703125 0.38515625 0.046875 0.046875
0 0.51640625 0.3828125 0.0453125 0.0453125
0 0.56328125 0.375 0.0515625 0.0484375
0 0.61328125 0.3765625 0.0484375 0.046875
0 0.659375 0.37265625 0.046875 0.05
0 0.7078125 0.3703125 0.0484375 0.0484375
0 0.75625 0.37109375 0.0484375 0.04375
0 0.803125 0.35390625 0.046875 0.0484375
0 0.853125 0.35390625 0.05 0.046875
0 0.90078125 0.35390625 0.0484375 0.046875
0 0.9484375 0.3546875 0.046875 0.0484375
0 0.98515625 0.359375 0.0265625 0.053125
0 0.4453125 0.346875 0.053125 0.0484375
0 0.49296875 0.340625 0.046875 0.0484375
0 0.5390625 0.3375 0.0484375 0.053125
0 0.5859375 0.33125 0.046875 0.0484375
0 0.63203125 0.33046875 0.0515625 0.0484375
0 0.68046875 0.32890625 0.046875 0.0484375
0 0.73046875 0.3296875 0.0453125 0.0453125
0 0.77734375 0.3296875 0.0453125 0.046875
0 0.82890625 0.31953125 0.046875 0.04375
0 0.87734375 0.321875 0.0453125 0.0421875
0 0.925 0.31796875 0.0453125 0.04375
0 0.97109375 0.31953125 0.046875 0.046875
0 0.95078125 0.28046875 0.0484375 0.0484375
0 0.70078125 0.2828125 0.0515625 0.0515625
0 0.65078125 0.29609375 0.046875 0.046875
0 0.0296875 0.62421875 0.0484375 0.0484375
0 0.07578125 0.61953125 0.046875 0.046875
0 0.12265625 0.615625 0.0484375 0.046875
0 0.171875 0.61171875 0.0484375 0.0515625
0 0.01328125 0.5828125 0.025 0.0453125
0 0.04921875 0.5796875 0.0453125 0.0453125
0 0.096875 0.57578125 0.05 0.0453125
0 0.14453125 0.56953125 0.0484375 0.05
0 0.025 0.53828125 0.046875 0.0484375
0 0.0703125 0.5359375 0.0484375 0.046875
0 0.11640625 0.534375 0.0484375 0.046875
0 0.16328125 0.5265625 0.05 0.0484375
0 0.009375 0.50078125 0.01875 0.0453125
0 0.04453125 0.49609375 0.05 0.046875
0 0.09375 0.49375 0.0515625 0.05
0 0.13984375 0.4921875 0.0484375 0.046875
0 0.02109375 0.459375 0.0421875 0.046875
0 0.06796875 0.4515625 0.071875 0.0703125
0 0.1140625 0.4515625 0.0453125 0.0453125
0 0.16015625 0.4453125 0.0484375 0.04375
0 0.00859375 0.41796875 0.0171875 0.0453125
0 0.040625 0.41328125 0.046875 0.046875
0 0.0578125 0.36484375 0.0484375 0.0515625
0 0.08671875 0.40703125 0.046875 0.0546875
0 0.11015625 0.36953125 0.046875 0.0484375
0 0.1546875 0.359375 0.046875 0.0515625
0 0.19453125 0.34609375 0.0484375 0.05
0 0.13515625 0.409375 0.05 0.046875
0 0.18203125 0.4015625 0.046875 0.05
0 0.21875 0.60703125 0.0453125 0.046875
0 0.26484375 0.6015625 0.046875 0.0453125
0 0.31484375 0.6046875 0.0453125 0.0484375
0 0.3625 0.59609375 0.0484375 0.05
0 0.4109375 0.59609375 0.0515625 0.05
0 0.1921875 0.5671875 0.05 0.0515625
0 0.23671875 0.5625 0.04375 0.0484375
0 0.284375 0.5578125 0.04375 0.046875
0 0.3359375 0.5515625 0.0515625 0.046875
0 0.38515625 0.55390625 0.05 0.0484375
0 0.21171875 0.52578125 0.0484375 0.05
0 0.259375 0.51875 0.046875 0.05
0 0.303125 0.5125 0.046875 0.0484375
0 0.35703125 0.51171875 0.046875 0.05
0 0.4078125 0.51328125 0.0484375 0.046875
0 0.18515625 0.48359375 0.04375 0.046875
0 0.22890625 0.47890625 0.0453125 0.04375
0 0.27578125 0.4734375 0.053125 0.046875
0 0.33203125 0.4765625 0.046875 0.046875
0 0.38203125 0.4765625 0.05 0.046875
0 0.209375 0.44140625 0.0484375 0.0484375
0 0.2546875 0.43515625 0.0484375 0.0453125
0 0.30234375 0.43125 0.0484375 0.046875
0 0.35390625 0.4359375 0.0515625 0.0484375
0 0.4046875 0.43359375 0.0484375 0.046875
0 0.2296875 0.39765625 0.046875 0.0484375
0 0.27578125 0.39453125 0.046875 0.0453125
0 0.32421875 0.390625 0.0484375 0.046875
0 0.3734375 0.39140625 0.05 0.046875
0 0.39765625 0.3515625 0.05 0.0484375
0 0.34921875 0.3484375 0.0484375 0.053125
0 0.3 0.35234375 0.0546875 0.046875
0 0.253125 0.3546875 0.046875 0.0484375