0 0.4078125 0.9328125 0.0515625 0.053125
0 0.67265625 0.97265625 0.053125 0.053125
0 0.27421875 0.9171875 0.053125 0.053125
0 0.425 0.97578125 0.0484375 0.0453125
0 0.29140625 0.95546875 0.046875 0.034375
0 0.53671875 0.9578125 0.053125 0.053125
0 0.71953125 0.975 0.0515625 0.05
0 0.5515625 0.98984375 0.046875 0.0203125
0 0.453125 0.94375 0.0515625 0.0515625
0 0.31796875 0.92890625 0.053125 0.0546875
0 0.46484375 0.98203125 0.0484375 0.0359375
0 0.2296875 0.9109375 0.0515625 0.053125
0 0.3625 0.9140625 0.0515625 0.053125
0 0.49453125 0.95390625 0.05 0.0515625
0 0.1421875 0.88046875 0.053125 0.053125
0 0.6875 0.9921875 0.05 0.015625
0 0.01875 0.875 0.0375 0.05
0 0.0546875 0.88359375 0.0515625 0.053125
0 0.63046875 0.96796875 0.05 0.0515625
0 0.378125 0.9703125 0.046875 0.0375
0 0.7578125 0.98515625 0.053125 0.0296875
0 0.24765625 0.94765625 0.04375 0.03125
0 0.09765625 0.89140625 0.05 0.0515625
0 0.596875 0.990625 0.05 0.01875
0 0.50703125 0.98671875 0.0484375 0.0265625
0 0.85078125 0.99140625 0.0515625 0.0171875
0 0.2 0.93984375 0.04375 0.0296875
0 0.0296875 0.90703125 0.04375 0.028125
0 0.590625 0.9421875 0.053125 0.0546875
0 0.6390625 0.990625 0.05 0.01875
0 0.159375 0.93203125 0.046875 0.0296875
0 0.1859375 0.90625 0.0515625 0.053125
0 0.3359375 0.9640625 0.0453125 0.0328125
0 0.071875 0.915625 0.04375 0.028125
0 0.81015625 0.97734375 0.0546875 0.0453125
0 0.11640625 0.9265625 0.0421875 0.0234375