2 0.8421875 0.84765625 0.1984375 0.18125
1 0.675 0.87890625 0.209375 0.1953125
1 0.63359375 0.42578125 0.2109375 0.20625
1 0.8796875 0.21328125 0.19375 0.209375
1 0.46796875 0.4734375 0.2125 0.215625
1 0.13046875 0.94921875 0.1515625 0.1015625
1 0.3546875 0.8 0.2125 0.1984375
1 0.7734375 0.09921875 0.209375 0.1984375
1 0.2953125 0.503125 0.1953125 0.2046875
1 0.81640625 0.39453125 0.2109375 0.2109375
1 0.8859375 0.69765625 0.2078125 0.2078125
1 0.23671875 0.68046875 0.2078125 0.1890625
1 0.12421875 0.52265625 0.209375 0.2078125
1 0.92265625 0.5296875 0.1546875 0.203125
1 0.4078125 0.19375 0.2109375 0.2109375
1 0.41953125 0.634375 0.2109375 0.2015625
1 0.7671875 0.55859375 0.20625 0.20625
1 0.1765625 0.35546875 0.1984375 0.20625
1 0.34375 0.35625 0.209375 0.2078125
1 0.090625 0.675 0.1609375 0.2
1 0.07421875 0.225 0.1484375 0.203125
1 0.7078125 0.2625 0.215625 0.209375
1 0.49375 0.903125 0.20625 0.19375
1 0.16875 0.8375 0.2171875 0.209375
1 0.715625 0.7203125 0.2046875 0.20625
1 0.29375 0.921875 0.2125 0.15625
1 0.2125 0.2 0.2171875 0.209375
1 0.65703125 0.0421875 0.1953125 0.084375
1 0.5890625 0.1328125 0.2078125 0.190625
1 0.0515625 0.365625 0.103125 0.196875
1 0.54453125 0.74296875 0.209375 0.203125
1 0.9546875 0.80546875 0.090625 0.1828125
1 0.58984375 0.58359375 0.2 0.209375
1 0.51953125 0.30859375 0.2109375 0.209375
1 0.29765625 0.0796875 0.209375 0.1359375
1 0.4671875 0.06015625 0.215625 0.1203125
1 0.9234375 0.903125 0.153125 0.103125
1 0.02578125 0.12109375 0.0515625 0.1234375
1 0.1265625 0.09453125 0.175 0.115625
1 0.94375 0.36171875 0.109375 0.203125
1 0.82421875 0.01171875 0.2046875 0.0234375
1 0.90234375 0.078125 0.1046875 0.15625
1 0.77421875 0.9359375 0.178125 0.084375
1 0.0640625 0.83671875 0.06875 0.196875
1 0.02890625 0.53203125 0.0578125 0.2109375
1 0.5859375 0.9625 0.1875 0.075
1 0.98203125 0.653125 0.0359375 0.196875
1 0.3984375 0.978125 0.203125 0.04375