0 0.56640625 0.33359375 0.1390625 0.1484375
0 0.640625 0.05078125 0.14375 0.1015625
0 0.5953125 0.1546875 0.1359375 0.1171875
0 0.6546875 0.259375 0.1359375 0.1234375
0 0.190625 0.2015625 0.1296875 0.1203125
0 0.21953125 0.0796875 0.1296875 0.14375
0 0.0484375 0.37890625 0.096875 0.1359375
0 0.0796875 0.52734375 0.1296875 0.153125
0 0.78125 0.02734375 0.14375 0.0546875
0 0.41953125 0.31171875 0.146875 0.153125
0 0.48984375 0.19609375 0.1328125 0.1359375
0 0.1828125 0.4453125 0.128125 0.125
0 0.746875 0.1390625 0.165625 0.1484375
0 0.27265625 0.31171875 0.1328125 0.1390625
0 0.36796875 0.08203125 0.1296875 0.1546875
0 0.30625 0.0203125 0.146875 0.0359375
0 0.0265625 0.04453125 0.053125 0.0734375
0 0.32109375 0.19375 0.134375 0.125
0 0.1421875 0.0234375 0.1890625 0.0359375
0 0.14453125 0.3203125 0.1265625 0.11875
0 0.0171875 0.1234375 0.034375 0.121875
0 0.31640625 0.4359375 0.125 0.1140625
0 0.02890625 0.24375 0.0578125 0.14375
0 0.10390625 0.10703125 0.115625 0.1
0 0.490625 0.06796875 0.1234375 0.1125
0 0.4515625 0.44140625 0.1203125 0.1078125
0 0.2984375 0.56328125 0.1265625 0.109375
0 0.1875 0.63125 0.121875 0.109375
0 0.07265625 0.6984375 0.121875 0.1015625