1 0.16796875 0.32734375 0.2421875 0.2390625
1 0.36484375 0.3390625 0.225 0.21875
1 0.53828125 0.3625 0.2140625 0.2328125
1 0.81015625 0.30625 0.2921875 0.2546875
1 0.69609375 0.41953125 0.225 0.2328125
1 0.88359375 0.4515625 0.2328125 0.23125
1 0.78046875 0.98046875 0.2015625 0.0390625
1 0.84609375 0.9046875 0.1609375 0.190625
1 0.9140625 0.61484375 0.171875 0.2234375
1 0.76328125 0.59296875 0.2359375 0.2265625
1 0.8359375 0.7765625 0.2484375 0.2328125
1 0.58828125 0.5453125 0.23125 0.23125
1 0.6625 0.71953125 0.2296875 0.2453125
1 0.70546875 0.8890625 0.2328125 0.221875
1 0.4109375 0.5125 0.2375 0.234375
1 0.4890625 0.690625 0.2359375 0.25
1 0.52890625 0.87421875 0.2265625 0.2296875
1 0.62265625 0.959375 0.2109375 0.08125
1 0.23203125 0.4671875 0.23125 0.2609375
1 0.30078125 0.64140625 0.2296875 0.2328125
1 0.37734375 0.81953125 0.2125 0.246875
1 0.434375 0.94765625 0.203125 0.1046875
1 0.08203125 0.4515625 0.1640625 0.246875
1 0.1296875 0.615625 0.215625 0.225
1 0.20703125 0.7921875 0.2234375 0.2296875
1 0.25859375 0.89921875 0.2078125 0.1484375
1 0.08984375 0.85078125 0.1796875 0.1453125
1 0.0671875 0.75390625 0.134375 0.2328125
1 0.0375 0.5953125 0.075 0.21875