0 0.86640625 0.73203125 0.065625 0.06875
0 0.4375 0.05859375 0.0703125 0.071875
0 0.4046875 0.01875 0.065625 0.03125
0 0.82734375 0.1875 0.0671875 0.0703125
0 0.4703125 0.015625 0.065625 0.03125
0 0.759375 0.1921875 0.06875 0.0671875
0 0.79609375 0.01328125 0.0671875 0.0265625
0 0.6109375 0.54765625 0.06875 0.065625
0 0.9015625 0.78125 0.0625 0.0625
0 0.7921875 0.2484375 0.0671875 0.06875
0 0.828125 0.68046875 0.065625 0.0671875
0 0.86640625 0.025 0.0734375 0.05
0 0.6765625 0.53359375 0.0671875 0.06875
0 0.896875 0.67421875 0.065625 0.0671875
0 0.70859375 0.6046875 0.06875 0.0703125
0 0.73671875 0.01015625 0.0640625 0.0203125
0 0.67265625 0.0078125 0.0671875 0.015625
0 0.40234375 0.121875 0.06875 0.0703125
0 0.63046875 0.36484375 0.071875 0.071875
0 0.50390625 0.0546875 0.06875 0.0703125
0 0.92890625 0.73359375 0.065625 0.065625
0 0.44609375 0.18125 0.0671875 0.0703125
0 0.64296875 0.59296875 0.065625 0.0625
0 0.4140625 0.24296875 0.06875 0.0671875
0 0.96484375 0.209375 0.0359375 0.0671875
0 0.93359375 0.0359375 0.0671875 0.071875
0 0.7265625 0.04375 0.0703125 0.0703125
0 0.94765625 0.13359375 0.0609375 0.06875
0 0.67890625 0.659375 0.0703125 0.065625
0 0.36953125 0.0578125 0.071875 0.0703125
0 0.78515625 0.13359375 0.06875 0.0671875
0 0.7890625 0.72890625 0.06875 0.0671875
0 0.95546875 0.27890625 0.065625 0.0734375
0 0.74375 0.54453125 0.06875 0.065625
0 0.7609375 0.671875 0.0703125 0.06875
0 0.33671875 0.11875 0.0671875 0.071875
0 0.37734375 0.18203125 0.0703125 0.06875
0 0.928125 0.61640625 0.0671875 0.06875
0 0.78203125 0.36171875 0.0671875 0.06875
0 0.71640625 0.36875 0.0703125 0.0671875
0 0.77421875 0.603125 0.065625 0.0671875
0 0.72421875 0.728125 0.0703125 0.065625
0 0.5375 0.01328125 0.06875 0.0265625
0 0.5234375 0.11796875 0.0671875 0.0703125
0 0.9796875 0.6203125 0.040625 0.065625
0 0.89609375 0.54765625 0.0703125 0.0703125
0 0.66953125 0.16796875 0.0671875 0.065625
0 0.51328125 0.19375 0.0671875 0.0671875
0 0.67109375 0.415625 0.0671875 0.0671875
0 0.85703125 0.359375 0.0703125 0.0671875
1 0.46640625 0.1234375 0.0625 0.0625
0 0.575 0.49140625 0.06875 0.0671875
0 0.9609375 0.68359375 0.0671875 0.0671875
0 0.9609375 0.559375 0.0625 0.0640625
0 0.865625 0.60625 0.06875 0.0734375
0 0.2609375 0.03203125 0.06875 0.0375
0 0.29765625 0.0875 0.0765625 0.071875
0 0.6296875 0.04375 0.0734375 0.071875
0 0.5984375 0.31015625 0.071875 0.0734375
0 0.453125 0.32265625 0.0796875 0.075
0 0.53515625 0.44140625 0.0703125 0.0734375
0 0.88359375 0.4234375 0.071875 0.071875
0 0.75703125 0.796875 0.0703125 0.0671875
0 0.83125 0.79375 0.075 0.071875
0 0.79140625 0.8390625 0.075 0.0625
0 0.865625 0.8390625 0.08125 0.0671875
0 0.83359375 0.8890625 0.08125 0.075
1 0.58046875 0.05078125 0.05 0.071875
1 0.59453125 0.1140625 0.075 0.0640625
1 0.66015625 0.11015625 0.0625 0.06875
1 0.721875 0.1296875 0.0703125 0.071875
1 0.5984375 0.18359375 0.0765625 0.075
1 0.4890625 0.2453125 0.0609375 0.0515625
1 0.553125 0.24296875 0.0671875 0.059375
1 0.64765625 0.23359375 0.0578125 0.0796875
1 0.7109375 0.21953125 0.0640625 0.06875
1 0.52734375 0.30234375 0.075 0.0703125
1 0.49296875 0.36953125 0.0640625 0.05625
1 0.5625 0.36171875 0.065625 0.05625
1 0.59296875 0.40859375 0.0546875 0.04375
1 0.6375 0.47890625 0.0703125 0.0625
1 0.7078125 0.4734375 0.059375 0.0578125
1 0.75078125 0.43359375 0.0609375 0.08125
1 0.815625 0.41796875 0.0640625 0.06875
1 0.7953125 0.4875 0.0671875 0.0640625
1 0.83046875 0.540625 0.0625 0.0625
1 0.68671875 0.30078125 0.0640625 0.0796875
1 0.74609375 0.28828125 0.0703125 0.0859375
1 0.821875 0.30859375 0.0734375 0.0703125
1 0.85546875 0.47421875 0.059375 0.0578125
1 0.92734375 0.47734375 0.0609375 0.0671875
1 0.9796875 0.4890625 0.040625 0.075
1 0.95546875 0.42109375 0.059375 0.0625
1 0.925 0.35390625 0.0578125 0.0640625
1 0.97421875 0.334375 0.034375 0.053125
1 0.8984375 0.3015625 0.078125 0.0578125
1 0.86875 0.24921875 0.075 0.06875
1 0.92109375 0.20625 0.0703125 0.078125
1 0.88984375 0.14609375 0.08125 0.075
1 0.85625 0.0921875 0.0625 0.0765625
1 0.91171875 0.0796875 0.0703125 0.0546875