1 0.85625 0.2875 0.1265625 0.1140625
1 0.6390625 0.18046875 0.1703125 0.1296875
0 0.8640625 0.85859375 0.1265625 0.1328125
1 0.975 0.3359375 0.05 0.103125
1 0.946875 0.4984375 0.10625 0.103125
1 0.86796875 0.453125 0.103125 0.10625
1 0.65390625 0.3203125 0.1265625 0.1125
1 0.63359375 0.7015625 0.153125 0.1203125
0 0.8453125 0.74453125 0.121875 0.1265625
1 0.940625 0.4046875 0.1109375 0.1109375
1 0.64921875 0.61640625 0.134375 0.1046875
1 0.55 0.1484375 0.084375 0.09375
1 0.225 0.65546875 0.1 0.1015625
1 0.8484375 0.14140625 0.1171875 0.1078125
0 0.184375 0.0234375 0.134375 0.046875
1 0.9421875 0.28671875 0.0984375 0.1140625
1 0.69609375 0.56328125 0.1375 0.1125
1 0.678125 0.784375 0.1296875 0.103125
1 0.775 0.62265625 0.121875 0.1125
1 0.98359375 0.42265625 0.0328125 0.1078125
1 0.9671875 0.15390625 0.065625 0.1140625
1 0.29609375 0.67734375 0.096875 0.096875
0 0.69140625 0.8765625 0.1140625 0.1296875
0 0.61875 0.965625 0.13125 0.06875
1 0.13125 0.58515625 0.15 0.140625
1 0.5546875 0.5734375 0.1171875 0.1125
0 0.4390625 0.02734375 0.128125 0.0546875
1 0.334375 0.85546875 0.109375 0.1140625
1 0.68828125 0.4734375 0.1359375 0.1125
1 0.4140625 0.8390625 0.1125 0.10625
1 0.74140625 0.1546875 0.1234375 0.1078125
1 0.98046875 0.24453125 0.0390625 0.1109375
1 0.5875 0.77265625 0.1109375 0.096875
1 0.7484375 0.72109375 0.1359375 0.11875
1 0.7328125 0.2453125 0.1359375 0.11875
0 0.8484375 0.98203125 0.09375 0.0359375
1 0.3171875 0.76015625 0.103125 0.0984375
1 0.525 0.684375 0.1234375 0.1171875
1 0.821875 0.2171875 0.1328125 0.1078125
1 0.9328125 0.2125 0.1203125 0.1125
1 0.615625 0.5125 0.0890625 0.0859375
0 0.15859375 0.13515625 0.1375 0.1375
1 0.6140625 0.41171875 0.10625 0.0984375
1 0.60078125 0.84765625 0.11875 0.1015625
1 0.19921875 0.73671875 0.0984375 0.1
1 0.40703125 0.50234375 0.1125 0.096875
1 0.31796875 0.61171875 0.084375 0.0765625
1 0.3859375 0.6609375 0.1015625 0.096875
0 0.771875 0.93828125 0.125 0.1234375
1 0.6671875 0.084375 0.13125 0.11875
1 0.60859375 0.2515625 0.1109375 0.096875
0 0.23125 0.0875 0.140625 0.1375
1 0.69453125 0.3828125 0.0890625 0.090625
1 0.5609375 0.33828125 0.1578125 0.1296875
1 0.92890625 0.5953125 0.1140625 0.10625
1 0.4890625 0.53515625 0.103125 0.1125
1 0.54375 0.46171875 0.10625 0.090625
1 0.471875 0.30234375 0.115625 0.115625
1 0.47734375 0.1390625 0.1046875 0.109375
1 0.5203125 0.2203125 0.11875 0.10625
1 0.2328125 0.88671875 0.1203125 0.1140625
1 0.12578125 0.6953125 0.1015625 0.1171875
1 0.24140625 0.57578125 0.09375 0.0984375
1 0.246875 0.803125 0.11875 0.1078125
1 0.48125 0.93671875 0.1078125 0.109375
1 0.58671875 0.05703125 0.084375 0.103125
1 0.40546875 0.409375 0.1109375 0.1078125
0 0.16015625 0.24921875 0.134375 0.1296875
1 0.78828125 0.44609375 0.11875 0.1015625
1 0.37734375 0.92734375 0.1484375 0.13125
1 0.3875 0.3375 0.115625 0.121875
0 0.11640625 0.34921875 0.128125 0.134375
1 0.5 0.38984375 0.11875 0.0953125
1 0.77578125 0.81796875 0.1140625 0.1234375
1 0.29296875 0.3734375 0.1375 0.15
1 0.48359375 0.78203125 0.1296875 0.11875
1 0.50234375 0.8671875 0.1203125 0.1046875
0 0.9390625 0.69296875 0.0796875 0.11875
1 0.77421875 0.08359375 0.090625 0.0765625
0 0.0625 0.275 0.0734375 0.1390625
0 0.08671875 0.15546875 0.0578125 0.1171875
0 0.29140625 0.04453125 0.1515625 0.0890625
1 0.4828125 0.63203125 0.1140625 0.1140625
1 0.0796875 0.87109375 0.1015625 0.0953125
0 0.27265625 0.19140625 0.1375 0.128125
1 0.86171875 0.64765625 0.121875 0.1078125
1 0.31484375 0.5296875 0.109375 0.1171875
1 0.41171875 0.74453125 0.1375 0.13125
1 0.165625 0.8375 0.0796875 0.1
1 0.02734375 0.828125 0.0546875 0.075
0 0.03125 0.38125 0.0546875 0.1046875
1 0.05859375 0.66015625 0.09375 0.1109375
1 0.74921875 0.31640625 0.09375 0.09375
1 0.77890625 0.53046875 0.10625 0.10625
0 0.38125 0.09296875 0.1359375 0.134375
0 0.89453125 0.9375 0.0484375 0.1078125
0 0.053125 0.48125 0.10625 0.121875
0 0.015625 0.625 0.03125 0.125
1 0.50078125 0.071875 0.09375 0.065625
1 0.5375 0.0234375 0.071875 0.046875
1 0.37109375 0.2046875 0.0796875 0.0875
1 0.33046875 0.26484375 0.0859375 0.071875
1 0.25703125 0.303125 0.1 0.084375
1 0.1921875 0.3953125 0.1015625 0.1015625
1 0.090625 0.49453125 0.10625 0.1125
1 0.0359375 0.75703125 0.071875 0.0859375
1 0.10234375 0.79453125 0.0875 0.0890625
1 0.27109375 0.9375 0.0875 0.05625
1 0.7640625 0.36015625 0.09375 0.103125
1 0.8546875 0.5484375 0.0859375 0.0890625
1 0.43125 0.24765625 0.0765625 0.0890625
1 0.21484375 0.50234375 0.078125 0.09375
1 0.32109375 0.45234375 0.0921875 0.075