0 0.596875 0.05234375 0.128125 0.1046875
0 0.12890625 0.30078125 0.10625 0.11875
0 0.18515625 0.2296875 0.10625 0.1140625
0 0.609375 0.22578125 0.1296875 0.1234375
0 0.03125 0.28359375 0.0625 0.1203125
0 0.15859375 0.084375 0.1078125 0.1171875
0 0.4484375 0.04375 0.121875 0.0875
0 0.765625 0.225 0.125 0.1390625
0 0.5109375 0.12265625 0.115625 0.1171875
0 0.08046875 0.17578125 0.103125 0.1265625
0 0.04921875 0.06015625 0.0984375 0.1078125
0 0.584375 0.36640625 0.115625 0.1125
0 0.9609375 0.16328125 0.0703125 0.140625
0 0.97734375 0.29609375 0.040625 0.1203125
0 0.16171875 0.53515625 0.121875 0.1109375
0 0.8921875 0.25078125 0.121875 0.1140625
0 0.9453125 0.04609375 0.09375 0.0921875
0 0.3140625 0.26875 0.103125 0.1203125
0 0.715625 0.02265625 0.13125 0.0453125
0 0.896875 0.4953125 0.125 0.1171875
0 0.2171875 0.3984375 0.125 0.121875
0 0.4109375 0.21171875 0.109375 0.1171875
0 0.5203125 0.28515625 0.11875 0.1203125
0 0.26328125 0.03828125 0.1015625 0.0703125
0 0.8390625 0.01953125 0.115625 0.0390625
0 0.2828125 0.14140625 0.10625 0.1234375
0 0.69609375 0.3265625 0.1203125 0.1171875
0 0.840625 0.396875 0.1171875 0.10625
0 0.78046875 0.5203125 0.11875 0.109375
0 0.65390625 0.503125 0.1109375 0.109375
0 0.5265625 0.4625 0.109375 0.1046875
0 0.40859375 0.38984375 0.11875 0.11875
0 0.325 0.48359375 0.1125 0.1015625
0 0.43359375 0.5734375 0.1203125 0.1078125
0 0.3046875 0.5421875 0.1046875 0.1
0 0.38515625 0.0765625 0.1078125 0.1109375
0 0.6953125 0.16328125 0.121875 0.115625
0 0.83828125 0.11796875 0.128125 0.1125
0 0.0703125 0.44375 0.1109375 0.10625
0 0.9828125 0.446875 0.034375 0.1046875