1 0.43828125 0.53984375 0.18203125 0.19296875
1 0.1875 0.675 0.20625 0.18671875
1 0.09921875 0.53515625 0.19453125 0.1859375
1 0.28125 0.8328125 0.1734375 0.1875
1 0.04765625 0.36796875 0.0953125 0.1921875
1 0.365625 0.3546875 0.19921875 0.19296875
1 0.37109375 0.69921875 0.19140625 0.1796875
1 0.1171875 0.83984375 0.190625 0.18046875
1 0.28515625 0.53828125 0.18046875 0.1890625
1 0.04140625 0.6640625 0.0828125 0.18359375
1 0.05859375 0.93203125 0.1171875 0.1328125
1 0.17578125 0.3859375 0.19375 0.17421875
1 0.52578125 0.39609375 0.24140625 0.1890625
1 0.19609375 0.96171875 0.159375 0.0765625