0 0.39296875 0.05 0.06328125 0.06484375
0 0.196875 0.215625 0.0609375 0.06484375
0 0.1359375 0.3359375 0.065625 0.0625
0 0.02421875 0.1 0.0484375 0.06328125
0 0.97109375 0.94140625 0.05703125 0.0640625
0 0.7390625 0.1421875 0.0640625 0.06484375
0 0.45625 0.0484375 0.065625 0.0640625
0 0.56171875 0.10078125 0.0671875 0.06484375
0 0.446875 0.91171875 0.065625 0.06484375
0 0.34609375 0.59921875 0.06640625 0.06484375
0 0.26171875 0.21328125 0.06875 0.06328125
0 0.2609375 0.3265625 0.06640625 0.0640625
0 0.52265625 0.23828125 0.0609375 0.06328125
0 0.67734375 0.02578125 0.06796875 0.05078125
0 0.7125 0.20078125 0.0640625 0.06484375
0 0.22734375 0.27265625 0.0609375 0.06171875
0 0.47109375 0.51328125 0.0640625 0.06484375
0 0.6125 0.2765625 0.06796875 0.06484375
0 0.16015625 0.278125 0.0671875 0.06328125
0 0.65 0.2109375 0.0609375 0.06484375
0 0.171875 0.521875 0.06484375 0.06171875
0 0.746875 0.02265625 0.06484375 0.0453125
0 0.7515625 0.2640625 0.065625 0.065625
0 0.79609375 0.903125 0.06640625 0.06484375
0 0.05 0.1578125 0.05703125 0.06328125
0 0.68359375 0.275 0.065625 0.06640625
0 0.88671875 0.15703125 0.065625 0.06484375
0 0.2609375 0.809375 0.0640625 0.06015625
0 0.01953125 0.34921875 0.0390625 0.059375
0 0.0453125 0.03984375 0.0640625 0.06171875
0 0.74921875 0.7125 0.065625 0.0640625
0 0.06796875 0.3375 0.06015625 0.06484375
0 0.11015625 0.39921875 0.0640625 0.06328125
0 0.2296875 0.3859375 0.0640625 0.0640625
0 0.821875 0.2609375 0.06640625 0.06640625
0 0.11015625 0.1546875 0.06640625 0.0640625
0 0.95625 0.02890625 0.065625 0.0578125
0 0.44453125 0.64765625 0.06640625 0.0671875
0 0.19375 0.58203125 0.06484375 0.0640625
0 0.98203125 0.19765625 0.0359375 0.06484375
0 0.49140625 0.3625 0.06484375 0.06484375
0 0.19609375 0.33046875 0.059375 0.0625
0 0.81328125 0.83515625 0.065625 0.0625
0 0.24765625 0.14609375 0.0640625 0.0640625
0 0.5390625 0.16015625 0.059375 0.06484375
0 0.5828125 0.22109375 0.06796875 0.0640625
0 0.10078125 0.2765625 0.05859375 0.0625
0 0.66015625 0.3390625 0.06796875 0.0640625
0 0.14296875 0.46328125 0.0671875 0.06640625
0 0.95390625 0.14375 0.0640625 0.06484375
0 0.01953125 0.22734375 0.0390625 0.0640625
0 0.796875 0.5890625 0.0671875 0.0640625
0 0.03828125 0.284375 0.0625 0.06328125
0 0.8046875 0.14140625 0.06875 0.06484375
0 0.49453125 0.103125 0.06328125 0.0625
0 0.88828125 0.72734375 0.065625 0.06328125
0 0.61875 0.7125 0.06640625 0.06484375
0 0.19765625 0.69609375 0.0671875 0.06484375
0 0.11015625 0.0359375 0.0609375 0.0625
0 0.9453125 0.659375 0.0671875 0.06328125
0 0.2921875 0.27265625 0.065625 0.0625
0 0.58984375 0.0359375 0.06640625 0.0625
0 0.8875 0.2421875 0.06171875 0.0625
0 0.64375 0.07109375 0.0625 0.0640625
0 0.9078125 0.5375 0.0640625 0.06484375
0 0.42578125 0.36328125 0.06484375 0.06328125
0 0.6703125 0.9609375 0.065625 0.06484375
0 0.86640625 0.31328125 0.065625 0.06328125
0 0.39921875 0.52421875 0.06640625 0.06328125
0 0.78671875 0.31875 0.065625 0.06328125
0 0.134375 0.21796875 0.06328125 0.06484375
0 0.72734375 0.33203125 0.05859375 0.06484375
0 0.384375 0.9171875 0.06328125 0.06640625
0 0.17734375 0.0375 0.07109375 0.06484375
0 0.9296875 0.28984375 0.0640625 0.06484375
0 0.346875 0.30390625 0.0609375 0.0640625
0 0.84140625 0.778125 0.065625 0.06328125
0 0.60234375 0.1578125 0.0671875 0.0640625
0 0.84765625 0.53828125 0.0578125 0.06484375
0 0.909375 0.36015625 0.0609375 0.06484375
0 0.975 0.25546875 0.05 0.0578125
0 0.24296875 0.5359375 0.06484375 0.0625
0 0.85 0.38125 0.0625 0.0640625
0 0.365625 0.36875 0.059375 0.06328125
0 0.74140625 0.43515625 0.0671875 0.065625
0 0.52265625 0.0421875 0.06171875 0.06484375
0 0.40859375 0.2953125 0.06328125 0.06328125
0 0.55546875 0.38125 0.0640625 0.0625
0 0.3578125 0.1046875 0.065625 0.06328125
0 0.61875 0.91953125 0.0671875 0.06484375
0 0.5921875 0.33671875 0.06328125 0.0625
0 0.93203125 0.209375 0.0625 0.0625
0 0.47421875 0.3015625 0.06796875 0.0625
0 0.6765625 0.54140625 0.06640625 0.0640625
0 0.77578125 0.19921875 0.0625 0.0609375
0 0.25859375 0.034375 0.06484375 0.06328125
0 0.51875 0.890625 0.065625 0.065625
0 0.70859375 0.08046875 0.06640625 0.06484375
0 0.03828125 0.40859375 0.06640625 0.0640625
0 0.54765625 0.80703125 0.06328125 0.06640625
0 0.2875 0.86875 0.065625 0.0640625
0 0.625 0.62578125 0.065625 0.06484375
0 0.4921875 0.96796875 0.0640625 0.0625
0 0.5375 0.53828125 0.06484375 0.06328125
0 0.840625 0.1953125 0.06484375 0.0609375
0 0.38359375 0.16484375 0.0671875 0.06328125
0 0.39296875 0.23125 0.06796875 0.0640625
0 0.634375 0.48828125 0.06328125 0.06171875
0 0.14296875 0.0953125 0.06640625 0.06328125
0 0.46171875 0.2328125 0.0609375 0.0625
0 0.33046875 0.21875 0.0609375 0.06328125
0 0.1015625 0.5171875 0.0640625 0.0625
0 0.91171875 0.959375 0.065625 0.065625
0 0.47734375 0.17109375 0.065625 0.0640625
0 0.96328125 0.478125 0.0671875 0.06484375
0 0.67109375 0.43203125 0.0625 0.06328125
0 0.06953125 0.45859375 0.06328125 0.06171875
0 0.69453125 0.60625 0.06640625 0.0625
0 0.3 0.38203125 0.06484375 0.06484375
0 0.575 0.6625 0.06328125 0.05859375
0 0.42578125 0.9734375 0.065625 0.053125
0 0.840625 0.96796875 0.06640625 0.0640625
0 0.49375 0.77265625 0.0640625 0.0609375
0 0.78828125 0.38125 0.0625 0.0609375
0 0.3578125 0.9796875 0.0671875 0.03984375
0 0.54140625 0.303125 0.0609375 0.06171875
0 0.953125 0.4046875 0.0640625 0.0640625
0 0.08125 0.09609375 0.05859375 0.05703125
0 0.53984375 0.71953125 0.06640625 0.06484375
0 0.4171875 0.5875 0.0625 0.0625
0 0.6125 0.77421875 0.0640625 0.0625
0 0.31171875 0.15625 0.065625 0.06328125
0 0.31875 0.9265625 0.06015625 0.0640625
0 0.7421875 0.55546875 0.0625 0.065625
0 0.13046875 0.5734375 0.0625 0.06171875
0 0.7296875 0.928125 0.06328125 0.06328125
0 0.81328125 0.44765625 0.0625 0.06328125
0 0.16328125 0.63203125 0.065625 0.06171875
0 0.42734375 0.790625 0.065625 0.0625
0 0.3671875 0.784375 0.0578125 0.06328125
0 0.5546875 0.46953125 0.0625 0.0625
1 0.51328125 0.65 0.05859375 0.06875
0 0.35234375 0.8546875 0.06328125 0.0609375
0 0.171875 0.396875 0.059375 0.0640625
1 0.32734375 0.0375 0.06796875 0.07109375
1 0.69375 0.87109375 0.059375 0.07265625
1 0.63984375 0.83359375 0.0625 0.05859375
0 0.4875 0.8375 0.06484375 0.06171875
1 0.41796875 0.7140625 0.059375 0.06953125
0 0.9796875 0.7875 0.040625 0.06875
1 0.95390625 0.86328125 0.071875 0.0765625
1 0.42578125 0.11328125 0.06953125 0.06015625
1 0.559375 0.95 0.0546875 0.05078125
1 0.22265625 0.09296875 0.05703125 0.05390625
0 0.30390625 0.76640625 0.06484375 0.06328125
0 0.22578125 0.75546875 0.0640625 0.06171875
1 0.28984375 0.09375 0.06640625 0.0578125
1 0.4890625 0.58671875 0.05390625 0.0609375
1 0.87578125 0.6640625 0.0578125 0.06796875
1 0.7703125 0.7796875 0.06796875 0.06484375
1 0.55390625 0.6 0.06640625 0.05703125
1 0.3109375 0.65078125 0.0578125 0.0515625
1 0.778125 0.071875 0.06328125 0.065625
0 0.28125 0.5875 0.0625 0.0625
1 0.915625 0.084375 0.06796875 0.0609375
0 0.4921875 0.44453125 0.0625 0.0609375
1 0.7921875 0.51640625 0.05703125 0.06953125
0 0.0734375 0.21640625 0.05859375 0.0625
1 0.8140625 0.02578125 0.065625 0.0515625
1 0.68984375 0.6765625 0.05546875 0.0640625
1 0.3796875 0.65703125 0.06171875 0.05703125
1 0.6703125 0.14296875 0.06015625 0.06328125
1 0.81171875 0.65234375 0.06484375 0.0578125
1 0.87109375 0.89921875 0.07265625 0.06875
1 0.8640625 0.6015625 0.06640625 0.05625
0 0.98828125 0.31640625 0.0234375 0.0640625
0 0.24140625 0.6375 0.0671875 0.0609375
1 0.9375 0.5953125 0.06484375 0.0578125
1 0.984375 0.08203125 0.03125 0.0640625
1 0.74921875 0.8375 0.06171875 0.06015625
1 0.2734375 0.696875 0.06953125 0.059375
1 0.88359375 0.46484375 0.0703125 0.07734375
1 0.21953125 0.459375 0.075 0.07265625
0 0.00625 0.04375 0.01171875 0.06328125
1 0.18046875 0.14921875 0.06484375 0.065625
0 0.025 0.00703125 0.05 0.0125
1 0.87734375 0.83671875 0.0625 0.05078125
1 0.74921875 0.64765625 0.0609375 0.05703125
1 0.95546875 0.72578125 0.0625 0.06015625
1 0.84453125 0.0828125 0.06640625 0.059375
1 0.3203125 0.5203125 0.0734375 0.08046875
0 0.08203125 0.00625 0.06640625 0.01171875
1 0.81796875 0.71484375 0.06171875 0.06484375
1 0.8859375 0.03046875 0.06328125 0.06015625
1 0.6984375 0.79921875 0.06328125 0.06796875
1 0.47578125 0.703125 0.0578125 0.05234375
1 0.9140625 0.78984375 0.075 0.07109375
0 0.00859375 0.16484375 0.0171875 0.0609375
1 0.6109375 0.55625 0.05859375 0.0703125
1 0.6078125 0.40546875 0.0609375 0.05625
1 0.3453125 0.709375 0.06171875 0.065625
0 0.98203125 0.984375 0.0359375 0.03046875
0 0.9921875 0.3859375 0.01484375 0.06640625
0 0.58203125 0.8625 0.0609375 0.0609375
1 0.68515625 0.7421875 0.0578125 0.05390625
0 0.225 0.00546875 0.06796875 0.0109375
1 0.60859375 0.98046875 0.07109375 0.03828125
0 0.9921875 0.61640625 0.015625 0.0703125
1 0.42578125 0.01015625 0.05078125 0.01953125
1 0.9890625 0.69453125 0.021875 0.04609375
1 0.4734375 0.0078125 0.0703125 0.015625
0 0.41640625 0.84765625 0.06484375 0.06328125