2 0.271875 0.3359375 0.1875 0.1703125
1 0.0765625 0.87734375 0.153125 0.1828125
1 0.515625 0.49453125 0.1828125 0.1859375
1 0.2578125 0.0671875 0.196875 0.134375
1 0.43125 0.64921875 0.2 0.2015625
1 0.10703125 0.33046875 0.196875 0.1875
1 0.26875 0.640625 0.18125 0.2046875
1 0.3453125 0.20234375 0.2 0.2
1 0.34921875 0.46953125 0.1953125 0.203125
1 0.60625 0.915625 0.20625 0.16875
1 0.18203125 0.18671875 0.1953125 0.1984375
1 0.62265625 0.3484375 0.184375 0.203125
1 0.87109375 0.81796875 0.1890625 0.196875
1 0.16796875 0.76953125 0.1953125 0.1953125
1 0.11015625 0.0625 0.1515625 0.125
1 0.25625 0.91171875 0.1921875 0.1453125
1 0.5203125 0.79296875 0.1984375 0.2
1 0.7921875 0.9265625 0.203125 0.146875
1 0.9375 0.09375 0.125 0.125
1 0.88359375 0.50703125 0.1984375 0.196875
1 0.94375 0.35078125 0.1125 0.2046875
1 0.68515625 0.4953125 0.2 0.184375
1 0.71328125 0.7921875 0.2 0.2
1 0.79921875 0.346875 0.2078125 0.2078125
1 0.1015625 0.6078125 0.203125 0.203125
1 0.43203125 0.93671875 0.1953125 0.1265625
1 0.53828125 0.1859375 0.2 0.1984375
1 0.63515625 0.0671875 0.1984375 0.1296875
1 0.353125 0.8015625 0.190625 0.1953125
1 0.45078125 0.0765625 0.2078125 0.153125
1 0.890625 0.2 0.1828125 0.1984375
1 0.184375 0.46875 0.190625 0.1953125
1 0.61875 0.659375 0.1984375 0.1984375
1 0.7984375 0.08515625 0.175 0.1359375
1 0.44765625 0.33203125 0.1984375 0.18125
1 0.79453125 0.6296875 0.20625 0.1890625
1 0.7125 0.20859375 0.2015625 0.1859375
1 0.0484375 0.46953125 0.096875 0.1953125
1 0.93671875 0.6703125 0.1140625 0.178125
1 0.06015625 0.17734375 0.084375 0.1984375
1 0.92265625 0.94375 0.0890625 0.1125
1 0.028125 0.7609375 0.05625 0.203125
1 0.98515625 0.19296875 0.0296875 0.1890625
1 0.97890625 0.509375 0.0421875 0.196875