0 0.18515625 0.8828125 0.040625 0.04375
0 0.14140625 0.80546875 0.04375 0.0453125
0 0.1 0.9578125 0.0421875 0.0421875
0 0.115625 0.84765625 0.0421875 0.0421875
0 0.07421875 0.92421875 0.0453125 0.0421875
0 0.01328125 0.89453125 0.0265625 0.0421875
0 0.18203125 0.80546875 0.04375 0.0453125
0 0.16171875 0.84296875 0.04375 0.04375
0 0.096875 0.88359375 0.0421875 0.040625
0 0.09375 0.809375 0.0453125 0.0453125
0 0.14375 0.88359375 0.0421875 0.04375
0 0.225 0.80859375 0.040625 0.04375
0 0.20703125 0.8390625 0.0421875 0.040625
0 0.125 0.91875 0.0390625 0.0421875
0 0.015625 0.96328125 0.03125 0.0421875
0 0.025 0.93359375 0.040625 0.040625
0 0.05078125 0.890625 0.0421875 0.0390625
0 0.16171875 0.928125 0.0421875 0.0375
0 0.04609375 0.8296875 0.0453125 0.0453125
0 0.15 0.953125 0.0421875 0.040625
0 0.1265625 0.984375 0.04375 0.01875
0 0.003125 0.92890625 0.00625 0.0390625
0 0.003125 0.85625 0.00625 0.04375
0 0.08515625 0.9828125 0.040625 0.0203125
0 0.053125 0.97109375 0.040625 0.0421875
0 0.078125 0.85078125 0.034375 0.0421875
0 0.03671875 0.9859375 0.040625 0.0125