0 0.60546875 0.053125 0.1265625 0.10625
0 0.1328125 0.29453125 0.1046875 0.1171875
0 0.18984375 0.22421875 0.1046875 0.11171875
0 0.6140625 0.22734375 0.12734375 0.12109375
0 0.0328125 0.2765625 0.06484375 0.11875
0 0.165625 0.078125 0.10625 0.11484375
0 0.45625 0.04296875 0.12109375 0.08515625
0 0.7703125 0.2296875 0.12265625 0.1375
0 0.5171875 0.12265625 0.1140625 0.11484375
0 0.0859375 0.16875 0.10078125 0.12421875
0 0.053125 0.053125 0.10625 0.10625
0 0.58671875 0.36796875 0.11328125 0.11015625
0 0.96640625 0.17109375 0.0671875 0.1390625
0 0.98046875 0.3046875 0.03828125 0.11953125
0 0.1609375 0.52890625 0.11953125 0.109375
0 0.89609375 0.2578125 0.11953125 0.11171875
0 0.95390625 0.05 0.0921875 0.1
0 0.31796875 0.265625 0.10078125 0.11875
0 0.72421875 0.02421875 0.13046875 0.04765625
0 0.896875 0.50234375 0.12265625 0.11484375
0 0.21875 0.39375 0.1234375 0.11953125
0 0.415625 0.21015625 0.10703125 0.11484375
0 0.52421875 0.28515625 0.11640625 0.11796875
0 0.27109375 0.034375 0.1 0.06875
0 0.84765625 0.02265625 0.115625 0.0453125
0 0.2890625 0.1375 0.1046875 0.12109375
0 0.69921875 0.3296875 0.11875 0.115625
0 0.8421875 0.403125 0.11484375 0.1046875
0 0.7796875 0.525 0.11640625 0.10703125
0 0.65390625 0.50546875 0.109375 0.10703125
0 0.52734375 0.46328125 0.1078125 0.10234375
0 0.41015625 0.38828125 0.11640625 0.11640625
0 0.325 0.48046875 0.1109375 0.09921875
0 0.43203125 0.571875 0.11875 0.10625
0 0.30390625 0.5390625 0.103125 0.0984375
0 0.3921875 0.075 0.10546875 0.109375
0 0.70078125 0.16640625 0.11953125 0.11328125
0 0.84453125 0.12421875 0.12578125 0.1109375
0 0.07109375 0.4359375 0.109375 0.1046875
0 0.98359375 0.45546875 0.0328125 0.1046875