0 0.55390625 0.9390625 0.0484375 0.0515625
0 0.8171875 0.890625 0.05 0.0515625
0 0.421875 0.96796875 0.05 0.0515625
0 0.584375 0.97421875 0.046875 0.04375
0 0.45078125 0.990625 0.0453125 0.01875
0 0.68359375 0.92109375 0.05 0.0515625
0 0.8625 0.8796875 0.05 0.0515625
0 0.7125 0.95703125 0.0453125 0.040625
0 0.6 0.93515625 0.05 0.05
0 0.4671875 0.96484375 0.0515625 0.053125
0 0.625 0.9703125 0.046875 0.040625
0 0.11796875 0.99453125 0.0515625 0.0109375
0 0.37734375 0.975 0.0484375 0.05
0 0.89140625 0.9296875 0.046875 0.0453125
0 0.5046875 0.93671875 0.05 0.0515625
0 0.64296875 0.93125 0.0484375 0.05
0 0.284375 0.975 0.05 0.05
0 0.978125 0.90703125 0.04375 0.0484375
0 0.84375 0.921875 0.0484375 0.05
0 0.1609375 0.99453125 0.046875 0.0109375
0 0.203125 0.990625 0.05 0.01875
0 0.77578125 0.9 0.0484375 0.0484375
0 0.53828125 0.9828125 0.0453125 0.034375
0 0.90625 0.88515625 0.0515625 0.0515625
0 0.40625 0.9953125 0.04375 0.009375
0 0.93515625 0.9234375 0.046875 0.0453125
0 0.24609375 0.9875 0.0484375 0.025
0 0.75703125 0.946875 0.046875 0.046875
0 0.6671875 0.96484375 0.046875 0.0390625
0 0.9859375 0.8671875 0.028125 0.05
0 0.7296875 0.88828125 0.05 0.053125
0 0.79765625 0.934375 0.0484375 0.05
0 0.33515625 0.9796875 0.0484375 0.040625
0 0.4953125 0.98828125 0.04375 0.0234375
0 0.95078125 0.8546875 0.0515625 0.053125
0 0.82734375 0.94765625 0.0453125 0.028125
0 0.78046875 0.96015625 0.0421875 0.0171875
0 0.99140625 0.928125 0.0171875 0.015625