0 0.990625 0.678125 0.01875 0.053125
0 0.97109375 0.63984375 0.0578125 0.0578125
0 0.9515625 0.5921875 0.0546875 0.059375
0 0.98515625 0.58984375 0.0296875 0.0546875
0 0.91484375 0.55546875 0.0578125 0.0546875
0 0.96640625 0.54609375 0.053125 0.0546875
0 0.88515625 0.52265625 0.059375 0.05625
0 0.93671875 0.509375 0.0546875 0.0515625
0 0.978125 0.4984375 0.04375 0.053125
0 0.85859375 0.475 0.059375 0.0640625
0 0.9046875 0.471875 0.0578125 0.0546875
0 0.95546875 0.46015625 0.0546875 0.0546875
0 0.825 0.44609375 0.059375 0.0640625
0 0.8734375 0.42734375 0.059375 0.053125
0 0.9234375 0.42109375 0.0546875 0.05625
0 0.97109375 0.4125 0.0484375 0.0515625
0 0.79296875 0.40078125 0.053125 0.053125
0 0.840625 0.390625 0.0578125 0.059375
0 0.89296875 0.3796875 0.0609375 0.05625
0 0.94375 0.37109375 0.05 0.053125
0 0.7609375 0.36171875 0.0609375 0.0578125
0 0.81328125 0.3484375 0.0515625 0.0515625
0 0.8625 0.34140625 0.05625 0.0546875
0 0.91015625 0.33515625 0.0546875 0.059375
0 0.95859375 0.328125 0.0546875 0.05625
0 0.73125 0.32109375 0.05625 0.059375
0 0.7828125 0.31015625 0.0515625 0.0515625
0 0.83046875 0.30234375 0.05625 0.05625
0 0.88046875 0.2921875 0.05625 0.0546875
0 0.928125 0.28671875 0.053125 0.053125
0 0.9640625 0.28203125 0.03125 0.053125
0 0.6984375 0.2875 0.05625 0.05625
0 0.66953125 0.24921875 0.05625 0.05625
0 0.63828125 0.21015625 0.0578125 0.059375
0 0.6046875 0.16171875 0.05625 0.0546875
0 0.575 0.12109375 0.0578125 0.053125
0 0.546875 0.0859375 0.05625 0.059375
0 0.51484375 0.04609375 0.05 0.05
0 0.7515625 0.27421875 0.0578125 0.0640625
0 0.8015625 0.26484375 0.0546875 0.0546875
0 0.85 0.25546875 0.05625 0.05625
0 0.8984375 0.246875 0.053125 0.05625
0 0.9484375 0.240625 0.0515625 0.05
0 0.72109375 0.23125 0.05625 0.053125
0 0.76953125 0.221875 0.0515625 0.053125
0 0.81953125 0.2171875 0.05625 0.0546875
0 0.86875 0.2078125 0.05625 0.053125
0 0.91875 0.2 0.05625 0.0546875
0 0.95390625 0.19609375 0.03125 0.053125
0 0.690625 0.1953125 0.05625 0.0546875
0 0.74140625 0.18203125 0.05625 0.05625
0 0.790625 0.17734375 0.053125 0.05625
0 0.83984375 0.1703125 0.0546875 0.05625
0 0.8890625 0.1609375 0.053125 0.053125
0 0.93671875 0.1546875 0.053125 0.0515625
0 0.65859375 0.15390625 0.053125 0.053125
0 0.7078125 0.14453125 0.0578125 0.05625
0 0.75859375 0.13359375 0.0546875 0.0546875
0 0.80703125 0.1296875 0.0515625 0.053125
0 0.85390625 0.125 0.053125 0.053125
0 0.90390625 0.11640625 0.05625 0.0578125
0 0.94453125 0.1109375 0.0296875 0.05
0 0.62734375 0.11875 0.05625 0.053125
0 0.675 0.1078125 0.0515625 0.053125
0 0.72734375 0.09921875 0.059375 0.0578125
0 0.778125 0.09296875 0.05625 0.0546875
0 0.82578125 0.08828125 0.053125 0.0546875
0 0.8734375 0.07890625 0.053125 0.053125
0 0.92265625 0.07109375 0.0546875 0.0515625
0 0.59375 0.078125 0.053125 0.053125
0 0.64296875 0.071875 0.0515625 0.053125
0 0.690625 0.0640625 0.05625 0.0546875
0 0.74296875 0.05546875 0.0546875 0.0546875
0 0.79296875 0.0453125 0.0578125 0.05625
0 0.8453125 0.0390625 0.0578125 0.05625
0 0.8921875 0.03046875 0.05 0.053125
0 0.9296875 0.025 0.0375 0.05
0 0.56328125 0.0390625 0.0546875 0.05625
0 0.61015625 0.034375 0.053125 0.0515625
0 0.65859375 0.0265625 0.053125 0.053125
0 0.7109375 0.02265625 0.059375 0.0453125
0 0.7609375 0.015625 0.05625 0.03125
0 0.8125 0.0125 0.053125 0.025
0 0.8609375 0.0109375 0.05625 0.021875
0 0.909375 0.00703125 0.05625 0.0140625
0 0.48359375 0.01953125 0.0515625 0.0390625
0 0.53046875 0.01640625 0.0515625 0.0328125
0 0.58125 0.01171875 0.05 0.0234375
0 0.6296875 0.00859375 0.053125 0.0171875
0 0.67890625 0.00390625 0.0515625 0.0078125