0 0.60703125 0.17109375 0.065625 0.0640625
0 0.03984375 0.68828125 0.0625 0.0578125
0 0.45546875 0.0609375 0.0640625 0.065625
0 0.015625 0.42890625 0.03125 0.0578125
0 0.9609375 0.02265625 0.046875 0.0453125
0 0.05390625 0.0578125 0.0609375 0.0609375
0 0.97109375 0.35078125 0.05 0.0625
0 0.63671875 0.82890625 0.0640625 0.0609375
0 0.06640625 0.74453125 0.0625 0.059375
0 0.02265625 0.53359375 0.0453125 0.05625
0 0.9484375 0.29375 0.0625 0.0625
0 0.5921875 0.2859375 0.0625 0.0640625
0 0.4421875 0.24375 0.065625 0.0640625
0 0.82109375 0.27578125 0.0625 0.059375
0 0.35625 0.884375 0.0625 0.0609375
0 0.5171875 0.07109375 0.0625 0.0625
0 0.7015625 0.428125 0.0625 0.059375
0 0.1234375 0.30859375 0.0609375 0.0609375
0 0.359375 0.15 0.0625 0.0640625
0 0.178125 0.06015625 0.0640625 0.0640625
0 0.97421875 0.24140625 0.0359375 0.0625
0 0.0625 0.3203125 0.0640625 0.0609375
0 0.56875 0.11640625 0.0640625 0.0609375
0 0.0921875 0.11875 0.0609375 0.0625
0 0.97265625 0.471875 0.0546875 0.065625
0 0.9328125 0.409375 0.0640625 0.0640625
0 0.01015625 0.06640625 0.0203125 0.0609375
0 0.11484375 0.059375 0.0625 0.0625
0 0.5140625 0.8328125 0.0609375 0.0578125
0 0.06328125 0.42734375 0.059375 0.0578125
0 0.0703125 0.846875 0.0640625 0.0625
0 0.7921875 0.86875 0.0640625 0.0625
0 0.0140625 0.33125 0.028125 0.0625
0 0.48984375 0.365625 0.0640625 0.0640625
0 0.021875 0.63515625 0.0359375 0.059375
0 0.73046875 0.746875 0.065625 0.0625
0 0.86171875 0.86640625 0.0640625 0.0609375
0 0.7640625 0.92734375 0.0625 0.0609375
0 0.76875 0.69453125 0.0640625 0.0640625
0 0.24140625 0.55703125 0.0640625 0.059375
0 0.97109375 0.6 0.0578125 0.0625
0 0.82734375 0.921875 0.0625 0.0625
0 0.48046875 0.12109375 0.0640625 0.0625
0 0.6828125 0.02578125 0.0625 0.0515625
0 0.09140625 0.2578125 0.0625 0.0609375
0 0.10390625 0.3671875 0.0640625 0.0625
0 0.08125 0.64296875 0.065625 0.0640625
0 0.16796875 0.78125 0.0640625 0.0625
0 0.43046875 0.66953125 0.0625 0.0625
0 0.02265625 0.74140625 0.03125 0.059375
0 0.30234375 0.6640625 0.0625 0.0625
0 0.396875 0.196875 0.0625 0.0625
0 0.57578125 0.059375 0.0625 0.0609375
0 0.48359375 0.88515625 0.0625 0.0625
0 0.9421875 0.65703125 0.0625 0.0609375
0 0.265625 0.9421875 0.0625 0.0625
0 0.765625 0.4265625 0.0609375 0.0578125
0 0.42265625 0.01796875 0.0640625 0.0328125
0 0.5234375 0.6078125 0.0625 0.0625
0 0.240625 0.0578125 0.0640625 0.0609375
0 0.3359375 0.2125 0.0625 0.0625
0 0.04609375 0.171875 0.0609375 0.059375
0 0.98359375 0.40390625 0.028125 0.0640625
0 0.13984375 0.953125 0.0640625 0.0625
0 0.3359375 0.0875 0.0625 0.059375
0 0.1703125 0.89375 0.0640625 0.0609375
0 0.10703125 0.90078125 0.0625 0.0609375
0 0.89140625 0.91953125 0.0640625 0.0609375
0 0.153125 0.11875 0.0625 0.0640625
0 0.04609375 0.58984375 0.0625 0.0609375
0 0.88359375 0.54375 0.0625 0.0625
0 0.90625 0.01640625 0.059375 0.0328125
0 0.6828125 0.525 0.0609375 0.0609375
0 0.29375 0.78671875 0.0625 0.0625
0 0.61328125 0.353125 0.0625 0.0625
0 0.815625 0.1046875 0.0625 0.0609375
0 0.984375 0.7 0.03125 0.059375
0 0.7234375 0.47734375 0.0609375 0.059375
0 0.34609375 0.32421875 0.0625 0.065625
0 0.8859375 0.29296875 0.0625 0.0609375
0 0.28125 0.1125 0.0640625 0.0640625
0 0.61640625 0.0203125 0.0640625 0.040625
0 0.20625 0.953125 0.0640625 0.0609375
0 0.740625 0.03828125 0.0609375 0.059375
0 0.3109375 0.26796875 0.0625 0.0640625
0 0.2140625 0.2296875 0.0625 0.0609375
0 0.21640625 0.12109375 0.0640625 0.065625
0 0.74140625 0.3703125 0.0625 0.0625
0 0.29453125 0.89140625 0.0625 0.0609375
0 0.41015625 0.49921875 0.0609375 0.0578125
0 0.9859375 0.5296875 0.028125 0.065625
0 0.4734375 0.4921875 0.0640625 0.0625
0 0.54453125 0.87421875 0.059375 0.059375
0 0.91171875 0.73125 0.065625 0.065625
0 0.41640625 0.125 0.0609375 0.0640625
0 0.78203125 0.48046875 0.0609375 0.0640625
0 0.846875 0.59609375 0.0640625 0.0609375
0 0.73046875 0.86875 0.065625 0.065625
0 0.13359375 0.8484375 0.0625 0.059375
0 0.5484375 0.0171875 0.065625 0.034375
0 0.2078125 0.60703125 0.0625 0.059375
0 0.596875 0.46796875 0.0640625 0.0640625
0 0.55703125 0.51484375 0.0625 0.059375
0 0.29921875 0.04140625 0.0625 0.0640625
0 0.86171875 0.2296875 0.0640625 0.0640625
0 0.5734375 0.2234375 0.0640625 0.0625
0 0.17578125 0.5546875 0.0640625 0.0625
0 0.1078125 0.56328125 0.0640625 0.0625
0 0.18515625 0.4421875 0.0625 0.0625
0 0.1234375 0.45078125 0.0625 0.059375
0 0.53203125 0.2828125 0.0640625 0.0671875
0 0.86484375 0.0546875 0.0609375 0.059375
0 0.4671875 0.2984375 0.0625 0.0640625
0 0.0359375 0.3765625 0.0609375 0.059375
0 0.94453125 0.54609375 0.0625 0.0625
0 0.640625 0.92578125 0.0625 0.0625
0 0.91171875 0.34453125 0.0625 0.059375
0 0.79453125 0.7546875 0.065625 0.065625
0 0.02890625 0.1171875 0.0578125 0.059375
0 0.428125 0.37265625 0.0578125 0.059375
0 0.99140625 0.915625 0.0171875 0.065625
0 0.4109375 0.31953125 0.0609375 0.0609375
0 0.23046875 0.784375 0.0625 0.0609375
0 0.27265625 0.2234375 0.0625 0.059375
0 0.03046875 0.478125 0.0609375 0.059375
0 0.75078125 0.103125 0.0609375 0.059375
0 0.265625 0.33671875 0.0625 0.0625
0 0.3671875 0.38203125 0.059375 0.059375
0 0.62578125 0.09453125 0.0625 0.0640625
0 0.65390625 0.3 0.0640625 0.0609375
0 0.45703125 0.18125 0.0625 0.0640625
0 0.4171875 0.78828125 0.0625 0.0625
0 0.37734375 0.2625 0.065625 0.0625
0 0.0734375 0.953125 0.0640625 0.0609375
0 0.6453125 0.57734375 0.0625 0.059375
0 0.77109375 0.58515625 0.0625 0.0609375
0 0.36015625 0.02265625 0.0625 0.0375
0 0.7796875 0.0078125 0.0625 0.015625
0 0.18046875 0.284375 0.0609375 0.0609375
0 0.8984375 0.175 0.059375 0.0578125
0 0.175 0.178125 0.0609375 0.0578125
0 0.5109375 0.21953125 0.0640625 0.065625
0 0.76171875 0.8109375 0.0640625 0.0640625
0 0.95078125 0.815625 0.0640625 0.059375
0 0.48671875 0.01328125 0.0671875 0.0265625
0 0.1078125 0.18203125 0.0609375 0.059375
0 0.2015625 0.02265625 0.0640625 0.0265625
0 0.940625 0.12421875 0.0609375 0.059375
0 0.26640625 0.60390625 0.0640625 0.05625
0 0.028125 0.2421875 0.05625 0.065625
0 0.48046875 0.78359375 0.0640625 0.0609375
0 0.45390625 0.7234375 0.0625 0.059375
0 0.87734375 0.653125 0.0640625 0.0640625
0 0.84609375 0.0125 0.0640625 0.025
0 0.334375 0.44765625 0.0640625 0.059375
0 0.7984375 0.2171875 0.0625 0.0625
0 0.13984375 0.61875 0.0640625 0.0640625
0 0.8140625 0.53828125 0.0640625 0.0640625
0 0.41953125 0.8828125 0.0625 0.059375
0 0.84140625 0.1703125 0.0640625 0.0640625
0 0.690625 0.09140625 0.0609375 0.059375
0 0.02421875 0.84609375 0.0265625 0.0625
0 0.15234375 0.23515625 0.0640625 0.065625
0 0.0421875 0.90078125 0.0578125 0.0609375
0 0.39296875 0.9390625 0.0625 0.0625
0 0.98984375 0.7984375 0.0203125 0.0625
0 0.92578125 0.06796875 0.0625 0.059375
0 0.30078125 0.16328125 0.059375 0.0578125
0 0.60703125 0.634375 0.0640625 0.065625
0 0.19609375 0.83515625 0.0640625 0.0609375
0 0.675 0.3703125 0.0625 0.0625
0 0.95234375 0.921875 0.0609375 0.0578125
0 0.4625 0.6078125 0.0625 0.0609375
0 0.62109375 0.5171875 0.0625 0.0609375
0 0.7046875 0.93046875 0.0640625 0.0640625
0 0.84453125 0.4921875 0.0640625 0.0640625
0 0.39765625 0.065625 0.0625 0.0640625
0 0.00703125 0.15703125 0.0140625 0.0640625
0 0.91796875 0.49140625 0.0578125 0.0578125
0 0.97109375 0.7546875 0.0578125 0.05625
0 0.49375 0.546875 0.059375 0.0578125
0 0.3703125 0.55078125 0.0609375 0.0578125
0 0.87734375 0.11640625 0.059375 0.0609375
0 0.23671875 0.17265625 0.0625 0.0578125
0 0.5515625 0.34765625 0.0625 0.0625
0 0.10390625 0.7953125 0.0625 0.059375
0 0.66953125 0.196875 0.0625 0.0609375
0 0.696875 0.69453125 0.065625 0.0640625
0 0.22578125 0.39609375 0.0609375 0.0609375
0 0.2375 0.6625 0.0625 0.0625
0 0.86875 0.38515625 0.0625 0.0625
0 0.33046875 0.7234375 0.0609375 0.059375
0 0.26328125 0.73046875 0.0640625 0.0640625
0 0.92578125 0.2359375 0.0625 0.0625
0 0.7171875 0.3125 0.0625 0.0609375
0 0.15703125 0.496875 0.0609375 0.059375
0 0.16328125 0.384375 0.0609375 0.059375
0 0.82421875 0.815625 0.0625 0.0609375
0 0.221875 0.49609375 0.0640625 0.0640625
0 0.74921875 0.53125 0.0625 0.0578125
0 0.38984375 0.83359375 0.0625 0.0578125
0 0.02265625 0.0265625 0.0453125 0.021875
0 0.1984375 0.72421875 0.0640625 0.0671875
0 0.97734375 0.86171875 0.0453125 0.0578125
0 0.60390625 0.77734375 0.0625 0.059375
0 0.3078125 0.38203125 0.0640625 0.0640625
0 0.040625 0.78984375 0.05625 0.05625
0 0.121875 0.70078125 0.065625 0.0625
0 0.475 0.42734375 0.0625 0.0625
0 0.8421875 0.32890625 0.0640625 0.0609375
0 0.8015625 0.37578125 0.0625 0.0609375
0 0.51796875 0.721875 0.0625 0.0625
0 0.9203125 0.86640625 0.0625 0.0609375
0 0.9078125 0.59375 0.0609375 0.0578125
0 0.73203125 0.6328125 0.059375 0.059375
0 0.3640625 0.66953125 0.0640625 0.0640625
0 0.39921875 0.60546875 0.0625 0.0609375
0 0.56640625 0.40546875 0.0640625 0.0609375
0 0.5296875 0.453125 0.0609375 0.0625
0 0.45390625 0.93671875 0.0640625 0.0625
0 0.671875 0.6328125 0.0625 0.0578125
0 0.43125 0.553125 0.0609375 0.05625
0 0.82578125 0.43515625 0.0625 0.0625
0 0.028125 0.95390625 0.0265625 0.0609375
0 0.6953125 0.253125 0.0625 0.0609375
0 0.778125 0.32109375 0.0609375 0.05625
0 0.80390625 0.63984375 0.0640625 0.0578125
0 0.3546875 0.77734375 0.0625 0.059375
0 0.5765625 0.56484375 0.0625 0.059375
0 0.26171875 0.01875 0.065625 0.0234375
0 0.27421875 0.43671875 0.0640625 0.0625
0 0.85625 0.76015625 0.0640625 0.0625
0 0.52578125 0.159375 0.0625 0.059375
0 0.28515625 0.50703125 0.0625 0.059375
0 0.9609375 0.178125 0.0578125 0.059375
0 0.82890625 0.69453125 0.0609375 0.0609375
0 0.72109375 0.00390625 0.0609375 0.0078125
0 0.30625 0.5578125 0.0609375 0.0578125
0 0.9734375 0.0765625 0.025 0.0640625
0 0.1390625 0.02109375 0.0640625 0.01875
0 0.696875 0.7921875 0.0640625 0.0625
0 0.0921875 0.503125 0.0625 0.0609375
0 0.6671875 0.87421875 0.0578125 0.053125
0 0.24375 0.27421875 0.0625 0.0609375
0 0.71015625 0.5765625 0.0609375 0.059375
0 0.0765625 0.02265625 0.0640625 0.0171875
0 0.3296875 0.946875 0.0625 0.0609375
0 0.88828125 0.81796875 0.0640625 0.0625
0 0.54609375 0.78203125 0.0609375 0.0625
0 0.48828125 0.66171875 0.059375 0.0578125
0 0.8046875 0.0421875 0.0625 0.0578125
0 0.20234375 0.334375 0.0625 0.0578125
0 0.73203125 0.203125 0.0640625 0.0625
0 0.57578125 0.83125 0.0609375 0.0578125
0 0.45234375 0.83671875 0.0625 0.0578125
0 0.66015625 0.47109375 0.0640625 0.0578125
0 0.5796875 0.93125 0.0625 0.0609375
0 0.634375 0.6859375 0.0640625 0.0609375
0 0.759375 0.26953125 0.0640625 0.0640625
0 0.70625 0.14453125 0.065625 0.0609375
0 0.63515625 0.4203125 0.0640625 0.0640625
0 0.3375 0.60625 0.0625 0.059375
0 0.39296875 0.7296875 0.0640625 0.0609375
0 0.1765625 0.65703125 0.0625 0.0609375
0 0.3453125 0.49921875 0.0625 0.059375
0 0.32421875 0.82890625 0.0640625 0.0609375
0 0.40546875 0.4390625 0.0640625 0.0625
0 0.2578125 0.8296875 0.0609375 0.0578125
0 0.978125 0.13203125 0.0203125 0.0578125
0 0.55546875 0.6671875 0.0671875 0.065625
0 0.23203125 0.87734375 0.0625 0.0609375
0 0.51796875 0.94609375 0.065625 0.0640625
0 0.8828125 0.4390625 0.0515625 0.0546875
0 0.771875 0.15078125 0.0609375 0.0515625