0 0.59140625 0.91875 0.071875 0.0734375
0 0.071875 0.69609375 0.0734375 0.0703125
0 0.5359375 0.9453125 0.071875 0.071875
0 0.5734375 0.97265625 0.06875 0.0546875
0 0.1296875 0.72109375 0.0703125 0.06875
0 0.615625 0.85859375 0.071875 0.06875
0 0.20859375 0.66171875 0.06875 0.06875
0 0.07578125 0.81484375 0.05 0.0640625
0 0.12421875 0.58828125 0.071875 0.0703125
0 0.07578125 0.54921875 0.071875 0.0703125
0 0.43046875 0.559375 0.0734375 0.071875
0 0.1859375 0.5953125 0.0703125 0.0703125
0 0.40625 0.9671875 0.071875 0.065625
0 0.19296875 0.71875 0.071875 0.071875
0 0.26015625 0.8 0.06875 0.06875
0 0.2578125 0.92421875 0.0703125 0.06875
0 0.36953125 0.803125 0.0703125 0.071875
0 0.4640625 0.97734375 0.06875 0.0453125
0 0.309375 0.8890625 0.071875 0.071875
0 0.08125 0.63046875 0.0703125 0.06875
0 0.515625 0.67734375 0.0703125 0.06875
0 0.14609375 0.66484375 0.0734375 0.0734375
0 0.4609375 0.653125 0.071875 0.071875
0 0.3109375 0.82734375 0.0734375 0.071875
0 0.35234375 0.9453125 0.0734375 0.071875
0 0.41484375 0.90390625 0.075 0.0734375
0 0.5828125 0.67109375 0.0703125 0.0671875
0 0.2171875 0.96953125 0.071875 0.0609375
0 0.5265625 0.50234375 0.06875 0.06875
0 0.51875 0.98515625 0.0625 0.0296875
0 0.30859375 0.61171875 0.071875 0.06875
0 0.27265625 0.66484375 0.071875 0.0703125
0 0.34609375 0.984375 0.0703125 0.03125
0 0.421875 0.77109375 0.0703125 0.0703125
0 0.371875 0.74140625 0.0703125 0.0703125
0 0.1953125 0.90546875 0.071875 0.0703125
0 0.3578125 0.65390625 0.0734375 0.071875
0 0.31796875 0.7671875 0.071875 0.0703125
0 0.5015625 0.559375 0.071875 0.06875
0 0.60546875 0.79609375 0.071875 0.0703125
0 0.63515625 0.95546875 0.06875 0.0640625
0 0.12734375 0.840625 0.06875 0.065625
0 0.54296875 0.8078125 0.0703125 0.071875
0 0.47890625 0.7296875 0.0703125 0.0703125
0 0.3609375 0.57109375 0.0734375 0.0703125
0 0.48828125 0.79921875 0.06875 0.0671875
0 0.121875 0.77890625 0.0734375 0.0703125
0 0.034375 0.65078125 0.0390625 0.065625
0 0.5515625 0.875 0.071875 0.0703125
0 0.2484375 0.859375 0.0703125 0.0671875
0 0.49140625 0.8578125 0.0703125 0.0703125
0 0.153125 0.96640625 0.06875 0.0671875
0 0.13515625 0.90546875 0.06875 0.06875
0 0.471875 0.925 0.071875 0.0703125
0 0.16796875 0.53359375 0.071875 0.071875
0 0.25859375 0.72890625 0.071875 0.071875
0 0.1171875 0.50703125 0.06875 0.0671875
0 0.56796875 0.55390625 0.071875 0.06875
0 0.43046875 0.846875 0.071875 0.0734375
0 0.31015625 0.69765625 0.0703125 0.0703125
0 0.37265625 0.50390625 0.071875 0.0734375
0 0.4125 0.69140625 0.06875 0.0671875
0 0.11796875 0.990625 0.0515625 0.01875
0 0.10625 0.9578125 0.05 0.0609375
0 0.5234375 0.746875 0.06875 0.0703125
0 0.20625 0.7921875 0.0703125 0.06875
0 0.503125 0.61640625 0.065625 0.0609375
0 0.2828125 0.96875 0.071875 0.0625
0 0.24609375 0.5953125 0.0671875 0.071875
0 0.06640625 0.75234375 0.0578125 0.0671875
0 0.29375 0.55546875 0.0734375 0.0703125
0 0.22890625 0.53203125 0.0734375 0.0734375
1 0.365625 0.86328125 0.0578125 0.0578125
0 0.57109375 0.609375 0.071875 0.0703125
0 0.6765625 0.84765625 0.06875 0.0671875
0 0.08671875 0.8796875 0.046875 0.0734375
0 0.57421875 0.7265625 0.06875 0.071875