2 0.56640625 0.38046875 0.06875 0.05625
0 0.6328125 0.9671875 0.0578125 0.046875
0 0.69609375 0.95859375 0.0609375 0.0484375
0 0.57890625 0.97265625 0.0609375 0.0484375
0 0.525 0.97890625 0.053125 0.0421875
0 0.4703125 0.984375 0.059375 0.03125
0 0.4390625 0.96015625 0.0578125 0.0578125
0 0.49453125 0.94765625 0.0625 0.0609375
0 0.54609375 0.93984375 0.0515625 0.0578125
0 0.60390625 0.9328125 0.0578125 0.0578125
0 0.659375 0.92421875 0.0546875 0.059375
0 0.709375 0.9171875 0.059375 0.0578125
0 0.40390625 0.9234375 0.059375 0.05625
0 0.459375 0.8984375 0.053125 0.053125
0 0.5109375 0.8921875 0.05625 0.05625
0 0.565625 0.89296875 0.0609375 0.0578125
0 0.61796875 0.8703125 0.0609375 0.0515625
0 0.671875 0.87109375 0.0609375 0.059375
0 0.72578125 0.85234375 0.05 0.046875
0 0.74921875 0.8140625 0.05625 0.0578125
0 0.690625 0.82578125 0.0625 0.05625
1 0.6359375 0.82890625 0.0515625 0.046875
0 0.58203125 0.84140625 0.0625 0.0609375
0 0.52734375 0.8515625 0.05625 0.059375
0 0.47734375 0.85859375 0.0546875 0.059375
0 0.428125 0.86015625 0.05625 0.0546875
0 0.371875 0.87578125 0.0625 0.0546875
0 0.340625 0.8421875 0.059375 0.059375
0 0.3921875 0.81953125 0.0546875 0.0546875
0 0.44375 0.815625 0.059375 0.05625
0 0.4984375 0.80703125 0.059375 0.0578125
0 0.54765625 0.7890625 0.05625 0.0515625
0 0.60625 0.78828125 0.059375 0.0625
0 0.659375 0.7796875 0.059375 0.0578125
0 0.7109375 0.76171875 0.059375 0.0515625
0 0.76484375 0.753125 0.0578125 0.05625
0 0.78203125 0.7046875 0.05625 0.0546875
0 0.728125 0.7140625 0.05625 0.0578125
0 0.67421875 0.72578125 0.059375 0.05625
0 0.625 0.734375 0.053125 0.0609375
0 0.56953125 0.74765625 0.059375 0.059375
0 0.51953125 0.75625 0.05625 0.059375
0 0.465625 0.7671875 0.059375 0.0546875
0 0.41171875 0.7671875 0.0578125 0.053125
0 0.3625 0.78046875 0.05625 0.053125
0 0.31171875 0.79609375 0.059375 0.05625
0 0.2765625 0.76484375 0.0609375 0.0609375
0 0.3296875 0.74765625 0.0640625 0.0578125
0 0.38046875 0.73515625 0.05625 0.05625
0 0.43046875 0.72578125 0.0625 0.059375
0 0.4828125 0.71171875 0.053125 0.053125
0 0.53828125 0.7015625 0.059375 0.059375
0 0.59140625 0.6921875 0.0578125 0.059375
0 0.64375 0.68125 0.0578125 0.0640625
0 0.69296875 0.675 0.05625 0.05625
0 0.74765625 0.6703125 0.05625 0.0609375
0 0.8 0.6578125 0.0578125 0.05625
0 0.81640625 0.6078125 0.059375 0.059375
0 0.76484375 0.61640625 0.059375 0.059375
0 0.71328125 0.6265625 0.0609375 0.0546875
0 0.659375 0.63203125 0.0578125 0.05625
0 0.6078125 0.63984375 0.059375 0.059375
0 0.55546875 0.65 0.0578125 0.05625
0 0.50390625 0.65625 0.0546875 0.0546875
0 0.4578125 0.6671875 0.059375 0.05625
0 0.40234375 0.6765625 0.0578125 0.05625
0 0.34921875 0.690625 0.05625 0.0578125
0 0.2984375 0.70546875 0.05625 0.053125
0 0.240625 0.72265625 0.0609375 0.0578125
0 0.2109375 0.6765625 0.059375 0.059375
0 0.265625 0.6703125 0.059375 0.05625
0 0.315625 0.64765625 0.0546875 0.0515625
0 0.365625 0.6375 0.05625 0.0515625
0 0.41875 0.6296875 0.0625 0.05625
0 0.471875 0.621875 0.0578125 0.0546875
0 0.5234375 0.60859375 0.0546875 0.0578125
0 0.57421875 0.59921875 0.0609375 0.05625
0 0.62578125 0.59140625 0.053125 0.053125
0 0.67734375 0.58203125 0.05625 0.0578125
0 0.7296875 0.571875 0.0546875 0.0546875
0 0.78203125 0.565625 0.05625 0.05625
0 0.82890625 0.55625 0.0546875 0.0515625
0 0.178125 0.6359375 0.0609375 0.0609375
0 0.23203125 0.6296875 0.05625 0.0640625
0 0.28359375 0.61171875 0.05625 0.0578125
0 0.3375 0.59921875 0.0578125 0.0546875
0 0.3875 0.58828125 0.0578125 0.05625
0 0.43828125 0.58125 0.0546875 0.0546875
0 0.49140625 0.56953125 0.053125 0.0546875
0 0.540625 0.56328125 0.05625 0.053125
0 0.59453125 0.55234375 0.053125 0.053125
0 0.64375 0.54375 0.0578125 0.0546875
0 0.69765625 0.5375 0.0546875 0.0546875
0 0.746875 0.52578125 0.0546875 0.05625
0 0.7984375 0.51796875 0.0578125 0.0546875
0 0.84921875 0.51171875 0.05625 0.0578125
0 0.1484375 0.59296875 0.0546875 0.05625
0 0.2 0.58359375 0.05625 0.053125
0 0.2578125 0.56953125 0.0546875 0.0546875
0 0.30390625 0.55859375 0.05625 0.0546875
0 0.35390625 0.54921875 0.0578125 0.0546875
0 0.40625 0.540625 0.053125 0.05625
0 0.459375 0.53828125 0.059375 0.0625
0 0.51015625 0.52421875 0.05625 0.053125
0 0.5609375 0.51796875 0.05625 0.053125
0 0.6140625 0.5046875 0.059375 0.05625
0 0.66484375 0.4953125 0.05625 0.059375
0 0.71484375 0.48828125 0.0625 0.0625
0 0.7671875 0.47578125 0.05625 0.053125
0 0.815625 0.47265625 0.053125 0.0546875
0 0.8671875 0.46171875 0.0609375 0.0546875
0 0.115625 0.55390625 0.05625 0.0578125
0 0.16875 0.5421875 0.059375 0.0546875
0 0.221875 0.534375 0.05625 0.05625
0 0.27109375 0.5203125 0.05625 0.053125
0 0.32109375 0.5125 0.0578125 0.0546875
0 0.37421875 0.5046875 0.0546875 0.05625
0 0.42421875 0.49453125 0.0578125 0.0578125
0 0.478125 0.48671875 0.059375 0.059375
0 0.53046875 0.47578125 0.059375 0.0609375
0 0.58125 0.4703125 0.0578125 0.0546875
0 0.63125 0.4578125 0.05625 0.0546875
0 0.68203125 0.446875 0.0546875 0.0546875
0 0.73203125 0.43671875 0.05625 0.05625
0 0.784375 0.42890625 0.0578125 0.0578125
0 0.83359375 0.42109375 0.053125 0.05625
0 0.88515625 0.415625 0.0625 0.059375
0 0.0828125 0.5140625 0.059375 0.0578125
0 0.13671875 0.503125 0.05625 0.0546875
0 0.18671875 0.490625 0.05625 0.05625
0 0.2375 0.48203125 0.059375 0.0578125
0 0.2921875 0.4734375 0.05625 0.0546875
0 0.3390625 0.46640625 0.05625 0.05625
0 0.390625 0.45625 0.0578125 0.05625
0 0.44296875 0.44609375 0.053125 0.053125
0 0.4921875 0.43515625 0.0546875 0.053125
0 0.54453125 0.425 0.0609375 0.0578125
0 0.59921875 0.425 0.059375 0.0578125
0 0.65 0.40859375 0.0578125 0.05625
0 0.0515625 0.47578125 0.059375 0.053125
0 0.103125 0.46171875 0.0578125 0.05625
0 0.15546875 0.45078125 0.059375 0.05625
0 0.20703125 0.44140625 0.059375 0.0578125
0 0.2578125 0.43515625 0.0609375 0.0578125
0 0.31015625 0.428125 0.05625 0.05625
0 0.359375 0.42109375 0.05625 0.0546875
0 0.40859375 0.41015625 0.059375 0.0546875
0 0.4625 0.4015625 0.0578125 0.0578125
0 0.5140625 0.39375 0.0578125 0.0546875
0 0.6171875 0.36953125 0.0546875 0.05625
0 0.66640625 0.3640625 0.0578125 0.0578125
0 0.02421875 0.45078125 0.0484375 0.0546875
0 0.071875 0.43203125 0.0609375 0.0546875
0 0.12109375 0.4109375 0.0546875 0.053125
0 0.175 0.4078125 0.0609375 0.05625
0 0.228125 0.39453125 0.05625 0.053125
0 0.27734375 0.38515625 0.0578125 0.059375
0 0.328125 0.38203125 0.0546875 0.0546875
0 0.37734375 0.36875 0.0609375 0.059375
0 0.43046875 0.36328125 0.0578125 0.05625
0 0.4828125 0.3515625 0.0578125 0.05625
0 0.53515625 0.346875 0.0578125 0.059375
0 0.584375 0.33359375 0.05625 0.059375
0 0.634375 0.321875 0.053125 0.0546875
0 0.00703125 0.39765625 0.0140625 0.0546875
0 0.04140625 0.384375 0.05625 0.0546875
0 0.08984375 0.3734375 0.0515625 0.0546875
0 0.13984375 0.36953125 0.05625 0.05625
0 0.19375 0.36015625 0.0546875 0.059375
0 0.24609375 0.35078125 0.0578125 0.0515625
0 0.2953125 0.34140625 0.0546875 0.0578125
0 0.34609375 0.3328125 0.05625 0.0546875
0 0.4 0.32421875 0.0578125 0.05625
0 0.45 0.3140625 0.0578125 0.05625
0 0.5 0.3046875 0.053125 0.05625
0 0.5484375 0.29765625 0.05625 0.053125
0 0.60078125 0.2859375 0.0578125 0.0546875
0 0.653125 0.2765625 0.0578125 0.0578125
0 0.0171875 0.35078125 0.034375 0.0546875
0 0.05859375 0.33671875 0.0578125 0.059375
0 0.1078125 0.3265625 0.059375 0.059375
0 0.16171875 0.321875 0.05625 0.059375
0 0.21171875 0.31484375 0.059375 0.0546875
0 0.26171875 0.30390625 0.0546875 0.05625
0 0.3109375 0.29609375 0.059375 0.0546875
0 0.3640625 0.2859375 0.0578125 0.0546875
0 0.4171875 0.275 0.0546875 0.05625
0 0.46640625 0.2671875 0.059375 0.0546875
0 0.51640625 0.259375 0.05625 0.0546875
0 0.5671875 0.24921875 0.05625 0.05625
0 0.02578125 0.29921875 0.0515625 0.0546875
0 0.078125 0.28828125 0.05625 0.05625
0 0.1296875 0.2796875 0.05625 0.0578125
0 0.1796875 0.27109375 0.059375 0.0625
0 0.23203125 0.26484375 0.0578125 0.059375
0 0.28203125 0.25546875 0.059375 0.0546875
0 0.334375 0.2484375 0.053125 0.053125
0 0.38203125 0.2390625 0.05625 0.053125
0 0.43515625 0.22734375 0.05625 0.05625
0 0.48359375 0.21953125 0.0546875 0.053125
0 0.5328125 0.2109375 0.0578125 0.0546875
0 0.58359375 0.2 0.05625 0.05625
0 0.01015625 0.2609375 0.0203125 0.059375
0 0.04609375 0.25078125 0.053125 0.053125
0 0.09609375 0.24140625 0.0578125 0.053125
0 0.14609375 0.2296875 0.053125 0.0515625
0 0.19765625 0.22109375 0.05625 0.053125
0 0.24921875 0.21484375 0.0578125 0.05625
0 0.29921875 0.20703125 0.059375 0.0546875
0 0.3515625 0.19921875 0.05625 0.0546875
0 0.4015625 0.19140625 0.05625 0.059375
0 0.45234375 0.17890625 0.0578125 0.0546875
0 0.503125 0.1703125 0.05625 0.05625
0 0.553125 0.1625 0.05625 0.05625
0 0.6015625 0.15234375 0.05625 0.05625
0 0.01953125 0.20703125 0.0390625 0.0515625
0 0.06328125 0.20078125 0.059375 0.05625
0 0.11640625 0.1890625 0.0578125 0.0515625
0 0.165625 0.1859375 0.0546875 0.05625
0 0.21640625 0.1765625 0.0578125 0.0546875
0 0.26953125 0.171875 0.05625 0.0578125
0 0.31953125 0.1625 0.05625 0.053125
0 0.36640625 0.1515625 0.0546875 0.05625
0 0.415625 0.14375 0.05625 0.0546875
0 0.47109375 0.13203125 0.0546875 0.0546875
0 0.52109375 0.125 0.053125 0.0546875
0 0.56875 0.11328125 0.05625 0.0546875
0 0.7 0.3984375 0.05625 0.0546875
0 0.7515625 0.3921875 0.053125 0.053125
0 0.80078125 0.3828125 0.059375 0.0515625
0 0.85234375 0.37578125 0.0578125 0.0546875
0 0.9046875 0.36875 0.059375 0.059375
0 0.7171875 0.353125 0.0546875 0.0546875
0 0.77109375 0.34609375 0.05625 0.0578125
0 0.8234375 0.33671875 0.0578125 0.059375
0 0.87421875 0.32890625 0.0578125 0.0578125
0 0.92265625 0.3171875 0.053125 0.0578125
0 0.684375 0.31640625 0.05625 0.0515625
0 0.73828125 0.30546875 0.059375 0.0546875
0 0.7890625 0.296875 0.0578125 0.05625
0 0.8375 0.2859375 0.0546875 0.0546875
0 0.88828125 0.278125 0.05625 0.05625
0 0.93828125 0.26875 0.0578125 0.05625
0 0.7046875 0.26875 0.0546875 0.05625
0 0.75625 0.26015625 0.0578125 0.0578125
0 0.80390625 0.24921875 0.053125 0.05625
0 0.85234375 0.240625 0.0578125 0.0546875
0 0.90546875 0.23125 0.0578125 0.05625
0 0.95 0.22421875 0.0453125 0.053125
0 0.61875 0.23984375 0.059375 0.0546875
0 0.66875 0.22890625 0.053125 0.053125
0 0.72265625 0.221875 0.0546875 0.0578125
0 0.76953125 0.21015625 0.0578125 0.0546875
0 0.8234375 0.203125 0.059375 0.05625
0 0.87578125 0.19375 0.05625 0.05625
0 0.92421875 0.18515625 0.053125 0.053125
0 0.6328125 0.190625 0.0546875 0.053125
0 0.6875 0.18203125 0.0578125 0.0578125
0 0.7375 0.171875 0.0578125 0.0546875
0 0.7875 0.16328125 0.0578125 0.05
0 0.84140625 0.1546875 0.053125 0.053125
0 0.8890625 0.146875 0.05625 0.0546875
0 0.93671875 0.13828125 0.0515625 0.0546875
0 0.65390625 0.14609375 0.05625 0.0546875
0 0.703125 0.134375 0.0546875 0.053125
0 0.75234375 0.125 0.059375 0.0546875
0 0.8078125 0.11796875 0.05625 0.053125
0 0.8578125 0.10859375 0.05625 0.05625
0 0.90703125 0.10078125 0.05625 0.0546875
0 0.61953125 0.10625 0.0546875 0.0546875
0 0.66953125 0.09921875 0.0578125 0.05625
0 0.721875 0.0859375 0.0578125 0.05625
0 0.77265625 0.07890625 0.059375 0.05625
0 0.82421875 0.0703125 0.0546875 0.05625
0 0.87734375 0.0625 0.0578125 0.0578125
0 0.92578125 0.0515625 0.0515625 0.0578125
0 0.03125 0.16328125 0.05625 0.0515625
0 0.08046875 0.153125 0.053125 0.053125
0 0.13203125 0.146875 0.0578125 0.05625
0 0.184375 0.13984375 0.0546875 0.053125
0 0.23671875 0.13203125 0.05625 0.053125
0 0.2859375 0.1234375 0.053125 0.05625
0 0.33515625 0.11328125 0.0546875 0.053125
0 0.38359375 0.103125 0.05625 0.0578125
0 0.01328125 0.1265625 0.0265625 0.053125
0 0.04765625 0.1171875 0.0578125 0.0546875
0 0.09765625 0.10703125 0.05625 0.0515625
0 0.15234375 0.096875 0.05625 0.05625
0 0.20390625 0.0953125 0.0578125 0.0578125
0 0.2546875 0.084375 0.05625 0.0515625
0 0.3046875 0.07421875 0.0546875 0.0578125
0 0.35390625 0.06640625 0.0578125 0.05625
0 0.4046875 0.0578125 0.0578125 0.0578125
0 0.021875 0.0796875 0.04375 0.05625
0 0.0640625 0.07421875 0.05625 0.0546875
0 0.1171875 0.06640625 0.0546875 0.0515625
0 0.17265625 0.059375 0.053125 0.0515625
0 0.21953125 0.04921875 0.05625 0.04375
0 0.27265625 0.04375 0.0578125 0.0453125
0 0.321875 0.0359375 0.053125 0.0421875
0 0.3703125 0.03046875 0.05625 0.0421875
0 0.43515625 0.09609375 0.059375 0.05625
0 0.48828125 0.0859375 0.05625 0.0546875
0 0.5375 0.0765625 0.053125 0.053125
0 0.59140625 0.071875 0.053125 0.053125
0 0.6375 0.0609375 0.0515625 0.053125
0 0.684375 0.05234375 0.05625 0.053125
0 0.73984375 0.04375 0.059375 0.0546875
0 0.79140625 0.0328125 0.0546875 0.0546875
0 0.84140625 0.02578125 0.0578125 0.0515625
0 0.8921875 0.0203125 0.05625 0.040625
0 0.93046875 0.01484375 0.0296875 0.0296875
0 0.45390625 0.0484375 0.05625 0.059375
0 0.50234375 0.03984375 0.05625 0.0578125
0 0.5515625 0.03125 0.05625 0.053125
0 0.6046875 0.02421875 0.059375 0.0484375
0 0.6546875 0.0203125 0.05 0.040625
0 0.70390625 0.01796875 0.0609375 0.0359375
0 0.75703125 0.01171875 0.0609375 0.0234375
0 0.809375 0.00703125 0.05625 0.0140625
0 0.4234375 0.021875 0.05625 0.0390625
0 0.47421875 0.0140625 0.0546875 0.028125
0 0.52265625 0.01015625 0.0515625 0.0203125
0 0.5734375 0.00703125 0.053125 0.0140625
0 0.6265625 0.003125 0.05625 0.00625