1 0.61796875 0.55 0.184375 0.16875
1 0.7953125 0.54453125 0.19453125 0.15546875
1 0.875 0.70390625 0.17734375 0.1765625
1 0.86328125 0.39609375 0.165625 0.1796875
1 0.4546875 0.871875 0.21015625 0.16171875
1 0.29375 0.10390625 0.19765625 0.15546875
1 0.571875 0.24453125 0.2125 0.1578125
1 0.27421875 0.58515625 0.19140625 0.15546875
1 0.7859375 0.859375 0.203125 0.1671875
1 0.54140625 0.70625 0.19765625 0.1671875
1 0.7734375 0.2609375 0.2015625 0.15234375
1 0.7046875 0.696875 0.20390625 0.18203125
1 0.48359375 0.090625 0.20546875 0.15703125
1 0.44375 0.55625 0.1875 0.1546875
1 0.08828125 0.3234375 0.1765625 0.1765625
1 0.8484375 0.1046875 0.18671875 0.15390625
1 0.9328125 0.2328125 0.134375 0.18515625
1 0.63828125 0.85 0.1734375 0.1578125
1 0.2046875 0.74296875 0.21328125 0.1734375
1 0.2578125 0.27421875 0.19765625 0.15390625
1 0.1 0.6 0.190625 0.1734375
1 0.9328125 0.84921875 0.134375 0.1609375
1 0.696875 0.39921875 0.225 0.16953125
1 0.3078125 0.87109375 0.153125 0.15
1 0.90390625 0.95703125 0.1796875 0.08515625
1 0.22265625 0.44921875 0.21171875 0.17890625
1 0.68359375 0.121875 0.21328125 0.1828125
1 0.93984375 0.540625 0.1203125 0.165625
1 0.4171875 0.234375 0.18203125 0.1765625
1 0.3984375 0.709375 0.17109375 0.1734375
1 0.0453125 0.1703125 0.090625 0.15625
1 0.36171875 0.40546875 0.1515625 0.17421875
1 0.51640625 0.39921875 0.20625 0.184375
1 0.05625 0.4515625 0.1125 0.165625
1 0.734375 0.9609375 0.215625 0.078125
1 0.1765625 0.13671875 0.2140625 0.18515625
1 0.409375 0.9703125 0.225 0.059375
1 0.56015625 0.96953125 0.15 0.0609375
1 0.96875 0.3734375 0.06171875 0.18125
1 0.9109375 0.02578125 0.16484375 0.05
1 0.96953125 0.70234375 0.06015625 0.16484375
1 0.74296875 0.021875 0.20234375 0.04296875
1 0.06640625 0.0359375 0.12890625 0.071875
1 0.96328125 0.08046875 0.0734375 0.12421875
1 0.215625 0.02265625 0.209375 0.04453125
1 0.40859375 0.021875 0.18671875 0.0421875
1 0.5609375 0.01875 0.1796875 0.03671875