1 0.9265625 0.0828125 0.146875 0.165625
1 0.75703125 0.08984375 0.1890625 0.1796875
1 0.85546875 0.221875 0.18125 0.22265625
1 0.93828125 0.334375 0.1234375 0.1875
1 0.8296875 0.93515625 0.1875 0.1296875
1 0.91328125 0.80390625 0.1734375 0.1859375
1 0.9578125 0.65859375 0.084375 0.1875
1 0.90078125 0.5 0.18125 0.18984375
1 0.8265625 0.66875 0.18125 0.18046875
1 0.73671875 0.82265625 0.1890625 0.18125
1 0.64296875 0.94140625 0.1859375 0.1171875
1 0.4671875 0.9515625 0.1859375 0.096875
1 0.2953125 0.95703125 0.1734375 0.0859375
1 0.125 0.95546875 0.1828125 0.0890625
1 0.059375 0.83671875 0.11875 0.18125
1 0.2015625 0.8375 0.16953125 0.1828125
1 0.3671875 0.86640625 0.18515625 0.18046875
1 0.5453125 0.84609375 0.18515625 0.17890625
1 0.63671875 0.68046875 0.184375 0.16953125
1 0.45390625 0.70859375 0.184375 0.1953125
1 0.2546875 0.6984375 0.18671875 0.184375
1 0.08671875 0.69609375 0.16484375 0.18203125
1 0.05390625 0.54609375 0.1078125 0.1828125
1 0.1953125 0.54140625 0.1671875 0.16953125
1 0.3640625 0.55078125 0.18203125 0.18984375
1 0.53359375 0.55 0.19296875 0.18828125
1 0.725 0.54140625 0.1796875 0.1828125
1 0.09765625 0.41171875 0.1859375 0.2171875
1 0.27890625 0.4015625 0.15859375 0.1828125
1 0.440625 0.38984375 0.1671875 0.19375
1 0.61171875 0.4078125 0.18046875 0.20703125
1 0.7921875 0.38984375 0.1859375 0.18515625
1 0.6828125 0.24296875 0.1578125 0.18515625
1 0.5859375 0.09765625 0.184375 0.1953125
1 0.51796875 0.246875 0.18515625 0.1828125
1 0.41328125 0.0921875 0.1515625 0.184375
1 0.35234375 0.2546875 0.18125 0.2015625
1 0.17734375 0.25390625 0.1703125 0.18515625
1 0.046875 0.27890625 0.09375 0.1875
1 0.0890625 0.0953125 0.178125 0.190625
1 0.25 0.11484375 0.18515625 0.19140625