2 0.19765625 0.05703125 0.05625 0.0453125
0 0.340625 0.990625 0.05 0.01875
0 0.3921875 0.9875 0.05625 0.025
0 0.1078125 0.99453125 0.05625 0.0109375
0 0.159375 0.98671875 0.05625 0.0265625
0 0.20859375 0.9828125 0.0546875 0.034375
0 0.2578125 0.9765625 0.053125 0.046875
0 0.30625 0.9703125 0.053125 0.05
0 0.35390625 0.96640625 0.0484375 0.0515625
0 0.4046875 0.9578125 0.0609375 0.0546875
0 0.08125 0.9734375 0.0453125 0.05
0 0.1234375 0.9703125 0.053125 0.0515625
0 0.17265625 0.9578125 0.05625 0.0546875
0 0.22734375 0.94296875 0.0546875 0.0515625
0 0.2765625 0.93125 0.053125 0.05
0 0.32421875 0.92890625 0.05 0.05
0 0.37109375 0.91796875 0.0546875 0.053125
0 0.09140625 0.93203125 0.0546875 0.0546875
0 0.14765625 0.91640625 0.0625 0.053125
0 0.1921875 0.91328125 0.0515625 0.0546875
0 0.24140625 0.9 0.0546875 0.053125
0 0.290625 0.88515625 0.0546875 0.053125
0 0.3375 0.88515625 0.053125 0.053125
0 0.06640625 0.88984375 0.0390625 0.0515625
0 0.109375 0.88203125 0.05625 0.0546875
0 0.15859375 0.87265625 0.053125 0.046875
0 0.20859375 0.859375 0.053125 0.05
0 0.2546875 0.85625 0.053125 0.05625
0 0.30546875 0.84609375 0.053125 0.0515625
0 0.36328125 0.834375 0.053125 0.0515625
0 0.43984375 0.98359375 0.0515625 0.0328125
0 0.4578125 0.94609375 0.05625 0.0546875
0 0.42734375 0.909375 0.0546875 0.0546875
0 0.48203125 0.8984375 0.0609375 0.05625
0 0.3890625 0.875 0.059375 0.0546875
0 0.44140625 0.86328125 0.0546875 0.05
0 0.48984375 0.85390625 0.05625 0.0546875
0 0.409375 0.82890625 0.0515625 0.053125
0 0.45625 0.81875 0.053125 0.053125
0 0.50546875 0.81015625 0.0609375 0.0578125
0 0.51953125 0.7640625 0.05 0.053125
0 0.53984375 0.715625 0.0546875 0.0546875
0 0.4890625 0.725 0.05625 0.0546875
0 0.50703125 0.67578125 0.0515625 0.0515625
0 0.55546875 0.6640625 0.0546875 0.0546875
0 0.475 0.63359375 0.053125 0.05625
0 0.5234375 0.6265625 0.05625 0.053125
0 0.5859375 0.59921875 0.05625 0.0546875
0 0.4921875 0.58203125 0.0578125 0.0546875
0 0.54375 0.57109375 0.05625 0.05625
0 0.5890625 0.56875 0.05 0.04375
0 0.4578125 0.54765625 0.0546875 0.0546875
0 0.5078125 0.5296875 0.0546875 0.0546875
0 0.55546875 0.53125 0.053125 0.0546875
0 0.6109375 0.5125 0.059375 0.0546875
0 0.47578125 0.5015625 0.05625 0.0546875
0 0.525 0.48515625 0.0609375 0.05625
0 0.57421875 0.4796875 0.0515625 0.053125
0 0.62421875 0.4671875 0.059375 0.053125
0 0.4421875 0.4625 0.0578125 0.053125
0 0.49140625 0.45078125 0.0578125 0.05625
0 0.54140625 0.44140625 0.05625 0.0515625
0 0.5921875 0.43203125 0.0546875 0.05625
0 0.6421875 0.4171875 0.053125 0.053125
0 0.4578125 0.4203125 0.05625 0.0546875
0 0.509375 0.40625 0.0546875 0.05
0 0.55625 0.3953125 0.053125 0.053125
0 0.6046875 0.38828125 0.05625 0.0484375
0 0.6578125 0.37265625 0.053125 0.053125
0 0.425 0.38046875 0.053125 0.0515625
0 0.47265625 0.375 0.0515625 0.053125
0 0.51953125 0.365625 0.0515625 0.0515625
0 0.56953125 0.35390625 0.0515625 0.0515625
0 0.62109375 0.340625 0.05625 0.0515625
0 0.67578125 0.3296875 0.059375 0.0546875
0 0.43671875 0.3390625 0.0546875 0.0515625
0 0.4859375 0.32578125 0.0515625 0.053125
0 0.53359375 0.32421875 0.0515625 0.053125
0 0.584375 0.3046875 0.0578125 0.053125
0 0.6328125 0.30234375 0.0515625 0.0515625
0 0.68671875 0.28984375 0.053125 0.0484375
0 0.40078125 0.3046875 0.0546875 0.053125
0 0.45234375 0.29140625 0.05625 0.0515625
0 0.5015625 0.278125 0.0515625 0.053125
0 0.5484375 0.27109375 0.053125 0.0515625
0 0.6 0.265625 0.053125 0.0515625
0 0.6515625 0.25390625 0.0578125 0.053125
0 0.70390625 0.240625 0.05625 0.053125
0 0.41484375 0.2625 0.053125 0.0546875
0 0.46640625 0.2421875 0.0578125 0.0546875
0 0.51953125 0.23125 0.053125 0.0515625
0 0.571875 0.22421875 0.0515625 0.0515625
0 0.621875 0.20234375 0.0515625 0.0515625
0 0.6734375 0.20234375 0.0515625 0.053125
0 0.721875 0.1921875 0.05625 0.0546875
0 0.3828125 0.2234375 0.0515625 0.0515625
0 0.4296875 0.2125 0.0515625 0.0515625
0 0.48359375 0.19609375 0.0515625 0.0515625
0 0.53046875 0.1921875 0.05625 0.05
0 0.5875 0.17265625 0.0546875 0.053125
0 0.6359375 0.16796875 0.05625 0.0546875
0 0.6875 0.153125 0.0546875 0.053125
0 0.73828125 0.14140625 0.05625 0.05
0 0.39296875 0.1796875 0.0578125 0.05625
0 0.446875 0.17265625 0.0546875 0.0515625
0 0.4984375 0.15078125 0.05625 0.0546875
0 0.55546875 0.13828125 0.0546875 0.053125
0 0.6046875 0.128125 0.053125 0.0546875
0 0.653125 0.11640625 0.05 0.053125
0 0.70234375 0.11015625 0.05625 0.05625
0 0.75859375 0.090625 0.053125 0.05625
0 0.36171875 0.14453125 0.053125 0.0515625
0 0.4140625 0.134375 0.0546875 0.053125
0 0.46015625 0.1234375 0.053125 0.0484375
0 0.51484375 0.1109375 0.0546875 0.053125
0 0.56875 0.09296875 0.0546875 0.053125
0 0.62109375 0.08046875 0.0546875 0.0515625
0 0.67109375 0.075 0.053125 0.053125
0 0.715625 0.065625 0.05 0.0515625
0 0.77734375 0.0421875 0.0546875 0.05
0 0.37421875 0.1046875 0.053125 0.05
0 0.4234375 0.09140625 0.05625 0.053125
0 0.4796875 0.07890625 0.0578125 0.05625
0 0.53125 0.06015625 0.0546875 0.053125
0 0.5828125 0.05703125 0.05625 0.053125
0 0.63828125 0.0421875 0.053125 0.053125
0 0.68671875 0.02734375 0.0546875 0.053125
0 0.73046875 0.02578125 0.0515625 0.0515625
0 0.346875 0.065625 0.05625 0.053125
0 0.39296875 0.0515625 0.05625 0.0546875
0 0.44453125 0.04296875 0.053125 0.05
0 0.50078125 0.0265625 0.0546875 0.053125
0 0.55078125 0.01953125 0.0546875 0.0390625
0 0.6046875 0.0171875 0.053125 0.034375
0 0.65 0.009375 0.05 0.01875
0 0.6953125 0.00703125 0.05 0.0140625
0 0.78828125 0.0109375 0.0546875 0.021875
0 0.3828125 0.025 0.0515625 0.0328125
0 0.43125 0.01328125 0.0484375 0.0234375
0 0.52265625 0.00625 0.0421875 0.0125
0 0.0765625 0.846875 0.05625 0.05625
0 0.12578125 0.83984375 0.05 0.0515625
0 0.17109375 0.83125 0.053125 0.0515625
0 0.2265625 0.8140625 0.05625 0.0578125
0 0.2765625 0.809375 0.05 0.05
0 0.325 0.80078125 0.059375 0.0546875
0 0.378125 0.78984375 0.0578125 0.05625
0 0.4265625 0.77890625 0.0546875 0.059375
0 0.47421875 0.771875 0.053125 0.053125
0 0.05390625 0.8125 0.0359375 0.05
0 0.090625 0.79921875 0.0546875 0.05625
0 0.13828125 0.79453125 0.0515625 0.053125
0 0.18984375 0.7828125 0.05625 0.053125
0 0.2453125 0.771875 0.053125 0.0546875
0 0.29375 0.765625 0.0546875 0.053125
0 0.34609375 0.75390625 0.0578125 0.05625
0 0.39609375 0.73984375 0.05625 0.0546875
0 0.440625 0.7359375 0.05 0.0515625
0 0.0578125 0.76796875 0.05625 0.0578125
0 0.10625 0.75703125 0.053125 0.0546875
0 0.16171875 0.7390625 0.0546875 0.053125
0 0.20703125 0.74140625 0.0546875 0.0546875
0 0.26171875 0.72109375 0.0546875 0.0546875
0 0.30703125 0.71875 0.046875 0.0515625
0 0.36328125 0.7015625 0.0546875 0.0546875
0 0.40859375 0.696875 0.0515625 0.053125
0 0.46328125 0.6796875 0.053125 0.0546875
0 0.040625 0.72578125 0.034375 0.0484375
0 0.07890625 0.71640625 0.0546875 0.0546875
0 0.13125 0.70234375 0.0546875 0.0515625
0 0.178125 0.6921875 0.053125 0.0546875
0 0.22734375 0.6890625 0.0546875 0.0546875
0 0.278125 0.67421875 0.05625 0.0546875
0 0.3296875 0.66328125 0.05625 0.0578125
0 0.38046875 0.65390625 0.053125 0.0515625
0 0.43125 0.63984375 0.0546875 0.05625
0 0.04609375 0.6796875 0.0546875 0.05625
0 0.09609375 0.66875 0.0546875 0.05625
0 0.14453125 0.65859375 0.0546875 0.0515625
0 0.19609375 0.646875 0.0546875 0.053125
0 0.2453125 0.64375 0.0546875 0.0515625
0 0.29375 0.6265625 0.0546875 0.05625
0 0.34375 0.61953125 0.059375 0.0546875
0 0.39453125 0.60703125 0.053125 0.053125
0 0.4484375 0.59140625 0.05625 0.0546875
0 0.0265625 0.64296875 0.028125 0.0484375
0 0.0609375 0.63984375 0.0546875 0.0546875
0 0.1109375 0.62421875 0.05625 0.0546875
0 0.16328125 0.61171875 0.05625 0.053125
0 0.20703125 0.61328125 0.0484375 0.0515625
0 0.26015625 0.59453125 0.05625 0.053125
0 0.31171875 0.5828125 0.05625 0.0578125
0 0.35625 0.57890625 0.05 0.053125
0 0.4046875 0.56640625 0.059375 0.053125
0 0.0328125 0.5984375 0.053125 0.0546875
0 0.07734375 0.58984375 0.053125 0.053125
0 0.13203125 0.575 0.0546875 0.05625
0 0.18125 0.56640625 0.05625 0.0546875
0 0.228125 0.55625 0.05 0.053125
0 0.27265625 0.55703125 0.053125 0.0515625
0 0.325 0.534375 0.0515625 0.0578125
0 0.3703125 0.53125 0.05 0.053125
0 0.428125 0.5078125 0.0546875 0.053125
0 0.0421875 0.55546875 0.0546875 0.0515625
0 0.09140625 0.54140625 0.0578125 0.0546875
0 0.140625 0.53515625 0.05 0.0484375
0 0.18828125 0.5234375 0.053125 0.0515625
0 0.2359375 0.5140625 0.053125 0.0546875
0 0.28515625 0.50546875 0.05625 0.0578125
0 0.33984375 0.4875 0.05625 0.053125
0 0.3921875 0.47578125 0.05625 0.0515625
0 0.01953125 0.5171875 0.0390625 0.053125
0 0.059375 0.50859375 0.05 0.0515625
0 0.10703125 0.49921875 0.053125 0.05625
0 0.1546875 0.4875 0.05625 0.053125
0 0.20234375 0.47890625 0.05625 0.0546875
0 0.25390625 0.46875 0.0578125 0.053125
0 0.303125 0.46171875 0.0515625 0.053125
0 0.35625 0.446875 0.0546875 0.0546875
0 0.40546875 0.43203125 0.05625 0.053125
0 0.02421875 0.4765625 0.0484375 0.05
0 0.075 0.46171875 0.0515625 0.05625
0 0.12109375 0.45859375 0.0484375 0.053125
0 0.16796875 0.44609375 0.053125 0.0484375
0 0.21796875 0.43359375 0.0546875 0.05625
0 0.2671875 0.42578125 0.0546875 0.05625
0 0.32109375 0.409375 0.0546875 0.0546875
0 0.36875 0.396875 0.059375 0.0515625
0 0.0109375 0.43515625 0.021875 0.0546875
0 0.04140625 0.43359375 0.0515625 0.05625
0 0.08671875 0.41953125 0.053125 0.05625
0 0.13359375 0.4125 0.0515625 0.053125
0 0.178125 0.40390625 0.0515625 0.0515625
0 0.23046875 0.39453125 0.053125 0.053125
0 0.28515625 0.375 0.0578125 0.053125
0 0.33046875 0.36953125 0.0484375 0.0484375
0 0.3828125 0.353125 0.0546875 0.0546875
0 0.01796875 0.38984375 0.0359375 0.0515625
0 0.05859375 0.384375 0.0515625 0.0515625
0 0.10546875 0.37265625 0.053125 0.053125
0 0.15390625 0.36171875 0.053125 0.053125
0 0.203125 0.35078125 0.053125 0.0546875
0 0.25078125 0.3421875 0.053125 0.053125
0 0.3015625 0.33125 0.0625 0.0625
0 0.353125 0.3171875 0.05625 0.0546875
0 0.0234375 0.35078125 0.046875 0.0515625
0 0.06796875 0.34140625 0.0515625 0.053125
0 0.11796875 0.32734375 0.0546875 0.0546875
0 0.16875 0.315625 0.053125 0.053125
0 0.21796875 0.3046875 0.0546875 0.05625
0 0.26484375 0.3 0.05625 0.0546875
0 0.3171875 0.28203125 0.0546875 0.053125
0 0.3671875 0.2734375 0.05625 0.0546875
0 0.0078125 0.3109375 0.015625 0.053125
0 0.03984375 0.30234375 0.0515625 0.0515625
0 0.08671875 0.2921875 0.0515625 0.0515625
0 0.13515625 0.28515625 0.05625 0.053125
0 0.184375 0.26875 0.05625 0.0546875
0 0.23359375 0.26015625 0.0546875 0.0546875
0 0.28203125 0.24765625 0.0515625 0.0515625
0 0.334375 0.23671875 0.0578125 0.053125
0 0.0171875 0.26953125 0.034375 0.0515625
0 0.05546875 0.25390625 0.0546875 0.053125
0 0.10234375 0.24453125 0.0546875 0.05625
0 0.14921875 0.240625 0.05625 0.053125
0 0.2 0.2203125 0.0546875 0.0546875
0 0.2484375 0.21796875 0.0546875 0.0546875
0 0.29609375 0.2046875 0.053125 0.0515625
0 0.3453125 0.19375 0.0578125 0.0515625
0 0.02421875 0.21796875 0.0484375 0.0546875
0 0.071875 0.20859375 0.05625 0.0546875
0 0.11953125 0.1953125 0.0546875 0.05625
0 0.1671875 0.1875 0.053125 0.053125
0 0.21640625 0.17734375 0.05625 0.053125
0 0.2640625 0.16953125 0.05625 0.0546875
0 0.31640625 0.15625 0.0546875 0.0546875
0 0.0375 0.16875 0.0578125 0.0546875
0 0.08515625 0.1609375 0.053125 0.0515625
0 0.1328125 0.1515625 0.0546875 0.0546875
0 0.1828125 0.140625 0.0578125 0.05625
0 0.23125 0.1328125 0.053125 0.0546875
0 0.27890625 0.11875 0.05625 0.0546875
0 0.328125 0.1125 0.05625 0.0546875
0 0.0140625 0.13359375 0.028125 0.0546875
0 0.05 0.12578125 0.05625 0.0515625
0 0.10078125 0.115625 0.0546875 0.053125
0 0.15 0.10703125 0.053125 0.0515625
0 0.19765625 0.09609375 0.053125 0.0515625
0 0.2484375 0.08671875 0.05625 0.053125
0 0.296875 0.0734375 0.05625 0.0546875
0 0.01796875 0.0875 0.0359375 0.053125
0 0.0578125 0.078125 0.05 0.0484375
0 0.1015625 0.07265625 0.05 0.0484375
0 0.153125 0.059375 0.05 0.0375
0 0.2375 0.0484375 0.053125 0.0390625
0 0.28671875 0.0421875 0.05 0.040625
0 0.33671875 0.03046875 0.0515625 0.03125