0 0.93046875 0.178125 0.0671875 0.0703125
0 0.8234375 0.8078125 0.0671875 0.06875
0 0.63125 0.1734375 0.0625 0.0640625
0 0.9734375 0.3015625 0.053125 0.065625
0 0.6578125 0.11328125 0.0671875 0.0625
0 0.79765625 0.1859375 0.0671875 0.065625
0 0.60234375 0.228125 0.0671875 0.0640625
0 0.56796875 0.159375 0.065625 0.0671875
0 0.96484375 0.37578125 0.0703125 0.0671875
0 0.715625 0.08125 0.0640625 0.0640625
0 0.9640625 0.809375 0.0625 0.0640625
0 0.865625 0.48671875 0.065625 0.0640625
0 0.8359375 0.43046875 0.0671875 0.0640625
0 0.7328125 0.3546875 0.065625 0.0640625
0 0.8015625 0.48671875 0.0640625 0.0609375
0 0.696875 0.18203125 0.0671875 0.065625
0 0.79453125 0.7296875 0.0671875 0.0671875
0 0.83125 0.55 0.0640625 0.065625
0 0.896875 0.55 0.065625 0.0640625
0 0.93671875 0.490625 0.0640625 0.0640625
0 0.9125 0.61328125 0.065625 0.0671875
0 0.978125 0.86953125 0.0328125 0.06875
0 0.7515625 0.13515625 0.0671875 0.0640625
0 0.66953125 0.35234375 0.065625 0.0640625
0 0.89609375 0.2640625 0.06875 0.065625
0 0.4328125 0.04375 0.065625 0.0640625
0 0.8 0.359375 0.0671875 0.06875
0 0.70234375 0.29296875 0.065625 0.065625
0 0.89453125 0.6921875 0.06875 0.06875
0 0.7609375 0.66953125 0.065625 0.0640625
0 0.79140625 0.6109375 0.065625 0.0640625
0 0.76640625 0.54375 0.065625 0.0640625
0 0.92734375 0.978125 0.0671875 0.04375
1 0.9078125 0.41484375 0.06875 0.0609375
0 0.65703125 0.484375 0.0671875 0.065625
1 0.59375 0.08359375 0.0625 0.0734375
0 0.6296875 0.4203125 0.0671875 0.065625
1 0.86328125 0.7390625 0.0640625 0.046875
1 0.91484375 0.03359375 0.0640625 0.0546875
1 0.52578125 0.22421875 0.0671875 0.071875
0 0.69140625 0.559375 0.065625 0.0671875
1 0.92578125 0.86015625 0.065625 0.0546875
0 0.83203125 0.671875 0.0640625 0.0671875
1 0.96953125 0.2375 0.05625 0.0671875
1 0.59609375 0.3515625 0.06875 0.065625
0 0.89375 0.93203125 0.06875 0.065625
1 0.84609375 0.30625 0.059375 0.0671875
1 0.821875 0.25 0.0671875 0.05625
0 0.7265625 0.5984375 0.0609375 0.0640625
1 0.4703125 0.10078125 0.059375 0.071875
1 0.85390625 0.05 0.0671875 0.0765625
1 0.49921875 0.17109375 0.0671875 0.06875
1 0.971875 0.621875 0.0515625 0.059375
1 0.6625 0.0375 0.075 0.0671875
1 0.97265625 0.553125 0.0546875 0.078125
1 0.91875 0.09765625 0.065625 0.0625
0 0.76796875 0.29609375 0.0640625 0.0625
1 0.77578125 0.04453125 0.071875 0.06875
1 0.528125 0.0921875 0.0640625 0.059375
1 0.8125 0.109375 0.059375 0.0703125
0 0.39765625 0.009375 0.0671875 0.01875
1 0.89296875 0.8 0.0640625 0.06875
1 0.971875 0.69609375 0.05 0.078125
1 0.76875 0.42265625 0.065625 0.05625
1 0.91640625 0.328125 0.0625 0.0640625
1 0.7328125 0.47265625 0.0625 0.0703125
0 0.7484375 0.23046875 0.0671875 0.0625
1 0.86015625 0.86328125 0.059375 0.059375
1 0.9703125 0.0609375 0.059375 0.05625
1 0.978125 0.44140625 0.04375 0.0703125
1 0.5140625 0.03359375 0.06875 0.0671875
1 0.85390625 0.61171875 0.053125 0.05625
1 0.86640625 0.36328125 0.0625 0.053125
1 0.62734375 0.29140625 0.0671875 0.0703125
1 0.865625 0.19453125 0.0625 0.0703125
1 0.93046875 0.740625 0.0640625 0.059375
1 0.55546875 0.27421875 0.0640625 0.05625
1 0.5921875 0.02421875 0.0625 0.046875
1 0.98125 0.02265625 0.0375 0.0296875
1 0.8640625 0.1296875 0.06875 0.065625
1 0.984375 0.18125 0.03125 0.05625
1 0.97890625 0.12109375 0.0421875 0.0671875
0 0.6734375 0.2328125 0.06875 0.059375
1 0.7328125 0.0125 0.0765625 0.0171875
1 0.97734375 0.9765625 0.0296875 0.046875