0 0.3484375 0.8921875 0.040625 0.0421875
0 0.75703125 0.4203125 0.046875 0.046875
0 0.709375 0.7421875 0.0421875 0.04375
0 0.221875 0.4328125 0.04375 0.046875
0 0.03984375 0.42578125 0.0453125 0.046875
0 0.52734375 0.88984375 0.0421875 0.0421875
0 0.66953125 0.4375 0.0453125 0.046875
0 0.05703125 0.84375 0.0453125 0.04375
0 0.6421875 0.7828125 0.0421875 0.04375
0 0.3984375 0.43203125 0.04375 0.0453125
0 0.65 0.4734375 0.04375 0.04375
0 0.2359375 0.92578125 0.0421875 0.04375
0 0.42109375 0.7 0.0421875 0.0421875
0 0.53125 0.4203125 0.0453125 0.0484375
0 0.18828125 0.9265625 0.04375 0.04375
0 0.42265625 0.54765625 0.04375 0.0421875
0 0.2359375 0.84765625 0.0421875 0.04375
0 0.08203125 0.80859375 0.04375 0.04375
0 0.625 0.4375 0.0421875 0.0453125
0 0.37421875 0.621875 0.0421875 0.04375
0 0.61640625 0.74140625 0.0421875 0.04375
0 0.05390625 0.921875 0.0421875 0.04375
0 0.39609375 0.73828125 0.0421875 0.04375
0 0.19375 0.7734375 0.0421875 0.0421875
0 0.24296875 0.6234375 0.0421875 0.04375
0 0.525 0.9671875 0.0421875 0.04375
0 0.44609375 0.43671875 0.04375 0.046875
0 0.36875 0.84921875 0.0421875 0.04375
0 0.50546875 0.8546875 0.040625 0.0421875
0 0.44140625 0.5875 0.04375 0.04375
0 0.459375 0.8515625 0.0421875 0.04375
0 0.81875 0.7046875 0.04375 0.0453125
0 0.796875 0.8953125 0.0421875 0.04375
0 0.10390625 0.76796875 0.0421875 0.04375
0 0.42265625 0.4703125 0.0421875 0.04375
0 0.39296875 0.9671875 0.0421875 0.04375
0 0.4171875 0.77421875 0.04375 0.04375
0 0.2765625 0.9265625 0.0421875 0.04375
0 0.53125 0.66640625 0.0421875 0.04375
0 0.303125 0.81328125 0.0421875 0.0453125
0 0.2125 0.88515625 0.0421875 0.0421875
0 0.909375 0.625 0.0421875 0.04375
0 0.0171875 0.925 0.034375 0.04375
0 0.81796875 0.9296875 0.0421875 0.04375
0 0.41328125 0.92734375 0.0421875 0.04375
0 0.35078125 0.73671875 0.0421875 0.04375
0 0.5796875 0.5109375 0.04375 0.04375
0 0.56875 0.815625 0.0421875 0.04375
0 0.909375 0.77890625 0.0421875 0.04375
0 0.77421875 0.628125 0.04375 0.04375
0 0.84453125 0.4359375 0.0453125 0.046875
0 0.91484375 0.47890625 0.0421875 0.04375
0 0.03515625 0.80625 0.0421875 0.04375
0 0.4828125 0.815625 0.04375 0.04375
0 0.93203125 0.89453125 0.0421875 0.0421875
0 0.8421875 0.89453125 0.0421875 0.04375
0 0.1015625 0.84375 0.0421875 0.04375
0 0.8703125 0.478125 0.04375 0.04375
0 0.1984375 0.46953125 0.04375 0.04375
0 0.4796875 0.89140625 0.0421875 0.04375
0 0.71015625 0.665625 0.0421875 0.04375
0 0.3703125 0.7734375 0.040625 0.04375
0 0.82109375 0.78515625 0.0421875 0.0421875
0 0.05625 0.765625 0.0421875 0.04375
0 0.43515625 0.8140625 0.0421875 0.04375
0 0.8625 0.93203125 0.0421875 0.04375
0 0.35546875 0.5125 0.0421875 0.04375
0 0.93125 0.9703125 0.0421875 0.04375
0 0.3015625 0.88671875 0.040625 0.04375
0 0.16953125 0.7328125 0.04375 0.04375
0 0.03671875 0.7265625 0.0421875 0.0453125
0 0.3015625 0.9640625 0.0421875 0.0421875
0 0.48828125 0.73828125 0.0421875 0.0421875
0 0.07890625 0.8828125 0.04375 0.04375
0 0.4875 0.58828125 0.04375 0.04375
0 0.57578125 0.665625 0.0421875 0.04375
0 0.14765625 0.8515625 0.0421875 0.040625
0 0.17734375 0.42890625 0.0453125 0.046875
0 0.2671875 0.43046875 0.04375 0.046875
0 0.75625 0.51015625 0.04375 0.0421875
0 0.8875 0.9703125 0.0421875 0.04375
0 0.01953125 0.46171875 0.0390625 0.0453125
0 0.45859375 0.92890625 0.0421875 0.0421875
0 0.84296875 0.97109375 0.0421875 0.04375
0 0.08203125 0.7265625 0.04375 0.04375
0 0.75234375 0.8921875 0.0421875 0.04375
0 0.43984375 0.73828125 0.04375 0.0421875
0 0.93125 0.81875 0.0421875 0.04375
0 0.953125 0.78046875 0.04375 0.04375
0 0.1265625 0.81171875 0.040625 0.0421875
0 0.23828125 0.77578125 0.0421875 0.0421875
0 0.60234375 0.47109375 0.0421875 0.04375
0 0.01875 0.54296875 0.0375 0.0453125
0 0.21640625 0.734375 0.04375 0.04375
0 0.375 0.7 0.0421875 0.0421875
0 0.715625 0.4390625 0.04375 0.0453125
0 0.8859375 0.7390625 0.04375 0.04375
0 0.503125 0.93203125 0.04375 0.04375
0 0.59765625 0.6234375 0.0421875 0.04375
0 0.96875 0.96796875 0.03125 0.0453125
0 0.25703125 0.88828125 0.0421875 0.0421875
0 0.4359375 0.8890625 0.040625 0.0421875
0 0.2625 0.58125 0.040625 0.04375
0 0.93125 0.74140625 0.0421875 0.0421875
0 0.35234375 0.65859375 0.0421875 0.04375
0 0.465625 0.546875 0.04375 0.04375
0 0.70625 0.89375 0.0421875 0.04375
0 0.775 0.78046875 0.0421875 0.0421875
0 0.59375 0.92890625 0.0421875 0.0421875
0 0.821875 0.5484375 0.04375 0.04375
0 0.59609375 0.709375 0.0421875 0.0421875
0 0.50859375 0.628125 0.0421875 0.04375
0 0.64140625 0.70546875 0.0421875 0.0421875
0 0.840625 0.5859375 0.0421875 0.04375
0 0.64453125 0.6265625 0.0421875 0.04375
0 0.0609375 0.6921875 0.04375 0.04375
0 0.61953125 0.890625 0.0421875 0.0421875
0 0.6640625 0.66328125 0.0421875 0.04375
0 0.33046875 0.54765625 0.0421875 0.04375
0 0.00546875 0.88671875 0.0109375 0.0421875
0 0.30390625 0.73671875 0.040625 0.0421875
0 0.13203125 0.653125 0.04375 0.04375
0 0.81796875 0.8546875 0.04375 0.04375
0 0.19140625 0.85 0.0421875 0.04375
0 0.54921875 0.93203125 0.0421875 0.0421875
0 0.1578125 0.47109375 0.04375 0.04375
0 0.3921875 0.89375 0.0421875 0.0421875
0 0.178125 0.5078125 0.04375 0.04375
0 0.596875 0.78046875 0.040625 0.0421875
0 0.575 0.74296875 0.040625 0.04375
0 0.621875 0.82421875 0.0421875 0.0421875
0 0.36796875 0.92734375 0.0421875 0.04375
0 0.35859375 0.4359375 0.0421875 0.0453125
0 0.26328125 0.6625 0.0421875 0.0421875
0 0.77578125 0.5484375 0.04375 0.04375
0 0.26171875 0.734375 0.0421875 0.0421875
0 0.1953125 0.69609375 0.0421875 0.04375
0 0.3953125 0.5125 0.0421875 0.0421875
0 0.171875 0.653125 0.0421875 0.0421875
0 0.6921875 0.47578125 0.040625 0.0421875
0 0.88828125 0.5875 0.04375 0.04375
0 0.97265625 0.8171875 0.034375 0.04375
0 0.26171875 0.8140625 0.04375 0.04375
0 0.88515625 0.89453125 0.040625 0.04375
0 0.44296875 0.66171875 0.0421875 0.04375
0 0.015625 0.69140625 0.03125 0.0453125
0 0.28125 0.77734375 0.040625 0.04375
0 0.46484375 0.62578125 0.04375 0.04375
0 0.0578125 0.615625 0.04375 0.0453125
0 0.2140625 0.81015625 0.0421875 0.04375
0 0.72890625 0.70390625 0.0421875 0.04375
0 0.93828125 0.43984375 0.046875 0.0484375
0 0.79609375 0.81640625 0.04375 0.04375
0 0.1015625 0.9265625 0.0421875 0.04375
0 0.24296875 0.696875 0.04375 0.04375
0 0.684375 0.93359375 0.040625 0.0421875
0 0.865625 0.8546875 0.0421875 0.04375
0 0.0359375 0.88203125 0.0421875 0.04375
0 0.5484375 0.85234375 0.04375 0.04375
0 0.821875 0.47734375 0.04375 0.0453125
0 0.55234375 0.70546875 0.0421875 0.04375
0 0.41484375 0.8515625 0.040625 0.04375
0 0.86875 0.54921875 0.0453125 0.04375
0 0.97109375 0.89140625 0.0328125 0.0453125
0 0.4578125 0.7734375 0.0421875 0.04375
0 0.4796875 0.9671875 0.0421875 0.0421875
0 0.52890625 0.81796875 0.0421875 0.04375
0 0.31015625 0.41640625 0.046875 0.0484375
0 0.8 0.5875 0.04375 0.0453125
0 0.91328125 0.5515625 0.0421875 0.04375
0 0.57265625 0.58671875 0.0421875 0.04375
0 0.34609375 0.81171875 0.0421875 0.04375
0 0.5484375 0.7796875 0.040625 0.0421875
0 0.353125 0.58671875 0.04375 0.04375
0 0.3984375 0.6609375 0.0421875 0.0421875
0 0.1078125 0.69375 0.0421875 0.0421875
0 0.32421875 0.92890625 0.0421875 0.0421875
0 0.14609375 0.92265625 0.0421875 0.04375
0 0.390625 0.81484375 0.0421875 0.04375
0 0.1375 0.4328125 0.0421875 0.046875
0 0.7765625 0.4765625 0.0421875 0.04375
0 0.95390625 0.92890625 0.04375 0.04375
0 0.6875 0.7796875 0.0421875 0.04375
0 0.6453125 0.54609375 0.0421875 0.04375
0 0.3953125 0.58046875 0.0421875 0.04375
0 0.48671875 0.6625 0.0421875 0.0421875
0 0.91015625 0.8546875 0.04375 0.04375
0 0.70703125 0.81953125 0.0421875 0.04375
0 0.59375 0.85 0.04375 0.0453125
0 0.978125 0.415625 0.04375 0.046875
0 0.32734375 0.70234375 0.040625 0.0421875
0 0.0859375 0.5046875 0.0421875 0.04375
0 0.165625 0.8859375 0.040625 0.04375
0 0.0375 0.65234375 0.0421875 0.04375
0 0.72890625 0.928125 0.04375 0.0421875
0 0.2453125 0.46953125 0.04375 0.0453125
0 0.61953125 0.5859375 0.04375 0.04375
0 0.37734375 0.47265625 0.0421875 0.04375
0 0.6203125 0.665625 0.0421875 0.04375
0 0.66796875 0.5125 0.0421875 0.04375
0 0.953125 0.9921875 0.04375 0.015625
0 0.28828125 0.62578125 0.0421875 0.0421875
0 0.24296875 0.54453125 0.0421875 0.04375
0 0.28359375 0.70234375 0.040625 0.0421875
0 0.753125 0.81796875 0.040625 0.0421875
0 0.08203125 0.65625 0.04375 0.04375
0 0.28828125 0.54453125 0.0421875 0.04375
0 0.91015625 0.93515625 0.04375 0.04375
0 0.68671875 0.628125 0.0421875 0.0421875
0 0.9375 0.51875 0.04375 0.0453125
0 0.43359375 0.96796875 0.040625 0.04375
0 0.5328125 0.74296875 0.0421875 0.04375
0 0.75 0.9703125 0.0421875 0.04375
0 0.5828125 0.43046875 0.0453125 0.046875
0 0.97421875 0.7421875 0.0375 0.04375
0 0.2203125 0.58515625 0.0421875 0.04375
0 0.66171875 0.7453125 0.04375 0.04375
0 0.33046875 0.6265625 0.0421875 0.04375
0 0.79609375 0.96796875 0.04375 0.04375
0 0.640625 0.85703125 0.0390625 0.0421875
0 0.640625 0.93984375 0.0421875 0.0421875
0 0.109375 0.54453125 0.04375 0.0421875
0 0.684375 0.85546875 0.0421875 0.04375
0 0.21796875 0.6578125 0.0421875 0.0421875
0 0.4421875 0.51171875 0.0421875 0.04375
0 0.84296875 0.8203125 0.0421875 0.04375
0 0.7734375 0.70390625 0.04375 0.04375
0 0.7078125 0.51484375 0.0421875 0.0421875
0 0.6875 0.7078125 0.04375 0.0453125
0 0.06328125 0.54375 0.0421875 0.04375
0 0.06171875 0.4671875 0.04375 0.04375
0 0.46953125 0.47265625 0.0421875 0.0421875
0 0.6671875 0.5921875 0.04375 0.04375
0 0.16484375 0.9609375 0.0421875 0.0421875
0 0.509375 0.7796875 0.040625 0.0421875
0 0.15390625 0.61640625 0.04375 0.04375
0 0.53046875 0.51015625 0.04375 0.04375
0 0.75390625 0.5890625 0.04375 0.04375
0 0.4640625 0.70625 0.04375 0.0421875
0 0.865625 0.63203125 0.04375 0.04375
0 0.6890625 0.54921875 0.04375 0.0453125
0 0.03984375 0.50546875 0.04375 0.04375
0 0.30546875 0.5875 0.04375 0.04375
0 0.8421875 0.7453125 0.0421875 0.04375
0 0.72890625 0.78203125 0.0421875 0.04375
0 0.7265625 0.8546875 0.0421875 0.04375
0 0.73125 0.6265625 0.0421875 0.04375
0 0.95546875 0.70546875 0.0421875 0.0453125
0 0.61484375 0.9703125 0.04375 0.04375
0 0.8890625 0.43515625 0.0453125 0.046875
0 0.19921875 0.61796875 0.0421875 0.04375
0 0.95546875 0.85625 0.0421875 0.04375
0 0.75546875 0.66875 0.0421875 0.04375
0 0.88671875 0.66328125 0.04375 0.04375
0 0.86484375 0.78125 0.04375 0.04375
0 0.77265625 0.8515625 0.0421875 0.04375
0 0.0046875 0.9546875 0.009375 0.04375
0 0.26484375 0.509375 0.0421875 0.04375
0 0.8 0.7453125 0.0421875 0.04375
0 0.034375 0.9640625 0.040625 0.040625
0 0.66171875 0.96875 0.0421875 0.0421875
0 0.32734375 0.775 0.0421875 0.0421875
0 0.01640625 0.6171875 0.0328125 0.04375
0 0.10625 0.61875 0.04375 0.04375
0 0.91015625 0.70390625 0.0453125 0.04375
0 0.0171875 0.7671875 0.034375 0.04375
0 0.62421875 0.5109375 0.040625 0.04375
0 0.0375 0.57890625 0.0421875 0.04375
0 0.5546875 0.475 0.0421875 0.04375
0 0.5328125 0.5859375 0.0421875 0.04375
0 0.221875 0.51171875 0.04375 0.04375
0 0.109375 0.46796875 0.04375 0.04375
0 0.15546875 0.54921875 0.04375 0.0421875
0 0.28125 0.85625 0.04375 0.0421875
0 0.73203125 0.54765625 0.04375 0.04375
0 0.70625 0.5859375 0.0421875 0.04375
0 0.57109375 0.96796875 0.0421875 0.04375
0 0.5078125 0.70234375 0.040625 0.0421875
0 0.890625 0.5140625 0.04375 0.04375
0 0.3109375 0.51171875 0.04375 0.04375
0 0.30859375 0.66171875 0.040625 0.0421875
0 0.37578125 0.55 0.0421875 0.04375
0 0.79765625 0.66640625 0.0421875 0.0453125
0 0.7046875 0.96875 0.0421875 0.04375
0 0.17578125 0.58125 0.0421875 0.0421875
0 0.9609375 0.55 0.04375 0.04375
0 0.1515625 0.77265625 0.040625 0.0421875
0 0.93515625 0.58828125 0.04375 0.04375
0 0.79921875 0.4390625 0.0453125 0.046875
0 0.1265625 0.890625 0.0421875 0.0421875
0 0.1296875 0.5765625 0.0453125 0.0421875
0 0.13359375 0.50859375 0.0421875 0.0421875
0 0.55234375 0.62421875 0.0421875 0.04375
0 0.840625 0.6671875 0.04375 0.04375
0 0.8171875 0.99375 0.040625 0.0125
0 0.015625 0.8421875 0.03125 0.04375
0 0.4890625 0.51015625 0.040625 0.0421875
0 0.4203125 0.625 0.0421875 0.04375
0 0.57109375 0.89140625 0.0421875 0.04375
0 0.959375 0.4765625 0.04375 0.0421875
0 0.775 0.99453125 0.040625 0.0109375
0 0.2109375 0.96484375 0.0421875 0.0421875
0 0.2890625 0.4671875 0.040625 0.0421875
0 0.97578125 0.665625 0.0390625 0.0453125
0 0.8875 0.81875 0.04375 0.04375
0 0.33359375 0.47421875 0.0421875 0.04375
0 0.91015625 0.99296875 0.0421875 0.0140625
0 0.12421875 0.965625 0.0421875 0.04375
0 0.82109375 0.63125 0.04375 0.0453125
0 0.6609375 0.89609375 0.040625 0.04375
0 0.84375 0.5125 0.04375 0.0421875
0 0.19921875 0.54453125 0.0421875 0.0421875
0 0.75625 0.75 0.04375 0.0421875
0 0.490625 0.4375 0.04375 0.0453125
0 0.00546875 0.80703125 0.0109375 0.0421875
0 0.1296875 0.73046875 0.0421875 0.04375
0 0.80234375 0.51484375 0.0421875 0.04375
0 0.59296875 0.99375 0.0421875 0.0125
0 0.1703125 0.81484375 0.040625 0.0421875
0 0.66171875 0.821875 0.0421875 0.0421875
0 0.546875 0.9921875 0.040625 0.015625
0 0.08671875 0.41796875 0.046875 0.05
0 0.978125 0.5890625 0.0390625 0.0453125
0 0.3453125 0.96796875 0.040625 0.0421875
0 0.078125 0.9640625 0.0421875 0.0421875
0 0.93203125 0.66484375 0.0421875 0.04375
0 0.86328125 0.99453125 0.0421875 0.0109375
0 0.51171875 0.55390625 0.04375 0.04375
0 0.51171875 0.4734375 0.0421875 0.0421875
0 0.45625 0.98984375 0.040625 0.01875
0 0.77265625 0.93515625 0.0421875 0.0421875
0 0.59921875 0.54375 0.04375 0.04375
0 0.86484375 0.696875 0.04375 0.04375
0 0.73359375 0.4796875 0.0421875 0.040625
0 0.6390625 0.99375 0.040625 0.0125
0 0.5015625 0.990625 0.040625 0.01875
0 0.36875 0.98984375 0.040625 0.0140625
0 0.25703125 0.97109375 0.04375 0.04375
0 0.0109375 0.42421875 0.01875 0.0453125
0 0.5546875 0.55546875 0.0421875 0.0421875
0 0.00703125 0.73359375 0.0140625 0.0421875
0 0.08359375 0.57578125 0.0421875 0.04375
0 0.00859375 0.5015625 0.0171875 0.04375
0 0.9796875 0.5203125 0.0390625 0.040625
0 0.1546875 0.7015625 0.040625 0.0421875
0 0.728125 0.99375 0.040625 0.0125
0 0.0078125 0.5828125 0.015625 0.040625
0 0.68359375 0.9921875 0.0390625 0.015625
0 0.27578125 0.98671875 0.0453125 0.0125
0 0.1890625 0.9828125 0.04375 0.0125
0 0.95703125 0.63125 0.04375 0.04375
0 0.990625 0.4734375 0.01875 0.04375
0 0.0078125 0.65546875 0.015625 0.0421875
0 0.41484375 0.98984375 0.0421875 0.0171875
0 0.32421875 0.98984375 0.0421875 0.0109375
0 0.984375 0.703125 0.0171875 0.040625
0 0.234375 0.98671875 0.040625 0.0109375
0 0.09765625 0.98125 0.0421875 0.0109375
0 0.990625 0.5515625 0.0171875 0.04375
0 0.98828125 0.621875 0.0171875 0.0390625
0 0.14296875 0.9828125 0.0390625 0.0109375
0 0.984375 0.7796875 0.0140625 0.040625
0 0.053125 0.9796875 0.0375 0.0109375
0 0.9828125 0.853125 0.0125 0.040625