0 0.7453125 0.26171875 0.0484375 0.0484375
0 0.88671875 0.640625 0.0515625 0.0515625
0 0.79921875 0.07109375 0.0484375 0.04375
0 0.66796875 0.04765625 0.05 0.0515625
0 0.9546875 0.37265625 0.05 0.0515625
0 0.71015625 0.053125 0.0484375 0.046875
0 0.86484375 0.47421875 0.05 0.05
0 0.9171875 0.60078125 0.0515625 0.0515625
0 0.90390625 0.67890625 0.05 0.05
0 0.71640625 0.29453125 0.05 0.05
0 0.83046875 0.2734375 0.05 0.05
0 0.8578125 0.11796875 0.05 0.05
0 0.81328125 0.1109375 0.0484375 0.05
0 0.7875 0.146875 0.05 0.05
0 0.95390625 0.48984375 0.05 0.05
0 0.96484375 0.29453125 0.05 0.05
0 0.86875 0.596875 0.05 0.0515625
0 0.94921875 0.68828125 0.05 0.0515625
0 0.98671875 0.38046875 0.0265625 0.0515625
0 0.98984375 0.18046875 0.0203125 0.0515625
0 0.64140625 0.08515625 0.046875 0.0484375
0 0.79921875 0.190625 0.05 0.05
0 0.903125 0.12421875 0.0515625 0.0515625
0 0.70234375 0.2546875 0.05 0.05
0 0.7890625 0.38515625 0.05 0.05
0 0.940625 0.44765625 0.05 0.05
0 0.83515625 0.51328125 0.0484375 0.05
0 0.72890625 0.21796875 0.05 0.05
0 0.91015625 0.48046875 0.05 0.05
0 0.92578125 0.40703125 0.05 0.0515625
0 0.9171875 0.16484375 0.05 0.05
0 0.93046875 0.0953125 0.0484375 0.0375
0 0.971875 0.10234375 0.046875 0.034375
0 0.88046875 0.5171875 0.05 0.05
0 0.94296875 0.56484375 0.05 0.05
0 0.8546875 0.5515625 0.05 0.05
0 0.98828125 0.49765625 0.0234375 0.0484375
0 0.8828125 0.40078125 0.05 0.05
0 0.7625 0.3 0.0484375 0.05
0 0.90078125 0.24453125 0.05 0.0515625
0 0.84609375 0.19609375 0.05 0.0515625
0 0.85625 0.67734375 0.05 0.0515625
0 0.8171875 0.34921875 0.0515625 0.0515625
0 0.959375 0.60859375 0.0515625 0.05
0 0.9171875 0.84609375 0.0484375 0.0515625
0 0.92734375 0.52578125 0.05 0.05
0 0.9796875 0.45390625 0.040625 0.0515625
0 0.98984375 0.3015625 0.0203125 0.05
0 0.85859375 0.2359375 0.05 0.0515625
0 0.903125 0.8046875 0.05 0.0515625
0 0.8921875 0.3234375 0.05 0.0515625
0 0.94609375 0.25078125 0.0515625 0.05
0 0.97265625 0.4125 0.05 0.0515625
0 0.87578125 0.28125 0.0515625 0.0515625
0 0.8875 0.76015625 0.05 0.05
0 0.78046875 0.46328125 0.046875 0.0484375
0 0.83046875 0.15625 0.05 0.0515625
0 0.653125 0.12734375 0.0484375 0.05
0 0.6734375 0.16796875 0.05 0.05
0 0.9671875 0.6515625 0.03125 0.046875
0 0.81796875 0.23046875 0.05 0.0515625
0 0.82265625 0.46953125 0.0484375 0.05
0 0.9359375 0.7640625 0.0453125 0.0484375
0 0.89609375 0.44140625 0.05 0.0515625
0 0.73359375 0.3390625 0.0484375 0.05
0 0.77265625 0.34296875 0.0484375 0.0484375
0 0.8015625 0.30625 0.0484375 0.0484375
0 0.8765625 0.1625 0.0515625 0.0515625
0 0.6984375 0.1328125 0.0515625 0.0515625
0 0.77265625 0.10390625 0.0484375 0.046875
0 0.93203125 0.6453125 0.05 0.05
0 0.84921875 0.31875 0.0515625 0.0515625
0 0.93671875 0.33203125 0.0515625 0.0515625
0 0.88671875 0.08671875 0.05 0.0390625
0 0.62578125 0.04453125 0.05 0.05
0 0.971875 0.53125 0.05 0.05
0 0.98359375 0.140625 0.0328125 0.05
0 0.86484375 0.3578125 0.0515625 0.0515625
0 0.875 0.72109375 0.05 0.0515625
0 0.91171875 0.36796875 0.05 0.05
0 0.71484375 0.17734375 0.05 0.05
0 0.75703125 0.0625 0.0484375 0.0453125
0 0.68671875 0.0921875 0.05 0.05
0 0.84921875 0.43125 0.05 0.05
0 0.98125 0.57265625 0.0359375 0.046875
0 0.80703125 0.425 0.05 0.0515625
0 0.978125 0.33984375 0.04375 0.0515625
0 0.83828125 0.39375 0.05 0.05
0 0.91953125 0.2875 0.05 0.05
0 0.8984375 0.55859375 0.05 0.0515625
0 0.9828125 0.2609375 0.034375 0.05
0 0.82421875 0.59453125 0.0484375 0.0484375
0 0.79375 0.50625 0.046875 0.0484375
0 0.8875 0.20546875 0.05 0.0515625
0 0.91953125 0.72421875 0.05 0.05
0 0.92890625 0.21171875 0.05 0.0515625
0 0.75703125 0.18125 0.05 0.05
0 0.7875 0.26640625 0.0484375 0.05
0 0.6859375 0.21015625 0.0484375 0.05
0 0.74765625 0.38203125 0.0453125 0.0484375
0 0.84140625 0.07890625 0.0484375 0.0421875
0 0.76484375 0.42109375 0.0484375 0.0484375
0 0.73046875 0.09765625 0.0484375 0.0484375
0 0.74453125 0.1390625 0.05 0.05
0 0.96328125 0.1734375 0.05 0.0515625
0 0.775 0.225 0.05 0.05
0 0.9484375 0.13359375 0.053125 0.053125
0 0.8109375 0.553125 0.0484375 0.05
0 0.9765625 0.21875 0.046875 0.05
0 0.921875 0.884375 0.0234375 0.0421875
0 0.9359375 0.80859375 0.028125 0.046875
0 0.95234375 0.728125 0.028125 0.046875
0 0.84375 0.63671875 0.0484375 0.046875