0 0.3140625 0.53125 0.065625 0.065625
0 0.46484375 0.83046875 0.06875 0.06875
0 0.4265625 0.88515625 0.06875 0.0703125
0 0.34765625 0.47578125 0.065625 0.06875
0 0.67265625 0.71953125 0.0703125 0.06875
0 0.28359375 0.47109375 0.065625 0.0671875
0 0.13125 0.803125 0.0703125 0.0671875
0 0.44375 0.64375 0.06875 0.06875
0 0.28125 0.584375 0.0625 0.0625
0 0.253125 0.525 0.065625 0.0671875
0 0.9859375 0.484375 0.028125 0.06875
0 0.48046875 0.58671875 0.06875 0.0671875
0 0.84453125 0.79765625 0.0671875 0.06875
0 0.203125 0.6859375 0.0703125 0.0703125
0 0.9765625 0.5453125 0.046875 0.0640625
0 0.72421875 0.96328125 0.0703125 0.0703125
0 0.91171875 0.80234375 0.065625 0.06875
0 0.596875 0.40546875 0.06875 0.06875
0 0.71015625 0.66640625 0.065625 0.0671875
0 0.38359375 0.525 0.0703125 0.0703125
0 0.0953125 0.8625 0.0671875 0.06875
0 0.871875 0.8546875 0.06875 0.0671875
0 0.0484375 0.39609375 0.0703125 0.0671875
0 0.5734375 0.65625 0.0703125 0.071875
0 0.06015625 0.91640625 0.0734375 0.06875
0 0.60546875 0.71484375 0.0703125 0.06875
0 0.35078125 0.584375 0.06875 0.06875
0 0.396875 0.82734375 0.0703125 0.06875
0 0.31328125 0.6390625 0.0671875 0.0671875
0 0.3796875 0.64375 0.06875 0.0671875
0 0.93671875 0.8640625 0.0671875 0.0703125
0 0.94765625 0.746875 0.0671875 0.06875
0 0.77578125 0.67109375 0.06875 0.0671875
0 0.7390625 0.725 0.06875 0.0671875
0 0.45 0.5296875 0.06875 0.0703125
0 0.159375 0.8609375 0.06875 0.06875
0 0.24296875 0.634375 0.0671875 0.065625
0 0.68515625 0.4796875 0.06875 0.0703125
0 0.69609375 0.90078125 0.0703125 0.0703125
0 0.1890625 0.4046875 0.0671875 0.0703125
0 0.3875 0.94609375 0.0703125 0.0703125
0 0.55703125 0.46484375 0.0703125 0.0703125
0 0.415625 0.5890625 0.0671875 0.06875
0 0.77421875 0.7859375 0.0703125 0.071875
0 0.790625 0.96640625 0.06875 0.0671875
0 0.1421875 0.45625 0.065625 0.0671875
0 0.640625 0.65859375 0.0703125 0.0734375
0 0.9515625 0.9234375 0.0453125 0.06875
0 0.1625 0.746875 0.06875 0.06875
0 0.9625 0.80546875 0.0390625 0.065625
0 0.07734375 0.45703125 0.0671875 0.06875
0 0.2765625 0.6890625 0.0671875 0.065625
0 0.5171875 0.52890625 0.06875 0.06875
0 0.196875 0.8046875 0.0671875 0.0703125
0 0.22265625 0.3453125 0.0671875 0.065625
0 0.4203125 0.46953125 0.0703125 0.0703125
0 0.2265625 0.8640625 0.06875 0.071875
0 0.9671875 0.684375 0.046875 0.06875
0 0.4421875 0.290625 0.06875 0.0640625
0 0.62265625 0.46796875 0.0671875 0.0703125
0 0.3609375 0.8875 0.06875 0.06875
0 0.12109375 0.3953125 0.06875 0.0703125
0 0.31953125 0.4171875 0.0640625 0.0640625
0 0.1578125 0.26484375 0.0703125 0.0671875
0 0.5890625 0.9546875 0.0734375 0.06875
0 0.8109375 0.61484375 0.065625 0.071875
0 0.7640625 0.90625 0.06875 0.06875
0 0.21640625 0.4671875 0.06875 0.06875
0 0.29453125 0.28828125 0.06875 0.0671875
0 0.85703125 0.97109375 0.0703125 0.0578125
0 0.028125 0.26875 0.03125 0.065625
0 0.9875 0.41640625 0.025 0.0640625
0 0.85078125 0.4890625 0.06875 0.06875
0 0.3328125 0.828125 0.0671875 0.0703125
0 0.88359375 0.7421875 0.06875 0.06875
0 0.43046875 0.7734375 0.0671875 0.06875
0 0.0171875 0.74140625 0.034375 0.0640625
0 0.5671875 0.89375 0.071875 0.06875
0 0.634375 0.89609375 0.065625 0.0703125
0 0.74375 0.6109375 0.06875 0.0671875
0 0.2921875 0.8828125 0.06875 0.06875
0 0.3828125 0.41796875 0.06875 0.0671875
0 0.296875 0.35390625 0.0703125 0.0671875
0 0.209375 0.57578125 0.0703125 0.065625
0 0.021875 0.45078125 0.04375 0.065625
0 0.5 0.775 0.06875 0.06875
0 0.0125 0.8046875 0.025 0.0625
0 0.0390625 0.33203125 0.0609375 0.0640625
0 0.96875 0.3578125 0.0625 0.071875
0 0.134375 0.6890625 0.0703125 0.0703125
0 0.03203125 0.85859375 0.0640625 0.0671875
0 0.03828125 0.69296875 0.0671875 0.0671875
1 0.053125 0.19921875 0.071875 0.0734375
1 0.140625 0.2046875 0.078125 0.065625
1 0.21875 0.2078125 0.084375 0.0640625
1 0.31796875 0.2203125 0.1125 0.071875
1 0.4078125 0.22578125 0.0703125 0.0671875
1 0.08671875 0.25546875 0.0671875 0.06875
1 0.225 0.2765625 0.065625 0.071875
1 0.38046875 0.2890625 0.0703125 0.0625
1 0.09453125 0.31328125 0.0609375 0.0625
1 0.15234375 0.33203125 0.075 0.075
1 0.36953125 0.35234375 0.071875 0.0625
1 0.2515625 0.4109375 0.0703125 0.0609375
1 0.034375 0.5109375 0.06875 0.053125
1 0.1125 0.5203125 0.05625 0.0609375
1 0.16953125 0.51796875 0.071875 0.0515625
1 0.01484375 0.57109375 0.0296875 0.0609375
1 0.05703125 0.5734375 0.06875 0.065625
1 0.12421875 0.57890625 0.0703125 0.0578125
1 0.02890625 0.628125 0.0578125 0.059375
1 0.0890625 0.6328125 0.06875 0.0640625
1 0.16875 0.625 0.071875 0.0625
1 0.0046875 0.6796875 0.009375 0.06875
1 0.34453125 0.70390625 0.0734375 0.0703125
1 0.40546875 0.70625 0.0609375 0.0625
1 0.0984375 0.74453125 0.065625 0.0640625
1 0.24140625 0.7453125 0.0625 0.0609375
1 0.3015625 0.75546875 0.06875 0.0703125
1 0.36484375 0.76171875 0.06875 0.0671875
1 0.06484375 0.79921875 0.0671875 0.059375
1 0.26796875 0.81015625 0.06875 0.071875
1 0.01484375 0.91796875 0.0296875 0.0703125
1 0.134375 0.91953125 0.071875 0.0671875
1 0.203125 0.92890625 0.06875 0.0703125
1 0.2625 0.9421875 0.0703125 0.0671875
1 0.3203125 0.946875 0.0765625 0.06875
1 0.09296875 0.95703125 0.065625 0.0359375
1 0.45703125 0.95078125 0.065625 0.065625
1 0.50390625 0.8921875 0.0671875 0.0796875
1 0.52109375 0.95234375 0.0703125 0.0609375
1 0.4390625 0.35703125 0.075 0.071875
1 0.515625 0.33828125 0.0890625 0.071875
1 0.65390625 0.34140625 0.0734375 0.0828125
1 0.45859375 0.40546875 0.065625 0.065625
1 0.52109375 0.39921875 0.0703125 0.071875
1 0.74453125 0.42734375 0.0640625 0.071875
1 0.78671875 0.4796875 0.0609375 0.08125
1 0.88515625 0.41796875 0.1 0.0890625
1 0.94765625 0.46328125 0.0546875 0.0703125
1 0.48515625 0.46328125 0.0765625 0.0671875
1 0.58515625 0.5359375 0.0671875 0.0671875
1 0.65 0.534375 0.0640625 0.0609375
1 0.71875 0.53984375 0.053125 0.0765625
1 0.78125 0.55078125 0.071875 0.0578125
1 0.85390625 0.55546875 0.065625 0.075
1 0.91796875 0.53828125 0.06875 0.0734375
1 0.55078125 0.59375 0.0703125 0.0625
1 0.621875 0.5921875 0.0609375 0.0671875
1 0.684375 0.590625 0.053125 0.0671875
1 0.878125 0.61328125 0.071875 0.075
1 0.946875 0.603125 0.0734375 0.0796875
1 0.5078125 0.65234375 0.0671875 0.0703125
1 0.47890625 0.71171875 0.0765625 0.0640625
1 0.5421875 0.71640625 0.059375 0.0703125
1 0.56484375 0.7734375 0.0765625 0.059375
1 0.64140625 0.78203125 0.075 0.0625
1 0.70859375 0.78828125 0.0609375 0.0640625
1 0.84609375 0.68046875 0.065625 0.0609375
1 0.9140625 0.6734375 0.0546875 0.0703125
1 0.809375 0.7296875 0.0640625 0.0703125
1 0.53828125 0.8296875 0.0734375 0.0640625
1 0.6046875 0.8375 0.0828125 0.0703125
1 0.6734375 0.8390625 0.0796875 0.071875
1 0.74140625 0.84765625 0.06875 0.0734375
1 0.80390625 0.8546875 0.0609375 0.0625
1 0.8328125 0.91484375 0.0796875 0.0703125
1 0.9 0.921875 0.0671875 0.06875
1 0.65390625 0.95859375 0.0734375 0.0578125
1 0.9234375 0.97578125 0.065625 0.0484375