0 0.04375 0.31171875 0.034375 0.053125
0 0.07578125 0.31875 0.0515625 0.0546875
0 0.11875 0.334375 0.053125 0.053125
0 0.16328125 0.34296875 0.053125 0.05625
0 0.2046875 0.35546875 0.053125 0.05625
0 0.2484375 0.34453125 0.0515625 0.0546875
0 0.2921875 0.37578125 0.053125 0.05625
0 0.33515625 0.38203125 0.0546875 0.05625
0 0.38125 0.3890625 0.0515625 0.053125
0 0.4234375 0.403125 0.053125 0.0546875
0 0.4703125 0.39140625 0.053125 0.0546875
0 0.51328125 0.41171875 0.053125 0.0546875
0 0.55546875 0.42421875 0.053125 0.053125
0 0.5984375 0.4375 0.0515625 0.0546875
0 0.64140625 0.44375 0.053125 0.053125
0 0.69609375 0.4296875 0.05625 0.0578125
0 0.73203125 0.4578125 0.0515625 0.053125
0 0.77421875 0.46484375 0.0546875 0.05625
0 0.82109375 0.47109375 0.053125 0.05625
0 0.86171875 0.49453125 0.0546875 0.05625
0 0.91328125 0.4828125 0.0546875 0.05625
0 0.95 0.5125 0.0515625 0.0546875
0 0.9828125 0.52265625 0.034375 0.0515625
0 0.04453125 0.35703125 0.053125 0.053125
0 0.0890625 0.36484375 0.0515625 0.053125
0 0.13359375 0.37578125 0.05 0.05
0 0.175 0.38671875 0.0515625 0.0515625
0 0.2171875 0.4015625 0.0515625 0.0515625
0 0.26171875 0.40703125 0.0515625 0.0515625
0 0.3046875 0.41796875 0.0515625 0.0515625
0 0.3515625 0.425 0.0515625 0.0515625
0 0.39375 0.43515625 0.0515625 0.0515625
0 0.4359375 0.4421875 0.05 0.053125
0 0.48125 0.45234375 0.0515625 0.0515625
0 0.52578125 0.4546875 0.053125 0.053125
0 0.5671875 0.471875 0.0515625 0.0515625
0 0.609375 0.48203125 0.0515625 0.053125
0 0.653125 0.490625 0.05 0.05
0 0.69609375 0.49453125 0.0515625 0.0515625
0 0.74140625 0.5015625 0.0515625 0.053125
0 0.790625 0.50390625 0.0515625 0.05
0 0.83046875 0.53046875 0.05 0.05
0 0.871875 0.54140625 0.0515625 0.0515625
0 0.92109375 0.54453125 0.0484375 0.0484375
0 0.96640625 0.5515625 0.05 0.05
0 0.0234375 0.38984375 0.03125 0.0453125
0 0.05859375 0.39765625 0.05 0.0515625
0 0.1046875 0.4078125 0.0484375 0.05
0 0.1453125 0.41796875 0.0515625 0.0515625
0 0.18828125 0.42578125 0.0515625 0.053125
0 0.23203125 0.4359375 0.05 0.05
0 0.27578125 0.446875 0.0484375 0.05
0 0.31796875 0.4546875 0.05 0.05
0 0.36484375 0.46875 0.05 0.05
0 0.40625 0.478125 0.05 0.0515625
0 0.45 0.49375 0.046875 0.0484375
0 0.49453125 0.4921875 0.0515625 0.0515625
0 0.5390625 0.5015625 0.05 0.05
0 0.58046875 0.51328125 0.053125 0.05
0 0.62421875 0.51953125 0.05 0.05
0 0.66875 0.5234375 0.05 0.05
0 0.72890625 0.5734375 0.0484375 0.05
0 0.7609375 0.53359375 0.046875 0.0484375
0 0.7125 0.53203125 0.046875 0.05
0 0.80234375 0.56015625 0.0484375 0.05
0 0.84453125 0.57109375 0.0484375 0.05
0 0.77421875 0.5890625 0.05 0.05
0 0.8890625 0.58046875 0.0515625 0.053125
0 0.93203125 0.5875 0.0484375 0.0484375
0 0.97421875 0.59453125 0.04375 0.0484375
0 0.028125 0.4359375 0.0484375 0.05
0 0.071875 0.43359375 0.053125 0.0515625
0 0.115625 0.4453125 0.05 0.05
0 0.15703125 0.45703125 0.05 0.0515625
0 0.20234375 0.4671875 0.0515625 0.05
0 0.246875 0.47734375 0.05 0.05
0 0.28984375 0.48515625 0.0515625 0.0546875
0 0.3328125 0.4953125 0.05 0.05
0 0.3765625 0.5046875 0.05 0.05
0 0.42421875 0.5140625 0.05 0.0515625
0 0.465625 0.5234375 0.0484375 0.0515625
0 0.51015625 0.5328125 0.05 0.05
0 0.55390625 0.5453125 0.05 0.0515625
0 0.59765625 0.5515625 0.0515625 0.0515625
0 0.63984375 0.5640625 0.0515625 0.0515625
0 0.68515625 0.56640625 0.053125 0.0515625
0 0.81484375 0.6015625 0.05 0.0515625
0 0.86015625 0.61015625 0.0515625 0.0515625
0 0.9015625 0.62109375 0.05 0.0515625
0 0.94609375 0.6296875 0.0515625 0.05
0 0.01171875 0.46484375 0.0234375 0.0453125
0 0.0421875 0.47109375 0.0515625 0.053125
0 0.08671875 0.4796875 0.0515625 0.0515625
0 0.128125 0.49609375 0.05 0.0515625
0 0.17109375 0.5 0.0515625 0.0515625
0 0.21484375 0.51171875 0.05 0.0515625
0 0.2578125 0.5203125 0.05 0.0515625
0 0.3015625 0.5296875 0.05 0.0515625
0 0.34609375 0.5390625 0.05 0.0515625
0 0.390625 0.54921875 0.053125 0.053125
0 0.43515625 0.5609375 0.05 0.05
0 0.48046875 0.56640625 0.05 0.0515625
0 0.5234375 0.578125 0.0484375 0.0515625
0 0.56875 0.58046875 0.0546875 0.0546875
0 0.61328125 0.59296875 0.0515625 0.05
0 0.6546875 0.60234375 0.05 0.0515625
0 0.69921875 0.61015625 0.0515625 0.053125
0 0.74140625 0.6265625 0.05 0.0515625
0 0.784375 0.63203125 0.0515625 0.053125
0 0.82890625 0.6453125 0.05 0.05
0 0.87265625 0.65234375 0.0515625 0.05
0 0.91484375 0.6625 0.0515625 0.0515625
0 0.95703125 0.66953125 0.040625 0.05
0 0.01875 0.50546875 0.0375 0.0546875
0 0.05546875 0.5140625 0.05 0.0515625
0 0.09921875 0.52421875 0.0515625 0.053125
0 0.14140625 0.53515625 0.05 0.05
0 0.184375 0.54609375 0.0515625 0.05
0 0.22890625 0.55390625 0.0515625 0.053125
0 0.2703125 0.56796875 0.053125 0.053125
0 0.19765625 0.5890625 0.0484375 0.05
0 0.02421875 0.546875 0.0484375 0.05
0 0.06953125 0.5578125 0.0515625 0.0515625
0 0.1125 0.56484375 0.053125 0.0515625
0 0.1546875 0.575 0.0515625 0.0515625
0 0.31484375 0.57890625 0.0484375 0.05
0 0.3609375 0.5796875 0.0515625 0.0515625
0 0.40390625 0.5953125 0.05 0.0484375
0 0.23984375 0.59453125 0.0515625 0.05
0 0.28359375 0.60390625 0.0515625 0.0515625
0 0.33046875 0.61328125 0.05 0.0515625
0 0.446875 0.5953125 0.053125 0.053125
0 0.3734375 0.62109375 0.0515625 0.053125
0 0.4890625 0.603125 0.05 0.0515625
0 0.53359375 0.62421875 0.05 0.05
0 0.41640625 0.6328125 0.05 0.05
0 0.575 0.63359375 0.05 0.0515625
0 0.4609375 0.63984375 0.0515625 0.05
0 0.62265625 0.63359375 0.0515625 0.0515625
0 0.503125 0.65234375 0.05 0.0515625
0 0.665625 0.64375 0.053125 0.053125
0 0.54765625 0.66015625 0.0515625 0.053125
0 0.71171875 0.653125 0.05 0.05
0 0.59296875 0.66640625 0.0515625 0.0515625
0 0.753125 0.6703125 0.0484375 0.0515625
0 0.63828125 0.6796875 0.05 0.05
0 0.84375 0.684375 0.0546875 0.0546875
0 0.79765625 0.67734375 0.05 0.05
0 0.93125 0.7046875 0.0515625 0.053125
0 0.8875 0.6921875 0.0515625 0.05
1 0.690625 0.728125 0.053125 0.05
0 0.6796875 0.690625 0.0515625 0.05
0 0.76796875 0.7078125 0.05 0.05
0 0.725 0.696875 0.05 0.0515625
0 0.81171875 0.715625 0.05 0.05
0 0.85546875 0.73046875 0.0515625 0.0515625
0 0.90078125 0.73671875 0.0484375 0.0484375
0 0.93984375 0.73984375 0.0390625 0.05
0 0.009375 0.58125 0.01875 0.05
0 0.0359375 0.5953125 0.0515625 0.053125
0 0.0796875 0.60234375 0.0515625 0.0515625
0 0.1234375 0.61328125 0.05 0.0515625
0 0.16796875 0.61875 0.05 0.05
0 0.2125 0.6296875 0.05 0.05
0 0.25546875 0.6375 0.05 0.053125
0 0.3 0.64296875 0.0515625 0.053125
0 0.34296875 0.65625 0.0515625 0.0515625
0 0.38671875 0.6640625 0.0515625 0.0515625
0 0.43046875 0.675 0.0515625 0.053125
0 0.475 0.68203125 0.0515625 0.0515625
0 0.51953125 0.69140625 0.05 0.0515625
0 0.56328125 0.7015625 0.053125 0.053125
0 0.60703125 0.7078125 0.05 0.05
0 0.65234375 0.71640625 0.0515625 0.053125
0 0.740625 0.7453125 0.0484375 0.046875
0 0.7859375 0.746875 0.05 0.0484375
0 0.828125 0.76015625 0.0484375 0.05
0 0.87109375 0.76953125 0.0484375 0.05
0 0.9171875 0.77890625 0.053125 0.0515625
0 0.0140625 0.62578125 0.028125 0.0484375
0 0.04921875 0.63203125 0.0515625 0.05
0 0.09296875 0.64765625 0.05 0.0484375
0 0.13828125 0.65234375 0.0515625 0.05
0 0.1828125 0.665625 0.05 0.0515625
0 0.225 0.675 0.05 0.0515625
0 0.2703125 0.684375 0.0484375 0.05
0 0.3140625 0.68984375 0.0484375 0.05
0 0.35703125 0.69765625 0.05 0.05
0 0.4453125 0.7171875 0.0484375 0.0484375
0 0.39921875 0.709375 0.0484375 0.0484375
0 0.48828125 0.725 0.05 0.05
0 0.5328125 0.7328125 0.05 0.05
0 0.57578125 0.74765625 0.05 0.05
0 0.62109375 0.753125 0.05 0.05
0 0.66640625 0.76328125 0.046875 0.046875
0 0.71171875 0.77109375 0.05 0.05
0 0.753125 0.78359375 0.0484375 0.0484375
0 0.88515625 0.81171875 0.0515625 0.0515625
0 0.8421875 0.80390625 0.0484375 0.05
0 0.79453125 0.803125 0.05 0.05
0 0.92109375 0.821875 0.0359375 0.046875
0 0.021875 0.66640625 0.04375 0.0484375
0 0.06484375 0.6765625 0.05 0.0484375
0 0.1078125 0.68359375 0.0484375 0.05
0 0.15078125 0.696875 0.046875 0.0484375
0 0.19453125 0.70390625 0.053125 0.0515625
0 0.2390625 0.71484375 0.0484375 0.0484375
0 0.2828125 0.7234375 0.0484375 0.046875
0 0.3265625 0.7296875 0.0484375 0.0484375
0 0.36953125 0.73984375 0.05 0.05
0 0.41484375 0.7484375 0.05 0.05
0 0.45859375 0.759375 0.05 0.05
0 0.503125 0.76875 0.05 0.05
0 0.58984375 0.7859375 0.05 0.05
0 0.546875 0.778125 0.05 0.0484375
0 0.63359375 0.79609375 0.05 0.05
0 0.67890625 0.80390625 0.0484375 0.05
0 0.725 0.8125 0.0484375 0.05
0 0.77109375 0.82421875 0.05 0.05
0 0.81171875 0.8375 0.0484375 0.0484375
0 0.8546875 0.84609375 0.05 0.05
0 0.89765625 0.8546875 0.046875 0.0484375
0 0.00546875 0.69375 0.0109375 0.05
0 0.03515625 0.71171875 0.0484375 0.0484375
0 0.078125 0.72109375 0.05 0.05
0 0.16328125 0.73515625 0.0515625 0.0515625
0 0.121875 0.728125 0.0515625 0.0515625
0 0.209375 0.74453125 0.05 0.05
0 0.25234375 0.75703125 0.05 0.0515625
0 0.2984375 0.76484375 0.05 0.05
0 0.3421875 0.771875 0.05 0.0515625
0 0.3859375 0.7796875 0.0515625 0.0515625
0 0.43203125 0.7890625 0.0515625 0.05
0 0.47421875 0.8 0.0484375 0.0484375
0 0.51796875 0.8109375 0.05 0.046875
0 0.5625 0.8171875 0.046875 0.0484375
0 0.60390625 0.83046875 0.0484375 0.0484375
0 0.64765625 0.83671875 0.0484375 0.05
0 0.69453125 0.8453125 0.05 0.05
0 0.7390625 0.8546875 0.0484375 0.046875
0 0.7828125 0.8703125 0.05 0.0515625
0 0.8234375 0.884375 0.0484375 0.0484375
0 0.8703125 0.88515625 0.05 0.0515625
0 0.9046875 0.89375 0.0328125 0.046875
0 0.0140625 0.73515625 0.028125 0.0515625
0 0.04921875 0.75 0.0453125 0.0484375
0 0.09140625 0.7578125 0.05 0.0515625
0 0.13515625 0.76953125 0.05 0.05
0 0.17890625 0.7765625 0.0484375 0.0484375
0 0.22265625 0.78515625 0.05 0.05
0 0.26796875 0.79375 0.05 0.05
0 0.3109375 0.80546875 0.0484375 0.05
0 0.35625 0.8140625 0.05 0.0515625
0 0.40078125 0.82265625 0.0484375 0.0484375
0 0.446875 0.828125 0.05 0.0484375
0 0.4890625 0.84140625 0.0515625 0.0515625
0 0.53203125 0.8515625 0.05 0.05
0 0.575 0.86328125 0.05 0.05
0 0.61953125 0.8765625 0.05 0.05
0 0.6625 0.8828125 0.053125 0.053125
0 0.70859375 0.8859375 0.05 0.0515625
0 0.7515625 0.8984375 0.05 0.05
0 0.79609375 0.909375 0.05 0.05
0 0.8390625 0.91875 0.05 0.0515625
0 0.884375 0.92890625 0.0484375 0.0484375
0 0.02109375 0.7796875 0.0421875 0.05
0 0.06171875 0.79140625 0.0484375 0.0484375
0 0.10546875 0.7984375 0.0484375 0.05
0 0.14921875 0.8078125 0.0484375 0.0484375
0 0.19296875 0.81875 0.053125 0.0515625
0 0.2375 0.8265625 0.0484375 0.0484375
0 0.28046875 0.83671875 0.05 0.0515625
0 0.3265625 0.84609375 0.046875 0.05
0 0.36875 0.85546875 0.05 0.05
0 0.41328125 0.86171875 0.05 0.05
0 0.45859375 0.8703125 0.0484375 0.05
0 0.5015625 0.8828125 0.0484375 0.0484375
0 0.54375 0.89375 0.05 0.053125
0 0.58828125 0.91015625 0.0484375 0.046875
0 0.63515625 0.91484375 0.05 0.05
0 0.67734375 0.92734375 0.0515625 0.05
0 0.721875 0.9375 0.05 0.05
0 0.765625 0.94375 0.05 0.05
0 0.81171875 0.95234375 0.05 0.0515625
0 0.853125 0.9640625 0.05 0.05
0 0.88984375 0.96484375 0.028125 0.046875
0 0.00625 0.809375 0.0125 0.05
0 0.03125 0.83046875 0.046875 0.0484375
0 0.07421875 0.834375 0.05 0.05
0 0.11953125 0.83984375 0.05 0.05
0 0.1625 0.85390625 0.05 0.05
0 0.2078125 0.859375 0.0515625 0.0515625
0 0.25 0.871875 0.0484375 0.0515625
0 0.29453125 0.8828125 0.0484375 0.05
0 0.34140625 0.88671875 0.0484375 0.05
0 0.3828125 0.89921875 0.05 0.05
0 0.42578125 0.909375 0.05 0.05
0 0.47109375 0.91484375 0.05 0.0515625
0 0.51328125 0.92421875 0.05 0.05
0 0.559375 0.9390625 0.0515625 0.0515625
0 0.6046875 0.94921875 0.0515625 0.0515625
0 0.64765625 0.959375 0.0515625 0.0515625
0 0.69296875 0.965625 0.0515625 0.0515625
0 0.73515625 0.9734375 0.0515625 0.053125
0 0.7796875 0.97890625 0.05 0.0421875
0 0.8265625 0.98515625 0.05 0.0296875
0 0.8671875 0.98984375 0.05 0.0203125
0 0.0125 0.85390625 0.025 0.0484375
0 0.04453125 0.865625 0.05 0.05
0 0.0875 0.8734375 0.0515625 0.0515625
0 0.13203125 0.88515625 0.0515625 0.05
0 0.17578125 0.8890625 0.05 0.05
0 0.2203125 0.90390625 0.05 0.0515625
0 0.26484375 0.91328125 0.0515625 0.0515625
0 0.309375 0.9203125 0.05 0.0515625
0 0.35234375 0.9296875 0.0484375 0.05
0 0.3953125 0.9375 0.0484375 0.0484375
0 0.44296875 0.94609375 0.05 0.0515625
0 0.48515625 0.96171875 0.0484375 0.05
0 0.52890625 0.9703125 0.0515625 0.0515625
0 0.5734375 0.978125 0.05 0.04375
0 0.6171875 0.98203125 0.05 0.0359375
0 0.66171875 0.98671875 0.0515625 0.0265625
0 0.70703125 0.990625 0.0515625 0.01875
0 0.06015625 0.8953125 0.04375 0.0296875
0 0.10390625 0.90625 0.0453125 0.0296875
0 0.14921875 0.91640625 0.046875 0.03125
0 0.19375 0.92578125 0.04375 0.034375
0 0.2375 0.93671875 0.04375 0.034375
0 0.28125 0.94609375 0.046875 0.0375
0 0.3234375 0.95546875 0.0484375 0.040625
0 0.3671875 0.96953125 0.04375 0.034375
0 0.4109375 0.9796875 0.04375 0.0359375
0 0.4546875 0.98359375 0.046875 0.0328125
0 0.49921875 0.9890625 0.0484375 0.021875
0 0.54296875 0.99296875 0.0484375 0.0140625