0 0.84375 0.56875 0.065625 0.065625
0 0.9484375 0.92109375 0.0515625 0.06875
0 0.87734375 0.51328125 0.065625 0.06875
0 0.81328125 0.5078125 0.065625 0.0671875
0 0.6609375 0.83984375 0.0703125 0.0671875
0 0.96484375 0.68046875 0.0515625 0.0671875
0 0.8109375 0.62109375 0.0625 0.0625
0 0.7828125 0.56171875 0.065625 0.0671875
0 0.0546875 0.36875 0.0671875 0.0671875
0 0.73359375 0.7234375 0.0703125 0.0703125
0 0.1171875 0.38046875 0.065625 0.0671875
0 0.9140625 0.56171875 0.0703125 0.0703125
0 0.62578125 0.89921875 0.0671875 0.06875
0 0.578125 0.43359375 0.0703125 0.0671875
0 0.590625 0.953125 0.0734375 0.06875
0 0.88046875 0.62109375 0.06875 0.06875
0 0.92734375 0.8640625 0.0703125 0.06875
0 0.84296875 0.67578125 0.0671875 0.0671875
0 0.384375 0.40234375 0.0671875 0.0671875
0 0.909375 0.68046875 0.06875 0.0671875
0 0.97265625 0.565625 0.053125 0.06875
0 0.6890625 0.89765625 0.06875 0.06875
0 0.7734375 0.671875 0.0671875 0.065625
0 0.71875 0.44140625 0.0671875 0.0703125
0 0.91640625 0.97421875 0.0703125 0.0515625
0 0.9453125 0.62578125 0.0671875 0.06875
0 0.453125 0.95234375 0.071875 0.0640625
0 0.19453125 0.2 0.06875 0.0703125
0 0.14453125 0.446875 0.06875 0.0671875
0 0.671875 0.49296875 0.065625 0.0671875
0 0.35625 0.21640625 0.075 0.06875
0 0.6921875 0.78359375 0.06875 0.06875
0 0.60703125 0.49453125 0.0671875 0.06875
0 0.80703125 0.72578125 0.0671875 0.065625
0 0.50234375 0.2359375 0.06875 0.071875
0 0.0953125 0.31953125 0.065625 0.0671875
0 0.44921875 0.41171875 0.071875 0.0703125
0 0.7265625 0.84140625 0.0671875 0.0703125
0 0.2078125 0.45625 0.06875 0.0703125
0 0.18125 0.39140625 0.06875 0.0671875
0 0.75234375 0.38203125 0.0671875 0.065625
0 0.95078125 0.50625 0.0703125 0.0703125
0 0.75625 0.90078125 0.06875 0.071875
0 0.96875 0.32734375 0.0625 0.0640625
0 0.890625 0.92421875 0.06875 0.06875
0 0.6515625 0.43203125 0.06875 0.0703125
0 0.84921875 0.45390625 0.0640625 0.0640625
0 0.6875 0.3015625 0.0703125 0.0671875
0 0.74609375 0.50390625 0.06875 0.06875
0 0.825 0.325 0.06875 0.0671875
0 0.5390625 0.3046875 0.0703125 0.06875
0 0.18515625 0.940625 0.071875 0.071875
0 0.86328125 0.865625 0.0671875 0.0703125
0 0.07890625 0.43203125 0.0703125 0.06875
0 0.9546875 0.81015625 0.0546875 0.0671875
0 0.5296875 0.77890625 0.06875 0.065625
0 0.0390625 0.30546875 0.05625 0.0609375
0 0.51640625 0.42578125 0.0671875 0.0671875
0 0.11875 0.934375 0.0703125 0.06875
0 0.02421875 0.41875 0.04375 0.0640625
0 0.82265625 0.91953125 0.06875 0.06875
0 0.36171875 0.34453125 0.0703125 0.0671875
0 0.9125 0.45546875 0.06875 0.0671875
0 0.82734375 0.39140625 0.0703125 0.0671875
0 0.73984375 0.61328125 0.0703125 0.065625
0 0.07578125 0.2578125 0.0578125 0.0609375
0 0.1703125 0.5078125 0.0703125 0.06875
0 0.34140625 0.4625 0.0671875 0.0703125
0 0.53984375 0.4875 0.0671875 0.0671875
0 0.1390625 0.24609375 0.0703125 0.0671875
0 0.42734375 0.3484375 0.0671875 0.065625
0 0.24140625 0.15078125 0.071875 0.065625
0 0.3875 0.9484375 0.0703125 0.06875
0 0.4921875 0.896875 0.06875 0.065625
0 0.52109375 0.84140625 0.06875 0.0640625
0 0.4265625 0.89296875 0.06875 0.0734375
0 0.56484375 0.36875 0.06875 0.065625
0 0.25078125 0.9390625 0.06875 0.06875
0 0.1234375 0.18359375 0.071875 0.0703125
0 0.15703125 0.3265625 0.06875 0.06875
0 0.6640625 0.72578125 0.0703125 0.0703125
0 0.3859375 0.76484375 0.0703125 0.0671875
0 0.43359375 0.22578125 0.071875 0.0734375
0 0.04609375 0.0921875 0.0421875 0.0625
0 0.56015625 0.89609375 0.0671875 0.0671875
0 0.26015625 0.2484375 0.06875 0.0671875
0 0.21875 0.8828125 0.071875 0.0703125
0 0.14921875 0.69765625 0.0703125 0.0703125
0 0.3484375 0.71171875 0.0625 0.06875
0 0.034375 0.4828125 0.0640625 0.0640625
0 0.03125 0.24765625 0.034375 0.0609375
0 0.12890625 0.6328125 0.0671875 0.065625
0 0.13359375 0.81640625 0.0703125 0.071875
0 0.075 0.67734375 0.071875 0.0671875
0 0.46875 0.65078125 0.0703125 0.06875
0 0.1765625 0.7625 0.0703125 0.0671875
0 0.19765625 0.8234375 0.065625 0.0703125
0 0.46640625 0.7625 0.065625 0.0640625
0 0.56875 0.73046875 0.0671875 0.0671875
0 0.24609375 0.39453125 0.0703125 0.0703125
0 0.27421875 0.45703125 0.0703125 0.06875
0 0.3171875 0.94375 0.0703125 0.06875
0 0.4875 0.54453125 0.0765625 0.0703125
0 0.29140625 0.70625 0.0734375 0.0703125
0 0.05078125 0.61328125 0.08125 0.071875
0 0.18515625 0.571875 0.0703125 0.0671875
0 0.190625 0.640625 0.0765625 0.075
0 0.065625 0.203125 0.071875 0.0703125
1 0.0796875 0.13203125 0.0640625 0.0734375
1 0.1984375 0.11796875 0.075 0.075
1 0.30234375 0.18515625 0.0703125 0.0734375
1 0.421875 0.15859375 0.0703125 0.08125
1 0.20078125 0.27265625 0.06875 0.0609375
1 0.32890625 0.28046875 0.0703125 0.06875
1 0.21953125 0.33046875 0.06875 0.06875
1 0.28984375 0.334375 0.0703125 0.0625
1 0.578125 0.2359375 0.0828125 0.0734375
1 0.67109375 0.24140625 0.078125 0.065625
1 0.74921875 0.24453125 0.084375 0.0640625
1 0.8484375 0.25703125 0.1125 0.071875
1 0.93828125 0.2625 0.0703125 0.0671875
1 0.39765625 0.28203125 0.0703125 0.071875
1 0.465625 0.29609375 0.0640625 0.065625
1 0.61640625 0.29296875 0.0671875 0.06875
1 0.7546875 0.31328125 0.065625 0.071875
1 0.9109375 0.32578125 0.0703125 0.0625
1 0.49765625 0.36171875 0.05625 0.06875
1 0.625 0.35078125 0.0609375 0.0625
1 0.68203125 0.36953125 0.075 0.075
1 0.89921875 0.3890625 0.071875 0.0625
1 0.31640625 0.3953125 0.071875 0.0625
1 0.78203125 0.44765625 0.0703125 0.0609375
1 0.409375 0.4703125 0.0640625 0.0640625
1 0.47421875 0.4796875 0.0640625 0.0609375
1 0.096875 0.49765625 0.0671875 0.059375
1 0.240625 0.51875 0.06875 0.0625
1 0.3046875 0.52421875 0.065625 0.0671875
1 0.3640625 0.528125 0.059375 0.071875
1 0.42109375 0.53203125 0.0625 0.0609375
1 0.5640625 0.54921875 0.071875 0.053125
1 0.6421875 0.5578125 0.05625 0.0609375
1 0.7 0.5546875 0.071875 0.0515625
1 0.0171875 0.54140625 0.034375 0.0640625
1 0.0703125 0.55 0.084375 0.059375
1 0.12890625 0.56640625 0.046875 0.059375
1 0.25625 0.58359375 0.06875 0.0625
1 0.32109375 0.5875 0.06875 0.0640625
1 0.3859375 0.58984375 0.0671875 0.065625
1 0.44375 0.59375 0.0609375 0.0578125
1 0.52890625 0.60703125 0.0640625 0.0640625
1 0.58671875 0.61015625 0.06875 0.065625
1 0.65390625 0.615625 0.0703125 0.0578125
1 0.26953125 0.640625 0.06875 0.0546875
1 0.33125 0.646875 0.065625 0.0625
1 0.3984375 0.65234375 0.0765625 0.0671875
1 0.553125 0.665625 0.0703125 0.059375
1 0.61875 0.66953125 0.06875 0.0640625
1 0.6984375 0.66171875 0.071875 0.0625
1 0.0203125 0.66640625 0.040625 0.0609375
1 0.225 0.70390625 0.071875 0.06875
1 0.43046875 0.70546875 0.08125 0.05625
1 0.5109375 0.71640625 0.059375 0.0703125
1 0.875 0.740625 0.0734375 0.0703125
1 0.9359375 0.74375 0.0609375 0.0625
1 0.0359375 0.73046875 0.071875 0.0703125
1 0.1078125 0.746875 0.06875 0.0703125
1 0.2484375 0.76328125 0.075 0.053125
1 0.31796875 0.76796875 0.0703125 0.0609375
1 0.628125 0.78125 0.065625 0.0640625
1 0.771875 0.78203125 0.0625 0.0609375
1 0.83125 0.7921875 0.06875 0.0703125
1 0.8953125 0.7984375 0.06875 0.0671875
1 0.06796875 0.8046875 0.0671875 0.0703125
1 0.26875 0.82265625 0.078125 0.059375
1 0.33828125 0.83046875 0.059375 0.065625
1 0.40234375 0.828125 0.0734375 0.0609375
1 0.465625 0.8234375 0.0609375 0.059375
1 0.59453125 0.83671875 0.0671875 0.059375
1 0.79765625 0.84765625 0.06875 0.071875
1 0.09296875 0.871875 0.065625 0.065625
1 0.15390625 0.87421875 0.065625 0.0625
1 0.29375 0.87734375 0.065625 0.0515625
1 0.525 0.95546875 0.06875 0.071875
1 0.66484375 0.95625 0.071875 0.0671875
1 0.7328125 0.96484375 0.06875 0.0703125
1 0.79140625 0.97265625 0.0703125 0.0546875
1 0.84921875 0.975 0.0765625 0.05
1 0.621875 0.98828125 0.065625 0.0234375
1 0.965625 0.39375 0.06875 0.071875
1 0.978125 0.44140625 0.04375 0.0640625