1 0.83671875 0.81875 0.2203125 0.19375
1 0.06484375 0.703125 0.1296875 0.196875
1 0.73125 0.915625 0.225 0.16875
1 0.321875 0.7546875 0.234375 0.1921875
1 0.67578125 0.7859375 0.2328125 0.1921875
1 0.41796875 0.896875 0.2546875 0.20625
1 0.0796875 0.8484375 0.159375 0.15
1 0.115625 0.58046875 0.228125 0.1921875
1 0.62890625 0.625 0.2515625 0.2109375
1 0.23125 0.88046875 0.228125 0.1765625
1 0.28125 0.60078125 0.23125 0.209375
1 0.9109375 0.69296875 0.1421875 0.16875
1 0.43359375 0.61015625 0.2265625 0.1890625
1 0.49453125 0.7640625 0.2140625 0.2125
1 0.84921875 0.94140625 0.1296875 0.1171875
1 0.1578125 0.73203125 0.2 0.1984375
1 0.57890625 0.91015625 0.1921875 0.1796875
1 0.809375 0.66015625 0.2203125 0.2046875
1 0.0265625 0.56328125 0.053125 0.1578125