0 0.89140625 0.9890625 0.0453125 0.021875
0 0.9375 0.9875 0.046875 0.025
0 0.9796875 0.984375 0.040625 0.03125
0 0.43046875 0.978125 0.053125 0.04375
0 0.4765625 0.9671875 0.046875 0.046875
0 0.52734375 0.97421875 0.05078125 0.0453125
0 0.5796875 0.978125 0.0484375 0.04375
0 0.625 0.97109375 0.0484375 0.0453125
0 0.67265625 0.9671875 0.046875 0.0453125
0 0.7203125 0.965625 0.04765625 0.04375
0 0.76953125 0.96484375 0.05 0.04375
0 0.8171875 0.959375 0.04765625 0.0453125
0 0.865625 0.9578125 0.04765625 0.04765625
0 0.9140625 0.95703125 0.05 0.0453125
0 0.9625 0.95078125 0.046875 0.0421875
0 0.3984375 0.928125 0.05078125 0.0484375
0 0.446875 0.92421875 0.0453125 0.0453125
0 0.5046875 0.928125 0.0484375 0.04921875
0 0.55390625 0.9328125 0.04453125 0.04609375
0 0.59375 0.91875 0.04609375 0.046875
0 0.64765625 0.9296875 0.05 0.046875
0 0.69609375 0.92578125 0.0453125 0.04765625
0 0.74296875 0.92421875 0.05 0.0484375
0 0.790625 0.91796875 0.04765625 0.046875
0 0.8390625 0.9078125 0.0453125 0.05
0 0.88984375 0.91484375 0.05 0.04765625
0 0.94140625 0.91640625 0.04609375 0.046875
0 0.98359375 0.9140625 0.0328125 0.05