2 0.790625 0.8921875 0.178125 0.1578125
1 0.6203125 0.89921875 0.1875 0.17109375
1 0.64296875 0.4453125 0.18828125 0.18125
1 0.915625 0.26875 0.16875 0.1875
1 0.471875 0.46953125 0.18828125 0.190625
1 0.06796875 0.92421875 0.1328125 0.1453125
1 0.3140625 0.7765625 0.190625 0.1734375
1 0.828125 0.13828125 0.18515625 0.18203125
1 0.296875 0.475 0.17109375 0.1828125
1 0.828125 0.43984375 0.18671875 0.18671875
1 0.8546875 0.74921875 0.18359375 0.18359375
1 0.2140625 0.6421875 0.1859375 0.16484375
1 0.125 0.4703125 0.18515625 0.18359375
1 0.92421875 0.58984375 0.1515625 0.18359375
1 0.4515625 0.18359375 0.1875 0.1859375
1 0.4015625 0.621875 0.1875 0.1765625
1 0.75625 0.5953125 0.1828125 0.1828125
1 0.2 0.31171875 0.175 0.184375
1 0.365625 0.3359375 0.1859375 0.184375
1 0.0703125 0.61640625 0.13671875 0.18203125
1 0.0921875 0.16484375 0.1765625 0.1796875
1 0.7390625 0.29375 0.1921875 0.184375
1 0.43671875 0.9046875 0.18203125 0.18125
1 0.125 0.78828125 0.19296875 0.184375
1 0.6828125 0.7484375 0.18046875 0.1828125
1 0.23359375 0.91171875 0.18984375 0.175
1 0.25703125 0.16328125 0.19296875 0.18359375
1 0.72265625 0.04921875 0.1828125 0.0984375
1 0.6390625 0.1484375 0.1859375 0.165625
1 0.05703125 0.30234375 0.1140625 0.1828125
1 0.51015625 0.746875 0.18671875 0.17890625
1 0.93671875 0.8703125 0.12578125 0.1671875
1 0.57734375 0.5953125 0.175 0.1875
1 0.54609375 0.31328125 0.1875 0.184375
1 0.3578125 0.05546875 0.19609375 0.11015625
1 0.5296875 0.05390625 0.20234375 0.10703125
1 0.8828125 0.9609375 0.18125 0.078125
1 0.0515625 0.0546875 0.103125 0.109375
1 0.18671875 0.046875 0.1640625 0.09375
1 0.95859375 0.425 0.0828125 0.19375
1 0.89453125 0.03046875 0.1984375 0.0609375
1 0.959375 0.12578125 0.08125 0.1734375
1 0.7109375 0.96953125 0.171875 0.0609375
1 0.02109375 0.77265625 0.0421875 0.19296875
1 0.021875 0.465625 0.04375 0.20625
1 0.5203125 0.97265625 0.18125 0.0546875
1 0.97578125 0.72265625 0.0484375 0.19140625
1 0.33046875 0.97578125 0.1984375 0.0484375