0 0.65859375 0.934375 0.0703125 0.0703125
0 0.3 0.109375 0.0703125 0.0703125
0 0.54375 0.2484375 0.06875 0.06875
0 0.96171875 0.3515625 0.0515625 0.06875
0 0.4265625 0.54921875 0.0703125 0.071875
0 0.76796875 0.26796875 0.0703125 0.0703125
0 0.82890625 0.259375 0.06875 0.0703125
0 0.809375 0.15234375 0.06875 0.0703125
0 0.253125 0.06875 0.0703125 0.0703125
0 0.66875 0.2359375 0.06875 0.06875
0 0.7375 0.046875 0.06875 0.0703125
0 0.6140625 0.0859375 0.0703125 0.0703125
0 0.9171875 0.02734375 0.046875 0.0546875
0 0.78984375 0.2078125 0.0671875 0.0671875
0 0.2703125 0.23203125 0.06875 0.0703125
0 0.4234375 0.09453125 0.065625 0.065625
0 0.6390625 0.82890625 0.06875 0.06875
0 0.5046875 0.19765625 0.071875 0.06875
0 0.78515625 0.409375 0.0703125 0.0703125
0 0.60625 0.23828125 0.06875 0.0640625
0 0.91640625 0.19296875 0.06875 0.065625
0 0.9484375 0.23828125 0.046875 0.0671875
0 0.84921875 0.20078125 0.06875 0.06875
0 0.32578125 0.0515625 0.0671875 0.065625
0 0.3609375 0.10234375 0.0671875 0.065625
0 0.6640625 0.5796875 0.0703125 0.06875
0 0.8046875 0.32578125 0.06875 0.0734375
0 0.73046875 0.2234375 0.0703125 0.0703125
0 0.4453125 0.31015625 0.0703125 0.0703125
0 0.57578125 0.84453125 0.0703125 0.0703125
0 0.75234375 0.35234375 0.06875 0.06875
0 0.93125 0.29609375 0.0703125 0.071875
0 0.69140625 0.52109375 0.06875 0.0671875
0 0.76015625 0.87578125 0.0671875 0.065625
0 0.55 0.903125 0.0671875 0.065625
0 0.909375 0.3703125 0.0703125 0.0703125
0 0.63671875 0.0234375 0.0703125 0.046875
0 0.6859375 0.35703125 0.0703125 0.0703125
0 0.58671875 0.14140625 0.065625 0.0609375
0 0.628125 0.52890625 0.06875 0.06875
0 0.575 0.02890625 0.06875 0.0578125
0 0.946875 0.43359375 0.065625 0.0671875
0 0.82578125 0.86796875 0.0703125 0.071875
0 0.7734375 0.10078125 0.0703125 0.06875
0 0.89140625 0.2390625 0.06875 0.0671875
0 0.709375 0.28984375 0.06875 0.06875
0 0.83125 0.09140625 0.06875 0.06875
0 0.91484375 0.678125 0.0671875 0.06875
0 0.82578125 0.0078125 0.0703125 0.015625
0 0.83984375 0.3796875 0.06875 0.0703125
0 0.51015625 0.30859375 0.071875 0.06875
0 0.7859375 0.5796875 0.0671875 0.0671875
0 0.5265625 0.14140625 0.06875 0.065625
0 0.88515625 0.42734375 0.0703125 0.06875
0 0.46953125 0.80859375 0.06875 0.06875
0 0.4640625 0.38828125 0.06875 0.06875
0 0.86015625 0.9234375 0.06875 0.0640625
0 0.3078125 0.575 0.0703125 0.0703125
0 0.99140625 0.86484375 0.0171875 0.0671875
0 0.6015625 0.58125 0.06875 0.06875
0 0.94375 0.4953125 0.06875 0.065625
0 0.87265625 0.14453125 0.06875 0.06875
0 0.86640625 0.0265625 0.0671875 0.053125
0 0.63125 0.7015625 0.06875 0.0703125
0 0.51171875 0.0328125 0.0671875 0.065625
0 0.71171875 0.1265625 0.0671875 0.0625
0 0.69921875 0.0171875 0.0703125 0.034375
0 0.5828125 0.2984375 0.0703125 0.0703125
0 0.47109375 0.4515625 0.065625 0.065625
0 0.46328125 0.14609375 0.0671875 0.065625
0 0.396875 0.15703125 0.0703125 0.0671875
0 0.44921875 0.034375 0.0703125 0.06875
0 0.97578125 0.9109375 0.0484375 0.059375
0 0.60234375 0.93359375 0.0640625 0.065625
0 0.634375 0.64140625 0.0703125 0.06875
0 0.74921875 0.1671875 0.0703125 0.0671875
0 0.6484375 0.290625 0.06875 0.06875
0 0.5625 0.528125 0.0703125 0.06875
0 0.4546875 0.86328125 0.0640625 0.0640625
0 0.7140625 0.41328125 0.0703125 0.06875
0 0.7546875 0.5265625 0.06875 0.065625
0 0.5296875 0.96328125 0.0734375 0.0734375
0 0.84765625 0.796875 0.0703125 0.0703125
0 0.9234375 0.9140625 0.06875 0.0703125
0 0.51328125 0.853125 0.0703125 0.06875
0 0.72734375 0.571875 0.06875 0.06875
0 0.55234375 0.0828125 0.0671875 0.0703125
0 0.38046875 0.21953125 0.06875 0.06875
0 0.8140625 0.6375 0.0703125 0.06875
0 0.72265625 0.82734375 0.0671875 0.0671875
0 0.43984375 0.2171875 0.06875 0.0703125
0 0.6046875 0.77421875 0.071875 0.0703125
0 0.56796875 0.196875 0.0703125 0.0671875
0 0.4875 0.09765625 0.071875 0.06875
0 0.93125 0.13125 0.0515625 0.0671875
0 0.61328125 0.88671875 0.071875 0.0703125
0 0.896875 0.090625 0.071875 0.0703125
0 0.53515625 0.61640625 0.0703125 0.06875
0 0.675 0.06796875 0.06875 0.0671875
0 0.7625 0.01015625 0.06875 0.0203125
0 0.9078125 0.6140625 0.0671875 0.065625
0 0.584375 0.41171875 0.0703125 0.0671875
0 0.96953125 0.62890625 0.0609375 0.0640625
0 0.3609375 0.5296875 0.06875 0.0703125
0 0.471875 0.92578125 0.0703125 0.0703125
0 0.8015625 0.0453125 0.0703125 0.0703125
0 0.97109375 0.68828125 0.0578125 0.0640625
0 0.8515625 0.69296875 0.071875 0.0703125
0 0.3890625 0.2859375 0.0671875 0.0671875
0 0.546875 0.45703125 0.06875 0.0671875
0 0.88203125 0.7453125 0.0703125 0.0671875
0 0.5015625 0.72578125 0.06875 0.0703125
0 0.34765625 0.94609375 0.06875 0.065625
0 0.35703125 0.46328125 0.06875 0.0703125
0 0.553125 0.36015625 0.06875 0.06875
0 0.76875 0.69375 0.071875 0.0703125
0 0.690625 0.71875 0.0671875 0.065625
0 0.646875 0.12578125 0.06875 0.0671875
0 0.61796875 0.3578125 0.0671875 0.065625
0 0.39375 0.7828125 0.065625 0.0671875
0 0.38828125 0.04453125 0.0703125 0.06875
0 0.3546875 0.98515625 0.065625 0.0296875
0 0.328125 0.68515625 0.065625 0.0671875
0 0.79453125 0.9328125 0.06875 0.06875
0 0.340625 0.884375 0.06875 0.0703125
0 0.74609375 0.465625 0.0703125 0.0671875
0 0.61328125 0.45703125 0.0703125 0.0703125
0 0.790625 0.8171875 0.0703125 0.0703125
0 0.72265625 0.925 0.0703125 0.06875
0 0.95625 0.56875 0.0671875 0.0640625
0 0.875 0.48515625 0.0671875 0.0671875
0 0.6296875 0.17890625 0.0703125 0.0671875
0 0.48515625 0.24453125 0.06875 0.065625
0 0.89921875 0.546875 0.06875 0.06875
0 0.3421875 0.334375 0.0671875 0.06875
0 0.5703125 0.72109375 0.06875 0.065625
0 0.44609375 0.74375 0.0640625 0.065625
0 0.68359375 0.8765625 0.06875 0.06875
0 0.86953125 0.32421875 0.06875 0.065625
0 0.85 0.58984375 0.06875 0.06875
0 0.265625 0.16328125 0.06875 0.06875
0 0.5265625 0.40390625 0.0625 0.0640625
0 0.57109375 0.665625 0.06875 0.0671875
0 0.82421875 0.528125 0.0671875 0.0640625
0 0.4453125 0.6859375 0.065625 0.0671875
0 0.48515625 0.5796875 0.065625 0.0671875
0 0.68203125 0.46015625 0.0703125 0.06875
0 0.32890625 0.76015625 0.0671875 0.065625
0 0.29453125 0.4328125 0.0703125 0.06875
0 0.49453125 0.5109375 0.0703125 0.0703125
0 0.98359375 0.53359375 0.0328125 0.0671875
0 0.95703125 0.85 0.065625 0.0640625
0 0.3 0.50078125 0.0671875 0.0671875
0 0.41953125 0.47890625 0.0671875 0.0671875
0 0.2875 0.36796875 0.0671875 0.0671875
0 0.69375 0.65234375 0.06875 0.0703125
0 0.75234375 0.628125 0.06875 0.071875
0 0.3828125 0.6578125 0.065625 0.0671875
0 0.4015625 0.3625 0.06875 0.065625
0 0.4765625 0.9890625 0.06875 0.021875
1 0.74765625 0.76015625 0.0640625 0.0671875
0 0.6890625 0.16875 0.0640625 0.0609375
1 0.890625 0.840625 0.071875 0.0734375
0 0.81796875 0.4515625 0.06875 0.0671875
0 0.39296875 0.84296875 0.0671875 0.0640625
0 0.2796875 0.3078125 0.06875 0.06875
0 0.57109375 0.97890625 0.071875 0.0390625
0 0.4125 0.4234375 0.065625 0.0625
0 0.3375 0.153125 0.065625 0.0609375
1 0.8078125 0.740625 0.06875 0.065625
0 0.98671875 0.46171875 0.0265625 0.0609375
0 0.93671875 0.0734375 0.0234375 0.0640625
0 0.4125 0.01640625 0.0671875 0.0265625
1 0.41640625 0.953125 0.0640625 0.0640625
1 0.37578125 0.58671875 0.065625 0.065625
0 0.99453125 0.5984375 0.0109375 0.065625
0 0.49765625 0.65625 0.06875 0.0671875
0 0.76796875 0.9609375 0.0578125 0.0203125
0 0.32578125 0.26953125 0.0671875 0.06875
0 0.6828125 0.77734375 0.0703125 0.06875
1 0.5375 0.77578125 0.065625 0.065625
0 0.38828125 0.71875 0.0671875 0.0671875
1 0.3265625 0.6234375 0.0578125 0.053125
0 0.7015625 0.96953125 0.0640625 0.021875
0 0.9625 0.73515625 0.0671875 0.0625
0 0.34140625 0.80546875 0.06875 0.0609375
0 0.98359375 0.4046875 0.025 0.0640625
0 0.4046875 0.896875 0.0640625 0.0625
0 0.34609375 0.39453125 0.0625 0.065625
1 0.9203125 0.778125 0.0578125 0.0546875
0 0.2859375 0.03046875 0.0625 0.01875
0 0.4484375 0.60625 0.0671875 0.0609375