0 0.09140625 0.384375 0.075 0.071875
0 0.03515625 0.1921875 0.0703125 0.071875
0 0.26875 0.47734375 0.075 0.071875
0 0.16171875 0.82734375 0.075 0.0765625
0 0.71796875 0.059375 0.0734375 0.0734375
0 0.03125 0.5921875 0.0546875 0.0703125
0 0.63125 0.95859375 0.075 0.065625
0 0.54375 0.0796875 0.075 0.071875
0 0.853125 0.0453125 0.071875 0.071875
0 0.07109375 0.73125 0.0734375 0.0734375
0 0.54375 0.26171875 0.0734375 0.0734375
0 0.28828125 0.08125 0.06875 0.0703125
0 0.45078125 0.93046875 0.0734375 0.075
0 0.121875 0.646875 0.075 0.071875
0 0.87109375 0.0078125 0.0703125 0.015625
0 0.8734375 0.24921875 0.071875 0.0703125
0 0.440625 0.3375 0.0703125 0.06875
0 0.38515625 0.54296875 0.071875 0.0703125
0 0.46015625 0.39765625 0.0703125 0.0703125
0 0.36484375 0.6609375 0.075 0.0734375
0 0.51484375 0.91640625 0.071875 0.071875
0 0.0703125 0.25078125 0.075 0.071875
0 0.7828125 0.04296875 0.071875 0.0703125
0 0.8921875 0.190625 0.071875 0.071875
0 0.54921875 0.8484375 0.0734375 0.0734375
0 0.80234375 0.01015625 0.0703125 0.0203125
0 0.63984375 0.3390625 0.071875 0.0703125
0 0.0796875 0.94296875 0.065625 0.0734375
0 0.31875 0.52109375 0.0734375 0.06875
0 0.22421875 0.0953125 0.075 0.0734375
0 0.21484375 0.27109375 0.075 0.0703125
0 0.4265625 0.69140625 0.071875 0.071875
0 0.02109375 0.12890625 0.0421875 0.0703125
0 0.2125 0.96328125 0.0734375 0.0703125
0 0.16171875 0.59140625 0.075 0.0734375
0 0.503125 0.134375 0.071875 0.0703125
0 0.70546875 0.3421875 0.071875 0.071875
0 0.14921875 0.10546875 0.0765625 0.0734375
0 0.584375 0.9078125 0.071875 0.0734375
0 0.93984375 0.24375 0.071875 0.071875
0 0.31640625 0.434375 0.0734375 0.0703125
0 0.1828125 0.48515625 0.0734375 0.071875
0 0.0171875 0.26953125 0.034375 0.0734375
0 0.51171875 0.32578125 0.0734375 0.071875
0 0.3890625 0.2953125 0.071875 0.06875
0 0.95859375 0.36328125 0.0625 0.0734375
0 0.61484375 0.275 0.0734375 0.0703125
0 0.32421875 0.28046875 0.0703125 0.071875
0 0.08828125 0.5859375 0.0703125 0.071875
0 0.784375 0.33203125 0.071875 0.0671875
0 0.49609375 0.203125 0.0703125 0.0703125
0 0.65859375 0.21640625 0.0734375 0.0703125
0 0.73359375 0.403125 0.0734375 0.071875
0 0.071875 0.11875 0.071875 0.071875
0 0.778125 0.53359375 0.0703125 0.071875
0 0.728125 0.22734375 0.071875 0.0703125
0 0.49609375 0.0328125 0.0734375 0.065625
0 0.6265625 0.7765625 0.071875 0.071875
0 0.48203125 0.859375 0.0734375 0.0703125
0 0.25234375 0.615625 0.0734375 0.071875
0 0.74140625 0.2875 0.06875 0.065625
0 0.784375 0.60078125 0.071875 0.0703125
0 0.36796875 0.478125 0.0734375 0.06875
0 0.25 0.90625 0.0734375 0.071875
0 0.11953125 0.1796875 0.0734375 0.071875
0 0.878125 0.37421875 0.0734375 0.071875
0 0.39921875 0.4265625 0.0734375 0.0703125
0 0.8265625 0.4921875 0.0734375 0.0703125
0 0.1515625 0.2375 0.075 0.071875
0 0.2359375 0.99453125 0.06875 0.0109375
0 0.925 0.11953125 0.0703125 0.071875
0 0.1109375 0.4953125 0.0734375 0.071875
0 0.32265625 0.34375 0.0734375 0.0703125
0 0.81953125 0.83046875 0.071875 0.0703125
0 0.5078125 0.44921875 0.06875 0.06875
0 0.375 0.028125 0.065625 0.040625
0 0.43828125 0.15625 0.071875 0.071875
0 0.57734375 0.328125 0.06875 0.0703125
0 0.9375 0.5671875 0.071875 0.071875
0 0.853125 0.775 0.0734375 0.0734375
0 0.86328125 0.54765625 0.071875 0.071875
0 0.3484375 0.978125 0.071875 0.04375
0 0.67890625 0.27890625 0.0671875 0.0671875
0 0.6609375 0.025 0.075 0.05
0 0.5515625 0.1640625 0.071875 0.0703125
0 0.2671875 0.31015625 0.071875 0.0703125
0 0.38359375 0.92265625 0.0703125 0.06875
0 0.5625 0.778125 0.0703125 0.0703125
0 0.1984375 0.646875 0.071875 0.06875
0 0.3015625 0.215625 0.0734375 0.0703125
0 0.71328125 0.52890625 0.06875 0.06875
0 0.2390625 0.1875 0.0734375 0.0734375
0 0.653125 0.89375 0.0734375 0.071875
0 0.47265625 0.26875 0.071875 0.0703125
0 0.21953125 0.5546875 0.075 0.075
0 0.765625 0.46640625 0.06875 0.0703125
1 0.52734375 0.38828125 0.0671875 0.0640625
0 0.5890625 0.71171875 0.0734375 0.0703125
1 0.1625 0.4140625 0.071875 0.08125
0 0.90859375 0.49453125 0.0734375 0.0703125
0 0.615625 0.59375 0.0734375 0.071875
0 0.41875 0.2390625 0.0734375 0.06875
0 0.58984375 0.46640625 0.071875 0.071875
0 0.0890625 0.809375 0.06875 0.06875
0 0.69921875 0.45625 0.071875 0.071875
1 0.11171875 0.87890625 0.0703125 0.06875
0 0.94765625 0.184375 0.0421875 0.06875
0 0.98125 0.42890625 0.0359375 0.0671875
0 0.740625 0.0109375 0.065625 0.021875
1 0.29375 0.66640625 0.075 0.0625
0 0.96875 0.48671875 0.0625 0.0703125
1 0.3859375 0.74296875 0.0734375 0.0671875
0 0.86171875 0.4265625 0.071875 0.0671875
0 0.44140625 0.015625 0.0703125 0.03125
1 0.14140625 0.9515625 0.06875 0.06875
0 0.96484375 0.29453125 0.034375 0.0640625
1 0.03671875 0.3296875 0.0671875 0.0765625
1 0.20859375 0.70234375 0.065625 0.059375
1 0.61015625 0.06796875 0.0640625 0.071875
1 0.3109375 0.784375 0.065625 0.0765625
1 0.04765625 0.65859375 0.0703125 0.0703125
1 0.09609375 0.31328125 0.0703125 0.0671875
1 0.42109375 0.86875 0.0640625 0.0703125
1 0.37265625 0.8046875 0.0671875 0.0734375
1 0.26796875 0.72265625 0.0640625 0.071875
1 0.7671875 0.16796875 0.06875 0.075
0 0.659375 0.3984375 0.071875 0.0671875
1 0.49765625 0.51875 0.0734375 0.071875
1 0.79609375 0.715625 0.065625 0.0546875
1 0.49296875 0.79140625 0.071875 0.0625
1 0.36328125 0.16796875 0.0734375 0.0875
1 0.78828125 0.8828125 0.0625 0.0609375
1 0.31796875 0.91796875 0.0671875 0.0671875
1 0.75234375 0.82734375 0.0703125 0.0609375
1 0.3234375 0.7203125 0.0671875 0.0625
1 0.5828125 0.53046875 0.075 0.0734375
1 0.490625 0.659375 0.075 0.078125
1 0.29140625 0.85 0.0734375 0.075
1 0.2484375 0.78046875 0.0703125 0.0703125
1 0.7 0.76484375 0.0734375 0.078125
1 0.84765625 0.603125 0.0640625 0.053125
1 0.84453125 0.11328125 0.06875 0.0640625
1 0.803125 0.2609375 0.0671875 0.0625
1 0.765625 0.7671875 0.0609375 0.06875
1 0.19296875 0.76015625 0.065625 0.065625
1 0.93046875 0.41953125 0.0671875 0.059375
1 0.66328125 0.1078125 0.078125 0.071875
1 0.02734375 0.390625 0.0546875 0.06875
1 0.0359375 0.07109375 0.071875 0.0453125
1 0.4328125 0.4875 0.06875 0.0703125
1 0.35390625 0.865625 0.071875 0.071875
1 0.45390625 0.73828125 0.0625 0.0625
1 0.59296875 0.20625 0.0703125 0.0765625
1 0.2078125 0.3609375 0.0765625 0.075
1 0.38671875 0.0859375 0.08125 0.078125
1 0.59296875 0.39921875 0.05625 0.0640625
1 0.1421875 0.7078125 0.0734375 0.0703125
1 0.6875 0.83359375 0.059375 0.0609375
1 0.52578125 0.5671875 0.0734375 0.071875
0 0.70546875 0.5859375 0.071875 0.06875
1 0.83046875 0.18984375 0.0671875 0.071875
1 0.5203125 0.7265625 0.078125 0.0796875
1 0.43203125 0.8 0.059375 0.06875
1 0.18046875 0.89453125 0.0703125 0.0765625
1 0.5640625 0.63359375 0.084375 0.0859375
1 0.909375 0.3125 0.0703125 0.0734375
1 0.44765625 0.56015625 0.06875 0.08125
1 0.1296875 0.76328125 0.0671875 0.059375
1 0.653125 0.50390625 0.0578125 0.065625
1 0.1046875 0.98515625 0.071875 0.0296875
1 0.2265625 0.84296875 0.0609375 0.065625
1 0.6140625 0.834375 0.0734375 0.0625
1 0.278125 0.9671875 0.071875 0.065625
1 0.84609375 0.3125 0.0640625 0.0671875
1 0.165625 0.32578125 0.0703125 0.0734375
1 0.54140625 0.971875 0.0734375 0.05625
1 0.29921875 0.1421875 0.0734375 0.0609375
1 0.72265625 0.890625 0.071875 0.065625
1 0.42578125 0.609375 0.08125 0.071875
1 0.05859375 0.871875 0.0421875 0.078125
1 0.73203125 0.65234375 0.065625 0.065625
1 0.103125 0.4375 0.071875 0.05625
1 0.57421875 0.01953125 0.0734375 0.0390625
1 0.70234375 0.95 0.0671875 0.0640625
1 0.82578125 0.66484375 0.065625 0.065625
1 0.8921875 0.63046875 0.0578125 0.046875
1 0.38203125 0.3625 0.0671875 0.0640625
0 0.94296875 0.07109375 0.021875 0.0609375
1 0.23046875 0.4140625 0.0765625 0.06875
0 0.80078125 0.40078125 0.071875 0.071875
1 0.03515625 0.44921875 0.06875 0.0640625
1 0.41875 0.97890625 0.0625 0.0421875
0 0.6828125 0.68984375 0.071875 0.06875
1 0.0453125 0.7984375 0.0328125 0.075
1 0.45 0.06953125 0.06875 0.071875
1 0.1390625 0.053125 0.0890625 0.0359375
0 0.03046875 0.71953125 0.021875 0.0671875
1 0.7671875 0.94140625 0.0703125 0.065625
1 0.78671875 0.096875 0.075 0.05625
1 0.48203125 0.978125 0.0578125 0.04375
1 0.634375 0.6578125 0.0640625 0.065625
0 0.17109375 0.98515625 0.0671875 0.0296875
1 0.73203125 0.71171875 0.0546875 0.0578125
1 0.91328125 0.03515625 0.0671875 0.0703125
1 0.87421875 0.69609375 0.0671875 0.05625