0 0.34140625 0.24140625 0.06484375 0.06484375
0 0.4109375 0.121875 0.0625 0.0625
0 0.4734375 0.13828125 0.0609375 0.0625
0 0.20234375 0.24609375 0.06015625 0.0625
0 0.496875 0.0328125 0.06484375 0.06015625
0 0.26953125 0.13125 0.0625 0.06328125
0 0.303125 0.29609375 0.0625 0.0609375
0 0.125 0.12421875 0.0625 0.06171875
0 0.41953125 0.02421875 0.06484375 0.04765625
0 0.25703125 0.01875 0.06484375 0.0375
0 0.5 0.2890625 0.06015625 0.0609375
0 0.16015625 0.0734375 0.06171875 0.06015625
0 0.13046875 0.0265625 0.0609375 0.053125
0 0.44765625 0.071875 0.06484375 0.06328125
0 0.340625 0.115625 0.0640625 0.0640625
0 0.30859375 0.1796875 0.06328125 0.059375
0 0.40859375 0.24296875 0.06015625 0.0625
0 0.20625 0.13359375 0.059375 0.06015625
0 0.11015625 0.30703125 0.0640625 0.0640625
0 0.0515625 0.03046875 0.06328125 0.059375
0 0.190625 0.021875 0.06171875 0.04375
0 0.534375 0.2140625 0.0609375 0.06484375
0 0.1421875 0.25234375 0.0625 0.0625
0 0.36875 0.05390625 0.0625 0.0625
0 0.2953125 0.06875 0.0640625 0.06328125
0 0.17109375 0.1859375 0.0609375 0.0640625
0 0.5328125 0.1484375 0.06015625 0.06015625
0 0.2390625 0.303125 0.0609375 0.0609375
0 0.0140625 0.153125 0.028125 0.0640625
0 0.4515625 0.19609375 0.0625 0.0609375
0 0.09140625 0.07578125 0.06484375 0.05859375
0 0.17578125 0.30078125 0.06171875 0.06171875
0 0.528125 0.08125 0.0609375 0.06015625
0 0.53828125 0.009375 0.0671875 0.01796875
0 0.31953125 0.01875 0.06171875 0.03671875
0 0.03046875 0.303125 0.06015625 0.06328125
0 0.225 0.05390625 0.0640625 0.06015625
0 0.11015625 0.2 0.059375 0.0609375
0 0.02421875 0.08984375 0.0484375 0.0640625
1 0.06875 0.24765625 0.0671875 0.06015625
0 0.06171875 0.12265625 0.0625 0.0609375
1 0.26875 0.23515625 0.06328125 0.06171875
0 0.4734375 0.2390625 0.05859375 0.05703125
1 0.0390625 0.20078125 0.05546875 0.0546875
1 0.37421875 0.175 0.05703125 0.0484375
0 0.01171875 0.25390625 0.0234375 0.0609375
1 0.43359375 0.29453125 0.06640625 0.053125
1 0.36640625 0.29296875 0.0546875 0.0546875