1 0.23515625 0.06484375 0.2 0.109375
1 0.33671875 0.1609375 0.18125 0.203125
1 0.45390625 0.30625 0.2015625 0.1875
1 0.55234375 0.4140625 0.1921875 0.19375
1 0.66953125 0.55234375 0.196875 0.20625
1 0.790625 0.70390625 0.203125 0.2671875
1 0.8671875 0.5109375 0.1953125 0.2046875
1 0.74140625 0.41796875 0.203125 0.203125
1 0.9140625 0.3859375 0.1703125 0.196875
1 0.628125 0.2625 0.190625 0.2171875
1 0.81171875 0.24453125 0.2046875 0.23125
1 0.94453125 0.23125 0.0890625 0.2125
1 0.51640625 0.12265625 0.2421875 0.2171875
1 0.71796875 0.11796875 0.178125 0.23125
1 0.8890625 0.0890625 0.178125 0.178125
1 0.41640625 0.05703125 0.1859375 0.1140625
1 0.59765625 0.053125 0.1890625 0.10625