0 0.23984375 0.0390625 0.075 0.0734375
0 0.23125 0.18828125 0.0734375 0.075
0 0.2171875 0.12421875 0.0796875 0.078125
0 0.3 0.05 0.0734375 0.0765625
0 0.1734375 0.0484375 0.0765625 0.078125
0 0.1703125 0.16796875 0.075 0.075
0 0.14140625 0.01640625 0.0734375 0.0328125
0 0.28125 0.1453125 0.0796875 0.078125
0 0.10859375 0.15390625 0.0734375 0.0734375
0 0.03125 0.39140625 0.05 0.0671875
0 0.06640625 0.2640625 0.0578125 0.0703125
0 0.2140625 0.009375 0.078125 0.01875
1 0.11484375 0.078125 0.059375 0.0625
1 0.15703125 0.10234375 0.0671875 0.0671875
1 0.37421875 0.01796875 0.1390625 0.0359375
1 0.1125 0.22265625 0.075 0.0796875
1 0.1765625 0.23515625 0.08125 0.0734375
1 0.1234375 0.28828125 0.0859375 0.075
1 0.07578125 0.3390625 0.0828125 0.0859375