0 0.4796875 0.165625 0.0671875 0.0671875
0 0.3890625 0.0921875 0.06875 0.0671875
0 0.8984375 0.1515625 0.06875 0.06875
0 0.915625 0.3140625 0.0703125 0.0671875
0 0.05703125 0.3875 0.06875 0.0671875
0 0.8859375 0.25859375 0.06875 0.06875
0 0.09453125 0.33828125 0.0671875 0.0625
0 0.37109375 0.871875 0.071875 0.0734375
0 0.19453125 0.75 0.0703125 0.0703125
0 0.2625 0.9296875 0.0703125 0.071875
0 0.31875 0.76328125 0.06875 0.06875
0 0.1640625 0.51796875 0.071875 0.0703125
0 0.340625 0.37265625 0.0703125 0.06875
0 0.28515625 0.25078125 0.0671875 0.0640625
0 0.97890625 0.11171875 0.0421875 0.0703125
0 0.2921875 0.53125 0.06875 0.06875
0 0.415625 0.82734375 0.0703125 0.06875
0 0.4203125 0.16015625 0.06875 0.06875
0 0.08359375 0.45078125 0.06875 0.0671875
0 0.3171875 0.19921875 0.06875 0.06875
0 0.04140625 0.50078125 0.06875 0.0703125
0 0.5078125 0.2234375 0.0703125 0.06875
0 0.7359375 0.07734375 0.06875 0.0671875
0 0.23125 0.525 0.06875 0.06875
0 0.44296875 0.89765625 0.0734375 0.071875
0 0.02265625 0.7234375 0.0453125 0.06875
0 0.5421875 0.17734375 0.0671875 0.065625
0 0.271875 0.64453125 0.0703125 0.06875
0 0.9421875 0.5796875 0.071875 0.0703125
0 0.73515625 0.696875 0.06875 0.0703125
0 0.92109375 0.91953125 0.05625 0.065625
0 0.2640625 0.47578125 0.06875 0.06875
0 0.35546875 0.540625 0.0703125 0.0703125
0 0.39375 0.9375 0.0703125 0.071875
0 0.259375 0.7515625 0.06875 0.0671875
0 0.70390625 0.6421875 0.06875 0.071875
0 0.3453125 0.259375 0.0671875 0.0671875
0 0.6515625 0.984375 0.06875 0.03125
0 0.24765625 0.30546875 0.0703125 0.06875
0 0.7484375 0.35234375 0.06875 0.06875
0 0.90390625 0.4234375 0.0671875 0.065625
0 0.7875 0.303125 0.06875 0.071875
0 0.46015625 0.38828125 0.0703125 0.0671875
0 0.22265625 0.24296875 0.06875 0.0671875
0 0.7015625 0.12890625 0.071875 0.06875
0 0.3109375 0.31171875 0.0703125 0.06875
0 0.1328125 0.74140625 0.06875 0.06875
0 0.553125 0.54765625 0.06875 0.06875
0 0.0109375 0.66171875 0.021875 0.0640625
0 0.33046875 0.08046875 0.0671875 0.0671875
0 0.0515625 0.215625 0.040625 0.0625
0 0.23515625 0.02734375 0.0671875 0.0546875
0 0.45546875 0.1015625 0.06875 0.06875
0 0.45 0.77578125 0.0703125 0.06875
0 0.51171875 0.78671875 0.0703125 0.0703125
0 0.809375 0.36640625 0.0703125 0.071875
0 0.7625 0.75234375 0.0703125 0.0703125
0 0.5921875 0.2875 0.06875 0.06875
0 0.60390625 0.18203125 0.06875 0.0671875
0 0.525 0.384375 0.0703125 0.06875
0 0.56171875 0.33828125 0.0703125 0.06875
0 0.22421875 0.803125 0.06875 0.0703125
0 0.86328125 0.79921875 0.0703125 0.0703125
0 0.146875 0.04921875 0.06875 0.06875
0 0.28359375 0.8109375 0.06875 0.06875
0 0.77265625 0.14375 0.06875 0.06875
0 0.1609375 0.234375 0.0671875 0.0671875
0 0.47265625 0.27265625 0.06875 0.0671875
0 0.6734375 0.7015625 0.0671875 0.0671875
0 0.29296875 0.70234375 0.0703125 0.0703125
0 0.36015625 0.434375 0.0703125 0.0703125
0 0.58046875 0.66640625 0.0703125 0.0703125
0 0.55078125 0.059375 0.0671875 0.065625
0 0.9609375 0.63359375 0.0578125 0.0671875
0 0.9359375 0.10390625 0.0671875 0.0671875
0 0.07421875 0.73046875 0.06875 0.0671875
0 0.3859375 0.7703125 0.0703125 0.06875
0 0.85078125 0.31328125 0.06875 0.0671875
0 0.79609375 0.8015625 0.06875 0.0703125
0 0.5328125 0.27734375 0.0671875 0.065625
0 0.6390625 0.7796875 0.0703125 0.0703125
0 0.5828125 0.0234375 0.0671875 0.040625
0 0.12265625 0.5828125 0.0671875 0.0671875
0 0.14140625 0.1703125 0.06875 0.0671875
0 0.828125 0.24765625 0.0671875 0.065625
0 0.9265625 0.2109375 0.0703125 0.0703125
0 0.73203125 0.190625 0.06875 0.06875
0 0.91796875 0.68046875 0.06875 0.0703125
0 0.10078125 0.79375 0.06875 0.0703125
0 0.40703125 0.27265625 0.06875 0.065625
0 0.796875 0.68828125 0.06875 0.0703125
0 0.734375 0.82734375 0.06875 0.06875
0 0.665625 0.1859375 0.0703125 0.06875
0 0.6796875 0.93515625 0.0671875 0.06875
0 0.11484375 0.8671875 0.071875 0.0703125
0 0.52421875 0.49765625 0.06875 0.0671875
0 0.85703125 0.7 0.0703125 0.0703125
0 0.57578125 0.78125 0.0703125 0.071875
0 0.421875 0.5484375 0.06875 0.0671875
0 0.51875 0.66953125 0.06875 0.0703125
0 0.35703125 0.71484375 0.0703125 0.06875
0 0.70859375 0.87734375 0.06875 0.0671875
0 0.87421875 0.08984375 0.06875 0.06875
0 0.09921875 0.2234375 0.0703125 0.071875
0 0.4578125 0.66328125 0.0671875 0.06875
0 0.25859375 0.19765625 0.06875 0.06875
0 0.39453125 0.009375 0.0640625 0.01875
0 0.06640625 0.2765625 0.06875 0.06875
0 0.3921875 0.6671875 0.0703125 0.06875
0 0.71328125 0.47109375 0.06875 0.06875
0 0.19921875 0.18203125 0.065625 0.06875
0 0.35546875 0.14609375 0.0703125 0.06875
0 0.02734375 0.43828125 0.0546875 0.0640625
0 0.25390625 0.58125 0.0703125 0.0703125
0 0.384375 0.5921875 0.06875 0.06875
0 0.50078125 0.328125 0.0671875 0.0671875
0 0.428125 0.0484375 0.06875 0.06875
0 0.05390625 0.846875 0.0671875 0.065625
0 0.115625 0.0125 0.06875 0.025
0 0.69765625 0.240625 0.0703125 0.06875
0 0.51953125 0.01796875 0.0640625 0.0359375
0 0.82734375 0.74765625 0.06875 0.0671875
0 0.1609375 0.809375 0.06875 0.06875
0 0.96796875 0.4375 0.0640625 0.06875
0 0.58828125 0.98359375 0.0671875 0.0328125
0 0.32890625 0.48125 0.06875 0.065625
0 0.20703125 0.0703125 0.0671875 0.0640625
0 0.61796875 0.55 0.06875 0.06875
0 0.43046875 0.4359375 0.0671875 0.065625
0 0.5140625 0.90078125 0.0703125 0.0734375
0 0.8015625 0.9265625 0.065625 0.0671875
0 0.32890625 0.93984375 0.0703125 0.0703125
0 0.74453125 0.93125 0.06875 0.071875
0 0.71171875 0.98046875 0.0671875 0.0390625
0 0.0828125 0.15234375 0.06875 0.06875
0 0.86015625 0.19765625 0.06875 0.0671875
0 0.98125 0.34453125 0.0375 0.0703125
0 0.834375 0.4296875 0.0671875 0.065625
0 0.2921875 0.14140625 0.0703125 0.0671875
0 0.0859375 0.62890625 0.0671875 0.0625
0 0.0359375 0.7828125 0.0703125 0.0703125
0 0.44296875 0.325 0.0640625 0.0640625
0 0.571875 0.1265625 0.071875 0.071875
0 0.47890625 0.83984375 0.06875 0.06875
0 0.63203125 0.2359375 0.0703125 0.0671875
0 0.9296875 0.8140625 0.06875 0.06875
0 0.02109375 0.88984375 0.0421875 0.0671875
0 0.24140625 0.86484375 0.06875 0.0734375
0 0.9625 0.27578125 0.06875 0.06875
0 0.084375 0.03203125 0.05625 0.0640625
0 0.87109375 0.4765625 0.06875 0.0703125
0 0.40078125 0.37890625 0.0671875 0.06875
0 0.8921875 0.865625 0.06875 0.06875
0 0.57265625 0.2265625 0.0671875 0.065625
0 0.959375 0.1609375 0.06875 0.06875
0 0.18125 0.8765625 0.0671875 0.0671875
0 0.7375 0.41484375 0.06875 0.0671875
0 0.94140625 0.37421875 0.071875 0.071875
0 0.89453125 0.62109375 0.06875 0.06875
0 0.26953125 0.08125 0.0703125 0.0671875
0 0.37734375 0.22265625 0.06875 0.0671875
0 0.775 0.98203125 0.06875 0.0359375
0 0.7828125 0.5734375 0.0671875 0.06875
0 0.63671875 0.1234375 0.065625 0.065625
0 0.465625 0.95390625 0.0703125 0.0703125
0 0.39453125 0.49375 0.0703125 0.0671875
0 0.95703125 0.71953125 0.0421875 0.06875
0 0.2046875 0.64765625 0.0671875 0.0640625
0 0.103125 0.51171875 0.0671875 0.0671875
0 0.5859375 0.49453125 0.06875 0.0703125
0 0.12578125 0.28671875 0.0671875 0.06875
0 0.49140625 0.053125 0.06875 0.065625
0 0.671875 0.071875 0.06875 0.0671875
0 0.61328125 0.7203125 0.06875 0.0703125
0 0.48671875 0.73046875 0.0703125 0.06875
0 0.5390625 0.8421875 0.0703125 0.06875
0 0.44140625 0.22109375 0.06875 0.0671875
0 0.2984375 0.425 0.06875 0.0703125
0 0.23203125 0.69921875 0.0703125 0.06875
0 0.60546875 0.83671875 0.071875 0.06875
0 0.34921875 0.81171875 0.06875 0.0671875
0 0.490625 0.44453125 0.0671875 0.065625
0 0.7625 0.23984375 0.0703125 0.06875
0 0.20078125 0.93828125 0.06875 0.05625
0 0.64375 0.6515625 0.06875 0.06875
0 0.11171875 0.68125 0.06875 0.065625
0 0.725 0.2953125 0.06875 0.06875
0 0.97578125 0.21953125 0.0484375 0.0671875
0 0.27265625 0.371875 0.0703125 0.0671875
0 0.12890625 0.9234375 0.06875 0.0625
0 0.671875 0.8296875 0.0671875 0.065625
0 0.753125 0.51875 0.06875 0.0671875
0 0.18828125 0.5890625 0.0703125 0.0703125
0 0.446875 0.6046875 0.0703125 0.0703125
0 0.86484375 0.92421875 0.0703125 0.06875
0 0.3328125 0.65078125 0.0671875 0.0671875
0 0.315625 0.59765625 0.0703125 0.06875
0 0.621875 0.94296875 0.06875 0.0703125
0 0.66484375 0.5890625 0.0671875 0.065625
0 0.7671875 0.634375 0.0671875 0.065625
0 0.57734375 0.8921875 0.0703125 0.0703125
0 0.625 0.34375 0.0671875 0.0671875
0 0.9 0.52890625 0.06875 0.0671875
0 0.6109375 0.065625 0.0671875 0.0640625
0 0.834375 0.63125 0.06875 0.065625
0 0.93125 0.48359375 0.06875 0.06875
0 0.546875 0.725 0.06875 0.06875
0 0.11875 0.39921875 0.06875 0.0703125
0 0.67421875 0.4109375 0.0703125 0.0703125
0 0.2390625 0.41875 0.06875 0.0640625
0 0.30234375 0.884375 0.06875 0.0703125
0 0.7703125 0.8703125 0.0640625 0.0671875
0 0.2171875 0.3546875 0.0671875 0.0671875
0 0.515625 0.109375 0.065625 0.0671875
0 0.01484375 0.56328125 0.0296875 0.0671875
0 0.23203125 0.128125 0.0640625 0.0640625
0 0.646875 0.88203125 0.065625 0.0625
0 0.05078125 0.67734375 0.0671875 0.065625
0 0.38046875 0.315625 0.06875 0.06875
0 0.10625 0.0953125 0.0671875 0.065625
0 0.46328125 0.49375 0.06875 0.06875
0 0.16640625 0.11953125 0.06875 0.065625
0 0.8203125 0.50859375 0.0703125 0.0703125
0 0.87578125 0.36796875 0.0703125 0.06875
0 0.72109375 0.57578125 0.0671875 0.06875
0 0.7 0.753125 0.0703125 0.0703125
0 0.1828125 0.01171875 0.06875 0.0234375
0 0.01328125 0.82890625 0.0265625 0.0671875
0 0.83984375 0.14375 0.06875 0.06875
0 0.60859375 0.428125 0.0703125 0.0703125
0 0.48515625 0.553125 0.06875 0.06875
0 0.421875 0.71875 0.06875 0.06875
0 0.3671875 0.0328125 0.06875 0.065625
0 0.546875 0.95234375 0.071875 0.06875
0 0.6484375 0.47578125 0.0671875 0.06875
0 0.0296875 0.61328125 0.059375 0.0671875
0 0.06640625 0.565625 0.0671875 0.0703125
0 0.2953125 0.0359375 0.06875 0.06875
0 0.65859375 0.2984375 0.071875 0.06875
0 0.78671875 0.453125 0.0703125 0.06875
0 0.17578125 0.42109375 0.0671875 0.0671875
0 0.68359375 0.35078125 0.06875 0.0671875
0 0.70859375 0.03671875 0.0640625 0.0328125
0 0.14375 0.63359375 0.06875 0.065625
0 0.8 0.19609375 0.06875 0.06875
0 0.840625 0.97421875 0.065625 0.0515625
0 0.159375 0.346875 0.06875 0.0671875
0 0.96640625 0.071875 0.0671875 0.0296875
0 0.828125 0.87421875 0.06875 0.06875
0 0.771875 0.04453125 0.06875 0.03125
0 0.846875 0.57265625 0.0671875 0.0671875
0 0.64375 0.0296875 0.0671875 0.0359375
0 0.55234375 0.4453125 0.06875 0.06875
0 0.52890625 0.60546875 0.0671875 0.0671875
0 0.9890625 0.47890625 0.021875 0.0640625
0 0.45859375 0.01015625 0.0671875 0.0203125
0 0.41640625 0.98046875 0.065625 0.0328125
0 0.97109375 0.5265625 0.0578125 0.065625
0 0.17421875 0.690625 0.0640625 0.0609375
0 0.590625 0.60390625 0.06875 0.0703125
0 0.028125 0.92578125 0.05625 0.0328125
0 0.146875 0.453125 0.0671875 0.0609375
0 0.04296875 0.325 0.0546875 0.065625
0 0.0625 0.10078125 0.0296875 0.0640625
0 0.90390625 0.06171875 0.0625 0.0265625
0 0.99609375 0.39765625 0.0078125 0.0640625
0 0.6828125 0.52421875 0.0640625 0.0640625
0 0.1828125 0.309375 0.0671875 0.0625
0 0.984375 0.57734375 0.028125 0.0671875
0 0.90234375 0.96875 0.0640625 0.0625
1 0.9078125 0.74140625 0.0578125 0.0578125
0 0.2890625 0.96640625 0.0671875 0.0265625
0 0.94296875 0.8578125 0.03125 0.0625
0 0.00859375 0.49296875 0.0171875 0.0703125
1 0.81171875 0.07734375 0.059375 0.0640625
0 0.525 0.990625 0.06875 0.01875
0 0.0171875 0.38359375 0.01875 0.059375
0 0.20859375 0.4625 0.0609375 0.0546875
0 0.08984375 0.940625 0.059375 0.0203125
0 0.84296875 0.0484375 0.0625 0.0171875
0 0.03203125 0.2703125 0.0171875 0.0640625
0 0.3546875 0.97421875 0.0609375 0.028125
0 0.07265625 0.89921875 0.065625 0.0515625