0 0.4421875 0.703125 0.1921875 0.16875
0 0.37109375 0.421875 0.1828125 0.190625
0 0.06796875 0.6765625 0.1359375 0.153125
0 0.01953125 0.778125 0.0390625 0.1375
0 0.1484375 0.5671875 0.1546875 0.146875
0 0.2296875 0.88984375 0.178125 0.1546875
0 0.1390625 0.7984375 0.1671875 0.1484375
0 0.58828125 0.95703125 0.1484375 0.0859375
0 0.071875 0.4453125 0.14375 0.15
0 0.2296875 0.66015625 0.1703125 0.184375
0 0.3875 0.5734375 0.1828125 0.159375
0 0.209375 0.15859375 0.1515625 0.1515625
0 0.40234375 0.95234375 0.1671875 0.0953125
0 0.3046875 0.28046875 0.1828125 0.159375
0 0.02890625 0.56796875 0.0578125 0.1421875
0 0.61875 0.8640625 0.1625 0.153125
0 0.21640625 0.40390625 0.15 0.1515625
0 0.55234375 0.58203125 0.1828125 0.1578125
0 0.05703125 0.8796875 0.1140625 0.103125
0 0.11328125 0.3171875 0.14375 0.1453125
0 0.30859375 0.7765625 0.165625 0.153125
0 0.5953125 0.72890625 0.1703125 0.15625
0 0.1515625 0.0296875 0.1375 0.059375
0 0.45390625 0.3328125 0.1390625 0.128125
0 0.50625 0.4515625 0.140625 0.1328125
0 0.0890625 0.15703125 0.0828125 0.1234375
0 0.48046875 0.84765625 0.1390625 0.1375