1 0.953125 0.628125 0.09375 0.1671875
1 0.9015625 0.78359375 0.1796875 0.1875
1 0.82734375 0.91796875 0.1875 0.1640625
1 0.6453125 0.91484375 0.190625 0.1703125
1 0.7359375 0.7734375 0.19140625 0.19765625
1 0.8078125 0.61328125 0.18984375 0.1796875
1 0.88203125 0.4703125 0.18515625 0.1859375
1 0.93984375 0.30703125 0.1203125 0.1921875
1 0.921875 0.059375 0.15625 0.11875
1 0.8625 0.16875 0.165625 0.1921875
1 0.78359375 0.31953125 0.19375 0.19453125
1 0.6890625 0.4796875 0.19140625 0.171875
1 0.62890625 0.64453125 0.18515625 0.1890625
1 0.54921875 0.78984375 0.17890625 0.18359375
1 0.4609375 0.94296875 0.1796875 0.1140625
1 0.0953125 0.9171875 0.1765625 0.165625
1 0.29140625 0.9328125 0.178125 0.134375
1 0.37734375 0.81171875 0.1703125 0.18359375
1 0.19375 0.79765625 0.18203125 0.1734375
1 0.1109375 0.64375 0.1859375 0.18125
1 0.28359375 0.6578125 0.16796875 0.1875
1 0.446875 0.65703125 0.178125 0.19140625
1 0.515625 0.490625 0.16796875 0.16796875
1 0.60390625 0.33515625 0.1703125 0.20078125
1 0.68984375 0.18984375 0.18515625 0.1765625
1 0.76328125 0.0625 0.1703125 0.125
1 0.5953125 0.059375 0.190625 0.11875
1 0.5140625 0.1796875 0.18125 0.19453125
1 0.434375 0.3359375 0.18515625 0.171875
1 0.35234375 0.484375 0.178125 0.1859375
1 0.18203125 0.50078125 0.18046875 0.18125
1 0.04375 0.5046875 0.0875 0.190625
1 0.0921875 0.36640625 0.184375 0.171875
2 0.26015625 0.35546875 0.171875 0.1609375
1 0.3234375 0.21953125 0.1828125 0.1890625
1 0.15 0.2109375 0.18125 0.1765625
1 0.22421875 0.075 0.178125 0.15
1 0.409375 0.078125 0.1890625 0.15625
1 0.0671875 0.08125 0.134375 0.1625