1 0.98125 0.8125 0.0375 0.171875
1 0.9359375 0.55390625 0.128125 0.1828125
1 0.90546875 0.6953125 0.1890625 0.228125
1 0.87578125 0.846875 0.20625 0.190625
1 0.70859375 0.88046875 0.209375 0.2
1 0.74140625 0.72578125 0.221875 0.25
1 0.81484375 0.584375 0.2140625 0.2171875
1 0.8515625 0.4109375 0.209375 0.2125
1 0.87109375 0.24609375 0.2015625 0.2234375
1 0.8046875 0.04453125 0.209375 0.0890625
1 0.74140625 0.12578125 0.225 0.221875
1 0.7140625 0.29765625 0.2203125 0.2296875
1 0.690625 0.475 0.221875 0.221875
1 0.61953125 0.61171875 0.23125 0.2296875
1 0.57109375 0.78828125 0.23125 0.25625
1 0.51875 0.928125 0.190625 0.14375
1 0.340625 0.93828125 0.21875 0.1234375
1 0.18125 0.95078125 0.1875 0.0984375
1 0.2375 0.8515625 0.2203125 0.240625
1 0.3984375 0.8140625 0.20625 0.2421875
1 0.4453125 0.6640625 0.21875 0.2296875
1 0.2625 0.66171875 0.2234375 0.26875
1 0.11953125 0.73671875 0.196875 0.2484375
1 0.11640625 0.56640625 0.1984375 0.20625
1 0.33203125 0.52421875 0.221875 0.21875
1 0.49921875 0.48671875 0.2140625 0.2171875
1 0.54609375 0.33203125 0.20625 0.209375
1 0.37578125 0.365625 0.225 0.225
1 0.203125 0.4328125 0.225 0.221875
1 0.05546875 0.43984375 0.1109375 0.1859375
1 0.0890625 0.29921875 0.178125 0.2171875
1 0.2359375 0.2625 0.2171875 0.2125
1 0.40390625 0.19609375 0.23125 0.2375
1 0.58046875 0.1703125 0.2125 0.2328125
1 0.6296875 0.05078125 0.196875 0.1015625
1 0.46015625 0.07109375 0.2015625 0.1421875
1 0.265625 0.11640625 0.2125 0.184375
1 0.0953125 0.153125 0.190625 0.175
1 0.01875 0.1890625 0.0375 0.175