0 0.03359375 0.93046875 0.04375 0.0453125
0 0.0796875 0.928125 0.046875 0.046875
0 0.4828125 0.92890625 0.0453125 0.046875
0 0.5796875 0.9125 0.0453125 0.046875
0 0.23671875 0.9546875 0.04375 0.04375
0 0.5296875 0.9265625 0.046875 0.0484375
0 0.2125 0.91875 0.0453125 0.046875
0 0.26015625 0.9171875 0.046875 0.046875
0 0.75 0.9296875 0.046875 0.046875
0 0.41796875 0.965625 0.04375 0.0421875
0 0.66171875 0.92734375 0.0453125 0.046875
0 0.6375 0.96953125 0.0453125 0.0453125
0 0.80625 0.91328125 0.046875 0.046875
0 0.70390625 0.92890625 0.04375 0.0453125
0 0.61875 0.92890625 0.0421875 0.0453125
0 0.00625 0.92734375 0.0125 0.0453125
0 0.928125 0.9265625 0.0453125 0.0453125
0 0.16875 0.9234375 0.04375 0.0453125
0 0.3046875 0.93125 0.04375 0.046875
0 0.1453125 0.9671875 0.04375 0.04375
0 0.09765625 0.96875 0.0421875 0.0359375
0 0.50234375 0.9703125 0.04375 0.04375
0 0.8875 0.928125 0.0453125 0.046875
0 0.96953125 0.92421875 0.0328125 0.0484375
0 0.0546875 0.96796875 0.04375 0.034375
0 0.12890625 0.90078125 0.046875 0.0484375
0 0.0171875 0.96640625 0.034375 0.0359375
0 0.83984375 0.9921875 0.0453125 0.015625
0 0.77109375 0.96953125 0.04375 0.04375
0 0.68671875 0.9640625 0.04375 0.0453125
0 0.43828125 0.93203125 0.0421875 0.0453125
0 0.39609375 0.93046875 0.046875 0.046875
0 0.75390625 0.9921875 0.0453125 0.015625
0 0.72578125 0.97109375 0.0453125 0.04375
0 0.9109375 0.9625 0.0421875 0.0453125
0 0.54765625 0.971875 0.04375 0.04375
0 0.18984375 0.96171875 0.04375 0.0453125
0 0.66171875 0.99140625 0.0421875 0.0171875
0 0.8203125 0.96796875 0.0453125 0.04375
0 0.45859375 0.97109375 0.0421875 0.0421875
0 0.93046875 0.9921875 0.0453125 0.015625
0 0.6140625 0.99296875 0.040625 0.0140625
0 0.59375 0.9703125 0.04375 0.0453125
0 0.528125 0.9921875 0.04375 0.015625
0 0.796875 0.99375 0.04375 0.0125
0 0.35390625 0.90859375 0.046875 0.046875
0 0.95625 0.96328125 0.04375 0.04375
0 0.37265625 0.9671875 0.04375 0.0421875
0 0.3234375 0.97265625 0.04375 0.04375
0 0.8859375 0.9921875 0.04375 0.015625
0 0.5703125 0.99375 0.04375 0.0125
0 0.70625 0.99296875 0.04375 0.0140625
0 0.84453125 0.921875 0.040625 0.0453125
0 0.28046875 0.97265625 0.0421875 0.0421875
0 0.96796875 0.99296875 0.0296875 0.0140625
0 0.8671875 0.96328125 0.046875 0.046875
0 0.16484375 0.98359375 0.0421875 0.0109375
0 0.48203125 0.99375 0.04375 0.0125
0 0.2140625 0.98046875 0.0421875 0.021875
0 0.39453125 0.9921875 0.04375 0.0109375
0 0.1265625 0.98203125 0.034375 0.0109375
0 0.35 0.99140625 0.0421875 0.009375
0 0.4359375 0.9921875 0.0421875 0.0125
0 0.98046875 0.9640625 0.009375 0.0421875