1 0.91171875 0.75546875 0.1765625 0.1953125
1 0.49921875 0.09296875 0.2328125 0.1859375
1 0.68125 0.08828125 0.209375 0.1765625
1 0.828125 0.62734375 0.2140625 0.2109375
1 0.3984375 0.86640625 0.2 0.1921875
1 0.328125 0.0984375 0.2046875 0.1796875
1 0.2890625 0.7296875 0.1921875 0.1890625
1 0.56875 0.8328125 0.2140625 0.2078125
1 0.54765625 0.3890625 0.2109375 0.184375
1 0.3765625 0.39921875 0.2046875 0.209375
1 0.86171875 0.4484375 0.2140625 0.1921875
1 0.33828125 0.559375 0.209375 0.196875
1 0.1 0.30859375 0.2 0.1921875
1 0.74375 0.34296875 0.2171875 0.2125
1 0.853125 0.0703125 0.184375 0.140625
1 0.80390625 0.19453125 0.2171875 0.20625
1 0.44296875 0.24609375 0.20625 0.2109375
1 0.27890625 0.2703125 0.215625 0.2109375
1 0.91328125 0.30703125 0.15 0.2
1 0.9390625 0.57421875 0.121875 0.2046875
1 0.67734375 0.91953125 0.190625 0.1421875
1 0.6421875 0.67578125 0.2109375 0.2
1 0.0734375 0.4828125 0.146875 0.190625
1 0.15 0.165625 0.225 0.2109375
1 0.61640625 0.23515625 0.2203125 0.2109375
1 0.16640625 0.61171875 0.2125 0.20625
1 0.75625 0.79453125 0.2109375 0.2109375
1 0.8515625 0.890625 0.20625 0.146875
1 0.2359375 0.88046875 0.2171875 0.2
1 0.10859375 0.75625 0.171875 0.1953125
1 0.44453125 0.70546875 0.2125 0.1984375
1 0.209375 0.44375 0.2234375 0.2109375
1 0.0265625 0.1828125 0.053125 0.209375
1 0.16796875 0.975 0.1984375 0.05
1 0.5203125 0.5515625 0.20625 0.2
1 0.33515625 0.9609375 0.1890625 0.078125
1 0.5015625 0.9453125 0.209375 0.109375
1 0.68828125 0.51171875 0.2171875 0.209375
1 0.10625 0.91953125 0.1125 0.1609375
1 0.9703125 0.8578125 0.059375 0.14375
1 0.01796875 0.35390625 0.0359375 0.1953125
1 0.06875 0.096875 0.1375 0.0875
1 0.9875 0.7296875 0.025 0.203125
1 0.92265625 0.15 0.084375 0.190625
1 0.040625 0.621875 0.08125 0.1875
1 0.2125 0.05703125 0.19375 0.0625
1 0.57890625 0.01328125 0.1921875 0.0265625
1 0.9734375 0.42578125 0.053125 0.1703125