0 0.365625 0.021875 0.065625 0.04375
0 0.7984375 0.02578125 0.065625 0.05
0 0.38203125 0.07734375 0.065625 0.065625
0 0.59453125 0.025 0.06875 0.05
0 0.3015625 0.02265625 0.0625 0.0453125
0 0.88671875 0.37734375 0.065625 0.0671875
0 0.80390625 0.2640625 0.065625 0.0671875
0 0.89375 0.178125 0.0640625 0.065625
0 0.91171875 0.30703125 0.065625 0.065625
0 0.87265625 0.25546875 0.065625 0.0671875
0 0.67890625 0.1640625 0.065625 0.065625
0 0.296875 0.2703125 0.065625 0.065625
0 0.6421875 0.2234375 0.0640625 0.065625
0 0.36875 0.15234375 0.0671875 0.065625
0 0.83125 0.1953125 0.0625 0.065625
0 0.69921875 0.33984375 0.065625 0.0640625
0 0.2625 0.071875 0.065625 0.065625
0 0.93125 0.11875 0.065625 0.065625
0 0.80703125 0.12265625 0.0625 0.06875
0 0.46953125 0.33046875 0.065625 0.0625
0 0.61875 0.33515625 0.065625 0.0671875
0 0.8671875 0.10703125 0.0625 0.06875
0 0.23125 0.13203125 0.065625 0.0625
0 0.64375 0.109375 0.065625 0.0625
0 0.72109375 0.403125 0.0640625 0.0640625
0 0.303125 0.13828125 0.0625 0.065625
0 0.553125 0.3375 0.065625 0.065625
0 0.1984375 0.0625 0.0625 0.0640625
0 0.72890625 0.0140625 0.0671875 0.028125
0 0.23359375 0.01953125 0.065625 0.0375
0 0.2671875 0.19375 0.0640625 0.065625
0 0.440625 0.2703125 0.065625 0.0625
0 0.5703125 0.51640625 0.06875 0.0609375
0 0.953125 0.38203125 0.0625 0.0671875
0 0.9015625 0.01328125 0.0671875 0.025
0 0.8515625 0.55078125 0.065625 0.06875
0 0.72578125 0.5234375 0.0640625 0.06875
0 0.50546875 0.38359375 0.065625 0.0625
0 0.63515625 0.64375 0.0640625 0.0625
0 0.61171875 0.165625 0.0640625 0.0640625
0 0.7765625 0.67421875 0.065625 0.065625
0 0.75078125 0.60234375 0.065625 0.0625
0 0.7375 0.721875 0.065625 0.0625
0 0.4359375 0.5140625 0.065625 0.0640625
0 0.5328125 0.57265625 0.065625 0.0625
1 0.47109375 0.43984375 0.0625 0.053125
0 0.50078125 0.6296875 0.065625 0.0625
0 0.596875 0.571875 0.0625 0.0609375
1 0.45 0.1546875 0.06875 0.075
0 0.9703125 0.01015625 0.059375 0.01875
0 0.7890625 0.55 0.065625 0.065625
1 0.6484375 0.39375 0.0625 0.059375
1 0.76875 0.340625 0.053125 0.059375
0 0.3703125 0.38984375 0.06875 0.059375
0 0.465625 0.559375 0.0609375 0.05625
1 0.76875 0.18828125 0.059375 0.06875
0 0.70703125 0.659375 0.0625 0.059375
1 0.51875 0.0734375 0.0625 0.06875
0 0.6375 0.76953125 0.065625 0.065625
1 0.32421875 0.07109375 0.0515625 0.0546875
1 0.7109375 0.0734375 0.0578125 0.071875
1 0.57890625 0.0984375 0.0625 0.071875
1 0.5265625 0.26875 0.059375 0.075
0 0.5453125 0.70078125 0.065625 0.0609375
0 0.81328125 0.609375 0.065625 0.065625
1 0.403125 0.2046875 0.0625 0.0546875
0 0.5671875 0.63984375 0.0671875 0.0625
1 0.62578125 0.459375 0.0625 0.0625
1 0.7609375 0.459375 0.05 0.0578125
1 0.79296875 0.40078125 0.0625 0.06875
1 0.36953125 0.259375 0.0625 0.06875
0 0.40703125 0.45 0.065625 0.0625
1 0.5875 0.26015625 0.0671875 0.071875
1 0.5546875 0.19296875 0.059375 0.0578125
0 0.671875 0.70703125 0.059375 0.059375
0 0.6046875 0.69765625 0.0625 0.059375
1 0.81953125 0.48203125 0.059375 0.059375
1 0.91484375 0.44375 0.05625 0.0609375
1 0.76953125 0.06328125 0.059375 0.053125
1 0.709375 0.23046875 0.065625 0.065625
1 0.49140625 0.20390625 0.059375 0.0703125
0 0.684375 0.5828125 0.065625 0.0625
1 0.66796875 0.28359375 0.0609375 0.05625
1 0.959375 0.18203125 0.059375 0.053125
1 0.44921875 0.0828125 0.0640625 0.059375
0 0.50390625 0.50546875 0.065625 0.0640625
1 0.66015625 0.515625 0.065625 0.05625
1 0.3390625 0.20390625 0.0609375 0.046875
1 0.73671875 0.1328125 0.0640625 0.0546875
1 0.58515625 0.40078125 0.05625 0.071875
1 0.9109375 0.05859375 0.065625 0.0515625
1 0.4 0.3234375 0.0640625 0.05625
1 0.97421875 0.05859375 0.0515625 0.065625
1 0.94375 0.25234375 0.0625 0.0625
1 0.7390625 0.2875 0.0625 0.053125
1 0.97578125 0.31875 0.0484375 0.059375
0 0.99140625 0.26015625 0.0171875 0.0703125
1 0.54140625 0.44296875 0.059375 0.05625
1 0.8265625 0.32578125 0.0625 0.053125
0 0.56875 0.77265625 0.06875 0.0671875
1 0.884375 0.48515625 0.0546875 0.059375
1 0.68828125 0.45234375 0.059375 0.053125
0 0.521875 0.1390625 0.065625 0.0625
1 0.33515625 0.32421875 0.059375 0.059375
1 0.846875 0.4265625 0.0609375 0.053125
1 0.4453125 0.02578125 0.0609375 0.0515625
0 0.85390625 0.03125 0.05625 0.05625
0 0.49296875 0.021875 0.065625 0.04375
0 0.6359375 0.865625 0.0625 0.0625
0 0.70859375 0.76953125 0.0625 0.05625
0 0.1578125 0.03125 0.065625 0.0625