0 0.01328125 0.41328125 0.0265625 0.04375
0 0.04921875 0.415625 0.04140625 0.0453125
0 0.0921875 0.4109375 0.04375 0.04453125
0 0.1421875 0.384375 0.04609375 0.04765625
0 0.18359375 0.403125 0.0421875 0.04375
0 0.2265625 0.39921875 0.04375 0.04765625
0 0.2734375 0.39453125 0.04296875 0.046875
0 0.31796875 0.40703125 0.04453125 0.04609375
0 0.365625 0.38359375 0.04375 0.04765625
0 0.40859375 0.403125 0.0421875 0.04609375
0 0.45234375 0.40390625 0.0421875 0.04375
0 0.49609375 0.3984375 0.04296875 0.04609375
0 0.5421875 0.39453125 0.04140625 0.046875
0 0.59140625 0.3796875 0.04453125 0.04609375
0 0.63125 0.39453125 0.03984375 0.04609375
0 0.6765625 0.38828125 0.0453125 0.046875
0 0.71953125 0.3890625 0.0421875 0.04609375
0 0.76484375 0.3890625 0.04296875 0.046875
0 0.81953125 0.37109375 0.04609375 0.04765625
0 0.85703125 0.3796875 0.0421875 0.0453125
0 0.9 0.38515625 0.04375 0.0484375
0 0.94375 0.3828125 0.04375 0.046875
0 0.984375 0.3765625 0.03125 0.04375
0 0.02734375 0.45625 0.0421875 0.0421875
0 0.0703125 0.45625 0.0421875 0.04375
0 0.11484375 0.45390625 0.0421875 0.040625
0 0.1578125 0.446875 0.0421875 0.0421875
0 0.203125 0.44296875 0.0421875 0.04375
0 0.2515625 0.43359375 0.04296875 0.04140625
0 0.296875 0.44921875 0.04140625 0.040625
0 0.33984375 0.45 0.0421875 0.04296875
0 0.38828125 0.44140625 0.03984375 0.040625
0 0.43359375 0.4375 0.040625 0.040625
0 0.4765625 0.44140625 0.040625 0.040625
0 0.51875 0.440625 0.04140625 0.0421875
0 0.56484375 0.440625 0.0421875 0.04140625
0 0.61171875 0.4359375 0.04375 0.040625
0 0.6546875 0.43359375 0.0421875 0.04375
0 0.7015625 0.4265625 0.04375 0.04140625
0 0.74375 0.43046875 0.0421875 0.0421875
0 0.78828125 0.42734375 0.04296875 0.0421875
0 0.83828125 0.4234375 0.0421875 0.04140625
0 0.8828125 0.42109375 0.04296875 0.0421875
0 0.9265625 0.41640625 0.04375 0.0421875
0 0.9703125 0.41640625 0.04375 0.04140625
0 0.01328125 0.4921875 0.0265625 0.040625
0 0.05 0.49375 0.04375 0.04140625
0 0.09375 0.4890625 0.040625 0.040625
0 0.13828125 0.48203125 0.040625 0.0421875
0 0.20859375 0.515625 0.03984375 0.0421875
0 0.23046875 0.46953125 0.0390625 0.03984375
0 0.1828125 0.4796875 0.03828125 0.0421875
0 0.2765625 0.48515625 0.03984375 0.04140625
0 0.3203125 0.4859375 0.03984375 0.0421875
0 0.25625 0.5203125 0.04140625 0.040625
0 0.365625 0.48359375 0.0421875 0.04375
0 0.409375 0.48046875 0.0390625 0.040625
0 0.45546875 0.47734375 0.040625 0.040625
0 0.4984375 0.4765625 0.040625 0.0421875
0 0.54375 0.475 0.0421875 0.04140625
0 0.5890625 0.47578125 0.04140625 0.04140625
0 0.63359375 0.47421875 0.040625 0.04375
0 0.6796875 0.46875 0.04140625 0.04140625
0 0.725 0.46953125 0.04296875 0.04296875
0 0.76953125 0.465625 0.04375 0.04296875
0 0.81484375 0.465625 0.04140625 0.04140625
0 0.859375 0.465625 0.04140625 0.04375
0 0.90390625 0.4625 0.04140625 0.0421875
0 0.946875 0.4609375 0.04375 0.04140625
0 0.98515625 0.459375 0.0296875 0.0375
0 0.03203125 0.53125 0.04140625 0.0421875
0 0.07578125 0.5265625 0.04296875 0.0421875
0 0.11953125 0.528125 0.0421875 0.04296875
0 0.1640625 0.51953125 0.04375 0.04296875
0 0.29921875 0.52265625 0.04140625 0.0421875
0 0.34453125 0.51953125 0.0421875 0.0421875
0 0.3875 0.5203125 0.040625 0.04296875
0 0.4328125 0.51796875 0.0421875 0.04140625
0 0.47734375 0.51484375 0.0421875 0.04453125
0 0.5234375 0.5140625 0.0421875 0.04140625
0 0.56640625 0.51328125 0.0421875 0.0421875
0 0.61171875 0.51171875 0.0421875 0.0421875
0 0.6546875 0.5171875 0.0375 0.03671875
0 0.70234375 0.50703125 0.040625 0.0421875
0 0.7484375 0.50546875 0.0421875 0.04140625
0 0.79453125 0.503125 0.0421875 0.04296875
0 0.83984375 0.4984375 0.0421875 0.04296875
0 0.8859375 0.4984375 0.03984375 0.04140625
0 0.92890625 0.49765625 0.0421875 0.04375
0 0.971875 0.49609375 0.040625 0.04140625
0 0.01484375 0.5703125 0.0296875 0.04375
0 0.0546875 0.56171875 0.04453125 0.04453125
0 0.10078125 0.5625 0.04296875 0.04140625
0 0.14375 0.56171875 0.04140625 0.04296875
0 0.18828125 0.55859375 0.0421875 0.04453125
0 0.23359375 0.5640625 0.040625 0.04296875
0 0.2765625 0.559375 0.0421875 0.04375
0 0.3234375 0.56171875 0.040625 0.0421875
0 0.3671875 0.5578125 0.04375 0.040625
0 0.41015625 0.55703125 0.0421875 0.0421875
0 0.45859375 0.55390625 0.04296875 0.04375
0 0.503125 0.54609375 0.0421875 0.04296875
0 0.54609375 0.55234375 0.03984375 0.04140625
0 0.59140625 0.54921875 0.0421875 0.040625
0 0.63515625 0.55234375 0.04140625 0.04375
0 0.68125 0.54453125 0.04140625 0.0421875
0 0.725 0.53828125 0.04375 0.0421875
0 0.7703125 0.54375 0.040625 0.040625
0 0.81640625 0.54140625 0.0421875 0.040625
0 0.8625 0.5359375 0.04453125 0.04140625
0 0.90703125 0.540625 0.04296875 0.04453125
0 0.98671875 0.53203125 0.0265625 0.04375
0 0.95234375 0.5375 0.0421875 0.04140625
0 0.03125 0.6125 0.040625 0.04140625
0 0.07421875 0.61171875 0.04140625 0.0421875
0 0.1203125 0.6 0.04296875 0.0421875
0 0.01484375 0.646875 0.0296875 0.0421875
0 0.1640625 0.59921875 0.04453125 0.04296875
0 0.05390625 0.64375 0.0421875 0.04375
0 0.2109375 0.59765625 0.040625 0.04140625
0 0.09921875 0.6390625 0.04296875 0.04296875
0 0.25546875 0.60390625 0.0390625 0.04375
0 0.14609375 0.640625 0.04140625 0.040625
0 0.346875 0.59609375 0.04453125 0.04453125
0 0.30078125 0.6 0.04140625 0.04140625
0 0.43671875 0.59453125 0.0421875 0.04453125
0 0.39140625 0.59296875 0.04296875 0.04140625
1 0.20859375 0.675 0.04375 0.04140625
0 0.52734375 0.5859375 0.0421875 0.0421875
0 0.48046875 0.5953125 0.04453125 0.04296875
0 0.57109375 0.5875 0.03984375 0.04296875
0 0.615625 0.5859375 0.0421875 0.04296875
0 0.66015625 0.58515625 0.0453125 0.0421875
0 0.70546875 0.58203125 0.04453125 0.04453125
0 0.7515625 0.578125 0.04140625 0.0421875
0 0.79453125 0.575 0.04140625 0.04296875
0 0.84296875 0.57578125 0.04140625 0.0421875
0 0.8859375 0.57734375 0.04375 0.0453125
0 0.93046875 0.57421875 0.04296875 0.04375
0 0.9765625 0.57109375 0.040625 0.0421875
0 0.1890625 0.64140625 0.0421875 0.04140625
0 0.27890625 0.63671875 0.040625 0.0421875
0 0.234375 0.63671875 0.04140625 0.0421875
0 0.3234375 0.63359375 0.040625 0.04140625
0 0.36953125 0.6375 0.0421875 0.0421875
0 0.41484375 0.6328125 0.040625 0.0390625
0 0.46015625 0.6265625 0.04140625 0.04296875
0 0.50390625 0.625 0.04140625 0.04140625
0 0.59609375 0.6234375 0.04140625 0.04140625
0 0.54921875 0.63046875 0.04609375 0.0421875
0 0.63984375 0.6265625 0.04140625 0.040625
0 0.6859375 0.62421875 0.04140625 0.04296875
0 0.7296875 0.6171875 0.040625 0.04296875
0 0.7734375 0.615625 0.040625 0.0421875
0 0.81953125 0.61796875 0.04375 0.04296875
0 0.8640625 0.61953125 0.04375 0.04296875
0 0.91015625 0.615625 0.0421875 0.04296875
0 0.95703125 0.6109375 0.0421875 0.04375
0 0.98984375 0.60703125 0.0203125 0.0421875
0 0.034375 0.68125 0.03984375 0.04375
0 0.07890625 0.68046875 0.04375 0.04375
0 0.12265625 0.67578125 0.040625 0.0421875
0 0.16875 0.6734375 0.0421875 0.04375
0 0.26171875 0.6796875 0.03984375 0.0390625
0 0.30625 0.6703125 0.0421875 0.03984375
0 0.35 0.6734375 0.03984375 0.04140625
0 0.39375 0.671875 0.03984375 0.0421875
0 0.440625 0.66953125 0.04453125 0.04140625
0 0.48359375 0.6703125 0.03984375 0.04296875
0 0.52890625 0.67421875 0.0421875 0.04140625
0 0.5734375 0.6640625 0.040625 0.040625
0 0.61875 0.6625 0.0421875 0.0421875
0 0.66328125 0.6671875 0.0421875 0.03984375
0 0.70703125 0.66328125 0.040625 0.03984375
0 0.753125 0.6578125 0.04296875 0.0421875
0 0.79921875 0.6578125 0.04296875 0.040625
0 0.8421875 0.6578125 0.0421875 0.0421875
0 0.88671875 0.65703125 0.04296875 0.040625
0 0.93359375 0.6546875 0.03984375 0.03828125
0 0.98046875 0.65 0.0390625 0.0390625
0 0.01640625 0.72109375 0.0328125 0.0421875
0 0.05703125 0.71796875 0.04140625 0.040625
0 0.10234375 0.721875 0.040625 0.040625
0 0.14765625 0.71640625 0.0421875 0.040625
0 0.19375 0.71484375 0.0390625 0.0390625
0 0.23984375 0.71171875 0.040625 0.040625
0 0.2828125 0.7140625 0.040625 0.0390625
0 0.41796875 0.709375 0.0421875 0.0421875
0 0.37421875 0.71171875 0.03984375 0.04140625
0 0.328125 0.72265625 0.040625 0.040625
0 0.46328125 0.71015625 0.03984375 0.0421875
0 0.50625 0.7078125 0.03984375 0.04140625
0 0.55234375 0.70546875 0.04140625 0.04296875
0 0.59765625 0.703125 0.040625 0.04140625
0 0.6875 0.69921875 0.04140625 0.04140625
0 0.64140625 0.69921875 0.0390625 0.04140625
0 0.73203125 0.6984375 0.04140625 0.0421875
0 0.77578125 0.69765625 0.04140625 0.0421875
0 0.82109375 0.69375 0.0390625 0.040625
0 0.86484375 0.6921875 0.04140625 0.04140625
0 0.9109375 0.69296875 0.0421875 0.0421875
0 0.95859375 0.69140625 0.0421875 0.0421875
0 0.03671875 0.76015625 0.04140625 0.04140625
0 0.125 0.75546875 0.040625 0.04140625
0 0.08125 0.75859375 0.04140625 0.03984375
0 0.1703125 0.7546875 0.040625 0.040625
0 0.215625 0.7515625 0.03984375 0.04140625
0 0.2625 0.74921875 0.03984375 0.04140625
0 0.31015625 0.74921875 0.04140625 0.04140625
0 0.353125 0.75234375 0.03984375 0.03984375
0 0.396875 0.75 0.04140625 0.040625
0 0.440625 0.74765625 0.03828125 0.03984375
0 0.4859375 0.7484375 0.040625 0.0421875
0 0.52890625 0.75 0.0375 0.0390625
0 0.575 0.74375 0.04375 0.04375
0 0.6234375 0.740625 0.0375 0.040625
0 0.6671875 0.7375 0.03984375 0.040625
0 0.71015625 0.73828125 0.0390625 0.04140625
0 0.75546875 0.7359375 0.0421875 0.0390625
0 0.80078125 0.73203125 0.03984375 0.03984375
0 0.84375 0.73671875 0.0390625 0.0390625
0 0.934375 0.72890625 0.0421875 0.04296875
0 0.88828125 0.73203125 0.040625 0.0390625
0 0.98046875 0.725 0.0390625 0.0421875
0 0.01796875 0.79765625 0.0359375 0.040625
0 0.06171875 0.79765625 0.04140625 0.0375
0 0.10625 0.79296875 0.03828125 0.040625
0 0.14921875 0.7953125 0.03984375 0.040625
0 0.19375 0.790625 0.03984375 0.0421875
0 0.24140625 0.78828125 0.04140625 0.040625
0 0.28671875 0.7859375 0.03984375 0.0390625
0 0.3328125 0.790625 0.040625 0.04296875
0 0.37578125 0.79453125 0.03984375 0.040625
0 0.42109375 0.784375 0.04140625 0.04296875
0 0.465625 0.784375 0.04140625 0.04140625
0 0.5109375 0.7828125 0.04140625 0.040625
0 0.5546875 0.78515625 0.0421875 0.03984375
0 0.6 0.78203125 0.0390625 0.040625
0 0.64453125 0.77734375 0.04140625 0.04140625
0 0.69140625 0.77734375 0.04296875 0.04296875
0 0.7359375 0.771875 0.0421875 0.040625
0 0.78046875 0.77421875 0.0421875 0.04140625
0 0.825 0.76875 0.04140625 0.04140625
0 0.87265625 0.7703125 0.040625 0.040625
0 0.91640625 0.7640625 0.0421875 0.04296875
0 0.00859375 0.83125 0.0171875 0.0390625
0 0.040625 0.83359375 0.0421875 0.0421875
0 0.08515625 0.83359375 0.040625 0.040625
0 0.1296875 0.834375 0.040625 0.04140625
0 0.17578125 0.83671875 0.040625 0.040625
0 0.21875 0.83203125 0.04453125 0.04375
0 0.26484375 0.82421875 0.040625 0.04296875
0 0.309375 0.82578125 0.040625 0.04140625
0 0.35546875 0.82578125 0.040625 0.0421875
0 0.39921875 0.82421875 0.04140625 0.0421875
0 0.4453125 0.8234375 0.03984375 0.040625
0 0.490625 0.8203125 0.04140625 0.0421875
0 0.534375 0.81953125 0.0390625 0.03984375
0 0.57890625 0.8203125 0.0390625 0.0421875
0 0.62421875 0.81484375 0.04140625 0.04296875
0 0.6703125 0.815625 0.0421875 0.04296875
0 0.715625 0.8140625 0.040625 0.04296875
0 0.759375 0.81328125 0.0421875 0.0421875
0 0.80234375 0.8125 0.04140625 0.0421875
0 0.85 0.81015625 0.0421875 0.03984375
0 0.8953125 0.81171875 0.04296875 0.04140625
0 0.94140625 0.80546875 0.04296875 0.04296875
0 0.9828125 0.80390625 0.034375 0.04375
0 0.01875 0.86953125 0.0375 0.040625
0 0.0625 0.87109375 0.03984375 0.040625
0 0.10625 0.871875 0.04140625 0.04375
0 0.15390625 0.8765625 0.040625 0.03828125
0 0.2 0.86953125 0.04140625 0.04140625
0 0.24453125 0.871875 0.0421875 0.04140625
0 0.28984375 0.87109375 0.040625 0.0421875
0 0.33359375 0.86640625 0.04140625 0.04140625
0 0.38046875 0.86328125 0.040625 0.04296875
0 0.4234375 0.86484375 0.0421875 0.040625
0 0.4703125 0.85703125 0.0421875 0.04375
0 0.51328125 0.86015625 0.040625 0.040625
0 0.56015625 0.859375 0.0421875 0.03984375
0 0.60546875 0.85703125 0.040625 0.04296875
0 0.65 0.85234375 0.0421875 0.040625
0 0.69375 0.85234375 0.03984375 0.040625
0 0.73984375 0.8546875 0.03984375 0.0421875
0 0.7875 0.85078125 0.040625 0.040625
0 0.8296875 0.846875 0.0421875 0.040625
0 0.87421875 0.85078125 0.0421875 0.040625
0 0.91953125 0.8484375 0.0421875 0.040625
0 0.965625 0.84296875 0.04140625 0.0421875
0 0.0078125 0.91484375 0.015625 0.0421875
0 0.040625 0.909375 0.04140625 0.0421875
0 0.084375 0.90859375 0.040625 0.0421875
0 0.1328125 0.91171875 0.0421875 0.04296875
0 0.17890625 0.9109375 0.04296875 0.0421875
0 0.2234375 0.91015625 0.0421875 0.0421875
0 0.26875 0.9046875 0.0421875 0.04296875
0 0.3125 0.903125 0.04140625 0.0453125
0 0.35859375 0.903125 0.04140625 0.04375
0 0.40546875 0.90234375 0.04140625 0.0421875
0 0.44921875 0.9015625 0.04375 0.04296875
0 0.490625 0.90234375 0.03828125 0.03984375
0 0.53828125 0.9 0.04140625 0.040625
0 0.58359375 0.89609375 0.04296875 0.04140625
0 0.63046875 0.8921875 0.04140625 0.04140625
0 0.67734375 0.88984375 0.040625 0.0390625
0 0.72109375 0.89375 0.03984375 0.0375
0 0.76328125 0.89296875 0.04140625 0.0390625
0 0.8078125 0.88984375 0.04140625 0.0421875
0 0.85390625 0.88515625 0.0421875 0.0421875
0 0.89921875 0.88359375 0.04296875 0.04140625
0 0.94453125 0.884375 0.040625 0.03984375
0 0.98515625 0.88203125 0.0296875 0.040625
0 0.02109375 0.946875 0.04140625 0.0421875
0 0.06640625 0.9515625 0.03984375 0.04140625
0 0.11015625 0.94921875 0.0421875 0.04296875
0 0.15625 0.95 0.040625 0.0421875
0 0.20234375 0.94765625 0.04140625 0.04296875
0 0.246875 0.9453125 0.0421875 0.0421875
0 0.2921875 0.94296875 0.0421875 0.0421875
0 0.33515625 0.9453125 0.04140625 0.04453125
0 0.384375 0.9390625 0.04296875 0.04375
0 0.42734375 0.94375 0.03984375 0.03984375
0 0.47421875 0.934375 0.0421875 0.04296875
0 0.51796875 0.9375 0.04296875 0.040625
0 0.5640625 0.93359375 0.04140625 0.04140625
0 0.60859375 0.93046875 0.04140625 0.04140625
0 0.65390625 0.93046875 0.03984375 0.0421875
0 0.6984375 0.9359375 0.03828125 0.0390625
0 0.74296875 0.93046875 0.04140625 0.04296875
0 0.78828125 0.9265625 0.04296875 0.04375
0 0.83359375 0.93203125 0.04140625 0.04140625
0 0.87734375 0.92578125 0.0390625 0.040625
0 0.9265625 0.91796875 0.0421875 0.04296875
0 0.97109375 0.921875 0.040625 0.040625
0 0.04296875 0.984375 0.040625 0.03125
0 0.0890625 0.984375 0.0421875 0.03125
0 0.134375 0.9828125 0.040625 0.034375
0 0.18046875 0.984375 0.0421875 0.03125
0 0.22578125 0.98359375 0.040625 0.0328125
0 0.2703125 0.98046875 0.0390625 0.0390625
0 0.31484375 0.98203125 0.040625 0.03515625
0 0.36015625 0.978125 0.0375 0.04296875
0 0.40859375 0.975 0.04296875 0.040625
0 0.453125 0.9734375 0.04453125 0.04140625
0 0.496875 0.975 0.04140625 0.040625
0 0.53984375 0.98125 0.0421875 0.0375
0 0.58671875 0.971875 0.04296875 0.04453125
0 0.63125 0.97421875 0.040625 0.04375
0 0.67578125 0.9734375 0.04375 0.04375
0 0.721875 0.96796875 0.040625 0.04296875
0 0.76640625 0.97109375 0.04140625 0.0421875
0 0.8125 0.96328125 0.04296875 0.04375
0 0.85703125 0.9640625 0.04296875 0.04296875
0 0.9046875 0.95859375 0.040625 0.0421875
0 0.95078125 0.95703125 0.0421875 0.0421875
0 0.9875 0.9546875 0.025 0.04375
0 0.88125 0.98984375 0.0421875 0.0203125
0 0.9265625 0.98828125 0.0421875 0.0234375
0 0.975 0.98671875 0.04375 0.0265625
1 0.96015625 0.76640625 0.046875 0.046875