0 0.6109375 0.01875 0.06328125 0.0375
0 0.109375 0.05078125 0.0625 0.059375
0 0.25 0.346875 0.0609375 0.059375
0 0.28046875 0.02421875 0.06171875 0.0484375
0 0.5828125 0.17265625 0.0609375 0.0609375
0 0.34765625 0.02734375 0.059375 0.05390625
0 0.0953125 0.303125 0.0625 0.05859375
0 0.41171875 0.03125 0.059375 0.06015625
0 0.31328125 0.07734375 0.0625 0.0609375
0 0.55 0.1234375 0.059375 0.0609375
0 0.5015625 0.34296875 0.059375 0.06015625
0 0.90546875 0.1734375 0.05859375 0.0578125
0 0.56171875 0.346875 0.0609375 0.06015625
0 0.1890625 0.221875 0.06171875 0.06015625
0 0.3125 0.346875 0.0609375 0.059375
0 0.49296875 0.2359375 0.06171875 0.06015625
0 0.91328125 0.06953125 0.06015625 0.05859375
0 0.8390625 0.06796875 0.0609375 0.059375
0 0.15859375 0.17109375 0.06171875 0.06328125
0 0.228125 0.171875 0.06171875 0.0625
0 0.74765625 0.01953125 0.0625 0.0390625
0 0.5125 0.0609375 0.0609375 0.06015625
0 0.62734375 0.3484375 0.05859375 0.05859375
0 0.54453125 0.01875 0.0640625 0.03671875
0 0.0609375 0.2484375 0.059375 0.05703125
0 0.90625 0.28046875 0.0609375 0.06171875
0 0.06875 0.10625 0.0625 0.06328125
0 0.2546875 0.23359375 0.06328125 0.0625
0 0.9359375 0.221875 0.06171875 0.05859375
0 0.87578125 0.121875 0.06171875 0.05703125
0 0.96953125 0.3984375 0.0578125 0.06015625
0 0.6484375 0.0625 0.06171875 0.06171875
0 0.34609375 0.29765625 0.06171875 0.06015625
0 0.9703125 0.0515625 0.05546875 0.05625
0 0.1859375 0.34609375 0.06171875 0.06171875
0 0.68125 0.01953125 0.0625 0.0390625
0 0.8734375 0.33515625 0.0625 0.059375
0 0.5578125 0.2296875 0.059375 0.05625
0 0.153125 0.0125 0.0625 0.025
0 0.715625 0.27890625 0.0609375 0.0625
0 0.340625 0.13515625 0.0609375 0.06015625
0 0.43125 0.23984375 0.0609375 0.05625
0 0.709375 0.16640625 0.059375 0.05859375
0 0.65 0.17421875 0.0609375 0.0609375
0 0.2828125 0.29453125 0.0609375 0.06015625
0 0.96796875 0.16953125 0.0609375 0.06171875
0 0.74296875 0.11875 0.0625 0.06171875
0 0.34453125 0.4 0.0609375 0.059375
0 0.22109375 0.40625 0.0609375 0.059375
0 0.8734375 0.22578125 0.06015625 0.05625
0 0.78125 0.3921875 0.0609375 0.0578125
0 0.0453125 0.03515625 0.06015625 0.0609375
0 0.2203125 0.2890625 0.06171875 0.0578125
0 0.6140625 0.11328125 0.0609375 0.0609375
0 0.52890625 0.39921875 0.0609375 0.06171875
0 0.840625 0.284375 0.0609375 0.0578125
0 0.81171875 0.3359375 0.059375 0.0578125
0 0.5296875 0.28984375 0.059375 0.0578125
0 0.48671875 0.11640625 0.0609375 0.059375
0 0.21484375 0.01796875 0.06171875 0.03515625
0 0.875 0.0203125 0.0578125 0.040625
0 0.15703125 0.4046875 0.0625 0.06015625
0 0.17421875 0.0546875 0.06015625 0.0578125
0 0.28203125 0.4 0.059375 0.06015625
0 0.40625 0.13984375 0.0609375 0.059375
0 0.2640625 0.11796875 0.06171875 0.05703125
0 0.6578125 0.2953125 0.0609375 0.0609375
0 0.15546875 0.26875 0.0625 0.0609375
0 0.84453125 0.17109375 0.06015625 0.059375
0 0.8109375 0.11484375 0.06171875 0.059375
0 0.4078125 0.40546875 0.05703125 0.05625
0 0.90703125 0.39375 0.06015625 0.06015625
0 0.4109375 0.303125 0.06171875 0.05703125
0 0.57734375 0.0609375 0.06015625 0.0578125
0 0.3140625 0.24375 0.0609375 0.06171875
0 0.37578125 0.08046875 0.059375 0.05703125
0 0.67734375 0.1140625 0.0609375 0.05859375
0 0.8140625 0.01953125 0.0609375 0.0390625
0 0.71171875 0.05703125 0.05859375 0.05546875
0 0.371875 0.2125 0.0625 0.0640625
0 0.74609375 0.3359375 0.059375 0.05859375
0 0.01484375 0.33984375 0.0296875 0.05390625
0 0.23671875 0.06015625 0.0609375 0.0578125
0 0.77734375 0.0578125 0.05859375 0.05390625
0 0.93671875 0.3359375 0.06015625 0.05859375
0 0.09609375 0.1578125 0.0625 0.0578125
0 0.4625 0.18828125 0.0625 0.05859375
0 0.96875 0.2796875 0.0578125 0.059375
0 0.9359375 0.11796875 0.0578125 0.05703125
0 0.01640625 0.253125 0.03203125 0.05859375
0 0.7765625 0.1828125 0.0609375 0.06015625
0 0.7796875 0.28203125 0.05859375 0.06015625
0 0.4375 0.08515625 0.059375 0.059375
0 0.1953125 0.11171875 0.05859375 0.05703125
0 0.13359375 0.10546875 0.06015625 0.05625
0 0.7140625 0.38984375 0.059375 0.05859375
0 0.9390625 0.01484375 0.06328125 0.02890625
0 0.52421875 0.17578125 0.059375 0.06015625
0 0.3765625 0.3484375 0.05859375 0.05859375
0 0.59140625 0.39765625 0.06171875 0.05859375
0 0.98515625 0.01328125 0.0296875 0.0265625
0 0.68046875 0.22890625 0.0609375 0.06015625
0 0.5890625 0.28359375 0.0625 0.0609375
0 0.4671875 0.4 0.059375 0.06015625
0 0.46796875 0.021875 0.0609375 0.04375
0 0.0890625 0.01015625 0.0625 0.01953125
0 0.09296875 0.39921875 0.06015625 0.0609375
0 0.4671875 0.2890625 0.05703125 0.05546875
0 0.9859375 0.11640625 0.02734375 0.0640625
0 0.2875 0.175 0.0578125 0.059375
0 0.98828125 0.23046875 0.0234375 0.0640625
0 0.1203125 0.2140625 0.0640625 0.05703125
0 0.8109375 0.234375 0.06015625 0.053125
0 0.02734375 0.0078125 0.0546875 0.015625
0 0.121875 0.34765625 0.05703125 0.05
0 0.6546875 0.3890625 0.05703125 0.05625
0 0.4390625 0.346875 0.0609375 0.05859375
0 0.8421875 0.3796875 0.0609375 0.05546875
0 0.03046875 0.29609375 0.0609375 0.059375
2 0.61484375 0.2296875 0.06953125 0.06640625
0 0.7375 0.21875 0.05625 0.05859375
0 0.0234375 0.1390625 0.04609375 0.0609375
0 0.984375 0.325 0.03125 0.0625
0 0.01015625 0.07734375 0.0203125 0.0671875
0 0.6859375 0.3375 0.059375 0.0546875
0 0.03515625 0.4046875 0.04765625 0.05234375