0 0.48046875 0.0375 0.075 0.075
0 0.25703125 0.16328125 0.071875 0.075
0 0.17421875 0.26953125 0.0765625 0.0734375
0 0.109375 0.02578125 0.059375 0.0515625
0 0.803125 0.19453125 0.075 0.0765625
0 0.54296875 0.0484375 0.0765625 0.075
0 0.63671875 0.11953125 0.078125 0.0765625
0 0.36953125 0.89375 0.0765625 0.0765625
0 0.3296875 0.56796875 0.078125 0.0765625
0 0.32109375 0.1734375 0.0796875 0.075
0 0.2984375 0.284375 0.078125 0.075
0 0.571875 0.24765625 0.071875 0.0734375
0 0.76484375 0.06796875 0.0765625 0.0625
0 0.765625 0.246875 0.075 0.0765625
0 0.27578125 0.225 0.071875 0.071875
0 0.46875 0.5078125 0.075 0.0765625
0 0.653125 0.30234375 0.0796875 0.0765625
0 0.20859375 0.2171875 0.078125 0.075
0 0.70234375 0.24453125 0.071875 0.075
0 0.1734375 0.45859375 0.075 0.0734375
0 0.83359375 0.07890625 0.071875 0.05625
0 0.7921875 0.31640625 0.0765625 0.0765625
0 0.7140625 0.95234375 0.078125 0.0765625
0 0.1234375 0.078125 0.06875 0.0734375
0 0.7234375 0.3140625 0.0765625 0.078125
0 0.9453125 0.2375 0.0765625 0.0765625
0 0.20625 0.7578125 0.075 0.071875
0 0.05703125 0.26015625 0.05 0.065625
0 0.70390625 0.75625 0.0765625 0.075
0 0.10703125 0.2578125 0.071875 0.075
0 0.13671875 0.3265625 0.075 0.075
0 0.25625 0.33671875 0.075 0.075
0 0.86171875 0.3265625 0.078125 0.078125
0 0.18359375 0.08671875 0.078125 0.075
0 0.4171875 0.634375 0.078125 0.078125
0 0.18359375 0.521875 0.0765625 0.075
0 0.51796875 0.36328125 0.0765625 0.0765625
0 0.234375 0.27578125 0.0703125 0.0734375
0 0.74375 0.8890625 0.0765625 0.0734375
0 0.31953125 0.1046875 0.075 0.075
0 0.603125 0.17421875 0.0703125 0.075
0 0.634375 0.2421875 0.0796875 0.0765625
0 0.15078125 0.2046875 0.06875 0.071875
0 0.68828125 0.37265625 0.0796875 0.0765625
0 0.15625 0.39609375 0.078125 0.078125
0 0.9875 0.23671875 0.025 0.0765625
0 0.08046875 0.140625 0.05 0.0703125
0 0.77421875 0.64375 0.078125 0.075
0 0.08828125 0.2 0.0734375 0.0734375
0 0.8671875 0.20625 0.0796875 0.0765625
0 0.5703125 0.109375 0.0734375 0.0734375
0 0.8375 0.796875 0.0765625 0.075
0 0.57578125 0.73125 0.078125 0.0765625
0 0.165625 0.63515625 0.078125 0.0765625
0 0.90703125 0.74140625 0.078125 0.075
0 0.3390625 0.2375 0.0765625 0.0734375
0 0.6765625 0.06171875 0.0765625 0.0734375
0 0.9296875 0.32109375 0.071875 0.0734375
0 0.72265625 0.10625 0.0734375 0.075
0 0.89296875 0.61484375 0.075 0.0765625
0 0.453125 0.3515625 0.075 0.075
0 0.57890625 0.9734375 0.0765625 0.053125
0 0.8953125 0.38671875 0.0765625 0.075
0 0.39609375 0.5046875 0.0765625 0.075
0 0.81640625 0.3765625 0.0765625 0.075
0 0.19453125 0.153125 0.075 0.075
0 0.75546875 0.378125 0.0703125 0.075
0 0.30703125 0.8875 0.075 0.0765625
0 0.27109375 0.0109375 0.0828125 0.021875
0 0.96171875 0.37578125 0.075 0.0765625
0 0.38671875 0.278125 0.071875 0.075
0 0.78203125 0.83828125 0.0765625 0.075
0 0.665625 0.18359375 0.078125 0.075
0 0.83359375 0.60390625 0.06875 0.075
0 0.92890625 0.440625 0.071875 0.075
0 0.99140625 0.35 0.0171875 0.065625
0 0.240625 0.4859375 0.075 0.0734375
0 0.86640625 0.45 0.0734375 0.075
0 0.39296875 0.3453125 0.0703125 0.0734375
0 0.74921875 0.48203125 0.078125 0.0765625
0 0.609375 0.0546875 0.0734375 0.075
0 0.44921875 0.28125 0.0734375 0.0734375
0 0.57734375 0.39375 0.075 0.0734375
0 0.4359375 0.08515625 0.0765625 0.075
0 0.53671875 0.934375 0.078125 0.0765625
0 0.621875 0.35703125 0.0734375 0.0734375
0 0.97109375 0.29609375 0.0578125 0.0734375
0 0.5125 0.3 0.078125 0.075
0 0.665625 0.57421875 0.078125 0.075
0 0.828125 0.25703125 0.0734375 0.071875
0 0.3515625 0.0171875 0.075 0.034375
0 0.44375 0.88671875 0.0765625 0.0765625
0 0.78515625 0.128125 0.078125 0.0765625
0 0.0640625 0.321875 0.078125 0.075
0 0.48828125 0.81015625 0.075 0.0765625
0 0.22109375 0.82109375 0.0765625 0.075
0 0.5984375 0.64765625 0.0765625 0.0765625
0 0.403125 0.9578125 0.075 0.0734375
0 0.5296875 0.54453125 0.075 0.075
0 0.8921875 0.265625 0.075 0.071875
0 0.45 0.1484375 0.078125 0.075
0 0.44609375 0.215625 0.0796875 0.0765625
0 0.634375 0.5140625 0.0734375 0.0734375
0 0.22578125 0.0359375 0.0765625 0.071875
0 0.51328125 0.23046875 0.071875 0.0734375
0 0.3875 0.19140625 0.071875 0.0734375
0 0.10546875 0.440625 0.075 0.0734375
0 0.540625 0.17265625 0.0765625 0.075
0 0.95859375 0.5671875 0.078125 0.0765625
0 0.68125 0.465625 0.0734375 0.0734375
0 0.08515625 0.37734375 0.0734375 0.0734375
0 0.6703125 0.64140625 0.0765625 0.0734375
0 0.3265625 0.34609375 0.0765625 0.0765625
0 0.54296875 0.6734375 0.0734375 0.0703125
0 0.33671875 0.95078125 0.075 0.0640625
0 0.4421875 0.76640625 0.075 0.071875
0 0.80546875 0.43828125 0.0734375 0.071875
0 0.26875 0.94375 0.0734375 0.0515625
0 0.578125 0.31484375 0.071875 0.071875
0 0.9625 0.4921875 0.075 0.075
0 0.165625 0.028125 0.06875 0.05625
0 0.496875 0.7234375 0.078125 0.0765625
0 0.40234375 0.5703125 0.0734375 0.0734375
0 0.5578125 0.790625 0.075 0.0734375
0 0.38046875 0.1265625 0.0765625 0.075
0 0.240625 0.884375 0.071875 0.075
0 0.72734375 0.60078125 0.0734375 0.0765625
0 0.1234375 0.5015625 0.0734375 0.071875
0 0.64296875 0.96328125 0.0734375 0.0734375
0 0.8171875 0.50859375 0.0734375 0.0734375
0 0.14453125 0.565625 0.0765625 0.0734375
0 0.3734375 0.77109375 0.0765625 0.0734375
0 0.315625 0.75390625 0.06875 0.0734375
0 0.559375 0.48046875 0.0734375 0.0734375
1 0.484375 0.65 0.0703125 0.078125
0 0.2875 0.8203125 0.0734375 0.071875
0 0.19765625 0.3359375 0.0703125 0.0734375
1 0.41796875 0.02734375 0.0796875 0.0546875
1 0.61953125 0.9015625 0.071875 0.0828125
1 0.5734375 0.85390625 0.071875 0.06875
0 0.4234375 0.82890625 0.075 0.0734375
1 0.37890625 0.69453125 0.071875 0.0796875
0 0.91640625 0.8734375 0.053125 0.075
1 0.8765625 0.94296875 0.0859375 0.0890625
1 0.50078125 0.10625 0.0796875 0.071875
1 0.47265625 0.953125 0.0640625 0.0609375
1 0.30546875 0.04765625 0.065625 0.0640625
0 0.25703125 0.72421875 0.075 0.075
0 0.18203125 0.6984375 0.075 0.0734375
1 0.37109375 0.0609375 0.0765625 0.06875
1 0.47265625 0.5828125 0.0640625 0.0703125
1 0.8375 0.7328125 0.0703125 0.078125
1 0.71171875 0.82578125 0.0796875 0.0765625
1 0.53359375 0.60859375 0.0765625 0.06875
1 0.2859375 0.61171875 0.0671875 0.0609375
1 0.8546875 0.1328125 0.075 0.0765625
0 0.26875 0.54453125 0.0734375 0.0734375
1 0.97421875 0.17109375 0.0515625 0.0734375
0 0.503125 0.44375 0.0734375 0.071875
1 0.78359375 0.571875 0.06875 0.0796875
0 0.13515625 0.13984375 0.06875 0.071875
1 0.8984375 0.09453125 0.075 0.0625
1 0.65234375 0.709375 0.0671875 0.0734375
1 0.3515625 0.63125 0.071875 0.0671875
1 0.73515625 0.18203125 0.071875 0.0734375
1 0.7765625 0.709375 0.075 0.06875
1 0.7875 0.9609375 0.084375 0.078125
1 0.83828125 0.66953125 0.0765625 0.0671875
0 0.21953125 0.5859375 0.078125 0.071875
1 0.9109375 0.67734375 0.075 0.06875
1 0.68046875 0.87890625 0.071875 0.0703125
1 0.23984375 0.65 0.0796875 0.071875
1 0.88359375 0.5390625 0.084375 0.0890625
1 0.2328125 0.40625 0.0875 0.0859375
1 0.253125 0.09453125 0.0765625 0.0765625
1 0.80625 0.90234375 0.0703125 0.0625
1 0.71640625 0.6921875 0.0703125 0.0671875
1 0.90390625 0.80859375 0.0734375 0.0703125
1 0.91796875 0.15625 0.0765625 0.0703125
1 0.31953125 0.4859375 0.0875 0.09375
1 0.77109375 0.771875 0.0734375 0.075
1 0.965625 0.1125 0.06875 0.071875
1 0.6375 0.83125 0.075 0.078125
1 0.4375 0.69453125 0.0671875 0.0625
1 0.85078125 0.86328125 0.0875 0.084375
0 0.08125 0.07734375 0.028125 0.0625
1 0.5984375 0.5765625 0.0703125 0.0796875
1 0.62421875 0.428125 0.0703125 0.0671875
1 0.30859375 0.67578125 0.0734375 0.0765625
0 0.9953125 0.48125 0.009375 0.06875
0 0.51171875 0.871875 0.071875 0.071875
1 0.63515625 0.7734375 0.0671875 0.0640625
1 0.51484375 0.9828125 0.0765625 0.034375
0 0.9609375 0.7078125 0.028125 0.071875
1 0.5203125 0.009375 0.053125 0.01875
1 0.94296875 0.784375 0.0296875 0.05
1 0.5671875 0.0125 0.071875 0.025
0 0.3515625 0.825 0.075 0.075