0 0.73671875 0.55234375 0.0484375 0.0484375
0 0.2859375 0.70234375 0.046875 0.0484375
0 0.17734375 0.8390625 0.046875 0.046875
0 0.521875 0.45390625 0.0484375 0.0484375
0 0.8203125 0.959375 0.046875 0.0484375
0 0.39765625 0.865625 0.046875 0.0484375
0 0.3015625 0.93203125 0.046875 0.0484375
0 0.15390625 0.375 0.05 0.0515625
0 0.37578125 0.7078125 0.046875 0.046875
0 0.31171875 0.85703125 0.046875 0.0484375
0 0.6703125 0.7046875 0.046875 0.0484375
0 0.625 0.509375 0.046875 0.046875
0 0.34453125 0.43984375 0.0484375 0.0484375
0 0.60625 0.85546875 0.046875 0.0484375
0 0.3421875 0.62734375 0.046875 0.0484375
0 0.43671875 0.75546875 0.046875 0.0484375
0 0.74296875 0.8671875 0.046875 0.0484375
0 0.32421875 0.3953125 0.0515625 0.053125
0 0.28203125 0.88828125 0.046875 0.0484375
0 0.015625 0.7390625 0.03125 0.046875
0 0.7046875 0.78515625 0.046875 0.0484375
0 0.0859375 0.515625 0.0484375 0.0484375
0 0.85078125 0.5390625 0.0484375 0.0484375
0 0.0625 0.67265625 0.046875 0.0484375
0 0.61484375 0.775 0.046875 0.0484375
0 0.89453125 0.54453125 0.0484375 0.0484375
0 0.23828125 0.88203125 0.046875 0.0484375
0 0.3765625 0.896875 0.046875 0.046875
0 0.4015625 0.67265625 0.046875 0.0484375
0 0.12265625 0.90703125 0.046875 0.0484375
0 0.303125 0.54375 0.046875 0.0484375
0 0.27578125 0.5859375 0.0484375 0.0484375
0 0.7578125 0.91328125 0.0484375 0.0484375
0 0.634375 0.6234375 0.046875 0.046875
0 0.77421875 0.95234375 0.046875 0.0484375
0 0.34453125 0.9359375 0.046875 0.0484375
0 0.371875 0.4015625 0.05 0.05
0 0.171875 0.52890625 0.046875 0.0484375
0 0.41875 0.9078125 0.0453125 0.0484375
0 0.7859375 0.87578125 0.046875 0.046875
0 0.70703125 0.59296875 0.0484375 0.0484375
0 0.34765625 0.74453125 0.0453125 0.046875
0 0.59921875 0.54375 0.046875 0.046875
0 0.47265625 0.64296875 0.0484375 0.046875
0 0.5421875 0.9890625 0.046875 0.021875
0 0.98515625 0.4796875 0.0296875 0.05
0 0.50625 0.409375 0.0484375 0.05
0 0.63359375 0.81953125 0.046875 0.046875
0 0.4453125 0.86875 0.046875 0.0484375
0 0.703125 0.978125 0.046875 0.04375
0 0.57890625 0.8875 0.0453125 0.0484375
0 0.484375 0.95 0.0453125 0.0484375
0 0.72265625 0.8265625 0.046875 0.046875
0 0.89453125 0.93203125 0.0484375 0.0484375
0 0.5046875 0.91328125 0.0453125 0.0484375
0 0.09609375 0.4421875 0.0484375 0.0484375
0 0.05546875 0.5515625 0.0453125 0.0484375
0 0.03984375 0.5109375 0.046875 0.0484375
0 0.52421875 0.765625 0.046875 0.0484375
0 0.62421875 0.69921875 0.046875 0.0484375
0 0.0703125 0.78984375 0.0453125 0.046875
0 0.2109375 0.91640625 0.0484375 0.0484375
0 0.7359375 0.75234375 0.0484375 0.0484375
0 0.77421875 0.4390625 0.0515625 0.053125
0 0.0796875 0.71328125 0.046875 0.0484375
0 0.57109375 0.965625 0.0484375 0.0484375
0 0.55078125 0.921875 0.0484375 0.0484375
0 0.2734375 0.77578125 0.046875 0.0484375
0 0.146875 0.56484375 0.046875 0.046875
0 0.0203125 0.853125 0.040625 0.046875
0 0.46875 0.5265625 0.046875 0.0484375
0 0.15234375 0.6828125 0.046875 0.0484375
0 0.83203125 0.8828125 0.0453125 0.046875
0 0.5890625 0.9921875 0.046875 0.015625
0 0.6671875 0.9015625 0.046875 0.0484375
0 0.46015625 0.39296875 0.05 0.0515625
0 0.221875 0.8453125 0.046875 0.0484375
0 0.13046875 0.8328125 0.046875 0.0484375
0 0.28203125 0.3953125 0.05 0.053125
0 0.8859375 0.81171875 0.046875 0.046875
0 0.66015625 0.78359375 0.046875 0.046875
0 0.18671875 0.7625 0.046875 0.046875
0 0.246875 0.80546875 0.046875 0.0484375
0 0.40703125 0.48828125 0.046875 0.0484375
0 0.59375 0.4296875 0.0484375 0.05
0 0.22421875 0.65546875 0.046875 0.0484375
0 0.85 0.9234375 0.046875 0.046875
0 0.771875 0.8328125 0.0484375 0.046875
0 0.00703125 0.7 0.0140625 0.046875
0 0.35390625 0.86015625 0.046875 0.046875
0 0.60703125 0.65703125 0.0484375 0.0484375
0 0.0296875 0.58984375 0.0453125 0.0484375
0 0.115625 0.7921875 0.046875 0.0484375
0 0.40859375 0.78671875 0.046875 0.046875
0 0.5515625 0.42109375 0.05 0.0515625
0 0.265625 0.84921875 0.0453125 0.046875
0 0.29140625 0.6234375 0.0484375 0.0484375
0 0.63671875 0.43203125 0.0515625 0.0515625
0 0.434375 0.94609375 0.046875 0.046875
0 0.0796875 0.4 0.0484375 0.0484375
0 0.68828125 0.4125 0.05 0.053125
0 0.6875 0.9453125 0.046875 0.0484375
0 0.71640625 0.5125 0.0484375 0.0484375
0 0.803125 0.91875 0.046875 0.0484375
0 0.68984375 0.55 0.0484375 0.0484375
0 0.6984375 0.475 0.046875 0.0484375
0 0.2578125 0.925 0.0453125 0.0484375
0 0.503125 0.60703125 0.0484375 0.0484375
0 0.91015625 0.7765625 0.046875 0.0484375
0 0.33671875 0.81953125 0.046875 0.046875
0 0.00625 0.88984375 0.0125 0.0484375
0 0.203125 0.8015625 0.046875 0.0484375
0 0.5609375 0.84765625 0.046875 0.0484375
0 0.38203125 0.82578125 0.046875 0.0484375
0 0.5453125 0.80859375 0.046875 0.046875
0 0.73984375 0.48125 0.05 0.05
0 0.38828125 0.93984375 0.046875 0.0484375
0 0.10859375 0.68046875 0.046875 0.046875
0 0.5140625 0.53203125 0.046875 0.0484375
0 0.0140625 0.62734375 0.028125 0.0484375
0 0.1625 0.60546875 0.046875 0.0484375
0 0.328125 0.70390625 0.046875 0.0484375
0 0.5078125 0.7234375 0.046875 0.0484375
0 0.05078125 0.4375 0.0484375 0.0484375
0 0.55546875 0.5421875 0.046875 0.0484375
0 0.41875 0.4109375 0.05 0.053125
0 0.1015625 0.55859375 0.046875 0.0484375
0 0.64375 0.74296875 0.046875 0.0484375
0 0.2890625 0.50546875 0.046875 0.0484375
0 0.6578125 0.97578125 0.046875 0.0484375
0 0.9 0.84921875 0.046875 0.0484375
0 0.21640625 0.7296875 0.046875 0.046875
0 0.6421875 0.93828125 0.046875 0.0484375
0 0.15234375 0.86953125 0.046875 0.046875
0 0.1125 0.4796875 0.0453125 0.0484375
0 0.26640625 0.65703125 0.0484375 0.0484375
0 0.7515625 0.790625 0.0484375 0.0484375
0 0.6859375 0.746875 0.0484375 0.0484375
0 0.61484375 0.9734375 0.046875 0.0484375
0 0.5359375 0.6890625 0.046875 0.0484375
0 0.0109375 0.8140625 0.021875 0.046875
0 0.45703125 0.79375 0.0484375 0.046875
0 0.72265625 0.634375 0.0484375 0.0484375
0 0.125 0.40859375 0.046875 0.0484375
0 0.59921875 0.93125 0.0453125 0.046875
0 0.52578125 0.959375 0.046875 0.0484375
0 0.1265625 0.71796875 0.046875 0.0484375
0 0.3 0.7421875 0.0484375 0.0484375
0 0.9375 0.54921875 0.046875 0.0484375
0 0.6328125 0.99609375 0.046875 0.0078125
0 0.0890625 0.828125 0.046875 0.0484375
0 0.18046875 0.64609375 0.046875 0.0484375
0 0.91171875 0.96953125 0.046875 0.0484375
0 0.0875 0.640625 0.046875 0.046875
0 0.4265625 0.82890625 0.0484375 0.046875
0 0.26015625 0.540625 0.046875 0.0484375
0 0.79609375 0.60703125 0.0484375 0.0484375
0 0.3671875 0.59140625 0.046875 0.0484375
0 0.38828125 0.44609375 0.046875 0.0484375
0 0.83984375 0.80703125 0.046875 0.0484375
0 0.39140625 0.75078125 0.046875 0.0484375
0 0.034375 0.8953125 0.046875 0.0484375
0 0.81875 0.4421875 0.05 0.05
0 0.29375 0.81328125 0.0484375 0.0484375
0 0.19765625 0.49453125 0.046875 0.0484375
0 0.728125 0.43671875 0.0484375 0.05
0 0.02109375 0.66640625 0.0421875 0.0484375
0 0.11875 0.6 0.046875 0.0484375
0 0.10859375 0.3703125 0.046875 0.05
0 0.18984375 0.5734375 0.0453125 0.0484375
0 0.3265625 0.896875 0.0484375 0.0484375
0 0.25078125 0.61953125 0.0484375 0.05
0 0.9375 0.7390625 0.0484375 0.0484375
0 0.103125 0.87109375 0.046875 0.0484375
0 0.78515625 0.68203125 0.0484375 0.046875
0 0.7796875 0.76015625 0.046875 0.046875
0 0.3328125 0.51171875 0.046875 0.0484375
0 0.740625 0.675 0.046875 0.046875
0 0.03203125 0.396875 0.0484375 0.0484375
0 0.00390625 0.584375 0.0078125 0.046875
0 0.71328125 0.91015625 0.046875 0.0484375
0 0.37890625 0.51640625 0.0484375 0.0484375
0 0.4875 0.68671875 0.046875 0.0484375
0 0.59609375 0.73828125 0.0484375 0.0484375
0 0.678125 0.63125 0.0484375 0.0484375
0 0.1390625 0.453125 0.046875 0.046875
0 0.86640625 0.7734375 0.046875 0.0484375
0 0.321875 0.7796875 0.0484375 0.0484375
0 0.5015625 0.80078125 0.046875 0.046875
0 0.2734375 0.46640625 0.046875 0.0484375
0 0.16015625 0.79765625 0.046875 0.046875
0 0.215625 0.5375 0.046875 0.0484375
0 0.65078125 0.47421875 0.046875 0.046875
0 0.03671875 0.70703125 0.046875 0.0484375
0 0.61953125 0.58125 0.046875 0.0484375
0 0.8671875 0.9671875 0.046875 0.046875
0 0.959375 0.7015625 0.034375 0.046875
0 0.13125 0.52890625 0.046875 0.0484375
0 0.94921875 0.78203125 0.03125 0.0484375
0 0.36484375 0.78359375 0.046875 0.0484375
0 0.16640625 0.9140625 0.046875 0.046875
0 0.66875 0.5078125 0.0484375 0.0484375
0 0.95078125 0.4734375 0.0515625 0.0515625
0 0.5828125 0.5078125 0.0484375 0.0484375
0 0.3859375 0.63359375 0.046875 0.0484375
0 0.184375 0.4546875 0.046875 0.0484375
0 0.25703125 0.73828125 0.0453125 0.046875
0 0.49375 0.49453125 0.046875 0.046875
0 0.56484375 0.465625 0.046875 0.0484375
0 0.2421875 0.69609375 0.046875 0.0484375
0 0.809375 0.53125 0.046875 0.046875
0 0.7484375 0.98125 0.046875 0.0375
0 0.51796875 0.65234375 0.0484375 0.05
0 0.84375 0.98671875 0.046875 0.0265625
0 0.296875 0.43359375 0.0484375 0.0484375
0 0.01875 0.54765625 0.0375 0.0484375
0 0.0453125 0.81875 0.046875 0.046875
0 0.234375 0.578125 0.046875 0.046875
0 0.075 0.59375 0.046875 0.0484375
0 0.69296875 0.86796875 0.046875 0.0484375
0 0.24609375 0.49921875 0.046875 0.0484375
0 0.815625 0.84609375 0.0453125 0.046875
0 0.58125 0.69453125 0.0484375 0.0484375
0 0.23125 0.7703125 0.046875 0.046875
0 0.7296875 0.9453125 0.0484375 0.05
0 0.8328125 0.5 0.046875 0.0484375
0 0.91953125 0.70234375 0.046875 0.0484375
0 0.1703125 0.72578125 0.0453125 0.046875
0 0.53359375 0.88125 0.0484375 0.046875
0 0.8953125 0.7375 0.046875 0.046875
0 0.65546875 0.66875 0.046875 0.046875
0 0.05625 0.753125 0.0453125 0.046875
0 0.13984375 0.759375 0.046875 0.0484375
0 0.9703125 0.5109375 0.046875 0.0484375
0 0.20625 0.61484375 0.0453125 0.0484375
0 0.49296875 0.87109375 0.046875 0.046875
0 0.49609375 0.984375 0.0453125 0.03125
0 0.9375 0.8578125 0.0296875 0.0453125
0 0.903125 0.66015625 0.046875 0.046875
0 0.67734375 0.8234375 0.0453125 0.046875
0 0.87578125 0.50859375 0.046875 0.0484375
0 0.3203125 0.96328125 0.0453125 0.0328125
0 0.41640625 0.71796875 0.046875 0.046875
0 0.19609375 0.88203125 0.046875 0.046875
0 0.48671875 0.5671875 0.0484375 0.0484375
0 0.47734375 0.82890625 0.05 0.05
0 0.85859375 0.4640625 0.05 0.0515625
0 0.95703125 0.590625 0.0484375 0.0484375
0 0.4640625 0.71875 0.046875 0.0484375
0 0.53984375 0.49921875 0.046875 0.046875
0 0.93046875 0.815625 0.0484375 0.046875
0 0.921875 0.89453125 0.0484375 0.046875
0 0.8234375 0.57265625 0.046875 0.0484375
0 0.53203125 0.57421875 0.046875 0.0484375
0 0.8734375 0.88828125 0.046875 0.0484375
0 0.51796875 0.840625 0.046875 0.0484375
0 0.5546875 0.7296875 0.046875 0.0484375
0 0.1953125 0.384375 0.05 0.05
0 0.5453125 0.62109375 0.046875 0.046875
0 0.22734375 0.459375 0.046875 0.0453125
0 0.7515625 0.6046875 0.046875 0.0484375
0 0.86015625 0.65546875 0.0484375 0.0484375
0 0.7796875 0.56640625 0.046875 0.0484375
0 0.1703125 0.41640625 0.046875 0.0484375
0 0.5609375 0.6546875 0.046875 0.0484375
0 0.025 0.775 0.0484375 0.05
0 0.58984375 0.809375 0.046875 0.0484375
0 0.36484375 0.96875 0.046875 0.0359375
0 0.096875 0.75546875 0.046875 0.046875
0 0.0671875 0.47265625 0.0484375 0.0484375
0 0.253125 0.42734375 0.046875 0.046875
0 0.58828125 0.625 0.046875 0.0484375
0 0.6515625 0.86328125 0.046875 0.046875
0 0.94921875 0.66796875 0.0484375 0.0484375
0 0.7890625 0.4796875 0.0484375 0.0484375
0 0.15546875 0.48828125 0.046875 0.0484375
0 0.91171875 0.5859375 0.0484375 0.046875
0 0.57734375 0.5734375 0.0484375 0.0484375
0 0.32109375 0.59453125 0.0484375 0.046875
0 0.44609375 0.6828125 0.0484375 0.0484375
0 0.46328125 0.9125 0.046875 0.0484375
0 0.27421875 0.9578125 0.04375 0.03125
0 0.19765625 0.69140625 0.046875 0.046875
0 0.4265625 0.521875 0.0453125 0.0484375
0 0.9265625 0.62578125 0.046875 0.0484375
0 0.36015625 0.48125 0.046875 0.0484375
0 0.45390625 0.59921875 0.046875 0.0484375
0 0.8390625 0.6140625 0.046875 0.0484375
0 0.0671875 0.35625 0.053125 0.0515625
0 0.9234375 0.50625 0.0484375 0.0484375
0 0.7625 0.72109375 0.0484375 0.0484375
0 0.828125 0.68828125 0.046875 0.046875
0 0.04453125 0.6359375 0.046875 0.046875
0 0.66171875 0.58671875 0.0484375 0.05
0 0.1875 0.94609375 0.04375 0.0265625
0 0.409375 0.97890625 0.0453125 0.0296875
0 0.06171875 0.86796875 0.0453125 0.046875
0 0.96953125 0.628125 0.0390625 0.0484375
0 0.015625 0.4328125 0.028125 0.0453125
0 0.2390625 0.36953125 0.0515625 0.053125
0 0.428125 0.64140625 0.046875 0.0484375
0 0.0796875 0.9015625 0.046875 0.046875
0 0.134375 0.6453125 0.0484375 0.0484375
0 0.45234375 0.98359375 0.0453125 0.0328125
0 0.3515625 0.5515625 0.046875 0.046875
0 0.625 0.9015625 0.0453125 0.0453125
0 0.41328125 0.603125 0.0453125 0.046875
0 0.3984375 0.5578125 0.046875 0.0484375
0 0.609375 0.4703125 0.046875 0.046875
0 0.909375 0.446875 0.0515625 0.053125
0 0.85625 0.8546875 0.0453125 0.0453125
0 0.7921875 0.98671875 0.046875 0.0265625
0 0.565625 0.7734375 0.046875 0.046875
0 0.475 0.4515625 0.0484375 0.046875
0 0.43984375 0.56484375 0.046875 0.0484375
0 0.6953125 0.6734375 0.046875 0.046875
0 0.6453125 0.5515625 0.0484375 0.046875
0 0.35703125 0.6671875 0.0484375 0.0484375
0 0.81328125 0.65078125 0.0484375 0.0484375
0 0.8234375 0.7765625 0.046875 0.046875
0 0.23203125 0.95234375 0.04375 0.028125
0 0.928125 0.92890625 0.025 0.046875
0 0.88359375 0.9921875 0.0484375 0.015625
0 0.86796875 0.578125 0.046875 0.0484375
0 0.80703125 0.71953125 0.046875 0.0484375
0 0.4796875 0.7609375 0.046875 0.0484375
0 0.0515625 0.9265625 0.0421875 0.0234375
0 0.84921875 0.73125 0.046875 0.0484375
0 0.01015625 0.509375 0.0203125 0.046875
0 0.31328125 0.471875 0.046875 0.046875
0 0.79765625 0.7984375 0.0453125 0.046875
0 0.98046875 0.55078125 0.0390625 0.0453125
0 0.8734375 0.7 0.0484375 0.0484375
0 0.3140625 0.65703125 0.046875 0.046875
0 0.0140625 0.91953125 0.028125 0.0203125
0 0.1421875 0.9390625 0.0421875 0.0265625
0 0.0234375 0.478125 0.046875 0.0484375
0 0.434375 0.44921875 0.046875 0.0453125
0 0.4515625 0.496875 0.0484375 0.046875
0 0.91640625 0.99296875 0.0234375 0.0140625
0 0.76640625 0.6484375 0.0484375 0.0453125
0 0.884375 0.61640625 0.05 0.0484375
0 0.984375 0.59296875 0.0203125 0.04375
0 0.02890625 0.34453125 0.0265625 0.05
0 0.096875 0.93203125 0.0421875 0.0265625
0 0.2078125 0.425 0.046875 0.0453125
0 0.99375 0.51796875 0.0125 0.0421875
0 0.76484375 0.51015625 0.046875 0.0484375
0 0.97421875 0.67265625 0.015625 0.04375