0 0.51484375 0.021875 0.0703125 0.04375
0 0.01640625 0.60859375 0.0328125 0.0734375
0 0.39765625 0.0390625 0.0734375 0.071875
0 0.0953125 0.3140625 0.075 0.0734375
0 0.04140625 0.30859375 0.04375 0.0703125
0 0.103125 0.19609375 0.075 0.075
0 0.1 0.51484375 0.071875 0.0734375
0 0.034375 0.4890625 0.06875 0.075
0 0.0578125 0.18359375 0.0375 0.06875
0 0.32265625 0.253125 0.075 0.075
0 0.27265625 0.2984375 0.0734375 0.071875
0 0.2515625 0.00625 0.06875 0.0125
0 0.0515625 0.5609375 0.0734375 0.0734375
0 0.31328125 0.0203125 0.0734375 0.040625
0 0.45859375 0.0796875 0.0734375 0.0734375
0 0.08046875 0.4375 0.075 0.075
0 0.140625 0.02421875 0.075 0.0484375
0 0.30234375 0.06796875 0.0734375 0.071875
0 0.0578125 0.3734375 0.0765625 0.075
0 0.0890625 0.11875 0.0734375 0.071875
0 0.028125 0.41875 0.0515625 0.06875
0 0.453125 0.0171875 0.071875 0.034375
0 0.18125 0.12578125 0.075 0.0734375
0 0.36875 0.00390625 0.071875 0.0078125
1 0.209375 0.27734375 0.0703125 0.0609375
1 0.1796875 0.20625 0.075 0.08125
1 0.14765625 0.2625 0.0609375 0.0640625
1 0.07734375 0.2484375 0.075 0.0640625
1 0.12734375 0.38125 0.06875 0.06875
1 0.3265625 0.13828125 0.065625 0.0671875
1 0.190625 0.39921875 0.06875 0.0765625
0 0.14921875 0.45234375 0.075 0.075
1 0.36484375 0.08515625 0.065625 0.05625
0 0.23203125 0.034375 0.0734375 0.06875
1 0.1671875 0.32734375 0.0734375 0.0671875
1 0.23046875 0.33828125 0.0625 0.0625
1 0.2828125 0.17734375 0.065625 0.05625
1 0.0921875 0.03984375 0.0625 0.0796875
1 0.2390625 0.10625 0.06875 0.0734375
1 0.23984375 0.22578125 0.0625 0.06875
0 0.00859375 0.5375 0.0171875 0.071875
1 0.40078125 0.12734375 0.059375 0.0515625
1 0.146875 0.084375 0.0640625 0.0671875
1 0.36171875 0.1859375 0.06875 0.059375
1 0.228125 0.1546875 0.0671875 0.0703125