0 0.05859375 0.76796875 0.034375 0.053125
0 0.07265625 0.703125 0.059375 0.05625
0 0.03984375 0.67578125 0.0359375 0.053125
0 0.07421875 0.67265625 0.0515625 0.046875
0 0.03984375 0.6375 0.0515625 0.05625
0 0.09140625 0.615625 0.0625 0.0578125
0 0.01953125 0.590625 0.03125 0.0515625
0 0.053125 0.58515625 0.0546875 0.05625
0 0.1015625 0.56953125 0.0609375 0.05625
0 0.02265625 0.5484375 0.0453125 0.053125
0 0.0671875 0.5359375 0.0578125 0.059375
0 0.11640625 0.51796875 0.05625 0.05625
0 0.02890625 0.5015625 0.05625 0.05625
0 0.07734375 0.49140625 0.059375 0.0515625
0 0.12890625 0.47265625 0.05625 0.05625
0 0.00859375 0.4734375 0.0171875 0.05
0 0.0390625 0.459375 0.0546875 0.0546875
0 0.08984375 0.44296875 0.0578125 0.0546875
0 0.14375 0.428125 0.0625 0.0578125
0 0.0140625 0.4328125 0.028125 0.05625
0 0.05078125 0.409375 0.059375 0.05625
0 0.09921875 0.40390625 0.0546875 0.0546875
0 0.1515625 0.38828125 0.05625 0.05
0 0.01953125 0.37734375 0.0390625 0.0546875
0 0.06328125 0.3703125 0.05625 0.0546875
0 0.1140625 0.3546875 0.0609375 0.05625
0 0.165625 0.3375 0.0578125 0.05625
0 0.0328125 0.33046875 0.0546875 0.0546875
0 0.08125 0.3046875 0.0546875 0.053125
0 0.1328125 0.3015625 0.0546875 0.05625
0 0.18046875 0.2875 0.059375 0.0578125
0 0.00859375 0.3 0.0171875 0.053125
0 0.04453125 0.278125 0.05625 0.0546875
0 0.09296875 0.26953125 0.059375 0.0578125
0 0.14296875 0.2515625 0.0578125 0.0546875
0 0.19296875 0.2359375 0.059375 0.053125
0 0.01953125 0.2453125 0.0390625 0.05625
0 0.05859375 0.23203125 0.05625 0.0578125
0 0.10625 0.2171875 0.053125 0.0546875
0 0.15546875 0.2078125 0.059375 0.0578125
0 0.21015625 0.18359375 0.05625 0.059375
0 0.02421875 0.19921875 0.0484375 0.0546875
0 0.071875 0.18359375 0.05625 0.0546875
0 0.121875 0.175 0.05625 0.05625
0 0.165625 0.1625 0.053125 0.0546875
0 0.225 0.134375 0.05625 0.053125
0 0.03203125 0.1625 0.0578125 0.05625
0 0.08671875 0.14375 0.05625 0.05625
0 0.13359375 0.12578125 0.05625 0.0546875
0 0.17734375 0.11953125 0.0546875 0.05625
0 0.01328125 0.121875 0.0265625 0.053125
0 0.05 0.11171875 0.05625 0.0578125
0 0.09453125 0.096875 0.053125 0.05
0 0.1390625 0.0875 0.0515625 0.0515625
0 0.19765625 0.06640625 0.0515625 0.0359375
0 0.23359375 0.08828125 0.05625 0.0546875
0 0.24375 0.06171875 0.05 0.04375