1 0.11484375 0.5734375 0.21875 0.1984375
1 0.29453125 0.55546875 0.1859375 0.178125
1 0.47109375 0.55625 0.209375 0.1828125
1 0.6484375 0.5421875 0.2171875 0.2
1 0.8234375 0.52421875 0.228125 0.20625
1 0.95078125 0.54453125 0.0984375 0.1921875
1 0.5640625 0.95703125 0.196875 0.0859375
1 0.73359375 0.95 0.1921875 0.090625
1 0.8453125 0.8390625 0.20625 0.19375
1 0.6578125 0.86171875 0.196875 0.1515625
1 0.46640625 0.86875 0.20625 0.159375
1 0.30546875 0.8640625 0.1828125 0.1953125
1 0.1359375 0.88828125 0.2078125 0.1890625
1 0.06484375 0.74453125 0.11875 0.178125
1 0.19453125 0.7046875 0.203125 0.165625
1 0.3765625 0.7234375 0.234375 0.1953125
1 0.5515625 0.70859375 0.1828125 0.196875
1 0.72734375 0.72109375 0.20625 0.1953125
1 0.90625 0.7015625 0.1875 0.190625