0 0.99296875 0.10859375 0.0140625 0.1015625
0 0.90625 0.25 0.178125 0.1546875
0 0.9484375 0.153125 0.103125 0.11875
1 0.86328125 0.14609375 0.1140625 0.1
0 0.98828125 0.2375 0.0234375 0.13125
1 0.7421875 0.06328125 0.0953125 0.0828125
1 0.934375 0.07578125 0.128125 0.065625
1 0.6015625 0.02265625 0.071875 0.0359375
1 0.828125 0.071875 0.1046875 0.08125
1 0.74453125 0.1484375 0.153125 0.13125
0 0.909375 0.38203125 0.1140625 0.125
1 0.8171875 0.353125 0.0953125 0.103125
1 0.72890625 0.278125 0.0859375 0.096875
1 0.646875 0.2171875 0.0828125 0.1046875
1 0.57265625 0.08046875 0.078125 0.075
1 0.6515625 0.09921875 0.0765625 0.084375
1 0.4796875 0.03359375 0.09375 0.0671875
1 0.453125 0.09921875 0.1 0.06875
1 0.31171875 0.0671875 0.1375 0.11875
1 0.7828125 0.221875 0.0765625 0.075
0 0.96875 0.571875 0.0625 0.11875
0 0.9328125 0.44140625 0.103125 0.0921875