0 0.4921875 0.9421875 0.04296875 0.0453125
0 0.759375 0.93125 0.04453125 0.04609375
0 0.3578125 0.95234375 0.04453125 0.0453125
0 0.5171875 0.98125 0.0421875 0.0375
0 0.38203125 0.98671875 0.0421875 0.0265625
0 0.6234375 0.9421875 0.04453125 0.0453125
0 0.80625 0.9265625 0.04375 0.0453125
0 0.646875 0.98203125 0.04140625 0.03515625
0 0.53828125 0.94453125 0.04375 0.04453125
0 0.403125 0.95546875 0.0453125 0.046875
0 0.55859375 0.9828125 0.0421875 0.034375
0 0.05 0.95703125 0.04609375 0.04453125
0 0.31328125 0.9546875 0.04296875 0.04609375
0 0.828125 0.9796875 0.04140625 0.040625
0 0.44375 0.9328125 0.04375 0.0453125
0 0.98203125 0.93359375 0.03515625 0.04375
0 0.58125 0.946875 0.0421875 0.04453125
0 0.22109375 0.9421875 0.04453125 0.04609375
0 0.9203125 0.9703125 0.04375 0.04296875
0 0.78203125 0.965625 0.04296875 0.04375
0 0.09375 0.96171875 0.040625 0.04375
0 0.1359375 0.96171875 0.04375 0.0453125
0 0.7171875 0.934375 0.0421875 0.04375
0 0.4703125 0.98515625 0.0421875 0.0296875
0 0.8484375 0.93828125 0.0453125 0.0453125
0 0.3375 0.9875 0.040625 0.02421875
0 0.871875 0.9796875 0.0421875 0.03984375
0 0.1796875 0.9609375 0.04296875 0.04375
0 0.6921875 0.978125 0.0421875 0.0421875
0 0.60078125 0.98359375 0.0421875 0.0328125
0 0.96484375 0.9671875 0.04296875 0.04140625
0 0.94140625 0.9328125 0.04375 0.04453125
0 0.06953125 0.9890625 0.0421875 0.021875
0 0.28984375 0.9890625 0.03984375 0.021875
0 0.115625 0.9890625 0.040625 0.02109375
0 0.6734375 0.91640625 0.04453125 0.04765625
0 0.734375 0.971875 0.04296875 0.04375
0 0.2484375 0.9890625 0.04375 0.021875
0 0.26953125 0.95859375 0.04296875 0.0453125
0 0.42734375 0.98671875 0.040625 0.02578125
0 0.159375 0.98984375 0.040625 0.0203125
0 0.896875 0.9140625 0.04609375 0.046875
0 0.2046875 0.9921875 0.040625 0.015625
0 0.99375 0.97265625 0.0125 0.0453125
0 0.76171875 0.9890625 0.0421875 0.021875
0 0.009375 0.9515625 0.01875 0.0453125
0 0.7140625 0.99453125 0.040625 0.0109375
0 0.02265625 0.990625 0.04453125 0.01875
0 0.98359375 0.99296875 0.0328125 0.01328125
0 0.94140625 0.9953125 0.04375 0.009375