0 0.9875 0.69453125 0.025 0.0515625
0 0.96953125 0.65625 0.0609375 0.05625
0 0.94765625 0.60859375 0.053125 0.0578125
0 0.98359375 0.6078125 0.0328125 0.053125
0 0.9125 0.56953125 0.05625 0.053125
0 0.9640625 0.5625 0.0515625 0.053125
0 0.884375 0.5359375 0.0578125 0.0546875
0 0.9359375 0.52421875 0.053125 0.05
0 0.978125 0.51484375 0.04375 0.0515625
0 0.859375 0.4875 0.0578125 0.0625
0 0.90546875 0.4859375 0.05625 0.053125
0 0.95703125 0.47578125 0.053125 0.053125
0 0.8265625 0.45703125 0.0578125 0.0625
0 0.87578125 0.440625 0.0578125 0.0515625
0 0.92578125 0.4359375 0.053125 0.0546875
0 0.9734375 0.42890625 0.0484375 0.05
0 0.796875 0.4109375 0.053125 0.0515625
0 0.84453125 0.40234375 0.05625 0.0578125
0 0.896875 0.39296875 0.059375 0.053125
0 0.94765625 0.3859375 0.0484375 0.0515625
0 0.765625 0.37109375 0.059375 0.0546875
0 0.81875 0.359375 0.0515625 0.0515625
0 0.86796875 0.35390625 0.0546875 0.053125
0 0.915625 0.35 0.053125 0.0578125
0 0.9640625 0.34375 0.053125 0.0546875
0 0.7375 0.3296875 0.0546875 0.0578125
0 0.7890625 0.3203125 0.05 0.05
0 0.8375 0.31328125 0.0546875 0.0546875
0 0.8875 0.30546875 0.0546875 0.053125
0 0.93515625 0.3015625 0.0515625 0.0515625
0 0.971875 0.2984375 0.0296875 0.0515625
0 0.70546875 0.29453125 0.0546875 0.0546875
0 0.678125 0.25546875 0.0546875 0.0546875
0 0.6484375 0.21484375 0.05625 0.0578125
0 0.61640625 0.165625 0.0546875 0.053125
0 0.5875 0.1234375 0.0578125 0.0515625
0 0.5609375 0.0875 0.0546875 0.0578125
0 0.53125 0.046875 0.0484375 0.0484375
0 0.759375 0.2828125 0.05625 0.0625
0 0.809375 0.275 0.053125 0.053125
0 0.85859375 0.26796875 0.0546875 0.0546875
0 0.90703125 0.2609375 0.0515625 0.05625
0 0.95703125 0.25625 0.05 0.05
0 0.73046875 0.2390625 0.0546875 0.0515625
0 0.77890625 0.23203125 0.05 0.0515625
0 0.82890625 0.22890625 0.0546875 0.053125
0 0.87890625 0.2203125 0.05625 0.0515625
0 0.92890625 0.21484375 0.0546875 0.053125
0 0.9640625 0.2125 0.0296875 0.0515625
0 0.7015625 0.20234375 0.0546875 0.053125
0 0.75234375 0.190625 0.0546875 0.0546875
0 0.80234375 0.1875 0.0515625 0.0546875
0 0.85078125 0.18203125 0.053125 0.0546875
0 0.90078125 0.175 0.053125 0.0515625
0 0.9484375 0.16953125 0.0515625 0.05
0 0.6703125 0.159375 0.0515625 0.053125
0 0.71953125 0.15234375 0.05625 0.0546875
0 0.77109375 0.14296875 0.053125 0.053125
0 0.81953125 0.140625 0.05 0.0515625
0 0.86640625 0.1375 0.0515625 0.053125
0 0.9171875 0.13125 0.0546875 0.05625
0 0.9578125 0.1265625 0.028125 0.0484375
0 0.640625 0.1234375 0.05625 0.0515625
0 0.6890625 0.1140625 0.05 0.0515625
0 0.740625 0.10703125 0.0578125 0.05625
0 0.7921875 0.10234375 0.0546875 0.053125
0 0.83984375 0.1 0.0515625 0.053125
0 0.8875 0.0921875 0.0515625 0.0515625
0 0.9375 0.0859375 0.053125 0.05
0 0.60859375 0.08203125 0.053125 0.0515625
0 0.6578125 0.0765625 0.05 0.0515625
0 0.70546875 0.07109375 0.0546875 0.053125
0 0.75859375 0.0640625 0.053125 0.053125
0 0.80859375 0.05546875 0.05625 0.0546875
0 0.86171875 0.05078125 0.05625 0.0546875
0 0.9078125 0.04453125 0.0484375 0.0515625
0 0.94609375 0.03984375 0.0359375 0.053125
0 0.57890625 0.04140625 0.053125 0.0546875
0 0.6265625 0.0390625 0.0515625 0.05
0 0.675 0.03203125 0.0515625 0.0515625
0 0.72734375 0.02578125 0.0578125 0.0515625
0 0.77734375 0.0203125 0.0546875 0.040625
0 0.83046875 0.01796875 0.0515625 0.0359375
0 0.87890625 0.01640625 0.0546875 0.0328125
0 0.92734375 0.0140625 0.0546875 0.028125
0 0.5 0.01953125 0.05 0.0390625
0 0.5484375 0.0171875 0.05 0.034375
0 0.5984375 0.01328125 0.05 0.0265625
0 0.646875 0.0109375 0.053125 0.021875
0 0.69765625 0.00703125 0.0515625 0.0140625