0 0.39375 0.06953125 0.0625 0.0625
0 0.88515625 0.02109375 0.0640625 0.0421875
0 0.03515625 0.02734375 0.0625 0.040625
0 0.06953125 0.0703125 0.0625 0.0609375
0 0.6234375 0.01796875 0.065625 0.0359375
0 0.09921875 0.0265625 0.0625 0.0390625
0 0.1328125 0.06796875 0.0625 0.0640625
0 0.6890625 0.02109375 0.0625 0.0421875
0 0.8578125 0.08515625 0.0640625 0.0640625
0 0.78671875 0.0734375 0.0625 0.0640625
0 0.9203125 0.075 0.0609375 0.0625
0 0.35859375 0.01953125 0.0640625 0.0359375
0 0.23515625 0.028125 0.0609375 0.0484375
0 0.29453125 0.02265625 0.059375 0.0390625
0 0.7515625 0.0203125 0.0625 0.040625
0 0.1921875 0.0671875 0.059375 0.0609375
0 0.01796875 0.07109375 0.0359375 0.0609375
0 0.42265625 0.0234375 0.0609375 0.0453125
1 0.4828125 0.01640625 0.0625 0.0328125
1 0.95703125 0.02421875 0.0640625 0.0484375
1 0.5546875 0.01953125 0.06875 0.0390625
1 0.8171875 0.0203125 0.059375 0.040625
1 0.5171875 0.07109375 0.059375 0.06875
1 0.32734375 0.06328125 0.065625 0.0546875
0 0.7125 0.059375 0.065625 0.059375
1 0.65234375 0.0671875 0.0625 0.059375
1 0.45546875 0.071875 0.059375 0.0546875
1 0.2609375 0.07265625 0.053125 0.0578125
1 0.58828125 0.065625 0.0546875 0.0578125