1 0.68984375 0.73515625 0.2140625 0.178125
1 0.09453125 0.825 0.1890625 0.19375
1 0.3421875 0.696875 0.2421875 0.20625
1 0.46328125 0.5515625 0.215625 0.1890625
1 0.8703125 0.7609375 0.2140625 0.2078125
1 0.6609375 0.965625 0.203125 0.06875
1 0.59609375 0.88359375 0.2078125 0.159375
1 0.790625 0.89453125 0.221875 0.2015625
1 0.41015625 0.8625 0.221875 0.175
1 0.04921875 0.90234375 0.0984375 0.1015625
1 0.809375 0.5796875 0.2375 0.2109375
1 0.2578125 0.83203125 0.1953125 0.20625
1 0.16328125 0.66015625 0.209375 0.18125
1 0.5140625 0.715625 0.203125 0.20625
1 0.84140625 0.97265625 0.1984375 0.0546875
1 0.2859375 0.52265625 0.2015625 0.1859375
1 0.11015625 0.5125 0.2203125 0.203125
1 0.04375 0.6703125 0.0875 0.184375
1 0.64453125 0.56875 0.228125 0.2078125
1 0.48984375 0.9578125 0.2015625 0.084375
1 0.94140625 0.615625 0.115625 0.19375
1 0.31796875 0.946875 0.196875 0.090625
1 0.146875 0.93125 0.184375 0.0796875
1 0.9265625 0.8859375 0.084375 0.2109375