0 0.71484375 0.23359375 0.04375 0.0453125
0 0.9015625 0.5921875 0.046875 0.046875
0 0.74453125 0.0375 0.04375 0.0390625
0 0.61171875 0.03046875 0.0453125 0.046875
0 0.93515625 0.31875 0.0453125 0.046875
0 0.65390625 0.03125 0.04375 0.0421875
0 0.859375 0.43046875 0.0453125 0.0453125
0 0.9265625 0.54921875 0.046875 0.046875
0 0.92265625 0.62890625 0.0453125 0.046875
0 0.68984375 0.26953125 0.0453125 0.0453125
0 0.8 0.234375 0.0453125 0.046875
0 0.80859375 0.07734375 0.0453125 0.0453125
0 0.7640625 0.075 0.04375 0.0453125
0 0.7421875 0.1140625 0.0453125 0.046875
0 0.95 0.434375 0.0453125 0.0453125
0 0.9359375 0.2390625 0.0453125 0.0453125
0 0.87734375 0.55078125 0.0453125 0.046875
0 0.96953125 0.63203125 0.0453125 0.046875
0 0.978125 0.3203125 0.04375 0.046875
0 0.9625 0.121875 0.0453125 0.046875
0 0.58984375 0.07109375 0.04375 0.0453125
0 0.759375 0.15625 0.0453125 0.046875
0 0.8546875 0.07734375 0.046875 0.046875
0 0.67109375 0.23203125 0.0453125 0.0453125
0 0.77265625 0.35078125 0.0453125 0.0453125
0 0.93125 0.39453125 0.0453125 0.046875
0 0.834375 0.471875 0.04375 0.0453125
0 0.69296875 0.1921875 0.0453125 0.0453125
0 0.9046875 0.43046875 0.0453125 0.0453125
0 0.9109375 0.35546875 0.0453125 0.046875
0 0.8734375 0.11640625 0.0453125 0.0453125
0 0.87734375 0.04609375 0.0453125 0.0328125
0 0.91953125 0.0484375 0.04375 0.0296875
0 0.8796875 0.4703125 0.0453125 0.046875
0 0.94765625 0.51015625 0.0453125 0.046875
0 0.85859375 0.5078125 0.0453125 0.046875
0 0.98671875 0.43671875 0.0265625 0.0453125
0 0.86796875 0.3546875 0.0453125 0.0453125
0 0.7359375 0.26953125 0.04375 0.046875
0 0.8671875 0.196875 0.0453125 0.046875
0 0.80625 0.15546875 0.0453125 0.046875
0 0.875 0.63203125 0.0453125 0.046875
0 0.79609375 0.31171875 0.046875 0.046875
0 0.96875 0.55234375 0.046875 0.0453125
0 0.99296875 0.12109375 0.0140625 0.0453125
0 0.95625 0.7921875 0.04375 0.046875
0 0.92734375 0.47421875 0.0453125 0.0453125
0 0.9765625 0.39609375 0.046875 0.046875
0 0.97734375 0.24140625 0.0453125 0.0453125
0 0.82421875 0.19453125 0.0453125 0.046875
0 0.9375 0.753125 0.0453125 0.046875
0 0.86796875 0.27734375 0.0453125 0.046875
0 0.9125 0.1984375 0.046875 0.0453125
0 0.95859375 0.35546875 0.0453125 0.046875
0 0.84609375 0.23671875 0.046875 0.046875
0 0.915625 0.7109375 0.0453125 0.0453125
0 0.7734375 0.42890625 0.04375 0.04375
0 0.96796875 0.053125 0.0453125 0.03125
0 0.7859375 0.11875 0.0453125 0.046875
0 0.60703125 0.11171875 0.04375 0.0453125
0 0.63203125 0.14921875 0.0453125 0.0453125
0 0.98203125 0.59296875 0.0265625 0.0453125
0 0.7828125 0.19375 0.0453125 0.046875
0 0.81640625 0.43046875 0.04375 0.0453125
0 0.96484375 0.709375 0.040625 0.0453125
0 0.8859375 0.39375 0.0453125 0.046875
0 0.7125 0.31171875 0.04375 0.0453125
0 0.7515625 0.3109375 0.0453125 0.0453125
0 0.77578125 0.27109375 0.0453125 0.0453125
0 0.8328125 0.11875 0.046875 0.046875
0 0.65234375 0.1109375 0.046875 0.046875
0 0.72265625 0.0734375 0.0453125 0.04375
0 0.990625 0.20390625 0.01875 0.0453125
0 0.946875 0.59140625 0.0453125 0.0453125
0 0.82421875 0.27734375 0.046875 0.046875
0 0.91328125 0.2796875 0.046875 0.046875
0 0.83359375 0.04296875 0.046875 0.034375
0 0.56953125 0.03203125 0.0453125 0.046875
0 0.971875 0.47421875 0.0453125 0.0453125
0 0.94609375 0.084375 0.0453125 0.0453125
0 0.84453125 0.31484375 0.046875 0.046875
0 0.89921875 0.6734375 0.0453125 0.046875
0 0.8921875 0.31875 0.0453125 0.0453125
0 0.6734375 0.15390625 0.0453125 0.0453125
0 0.7015625 0.034375 0.0453125 0.040625
0 0.63515625 0.07265625 0.0453125 0.0453125
0 0.83828125 0.3890625 0.0453125 0.046875
0 0.98515625 0.5125 0.0296875 0.04375
0 0.7953125 0.3875 0.0453125 0.046875
0 0.959375 0.2828125 0.046875 0.046875
0 0.82265625 0.353125 0.0453125 0.0453125
0 0.890625 0.2375 0.0453125 0.0453125
0 0.9921875 0.359375 0.015625 0.04375
0 0.90234375 0.509375 0.0453125 0.046875
0 0.990625 0.278125 0.01875 0.046875
0 0.9578125 0.203125 0.0453125 0.0453125
0 0.83359375 0.55390625 0.04375 0.0453125
0 0.79296875 0.47109375 0.04375 0.04375
0 0.9796875 0.1609375 0.040625 0.046875
0 0.84921875 0.16015625 0.0453125 0.046875
0 0.94375 0.67109375 0.0453125 0.0453125
0 0.890625 0.16171875 0.0453125 0.046875
0 0.71640625 0.15234375 0.0453125 0.0453125
0 0.9828125 0.08203125 0.034375 0.0453125
0 0.75703125 0.2328125 0.04375 0.0453125
0 0.64921875 0.18984375 0.04375 0.0453125
0 0.73203125 0.35234375 0.040625 0.0453125
0 0.7875 0.040625 0.0453125 0.0375
0 0.75390625 0.38984375 0.04375 0.0453125
0 0.68046875 0.07265625 0.04375 0.04375
0 0.6984375 0.11171875 0.0453125 0.0453125
0 0.91953125 0.11953125 0.0453125 0.046875
0 0.7390625 0.19375 0.0453125 0.0453125
0 0.90078125 0.08203125 0.0484375 0.0484375
0 0.81484375 0.51484375 0.04375 0.0453125
0 0.94140625 0.1625 0.0453125 0.0453125
0 0.96484375 0.83046875 0.01875 0.0421875
0 0.9703125 0.753125 0.021875 0.0453125
0 0.9765625 0.67109375 0.021875 0.0453125
0 0.8578125 0.59375 0.0453125 0.0421875