2 0.33515625 0.325 0.05 0.04375
0 0.0203125 0.03046875 0.040625 0.04375
0 0.0640625 0.02578125 0.040625 0.0421875
0 0.10859375 0.02578125 0.04375 0.04375
0 0.1578125 0.028125 0.040625 0.0421875
0 0.1984375 0.02265625 0.04140625 0.04140625
0 0.24296875 0.02421875 0.03984375 0.04140625
0 0.2859375 0.02109375 0.04375 0.0421875
0 0.33203125 0.021875 0.040625 0.04375
0 0.3765625 0.02265625 0.04375 0.04296875
0 0.42421875 0.0203125 0.040625 0.040625
0 0.46875 0.01875 0.0421875 0.0375
0 0.51484375 0.0234375 0.03984375 0.0421875
0 0.5578125 0.02109375 0.0390625 0.04140625
0 0.6 0.0140625 0.04375 0.028125
0 0.6453125 0.01484375 0.040625 0.0296875
0 0.68828125 0.015625 0.040625 0.03125
0 0.734375 0.01484375 0.0421875 0.0296875
0 0.78046875 0.01484375 0.040625 0.0296875
0 0.8234375 0.0140625 0.0421875 0.028125
0 0.86796875 0.0125 0.040625 0.025
0 0.9125 0.01171875 0.040625 0.0234375
0 0.9609375 0.0109375 0.0421875 0.021875
0 0.00859375 0.06875 0.0171875 0.04375
0 0.04453125 0.0625 0.04140625 0.04140625
0 0.08515625 0.059375 0.040625 0.04140625
0 0.13515625 0.059375 0.04296875 0.0421875
0 0.18046875 0.0625 0.040625 0.0421875
0 0.2234375 0.0625 0.0390625 0.04296875
0 0.2671875 0.059375 0.04140625 0.04140625
0 0.3125 0.0625 0.040625 0.040625
0 0.35625 0.06015625 0.04375 0.040625
0 0.40078125 0.05546875 0.04296875 0.04296875
0 0.4453125 0.0578125 0.04296875 0.04375
0 0.49140625 0.05546875 0.0421875 0.04375
0 0.534375 0.0546875 0.04296875 0.04140625
0 0.5796875 0.0515625 0.0421875 0.04453125
0 0.625 0.04921875 0.0421875 0.04296875
0 0.66953125 0.0546875 0.04140625 0.0421875
0 0.7125 0.0484375 0.0421875 0.0421875
0 0.75703125 0.04921875 0.04140625 0.0421875
0 0.80078125 0.046875 0.040625 0.04296875
0 0.84609375 0.0453125 0.04140625 0.04296875
0 0.89140625 0.04375 0.04140625 0.0421875
0 0.93671875 0.04296875 0.04296875 0.04453125
0 0.98125 0.04375 0.0375 0.040625
0 0.0203125 0.10078125 0.040625 0.0421875
0 0.0640625 0.10078125 0.0421875 0.04375
0 0.01015625 0.14375 0.0203125 0.0421875
0 0.1109375 0.10078125 0.04296875 0.0390625
0 0.15625 0.096875 0.0421875 0.04296875
0 0.04140625 0.1390625 0.0421875 0.04296875
0 0.08984375 0.1375 0.04296875 0.04453125
0 0.2015625 0.09765625 0.04140625 0.0421875
0 0.24609375 0.1015625 0.04296875 0.04296875
0 0.134375 0.134375 0.0421875 0.04140625
0 0.28984375 0.09921875 0.04296875 0.0421875
0 0.178125 0.13203125 0.04140625 0.04140625
0 0.3359375 0.10078125 0.040625 0.04296875
0 0.22265625 0.1359375 0.04453125 0.040625
0 0.37890625 0.0953125 0.040625 0.040625
0 0.26953125 0.1375 0.0421875 0.04140625
0 0.4234375 0.09609375 0.04296875 0.04375
0 0.31328125 0.1375 0.0421875 0.04140625
0 0.47109375 0.0953125 0.04296875 0.04375
0 0.515625 0.09609375 0.0421875 0.04453125
0 0.55859375 0.09296875 0.0421875 0.0453125
0 0.603125 0.08984375 0.040625 0.04375
0 0.6484375 0.0890625 0.0421875 0.04453125
0 0.6921875 0.08984375 0.04140625 0.040625
0 0.7359375 0.08984375 0.0421875 0.04140625
0 0.78125 0.08671875 0.0421875 0.04375
0 0.825 0.08984375 0.04375 0.04375
0 0.35703125 0.13515625 0.040625 0.04140625
0 0.40234375 0.13203125 0.0421875 0.040625
0 0.759375 0.128125 0.0390625 0.0421875
0 0.44765625 0.1328125 0.04296875 0.040625
0 0.4921875 0.13359375 0.040625 0.04609375
0 0.53671875 0.1328125 0.04375 0.0421875
0 0.58046875 0.13046875 0.04140625 0.04140625
0 0.62734375 0.12890625 0.04296875 0.04296875
0 0.67109375 0.125 0.04375 0.04296875
0 0.7140625 0.125 0.0421875 0.0421875
0 0.8703125 0.08984375 0.03984375 0.04140625
0 0.915625 0.0796875 0.04296875 0.04296875
0 0.9609375 0.084375 0.04140625 0.03984375
0 0.8015625 0.1234375 0.04296875 0.04140625
0 0.84609375 0.121875 0.0421875 0.0421875
0 0.89375 0.11953125 0.04140625 0.04296875
0 0.9375 0.1171875 0.0421875 0.04375
0 0.98125 0.11796875 0.0375 0.040625
0 0.021875 0.1765625 0.0421875 0.0390625
0 0.06796875 0.175 0.0421875 0.040625
0 0.115625 0.1734375 0.0421875 0.04296875
0 0.1609375 0.184375 0.03671875 0.04296875
0 0.20234375 0.17421875 0.0421875 0.04453125
0 0.24765625 0.1734375 0.0421875 0.04375
0 0.2921875 0.1765625 0.040625 0.03828125
0 0.33515625 0.17578125 0.04375 0.0421875
0 0.38125 0.17109375 0.0421875 0.04296875
0 0.42578125 0.17109375 0.04140625 0.03984375
0 0.47109375 0.17578125 0.03984375 0.04140625
0 0.515625 0.16875 0.04375 0.03984375
0 0.559375 0.17109375 0.0421875 0.04140625
0 0.60390625 0.1734375 0.04296875 0.04375
0 0.6484375 0.16953125 0.04296875 0.0421875
0 0.69296875 0.16953125 0.04140625 0.0421875
0 0.7375 0.1640625 0.04140625 0.04140625
0 0.78359375 0.1640625 0.040625 0.04140625
0 0.82734375 0.1609375 0.040625 0.04453125
0 0.871875 0.15546875 0.0421875 0.04453125
0 0.91640625 0.15859375 0.0421875 0.04296875
0 0.9609375 0.15546875 0.04296875 0.0421875
0 0.0109375 0.21953125 0.021875 0.040625
0 0.0453125 0.2140625 0.03984375 0.0421875
0 0.08984375 0.21171875 0.040625 0.04296875
0 0.13515625 0.2140625 0.03828125 0.0390625
0 0.18046875 0.2140625 0.04140625 0.0390625
0 0.22578125 0.2125 0.040625 0.040625
0 0.26953125 0.2125 0.0390625 0.03984375
0 0.31484375 0.2140625 0.040625 0.0421875
0 0.3578125 0.21171875 0.0390625 0.040625
0 0.403125 0.2109375 0.040625 0.0390625
0 0.49453125 0.20859375 0.0421875 0.04140625
0 0.446875 0.20703125 0.0421875 0.04296875
0 0.53671875 0.2109375 0.04140625 0.04296875
0 0.58125 0.2109375 0.040625 0.0390625
0 0.62578125 0.20625 0.0421875 0.04140625
0 0.671875 0.21015625 0.0421875 0.03984375
0 0.7171875 0.20390625 0.0421875 0.04140625
0 0.76328125 0.20625 0.040625 0.04296875
0 0.80703125 0.2046875 0.04140625 0.0421875
0 0.853125 0.203125 0.03984375 0.0421875
0 0.896875 0.19765625 0.03984375 0.0421875
0 0.940625 0.1953125 0.040625 0.0421875
0 0.98203125 0.19609375 0.0359375 0.0390625
0 0.025 0.2546875 0.04140625 0.0421875
0 0.0671875 0.25078125 0.03984375 0.03984375
0 0.11328125 0.2515625 0.0390625 0.04140625
0 0.16015625 0.2546875 0.04140625 0.03828125
0 0.203125 0.2515625 0.03984375 0.03984375
0 0.246875 0.253125 0.03984375 0.040625
0 0.29296875 0.25234375 0.03984375 0.0421875
0 0.33671875 0.25078125 0.04140625 0.0375
0 0.38125 0.24765625 0.04140625 0.04140625
0 0.425 0.24609375 0.04140625 0.04140625
0 0.46796875 0.24453125 0.0421875 0.03984375
0 0.51484375 0.2484375 0.040625 0.03828125
0 0.5578125 0.246875 0.03984375 0.03984375
0 0.60546875 0.246875 0.03984375 0.040625
0 0.6515625 0.2453125 0.04140625 0.0390625
0 0.6953125 0.24140625 0.03984375 0.04140625
0 0.73984375 0.24453125 0.0375 0.040625
0 0.784375 0.240625 0.04375 0.0421875
0 0.83046875 0.240625 0.03984375 0.03984375
0 0.87421875 0.23828125 0.040625 0.03828125
0 0.91875 0.23359375 0.040625 0.0390625
0 0.9625 0.2328125 0.04140625 0.04140625
0 0.01015625 0.29375 0.0203125 0.0421875
0 0.0453125 0.2921875 0.04453125 0.0421875
0 0.09140625 0.28984375 0.04296875 0.0421875
0 0.1390625 0.2921875 0.04296875 0.040625
0 0.18125 0.29453125 0.03984375 0.040625
0 0.225 0.2875 0.04140625 0.03984375
0 0.27109375 0.2890625 0.040625 0.040625
0 0.315625 0.28671875 0.0390625 0.040625
0 0.40390625 0.28828125 0.0390625 0.040625
0 0.359375 0.2875 0.040625 0.040625
0 0.44765625 0.28515625 0.0421875 0.040625
0 0.4921875 0.28359375 0.040625 0.03984375
0 0.5375 0.28359375 0.040625 0.0421875
0 0.58125 0.28125 0.03984375 0.04140625
0 0.63125 0.28671875 0.03984375 0.03984375
0 0.675 0.28515625 0.040625 0.040625
0 0.76171875 0.278125 0.0421875 0.0421875
0 0.71953125 0.28125 0.04296875 0.0421875
0 0.80859375 0.2765625 0.040625 0.0421875
0 0.853125 0.278125 0.04140625 0.0421875
0 0.9 0.27421875 0.040625 0.04140625
0 0.94375 0.27109375 0.040625 0.04296875
0 0.98359375 0.26796875 0.0328125 0.0421875
0 0.02421875 0.32890625 0.0421875 0.04375
0 0.11484375 0.3296875 0.040625 0.04140625
0 0.06953125 0.3296875 0.04296875 0.04296875
0 0.1609375 0.33125 0.04140625 0.0390625
0 0.203125 0.3296875 0.040625 0.04140625
0 0.246875 0.328125 0.04140625 0.04140625
0 0.29453125 0.33203125 0.03984375 0.040625
0 0.31640625 0.36328125 0.04140625 0.04140625
0 0.38125 0.3234375 0.04140625 0.04296875
0 0.4265625 0.32421875 0.03984375 0.04140625
0 0.47265625 0.32421875 0.040625 0.04140625
0 0.515625 0.3203125 0.03828125 0.040625
0 0.56171875 0.3203125 0.040625 0.04140625
0 0.60703125 0.3171875 0.040625 0.04296875
0 0.6546875 0.3203125 0.0375 0.03984375
0 0.696875 0.31796875 0.04140625 0.04296875
0 0.7421875 0.31875 0.040625 0.040625
0 0.78671875 0.31484375 0.040625 0.03984375
0 0.83125 0.3125 0.040625 0.04140625
0 0.87734375 0.31015625 0.04140625 0.04140625
0 0.921875 0.3109375 0.03984375 0.0421875
0 0.96796875 0.30859375 0.04140625 0.0421875
0 0.0125 0.375 0.025 0.040625
0 0.05 0.36640625 0.03984375 0.04453125
0 0.09296875 0.3671875 0.04140625 0.0421875
0 0.140625 0.3734375 0.0390625 0.040625
0 0.06953125 0.40546875 0.0421875 0.0421875
0 0.0265625 0.40859375 0.04140625 0.040625
0 0.225 0.36640625 0.0421875 0.04296875
0 0.27109375 0.365625 0.0390625 0.04375
0 0.1828125 0.36640625 0.0375 0.04296875
0 0.2046875 0.4046875 0.04140625 0.04375
0 0.159375 0.40390625 0.0421875 0.0421875
0 0.11640625 0.409375 0.04140625 0.0421875
0 0.2484375 0.40234375 0.040625 0.0421875
0 0.2921875 0.4015625 0.04375 0.0421875
0 0.3609375 0.36640625 0.040625 0.04140625
0 0.40390625 0.365625 0.04140625 0.04140625
0 0.44921875 0.359375 0.0421875 0.040625
0 0.4953125 0.3609375 0.03984375 0.0421875
0 0.5390625 0.35625 0.040625 0.04296875
0 0.5859375 0.35703125 0.040625 0.03828125
0 0.63046875 0.35703125 0.040625 0.040625
0 0.6765625 0.3578125 0.03984375 0.03984375
0 0.7203125 0.35390625 0.03984375 0.04140625
0 0.765625 0.35234375 0.040625 0.0390625
0 0.81015625 0.35234375 0.04375 0.0421875
0 0.85546875 0.34921875 0.0390625 0.040625
0 0.9 0.3484375 0.040625 0.04296875
0 0.946875 0.34609375 0.0375 0.04140625
0 0.98515625 0.3453125 0.0296875 0.0421875
0 0.33984375 0.4046875 0.03984375 0.03984375
0 0.38203125 0.39921875 0.03984375 0.04296875
0 0.42734375 0.4 0.04140625 0.0421875
0 0.4734375 0.4 0.040625 0.040625
0 0.5171875 0.4 0.04140625 0.04140625
0 0.56484375 0.396875 0.0390625 0.040625
0 0.60859375 0.39296875 0.040625 0.040625
0 0.65625 0.403125 0.0375 0.040625
0 0.69921875 0.39609375 0.04140625 0.04140625
0 0.74453125 0.390625 0.040625 0.04140625
0 0.7890625 0.39375 0.040625 0.04140625
0 0.834375 0.38828125 0.0421875 0.04296875
0 0.87890625 0.38984375 0.03984375 0.04296875
0 0.92421875 0.38984375 0.0390625 0.04140625
0 0.97109375 0.38203125 0.03984375 0.04140625
0 0.0125 0.440625 0.025 0.0390625
0 0.05 0.44921875 0.0390625 0.04140625
0 0.09453125 0.446875 0.040625 0.04140625
0 0.1390625 0.44609375 0.04140625 0.040625
0 0.18203125 0.44296875 0.04140625 0.040625
0 0.2265625 0.44296875 0.03984375 0.03984375
0 0.2734375 0.446875 0.0390625 0.04140625
0 0.31796875 0.43984375 0.040625 0.0421875
0 0.36328125 0.44296875 0.040625 0.04140625
0 0.409375 0.43984375 0.0421875 0.04375
0 0.45234375 0.4375 0.040625 0.04296875
0 0.496875 0.43828125 0.040625 0.0421875
0 0.5421875 0.4375 0.04140625 0.04375
0 0.5875 0.43515625 0.0421875 0.0421875
0 0.63359375 0.4328125 0.03984375 0.040625
0 0.67734375 0.43359375 0.040625 0.0421875
0 0.72109375 0.43125 0.0421875 0.0421875
0 0.7671875 0.43125 0.0421875 0.04140625
0 0.8109375 0.425 0.040625 0.0421875
0 0.8578125 0.428125 0.04140625 0.0421875
0 0.903125 0.4265625 0.0421875 0.0421875
0 0.94765625 0.42265625 0.040625 0.04296875
0 0.9859375 0.42109375 0.028125 0.0421875
0 0.0265625 0.48515625 0.04140625 0.0421875
0 0.07109375 0.48203125 0.04140625 0.040625
0 0.11484375 0.48125 0.04140625 0.04140625
0 0.1609375 0.48203125 0.0390625 0.04140625
0 0.2046875 0.478125 0.0390625 0.040625
0 0.24921875 0.48203125 0.04140625 0.04296875
0 0.2953125 0.47734375 0.040625 0.04296875
0 0.33984375 0.4796875 0.040625 0.0421875
0 0.3859375 0.4765625 0.040625 0.0421875
0 0.43125 0.47421875 0.040625 0.040625
0 0.47421875 0.4734375 0.04140625 0.0421875
0 0.51953125 0.47265625 0.04296875 0.04140625
0 0.5625 0.47265625 0.0421875 0.04140625
0 0.6125 0.4734375 0.03984375 0.03984375
0 0.65625 0.4734375 0.0421875 0.04140625
0 0.7 0.46953125 0.03984375 0.04140625
0 0.7453125 0.4703125 0.0421875 0.04453125
0 0.79140625 0.46796875 0.04140625 0.04140625
0 0.8375 0.465625 0.0390625 0.04375
0 0.88203125 0.46484375 0.0390625 0.04140625
0 0.9265625 0.4609375 0.04140625 0.04140625
0 0.9703125 0.459375 0.0421875 0.04296875
0 0.0125 0.525 0.025 0.0421875
0 0.0484375 0.5203125 0.0421875 0.0421875
0 0.09296875 0.52109375 0.03828125 0.04140625
0 0.13828125 0.5203125 0.0421875 0.0421875
0 0.18203125 0.5203125 0.0375 0.03984375
0 0.2265625 0.5171875 0.04140625 0.04296875
0 0.27265625 0.51484375 0.0421875 0.04140625
0 0.3203125 0.51953125 0.03984375 0.0421875
0 0.3640625 0.51640625 0.0421875 0.03984375
0 0.40859375 0.51328125 0.03984375 0.0421875
0 0.45234375 0.51328125 0.04375 0.04296875
0 0.4984375 0.51484375 0.04296875 0.0421875
0 0.54296875 0.50859375 0.04140625 0.03984375
0 0.58671875 0.5125 0.03984375 0.04375
0 0.63359375 0.5125 0.03984375 0.04296875
0 0.67890625 0.5109375 0.0421875 0.04375
0 0.725 0.50625 0.03828125 0.04375
0 0.76796875 0.50546875 0.03984375 0.0421875
0 0.81328125 0.50703125 0.0421875 0.0421875
0 0.86015625 0.5046875 0.040625 0.0421875
0 0.90390625 0.5015625 0.0421875 0.04140625
0 0.94921875 0.5015625 0.0421875 0.04140625
0 0.9875 0.49765625 0.025 0.0421875
0 0.0265625 0.5609375 0.03984375 0.03828125
0 0.06796875 0.55703125 0.040625 0.04296875
0 0.1140625 0.55625 0.03984375 0.04140625
0 0.159375 0.55703125 0.04140625 0.0421875
0 0.203125 0.55625 0.04140625 0.04375
0 0.2515625 0.5546875 0.0421875 0.04375
0 0.29453125 0.5515625 0.0421875 0.0421875
0 0.33828125 0.55390625 0.0421875 0.040625
0 0.38515625 0.5515625 0.03984375 0.04140625
0 0.43046875 0.55390625 0.03984375 0.04140625
0 0.4734375 0.55234375 0.040625 0.0421875
0 0.5171875 0.546875 0.03828125 0.03984375
0 0.56328125 0.54765625 0.0390625 0.040625
0 0.61171875 0.55078125 0.04140625 0.040625
0 0.6578125 0.5484375 0.04140625 0.040625
0 0.70078125 0.54453125 0.040625 0.0421875
0 0.74765625 0.5453125 0.0390625 0.0390625
0 0.79296875 0.54453125 0.03984375 0.0421875
0 0.83671875 0.54453125 0.03984375 0.03984375
0 0.88515625 0.54375 0.03984375 0.04140625
0 0.9296875 0.5390625 0.03828125 0.0421875
0 0.9734375 0.5375 0.040625 0.04140625
0 0.01328125 0.596875 0.0265625 0.04375
0 0.05078125 0.5984375 0.04453125 0.04375
0 0.0953125 0.5953125 0.04140625 0.04453125
0 0.1390625 0.5953125 0.03984375 0.04453125
0 0.1828125 0.5953125 0.0421875 0.04453125
0 0.22890625 0.5984375 0.040625 0.04375
0 0.271875 0.59296875 0.0390625 0.04453125
0 0.31640625 0.5890625 0.0421875 0.04296875
0 0.3609375 0.5890625 0.03984375 0.04296875
0 0.40703125 0.590625 0.0453125 0.04375
0 0.4515625 0.590625 0.03984375 0.04375
0 0.4953125 0.58828125 0.04140625 0.04140625
0 0.5421875 0.59140625 0.0421875 0.0453125
0 0.58984375 0.5859375 0.04296875 0.04296875
0 0.634375 0.58515625 0.04140625 0.0421875
0 0.67890625 0.58359375 0.0421875 0.04375
0 0.7234375 0.5828125 0.04140625 0.04375
0 0.7703125 0.58359375 0.03984375 0.04375
0 0.8140625 0.58046875 0.0421875 0.04375
0 0.8609375 0.57890625 0.04296875 0.04375
0 0.90625 0.58046875 0.04375 0.04296875
0 0.95 0.57578125 0.0421875 0.04140625
0 0.9875 0.57578125 0.025 0.04375
0 0.02890625 0.63671875 0.0421875 0.04453125
0 0.07265625 0.6359375 0.03984375 0.0421875
0 0.11796875 0.63984375 0.04296875 0.04375
0 0.16171875 0.6359375 0.040625 0.0421875
0 0.2078125 0.6359375 0.04375 0.040625
0 0.2515625 0.63125 0.040625 0.04140625
0 0.29453125 0.628125 0.040625 0.0421875
0 0.340625 0.63125 0.040625 0.04296875
0 0.38515625 0.63203125 0.0421875 0.040625
0 0.43125 0.634375 0.0359375 0.03984375
0 0.47734375 0.63203125 0.040625 0.0421875
0 0.52109375 0.6265625 0.03984375 0.0421875
0 0.565625 0.62421875 0.040625 0.04296875
0 0.61015625 0.62421875 0.04140625 0.04375
0 0.65859375 0.6234375 0.040625 0.04140625
0 0.703125 0.621875 0.0390625 0.03984375
0 0.746875 0.6203125 0.04140625 0.04140625
0 0.79296875 0.6203125 0.03984375 0.0421875
0 0.83828125 0.61875 0.040625 0.040625
0 0.88359375 0.6203125 0.040625 0.040625
0 0.93125 0.61640625 0.04296875 0.040625
0 0.97578125 0.615625 0.0390625 0.040625
0 0.01328125 0.675 0.0265625 0.040625
0 0.0515625 0.67421875 0.03984375 0.04296875
0 0.09609375 0.678125 0.040625 0.0421875
0 0.13984375 0.67265625 0.040625 0.040625
0 0.184375 0.67265625 0.040625 0.0421875
0 0.228125 0.671875 0.0421875 0.040625
0 0.27578125 0.67421875 0.04296875 0.04296875
0 0.3203125 0.67109375 0.040625 0.040625
0 0.3625 0.66875 0.0421875 0.040625
0 0.40859375 0.671875 0.0421875 0.0421875
0 0.4546875 0.66796875 0.040625 0.0421875
0 0.49921875 0.67109375 0.03984375 0.040625
0 0.54375 0.66484375 0.03984375 0.04296875
0 0.5890625 0.6640625 0.03984375 0.040625
0 0.63359375 0.6640625 0.0421875 0.0421875
0 0.68125 0.66171875 0.0390625 0.040625
0 0.72421875 0.66015625 0.04140625 0.03984375
0 0.771875 0.65859375 0.04140625 0.0421875
0 0.81796875 0.65859375 0.04140625 0.04296875
0 0.8625 0.65625 0.04140625 0.0421875
0 0.953125 0.65546875 0.04296875 0.0421875
0 0.90859375 0.65546875 0.04140625 0.040625
0 0.9890625 0.653125 0.021875 0.0421875
0 0.028125 0.71640625 0.0390625 0.04140625
0 0.0109375 0.759375 0.021875 0.0421875
0 0.0453125 0.75546875 0.0390625 0.04140625
0 0.0703125 0.71171875 0.03984375 0.04296875
0 0.11484375 0.715625 0.0421875 0.0390625
0 0.16015625 0.7109375 0.040625 0.04140625
0 0.20625 0.70859375 0.03984375 0.04140625
0 0.2515625 0.71171875 0.040625 0.04296875
0 0.29609375 0.71171875 0.040625 0.04140625
0 0.340625 0.71015625 0.040625 0.040625
0 0.384375 0.7078125 0.0390625 0.0421875
0 0.42890625 0.70703125 0.040625 0.040625
0 0.4765625 0.70390625 0.040625 0.04296875
0 0.5234375 0.70390625 0.0390625 0.040625
0 0.5671875 0.70234375 0.03984375 0.04296875
0 0.61171875 0.69921875 0.040625 0.04296875
0 0.65546875 0.7 0.040625 0.04296875
0 0.7046875 0.696875 0.0390625 0.0421875
0 0.74921875 0.69765625 0.040625 0.040625
0 0.79453125 0.6953125 0.040625 0.0421875
0 0.840625 0.696875 0.040625 0.04296875
0 0.88515625 0.6921875 0.0390625 0.03984375
0 0.9296875 0.69140625 0.0421875 0.040625
0 0.97578125 0.690625 0.0421875 0.03984375
0 0.08984375 0.7515625 0.0421875 0.04140625
0 0.13671875 0.75234375 0.04296875 0.04296875
0 0.1859375 0.753125 0.0421875 0.0421875
0 0.22890625 0.74921875 0.0390625 0.04296875
0 0.27421875 0.7515625 0.040625 0.040625
0 0.31953125 0.74765625 0.03828125 0.04296875
0 0.36171875 0.7453125 0.04375 0.03984375
0 0.40703125 0.74453125 0.04140625 0.04296875
0 0.45234375 0.746875 0.040625 0.04140625
0 0.49609375 0.7421875 0.0390625 0.04375
0 0.5453125 0.7390625 0.0390625 0.0421875
0 0.590625 0.7390625 0.03984375 0.040625
0 0.63515625 0.73984375 0.04296875 0.0421875
0 0.68125 0.7328125 0.040625 0.040625
0 0.72734375 0.7390625 0.04140625 0.040625
0 0.771875 0.734375 0.04296875 0.04140625
0 0.81796875 0.73359375 0.040625 0.0421875
0 0.86171875 0.73359375 0.0421875 0.04375
0 0.90625 0.73125 0.03984375 0.04375
0 0.9546875 0.73125 0.040625 0.0390625
0 0.9890625 0.728125 0.021875 0.0390625
0 0.0234375 0.7921875 0.03828125 0.0421875
0 0.06953125 0.79375 0.040625 0.040625
0 0.11328125 0.7890625 0.03984375 0.0421875
0 0.1578125 0.78828125 0.040625 0.0421875
0 0.20234375 0.7875 0.0421875 0.04140625
0 0.24921875 0.78515625 0.0390625 0.040625
0 0.29296875 0.78515625 0.04296875 0.0421875
0 0.3390625 0.7875 0.03984375 0.04296875
0 0.384375 0.78515625 0.03984375 0.040625
0 0.0109375 0.83515625 0.021875 0.040625
0 0.04609375 0.83359375 0.0375 0.0375
0 0.09296875 0.8328125 0.0421875 0.040625
0 0.13515625 0.83359375 0.04375 0.040625
0 0.18203125 0.8296875 0.0421875 0.0390625
0 0.228125 0.828125 0.040625 0.03828125
0 0.275 0.83046875 0.0421875 0.040625
0 0.31875 0.82578125 0.0390625 0.0421875
0 0.3640625 0.825 0.04375 0.04375
0 0.41171875 0.828125 0.03984375 0.03828125
0 0.453125 0.82265625 0.0421875 0.040625
0 0.4296875 0.78046875 0.040625 0.040625
0 0.4734375 0.78125 0.0421875 0.04140625
0 0.52265625 0.7828125 0.03984375 0.0390625
0 0.50078125 0.81640625 0.04140625 0.0390625
0 0.565625 0.7765625 0.03984375 0.0421875
0 0.54453125 0.82109375 0.0359375 0.03828125
0 0.5921875 0.81953125 0.040625 0.03984375
0 0.6125 0.77734375 0.040625 0.03984375
0 0.6359375 0.81796875 0.040625 0.03984375
0 0.66171875 0.7796875 0.03828125 0.040625
0 0.70546875 0.77265625 0.03984375 0.040625
0 0.68359375 0.81640625 0.03984375 0.040625
0 0.6140625 0.8546875 0.040625 0.040625
0 0.6609375 0.85546875 0.040625 0.040625
0 0.56875 0.85703125 0.0390625 0.0421875
0 0.521875 0.859375 0.040625 0.04140625
0 0.475 0.86015625 0.03984375 0.0390625
0 0.43125 0.86171875 0.0390625 0.040625
0 0.3875 0.86328125 0.0421875 0.0421875
0 0.34140625 0.8640625 0.04296875 0.04296875
0 0.2953125 0.8609375 0.04140625 0.04453125
0 0.75078125 0.77265625 0.03828125 0.03984375
0 0.796875 0.77578125 0.0421875 0.03984375
0 0.84140625 0.775 0.03984375 0.040625
0 0.88515625 0.77578125 0.0390625 0.03828125
0 0.9296875 0.76875 0.03828125 0.0359375
0 0.97890625 0.76640625 0.03984375 0.0421875
0 0.7296875 0.8171875 0.0421875 0.04296875
0 0.77421875 0.815625 0.0390625 0.040625
0 0.81953125 0.8125 0.040625 0.04453125
0 0.865625 0.8140625 0.04140625 0.04375
0 0.9109375 0.81015625 0.040625 0.04296875
0 0.9546875 0.80546875 0.04140625 0.04375
0 0.99140625 0.80625 0.0171875 0.040625
0 0.02265625 0.87109375 0.040625 0.0390625
0 0.06953125 0.86796875 0.0421875 0.0421875
0 0.11796875 0.86796875 0.03828125 0.03984375
0 0.159375 0.86875 0.04140625 0.0421875
0 0.20390625 0.865625 0.03984375 0.0421875
0 0.25 0.8640625 0.04296875 0.0421875
0 0.27421875 0.90078125 0.04140625 0.04375
0 0.23046875 0.90390625 0.04140625 0.03984375
0 0.184375 0.90625 0.0421875 0.040625
0 0.13828125 0.9078125 0.03984375 0.03984375
0 0.09140625 0.9078125 0.04140625 0.0421875
0 0.0484375 0.9125 0.0390625 0.03984375
0 0.0109375 0.9109375 0.021875 0.040625
0 0.02578125 0.95 0.04375 0.0421875
0 0.071875 0.9515625 0.04453125 0.04296875
0 0.11640625 0.94765625 0.04375 0.03984375
0 0.16171875 0.94453125 0.0421875 0.04375
0 0.2078125 0.94609375 0.04140625 0.0421875
0 0.2515625 0.94375 0.040625 0.04140625
0 0.0125 0.98515625 0.025 0.0296875
0 0.04921875 0.98359375 0.040625 0.0328125
0 0.09453125 0.9828125 0.040625 0.034375
0 0.13984375 0.98203125 0.040625 0.0359375
0 0.1859375 0.98125 0.0375 0.0375
0 0.2296875 0.98125 0.040625 0.0375
0 0.32109375 0.90625 0.0421875 0.03671875
0 0.3640625 0.89921875 0.04140625 0.03984375
0 0.40859375 0.90078125 0.04140625 0.040625
0 0.45078125 0.89765625 0.04140625 0.0421875
0 0.4984375 0.89765625 0.0421875 0.0421875
0 0.5484375 0.8984375 0.03828125 0.0390625
0 0.59453125 0.89296875 0.04296875 0.04140625
0 0.63984375 0.8921875 0.04296875 0.040625
0 0.70546875 0.85234375 0.04140625 0.040625
0 0.75234375 0.85234375 0.03984375 0.0390625
0 0.796875 0.85234375 0.040625 0.04296875
0 0.84453125 0.85078125 0.0421875 0.0421875
0 0.8890625 0.84765625 0.040625 0.04140625
0 0.97890625 0.8453125 0.0421875 0.040625
0 0.93359375 0.84609375 0.04140625 0.04140625
0 0.684375 0.89375 0.040625 0.04140625
0 0.7296875 0.89140625 0.04140625 0.04296875
0 0.7734375 0.8890625 0.040625 0.0421875
0 0.82109375 0.89375 0.04140625 0.040625
0 0.865625 0.88671875 0.04296875 0.0421875
0 0.91328125 0.8859375 0.04140625 0.04296875
0 0.959375 0.88359375 0.04140625 0.04296875
0 0.29609375 0.93984375 0.04453125 0.04296875
0 0.3421875 0.93828125 0.0421875 0.04375
0 0.3875 0.94140625 0.0421875 0.04296875
0 0.43203125 0.93671875 0.0421875 0.040625
0 0.47734375 0.93515625 0.0421875 0.04140625
0 0.52421875 0.93671875 0.040625 0.03984375
0 0.56875 0.9359375 0.04296875 0.04453125
0 0.6171875 0.934375 0.040625 0.040625
0 0.66015625 0.93203125 0.03984375 0.04296875
0 0.70625 0.928125 0.0421875 0.0421875
0 0.75234375 0.928125 0.040625 0.0421875
0 0.79765625 0.92890625 0.04296875 0.04375
0 0.8453125 0.928125 0.04296875 0.04375
0 0.88984375 0.92421875 0.04140625 0.04453125
0 0.9359375 0.9234375 0.0421875 0.04375
0 0.98046875 0.92421875 0.0390625 0.040625
0 0.27421875 0.98046875 0.04375 0.0390625
0 0.32109375 0.98046875 0.040625 0.0390625
0 0.3640625 0.978125 0.04140625 0.0421875
0 0.4109375 0.9765625 0.04140625 0.0421875
0 0.45390625 0.97421875 0.040625 0.04375
0 0.49921875 0.97578125 0.0421875 0.040625
0 0.54609375 0.97578125 0.04140625 0.0421875
0 0.59453125 0.971875 0.040625 0.04296875
0 0.640625 0.97265625 0.04140625 0.0421875
0 0.6859375 0.96953125 0.03984375 0.0421875
0 0.7296875 0.96796875 0.040625 0.04296875
0 0.7765625 0.9671875 0.04296875 0.04296875
0 0.82265625 0.9671875 0.0421875 0.04375
0 0.86875 0.9640625 0.0390625 0.04375
0 0.91015625 0.9625 0.04453125 0.04375
0 0.95859375 0.9640625 0.04140625 0.04375
0 0.84296875 0.98984375 0.04375 0.0203125
0 0.88828125 0.98984375 0.0421875 0.0203125