0 0.80234375 0.76484375 0.065625 0.065625
0 0.825 0.82421875 0.0671875 0.0640625
0 0.84140625 0.69453125 0.0671875 0.06875
0 0.89296875 0.65625 0.0671875 0.0671875
0 0.85234375 0.87890625 0.06875 0.0640625
0 0.86875 0.75859375 0.0671875 0.065625
0 0.8734375 0.9375 0.0671875 0.065625
0 0.7171875 0.5890625 0.065625 0.0640625
1 0.77109375 0.5296875 0.2015625 0.0859375
0 0.75546875 0.6453125 0.065625 0.0640625
1 0.84296875 0.625 0.0828125 0.0625
1 0.77734375 0.7046875 0.08125 0.05625
1 0.92109375 0.715625 0.0671875 0.0640625
1 0.97109375 0.71875 0.0390625 0.0640625
1 0.94609375 0.7765625 0.0828125 0.0609375
1 0.89921875 0.81328125 0.0890625 0.0609375
1 0.9640625 0.82578125 0.0421875 0.0625
1 0.91796875 0.8765625 0.0640625 0.0609375
0 0.94609375 0.94140625 0.065625 0.071875
1 0.91015625 0.98671875 0.0703125 0.0265625