1 0.5140625 0.71796875 0.2203125 0.203125
1 0.6953125 0.7265625 0.2203125 0.203125
1 0.81953125 0.56875 0.221875 0.240625
1 0.22890625 0.37265625 0.21875 0.2109375
1 0.90546875 0.446875 0.1890625 0.215625
1 0.290625 0.5296875 0.234375 0.215625
1 0.45234375 0.09453125 0.2203125 0.1890625
1 0.10625 0.4859375 0.2125 0.2125
1 0.503125 0.2515625 0.20625 0.2078125
1 0.678125 0.2546875 0.2296875 0.2203125
1 0.8703125 0.29921875 0.2140625 0.19375
1 0.26640625 0.090625 0.2203125 0.18125
1 0.87890625 0.73671875 0.1890625 0.2015625
1 0.63046875 0.10078125 0.21875 0.2
1 0.75625 0.87265625 0.240625 0.2234375
1 0.57890625 0.88828125 0.2265625 0.2234375
1 0.08203125 0.3546875 0.15625 0.2015625
1 0.46796875 0.5546875 0.20625 0.2109375
1 0.4046875 0.3890625 0.2234375 0.2203125
1 0.16484375 0.66328125 0.20625 0.209375
1 0.6390625 0.56484375 0.228125 0.2328125
1 0.33671875 0.23671875 0.23125 0.2125
1 0.81328125 0.140625 0.2234375 0.1953125
1 0.5859375 0.41640625 0.2203125 0.215625
1 0.3328125 0.66015625 0.2359375 0.2234375
1 0.93984375 0.175 0.1203125 0.178125
1 0.15546875 0.20078125 0.2203125 0.2078125
1 0.39375 0.8453125 0.23125 0.2203125
1 0.19375 0.015625 0.18125 0.03125
1 0.13125 0.08359375 0.128125 0.1671875
1 0.75078125 0.403125 0.1984375 0.2046875
1 0.81640625 0.96171875 0.1765625 0.0765625
1 0.24375 0.84375 0.1984375 0.2421875
1 0.9390625 0.596875 0.121875 0.19375
1 0.8796875 0.9 0.11875 0.2
1 0.965625 0.31015625 0.06875 0.1984375
1 0.353125 0.0296875 0.18125 0.059375
1 0.32578125 0.94453125 0.16875 0.0890625
1 0.47734375 0.9546875 0.1953125 0.090625
1 0.51484375 0.0296875 0.2421875 0.059375
0 0.65234375 0.975 0.1890625 0.05