2 0.04921875 0.38984375 0.06328125 0.0484375
0 0.04375 0.9796875 0.053125 0.040625
0 0.1078125 0.97890625 0.05625 0.0421875
0 0.021875 0.9421875 0.04375 0.0515625
0 0.075 0.940625 0.04921875 0.053125
0 0.12578125 0.93984375 0.053125 0.0515625
0 0.040625 0.88203125 0.05546875 0.04453125
0 0.09453125 0.8890625 0.05546875 0.053125
0 0.15 0.87734375 0.0453125 0.0421875
0 0.178125 0.8421875 0.05 0.0515625
0 0.11796875 0.846875 0.05703125 0.05
1 0.06328125 0.84296875 0.046875 0.0421875
0 0.01796875 0.84921875 0.0359375 0.0546875
0 0.0390625 0.79921875 0.053125 0.05625
0 0.09296875 0.796875 0.05390625 0.0515625
0 0.14609375 0.78515625 0.05390625 0.04609375
0 0.20078125 0.78359375 0.0515625 0.05078125
0 0.2234375 0.7375 0.05 0.0484375
0 0.16875 0.73984375 0.05078125 0.05234375
0 0.1140625 0.7453125 0.053125 0.05
0 0.0640625 0.74765625 0.046875 0.05546875
0 0.0171875 0.7546875 0.034375 0.0546875
0 0.0359375 0.7015625 0.05234375 0.05390625
0 0.0890625 0.69765625 0.0515625 0.0578125
0 0.1390625 0.696875 0.05 0.05078125
0 0.19375 0.69921875 0.05 0.0546875
0 0.24765625 0.69296875 0.0515625 0.05078125
0 0.26953125 0.6453125 0.053125 0.053125
0 0.2171875 0.64765625 0.053125 0.05390625
0 0.16484375 0.6515625 0.05546875 0.0484375
0 0.1109375 0.65078125 0.05234375 0.05078125
0 0.05859375 0.6515625 0.053125 0.053125
0 0.015625 0.65546875 0.03125 0.05
0 0.03046875 0.6078125 0.0546875 0.05
0 0.0828125 0.60625 0.04765625 0.0484375
0 0.13515625 0.603125 0.05078125 0.0515625
0 0.18828125 0.59921875 0.0484375 0.0484375
0 0.240625 0.59921875 0.05 0.05078125
0 0.28828125 0.59609375 0.05 0.04609375
0 0.01328125 0.56796875 0.0265625 0.046875
0 0.05625 0.56328125 0.04765625 0.0484375
0 0.10625 0.5609375 0.05234375 0.0484375
0 0.16015625 0.5609375 0.04921875 0.04921875
0 0.2109375 0.55546875 0.0484375 0.05078125
0 0.2625 0.55390625 0.0515625 0.0484375
0 0.3140625 0.55390625 0.05078125 0.05234375
0 0.02734375 0.525 0.0515625 0.04765625
0 0.08125 0.51875 0.053125 0.05
0 0.1328125 0.515625 0.05 0.053125
0 0.18359375 0.51484375 0.05546875 0.05546875
0 0.23671875 0.50859375 0.05078125 0.04765625
0 0.28515625 0.5109375 0.046875 0.05
0 0.3375 0.50703125 0.0546875 0.0484375
0 0.0140625 0.4796875 0.028125 0.0546875
0 0.053125 0.48046875 0.0515625 0.04921875
0 0.10390625 0.47421875 0.05078125 0.04921875
0 0.15625 0.46953125 0.0484375 0.0484375
0 0.20703125 0.465625 0.05078125 0.05078125
0 0.259375 0.4640625 0.0515625 0.0515625
0 0.309375 0.4625 0.04765625 0.05078125
0 0.3609375 0.46328125 0.05703125 0.053125
0 0.02421875 0.43125 0.0484375 0.0515625
0 0.0765625 0.4375 0.05390625 0.0515625
0 0.12890625 0.42734375 0.0515625 0.05
0 0.01015625 0.39609375 0.0203125 0.0484375
0 0.10078125 0.384375 0.0484375 0.05
0 0.15078125 0.38515625 0.0515625 0.05234375
0 0.02421875 0.35234375 0.0484375 0.053125
0 0.07265625 0.3453125 0.05 0.053125
0 0.1234375 0.33984375 0.04765625 0.04921875
0 0.04140625 0.3046875 0.05078125 0.04765625
0 0.09453125 0.3 0.0515625 0.0484375
0 0.14765625 0.296875 0.0515625 0.0515625
0 0.0203125 0.26328125 0.040625 0.0484375
0 0.065625 0.259375 0.05 0.05078125
0 0.03671875 0.2171875 0.0515625 0.0484375
0 0.08828125 0.2125 0.05 0.05078125
0 0.01796875 0.1734375 0.0359375 0.05
0 0.0625 0.17109375 0.05078125 0.05
0 0.11171875 0.1671875 0.05 0.05078125
0 0.03515625 0.13046875 0.04765625 0.04921875
0 0.084375 0.12421875 0.05 0.04921875
0 0.1796875 0.4234375 0.05078125 0.0484375
0 0.23125 0.4234375 0.04765625 0.04765625
0 0.28125 0.4203125 0.05390625 0.04609375
0 0.33359375 0.41953125 0.0515625 0.0484375
0 0.38671875 0.41875 0.053125 0.053125
0 0.20234375 0.38046875 0.04921875 0.0484375
0 0.25625 0.38046875 0.05 0.0515625
0 0.309375 0.37734375 0.0515625 0.053125
0 0.3609375 0.37578125 0.05234375 0.0515625
0 0.41015625 0.3703125 0.04765625 0.05234375
0 0.17421875 0.340625 0.0515625 0.0453125
0 0.22890625 0.3359375 0.053125 0.0484375
0 0.28046875 0.33359375 0.0515625 0.05
0 0.3296875 0.32890625 0.0484375 0.04921875
0 0.38125 0.32734375 0.05078125 0.05078125
0 0.43203125 0.32421875 0.0515625 0.05
0 0.2 0.2953125 0.04921875 0.05
0 0.25234375 0.29296875 0.0515625 0.0515625
0 0.30078125 0.28828125 0.04765625 0.0515625
0 0.35 0.28515625 0.0515625 0.0484375
0 0.40390625 0.2828125 0.0515625 0.05
0 0.45546875 0.28125 0.0515625 0.0484375
0 0.11796875 0.25625 0.05390625 0.0484375
0 0.16953125 0.2515625 0.0484375 0.04765625
0 0.2234375 0.25078125 0.04921875 0.0515625
0 0.271875 0.2453125 0.0515625 0.0484375
0 0.32578125 0.24453125 0.053125 0.05
0 0.37890625 0.2421875 0.05078125 0.05078125
0 0.428125 0.2390625 0.04765625 0.04765625
0 0.47734375 0.23359375 0.05078125 0.04609375
0 0.13828125 0.209375 0.04921875 0.046875
0 0.19375 0.20703125 0.0515625 0.0515625
0 0.24453125 0.203125 0.05234375 0.0484375
0 0.2953125 0.20078125 0.053125 0.04453125
0 0.35 0.19921875 0.046875 0.0484375
0 0.39765625 0.196875 0.05 0.0484375
0 0.44921875 0.19453125 0.05 0.05
0 0.5046875 0.1921875 0.0484375 0.0484375
0 0.16484375 0.1671875 0.05078125 0.04921875
0 0.21484375 0.16171875 0.04921875 0.04765625
0 0.26484375 0.15859375 0.05390625 0.0484375
0 0.32109375 0.15859375 0.0515625 0.04765625
0 0.371875 0.15546875 0.05 0.05
0 0.42109375 0.153125 0.05 0.04921875
0 0.475 0.1515625 0.05078125 0.04765625
0 0.52734375 0.1484375 0.04921875 0.05
0 0.13515625 0.1234375 0.0484375 0.04921875
0 0.1859375 0.12265625 0.0515625 0.05
0 0.2390625 0.11640625 0.0515625 0.05
0 0.290625 0.115625 0.053125 0.05
0 0.34296875 0.11328125 0.0484375 0.05
0 0.396875 0.11171875 0.0515625 0.0515625
0 0.446875 0.10703125 0.0453125 0.053125
0 0.49375 0.1046875 0.05 0.05078125
0 0.54765625 0.10078125 0.05078125 0.0515625
0 0.01640625 0.0875 0.0328125 0.0484375
0 0.0578125 0.084375 0.0484375 0.04765625
0 0.11171875 0.0859375 0.04765625 0.0484375
0 0.15859375 0.08125 0.0453125 0.04765625
0 0.20625 0.078125 0.0515625 0.04765625
0 0.2625 0.0765625 0.05390625 0.0484375
0 0.31484375 0.071875 0.04921875 0.0484375
0 0.36640625 0.06875 0.05234375 0.05
0 0.4171875 0.065625 0.05 0.0484375
0 0.4671875 0.0625 0.04609375 0.04609375
0 0.51796875 0.0609375 0.05390625 0.0484375
0 0.575 0.0578125 0.0546875 0.04921875
0 0.02734375 0.04375 0.05 0.0515625
0 0.07734375 0.04140625 0.05078125 0.046875
0 0.13125 0.0375 0.053125 0.05
0 0.18203125 0.0359375 0.04453125 0.05078125
0 0.23125 0.0359375 0.0546875 0.05234375
0 0.28515625 0.03125 0.0546875 0.0484375
0 0.3390625 0.028125 0.05078125 0.05
0 0.3890625 0.0265625 0.04921875 0.04765625
0 0.43828125 0.0234375 0.0484375 0.046875
0 0.4875 0.021875 0.053125 0.04375
0 0.540625 0.02109375 0.046875 0.0421875
0 0.59375 0.01796875 0.053125 0.0359375
0 0.05234375 0.01171875 0.0484375 0.0234375
0 0.103125 0.01171875 0.05 0.0234375
0 0.15625 0.01171875 0.053125 0.0234375
0 0.20703125 0.01015625 0.0484375 0.0203125