1 0.9171875 0.6203125 0.16484375 0.20390625
1 0.75 0.928125 0.18984375 0.1359375
1 0.86640625 0.06796875 0.18984375 0.1359375
1 0.33984375 0.084375 0.18671875 0.1609375
1 0.33359375 0.3796875 0.18671875 0.2
1 0.5140625 0.3765625 0.184375 0.16328125
1 0.2671875 0.51484375 0.18671875 0.19453125
1 0.62890625 0.21328125 0.1859375 0.23515625
1 0.17109375 0.378125 0.159375 0.1609375
1 0.27421875 0.2359375 0.184375 0.19453125
1 0.4421875 0.528125 0.190625 0.17421875
1 0.35390625 0.671875 0.16796875 0.18984375
1 0.6734375 0.0703125 0.16953125 0.13984375
1 0.5625 0.9265625 0.190625 0.14609375
1 0.16328125 0.1015625 0.1640625 0.18828125
1 0.5109375 0.071875 0.178125 0.14375
1 0.53203125 0.6453125 0.19296875 0.19921875
1 0.084375 0.2484375 0.16875 0.196875
1 0.640625 0.75546875 0.175 0.1203125
1 0.8828125 0.35078125 0.175 0.21484375
1 0.7390625 0.65859375 0.16484375 0.21171875
1 0.63515625 0.4984375 0.1875 0.25703125
1 0.0421875 0.10078125 0.084375 0.1796875
1 0.80703125 0.48828125 0.1796875 0.23671875
1 0.9234375 0.91171875 0.15234375 0.1703125
1 0.7109375 0.3515625 0.15546875 0.16640625
1 0.803125 0.19140625 0.18515625 0.18984375
1 0.44921875 0.2234375 0.190625 0.1859375
1 0.8390625 0.753125 0.20703125 0.12734375
1 0.9453125 0.14765625 0.109375 0.23125
1 0.9578125 0.46953125 0.084375 0.2140625
1 0.4671875 0.865625 0.18125 0.090625
1 0.46328125 0.775 0.19140625 0.084375
1 0.23828125 0.028125 0.21015625 0.0546875
1 0.06875 0.01796875 0.1375 0.0359375
1 0.82890625 0.85625 0.18828125 0.07578125
1 0.9828125 0.31640625 0.034375 0.14921875
1 0.96171875 0.75 0.0765625 0.134375