1 0.24140625 0.35390625 0.2125 0.225
1 0.11953125 0.225 0.2390625 0.228125
1 0.16171875 0.7234375 0.2234375 0.2203125
1 0.18359375 0.5484375 0.215625 0.2109375
1 0.2984375 0.20234375 0.2265625 0.21875
1 0.06796875 0.53515625 0.1359375 0.2171875
1 0.015625 0.2421875 0.03125 0.196875
1 0.0984375 0.3984375 0.196875 0.215625
1 0.12578125 0.86796875 0.140625 0.1921875
1 0.18359375 0.11015625 0.1984375 0.1359375
1 0.33671875 0.07578125 0.1890625 0.1359375
1 0.05390625 0.1484375 0.1078125 0.134375
1 0.134375 0.96640625 0.090625 0.0671875
1 0.05703125 0.71484375 0.0890625 0.2296875