0 0.68984375 0.6125 0.0734375 0.06875
0 0.65859375 0.7359375 0.071875 0.06875
0 0.15390625 0.43515625 0.0703125 0.06875
0 0.0234375 0.42734375 0.04375 0.06875
0 0.0859375 0.24453125 0.0703125 0.0671875
0 0.21640625 0.6 0.06875 0.0671875
0 0.53125 0.690625 0.0734375 0.0671875
0 0.21796875 0.42734375 0.0671875 0.065625
0 0.471875 0.50859375 0.0703125 0.06875
0 0.125 0.49765625 0.06875 0.06875
0 0.83046875 0.50078125 0.0703125 0.06875
0 0.19140625 0.48828125 0.06875 0.0671875
0 0.38515625 0.3140625 0.06875 0.0671875
0 0.68359375 0.803125 0.0703125 0.06875
0 0.08984375 0.41328125 0.071875 0.06875
0 0.4671875 0.575 0.06875 0.0671875
0 0.59296875 0.72890625 0.06875 0.0703125
0 0.5328125 0.18984375 0.071875 0.0703125
0 0.06015625 0.4734375 0.0703125 0.06875
0 0.42578125 0.4671875 0.06875 0.0671875
0 0.15390625 0.621875 0.0671875 0.0703125
0 0.6625 0.540625 0.0703125 0.06875
0 0.975 0.25703125 0.05 0.0671875
0 0.58671875 0.65390625 0.0734375 0.06875
0 0.40390625 0.61171875 0.0671875 0.0671875
0 0.259375 0.95703125 0.06875 0.059375
0 0.14765625 0.81328125 0.071875 0.0703125
0 0.296875 0.76953125 0.0703125 0.06875
0 0.52890625 0.853125 0.071875 0.06875
0 0.0359375 0.27890625 0.0484375 0.0640625
0 0.60703125 0.30859375 0.071875 0.06875
0 0.26171875 0.47890625 0.06875 0.06875
0 0.03125 0.66796875 0.0625 0.0671875
0 0.65 0.66875 0.0671875 0.06875
0 0.36484375 0.734375 0.06875 0.06875
0 0.2859375 0.5890625 0.0703125 0.06875
0 0.21171875 0.30078125 0.0671875 0.06875
0 0.2796875 0.321875 0.0703125 0.06875
0 0.253125 0.721875 0.0703125 0.0671875
0 0.64140625 0.36328125 0.0703125 0.06875
0 0.3609375 0.4953125 0.0671875 0.0671875
0 0.0953125 0.64140625 0.06875 0.06875
0 0.3328125 0.6375 0.06875 0.0671875
0 0.5015625 0.74375 0.071875 0.06875
0 0.234375 0.53828125 0.0703125 0.065625
0 0.81171875 0.315625 0.071875 0.06875
0 0.60625 0.41953125 0.065625 0.0671875
0 0.37578125 0.42265625 0.071875 0.06875
0 0.3 0.5265625 0.0671875 0.0640625
0 0.77578125 0.37578125 0.065625 0.065625
0 0.465625 0.92109375 0.071875 0.06875
0 0.03828125 0.6015625 0.06875 0.0671875
0 0.528125 0.54765625 0.0703125 0.06875
0 0.5953125 0.53828125 0.06875 0.06875
0 0.59140625 0.8515625 0.065625 0.0703125
0 0.7421875 0.31484375 0.071875 0.0671875
0 0.540625 0.42109375 0.071875 0.06875
0 0.20390625 0.67265625 0.0703125 0.0671875
0 0.5671875 0.35859375 0.071875 0.065625
0 0.4390625 0.71484375 0.0671875 0.06875
0 0.6296875 0.47890625 0.0703125 0.06875
0 0.4140625 0.53984375 0.0671875 0.0671875
0 0.5421875 0.48515625 0.0703125 0.0671875
0 0.4921875 0.97265625 0.06875 0.0546875
0 0.0390625 0.371875 0.0671875 0.0671875
0 0.38515625 0.67578125 0.0703125 0.065625
0 0.0515625 0.18984375 0.0671875 0.0671875
0 0.909375 0.3734375 0.06875 0.0671875
0 0.17109375 0.06796875 0.0703125 0.06875
0 0.3125 0.69921875 0.0671875 0.06875
0 0.26484375 0.6515625 0.0671875 0.06875
0 0.6171875 0.5921875 0.071875 0.0640625
0 0.41484375 0.37421875 0.0703125 0.0671875
0 0.3515625 0.57109375 0.0640625 0.065625
0 0.65703125 0.86484375 0.0671875 0.0671875
0 0.82265625 0.63046875 0.0703125 0.0703125
0 0.315625 0.44921875 0.06875 0.06875
0 0.6171875 0.79296875 0.0703125 0.065625
1 0.14453125 0.2859375 0.0640625 0.071875
0 0.64296875 0.2390625 0.075 0.071875
0 0.7796875 0.2609375 0.0734375 0.0671875
1 0.075 0.7234375 0.065625 0.0703125
0 0.721875 0.56015625 0.0671875 0.06875
1 0.36171875 0.2265625 0.06875 0.06875
1 0.53203125 0.92265625 0.0578125 0.05625
1 0.5484375 0.7875 0.0671875 0.05625
1 0.24453125 0.17734375 0.0703125 0.065625
1 0.359375 0.8078125 0.065625 0.0625
1 0.49921875 0.3578125 0.0625 0.0640625
1 0.96953125 0.3875 0.0609375 0.0625
1 0.46640625 0.8125 0.0703125 0.0625
1 0.4828125 0.253125 0.059375 0.0671875
1 0.103125 0.5734375 0.0671875 0.065625
1 0.2265625 0.7953125 0.06875 0.0609375
1 0.27890625 0.39140625 0.0640625 0.0578125
1 0.8015625 0.440625 0.065625 0.0609375
1 0.3015625 0.20625 0.0609375 0.065625
1 0.45 0.315625 0.0609375 0.05625
0 0.053125 0.13046875 0.059375 0.05625
1 0.840625 0.384375 0.0625 0.0640625
1 0.2609375 0.25703125 0.0640625 0.0703125
1 0.76875 0.68671875 0.0703125 0.0609375
1 0.42265625 0.25 0.0578125 0.0671875
1 0.7390625 0.43671875 0.0609375 0.0609375
1 0.13046875 0.35703125 0.065625 0.0640625
1 0.2828125 0.8453125 0.0640625 0.0703125
1 0.53046875 0.29609375 0.0671875 0.0625
1 0.30703125 0.91015625 0.0625 0.065625
1 0.41484375 0.78125 0.0578125 0.05625
1 0.08203125 0.3140625 0.0640625 0.0671875
1 0.57265625 0.2453125 0.0640625 0.0640625
1 0.0234375 0.8046875 0.046875 0.065625
1 0.675 0.3015625 0.0609375 0.0546875
1 0.9453125 0.31640625 0.0640625 0.06875
1 0.1953125 0.13984375 0.0578125 0.06875
1 0.1390625 0.70546875 0.0671875 0.065625
0 0.87578125 0.31796875 0.0625 0.0671875
1 0.20234375 0.853125 0.0703125 0.071875
1 0.3515625 0.86796875 0.0640625 0.0640625
1 0.33671875 0.365625 0.0578125 0.071875
1 0.76640625 0.50546875 0.0578125 0.0625
1 0.60234375 0.925 0.0703125 0.0578125
1 0.23984375 0.9 0.06875 0.059375
1 0.35 0.959375 0.0609375 0.059375
1 0.728125 0.74609375 0.0625 0.0625
1 0.3953125 0.91640625 0.0671875 0.059375
1 0.9375 0.4515625 0.0671875 0.06875
1 0.18203125 0.74921875 0.0625 0.0671875
1 0.075 0.78828125 0.071875 0.0703125
1 0.421875 0.8609375 0.0625 0.06875
0 0.0109375 0.50703125 0.021875 0.0640625
1 0.13671875 0.2046875 0.0625 0.0703125
1 0.459375 0.65 0.0640625 0.065625
1 0.70390625 0.4875 0.059375 0.0640625
1 0.1953125 0.23515625 0.0640625 0.0625
1 0.7890625 0.5609375 0.0640625 0.0609375
1 0.70859375 0.68125 0.053125 0.059375
1 0.1890625 0.94765625 0.0625 0.065625
1 0.52109375 0.62265625 0.0609375 0.0625
1 0.32734375 0.275 0.0578125 0.0609375
1 0.1921875 0.3625 0.071875 0.065625
1 0.46875 0.42265625 0.0640625 0.0671875
1 0.0265625 0.87421875 0.053125 0.0859375
1 0.16171875 0.55390625 0.0671875 0.0625
1 0.09453125 0.9046875 0.075 0.0625
1 0.86796875 0.4421875 0.0625 0.0609375
0 0.00390625 0.6328125 0.0078125 0.0625
1 0.04375 0.5390625 0.065625 0.0625
1 0.1296875 0.13671875 0.078125 0.071875
0 0.86328125 0.56953125 0.0703125 0.0671875
1 0.55625 0.97734375 0.06875 0.0453125
1 0.325 0.140625 0.0671875 0.06875
0 0.01796875 0.32890625 0.0171875 0.0640625
1 0.990625 0.3234375 0.01875 0.059375
1 0.034375 0.95 0.06875 0.040625
1 0.02265625 0.74453125 0.0453125 0.0609375
1 0.4203125 0.9734375 0.06875 0.046875
1 0.89453125 0.5109375 0.0703125 0.0671875
1 0.44375 0.19140625 0.06875 0.0609375
0 0.70546875 0.371875 0.06875 0.0671875
1 0.38046875 0.159375 0.0671875 0.0734375
1 0.11171875 0.95546875 0.0640625 0.0421875
0 0.071875 0.065625 0.071875 0.0703125
0 0.85078125 0.2609375 0.05625 0.05625