0 0.92578125 0.44296875 0.0734375 0.075
0 0.86953125 0.284375 0.071875 0.071875
0 0.97734375 0.44609375 0.0453125 0.0734375
0 0.9375 0.6390625 0.071875 0.0703125
0 0.8390625 0.38203125 0.075 0.071875
0 0.7734375 0.19921875 0.0734375 0.0734375
0 0.72421875 0.0703125 0.06875 0.06875
0 0.89140625 0.51328125 0.071875 0.071875
0 0.7453125 0.13359375 0.0734375 0.06875
0 0.78515625 0.08828125 0.0734375 0.071875
0 0.95859375 0.51015625 0.071875 0.075
0 0.87109375 0.1078125 0.0703125 0.0703125
0 0.93515625 0.12421875 0.0734375 0.0734375
0 0.97421875 0.32890625 0.0515625 0.0703125
0 0.90703125 0.375 0.06875 0.06875
0 0.9265625 0.3140625 0.0671875 0.071875
0 0.86171875 0.4421875 0.0671875 0.071875
0 0.9171875 0.578125 0.071875 0.0703125
0 0.81640625 0.3203125 0.0734375 0.0703125
0 0.79453125 0.2640625 0.071875 0.0703125
0 0.77109375 0.0453125 0.0703125 0.03125
0 0.83828125 0.059375 0.0703125 0.0421875
0 0.82578125 0.146875 0.075 0.0703125
0 0.9796875 0.0765625 0.040625 0.03125
1 0.85078125 0.2125 0.0765625 0.06875
0 0.984375 0.121875 0.03125 0.06875
0 0.9671875 0.3828125 0.065625 0.06875
1 0.96015625 0.696875 0.04375 0.075
1 0.9203125 0.23203125 0.0703125 0.075
0 0.70078125 0.0328125 0.0703125 0.028125
1 0.9765625 0.25 0.046875 0.078125
1 0.89140625 0.1703125 0.0640625 0.0578125
1 0.95546875 0.18984375 0.0671875 0.0640625
1 0.9078125 0.065625 0.06875 0.0359375
1 0.97421875 0.57890625 0.046875 0.0671875
0 0.99296875 0.5140625 0.0140625 0.06875