0 0.72890625 0.678125 0.0734375 0.0734375
0 0.93671875 0.4234375 0.0765625 0.075
0 0.7640625 0.62109375 0.071875 0.071875
0 0.690625 0.73515625 0.071875 0.0765625
0 0.45859375 0.51953125 0.071875 0.0765625
0 0.33046875 0.50859375 0.0734375 0.0765625
0 0.5515625 0.878125 0.0734375 0.075
0 0.64375 0.95859375 0.071875 0.0703125
0 0.52421875 0.6578125 0.075 0.0765625
0 0.66484375 0.66328125 0.0734375 0.0734375
0 0.75390625 0.7390625 0.0734375 0.0703125
0 0.88046875 0.590625 0.071875 0.06875
0 0.9703125 0.37109375 0.059375 0.0765625
0 0.1125 0.834375 0.0734375 0.075
0 0.55703125 0.60234375 0.0734375 0.075
0 0.6546875 0.5546875 0.075 0.075
0 0.346875 0.578125 0.075 0.0765625
0 0.896875 0.4796875 0.075 0.0765625
0 0.58125 0.9375 0.075 0.0734375
0 0.97890625 0.2515625 0.0421875 0.078125
0 0.621875 0.609375 0.071875 0.075
0 0.64453125 0.775 0.075 0.0703125
0 0.5859375 0.6609375 0.0703125 0.071875
0 0.83046875 0.63515625 0.0765625 0.0734375
0 0.2859375 0.8359375 0.0703125 0.071875
0 0.61875 0.884375 0.0765625 0.075
0 0.4140625 0.025 0.075 0.05
0 0.80390625 0.57265625 0.0734375 0.0703125
0 0.39375 0.52421875 0.0734375 0.075
0 0.92109375 0.54609375 0.071875 0.071875
0 0.63203125 0.4953125 0.075 0.075
0 0.79609375 0.68828125 0.071875 0.0703125
0 0.99140625 0.315625 0.0171875 0.071875
0 0.70078125 0.60546875 0.0734375 0.0734375
0 0.5890625 0.82265625 0.0734375 0.075
0 0.45546875 0.64140625 0.075 0.075
0 0.86796875 0.41640625 0.0734375 0.0734375
0 0.828125 0.46953125 0.0765625 0.075
0 0.4265625 0.5734375 0.071875 0.071875
0 0.92578125 0.13203125 0.0734375 0.0703125
0 0.625 0.715625 0.0796875 0.0734375
0 0.90859375 0.365625 0.078125 0.078125
0 0.13125 0.71171875 0.075 0.075
0 0.134375 0.5 0.075 0.0765625
0 0.22578125 0.81640625 0.0734375 0.0734375
0 0.66875 0.83515625 0.071875 0.071875
0 0.96328125 0.49609375 0.0734375 0.0765625
0 0.9796875 0.5609375 0.040625 0.06875
0 0.4859375 0.865625 0.0734375 0.0765625
0 0.69765625 0.496875 0.0734375 0.0765625
0 0.60703125 0.990625 0.0671875 0.01875
0 0.71328125 0.79609375 0.0765625 0.075
0 0.73828125 0.18515625 0.078125 0.078125
0 0.046875 0.890625 0.0765625 0.0765625
0 0.59921875 0.33046875 0.071875 0.075
0 0.4328125 0.46015625 0.0734375 0.0765625
0 0.49140625 0.5890625 0.0734375 0.078125
0 0.73359375 0.06953125 0.0734375 0.0734375
0 0.1984375 0.37890625 0.071875 0.0734375
0 0.94921875 0.60703125 0.0734375 0.0703125
0 0.53359375 0.33125 0.0765625 0.078125
0 0.73671875 0.434375 0.071875 0.075
0 0.5 0.39453125 0.0734375 0.0734375
0 0.3890625 0.6359375 0.0734375 0.075
0 0.853125 0.52890625 0.075 0.075
0 0.840625 0.35703125 0.071875 0.0734375
0 0.67421875 0.43828125 0.071875 0.0765625
0 0.03046875 0.37890625 0.04375 0.06875
0 0.7390625 0.55234375 0.0734375 0.075
0 0.0921875 0.771875 0.0734375 0.0765625
0 0.290625 0.0265625 0.075 0.053125
0 0.1734375 0.85703125 0.0734375 0.0765625
0 0.3578125 0.04765625 0.075 0.0734375
0 0.234375 0.88125 0.0734375 0.0765625
0 0.3109375 0.95703125 0.071875 0.046875
0 0.1625 0.43515625 0.075 0.075
0 0.77578125 0.240625 0.0828125 0.078125
0 0.15859375 0.01171875 0.0734375 0.0234375
0 0.2953125 0.90390625 0.075 0.075
0 0.81015625 0.30234375 0.0734375 0.071875
0 0.31328125 0.41796875 0.06875 0.0703125
0 0.24921875 0.4203125 0.0765625 0.0765625
0 0.59140625 0.54296875 0.075 0.075
0 0.3578125 0.00546875 0.06875 0.0109375
0 0.684375 0.90859375 0.071875 0.06875
0 0.51953125 0.81015625 0.0765625 0.075
0 0.1625 0.78515625 0.071875 0.075
0 0.525 0.52421875 0.0765625 0.078125
0 0.19609375 0.6890625 0.075 0.071875
0 0.778125 0.13046875 0.075 0.0765625
0 0.06953125 0.49375 0.071875 0.071875
0 0.1859375 0.54765625 0.075 0.0765625
0 0.46796875 0.3328125 0.071875 0.0734375
0 0.7703125 0.3546875 0.0734375 0.075
0 0.82265625 0.76328125 0.06875 0.06875
0 0.86328125 0.71015625 0.0734375 0.0703125
0 0.49765625 0.4609375 0.0734375 0.0703125
0 0.81171875 0.18671875 0.0765625 0.071875
0 0.5421875 0.1578125 0.06875 0.0671875
0 0.3796875 0.96796875 0.0734375 0.0484375
0 0.8 0.41015625 0.0734375 0.071875
0 0.78046875 0.80078125 0.06875 0.06875
0 0.98515625 0.44140625 0.0296875 0.0734375
0 0.05078125 0.315625 0.0640625 0.075
0 0.34296875 0.33125 0.071875 0.075
0 0.04453125 0.82734375 0.075 0.0734375
0 0.20859375 0.48125 0.075 0.0765625
0 0.38203125 0.1734375 0.071875 0.0734375
0 0.40625 0.3328125 0.071875 0.0734375
0 0.10078125 0.3546875 0.071875 0.071875
0 0.36796875 0.4515625 0.0734375 0.0765625
0 0.7640625 0.49375 0.0734375 0.0765625
0 0.8484375 0.24921875 0.075 0.0734375
0 0.43671875 0.39296875 0.0734375 0.0765625
0 0.23828125 0.93828125 0.071875 0.0625
0 0.54296875 0.97890625 0.0734375 0.0421875
0 0.1515625 0.2234375 0.075 0.075
0 0.23125 0.32421875 0.0734375 0.071875
0 0.27265625 0.48359375 0.0734375 0.0765625
0 0.3515625 0.22421875 0.0703125 0.0734375
0 0.4953125 0.27421875 0.0734375 0.0703125
0 0.2125 0.60703125 0.078125 0.0765625
0 0.571875 0.7546875 0.078125 0.075
0 0.0203125 0.771875 0.040625 0.071875
0 0.28671875 0.35859375 0.071875 0.075
0 0.62890625 0.27109375 0.0703125 0.0734375
0 0.8921875 0.0828125 0.0734375 0.0625
0 0.40546875 0.26953125 0.075 0.075
0 0.1453125 0.30625 0.0734375 0.071875
0 0.88125 0.3015625 0.075 0.0765625
0 0.0875 0.65078125 0.0734375 0.0703125
0 0.80546875 0.071875 0.071875 0.06875
0 0.3703125 0.3875 0.075 0.075
0 0.15390625 0.6484375 0.06875 0.075
0 0.63671875 0.38515625 0.0765625 0.0796875
0 0.34609375 0.86328125 0.075 0.071875
0 0.6671875 0.32734375 0.0703125 0.071875
0 0.60859375 0.034375 0.075 0.0578125
0 0.35 0.79921875 0.075 0.071875
0 0.4546875 0.9734375 0.071875 0.053125
0 0.90859375 0.665625 0.071875 0.071875
0 0.0515625 0.72734375 0.0734375 0.0703125
0 0.29140625 0.2890625 0.075 0.0734375
0 0.5640625 0.27421875 0.075 0.078125
0 0.5203125 0.215625 0.0734375 0.075
0 0.453125 0.1625 0.0734375 0.0734375
0 0.2890625 0.77109375 0.075 0.0734375
0 0.68125 0.03515625 0.06875 0.034375
0 0.709375 0.3734375 0.0734375 0.071875
0 0.72890625 0.865625 0.0703125 0.071875
1 0.27109375 0.55 0.0625 0.065625
0 0.37578125 0.91875 0.0796875 0.078125
0 0.2015625 0.26484375 0.078125 0.071875
1 0.11796875 0.90546875 0.078125 0.0703125
1 0.17734375 0.92265625 0.0640625 0.071875
1 0.01015625 0.834375 0.0203125 0.065625
1 0.4203125 0.84765625 0.078125 0.0796875
1 0.44140625 0.90703125 0.0640625 0.0734375
1 0.50390625 0.9359375 0.0796875 0.08125
1 0.4625 0.78359375 0.0734375 0.0921875
1 0.41171875 0.75234375 0.0765625 0.0953125
1 0.23359375 0.7421875 0.065625 0.071875
1 0.028125 0.6390625 0.05625 0.084375
1 0.05546875 0.5625 0.084375 0.0828125
1 0.1265625 0.56796875 0.071875 0.0703125
1 0.2796875 0.61484375 0.0671875 0.078125
1 0.32734375 0.65859375 0.071875 0.084375
1 0.4421875 0.68515625 0.06875 0.053125
1 0.49765625 0.71875 0.0765625 0.0703125
1 0.08984375 0.425 0.0921875 0.0734375
1 0.56796875 0.46484375 0.0671875 0.0765625
1 0.571875 0.39765625 0.0734375 0.06875
1 0.0703125 0.14140625 0.0484375 0.065625
1 0.07578125 0.190625 0.0734375 0.0625
1 0.090625 0.253125 0.0703125 0.075
1 0.27578125 0.21328125 0.071875 0.084375
1 0.32265625 0.16484375 0.0828125 0.0765625
1 0.4515625 0.21640625 0.071875 0.0578125
1 0.21953125 0.1671875 0.0828125 0.071875
1 0.26484375 0.1375 0.0734375 0.0796875
1 0.3015625 0.0828125 0.0703125 0.06875
1 0.359375 0.1140625 0.0609375 0.0703125
1 0.1359375 0.165625 0.0765625 0.078125
1 0.11875 0.10390625 0.0765625 0.075
1 0.18671875 0.1171875 0.075 0.0796875
1 0.23515625 0.078125 0.065625 0.0671875
1 0.16953125 0.0515625 0.065625 0.06875
1 0.1109375 0.0328125 0.078125 0.065625
1 0.2234375 0.021875 0.071875 0.04375
1 0.42265625 0.0859375 0.078125 0.084375
1 0.475 0.0375 0.075 0.071875
1 0.54296875 0.03671875 0.0671875 0.0734375
1 0.4984375 0.09453125 0.0765625 0.078125
1 0.56953125 0.0890625 0.08125 0.0734375
1 0.65 0.0796875 0.075 0.0703125
1 0.6984375 0.1265625 0.09375 0.075
1 0.61328125 0.1453125 0.0640625 0.078125
1 0.5953125 0.19921875 0.0578125 0.059375
1 0.6546875 0.18359375 0.0734375 0.0609375
1 0.68515625 0.23828125 0.0703125 0.0796875
1 0.728125 0.3 0.071875 0.078125
1 0.96484375 0.0828125 0.0703125 0.040625
1 0.8484375 0.1296875 0.071875 0.078125
1 0.97890625 0.13125 0.0421875 0.078125
1 0.88125 0.18984375 0.0796875 0.0640625
1 0.95625 0.1875 0.0859375 0.0640625
1 0.92578125 0.2484375 0.0828125 0.06875
1 0.94765625 0.31171875 0.078125 0.075