1 0.25625 0.72734375 0.109375 0.09375
1 0.64140625 0.65 0.109375 0.0984375
0 0.73671875 0.6453125 0.09375 0.1125
0 0.84921875 0.63828125 0.15 0.125
1 0.3625 0.06875 0.109375 0.1171875
1 0.19296875 0.296875 0.109375 0.1109375
1 0.1984375 0.04140625 0.125 0.0828125
1 0.1109375 0.85 0.0703125 0.0796875
1 0.28359375 0.32734375 0.0875 0.0859375
1 0.353125 0.828125 0.0984375 0.09375
1 0.7421875 0.37421875 0.1171875 0.1078125
1 0.38984375 0.915625 0.1234375 0.09375
1 0.215625 0.57578125 0.0953125 0.0921875
1 0.1109375 0.61640625 0.109375 0.096875
1 0.1203125 0.3515625 0.09375 0.096875
1 0.4984375 0.17109375 0.096875 0.103125
1 0.04296875 0.66640625 0.0859375 0.1015625
1 0.334375 0.70859375 0.078125 0.103125
1 0.40390625 0.65234375 0.115625 0.084375
1 0.44609375 0.82578125 0.109375 0.0890625
1 0.06171875 0.796875 0.1109375 0.0890625
1 0.83203125 0.3484375 0.084375 0.0828125
0 0.6734375 0.74140625 0.1078125 0.1140625
1 0.85234375 0.1296875 0.1109375 0.0953125
1 0.05 0.40703125 0.096875 0.0953125
1 0.215625 0.38671875 0.096875 0.096875
1 0.4203125 0.7453125 0.1265625 0.090625
1 0.5359375 0.4828125 0.1078125 0.0890625
1 0.58515625 0.303125 0.125 0.1125
1 0.62734375 0.48671875 0.1109375 0.0921875
1 0.36640625 0.56484375 0.1234375 0.1
1 0.7046875 0.2875 0.1140625 0.1
1 0.04375 0.565625 0.0875 0.103125
1 0.36875 0.3515625 0.103125 0.0890625
1 0.5375 0.246875 0.09375 0.096875
1 0.3109375 0.96796875 0.103125 0.05
1 0.378125 0.459375 0.115625 0.1015625
0 0.6453125 0.9421875 0.125 0.115625
1 0.35625 0.2625 0.0984375 0.096875
1 0.7265625 0.471875 0.0984375 0.090625
1 0.4453125 0.25078125 0.1015625 0.0890625
1 0.115625 0.9375 0.1296875 0.0921875
1 0.5421875 0.38125 0.0953125 0.10625
1 0.303125 0.42578125 0.0984375 0.1109375
1 0.684375 0.565625 0.0875 0.08125
1 0.80625 0.271875 0.115625 0.0984375
1 0.2875 0.890625 0.0828125 0.0953125
1 0.21328125 0.47890625 0.1046875 0.096875
1 0.40703125 0.16875 0.1109375 0.109375
1 0.759375 0.18671875 0.103125 0.0953125
1 0.3109375 0.6375 0.103125 0.09375
1 0.4484375 0.51953125 0.1140625 0.09375
1 0.11640625 0.70703125 0.1140625 0.1
1 0.28125 0.04296875 0.084375 0.0859375
1 0.2203125 0.12421875 0.1296875 0.1109375
1 0.9453125 0.10078125 0.109375 0.1328125
1 0.8921875 0.05 0.1 0.065625
1 0.65859375 0.221875 0.0984375 0.096875
1 0.45859375 0.09375 0.090625 0.0875
1 0.203125 0.6640625 0.125 0.0890625
0 0.50078125 0.90546875 0.109375 0.1125
0 0.07421875 0.04921875 0.1078125 0.0984375
1 0.134375 0.434375 0.084375 0.0875
1 0.9125 0.2953125 0.096875 0.096875
1 0.13515625 0.5359375 0.078125 0.0828125
1 0.48671875 0.60859375 0.1078125 0.0953125
1 0.03984375 0.9 0.0796875 0.096875
1 0.0671875 0.48984375 0.0984375 0.078125
1 0.4265625 0.021875 0.115625 0.04375
1 0.0515625 0.30625 0.090625 0.1109375
0 0.59921875 0.834375 0.1046875 0.11875
0 0.87578125 0.88125 0.1203125 0.1109375
1 0.7796875 0.0703125 0.103125 0.0890625
1 0.3078125 0.1984375 0.115625 0.109375
1 0.2171875 0.96171875 0.0953125 0.053125
0 0.9765625 0.28671875 0.046875 0.1234375
1 0.5203125 0.046875 0.10625 0.09375
1 0.1234375 0.225 0.090625 0.1203125
0 0.78046875 0.53125 0.11875 0.1203125
1 0.88046875 0.21796875 0.1359375 0.0984375
1 0.58046875 0.56875 0.1375 0.0921875
1 0.27734375 0.52578125 0.084375 0.08125
0 0.9125 0.4078125 0.153125 0.1296875
1 0.146875 0.77890625 0.0765625 0.0796875
1 0.69140625 0.02578125 0.115625 0.0375
0 0.91953125 0.5359375 0.1265625 0.11875
0 0.7125 0.8609375 0.1234375 0.121875
1 0.028125 0.740625 0.05625 0.08125
1 0.0125 0.83125 0.025 0.103125
0 0.48203125 0.98125 0.1046875 0.0375
1 0.390625 0.98359375 0.1015625 0.028125
0 0.04765625 0.175 0.06875 0.1390625
0 0.9578125 0.6328125 0.0765625 0.1015625
1 0.44296875 0.40625 0.125 0.1140625
1 0.5828125 0.16640625 0.0953125 0.1015625
0 0.9421875 0.9609375 0.071875 0.078125
1 0.80703125 0.4390625 0.075 0.065625
0 0.85859375 0.7609375 0.1140625 0.1265625
0 0.78671875 0.7734375 0.096875 0.1125
0 0.80546875 0.9515625 0.1265625 0.096875
0 0.965625 0.8703125 0.0375 0.1078125
0 0.98046875 0.7453125 0.01875 0.0765625
1 0.13359375 0.13515625 0.0875 0.0671875
1 0.18359375 0.8140625 0.0859375 0.1046875
1 0.19453125 0.903125 0.071875 0.0765625
1 0.65078125 0.0765625 0.1171875 0.121875
1 0.58984375 0.0625 0.078125 0.0875
1 0.975 0.2046875 0.05 0.084375
1 0.51015625 0.7046875 0.078125 0.096875
1 0.50546875 0.78359375 0.0859375 0.0875
1 0.559375 0.6421875 0.071875 0.0765625