1 0.21796875 0.8265625 0.203125 0.196875
1 0.33671875 0.35859375 0.1703125 0.1984375
1 0.246875 0.5046875 0.1921875 0.209375
1 0.57890625 0.25078125 0.190625 0.190625
1 0.69375 0.125 0.2015625 0.2015625
1 0.2 0.07578125 0.209375 0.1515625
1 0.09609375 0.209375 0.15 0.1953125
1 0.25703125 0.1921875 0.209375 0.2046875
1 0.15 0.64921875 0.2015625 0.19375
1 0.0890625 0.478125 0.178125 0.2
1 0.52578125 0.084375 0.1984375 0.16875
1 0.0765625 0.79375 0.153125 0.209375
1 0.3046875 0.6796875 0.1984375 0.19375
1 0.5 0.39375 0.20625 0.1921875
1 0.36328125 0.06640625 0.1859375 0.1328125
1 0.18203125 0.34140625 0.2078125 0.2015625
1 0.41171875 0.5484375 0.20625 0.2015625
1 0.43984375 0.22421875 0.2078125 0.203125
1 0.0359375 0.6125 0.071875 0.2
1 0.13828125 0.9203125 0.1984375 0.1078125
1 0.0234375 0.8953125 0.046875 0.115625
1 0.07421875 0.0734375 0.0796875 0.146875
1 0.034375 0.33828125 0.0578125 0.16875
1 0.7546875 0.04140625 0.16875 0.0515625