0 0.896875 0.04375 0.0671875 0.05
0 0.69375 0.03828125 0.065625 0.0609375
0 0.38515625 0.02265625 0.0671875 0.0453125
0 0.85703125 0.0890625 0.0640625 0.0609375
0 0.1921875 0.01484375 0.0625 0.0296875
0 0.66484375 0.090625 0.0671875 0.0671875
0 0.12578125 0.009375 0.0671875 0.01875
0 0.25234375 0.01640625 0.0640625 0.0328125
0 0.7578125 0.03671875 0.0640625 0.0515625
0 0.35390625 0.08203125 0.0625 0.0640625
0 0.5484375 0.03125 0.0671875 0.059375
0 0.58046875 0.08125 0.0640625 0.065625
0 0.4171875 0.07421875 0.0640625 0.065625
0 0.79296875 0.090625 0.0640625 0.0625
0 0.965625 0.046875 0.0625 0.05
0 0.284375 0.06640625 0.065625 0.065625
0 0.215625 0.0484375 0.065625 0.0625
0 0.73125 0.0875 0.0640625 0.0640625
1 0.1515625 0.05 0.065625 0.0625
1 0.46484375 0.0265625 0.0703125 0.053125
1 0.31640625 0.0171875 0.0578125 0.034375
1 0.50078125 0.08125 0.0609375 0.0625
1 0.0609375 0.009375 0.06875 0.01875
1 0.975 0.0953125 0.05 0.05625
1 0.62265625 0.03046875 0.0734375 0.053125
1 0.91796875 0.08828125 0.0578125 0.0578125
1 0.82578125 0.03515625 0.071875 0.040625
1 0.0859375 0.04453125 0.059375 0.0609375