0 0.87890625 0.03203125 0.0640625 0.053125
0 0.86640625 0.13671875 0.065625 0.0625
0 0.809375 0.028125 0.0671875 0.046875
0 0.83671875 0.078125 0.0640625 0.0625
0 0.90078125 0.0875 0.0640625 0.0625
0 0.94375 0.13984375 0.0703125 0.0625
0 0.959375 0.31484375 0.0671875 0.065625
0 0.9015625 0.20234375 0.06875 0.0703125
0 0.94765625 0.0421875 0.06875 0.0703125
0 0.97421875 0.0953125 0.0515625 0.071875
0 0.925 0.2625 0.071875 0.065625
0 0.98125 0.271875 0.0375 0.065625
1 0.97109375 0.20546875 0.0578125 0.0671875
0 0.9765625 0.378125 0.046875 0.065625