1 0.3875 0.9546875 0.25 0.090625
1 0.58828125 0.95234375 0.1984375 0.0953125
1 0.759375 0.953125 0.178125 0.09375
1 0.9 0.9609375 0.140625 0.078125
1 0.853125 0.86640625 0.18125 0.1796875
1 0.6859375 0.8515625 0.2015625 0.18125
1 0.49765625 0.8671875 0.2109375 0.1953125
1 0.290625 0.87734375 0.2046875 0.196875
1 0.12734375 0.87890625 0.1734375 0.1796875
1 0.03515625 0.8859375 0.0703125 0.16875
1 0.07578125 0.72890625 0.1515625 0.1796875
1 0.2078125 0.71015625 0.20625 0.178125
1 0.38671875 0.725 0.209375 0.1984375
1 0.578125 0.69921875 0.209375 0.1890625
1 0.76953125 0.7109375 0.1796875 0.178125
1 0.9109375 0.72265625 0.1609375 0.1890625
1 0.85625 0.5578125 0.196875 0.1828125
1 0.678125 0.57265625 0.196875 0.196875
1 0.48671875 0.54296875 0.2046875 0.19375
1 0.30859375 0.56640625 0.2046875 0.1765625
1 0.11640625 0.57421875 0.2328125 0.1921875
1 0.071875 0.41484375 0.14375 0.1703125
1 0.21015625 0.4140625 0.190625 0.1890625
1 0.38671875 0.3765625 0.203125 0.1828125
1 0.58671875 0.4171875 0.203125 0.1796875
1 0.77265625 0.4234375 0.2234375 0.2125
1 0.91875 0.41328125 0.1625 0.2015625
1 0.8609375 0.265625 0.19375 0.2015625
1 0.6828125 0.26484375 0.196875 0.1859375
1 0.4953125 0.26953125 0.221875 0.19375
1 0.26875 0.24609375 0.1953125 0.1734375
1 0.10234375 0.2734375 0.171875 0.1921875
1 0.18046875 0.115625 0.24375 0.190625
1 0.3859375 0.1296875 0.1890625 0.19375
1 0.5609375 0.11171875 0.203125 0.203125
1 0.76328125 0.13125 0.2078125 0.19375
1 0.92890625 0.11015625 0.1421875 0.1703125
1 0.459375 0.03984375 0.240625 0.0796875
1 0.2765625 0.0390625 0.190625 0.078125