0 0.003125 0.62734375 0.00625 0.0515625
0 0.01640625 0.58125 0.0328125 0.05625
0 0.03671875 0.540625 0.059375 0.0546875
0 0.01640625 0.49765625 0.0328125 0.0515625
0 0.06015625 0.496875 0.0578125 0.053125
0 0.0328125 0.45546875 0.0546875 0.053125
0 0.08515625 0.45546875 0.0546875 0.0515625
0 0.021875 0.409375 0.034375 0.0515625
0 0.059375 0.409375 0.05 0.053125
0 0.1078125 0.4109375 0.059375 0.05625
0 0.034375 0.36484375 0.05 0.0546875
0 0.08671875 0.36875 0.059375 0.0546875
0 0.059375 0.325 0.0578125 0.05625
0 0.11328125 0.32734375 0.05625 0.053125
0 0.14375 0.37265625 0.059375 0.05625
0 0.16875 0.325 0.0609375 0.059375
0 0.04140625 0.28125 0.046875 0.053125
0 0.08671875 0.28359375 0.053125 0.0546875
0 0.06328125 0.23828125 0.0546875 0.053125
0 0.1140625 0.2421875 0.0546875 0.053125
0 0.140625 0.28359375 0.0546875 0.0515625
0 0.1984375 0.28515625 0.059375 0.0546875
0 0.1671875 0.24296875 0.05625 0.053125
0 0.21953125 0.24296875 0.05625 0.05
0 0.04765625 0.19609375 0.0421875 0.05
0 0.0921875 0.1984375 0.0578125 0.0546875
0 0.14375 0.1984375 0.05625 0.05625
0 0.1953125 0.20078125 0.0546875 0.0546875
0 0.24609375 0.2015625 0.059375 0.0546875
0 0.06953125 0.153125 0.05625 0.0546875
0 0.11875 0.1546875 0.0515625 0.0578125
0 0.16796875 0.15546875 0.05625 0.053125
0 0.22109375 0.159375 0.05625 0.0546875
0 0.278125 0.1609375 0.05625 0.0546875
0 0.05390625 0.11015625 0.0359375 0.05
0 0.096875 0.1109375 0.053125 0.0546875
0 0.14609375 0.11171875 0.0546875 0.05625
0 0.2 0.115625 0.0546875 0.053125
0 0.25078125 0.11640625 0.0515625 0.053125
0 0.30703125 0.11875 0.059375 0.05625
0 0.0703125 0.06640625 0.0515625 0.053125
0 0.11953125 0.0671875 0.0546875 0.05625
0 0.17109375 0.06796875 0.0546875 0.0546875
0 0.22109375 0.07265625 0.0546875 0.0546875
0 0.27890625 0.0734375 0.05625 0.053125
0 0.33203125 0.07578125 0.0546875 0.05625
0 0.059375 0.02578125 0.03125 0.0515625
0 0.09921875 0.02578125 0.0515625 0.0515625
0 0.146875 0.0265625 0.05625 0.053125
0 0.19921875 0.028125 0.0578125 0.0515625
0 0.25234375 0.03125 0.0546875 0.0578125
0 0.3 0.034375 0.0515625 0.05625
0 0.35625 0.03515625 0.05625 0.053125
0 0.1765625 0.00546875 0.053125 0.0109375
0 0.22734375 0.00625 0.0546875 0.0125
0 0.2734375 0.00625 0.05 0.0125
0 0.32734375 0.009375 0.0546875 0.01875
0 0.3796875 0.00859375 0.05625 0.0171875