1 0.79453125 0.2078125 0.10859375 0.08984375
1 0.5578125 0.15625 0.15078125 0.09609375
0 0.93984375 0.76015625 0.10234375 0.1109375
1 0.95234375 0.21875 0.0953125 0.08203125
1 0.93671875 0.390625 0.09296875 0.08359375
1 0.84609375 0.365625 0.08515625 0.0875
1 0.60546875 0.28828125 0.10859375 0.08828125
1 0.678125 0.66328125 0.1359375 0.090625
0 0.89453125 0.65390625 0.09921875 0.10546875
1 0.9046875 0.30078125 0.09140625 0.0921875
1 0.67265625 0.5765625 0.11953125 0.07734375
1 0.46328125 0.146875 0.06640625 0.08046875
1 0.27109375 0.7171875 0.0828125 0.084375
1 0.7515625 0.06796875 0.09921875 0.0859375
0 0.06796875 0.06953125 0.11015625 0.115625
1 0.87734375 0.1859375 0.0765625 0.09921875
1 0.70546875 0.5140625 0.1203125 0.0859375
1 0.74140625 0.7328125 0.1140625 0.07734375
1 0.79609375 0.55234375 0.10234375 0.090625
1 0.97265625 0.30234375 0.05390625 0.09765625
1 0.90703125 0.04296875 0.12421875 0.0859375
1 0.3453125 0.72109375 0.0796875 0.08046875
0 0.7765625 0.81875 0.0890625 0.11171875
0 0.734375 0.95 0.1109375 0.1
1 0.1625 0.671875 0.1265625 0.11328125
1 0.57109375 0.5578125 0.0984375 0.0921875
0 0.32265625 0.0359375 0.11484375 0.07109375
1 0.425 0.88515625 0.0890625 0.09609375
1 0.6765625 0.42890625 0.11796875 0.08671875
1 0.4984375 0.85 0.09453125 0.08515625
1 0.65078125 0.10625 0.10546875 0.08515625
1 0.946875 0.125 0.10625 0.0875
1 0.65078125 0.74375 0.09453125 0.0765625
1 0.79453125 0.6546875 0.1171875 0.09296875
1 0.6640625 0.196875 0.11640625 0.09296875
0 0.965625 0.92734375 0.06875 0.1109375
1 0.3859375 0.796875 0.0859375 0.08046875
1 0.56875 0.67265625 0.10390625 0.0953125
1 0.74375 0.14765625 0.11640625 0.08203125
1 0.85078125 0.11640625 0.10078125 0.090625
1 0.615625 0.484375 0.075 0.0703125
0 0.08046875 0.22890625 0.1125 0.1140625
1 0.5890625 0.38671875 0.08984375 0.07890625
1 0.68203125 0.81328125 0.10234375 0.07890625
1 0.265625 0.80234375 0.08125 0.08203125
1 0.41015625 0.525 0.096875 0.075
1 0.35078125 0.65234375 0.07109375 0.0609375
1 0.428125 0.68359375 0.0859375 0.078125
0 0.87109375 0.8640625 0.10078125 0.1125
1 0.56171875 0.05625 0.11171875 0.09375
1 0.5453125 0.2328125 0.0953125 0.0765625
0 0.13984375 0.16484375 0.11640625 0.11328125
1 0.66015625 0.3390625 0.0734375 0.07578125
1 0.5203125 0.328125 0.13828125 0.0984375
1 0.9390625 0.4890625 0.09609375 0.08515625
1 0.49765625 0.53671875 0.0828125 0.09609375
1 0.5328125 0.45234375 0.09140625 0.07109375
1 0.425 0.31484375 0.0953125 0.0953125
1 0.390625 0.15546875 0.084375 0.0921875
1 0.45234375 0.2234375 0.10078125 0.08359375
1 0.334375 0.93984375 0.10078125 0.09296875
1 0.184375 0.7796875 0.0796875 0.10078125
1 0.2671875 0.6359375 0.07578125 0.08203125
1 0.328125 0.85546875 0.1015625 0.08515625
1 0.5875 0.928125 0.0890625 0.08984375
1 0.47734375 0.04921875 0.06484375 0.090625
1 0.38671875 0.43515625 0.0921875 0.0875
0 0.109375 0.3390625 0.1125 0.10546875
1 0.76640625 0.378125 0.103125 0.0796875
1 0.484375 0.94453125 0.1265625 0.103125
1 0.3515625 0.36953125 0.09296875 0.103125
0 0.09140625 0.446875 0.10390625 0.1125
1 0.4734375 0.39296875 0.1046875 0.07265625
1 0.84453125 0.74140625 0.09140625 0.10390625
1 0.26875 0.42734375 0.1109375 0.1265625
1 0.55234375 0.77734375 0.11015625 0.09453125
1 0.59140625 0.85546875 0.10390625 0.08125
0 0.97265625 0.58125 0.0546875 0.109375
1 0.665625 0.0296875 0.078125 0.059375
0 0.02109375 0.3875 0.0421875 0.13203125
0 0.015625 0.265625 0.03125 0.11328125
0 0.18203125 0.084375 0.12890625 0.1125
1 0.98828125 0.0453125 0.0234375 0.06328125
1 0.51484375 0.63203125 0.09453125 0.09375
1 0.18203125 0.96171875 0.08515625 0.0765625
0 0.2046875 0.25546875 0.115625 0.103125
1 0.88671875 0.55546875 0.1046875 0.084375
1 0.0359375 0.96015625 0.0703125 0.078125
1 0.32734375 0.5734375 0.08828125 0.0984375
1 0.4734375 0.75859375 0.11484375 0.10703125
1 0.25703125 0.90859375 0.06015625 0.0875
1 0.10625 0.93671875 0.07265625 0.05859375
0 0.01640625 0.4984375 0.03203125 0.09921875
0 0.11484375 0.01171875 0.13984375 0.0234375
1 0.11015625 0.7625 0.0734375 0.0953125
1 0.69765625 0.26171875 0.07734375 0.0765625
1 0.778125 0.46171875 0.08828125 0.08828125
0 0.2859375 0.13359375 0.1125 0.1109375
0 0.98828125 0.82890625 0.0234375 0.1046875
0 0.06015625 0.590625 0.0890625 0.103125
0 0.03203125 0.7453125 0.0640625 0.1125
1 0.396875 0.084375 0.084375 0.04609375
1 0.41953125 0.0234375 0.06328125 0.04609375
1 0.303125 0.24453125 0.06328125 0.075
1 0.27890625 0.3125 0.07421875 0.05546875
1 0.21640625 0.36796875 0.0859375 0.065625
1 0.17578125 0.47265625 0.084375 0.084375
1 0.1015625 0.59375 0.0859375 0.09375
1 0.10390625 0.86328125 0.07421875 0.06953125
1 0.028125 0.87109375 0.05390625 0.0828125
1 0.18515625 0.88203125 0.071875 0.0734375
1 0.38359375 0.9796875 0.08125 0.0375
1 0.72265625 0.3 0.07421875 0.08828125
1 0.85546875 0.4609375 0.06953125 0.07421875
1 0.37265625 0.271875 0.059375 0.0765625
1 0.22421875 0.57109375 0.059375 0.08203125
1 0.31484375 0.496875 0.08046875 0.05703125