1 0.828125 0.50703125 0.20625 0.1890625
1 0.35234375 0.89765625 0.2125 0.2046875
1 0.5234375 0.8734375 0.2109375 0.1828125
1 0.740625 0.6640625 0.2078125 0.184375
1 0.8765625 0.81015625 0.1953125 0.2046875
1 0.90078125 0.65546875 0.1984375 0.2109375
1 0.24296875 0.7734375 0.225 0.1765625
1 0.415625 0.74296875 0.2328125 0.178125
1 0.58125 0.71328125 0.184375 0.1859375
1 0.1375 0.6453125 0.2390625 0.190625
1 0.09921875 0.8171875 0.140625 0.1921875
1 0.703125 0.84765625 0.228125 0.196875
1 0.46796875 0.59140625 0.225 0.1671875
1 0.64765625 0.94140625 0.1984375 0.109375
1 0.653125 0.5421875 0.2328125 0.2109375
1 0.2125 0.91875 0.178125 0.1625
1 0.96171875 0.79765625 0.0765625 0.1421875
1 0.32265625 0.60703125 0.209375 0.19375
1 0.109375 0.94921875 0.1125 0.1015625
1 0.93046875 0.90390625 0.1390625 0.0953125
1 0.94765625 0.503125 0.1046875 0.15625
1 0.8 0.9328125 0.1765625 0.08125
1 0.48515625 0.965625 0.1953125 0.06875