0 0.034375 0.33515625 0.0328125 0.0515625
0 0.0671875 0.340625 0.05 0.053125
0 0.11015625 0.35390625 0.0515625 0.0515625
0 0.15546875 0.3609375 0.0515625 0.0546875
0 0.19765625 0.37109375 0.0515625 0.0546875
0 0.240625 0.3578125 0.05 0.053125
0 0.2859375 0.38671875 0.0515625 0.0546875
0 0.3296875 0.390625 0.0515625 0.0546875
0 0.37578125 0.3953125 0.0484375 0.0515625
0 0.41875 0.40703125 0.0515625 0.053125
0 0.4640625 0.39296875 0.0515625 0.053125
0 0.50859375 0.4109375 0.0515625 0.053125
0 0.5515625 0.421875 0.0515625 0.0515625
0 0.5953125 0.4328125 0.05 0.053125
0 0.63828125 0.4359375 0.0515625 0.0515625
0 0.6921875 0.41953125 0.0546875 0.05625
0 0.7296875 0.44609375 0.05 0.0515625
0 0.77265625 0.45 0.0515625 0.0546875
0 0.81953125 0.4546875 0.0515625 0.0546875
0 0.86015625 0.475 0.053125 0.053125
0 0.91171875 0.46171875 0.0515625 0.0546875
0 0.95 0.4890625 0.05 0.053125
0 0.98359375 0.496875 0.0328125 0.05
0 0.0375 0.38046875 0.0515625 0.0515625
0 0.0828125 0.3859375 0.05 0.0515625
0 0.12734375 0.39453125 0.0484375 0.0484375
0 0.16953125 0.40390625 0.05 0.05
0 0.2125 0.41640625 0.05 0.05
0 0.25703125 0.41953125 0.05 0.05
0 0.30078125 0.42890625 0.05 0.05
0 0.34765625 0.4328125 0.05 0.05
0 0.390625 0.440625 0.05 0.05
0 0.43359375 0.4453125 0.0484375 0.0515625
0 0.47890625 0.45390625 0.05 0.05
0 0.5234375 0.45390625 0.0515625 0.0515625
0 0.565625 0.46796875 0.05 0.05
0 0.6078125 0.4765625 0.05 0.0515625
0 0.65234375 0.4828125 0.0484375 0.0484375
0 0.69609375 0.48359375 0.05 0.05
0 0.740625 0.4890625 0.05 0.0515625
0 0.790625 0.4890625 0.05 0.0484375
0 0.83203125 0.5125 0.0484375 0.0484375
0 0.8734375 0.521875 0.05 0.05
0 0.92265625 0.52265625 0.046875 0.046875
0 0.96796875 0.52734375 0.046875 0.046875
0 0.01796875 0.41484375 0.0296875 0.04375
0 0.05390625 0.42109375 0.0484375 0.05
0 0.1 0.42890625 0.046875 0.0484375
0 0.14140625 0.43671875 0.05 0.05
0 0.18515625 0.4421875 0.05 0.0515625
0 0.22890625 0.45 0.0484375 0.0484375
0 0.2734375 0.45859375 0.046875 0.0484375
0 0.315625 0.4640625 0.046875 0.046875
0 0.36328125 0.47578125 0.046875 0.046875
0 0.40546875 0.4828125 0.0484375 0.05
0 0.45 0.496875 0.0453125 0.046875
0 0.49453125 0.4921875 0.05 0.05
0 0.5390625 0.5 0.046875 0.046875
0 0.58125 0.509375 0.0515625 0.0484375
0 0.625 0.51328125 0.046875 0.046875
0 0.66953125 0.51484375 0.0484375 0.0484375
0 0.7328125 0.5609375 0.046875 0.0484375
0 0.7625 0.5203125 0.0453125 0.046875
0 0.7140625 0.52109375 0.0453125 0.0484375
0 0.8046875 0.54453125 0.046875 0.0484375
0 0.84765625 0.553125 0.046875 0.0484375
0 0.778125 0.575 0.0484375 0.0484375
0 0.89296875 0.559375 0.05 0.0515625
0 0.9359375 0.56484375 0.046875 0.046875
0 0.978125 0.56953125 0.0421875 0.046875
0 0.025 0.4609375 0.046875 0.0484375
0 0.06953125 0.45625 0.0515625 0.05
0 0.11328125 0.465625 0.0484375 0.0484375
0 0.15546875 0.475 0.0484375 0.05
0 0.20078125 0.4828125 0.05 0.0484375
0 0.24609375 0.490625 0.0484375 0.0484375
0 0.2890625 0.49609375 0.05 0.053125
0 0.3328125 0.50390625 0.046875 0.046875
0 0.3765625 0.5109375 0.046875 0.046875
0 0.425 0.51796875 0.0484375 0.05
0 0.4671875 0.52578125 0.046875 0.05
0 0.51171875 0.5328125 0.0484375 0.0484375
0 0.55625 0.54296875 0.0484375 0.05
0 0.6 0.546875 0.05 0.05
0 0.64296875 0.55625 0.05 0.05
0 0.68828125 0.55625 0.0515625 0.05
0 0.8203125 0.58515625 0.0484375 0.05
0 0.86484375 0.590625 0.05 0.05
0 0.90703125 0.6 0.0484375 0.05
0 0.95234375 0.60625 0.05 0.0484375
0 0.01015625 0.49140625 0.0203125 0.0453125
0 0.040625 0.4953125 0.05 0.0515625
0 0.0859375 0.5015625 0.05 0.05
0 0.12890625 0.515625 0.0484375 0.05
0 0.171875 0.5171875 0.05 0.05
0 0.215625 0.5265625 0.0484375 0.05
0 0.25859375 0.5328125 0.0484375 0.05
0 0.30390625 0.53984375 0.0484375 0.05
0 0.3484375 0.546875 0.0484375 0.05
0 0.39296875 0.5546875 0.05 0.0515625
0 0.43828125 0.5640625 0.0484375 0.0484375
0 0.48359375 0.56796875 0.0484375 0.05
0 0.52734375 0.5765625 0.046875 0.05
0 0.57265625 0.57734375 0.0515625 0.0515625
0 0.61796875 0.58671875 0.05 0.0484375
0 0.66015625 0.59375 0.0484375 0.05
0 0.7046875 0.59921875 0.05 0.0515625
0 0.74765625 0.61328125 0.0484375 0.05
0 0.790625 0.6171875 0.05 0.0515625
0 0.83671875 0.628125 0.0484375 0.0484375
0 0.88046875 0.6328125 0.05 0.0484375
0 0.92265625 0.63984375 0.05 0.05
0 0.96484375 0.6453125 0.0390625 0.0484375
0 0.01875 0.53125 0.0375 0.053125
0 0.05625 0.5375 0.0484375 0.05
0 0.1015625 0.5453125 0.05 0.0515625
0 0.14375 0.55390625 0.0484375 0.0484375
0 0.18671875 0.5625 0.05 0.0484375
0 0.23203125 0.56796875 0.05 0.0515625
0 0.27421875 0.5796875 0.0515625 0.0515625
0 0.20234375 0.6046875 0.046875 0.0484375
0 0.00390625 0.5671875 0.0078125 0.046875
0 0.0265625 0.57265625 0.0484375 0.0484375
0 0.07265625 0.58046875 0.05 0.05
0 0.11640625 0.584375 0.0515625 0.05
0 0.15859375 0.59296875 0.05 0.05
0 0.31875 0.58828125 0.046875 0.0484375
0 0.365625 0.58671875 0.05 0.05
0 0.40859375 0.6 0.0484375 0.046875
0 0.2453125 0.6078125 0.05 0.0484375
0 0.2890625 0.61484375 0.05 0.05
0 0.3359375 0.621875 0.0484375 0.05
0 0.45234375 0.5984375 0.0515625 0.0515625
0 0.3796875 0.628125 0.05 0.0515625
0 0.49375 0.60390625 0.0484375 0.05
0 0.53984375 0.62265625 0.0484375 0.0484375
0 0.4234375 0.63671875 0.0484375 0.0484375
0 0.58203125 0.6296875 0.0484375 0.05
0 0.46875 0.6421875 0.05 0.0484375
0 0.6296875 0.62734375 0.05 0.05
0 0.5109375 0.6515625 0.0484375 0.05
0 0.67265625 0.634375 0.0515625 0.05
0 0.55625 0.65703125 0.05 0.0515625
0 0.71875 0.6421875 0.0484375 0.0484375
0 0.6015625 0.66171875 0.05 0.05
0 0.76171875 0.65703125 0.046875 0.05
0 0.646875 0.671875 0.0484375 0.0484375
0 0.853125 0.66640625 0.0515625 0.0515625
0 0.80703125 0.66171875 0.0484375 0.0484375
0 0.94140625 0.68203125 0.05 0.0515625
0 0.896875 0.671875 0.05 0.0484375
1 0.70234375 0.7171875 0.0515625 0.0484375
0 0.6890625 0.68046875 0.05 0.0484375
0 0.778125 0.69375 0.0484375 0.0484375
0 0.734375 0.68515625 0.0484375 0.05
0 0.82265625 0.6984375 0.0484375 0.0484375
0 0.8671875 0.71171875 0.05 0.05
0 0.9125 0.715625 0.046875 0.046875
0 0.95234375 0.7171875 0.0375 0.0484375
0 0.01171875 0.60859375 0.0234375 0.0484375
0 0.04140625 0.61953125 0.05 0.0515625
0 0.0859375 0.62421875 0.05 0.05
0 0.1296875 0.6328125 0.0484375 0.05
0 0.17421875 0.6359375 0.0484375 0.0484375
0 0.21953125 0.64453125 0.0484375 0.0484375
0 0.26328125 0.65 0.0484375 0.0515625
0 0.3078125 0.653125 0.05 0.0515625
0 0.35078125 0.6640625 0.05 0.05
0 0.3953125 0.66953125 0.05 0.05
0 0.43984375 0.67890625 0.05 0.0515625
0 0.484375 0.6828125 0.05 0.05
0 0.5296875 0.690625 0.046875 0.05
0 0.5734375 0.6984375 0.0515625 0.0515625
0 0.6171875 0.7015625 0.0484375 0.0484375
0 0.66328125 0.70859375 0.05 0.0515625
0 0.753125 0.73203125 0.046875 0.0453125
0 0.7984375 0.73125 0.0484375 0.046875
0 0.84140625 0.74296875 0.046875 0.0484375
0 0.884375 0.75 0.046875 0.0484375
0 0.93046875 0.75625 0.0515625 0.0484375
0 0.0171875 0.6515625 0.034375 0.046875
0 0.05703125 0.65546875 0.05 0.0484375
0 0.10078125 0.66875 0.0484375 0.046875
0 0.146875 0.67109375 0.05 0.0484375
0 0.19140625 0.68203125 0.0484375 0.05
0 0.23515625 0.6890625 0.0484375 0.05
0 0.28046875 0.69609375 0.046875 0.0484375
0 0.32421875 0.69921875 0.046875 0.0484375
0 0.36796875 0.70546875 0.0484375 0.0484375
0 0.45625 0.7203125 0.046875 0.046875
0 0.4109375 0.7140625 0.046875 0.046875
0 0.5 0.725 0.0484375 0.0484375
0 0.5453125 0.73046875 0.0484375 0.0484375
0 0.5890625 0.74296875 0.046875 0.046875
0 0.634375 0.746875 0.0484375 0.0484375
0 0.6796875 0.75390625 0.0453125 0.0453125
0 0.72578125 0.759375 0.046875 0.046875
0 0.7671875 0.7703125 0.046875 0.046875
0 0.90078125 0.79140625 0.05 0.05
0 0.8578125 0.78515625 0.046875 0.0484375
0 0.81015625 0.7875 0.046875 0.046875
0 0.9375 0.79921875 0.034375 0.046875
0 0.02890625 0.69140625 0.046875 0.046875
0 0.07421875 0.69921875 0.0484375 0.046875
0 0.11796875 0.70390625 0.046875 0.0484375
0 0.1609375 0.71484375 0.0453125 0.046875
0 0.20546875 0.71953125 0.0515625 0.05
0 0.25078125 0.72890625 0.046875 0.046875
0 0.29453125 0.734375 0.046875 0.0453125
0 0.3390625 0.73828125 0.046875 0.046875
0 0.38203125 0.74609375 0.0484375 0.0484375
0 0.428125 0.75234375 0.046875 0.046875
0 0.47265625 0.7609375 0.0484375 0.0484375
0 0.5171875 0.76796875 0.0484375 0.0484375
0 0.6046875 0.78046875 0.0484375 0.0484375
0 0.5609375 0.775 0.0484375 0.046875
0 0.64921875 0.78828125 0.046875 0.046875
0 0.69453125 0.79375 0.046875 0.0484375
0 0.740625 0.80078125 0.046875 0.0484375
0 0.7875 0.81015625 0.0484375 0.0484375
0 0.82890625 0.82109375 0.046875 0.046875
0 0.87265625 0.82734375 0.0484375 0.0484375
0 0.915625 0.8328125 0.0453125 0.046875
0 0.0109375 0.72109375 0.021875 0.0484375
0 0.046875 0.7359375 0.046875 0.046875
0 0.08984375 0.74296875 0.046875 0.046875
0 0.1765625 0.75234375 0.05 0.05
0 0.134375 0.74765625 0.05 0.05
0 0.22265625 0.759375 0.0484375 0.0484375
0 0.26640625 0.76953125 0.0484375 0.05
0 0.3125 0.775 0.0484375 0.0484375
0 0.35625 0.78046875 0.0484375 0.05
0 0.40078125 0.78515625 0.05 0.05
0 0.446875 0.7921875 0.05 0.0484375
0 0.48984375 0.8015625 0.046875 0.046875
0 0.534375 0.81015625 0.0484375 0.0453125
0 0.57890625 0.8140625 0.0453125 0.046875
0 0.62109375 0.82421875 0.046875 0.046875
0 0.665625 0.828125 0.046875 0.0484375
0 0.7125 0.83515625 0.0484375 0.0484375
0 0.7578125 0.84140625 0.046875 0.0453125
0 0.8015625 0.8546875 0.0484375 0.05
0 0.84296875 0.86640625 0.046875 0.046875
0 0.88984375 0.865625 0.0484375 0.05
0 0.925 0.87265625 0.03125 0.0453125
0 0.0203125 0.7609375 0.040625 0.05
0 0.06328125 0.7734375 0.04375 0.046875
0 0.10546875 0.77890625 0.0484375 0.05
0 0.14921875 0.78828125 0.046875 0.046875
0 0.19375 0.79296875 0.046875 0.046875
0 0.23828125 0.79921875 0.0484375 0.0484375
0 0.28359375 0.80546875 0.0484375 0.0484375
0 0.32734375 0.81484375 0.046875 0.0484375
0 0.37265625 0.821875 0.0484375 0.05
0 0.41796875 0.82734375 0.046875 0.046875
0 0.4640625 0.83046875 0.0484375 0.046875
0 0.50703125 0.84140625 0.05 0.05
0 0.55078125 0.85 0.046875 0.046875
0 0.59453125 0.85859375 0.0484375 0.0484375
0 0.6390625 0.8703125 0.046875 0.046875
0 0.68203125 0.8734375 0.0515625 0.0515625
0 0.72890625 0.875 0.0484375 0.05
0 0.771875 0.88515625 0.0484375 0.0484375
0 0.8171875 0.89375 0.0484375 0.0484375
0 0.8609375 0.90078125 0.0484375 0.05
0 0.90625 0.90859375 0.046875 0.046875
0 0.00625 0.79609375 0.0125 0.0453125
0 0.0328125 0.8046875 0.046875 0.046875
0 0.07734375 0.8140625 0.046875 0.046875
0 0.12109375 0.81875 0.046875 0.0484375
0 0.16640625 0.82578125 0.046875 0.046875
0 0.21015625 0.834375 0.0515625 0.05
0 0.2546875 0.83984375 0.046875 0.046875
0 0.2984375 0.84765625 0.0484375 0.05
0 0.3453125 0.8546875 0.0453125 0.0484375
0 0.3875 0.86171875 0.0484375 0.0484375
0 0.43203125 0.865625 0.0484375 0.0484375
0 0.478125 0.871875 0.046875 0.0484375
0 0.52109375 0.88203125 0.046875 0.046875
0 0.5640625 0.89140625 0.0484375 0.0515625
0 0.61015625 0.9046875 0.046875 0.0453125
0 0.65625 0.90703125 0.0484375 0.0484375
0 0.7 0.91796875 0.05 0.0484375
0 0.74453125 0.92578125 0.0484375 0.0484375
0 0.78828125 0.92890625 0.0484375 0.0484375
0 0.83515625 0.93515625 0.0484375 0.05
0 0.8765625 0.94453125 0.0484375 0.0484375
0 0.91328125 0.94375 0.0265625 0.046875
0 0.01328125 0.8359375 0.0265625 0.046875
0 0.04921875 0.8546875 0.0453125 0.046875
0 0.0921875 0.85625 0.0484375 0.0484375
0 0.13828125 0.859375 0.0484375 0.0484375
0 0.18125 0.87109375 0.0484375 0.0484375
0 0.2265625 0.87421875 0.05 0.05
0 0.2703125 0.884375 0.046875 0.05
0 0.31484375 0.89296875 0.046875 0.0484375
0 0.36171875 0.89453125 0.046875 0.0484375
0 0.40390625 0.9046875 0.0484375 0.0484375
0 0.44765625 0.9125 0.0484375 0.0484375
0 0.4921875 0.915625 0.0484375 0.05
0 0.53515625 0.9234375 0.0484375 0.0484375
0 0.5828125 0.93515625 0.05 0.05
0 0.628125 0.94375 0.05 0.05
0 0.671875 0.9515625 0.05 0.05
0 0.7171875 0.9546875 0.05 0.05
0 0.76015625 0.9609375 0.05 0.053125
0 0.80546875 0.9703125 0.0484375 0.0515625
0 0.85078125 0.9765625 0.0484375 0.046875
0 0.89453125 0.98046875 0.0484375 0.0390625
0 0.021875 0.8796875 0.04375 0.046875
0 0.0640625 0.8890625 0.0484375 0.0484375
0 0.10703125 0.89453125 0.05 0.05
0 0.15234375 0.90390625 0.05 0.0484375
0 0.196875 0.90546875 0.0484375 0.0484375
0 0.2421875 0.91796875 0.0484375 0.05
0 0.28671875 0.925 0.05 0.05
0 0.33125 0.9296875 0.0484375 0.05
0 0.375 0.93671875 0.046875 0.0484375
0 0.41796875 0.9421875 0.046875 0.046875
0 0.46640625 0.9484375 0.0484375 0.05
0 0.509375 0.96171875 0.046875 0.0484375
0 0.553125 0.96796875 0.05 0.05
0 0.59765625 0.9765625 0.0484375 0.046875
0 0.64296875 0.9796875 0.0484375 0.040625
0 0.6875 0.98203125 0.05 0.0359375
0 0.7328125 0.9859375 0.05 0.028125
0 0.77421875 0.990625 0.0484375 0.01875
0 0.8234375 0.9921875 0.05 0.015625
0 0.08125 0.91796875 0.04375 0.028125
0 0.12578125 0.9265625 0.0453125 0.028125
0 0.17109375 0.934375 0.0453125 0.0296875
0 0.21640625 0.94140625 0.04375 0.03125
0 0.26015625 0.95 0.04375 0.03125
0 0.3046875 0.95703125 0.0453125 0.0359375
0 0.34765625 0.9640625 0.046875 0.0390625
0 0.39140625 0.97578125 0.04375 0.03125
0 0.4359375 0.98359375 0.04375 0.0328125
0 0.48046875 0.98515625 0.0453125 0.0296875
0 0.525 0.9890625 0.046875 0.021875
0 0.5703125 0.9921875 0.046875 0.015625