0 0.040625 0.12578125 0.08125 0.1265625
0 0.0125 0.33515625 0.025 0.1765625
0 0.059375 0.28671875 0.11875 0.1609375
0 0.2 0.27734375 0.1421875 0.153125
0 0.03203125 0.55390625 0.0640625 0.1546875
0 0.60625 0.04453125 0.1375 0.0890625
0 0.3296875 0.28828125 0.1375 0.128125
0 0.9015625 0.1015625 0.1 0.1328125
0 0.396875 0.17890625 0.1609375 0.1640625
0 0.12265625 0.078125 0.1328125 0.065625
0 0.46484375 0.0234375 0.1640625 0.046875
0 0.2609375 0.0515625 0.18125 0.065625
0 0.053125 0.43515625 0.10625 0.1265625
0 0.6546875 0.13828125 0.140625 0.1375
0 0.365625 0.521875 0.134375 0.1359375
0 0.50859375 0.096875 0.1375 0.140625
0 0.45625 0.3109375 0.1328125 0.1328125
0 0.1421875 0.38359375 0.134375 0.128125
0 0.2984375 0.440625 0.1203125 0.1109375
0 0.128125 0.56796875 0.109375 0.1265625
0 0.25703125 0.56875 0.140625 0.1171875
0 0.11875 0.215625 0.125 0.1125
0 0.2609375 0.153125 0.1359375 0.1359375
0 0.58046875 0.25390625 0.1265625 0.1234375
0 0.47890625 0.46015625 0.1453125 0.128125
0 0.60234375 0.40546875 0.1328125 0.1203125
0 0.70234375 0.32578125 0.1296875 0.128125
0 0.8015625 0.2453125 0.1546875 0.1390625
0 0.790625 0.12578125 0.1390625 0.1328125
0 0.75 0.034375 0.134375 0.06875
0 0.878125 0.02421875 0.10625 0.0484375
0 0.3609375 0.06796875 0.121875 0.1078125