0 0.20078125 0.584375 0.075 0.075
0 0.41796875 0.3375 0.078125 0.0765625
0 0.23828125 0.52890625 0.0734375 0.0734375
0 0.1609375 0.63984375 0.0734375 0.078125
0 0.5859375 0.12578125 0.078125 0.075
0 0.02734375 0.77890625 0.0546875 0.0765625
0 0.10625 0.86171875 0.0734375 0.071875
0 0.01796875 0.5578125 0.0359375 0.075
0 0.1375 0.5671875 0.075 0.075
0 0.22421875 0.64609375 0.075 0.071875
0 0.35546875 0.50234375 0.0734375 0.0703125
0 0.4625 0.28671875 0.078125 0.078125
0 0.034375 0.50234375 0.06875 0.0765625
0 0.13046875 0.45859375 0.0765625 0.0765625
0 0.37578125 0.3921875 0.0765625 0.078125
0 0.04453125 0.8390625 0.0765625 0.075
0 0.48359375 0.1671875 0.08125 0.08125
0 0.096875 0.5125 0.0734375 0.0765625
0 0.11328125 0.67890625 0.0765625 0.071875
0 0.05859375 0.5625 0.071875 0.0734375
0 0.56328125 0.05859375 0.0765625 0.0765625
0 0.30390625 0.5453125 0.078125 0.075
0 0.08359375 0.78671875 0.078125 0.0765625
0 0.5484375 0.18046875 0.078125 0.078125
0 0.2796875 0.48203125 0.075 0.071875
0 0.60625 0.025 0.0703125 0.0390625
0 0.39765625 0.459375 0.0734375 0.0734375
0 0.1109375 0.39921875 0.0765625 0.0765625
0 0.26796875 0.59765625 0.0734375 0.071875
0 0.50546875 0.23359375 0.0765625 0.0765625
0 0.17578125 0.5109375 0.075 0.075
0 0.51953125 0.10390625 0.0765625 0.0734375
0 0.05625 0.72421875 0.075 0.0765625
0 0.34921875 0.328125 0.075 0.075
0 0.3078125 0.3796875 0.078125 0.0765625
0 0.4171875 0.0453125 0.075 0.071875
0 0.0953125 0.61875 0.08125 0.075
0 0.3921875 0.278125 0.08125 0.08125
0 0.13515625 0.73984375 0.0734375 0.0734375
0 0.4421875 0.41171875 0.0765625 0.078125
0 0.4734375 0.4796875 0.0765625 0.075
0 0.17578125 0.403125 0.075 0.078125
0 0.0671875 0.90703125 0.06875 0.046875
0 0.18125 0.70234375 0.078125 0.0765625
0 0.22734375 0.0921875 0.08125 0.08125
0 0.08359375 0.2328125 0.0734375 0.0765625
0 0.4234375 0.52109375 0.075 0.071875
0 0.2171875 0.34140625 0.0734375 0.0765625
0 0.33046875 0.43984375 0.0765625 0.0765625
0 0.32421875 0.26796875 0.0734375 0.075
0 0.1546875 0.34296875 0.0734375 0.078125
0 0.215625 0.459375 0.075 0.0765625
0 0.51796875 0.428125 0.075 0.075
0 0.6796875 0.04375 0.071875 0.0484375
0 0.6296875 0.07578125 0.08125 0.0796875
0 0.26328125 0.14921875 0.084375 0.0796875
0 0.29609375 0.21171875 0.075 0.0734375
0 0.06796875 0.44453125 0.0765625 0.0765625
0 0.1484375 0.8140625 0.0734375 0.0703125
0 0.01328125 0.70859375 0.0265625 0.0765625
0 0.71328125 0.09375 0.08125 0.0765625
0 0.02109375 0.42734375 0.0421875 0.0734375
0 0.5296875 0.0203125 0.075 0.040625
0 0.26953125 0.0390625 0.0765625 0.078125
0 0.25390625 0.2625 0.075 0.0765625
0 0.2921875 0.67265625 0.071875 0.0703125
0 0.33359375 0.62109375 0.075 0.071875
0 0.30078125 0.096875 0.078125 0.0734375
0 0.28125 0.31875 0.075 0.0734375
0 0.2484375 0.70859375 0.071875 0.0703125
0 0.4875 0.36015625 0.0765625 0.078125
0 0.24296875 0.4015625 0.075 0.078125
0 0.33515625 0.16015625 0.0765625 0.075
0 0.02109375 0.8875 0.0421875 0.0625
0 0.571875 0.2453125 0.0734375 0.0765625
0 0.04140625 0.65625 0.0796875 0.078125
0 0.11484375 0.17421875 0.071875 0.075
0 0.7578125 0.0578125 0.0703125 0.0453125
0 0.384375 0.01328125 0.075 0.0265625
0 0.7859375 0.11796875 0.0765625 0.0765625
0 0.36640625 0.2140625 0.0765625 0.078125
0 0.29921875 0.00859375 0.0734375 0.0171875
0 0.11953125 0.28828125 0.078125 0.08125
0 0.1515625 0.23203125 0.071875 0.0734375
0 0.38125 0.57890625 0.0734375 0.0734375
0 0.06796875 0.17890625 0.0421875 0.0734375
0 0.1921875 0.2796875 0.075 0.0734375
0 0.19453125 0.771875 0.071875 0.0734375
0 0.56484375 0.38203125 0.078125 0.0734375
1 0.04765625 0.365625 0.0703125 0.078125
1 0.05859375 0.29921875 0.0671875 0.06875
1 0.14296875 0.01015625 0.0765625 0.0203125
1 0.18984375 0.03515625 0.0953125 0.0703125
1 0.1046875 0.0484375 0.0640625 0.078125
1 0.08828125 0.10234375 0.05 0.0578125
1 0.14375 0.0875 0.075 0.0625
1 0.17265625 0.14375 0.071875 0.08125
1 0.21328125 0.20703125 0.075 0.0796875
1 0.83359375 0.0765625 0.071875 0.053125
1 0.46015625 0.009375 0.0765625 0.01875
1 0.3390625 0.040625 0.075 0.0796875
1 0.4859375 0.0484375 0.075 0.0796875
1 0.3703125 0.10234375 0.08125 0.065625
1 0.4453125 0.10234375 0.0875 0.0671875
1 0.65859375 0.13046875 0.0671875 0.0609375
1 0.73515625 0.16953125 0.0703125 0.065625
1 0.62109375 0.18671875 0.065625 0.0671875
1 0.69140625 0.21640625 0.078125 0.071875
1 0.4125 0.1625 0.084375 0.0703125
1 0.43203125 0.22578125 0.0796875 0.078125
1 0.6484375 0.27578125 0.0703125 0.075
1 0.6 0.3140625 0.078125 0.06875
1 0.53046875 0.30546875 0.08125 0.078125