0 0.83203125 0.74921875 0.0796875 0.078125
0 0.759375 0.7375 0.0828125 0.08125
0 0.81171875 0.92734375 0.0765625 0.0765625
0 0.85703125 0.878125 0.0796875 0.08125
0 0.79140625 0.61953125 0.075 0.075
0 0.80859375 0.68828125 0.0796875 0.0828125
0 0.73125 0.60859375 0.078125 0.078125
0 0.78828125 0.86484375 0.08125 0.0796875
0 0.8390625 0.815625 0.075 0.0765625
0 0.9640625 0.59609375 0.0671875 0.0765625
0 0.90390625 0.8859375 0.0453125 0.0703125
0 0.77265625 0.55859375 0.078125 0.0796875
0 0.75703125 0.4921875 0.08125 0.08125
0 0.8546875 0.63671875 0.078125 0.0796875
0 0.74609375 0.67265625 0.08125 0.0796875
0 0.69296875 0.475 0.0796875 0.078125
0 0.8140625 0.07890625 0.071875 0.046875
0 0.78046875 0.80078125 0.0796875 0.078125
0 0.83671875 0.56875 0.078125 0.078125
0 0.9546875 0.53515625 0.0796875 0.078125
0 0.87890625 0.69921875 0.0765625 0.078125
0 0.93671875 0.7125 0.0640625 0.075
0 0.8734375 0.93984375 0.0765625 0.0765625
0 0.89609375 0.76171875 0.0796875 0.0765625
0 0.71015625 0.5484375 0.0765625 0.0765625
0 0.98125 0.484375 0.0375 0.078125
0 0.82265625 0.50234375 0.078125 0.078125
0 0.92265625 0.65 0.078125 0.078125
0 0.90390625 0.825 0.0734375 0.0796875
0 0.9734375 0.35390625 0.053125 0.0765625
0 0.80078125 0.44140625 0.08125 0.0796875
0 0.7640625 0.246875 0.0796875 0.0796875
0 0.9578125 0.2953125 0.071875 0.078125
0 0.75546875 0.1796875 0.075 0.075
0 0.728125 0.3609375 0.0796875 0.08125
0 0.69453125 0.21328125 0.0796875 0.0765625
0 0.7796875 0.315625 0.078125 0.0765625
0 0.78984375 0.37890625 0.075 0.078125
0 0.88671875 0.51796875 0.0796875 0.078125
0 0.90234375 0.2796875 0.0828125 0.0796875
0 0.5796875 0.04140625 0.078125 0.0828125
0 0.6 0.12421875 0.0875 0.0875
0 0.68203125 0.146875 0.090625 0.084375
0 0.82109375 0.12890625 0.078125 0.0765625
0 0.815625 0.19765625 0.0875 0.0859375
1 0.74375 0.05703125 0.0671875 0.0375
1 0.88203125 0.09765625 0.071875 0.05
1 0.94453125 0.11484375 0.06875 0.0515625
1 0.98515625 0.1296875 0.0296875 0.053125
1 0.65078125 0.06796875 0.0625 0.071875
1 0.7125 0.0875 0.0921875 0.071875
1 0.7671875 0.1140625 0.05625 0.065625
1 0.8890625 0.153125 0.078125 0.071875
1 0.95234375 0.16796875 0.0765625 0.0734375
1 0.9890625 0.18125 0.021875 0.075
1 0.8921875 0.21171875 0.075 0.0640625
1 0.95234375 0.22890625 0.075 0.071875
1 0.9875 0.2453125 0.025 0.078125
1 0.6296875 0.1921875 0.075 0.071875
1 0.8375 0.26640625 0.08125 0.078125
1 0.64375 0.25859375 0.0890625 0.08125
1 0.71484375 0.2875 0.078125 0.0796875
1 0.85 0.32890625 0.08125 0.0640625
1 0.91796875 0.3453125 0.078125 0.0703125
1 0.665625 0.33828125 0.0765625 0.078125
1 0.86015625 0.390625 0.0859375 0.071875
1 0.92734375 0.41015625 0.06875 0.0734375
1 0.975 0.41875 0.05 0.071875
1 0.678125 0.40859375 0.0734375 0.0734375
1 0.73828125 0.421875 0.075 0.071875
1 0.875 0.4484375 0.071875 0.0609375
1 0.9046875 0.5875 0.078125 0.071875
1 0.846875 0.9796875 0.0875 0.040625