1 0.9671875 0.865625 0.065625 0.1625
1 0.93515625 0.6015625 0.1296875 0.171875
1 0.8984375 0.73828125 0.203125 0.2109375
1 0.8375 0.884375 0.19375 0.175
1 0.66796875 0.90078125 0.1953125 0.184375
1 0.71640625 0.75 0.203125 0.2359375
1 0.80390625 0.6171875 0.1984375 0.2015625
1 0.85859375 0.4484375 0.1953125 0.196875
1 0.8953125 0.2859375 0.184375 0.2109375
1 0.8546875 0.0578125 0.196875 0.115625
1 0.7796875 0.153125 0.209375 0.2046875
1 0.73359375 0.32109375 0.203125 0.215625
1 0.6921875 0.4953125 0.20625 0.20625
1 0.60703125 0.6234375 0.2140625 0.2125
1 0.540625 0.79375 0.2125 0.240625
1 0.4734375 0.93203125 0.18125 0.1359375
1 0.2921875 0.9328125 0.20625 0.134375
1 0.1296875 0.9359375 0.171875 0.128125
1 0.2015625 0.82265625 0.203125 0.2265625
1 0.36640625 0.8015625 0.1875 0.2296875
1 0.42890625 0.6578125 0.2015625 0.215625
1 0.246875 0.6359375 0.203125 0.2546875
1 0.096875 0.69609375 0.1765625 0.2375
1 0.11171875 0.52578125 0.184375 0.1921875
1 0.3296875 0.50703125 0.20625 0.203125
1 0.50078125 0.48671875 0.1984375 0.2015625
1 0.56328125 0.33828125 0.1921875 0.1953125
1 0.390625 0.35390625 0.209375 0.209375
1 0.21171875 0.40234375 0.209375 0.20625
1 0.05625 0.39140625 0.1125 0.1765625
1 0.096875 0.25546875 0.19375 0.2015625
1 0.2625 0.23671875 0.203125 0.196875
1 0.43671875 0.1875 0.2140625 0.221875
1 0.6140625 0.18046875 0.1953125 0.21875
1 0.6796875 0.0546875 0.1875 0.109375
1 0.50546875 0.06640625 0.1921875 0.1328125
1 0.30703125 0.09375 0.2015625 0.16875
1 0.13203125 0.1125 0.18125 0.159375
1 0.0328125 0.134375 0.065625 0.165625