0 0.50078125 0.575 0.075 0.0734375
0 0.5453125 0.52109375 0.071875 0.0703125
0 0.66953125 0.06796875 0.0734375 0.0703125
0 0.2125 0.02109375 0.075 0.0421875
0 0.2125 0.18125 0.0734375 0.071875
0 0.71484375 0.3015625 0.075 0.0703125
0 0.36328125 0.37890625 0.075 0.0734375
0 0.909375 0.6421875 0.0703125 0.0734375
0 0.88125 0.09765625 0.071875 0.071875
0 0.16953125 0.0609375 0.075 0.0734375
0 0.94453125 0.39765625 0.0734375 0.071875
0 0.9875 0.28359375 0.025 0.0703125
0 0.83515625 0.14140625 0.075 0.071875
0 0.3515625 0.028125 0.071875 0.05625
0 0.51796875 0.4625 0.075 0.071875
0 0.50390625 0.103125 0.0734375 0.06875
0 0.609375 0.0609375 0.071875 0.071875
0 0.9078125 0.15546875 0.0703125 0.0703125
0 0.7359375 0.07734375 0.0703125 0.0703125
0 0.68984375 0.7765625 0.06875 0.071875
0 0.70234375 0.9515625 0.0734375 0.071875
0 0.91328125 0.33828125 0.075 0.0734375
0 0.69609375 0.41796875 0.071875 0.071875
0 0.925 0.21796875 0.0703125 0.0671875
0 0.60859375 0.52578125 0.071875 0.0703125
0 0.778125 0.8453125 0.075 0.071875
0 0.85 0.32734375 0.071875 0.071875
0 0.62890625 0.7703125 0.0703125 0.071875
0 0.48125 0.04296875 0.0703125 0.071875
0 0.93203125 0.509375 0.0765625 0.0734375
0 0.9625 0.64765625 0.05 0.06875
0 0.82890625 0.88515625 0.06875 0.071875
0 0.6546875 0.1828125 0.071875 0.0703125
0 0.8125 0.73359375 0.075 0.071875
0 0.909375 0.45078125 0.0765625 0.06875
0 0.98828125 0.40234375 0.0234375 0.0671875
0 0.5765625 0.284375 0.075 0.0734375
0 0.6484375 0.834375 0.075 0.0734375
0 0.43359375 0.3875 0.0703125 0.071875
0 0.72109375 0.1890625 0.0734375 0.071875
0 0.325 0.13359375 0.06875 0.0703125
0 0.41015625 0.515625 0.078125 0.075
0 0.6578125 0.64609375 0.0734375 0.0703125
0 0.88515625 0.81875 0.0765625 0.071875
0 0.50546875 0.9421875 0.0734375 0.071875
0 0.5421875 0.046875 0.071875 0.071875
0 0.8359375 0.9484375 0.0671875 0.0703125
0 0.975 0.2234375 0.05 0.071875
0 0.859375 0.496875 0.075 0.0734375
0 0.96640625 0.16171875 0.0671875 0.0734375
0 0.52890625 0.6390625 0.075 0.0703125
0 0.41875 0.03125 0.06875 0.0625
0 0.28046875 0.1890625 0.0734375 0.0703125
0 0.696875 0.1265625 0.0703125 0.0703125
0 0.44765625 0.26484375 0.0703125 0.0703125
0 0.82421875 0.7984375 0.06875 0.0703125
0 0.453125 0.45546875 0.0671875 0.0703125
0 0.75078125 0.54375 0.075 0.071875
0 0.87578125 0.2671875 0.071875 0.0734375
0 0.815625 0.2515625 0.071875 0.0703125
0 0.87578125 0.3921875 0.071875 0.071875
0 0.9890625 0.103125 0.021875 0.06875
0 0.2875 0.0234375 0.075 0.046875
0 0.39453125 0.6328125 0.0703125 0.0671875
0 0.54921875 0.8828125 0.06875 0.071875
0 0.6109375 0.88828125 0.0734375 0.071875
0 0.61484375 0.7046875 0.0734375 0.071875
0 0.58125 0.94453125 0.0734375 0.0703125
0 0.4609375 0.63828125 0.071875 0.071875
0 0.38828125 0.14296875 0.0765625 0.071875
0 0.46328125 0.15703125 0.0703125 0.06875
0 0.7625 0.1375 0.0734375 0.0703125
0 0.803125 0.08515625 0.0734375 0.071875
0 0.675 0.89140625 0.0671875 0.06875
0 0.77109375 0.95625 0.071875 0.071875
0 0.86640625 0.68984375 0.0734375 0.071875
0 0.48828125 0.6984375 0.0734375 0.071875
0 0.9484375 0.10078125 0.0734375 0.0703125
0 0.94140625 0.8296875 0.0421875 0.06875
0 0.634375 0.11953125 0.06875 0.065625
0 0.43671875 0.0953125 0.0734375 0.0734375
0 0.565625 0.578125 0.071875 0.0703125
0 0.45859375 0.8234375 0.0734375 0.071875
0 0.81015625 0.37421875 0.075 0.0734375
0 0.71484375 0.0375 0.06875 0.0328125
0 0.525 0.1625 0.0671875 0.0671875
0 0.775 0.603125 0.0734375 0.0703125
0 0.75625 0.78046875 0.075 0.0734375
0 0.7390625 0.89453125 0.0734375 0.071875
0 0.30703125 0.2515625 0.0765625 0.0734375
0 0.94375 0.2796875 0.0734375 0.071875
0 0.54375 0.2203125 0.0734375 0.0703125
0 0.4125 0.20546875 0.075 0.0734375
0 0.8609375 0.2015625 0.0703125 0.06875
0 0.646875 0.4671875 0.075 0.0734375
0 0.628125 0.40546875 0.0703125 0.0671875
0 0.50234375 0.7640625 0.0734375 0.0734375
0 0.5703125 0.1125 0.0703125 0.0703125
0 0.73515625 0.3609375 0.075 0.0734375
0 0.69765625 0.59453125 0.0796875 0.0734375
0 0.61953125 0.23203125 0.071875 0.06875
0 0.79453125 0.19296875 0.071875 0.0703125
0 0.896875 0.953125 0.071875 0.071875
0 0.43671875 0.7640625 0.0703125 0.071875
0 0.75234375 0.71484375 0.0734375 0.071875
0 0.63125 0.584375 0.06875 0.071875
0 0.34296875 0.19609375 0.0703125 0.0703125
0 0.88984375 0.8859375 0.071875 0.071875
0 0.4171875 0.6984375 0.075 0.071875
0 0.97578125 0.3421875 0.0484375 0.065625
0 0.88125 0.75078125 0.0734375 0.0703125
0 0.24296875 0.24609375 0.0703125 0.071875
0 0.58515625 0.465625 0.06875 0.0703125
0 0.3140625 0.07265625 0.071875 0.0671875
0 0.55 0.69765625 0.0640625 0.0703125
0 0.484375 0.88203125 0.071875 0.06875
0 0.52421875 0.82109375 0.071875 0.0703125
0 0.71484375 0.83828125 0.06875 0.06875
0 0.58515625 0.8234375 0.065625 0.06875
0 0.8453125 0.05546875 0.0671875 0.0328125
0 0.2578125 0.1296875 0.0734375 0.0703125
0 0.60390625 0.9875 0.0734375 0.025
0 0.65 0.02734375 0.0609375 0.0296875
0 0.48515625 0.215625 0.0703125 0.0703125
0 0.59140625 0.64375 0.065625 0.065625
0 0.5328125 0.98203125 0.06875 0.0359375
0 0.44921875 0.00625 0.0671875 0.0125
0 0.58984375 0.16875 0.071875 0.0703125
1 0.765625 0.42734375 0.0765625 0.065625
0 0.515625 0.01171875 0.071875 0.0234375
0 0.9375 0.89140625 0.0328125 0.065625
0 0.9546875 0.76953125 0.034375 0.0671875
1 0.9484375 0.58125 0.0671875 0.0734375
1 0.684375 0.2421875 0.0734375 0.065625
0 0.78125 0.04609375 0.065625 0.0296875
0 0.36796875 0.57421875 0.0734375 0.071875
1 0.53359375 0.33984375 0.078125 0.0703125
1 0.6859375 0.70859375 0.06875 0.071875
1 0.6640625 0.35390625 0.0703125 0.0703125
1 0.93515625 0.70625 0.071875 0.0671875
1 0.75546875 0.25078125 0.0609375 0.065625
1 0.7234375 0.48125 0.075 0.0734375
1 0.49921875 0.39765625 0.078125 0.075
1 0.64609375 0.2953125 0.071875 0.0640625
1 0.3390625 0.4953125 0.0765625 0.08125
0 0.64296875 0.953125 0.0671875 0.071875
1 0.50859375 0.27890625 0.0671875 0.0703125
1 0.4734375 0.3296875 0.0640625 0.0640625
1 0.6796875 0.53046875 0.0765625 0.065625
1 0.846875 0.61796875 0.075 0.078125
1 0.88125 0.5671875 0.075 0.0703125
0 0.571875 0.759375 0.0671875 0.0703125
1 0.83125 0.4421875 0.075 0.0703125
1 0.296875 0.37421875 0.0703125 0.071875
1 0.81640625 0.55 0.06875 0.071875
1 0.73359375 0.65703125 0.0671875 0.0625
1 0.5640625 0.40390625 0.06875 0.071875
0 0.975 0.0703125 0.05 0.021875
1 0.41171875 0.31875 0.0734375 0.075
1 0.2828125 0.31171875 0.078125 0.065625
1 0.34609375 0.3125 0.0640625 0.059375
1 0.78203125 0.31015625 0.071875 0.0671875
1 0.8 0.66484375 0.071875 0.0640625
1 0.5984375 0.34921875 0.0671875 0.0640625
1 0.32109375 0.43125 0.0765625 0.0625
1 0.37734375 0.26015625 0.0734375 0.0640625
0 0.24453125 0.0703125 0.0734375 0.06875
1 0.390625 0.44609375 0.071875 0.0703125
1 0.7890625 0.490625 0.0734375 0.0703125
0 0.43515625 0.57578125 0.0671875 0.06875
1 0.48203125 0.51875 0.071875 0.06875
1 0.9765625 0.47421875 0.046875 0.0671875
0 0.1953125 0.11875 0.0609375 0.0625
0 0.15078125 0.0171875 0.0671875 0.034375
0 0.93515625 0.95625 0.01875 0.065625
1 0.6828125 0.990625 0.09375 0.01875
1 0.91953125 0.0609375 0.0671875 0.021875