0 0.8984375 0.21328125 0.0515625 0.0515625
0 0.8375 0.1421875 0.0484375 0.05
0 0.8703125 0.04453125 0.046875 0.05
0 0.86796875 0.17890625 0.05 0.05
0 0.9328125 0.07578125 0.03125 0.0484375
0 0.88203125 0.01328125 0.0484375 0.0265625
0 0.79296875 0.0234375 0.0515625 0.046875
0 0.8234375 0.05859375 0.05 0.0515625
0 0.77734375 0.06953125 0.0515625 0.053125
0 0.88046875 0.12734375 0.0484375 0.05
0 0.92109375 0.01015625 0.0328125 0.0203125
0 0.74765625 0.02578125 0.05 0.0484375
0 0.92890625 0.11953125 0.0515625 0.053125
0 0.83671875 0.0171875 0.0484375 0.034375
0 0.89453125 0.08125 0.05 0.053125
0 0.915625 0.0375 0.0515625 0.0484375
0 0.94296875 0.20703125 0.046875 0.0515625
0 0.7140625 0.00859375 0.05 0.0171875
0 0.946875 0.16015625 0.0265625 0.0484375
0 0.9125 0.1671875 0.05 0.05
0 0.95234375 0.278125 0.0484375 0.05
0 0.85390625 0.0890625 0.0484375 0.0484375
0 0.92734375 0.24453125 0.05 0.04375
0 0.809375 0.10625 0.05 0.0484375
0 0.9578125 0.2375 0.025 0.0359375