2 0.26015625 0.5203125 0.05625 0.0609375
0 0.40625 0.975 0.0546875 0.0421875
0 0.45703125 0.97578125 0.0546875 0.0484375
0 0.50625 0.978125 0.053125 0.04375
0 0.5578125 0.978125 0.053125 0.04375
0 0.61015625 0.97734375 0.0515625 0.0453125
0 0.43046875 0.9421875 0.0546875 0.0515625
0 0.484375 0.93984375 0.053125 0.0484375
0 0.53203125 0.93984375 0.0515625 0.0515625
0 0.58125 0.94375 0.0546875 0.0453125
0 0.6359375 0.940625 0.0515625 0.0515625
0 0.40703125 0.89609375 0.0515625 0.05
0 0.45546875 0.9015625 0.05 0.0515625
0 0.503125 0.90234375 0.05 0.0484375
0 0.55390625 0.90234375 0.05 0.05
0 0.6078125 0.9015625 0.053125 0.05
0 0.66328125 0.90234375 0.0578125 0.053125
0 0.428125 0.85859375 0.0515625 0.05
0 0.47890625 0.85625 0.05 0.05
0 0.52578125 0.865625 0.05 0.0515625
0 0.58046875 0.8578125 0.0546875 0.05
0 0.628125 0.86640625 0.05 0.05
0 0.6828125 0.86640625 0.0515625 0.0453125
0 0.40078125 0.81640625 0.0515625 0.05
0 0.4546875 0.81484375 0.053125 0.05
0 0.50546875 0.81328125 0.05 0.0515625
0 0.55234375 0.81640625 0.05 0.05
0 0.603125 0.8234375 0.0515625 0.05
0 0.65703125 0.8234375 0.0546875 0.0515625
0 0.7109375 0.82265625 0.053125 0.05
0 0.42421875 0.77890625 0.0515625 0.0515625
0 0.47890625 0.7703125 0.05625 0.0515625
0 0.53359375 0.771875 0.0515625 0.05
0 0.5859375 0.7765625 0.05 0.05
0 0.63984375 0.76640625 0.05 0.0484375
0 0.68984375 0.77890625 0.05 0.0515625
0 0.7390625 0.77890625 0.0546875 0.0515625
0 0.4015625 0.73359375 0.05 0.0484375
0 0.45 0.73359375 0.05 0.0484375
0 0.50546875 0.7296875 0.05 0.05
0 0.55234375 0.7359375 0.053125 0.0484375
0 0.6125 0.73046875 0.0515625 0.05
0 0.6609375 0.7359375 0.0546875 0.053125
0 0.7140625 0.73359375 0.053125 0.05
0 0.76640625 0.73359375 0.0546875 0.0484375
0 0.42109375 0.69296875 0.05625 0.0546875
0 0.47578125 0.6984375 0.0515625 0.05
0 0.53046875 0.68828125 0.0546875 0.0515625
0 0.5890625 0.6890625 0.0515625 0.0515625
0 0.6390625 0.68984375 0.0515625 0.0515625
0 0.6890625 0.68984375 0.0484375 0.05
0 0.73828125 0.6953125 0.0546875 0.053125
0 0.79765625 0.68828125 0.0515625 0.053125
0 0.39921875 0.6515625 0.0515625 0.05
0 0.45234375 0.653125 0.0515625 0.05
0 0.5 0.65390625 0.05 0.046875
0 0.55546875 0.653125 0.053125 0.0515625
0 0.6125 0.64765625 0.0515625 0.05
0 0.665625 0.64765625 0.0515625 0.05
0 0.71640625 0.65390625 0.0515625 0.0515625
0 0.76171875 0.6546875 0.046875 0.05
0 0.8265625 0.6453125 0.0515625 0.0484375
0 0.4203125 0.61640625 0.05 0.0484375
0 0.47109375 0.61328125 0.0546875 0.05
0 0.528125 0.61484375 0.05625 0.0546875
0 0.5828125 0.6078125 0.0515625 0.05
0 0.634375 0.61640625 0.053125 0.05
0 0.69140625 0.6140625 0.0515625 0.0515625
0 0.7421875 0.6109375 0.0515625 0.05
0 0.78515625 0.6171875 0.05 0.0515625
0 0.40234375 0.57109375 0.053125 0.05
0 0.45 0.56796875 0.0546875 0.053125
0 0.50234375 0.571875 0.0515625 0.0484375
0 0.56171875 0.5671875 0.0515625 0.0546875
0 0.6125 0.56796875 0.053125 0.0484375
0 0.66640625 0.57265625 0.0515625 0.0515625
0 0.71328125 0.56796875 0.05 0.05
0 0.75859375 0.57578125 0.046875 0.046875
0 0.821875 0.5625 0.05 0.05
0 0.8484375 0.60390625 0.0515625 0.05
0 0.86640625 0.5765625 0.046875 0.05
0 0.446875 0.52890625 0.053125 0.053125
0 0.49765625 0.5265625 0.05 0.0484375
0 0.546875 0.5234375 0.046875 0.0515625
0 0.5890625 0.5359375 0.0453125 0.0453125
0 0.63828125 0.53671875 0.053125 0.0515625
0 0.69453125 0.525 0.05 0.046875
0 0.74140625 0.53359375 0.05 0.053125
0 0.7875 0.53515625 0.05 0.0515625
0 0.8421875 0.52578125 0.053125 0.0484375
0 0.42578125 0.4875 0.0484375 0.0484375
0 0.471875 0.48671875 0.05 0.0515625
0 0.51875 0.48984375 0.0484375 0.05
0 0.57265625 0.4859375 0.053125 0.0515625
0 0.61875 0.490625 0.0453125 0.053125
0 0.665625 0.49375 0.05 0.05
0 0.7140625 0.49375 0.0515625 0.053125
0 0.76328125 0.49375 0.0546875 0.046875
0 0.81640625 0.48828125 0.05 0.05
0 0.8625 0.48984375 0.04375 0.0453125
0 0.90703125 0.51640625 0.0546875 0.046875
0 0.90625 0.4921875 0.0453125 0.0359375
0 0.40546875 0.4390625 0.0484375 0.0484375
0 0.4546875 0.4390625 0.0515625 0.05
0 0.50078125 0.44375 0.0515625 0.05
0 0.55 0.4390625 0.0515625 0.0515625
0 0.59296875 0.45 0.0484375 0.046875
0 0.6515625 0.43984375 0.0546875 0.05
0 0.7015625 0.4390625 0.0484375 0.046875
0 0.7453125 0.44609375 0.046875 0.0515625
0 0.7921875 0.44765625 0.05 0.05
0 0.83828125 0.45546875 0.0484375 0.046875
0 0.88984375 0.4484375 0.0484375 0.0484375
0 0.93359375 0.46328125 0.0484375 0.05
0 0.42890625 0.3984375 0.0515625 0.0484375
0 0.47421875 0.40234375 0.05 0.05
0 0.5234375 0.40390625 0.0546875 0.05
0 0.57265625 0.40390625 0.0515625 0.05
0 0.625 0.4 0.05 0.05
0 0.6734375 0.403125 0.053125 0.0484375
0 0.721875 0.40234375 0.05 0.05
0 0.76796875 0.4078125 0.05 0.05
0 0.81796875 0.4046875 0.046875 0.05
0 0.8640625 0.4109375 0.0515625 0.0546875
0 0.9171875 0.40625 0.0484375 0.0484375
0 0.96328125 0.41953125 0.053125 0.0546875
0 0.403125 0.36328125 0.0484375 0.046875
0 0.4515625 0.359375 0.05 0.05
0 0.50078125 0.359375 0.0515625 0.0484375
0 0.54921875 0.36171875 0.05 0.0515625
0 0.60078125 0.35859375 0.0515625 0.046875
0 0.65078125 0.36171875 0.05 0.0515625
0 0.69921875 0.359375 0.05 0.0484375
0 0.74765625 0.36171875 0.0515625 0.0484375
0 0.79609375 0.3625 0.0484375 0.0484375
0 0.84140625 0.3703125 0.0484375 0.046875
0 0.89453125 0.3625 0.0484375 0.05
0 0.9421875 0.36796875 0.053125 0.05
0 0.98359375 0.36953125 0.0328125 0.0484375
0 0.428125 0.3234375 0.046875 0.0484375
0 0.48203125 0.31484375 0.053125 0.0484375
0 0.52578125 0.32265625 0.0484375 0.05
0 0.57109375 0.32109375 0.0484375 0.046875
0 0.6203125 0.325 0.05 0.0515625
0 0.67265625 0.32109375 0.053125 0.0515625
0 0.7203125 0.3234375 0.0484375 0.0453125
0 0.76640625 0.32265625 0.0484375 0.0484375
0 0.8140625 0.3296875 0.0484375 0.05
0 0.86171875 0.33359375 0.053125 0.05
0 0.9140625 0.3234375 0.05 0.046875
0 0.959375 0.33515625 0.0453125 0.04375
0 0.990625 0.3375 0.01875 0.046875
0 0.4078125 0.27578125 0.046875 0.05
0 0.45234375 0.2796875 0.0484375 0.0453125
0 0.503125 0.27734375 0.05 0.05
0 0.55234375 0.28125 0.05 0.0546875
0 0.6 0.2828125 0.0515625 0.05
0 0.646875 0.278125 0.0484375 0.0484375
0 0.69375 0.28515625 0.046875 0.0453125
0 0.74375 0.284375 0.053125 0.046875
0 0.7921875 0.2859375 0.05 0.0484375
0 0.83984375 0.2890625 0.05 0.046875
0 0.88828125 0.28828125 0.0515625 0.053125
0 0.94296875 0.284375 0.0515625 0.05
0 0.98359375 0.28515625 0.0328125 0.0515625
0 0.43203125 0.234375 0.0453125 0.0484375
0 0.478125 0.2390625 0.0546875 0.0515625
0 0.5296875 0.234375 0.0546875 0.0484375
0 0.58046875 0.2359375 0.0515625 0.0546875
0 0.62421875 0.24453125 0.0484375 0.05
0 0.6671875 0.24609375 0.046875 0.04375
0 0.7171875 0.24296875 0.05 0.05
0 0.76796875 0.24609375 0.0515625 0.05
0 0.8140625 0.25 0.046875 0.0484375
0 0.8625 0.2578125 0.0515625 0.05
0 0.91796875 0.24765625 0.05 0.05
0 0.96875 0.2453125 0.0484375 0.0484375
0 0.9953125 0.24921875 0.009375 0.0484375
0 0.4046875 0.19453125 0.053125 0.053125
0 0.45390625 0.196875 0.05 0.05
0 0.50390625 0.1953125 0.0515625 0.05
0 0.5546875 0.19375 0.0515625 0.0515625
0 0.60390625 0.1921875 0.0546875 0.0515625
0 0.64375 0.21015625 0.04375 0.053125
0 0.69765625 0.2 0.05 0.05
0 0.74609375 0.203125 0.046875 0.053125
0 0.78671875 0.21328125 0.04375 0.04375
0 0.83515625 0.2140625 0.0546875 0.053125
0 0.89296875 0.209375 0.05 0.0484375
0 0.94453125 0.20625 0.0515625 0.0484375
0 0.98671875 0.1984375 0.0265625 0.05
0 0.4265625 0.15859375 0.0515625 0.0484375
0 0.47578125 0.1578125 0.0515625 0.046875
0 0.5265625 0.15703125 0.05 0.0484375
0 0.5734375 0.15859375 0.05 0.05
0 0.6265625 0.153125 0.0515625 0.05
0 0.67421875 0.1609375 0.05 0.053125
0 0.721875 0.1609375 0.0515625 0.0515625
0 0.77421875 0.16484375 0.0515625 0.05
0 0.8234375 0.1640625 0.05 0.05
0 0.86953125 0.16328125 0.05 0.046875
0 0.91953125 0.16484375 0.0484375 0.05
0 0.96640625 0.165625 0.046875 0.0453125
0 0.9953125 0.1625 0.009375 0.046875
0 0.403125 0.11796875 0.046875 0.05
0 0.45 0.125 0.0484375 0.0484375
0 0.49609375 0.12421875 0.0515625 0.046875
0 0.54609375 0.1265625 0.05625 0.046875
0 0.59765625 0.11875 0.0484375 0.046875
0 0.64453125 0.12265625 0.0484375 0.046875
0 0.69296875 0.12890625 0.0515625 0.046875
0 0.74296875 0.12578125 0.0515625 0.0515625
0 0.78828125 0.13125 0.0453125 0.0453125
0 0.83671875 0.1328125 0.0546875 0.046875
0 0.89765625 0.11953125 0.05 0.0546875
0 0.9390625 0.13203125 0.05 0.0515625
0 0.43203125 0.07578125 0.05 0.0515625
0 0.48203125 0.07421875 0.053125 0.05
0 0.53203125 0.075 0.0515625 0.053125
0 0.575 0.078125 0.0484375 0.0515625
0 0.62578125 0.0765625 0.053125 0.0484375
0 0.67578125 0.0765625 0.0453125 0.05
0 0.71953125 0.0859375 0.0546875 0.05
0 0.76796875 0.0890625 0.0515625 0.046875
0 0.82421875 0.071875 0.05625 0.05
0 0.8734375 0.078125 0.0484375 0.0484375
0 0.92265625 0.078125 0.05 0.0484375
0 0.96953125 0.08515625 0.05 0.053125
0 0.40546875 0.03984375 0.0515625 0.053125
0 0.45703125 0.03359375 0.0515625 0.05
0 0.50703125 0.0328125 0.0515625 0.0484375
0 0.55390625 0.040625 0.05 0.0484375
0 0.603125 0.03828125 0.0484375 0.0484375
0 0.65078125 0.0375 0.0515625 0.0484375
0 0.6984375 0.040625 0.053125 0.0515625
0 0.74921875 0.04140625 0.0484375 0.0453125
0 0.79296875 0.0421875 0.046875 0.040625
0 0.8453125 0.04375 0.05625 0.0359375
0 0.896875 0.046875 0.0484375 0.0328125
0 0.94453125 0.05078125 0.05 0.0328125
0 0.434375 0.0078125 0.04375 0.015625
0 0.4765625 0.0109375 0.046875 0.021875
0 0.9828125 0.125 0.034375 0.053125
0 0.98671875 0.05078125 0.0265625 0.0234375
0 0.30078125 0.97109375 0.053125 0.03125
0 0.3546875 0.9734375 0.053125 0.0359375
0 0.0234375 0.93671875 0.046875 0.0484375
0 0.07109375 0.9390625 0.0515625 0.053125
0 0.11953125 0.93984375 0.0546875 0.0515625
0 0.16875 0.94140625 0.0546875 0.053125
0 0.22109375 0.94375 0.0546875 0.05
0 0.2703125 0.94765625 0.05 0.0515625
0 0.325 0.9453125 0.053125 0.0515625
0 0.3765625 0.94140625 0.053125 0.05
0 0.009375 0.9 0.01875 0.046875
0 0.0484375 0.896875 0.05 0.053125
0 0.09375 0.90390625 0.046875 0.05
0 0.1421875 0.90234375 0.0515625 0.046875
0 0.19375 0.9015625 0.053125 0.0546875
0 0.24375 0.90390625 0.0515625 0.0546875
0 0.29921875 0.90078125 0.053125 0.0515625
0 0.34921875 0.89921875 0.05625 0.05
0 0.0234375 0.8609375 0.046875 0.053125
0 0.06953125 0.8578125 0.05 0.0546875
0 0.11640625 0.86171875 0.05 0.05
0 0.16171875 0.86328125 0.05 0.05
0 0.21484375 0.865625 0.0515625 0.0515625
0 0.27265625 0.85859375 0.0546875 0.05
0 0.31796875 0.86328125 0.046875 0.046875
0 0.37265625 0.86015625 0.0515625 0.053125
0 0.01328125 0.8125 0.0265625 0.05
0 0.04921875 0.8171875 0.05 0.05
0 0.0984375 0.81640625 0.0515625 0.0515625
0 0.14765625 0.81640625 0.0515625 0.0515625
0 0.19765625 0.8171875 0.0515625 0.053125
0 0.24609375 0.81953125 0.0515625 0.0515625
0 0.29765625 0.8203125 0.059375 0.059375
0 0.3515625 0.81796875 0.0546875 0.0515625
0 0.02265625 0.77578125 0.0453125 0.0484375
0 0.06875 0.77734375 0.05 0.0515625
0 0.1203125 0.775 0.053125 0.0515625
0 0.17265625 0.775 0.0515625 0.0515625
0 0.22265625 0.775 0.0515625 0.0546875
0 0.26875 0.78203125 0.0546875 0.0515625
0 0.32421875 0.77578125 0.053125 0.05
0 0.375 0.778125 0.0546875 0.053125
0 0.01171875 0.73125 0.0234375 0.05
0 0.05 0.7328125 0.05 0.05
0 0.09765625 0.73359375 0.05 0.05
0 0.146875 0.73828125 0.053125 0.05
0 0.1984375 0.7328125 0.053125 0.053125
0 0.24765625 0.7359375 0.053125 0.053125
0 0.2984375 0.734375 0.05 0.05
0 0.3515625 0.7359375 0.0546875 0.05
0 0.02578125 0.69375 0.0515625 0.05
0 0.07578125 0.68984375 0.053125 0.05
0 0.12421875 0.690625 0.0515625 0.0546875
0 0.1703125 0.69765625 0.053125 0.05
0 0.225 0.6890625 0.053125 0.053125
0 0.271875 0.69765625 0.053125 0.0515625
0 0.32109375 0.6953125 0.0515625 0.05
0 0.37265625 0.69609375 0.0546875 0.05
0 0.0125 0.64453125 0.025 0.0515625
0 0.05 0.646875 0.053125 0.0515625
0 0.1015625 0.6484375 0.0546875 0.053125
0 0.1515625 0.646875 0.053125 0.0546875
0 0.2 0.65 0.0515625 0.0515625
0 0.25 0.65078125 0.053125 0.0515625
0 0.2984375 0.65390625 0.053125 0.053125
0 0.3515625 0.653125 0.053125 0.0515625
0 0.021875 0.60390625 0.04375 0.0484375
0 0.07734375 0.60234375 0.05625 0.0515625
0 0.12578125 0.60546875 0.05 0.05
0 0.17421875 0.60703125 0.053125 0.0515625
0 0.22578125 0.6078125 0.0546875 0.053125
0 0.27421875 0.6109375 0.05 0.053125
0 0.32421875 0.6078125 0.0546875 0.0515625
0 0.3734375 0.6125 0.0546875 0.053125
0 0.0140625 0.559375 0.028125 0.05
0 0.04921875 0.5609375 0.0546875 0.053125
0 0.09921875 0.56328125 0.0546875 0.05
0 0.15078125 0.56484375 0.0515625 0.05
0 0.20078125 0.5671875 0.0515625 0.05
0 0.25 0.5671875 0.0515625 0.05
0 0.3015625 0.56953125 0.053125 0.05
0 0.35234375 0.56796875 0.0546875 0.053125
0 0.02265625 0.5140625 0.0453125 0.05
0 0.06875 0.51640625 0.0515625 0.0515625
0 0.11796875 0.515625 0.05 0.053125
0 0.16171875 0.5203125 0.0484375 0.05
0 0.215625 0.51484375 0.0515625 0.0484375
0 0.30078125 0.52265625 0.0515625 0.053125
0 0.34921875 0.52890625 0.0484375 0.05
0 0.4015625 0.525 0.0515625 0.05
0 0.009375 0.47421875 0.01875 0.0484375
0 0.03984375 0.48125 0.0453125 0.0453125
0 0.08671875 0.48125 0.053125 0.0515625
0 0.13671875 0.48203125 0.05 0.05
0 0.1875 0.47578125 0.0515625 0.05
0 0.23671875 0.47578125 0.05 0.0484375
0 0.284375 0.4765625 0.0484375 0.0484375
0 0.33046875 0.48203125 0.0546875 0.053125
0 0.37890625 0.48203125 0.053125 0.05
0 0.02265625 0.43828125 0.0421875 0.05
0 0.06796875 0.4328125 0.05 0.05
0 0.11953125 0.43359375 0.053125 0.053125
0 0.16640625 0.434375 0.05 0.0546875
0 0.2140625 0.4328125 0.0484375 0.05
0 0.2609375 0.4328125 0.0546875 0.0515625
0 0.30859375 0.43671875 0.05 0.0515625
0 0.359375 0.4375 0.0515625 0.05
0 0.04453125 0.39296875 0.0515625 0.053125
0 0.09375 0.39140625 0.05 0.0515625
0 0.14296875 0.39140625 0.05 0.0484375
0 0.18984375 0.3921875 0.05 0.0515625
0 0.2375 0.39453125 0.053125 0.0515625
0 0.28671875 0.3921875 0.0515625 0.0515625
0 0.33515625 0.3953125 0.053125 0.0515625
0 0.3828125 0.39921875 0.0546875 0.0546875
0 0.02734375 0.35078125 0.0375 0.0515625
0 0.0640625 0.35703125 0.046875 0.046875
0 0.1109375 0.3578125 0.053125 0.046875
0 0.16328125 0.3515625 0.0515625 0.05
0 0.2109375 0.35390625 0.05 0.0515625
0 0.26015625 0.35390625 0.053125 0.0515625
0 0.3125 0.3515625 0.053125 0.053125
0 0.3578125 0.35703125 0.05 0.05
0 0.04296875 0.3109375 0.0515625 0.0515625
0 0.0921875 0.31171875 0.0484375 0.0484375
0 0.1390625 0.3125 0.0515625 0.046875
0 0.1890625 0.3109375 0.0515625 0.0515625
0 0.2390625 0.31015625 0.0546875 0.0515625
0 0.284375 0.31640625 0.05 0.0515625
0 0.33125 0.31953125 0.0515625 0.0515625
0 0.38359375 0.315625 0.053125 0.0546875
0 0.02890625 0.27421875 0.0265625 0.0484375
0 0.06640625 0.27109375 0.0484375 0.046875
0 0.11328125 0.278125 0.0515625 0.0484375
0 0.16484375 0.26875 0.053125 0.0484375
0 0.21484375 0.2703125 0.0515625 0.05
0 0.26328125 0.26953125 0.05 0.0515625
0 0.31015625 0.2765625 0.05 0.0515625
0 0.36015625 0.2703125 0.053125 0.0515625
0 0.0453125 0.23046875 0.0515625 0.0515625
0 0.09296875 0.228125 0.0484375 0.0484375
0 0.13984375 0.23203125 0.0515625 0.05
0 0.1875 0.23359375 0.0484375 0.05
0 0.2359375 0.234375 0.05625 0.053125
0 0.28671875 0.22890625 0.05 0.0515625
0 0.33203125 0.2375 0.0484375 0.0515625
0 0.3859375 0.23359375 0.0546875 0.05
0 0.034375 0.18515625 0.021875 0.0484375
0 0.06875 0.18671875 0.053125 0.05
0 0.121875 0.1875 0.05 0.0515625
0 0.16796875 0.18828125 0.05 0.0484375
0 0.215625 0.190625 0.053125 0.0515625
0 0.2640625 0.18828125 0.053125 0.0515625
0 0.3109375 0.190625 0.05 0.053125
0 0.3578125 0.20234375 0.0546875 0.0515625
0 0.05078125 0.14453125 0.0484375 0.0515625
0 0.09765625 0.1484375 0.0515625 0.0515625
0 0.14375 0.1484375 0.046875 0.0484375
0 0.1859375 0.15390625 0.0515625 0.0484375
0 0.23828125 0.1484375 0.0515625 0.0484375
0 0.28671875 0.15078125 0.053125 0.0515625
0 0.33515625 0.15625 0.0515625 0.0515625
0 0.38203125 0.1546875 0.0515625 0.05
0 0.0703125 0.10859375 0.0515625 0.0515625
0 0.1203125 0.109375 0.05 0.0515625
0 0.16796875 0.11171875 0.0515625 0.05
0 0.215625 0.1125 0.0515625 0.05
0 0.2640625 0.1125 0.0515625 0.05
0 0.3125 0.1125 0.0515625 0.0515625
0 0.36171875 0.1125 0.05 0.053125
0 0.05390625 0.0625 0.0375 0.0484375
0 0.096875 0.071875 0.053125 0.0515625
0 0.14609375 0.06796875 0.0515625 0.046875
0 0.19453125 0.0671875 0.05 0.05
0 0.2421875 0.0703125 0.05 0.053125
0 0.28828125 0.07109375 0.0515625 0.0515625
0 0.33671875 0.06796875 0.046875 0.05
0 0.38359375 0.075 0.0515625 0.053125
0 0.07265625 0.02265625 0.0515625 0.0453125
0 0.1203125 0.0265625 0.05 0.0515625
0 0.165625 0.0328125 0.0515625 0.0515625
0 0.21484375 0.028125 0.053125 0.05
0 0.26484375 0.02734375 0.05 0.0515625
0 0.31484375 0.02890625 0.053125 0.05
0 0.3609375 0.03203125 0.0484375 0.05
0 0.14375 0.00546875 0.053125 0.0109375
0 0.19140625 0.0046875 0.0484375 0.009375
0 0.23984375 0.00703125 0.0515625 0.0140625
0 0.28828125 0.00546875 0.0515625 0.0109375
0 0.3375 0.00703125 0.046875 0.0140625
0 0.38828125 0.009375 0.0546875 0.01875