0 0.05390625 0.284375 0.0515625 0.0515625
0 0.1015625 0.284375 0.0515625 0.0515625
0 0.1671875 0.27265625 0.0546875 0.053125
0 0.190625 0.29609375 0.0453125 0.0515625
0 0.23125 0.303125 0.0484375 0.0515625
0 0.27734375 0.30625 0.05 0.0515625
0 0.321875 0.31171875 0.0515625 0.0515625
0 0.38828125 0.2984375 0.05 0.0515625
0 0.41796875 0.31953125 0.0484375 0.053125
0 0.45390625 0.33046875 0.0484375 0.0515625
0 0.5 0.33203125 0.0515625 0.0515625
0 0.546875 0.28515625 0.0515625 0.0515625
0 0.54765625 0.33828125 0.05 0.0515625
0 0.6125 0.321875 0.046875 0.046875
0 0.6625 0.3078125 0.0484375 0.05
0 0.709375 0.30859375 0.05 0.0515625
0 0.7515625 0.31484375 0.0484375 0.05
0 0.7921875 0.32421875 0.0453125 0.046875
0 0.7703125 0.35546875 0.0453125 0.0453125
0 0.72578125 0.35234375 0.0484375 0.0453125
0 0.68046875 0.35078125 0.05 0.0484375
0 0.63828125 0.3484375 0.0421875 0.04375
0 0.74140625 0.3953125 0.0453125 0.0484375
0 0.7 0.38828125 0.046875 0.0484375
0 0.65703125 0.38359375 0.0484375 0.0453125
0 0.609375 0.38046875 0.0484375 0.05
0 0.63046875 0.41875 0.0515625 0.05
0 0.67734375 0.42109375 0.0484375 0.0453125
0 0.71640625 0.4328125 0.0421875 0.0390625
0 0.69921875 0.4578125 0.0484375 0.05
0 0.0359375 0.3203125 0.0328125 0.04375
0 0.07421875 0.321875 0.05 0.05
0 0.11640625 0.33046875 0.0484375 0.0484375
0 0.16328125 0.33359375 0.0453125 0.0453125
0 0.20703125 0.33828125 0.0484375 0.0484375
0 0.24765625 0.34609375 0.0453125 0.046875
0 0.30078125 0.34609375 0.0484375 0.0484375
0 0.34140625 0.35703125 0.046875 0.0484375
0 0.3875 0.36015625 0.0453125 0.0453125
0 0.42890625 0.36328125 0.046875 0.046875
0 0.471875 0.36875 0.0515625 0.046875
0 0.5171875 0.375 0.05 0.046875
0 0.56171875 0.38046875 0.05 0.0484375
0 0.58125 0.421875 0.046875 0.0421875
0 0.65078125 0.4578125 0.0546875 0.05
0 0.66953125 0.49765625 0.0484375 0.046875
0 0.62734375 0.48984375 0.0484375 0.0453125
0 0.0484375 0.3578125 0.0484375 0.0453125
0 0.09140625 0.3671875 0.0484375 0.046875
0 0.1828125 0.37109375 0.0484375 0.0453125
0 0.228125 0.375 0.046875 0.046875
0 0.265625 0.38984375 0.0421875 0.0453125
0 0.31640625 0.38984375 0.0484375 0.046875
0 0.36171875 0.39453125 0.04375 0.0453125
0 0.40390625 0.403125 0.05 0.0484375
0 0.44765625 0.40625 0.046875 0.046875
0 0.49296875 0.4078125 0.0484375 0.0453125
0 0.53984375 0.41328125 0.046875 0.0453125
0 0.5625 0.44921875 0.046875 0.046875
0 0.5796875 0.490625 0.0484375 0.046875
0 0.6015625 0.46015625 0.04375 0.0453125
0 0.515625 0.44609375 0.05 0.05
0 0.46640625 0.4453125 0.0484375 0.0484375
0 0.42109375 0.4421875 0.0484375 0.046875
0 0.028125 0.390625 0.040625 0.04375
0 0.065625 0.40234375 0.04375 0.0453125
0 0.1375 0.36953125 0.0515625 0.05
0 0.11015625 0.4046875 0.0484375 0.0484375
0 0.15390625 0.409375 0.0484375 0.046875
0 0.2078125 0.409375 0.0484375 0.046875
0 0.23984375 0.43046875 0.0453125 0.04375
0 0.28515625 0.428125 0.0484375 0.046875
0 0.33515625 0.4296875 0.046875 0.0484375
0 0.37890625 0.4359375 0.046875 0.0484375
0 0.0140625 0.42578125 0.0234375 0.04375
0 0.04375 0.4296875 0.046875 0.0453125
0 0.084375 0.4390625 0.046875 0.046875
0 0.12890625 0.44296875 0.05 0.0484375
0 0.18203125 0.44140625 0.05 0.0484375
0 0.21953125 0.4546875 0.0453125 0.04375
0 0.2625 0.46171875 0.0484375 0.0453125
0 0.30625 0.46640625 0.046875 0.04375
0 0.346875 0.4765625 0.0484375 0.0453125
0 0.39296875 0.4765625 0.046875 0.046875
0 0.43984375 0.48046875 0.0484375 0.046875
0 0.48203125 0.4859375 0.0453125 0.04375
0 0.5234375 0.49375 0.05 0.0453125
0 0.64140625 0.534375 0.05 0.0484375
0 0.61875 0.56953125 0.05 0.046875
0 0.59296875 0.60390625 0.05 0.0484375
0 0.02109375 0.46484375 0.0421875 0.0484375
0 0.06171875 0.47265625 0.0484375 0.0453125
0 0.10625 0.48046875 0.046875 0.0453125
0 0.15390625 0.48203125 0.05 0.0484375
0 0.19453125 0.4890625 0.046875 0.0484375
0 0.2390625 0.49296875 0.05 0.0484375
0 0.28671875 0.496875 0.0484375 0.0484375
0 0.3296875 0.50625 0.046875 0.046875
0 0.36953125 0.5125 0.046875 0.0484375
0 0.41171875 0.51953125 0.046875 0.0453125
0 0.465625 0.515625 0.046875 0.0484375
0 0.50703125 0.5234375 0.0484375 0.046875
0 0.55 0.528125 0.0484375 0.046875
0 0.59140625 0.540625 0.05 0.0484375
0 0.57109375 0.56796875 0.05 0.0453125
0 0.528125 0.56015625 0.05 0.0515625
0 0.4765625 0.5609375 0.05 0.0484375
0 0.43125 0.55625 0.05 0.0453125
0 0.0328125 0.50859375 0.0453125 0.0453125
0 0.0734375 0.51640625 0.0484375 0.046875
0 0.11796875 0.52578125 0.0484375 0.046875
0 0.16328125 0.52734375 0.0515625 0.0453125
0 0.21015625 0.53125 0.046875 0.046875
0 0.253125 0.53671875 0.046875 0.046875
0 0.29921875 0.540625 0.0484375 0.046875
0 0.34296875 0.54765625 0.0484375 0.0453125
0 0.38671875 0.5515625 0.0484375 0.0484375
0 0.4984375 0.5984375 0.05 0.046875
0 0.55 0.59765625 0.046875 0.0453125
0 0.56328125 0.64296875 0.046875 0.0484375
0 0.5265625 0.6296875 0.0453125 0.0421875
0 0.47578125 0.6328125 0.0515625 0.046875
0 0.44609375 0.59921875 0.0484375 0.04375
0 0.4015625 0.5953125 0.0484375 0.0484375
0 0.36015625 0.58828125 0.0453125 0.04375
0 0.3203125 0.58125 0.04375 0.0453125
0 0.0125 0.54609375 0.025 0.0453125
0 0.05390625 0.5453125 0.046875 0.046875
0 0.071875 0.58515625 0.0484375 0.05
1 0.09296875 0.5609375 0.04375 0.0453125
0 0.14453125 0.56015625 0.0421875 0.04375
0 0.1828125 0.56484375 0.046875 0.0453125
0 0.2296875 0.57109375 0.040625 0.0421875
0 0.27421875 0.57734375 0.046875 0.046875
0 0.29296875 0.6171875 0.046875 0.046875
0 0.2515625 0.6109375 0.046875 0.046875
0 0.20390625 0.603125 0.046875 0.0484375
0 0.02578125 0.58046875 0.05 0.0484375
0 0.1140625 0.59375 0.05 0.046875
0 0.1609375 0.59765625 0.046875 0.046875
0 0.3390625 0.621875 0.046875 0.046875
0 0.37890625 0.628125 0.0453125 0.0453125
0 0.4203125 0.63515625 0.0453125 0.046875
0 0.44765625 0.66640625 0.0484375 0.046875
0 0.4890625 0.6796875 0.0484375 0.046875
0 0.5390625 0.6765625 0.0484375 0.0453125
0 0.51171875 0.7140625 0.046875 0.0453125
0 0.46953125 0.71015625 0.0484375 0.046875
0 0.48046875 0.75625 0.046875 0.0484375
0 0.4015625 0.66796875 0.05 0.05
0 0.41875 0.709375 0.046875 0.046875
0 0.4375 0.7515625 0.046875 0.0484375
0 0.45546875 0.78984375 0.0484375 0.0453125
0 0.009375 0.61796875 0.01875 0.0453125
0 0.04140625 0.62265625 0.04375 0.040625
0 0.08515625 0.63515625 0.0421875 0.0421875
0 0.13359375 0.634375 0.046875 0.04375
0 0.1734375 0.64296875 0.0453125 0.0453125
0 0.2234375 0.6421875 0.0453125 0.0453125
0 0.30859375 0.659375 0.0484375 0.0453125
0 0.265625 0.6515625 0.046875 0.0421875
0 0.35546875 0.6625 0.0484375 0.046875
0 0.3734375 0.703125 0.0484375 0.046875
0 0.3921875 0.74296875 0.05 0.05
0 0.32734375 0.69765625 0.05 0.0453125
0 0.284375 0.69140625 0.0453125 0.046875
0 0.23984375 0.68671875 0.05 0.046875
0 0.01953125 0.6578125 0.0390625 0.046875
0 0.06171875 0.66015625 0.0453125 0.046875
0 0.109375 0.66640625 0.046875 0.046875
0 0.15 0.675 0.046875 0.046875
0 0.190625 0.68515625 0.0453125 0.046875
0 0.34609375 0.73984375 0.046875 0.0484375
0 0.30078125 0.73515625 0.0484375 0.0453125
0 0.31875 0.77734375 0.0484375 0.046875
0 0.3609375 0.784375 0.046875 0.0453125
0 0.41015625 0.78671875 0.0515625 0.0484375
0 0.42890625 0.82734375 0.0484375 0.046875
0 0.25546875 0.72890625 0.0484375 0.046875
0 0.2734375 0.7734375 0.05 0.05
0 0.00625 0.696875 0.0125 0.046875
0 0.03125 0.7046875 0.046875 0.04375
0 0.08203125 0.7046875 0.0484375 0.046875
0 0.1296875 0.7078125 0.046875 0.0453125
0 0.16796875 0.71796875 0.04375 0.046875
0 0.21171875 0.72265625 0.0484375 0.0484375
0 0.2296875 0.7625 0.05 0.05
0 0.1875 0.75703125 0.0484375 0.0484375
0 0.14140625 0.75546875 0.0515625 0.0484375
0 0.096875 0.74765625 0.05 0.05
0 0.04765625 0.74453125 0.046875 0.046875
0 0.01484375 0.7359375 0.0296875 0.046875
0 0.0265625 0.7765625 0.0484375 0.05
0 0.07421875 0.7828125 0.0484375 0.0484375
0 0.11640625 0.79140625 0.046875 0.046875
0 0.159375 0.79765625 0.0484375 0.0484375
0 0.203125 0.79921875 0.046875 0.046875
0 0.25078125 0.80234375 0.046875 0.046875
0 0.29375 0.8109375 0.0453125 0.046875
0 0.33671875 0.81796875 0.0484375 0.0484375
0 0.3796875 0.82421875 0.0484375 0.0484375
0 0.01015625 0.8125 0.0203125 0.046875
0 0.04140625 0.821875 0.0515625 0.0484375
0 0.0875 0.82734375 0.0484375 0.0484375
0 0.13046875 0.834375 0.0484375 0.0484375
0 0.1796875 0.8375 0.0453125 0.0484375
0 0.2234375 0.840625 0.046875 0.0484375
0 0.26875 0.84375 0.0484375 0.046875
0 0.3125 0.85078125 0.046875 0.0484375
0 0.35546875 0.86015625 0.046875 0.0453125
0 0.39921875 0.86484375 0.046875 0.0484375
0 0.3734375 0.89921875 0.0484375 0.0484375
0 0.3484375 0.93125 0.0484375 0.0453125
0 0.32421875 0.9625 0.0484375 0.0375
0 0.01953125 0.85546875 0.0390625 0.0484375
0 0.0609375 0.8625 0.0484375 0.046875
0 0.10703125 0.865625 0.0484375 0.0484375
0 0.15078125 0.87421875 0.0484375 0.0484375
0 0.196875 0.87890625 0.05 0.0515625
0 0.2390625 0.88515625 0.046875 0.046875
0 0.2859375 0.88984375 0.0484375 0.0484375
0 0.32890625 0.89453125 0.05 0.0484375
0 0.03359375 0.89453125 0.046875 0.05
0 0.07890625 0.90078125 0.0484375 0.046875
0 0.1203125 0.91015625 0.0484375 0.046875
0 0.16875 0.9140625 0.05 0.05
0 0.215625 0.91953125 0.0484375 0.046875
0 0.25859375 0.9234375 0.046875 0.046875
0 0.30234375 0.9296875 0.046875 0.046875
0 0.05859375 0.925 0.046875 0.028125
0 0.103125 0.93203125 0.0453125 0.028125
0 0.14609375 0.9390625 0.04375 0.028125
0 0.190625 0.94453125 0.04375 0.03125
0 0.23359375 0.95234375 0.0453125 0.0296875
0 0.2765625 0.95859375 0.04375 0.0296875