1 0.52890625 0.984375 0.0953125 0.03125
1 0.4984375 0.7984375 0.1609375 0.1140625
2 0.34765625 0.82578125 0.096875 0.0953125
1 0.15390625 0.80234375 0.096875 0.09375
1 0.4421875 0.4953125 0.0625 0.0609375
0 0.021875 0.90859375 0.04375 0.0359375
0 0.06328125 0.91640625 0.053125 0.0359375
0 0.1125 0.92421875 0.053125 0.0375
0 0.1609375 0.9296875 0.0515625 0.04375
0 0.209375 0.9375 0.0578125 0.0453125
0 0.25859375 0.94453125 0.0515625 0.0484375
0 0.3046875 0.9515625 0.0546875 0.05
0 0.3546875 0.959375 0.0578125 0.053125
0 0.403125 0.96484375 0.053125 0.0546875
0 0.45390625 0.9671875 0.05625 0.0546875
0 0.50390625 0.97265625 0.0609375 0.0546875
0 0.55625 0.97578125 0.05625 0.0484375
0 0.6046875 0.98125 0.05625 0.0375
0 0.6546875 0.98125 0.05625 0.0375
0 0.703125 0.98671875 0.053125 0.0265625
0 0.7515625 0.9890625 0.05625 0.021875
0 0.7984375 0.99453125 0.05625 0.0109375
0 0.01171875 0.87421875 0.0234375 0.0546875
0 0.04609375 0.88046875 0.05625 0.0546875
0 0.09140625 0.8875 0.0515625 0.0546875
0 0.140625 0.89140625 0.05625 0.0546875
0 0.02578125 0.83515625 0.0515625 0.0546875
0 0.07421875 0.84140625 0.0578125 0.05625
0 0.121875 0.84765625 0.0546875 0.0546875
0 0.015625 0.78984375 0.03125 0.0546875
0 0.05390625 0.7953125 0.0859375 0.084375
0 0.1015625 0.7984375 0.05625 0.053125
0 0.00625 0.7453125 0.0125 0.05625
0 0.0359375 0.75078125 0.05625 0.053125
0 0.08515625 0.75390625 0.05625 0.0546875
0 0.13359375 0.7609375 0.053125 0.0546875
0 0.02265625 0.70625 0.0453125 0.053125
0 0.06484375 0.7046875 0.078125 0.0796875
0 0.11484375 0.715625 0.053125 0.05625
0 0.1625 0.72109375 0.0546875 0.053125
0 0.01953125 0.65703125 0.0390625 0.0796875
0 0.0421875 0.66328125 0.0546875 0.0546875
0 0.0953125 0.66875 0.0578125 0.0546875
0 0.14453125 0.67421875 0.0578125 0.0546875
0 0.02734375 0.61953125 0.053125 0.053125
0 0.07421875 0.6265625 0.0546875 0.05625
0 0.12421875 0.63125 0.05625 0.0578125
0 0.17109375 0.6375 0.053125 0.0546875
0 0.18984375 0.896875 0.05625 0.05625
0 0.23984375 0.9046875 0.0546875 0.05625
0 0.28828125 0.909375 0.053125 0.05625
0 0.3375 0.91328125 0.0546875 0.0578125
0 0.38671875 0.9171875 0.08125 0.084375
0 0.434375 0.92578125 0.0546875 0.053125
0 0.4828125 0.92890625 0.0546875 0.053125
0 0.534375 0.93515625 0.0578125 0.05625
0 0.58515625 0.94296875 0.05625 0.0578125
0 0.63984375 0.94453125 0.0828125 0.090625
0 0.684375 0.95625 0.053125 0.053125
0 0.73125 0.96171875 0.0546875 0.0578125
0 0.784375 0.9671875 0.05625 0.0578125
0 0.8328125 0.97265625 0.05625 0.0546875
0 0.171875 0.85078125 0.05625 0.053125
0 0.21875 0.85625 0.0546875 0.05625
0 0.26796875 0.86328125 0.0578125 0.053125
0 0.315625 0.8703125 0.05625 0.0546875
0 0.365625 0.8734375 0.0578125 0.05625
0 0.41484375 0.878125 0.0546875 0.0578125
0 0.46484375 0.88359375 0.0546875 0.0546875
0 0.5140625 0.88984375 0.05625 0.05625
0 0.56796875 0.8984375 0.0546875 0.0546875
0 0.61875 0.903125 0.0546875 0.05625
0 0.6671875 0.909375 0.05625 0.0578125
0 0.71640625 0.915625 0.0578125 0.05625
0 0.76328125 0.921875 0.053125 0.05625
0 0.8109375 0.93046875 0.05625 0.05625
0 0.1984375 0.8140625 0.0546875 0.0546875
0 0.2484375 0.81953125 0.053125 0.0546875
0 0.296875 0.82578125 0.05625 0.053125
0 0.3953125 0.83203125 0.05625 0.0578125
0 0.44375 0.83984375 0.0546875 0.0546875
0 0.49140625 0.84453125 0.05625 0.0578125
0 0.54765625 0.84921875 0.05625 0.0546875
0 0.5984375 0.85625 0.0546875 0.05625
0 0.64765625 0.8640625 0.0578125 0.05625
0 0.69609375 0.87109375 0.0546875 0.053125
0 0.74453125 0.87421875 0.05625 0.0578125
0 0.79375 0.88359375 0.059375 0.0578125
0 0.8421875 0.88828125 0.0578125 0.053125
0 0.1828125 0.76640625 0.053125 0.05625
0 0.22890625 0.7734375 0.053125 0.053125
0 0.27734375 0.78046875 0.0578125 0.059375
0 0.3265625 0.78359375 0.0546875 0.0515625
0 0.375 0.78671875 0.053125 0.053125
0 0.42421875 0.79375 0.0546875 0.053125
0 0.5796875 0.8109375 0.05625 0.0546875
0 0.628125 0.815625 0.0546875 0.053125
0 0.67578125 0.8234375 0.05625 0.05625
0 0.72265625 0.83203125 0.05625 0.0578125
0 0.77109375 0.8359375 0.0546875 0.0546875
0 0.8203125 0.8421875 0.0578125 0.05625
0 0.209375 0.72734375 0.059375 0.05625
0 0.25859375 0.7328125 0.053125 0.0546875
0 0.30390625 0.73984375 0.0546875 0.053125
0 0.35546875 0.740625 0.053125 0.0546875
0 0.4046875 0.74296875 0.0875 0.0796875
0 0.453125 0.75390625 0.053125 0.053125
0 0.50859375 0.75625 0.0578125 0.053125
0 0.55625 0.771875 0.053125 0.05625
0 0.60390625 0.7734375 0.0546875 0.053125
0 0.653125 0.77734375 0.0515625 0.053125
0 0.7 0.78515625 0.059375 0.059375
0 0.74921875 0.790625 0.05625 0.05625
0 0.79921875 0.79921875 0.0578125 0.05625
0 0.846875 0.80546875 0.0546875 0.053125
0 0.1921875 0.68125 0.0546875 0.0515625
0 0.23984375 0.6890625 0.059375 0.059375
0 0.28828125 0.69375 0.053125 0.0546875
0 0.334375 0.7 0.0546875 0.05625
0 0.3859375 0.70390625 0.05625 0.059375
0 0.434375 0.71015625 0.0515625 0.053125
0 0.48828125 0.71171875 0.0578125 0.05625
0 0.5359375 0.7203125 0.0578125 0.0546875
0 0.58515625 0.725 0.05625 0.05625
0 0.63359375 0.73515625 0.05625 0.05625
0 0.68359375 0.7375 0.05625 0.05625
0 0.73046875 0.7453125 0.053125 0.0546875
0 0.7796875 0.75234375 0.05625 0.05625
0 0.82890625 0.75703125 0.053125 0.0546875
0 0.878125 0.765625 0.059375 0.0578125
0 0.2171875 0.64453125 0.0546875 0.0546875
0 0.265625 0.646875 0.05625 0.0546875
0 0.315625 0.64921875 0.0578125 0.0578125
0 0.36484375 0.6578125 0.0546875 0.0546875
0 0.41484375 0.6609375 0.05625 0.053125
0 0.46328125 0.67109375 0.0546875 0.053125
0 0.5140625 0.675 0.0546875 0.0515625
0 0.565625 0.684375 0.0578125 0.05625
0 0.61640625 0.6890625 0.05625 0.0546875
0 0.665625 0.69296875 0.0546875 0.0515625
0 0.71328125 0.69921875 0.053125 0.0515625
0 0.76328125 0.703125 0.053125 0.0546875
0 0.8109375 0.7125 0.0578125 0.05625
0 0.859375 0.71953125 0.053125 0.05625
0 0.88203125 0.975 0.0546875 0.05
0 0.85859375 0.93515625 0.0546875 0.0546875
0 0.90625 0.940625 0.0546875 0.05625
0 0.8921875 0.89609375 0.05625 0.05625
0 0.92578125 0.8984375 0.03125 0.0515625
0 0.8671875 0.8515625 0.053125 0.0546875
0 0.91484375 0.85703125 0.0578125 0.059375
0 0.896875 0.809375 0.053125 0.053125
0 0.9359375 0.8125 0.040625 0.053125
0 0.9265625 0.76875 0.053125 0.053125
0 0.909375 0.7203125 0.0546875 0.05625
0 0.95 0.72421875 0.04375 0.053125
0 0.01640625 0.5734375 0.0328125 0.053125
0 0.05546875 0.58046875 0.0578125 0.05625
0 0.1046875 0.5859375 0.05625 0.05625
0 0.15390625 0.59140625 0.0578125 0.05625
0 0.20078125 0.6 0.0578125 0.0546875
0 0.00703125 0.5296875 0.0140625 0.053125
0 0.0359375 0.5359375 0.0578125 0.05625
0 0.08671875 0.53984375 0.05625 0.0546875
0 0.134375 0.54609375 0.053125 0.0546875
0 0.18046875 0.5515625 0.0546875 0.053125
0 0.2296875 0.56015625 0.0546875 0.05625
0 0.021875 0.48984375 0.04375 0.0515625
0 0.0671875 0.4953125 0.0546875 0.0546875
0 0.11640625 0.50234375 0.059375 0.05625
0 0.16328125 0.5046875 0.0546875 0.05625
0 0.2109375 0.51328125 0.05625 0.0546875
0 0.01171875 0.4484375 0.0234375 0.046875
0 0.04609375 0.45078125 0.05625 0.053125
0 0.0953125 0.459375 0.053125 0.0546875
0 0.14375 0.4609375 0.05625 0.053125
0 0.1921875 0.4671875 0.053125 0.0546875
0 0.24140625 0.471875 0.05625 0.053125
0 0.03046875 0.40546875 0.05 0.053125
0 0.078125 0.41484375 0.053125 0.0515625
0 0.125 0.41796875 0.0515625 0.053125
0 0.17265625 0.42265625 0.05625 0.0546875
0 0.221875 0.428125 0.0546875 0.05625
0 0.27109375 0.43125 0.0578125 0.05625
0 0.02578125 0.36484375 0.0265625 0.0484375
0 0.059375 0.3703125 0.0578125 0.05625
0 0.1078125 0.37578125 0.0546875 0.0546875
0 0.15625 0.37578125 0.053125 0.0578125
0 0.2046875 0.38203125 0.053125 0.0546875
0 0.25078125 0.3921875 0.0546875 0.0515625
0 0.04453125 0.32265625 0.05 0.0546875
0 0.09140625 0.3265625 0.053125 0.053125
0 0.13828125 0.33203125 0.053125 0.053125
0 0.18515625 0.33671875 0.0578125 0.053125
0 0.2328125 0.34609375 0.053125 0.05
0 0.06796875 0.28671875 0.0546875 0.053125
0 0.1171875 0.28984375 0.0546875 0.053125
0 0.16640625 0.29609375 0.0546875 0.053125
0 0.2125 0.30234375 0.053125 0.0515625
0 0.2625 0.30234375 0.05625 0.05625
0 0.25 0.5984375 0.0546875 0.0546875
0 0.2984375 0.6046875 0.0546875 0.053125
0 0.346875 0.6125 0.0546875 0.053125
0 0.3953125 0.61796875 0.0578125 0.0546875
0 0.45 0.6234375 0.0546875 0.0546875
0 0.496875 0.6296875 0.0546875 0.0546875
0 0.54609375 0.63671875 0.0578125 0.05625
0 0.59765625 0.6421875 0.0578125 0.05625
0 0.64609375 0.6484375 0.05 0.05
0 0.6953125 0.65625 0.0578125 0.05625
0 0.74375 0.65625 0.053125 0.053125
0 0.79375 0.665625 0.059375 0.0578125
0 0.84375 0.67265625 0.053125 0.05625
0 0.89140625 0.67421875 0.0515625 0.05625
0 0.2796875 0.56328125 0.05625 0.0578125
0 0.3265625 0.56875 0.053125 0.0515625
0 0.3765625 0.57421875 0.05625 0.053125
0 0.42578125 0.57734375 0.0546875 0.053125
0 0.47890625 0.58515625 0.0578125 0.0546875
0 0.52890625 0.59140625 0.0609375 0.0609375
0 0.5796875 0.596875 0.0546875 0.0546875
0 0.6296875 0.6015625 0.05625 0.05625
0 0.6734375 0.6125 0.0546875 0.05625
0 0.725 0.6109375 0.0546875 0.0546875
0 0.7734375 0.6171875 0.05625 0.0546875
0 0.82265625 0.6234375 0.0578125 0.05625
0 0.87265625 0.628125 0.0546875 0.05625
0 0.259375 0.51953125 0.0546875 0.05625
0 0.30859375 0.5234375 0.0546875 0.053125
0 0.35625 0.53046875 0.0578125 0.05625
0 0.40546875 0.5328125 0.053125 0.053125
0 0.459375 0.54140625 0.05625 0.05625
0 0.5078125 0.54609375 0.0546875 0.0546875
0 0.5578125 0.55234375 0.05625 0.05625
0 0.6078125 0.5578125 0.0546875 0.053125
0 0.6546875 0.56171875 0.0515625 0.0546875
0 0.7015625 0.57265625 0.05625 0.0546875
0 0.7546875 0.5734375 0.05625 0.05625
0 0.803125 0.57890625 0.0578125 0.0546875
0 0.8515625 0.58359375 0.0546875 0.05625
0 0.90078125 0.590625 0.0578125 0.0578125
0 0.2890625 0.47578125 0.053125 0.0515625
0 0.33828125 0.4828125 0.05625 0.0546875
0 0.38671875 0.4875 0.053125 0.0546875
0 0.48984375 0.49921875 0.053125 0.053125
0 0.5375 0.50703125 0.05625 0.053125
0 0.58515625 0.5140625 0.053125 0.0546875
0 0.634375 0.51875 0.0578125 0.05625
0 0.68671875 0.52421875 0.05625 0.05625
0 0.734375 0.53203125 0.0546875 0.059375
0 0.78359375 0.5328125 0.0546875 0.053125
0 0.8328125 0.53984375 0.0578125 0.05625
0 0.88203125 0.5421875 0.053125 0.053125
0 0.3234375 0.43671875 0.05625 0.053125
0 0.3703125 0.4453125 0.05625 0.053125
0 0.4203125 0.45 0.0546875 0.0546875
0 0.46796875 0.45703125 0.059375 0.0546875
0 0.51953125 0.46171875 0.0578125 0.0546875
0 0.56796875 0.46875 0.05625 0.053125
0 0.61640625 0.47265625 0.05625 0.05625
0 0.665625 0.47890625 0.0578125 0.05625
0 0.71640625 0.48359375 0.0546875 0.0546875
0 0.76328125 0.4921875 0.05625 0.05625
0 0.815625 0.49375 0.0546875 0.053125
0 0.86171875 0.503125 0.05625 0.05625
0 0.91015625 0.50625 0.0546875 0.0546875
0 0.29921875 0.39296875 0.059375 0.05625
0 0.3484375 0.39921875 0.05625 0.0546875
0 0.40078125 0.40625 0.05625 0.05625
0 0.45 0.41484375 0.0578125 0.053125
0 0.49921875 0.41640625 0.0546875 0.0546875
0 0.54765625 0.42265625 0.0546875 0.0515625
0 0.59765625 0.428125 0.0578125 0.0546875
0 0.64765625 0.4328125 0.0515625 0.0515625
0 0.69453125 0.4390625 0.05625 0.053125
0 0.74453125 0.4453125 0.0578125 0.053125
0 0.79375 0.45 0.0546875 0.0546875
0 0.84140625 0.45625 0.05625 0.053125
0 0.8921875 0.459375 0.0546875 0.0515625
0 0.28203125 0.35 0.05625 0.05625
0 0.33046875 0.359375 0.05625 0.0546875
0 0.3796875 0.36015625 0.0578125 0.0546875
0 0.4296875 0.36640625 0.0578125 0.0546875
0 0.47890625 0.3765625 0.05625 0.0546875
0 0.528125 0.37890625 0.0578125 0.053125
0 0.57890625 0.384375 0.0578125 0.05625
0 0.62734375 0.390625 0.0546875 0.0546875
0 0.67890625 0.3953125 0.0578125 0.0546875
0 0.73046875 0.396875 0.0578125 0.053125
0 0.77734375 0.40234375 0.0515625 0.05
0 0.821875 0.4140625 0.053125 0.0515625
0 0.86953125 0.41796875 0.059375 0.0578125
0 0.3140625 0.309375 0.05625 0.0609375
0 0.3609375 0.32265625 0.0546875 0.0546875
0 0.4109375 0.321875 0.0578125 0.05625
0 0.45859375 0.3296875 0.0546875 0.0546875
0 0.509375 0.3328125 0.0546875 0.05
0 0.55859375 0.33515625 0.0578125 0.05625
0 0.6078125 0.3421875 0.053125 0.053125
0 0.65390625 0.34921875 0.0578125 0.0546875
0 0.70390625 0.35234375 0.0578125 0.05625
0 0.7546875 0.3578125 0.0578125 0.0546875
0 0.80390625 0.3625 0.05625 0.0546875
0 0.8515625 0.36953125 0.059375 0.05625
0 0.903125 0.37265625 0.05625 0.053125
0 0.93828125 0.68203125 0.05625 0.0546875
0 0.921875 0.63515625 0.053125 0.05625
0 0.96328125 0.64296875 0.0453125 0.0515625
0 0.95 0.59453125 0.0578125 0.0578125
0 0.92890625 0.54921875 0.05625 0.0578125
0 0.97421875 0.55859375 0.0515625 0.0546875
0 0.9578125 0.5109375 0.0546875 0.05625
0 0.9875 0.51484375 0.025 0.0546875
0 0.93984375 0.465625 0.053125 0.0546875
0 0.97890625 0.4671875 0.0421875 0.05625
0 0.921875 0.421875 0.059375 0.0578125
0 0.97109375 0.4234375 0.0546875 0.053125
0 0.9953125 0.4296875 0.009375 0.05
0 0.9484375 0.38515625 0.053125 0.053125
0 0.98515625 0.3890625 0.0296875 0.053125
0 0.05625 0.24296875 0.0453125 0.0546875
0 0.0984375 0.2484375 0.053125 0.0546875
0 0.14765625 0.253125 0.05625 0.053125
0 0.19609375 0.2609375 0.053125 0.0546875
0 0.24296875 0.2640625 0.05625 0.0546875
0 0.29296875 0.2703125 0.0546875 0.053125
0 0.08125 0.20390625 0.0546875 0.05625
0 0.12734375 0.20625 0.053125 0.0546875
0 0.175 0.2140625 0.05625 0.0546875
0 0.2234375 0.21875 0.05625 0.0578125
0 0.27265625 0.2234375 0.05625 0.05625
0 0.321875 0.22734375 0.0578125 0.0546875
0 0.0703125 0.1578125 0.0421875 0.053125
0 0.109375 0.16015625 0.0546875 0.053125
0 0.15703125 0.16875 0.0578125 0.0546875
0 0.20625 0.17421875 0.0546875 0.0546875
0 0.25390625 0.1765625 0.0546875 0.053125
0 0.303125 0.1828125 0.0578125 0.059375
0 0.0921875 0.11328125 0.0546875 0.0546875
0 0.140625 0.1234375 0.05625 0.0546875
0 0.1890625 0.128125 0.053125 0.05
0 0.23671875 0.13125 0.053125 0.053125
0 0.284375 0.14140625 0.053125 0.0546875
0 0.3328125 0.14453125 0.0578125 0.05625
0 0.0796875 0.07734375 0.0328125 0.05
0 0.1203125 0.08046875 0.0578125 0.053125
0 0.16953125 0.08125 0.053125 0.0546875
0 0.21796875 0.0828125 0.0578125 0.0546875
0 0.26640625 0.0953125 0.0546875 0.0546875
0 0.31640625 0.0984375 0.0546875 0.053125
0 0.1 0.034375 0.0578125 0.0546875
0 0.15078125 0.03671875 0.0546875 0.05625
0 0.1984375 0.0421875 0.053125 0.05625
0 0.24609375 0.0515625 0.05625 0.0546875
0 0.29453125 0.0578125 0.05625 0.053125
0 0.34296875 0.06796875 0.0578125 0.05625
0 0.0921875 0.00703125 0.028125 0.0140625
0 0.1296875 0.0078125 0.05625 0.015625
0 0.18125 0.0109375 0.05625 0.021875
0 0.22734375 0.015625 0.0546875 0.03125
0 0.27421875 0.01953125 0.0578125 0.0390625
0 0.325 0.0234375 0.05625 0.046875
0 0.353125 0.0046875 0.05625 0.009375
0 0.34296875 0.27109375 0.0546875 0.0546875
0 0.38828125 0.2828125 0.053125 0.053125
0 0.44140625 0.290625 0.05 0.05
0 0.48828125 0.290625 0.053125 0.0578125
0 0.53671875 0.29609375 0.05625 0.0546875
0 0.5875 0.3015625 0.0546875 0.0515625
0 0.63515625 0.30703125 0.05625 0.053125
0 0.684375 0.31328125 0.05625 0.0515625
0 0.73203125 0.321875 0.05625 0.053125
0 0.78203125 0.321875 0.0546875 0.05625
0 0.83203125 0.33203125 0.0578125 0.05625
0 0.88046875 0.334375 0.053125 0.053125
0 0.93046875 0.34140625 0.0578125 0.0578125
0 0.9765625 0.34375 0.046875 0.05625
0 0.36953125 0.23125 0.053125 0.053125
0 0.415625 0.24296875 0.0578125 0.05625
0 0.4671875 0.25 0.0609375 0.0578125
0 0.51953125 0.2515625 0.05625 0.05625
0 0.56796875 0.25703125 0.05625 0.0546875
0 0.6171875 0.2625 0.053125 0.059375
0 0.66484375 0.2671875 0.0546875 0.053125
0 0.7140625 0.27109375 0.0609375 0.05625
0 0.7640625 0.2734375 0.05625 0.053125
0 0.8109375 0.28671875 0.05625 0.053125
0 0.865625 0.28203125 0.053125 0.05625
0 0.9109375 0.29375 0.05625 0.05625
0 0.9609375 0.29765625 0.05625 0.0546875
0 0.990625 0.303125 0.01875 0.05625
0 0.34921875 0.18828125 0.0546875 0.0546875
0 0.39765625 0.1984375 0.05625 0.053125
0 0.4484375 0.2 0.0578125 0.05625
0 0.49921875 0.2046875 0.0578125 0.0578125
0 0.546875 0.215625 0.05625 0.0578125
0 0.59609375 0.215625 0.0546875 0.05625
0 0.64296875 0.2234375 0.0578125 0.0546875
0 0.69296875 0.2296875 0.0546875 0.053125
0 0.74375 0.2296875 0.0578125 0.05625
0 0.79140625 0.2390625 0.05625 0.0546875
0 0.84296875 0.246875 0.059375 0.05625
0 0.8921875 0.24609375 0.05625 0.05625
0 0.94296875 0.25625 0.059375 0.059375
0 0.9828125 0.25546875 0.034375 0.0578125
0 0.38046875 0.153125 0.0578125 0.0578125
0 0.43046875 0.159375 0.0578125 0.0578125
0 0.47890625 0.159375 0.05625 0.0546875
0 0.52578125 0.17421875 0.0546875 0.05
0 0.57734375 0.17109375 0.0546875 0.053125
0 0.628125 0.17578125 0.0578125 0.0546875
0 0.67421875 0.18125 0.05625 0.053125
0 0.725 0.18828125 0.0578125 0.0546875
0 0.77421875 0.19375 0.059375 0.0546875
0 0.82265625 0.196875 0.053125 0.053125
0 0.87109375 0.20625 0.0578125 0.05625
0 0.9203125 0.20703125 0.0578125 0.05625
0 0.9734375 0.2109375 0.053125 0.05625
0 0.36171875 0.10546875 0.0515625 0.0546875
0 0.41015625 0.1109375 0.059375 0.0578125
0 0.45859375 0.115625 0.05625 0.0578125
0 0.50703125 0.12734375 0.0578125 0.0546875
0 0.55703125 0.12734375 0.0546875 0.05625
0 0.6046875 0.13671875 0.0515625 0.053125
0 0.65703125 0.13828125 0.0546875 0.053125
0 0.7046875 0.146875 0.0578125 0.05625
0 0.75390625 0.14921875 0.053125 0.053125
0 0.8015625 0.153125 0.05625 0.0546875
0 0.8515625 0.15859375 0.05625 0.05625
0 0.9 0.16953125 0.0578125 0.05625
0 0.95078125 0.17578125 0.0546875 0.053125
0 0.9859375 0.1734375 0.028125 0.053125
0 0.39140625 0.0703125 0.053125 0.053125
0 0.440625 0.07578125 0.0546875 0.0546875
0 0.48671875 0.0890625 0.053125 0.053125
0 0.5375 0.084375 0.053125 0.0546875
0 0.58671875 0.08828125 0.053125 0.0546875
0 0.63359375 0.09609375 0.05625 0.05625
0 0.68359375 0.103125 0.05625 0.0546875
0 0.734375 0.1046875 0.0578125 0.05625
0 0.7828125 0.109375 0.05625 0.05625
0 0.83203125 0.1125 0.05625 0.05625
0 0.8765625 0.125 0.0546875 0.053125
0 0.92890625 0.128125 0.05625 0.0578125
0 0.97578125 0.13203125 0.0484375 0.0578125
0 0.37109375 0.028125 0.053125 0.0546875
0 0.42109375 0.02890625 0.0578125 0.0578125
0 0.46875 0.0421875 0.0546875 0.0546875
0 0.5171875 0.0484375 0.0546875 0.05625
0 0.56796875 0.04765625 0.05625 0.05625
0 0.61484375 0.05703125 0.05625 0.053125
0 0.6671875 0.0609375 0.05625 0.053125
0 0.7140625 0.0609375 0.053125 0.0546875
0 0.7625 0.0671875 0.05625 0.053125
0 0.81328125 0.06953125 0.0546875 0.0515625
0 0.86015625 0.078125 0.0515625 0.0515625
0 0.9078125 0.08828125 0.05625 0.0546875
0 0.959375 0.090625 0.053125 0.0421875
0 0.990625 0.09765625 0.01875 0.0390625
0 0.40078125 0.00546875 0.0515625 0.0109375
0 0.44765625 0.009375 0.0546875 0.01875
0 0.496875 0.01484375 0.053125 0.0296875
0 0.5421875 0.0171875 0.05 0.034375
0 0.59296875 0.02109375 0.0515625 0.0328125
0 0.640625 0.03125 0.053125 0.0359375
0 0.68828125 0.034375 0.05 0.025