1 0.33203125 0.953125 0.2109375 0.09375
1 0.8703125 0.4125 0.215625 0.225
1 0.58515625 0.7984375 0.2421875 0.2203125
1 0.9109375 0.70546875 0.178125 0.2359375
1 0.80078125 0.5921875 0.2203125 0.215625
1 0.7125 0.88515625 0.215625 0.1875
1 0.5171875 0.92421875 0.2125 0.1515625
1 0.45546875 0.675 0.21875 0.2125
1 0.38359375 0.846875 0.228125 0.2203125
1 0.93359375 0.52734375 0.1328125 0.2046875
1 0.2078125 0.8953125 0.253125 0.209375
1 0.16171875 0.97578125 0.1578125 0.0484375
1 0.7640625 0.73984375 0.203125 0.215625
1 0.3140625 0.5859375 0.21875 0.2171875
1 0.49609375 0.52578125 0.2453125 0.23125
1 0.89296875 0.8578125 0.19375 0.178125
1 0.12890625 0.59453125 0.2453125 0.2421875
1 0.27265625 0.72421875 0.2234375 0.2171875
1 0.69140625 0.4453125 0.23125 0.1984375
1 0.11875 0.7578125 0.1796875 0.18125
1 0.6375 0.6078125 0.21875 0.2171875
1 0.97265625 0.81875 0.0546875 0.190625
1 0.103125 0.91171875 0.09375 0.1765625
1 0.040625 0.65703125 0.0734375 0.19375
1 0.990625 0.665625 0.01875 0.2125