0 0.746875 0.1546875 0.175 0.1640625
0 0.79765625 0.4703125 0.1640625 0.1546875
0 0.1578125 0.17265625 0.153125 0.1609375
0 0.63515625 0.65859375 0.153125 0.1390625
0 0.7171875 0.2859375 0.171875 0.159375
0 0.7109375 0.75 0.15625 0.14375
0 0.90078125 0.2484375 0.1375 0.140625
0 0.2921875 0.128125 0.15 0.1453125
0 0.6984375 0.4046875 0.1640625 0.1453125
0 0.04140625 0.49296875 0.0828125 0.1328125
0 0.6390625 0.8484375 0.1609375 0.16875
0 0.078125 0.403125 0.146875 0.14375
0 0.5921875 0.19296875 0.1828125 0.1640625
0 0.1359375 0.953125 0.125 0.09375
0 0.1296875 0.296875 0.1578125 0.171875
0 0.2453125 0.78359375 0.15 0.1390625
0 0.753125 0.05078125 0.190625 0.1015625
0 0.0234375 0.303125 0.046875 0.134375
0 0.33671875 0.04609375 0.140625 0.0703125
0 0.31640625 0.53984375 0.146875 0.1484375
0 0.45390625 0.1 0.1859375 0.1734375
0 0.07109375 0.10078125 0.1421875 0.0796875
0 0.134375 0.70234375 0.140625 0.140625
0 0.87421875 0.02890625 0.0921875 0.0578125
0 0.66171875 0.53671875 0.1640625 0.1609375
0 0.24921875 0.36484375 0.1578125 0.15
0 0.2015625 0.0734375 0.1375 0.071875
0 0.19375 0.49296875 0.15 0.1359375
0 0.57109375 0.3171875 0.175 0.1703125
0 0.53828125 0.46953125 0.1609375 0.1375
0 0.284375 0.2515625 0.140625 0.1328125
0 0.3515625 0.87734375 0.15625 0.15625
0 0.79921875 0.63359375 0.146875 0.1296875
0 0.37890625 0.43125 0.1640625 0.1875
0 0.22109375 0.91015625 0.1453125 0.1390625
0 0.0515625 0.18984375 0.103125 0.1421875
0 0.5015625 0.85859375 0.146875 0.1390625
0 0.13515625 0.57734375 0.14375 0.134375
0 0.6109375 0.0640625 0.15 0.128125
0 0.39921875 0.63125 0.153125 0.1703125
0 0.04375 0.625 0.084375 0.1640625
0 0.8609375 0.35546875 0.16875 0.1671875
0 0.05703125 0.73671875 0.0609375 0.121875
0 0.3734375 0.75390625 0.1546875 0.1421875
0 0.42109375 0.32578125 0.1546875 0.14375
0 0.090625 0.8515625 0.0890625 0.1515625
0 0.25 0.6484375 0.1515625 0.165625
0 0.54765625 0.7375 0.15 0.14375
0 0.446875 0.21796875 0.146875 0.1296875
0 0.51484375 0.60234375 0.146875 0.1421875
0 0.53671875 0.95546875 0.1328125 0.0890625
0 0.40703125 0.96484375 0.1359375 0.0703125
0 0.27265625 0.9765625 0.1421875 0.046875