0 0.0078125 0.6203125 0.015625 0.05
0 0.0265625 0.57734375 0.053125 0.0765625
0 0.009375 0.5359375 0.01875 0.05
0 0.03828125 0.54140625 0.05 0.053125
0 0.021875 0.5 0.04375 0.053125
0 0.0640625 0.503125 0.0546875 0.053125
0 0.03671875 0.46640625 0.053125 0.0515625
0 0.08125 0.47578125 0.05 0.046875
0 0.0234375 0.42109375 0.0390625 0.05
0 0.06640625 0.4234375 0.053125 0.0515625
0 0.1046875 0.44375 0.05 0.05
0 0.04140625 0.38359375 0.05 0.0515625
0 0.090625 0.38515625 0.053125 0.05
0 0.13125 0.403125 0.0484375 0.0515625
0 0.03046875 0.34140625 0.0359375 0.0515625
0 0.06953125 0.3421875 0.0484375 0.0515625
0 0.1125 0.35546875 0.0484375 0.0515625
0 0.1578125 0.36171875 0.053125 0.0515625
0 0.046875 0.29921875 0.0515625 0.0515625
0 0.09765625 0.30234375 0.0546875 0.0515625
0 0.14609375 0.30546875 0.053125 0.053125
0 0.1953125 0.3078125 0.05625 0.05
0 0.0359375 0.265625 0.028125 0.0484375
0 0.07578125 0.26171875 0.053125 0.053125
0 0.1234375 0.26796875 0.0546875 0.0515625
0 0.1734375 0.2671875 0.05625 0.0546875
0 0.22421875 0.2671875 0.053125 0.0515625
0 0.0546875 0.21796875 0.0484375 0.05
0 0.09765625 0.225 0.0515625 0.05
0 0.1453125 0.228125 0.0515625 0.046875
0 0.196875 0.228125 0.05625 0.0515625
0 0.2484375 0.23125 0.0546875 0.05
0 0.06953125 0.18203125 0.053125 0.0515625
0 0.11796875 0.1890625 0.0484375 0.053125
0 0.1640625 0.19921875 0.05 0.0484375
0 0.22578125 0.18984375 0.053125 0.053125
0 0.2734375 0.190625 0.0515625 0.05
0 0.05703125 0.1421875 0.0375 0.046875
0 0.09765625 0.14296875 0.05 0.053125
0 0.13984375 0.1546875 0.0515625 0.0515625
0 0.196875 0.1546875 0.05625 0.0484375
0 0.24609375 0.153125 0.0484375 0.0484375
0 0.296875 0.16328125 0.0578125 0.0515625
0 0.06953125 0.1125 0.05 0.0515625
0 0.12578125 0.10625 0.0515625 0.0515625
0 0.1703125 0.1140625 0.0546875 0.05625
0 0.21953125 0.1203125 0.0515625 0.0484375
0 0.26796875 0.11796875 0.05625 0.0546875
0 0.32578125 0.11640625 0.0546875 0.053125