1 0.9109375 0.94296875 0.1375 0.1140625
1 0.746875 0.928125 0.196875 0.14375
1 0.5703125 0.915625 0.190625 0.16875
1 0.39375 0.9234375 0.2015625 0.153125
1 0.11328125 0.8375 0.196875 0.2015625
1 0.28359375 0.796875 0.2140625 0.203125
1 0.4640625 0.81171875 0.196875 0.1953125
1 0.68125 0.79375 0.1890625 0.215625
1 0.84609375 0.8015625 0.1734375 0.21875
1 0.9171875 0.66953125 0.1578125 0.2015625
1 0.7578125 0.6171875 0.1875 0.24375
1 0.57265625 0.64921875 0.215625 0.2296875
1 0.40390625 0.6390625 0.2 0.184375
1 0.20703125 0.65703125 0.19375 0.1765625
1 0.0625 0.68828125 0.125 0.1828125
1 0.11953125 0.50703125 0.203125 0.2078125
1 0.29453125 0.484375 0.1859375 0.2203125
1 0.46953125 0.484375 0.1984375 0.203125
1 0.64375 0.4859375 0.1734375 0.1828125
1 0.86171875 0.5046875 0.19375 0.1921875
1 0.925 0.36328125 0.15 0.1953125
1 0.76328125 0.38125 0.196875 0.1953125
1 0.56796875 0.340625 0.1953125 0.1734375
1 0.38125 0.34296875 0.2015625 0.1921875
1 0.19609375 0.3359375 0.1671875 0.184375
1 0.06640625 0.3765625 0.1296875 0.1875
1 0.10859375 0.20078125 0.196875 0.190625
1 0.29921875 0.21171875 0.1875 0.171875
1 0.48671875 0.19609375 0.215625 0.1890625
1 0.671875 0.2171875 0.1921875 0.1890625
1 0.8421875 0.2265625 0.1921875 0.1859375
1 0.9609375 0.20546875 0.078125 0.2046875
1 0.90703125 0.09375 0.1859375 0.15625
1 0.73515625 0.08203125 0.1734375 0.1484375
1 0.56484375 0.08125 0.1953125 0.1625
1 0.38671875 0.075 0.1765625 0.15
1 0.21015625 0.0734375 0.1921875 0.146875
1 0.07265625 0.07421875 0.1109375 0.1484375