0 0.98984375 0.87109375 0.0203125 0.0328125
0 0.55625 0.97578125 0.0625 0.0484375
0 0.5984375 0.95703125 0.0578125 0.0578125
0 0.64921875 0.95078125 0.0609375 0.05625
0 0.70078125 0.94140625 0.0578125 0.0546875
0 0.74296875 0.92265625 0.0578125 0.05625
0 0.7875 0.90625 0.05625 0.05625
0 0.83359375 0.89296875 0.0578125 0.0546875
0 0.88046875 0.87890625 0.059375 0.0546875
0 0.925 0.86171875 0.0578125 0.05625
0 0.97109375 0.84765625 0.0578125 0.0578125
0 0.99375 0.834375 0.0125 0.05625
0 0.5125 0.93984375 0.0609375 0.059375
0 0.55859375 0.9234375 0.05625 0.05625
0 0.615625 0.9125 0.059375 0.059375
0 0.6640625 0.90390625 0.0546875 0.05625
0 0.69921875 0.88046875 0.05625 0.0578125
0 0.75390625 0.8765625 0.0609375 0.0578125
0 0.8 0.86015625 0.05625 0.0578125
0 0.84453125 0.846875 0.0609375 0.059375
0 0.8890625 0.828125 0.0578125 0.0578125
0 0.9328125 0.80625 0.05625 0.059375
0 0.9765625 0.8 0.046875 0.059375