0 0.025 0.43125 0.05 0.071875
0 0.06875 0.26015625 0.0640625 0.0734375
0 0.0375 0.50390625 0.075 0.0765625
0 0.16796875 0.53984375 0.075 0.075
0 0.14609375 0.303125 0.078125 0.0765625
0 0.01640625 0.5578125 0.0328125 0.075
0 0.078125 0.45078125 0.0734375 0.075
0 0.0609375 0.56796875 0.0734375 0.0734375
0 0.0578125 0.378125 0.078125 0.0765625
0 0.4109375 0.01484375 0.075 0.0296875
0 0.0875 0.3234375 0.0765625 0.0765625
0 0.11640625 0.071875 0.071875 0.075
0 0.26328125 0.4453125 0.0765625 0.075
0 0.1265625 0.590625 0.075 0.0765625
0 0.15234375 0.028125 0.0765625 0.05625
0 0.21796875 0.49921875 0.0765625 0.0765625
0 0.3578125 0.35234375 0.0765625 0.075
0 0.03125 0.6921875 0.0625 0.075
0 0.10390625 0.51796875 0.0765625 0.0734375
0 0.1421875 0.46875 0.0765625 0.075
0 0.23515625 0.20390625 0.0796875 0.078125
0 0.21796875 0.3171875 0.0765625 0.075
0 0.17265625 0.36328125 0.078125 0.0765625
0 0.415625 0.17578125 0.078125 0.0765625
0 0.0265625 0.621875 0.053125 0.075
0 0.26171875 0.26484375 0.0765625 0.0734375
0 0.31015625 0.40390625 0.0765625 0.0765625
0 0.4359375 0.0578125 0.0796875 0.075
0 0.3328125 0.096875 0.08125 0.078125
0 0.18671875 0.08359375 0.08125 0.078125
0 0.10078125 0.18359375 0.078125 0.0765625
0 0.1203125 0.4046875 0.078125 0.0765625
0 0.5625 0.03359375 0.078125 0.0671875
0 0.23984375 0.38515625 0.0796875 0.0765625
0 0.19140625 0.25390625 0.0765625 0.075
0 0.36953125 0.03671875 0.0765625 0.0734375
0 0.14140625 0.1328125 0.078125 0.075
0 0.2859375 0.3359375 0.078125 0.078125
0 0.48046875 0.0234375 0.0765625 0.046875
0 0.215625 0.13984375 0.0765625 0.075
0 0.0078125 0.73203125 0.015625 0.0734375
0 0.6375 0.05703125 0.08125 0.078125
0 0.08203125 0.63359375 0.0703125 0.071875
0 0.17265625 0.19375 0.0734375 0.0765625
0 0.128125 0.24140625 0.075 0.0734375
0 0.35234375 0.16484375 0.075 0.0734375
0 0.309375 0.2171875 0.075 0.075
0 0.1953125 0.428125 0.0734375 0.071875
0 0.328125 0.2859375 0.0796875 0.0765625
0 0.39609375 0.1109375 0.078125 0.078125
0 0.4078125 0.3078125 0.0828125 0.078125
1 0.44140625 0.24453125 0.0765625 0.0671875
0 0.03828125 0.33046875 0.0375 0.0671875
1 0.37265625 0.2328125 0.071875 0.071875
1 0.2578125 0.08671875 0.075 0.06875
1 0.221875 0.03046875 0.078125 0.0609375
0 0.00625 0.4875 0.0125 0.065625
0 0.10390625 0.028125 0.0296875 0.05625
1 0.27734375 0.15078125 0.071875 0.071875
1 0.334375 0.0109375 0.071875 0.021875
1 0.2921875 0.03203125 0.075 0.0640625
1 0.578125 0.1046875 0.075 0.075
1 0.53515625 0.15234375 0.075 0.0703125
0 0.06171875 0.20390625 0.0265625 0.0625
1 0.49296875 0.20703125 0.071875 0.0734375
1 0.503125 0.07578125 0.0671875 0.0625
1 0.4671875 0.121875 0.059375 0.0640625