1 0.75 0.66953125 0.2203125 0.1875
1 0.19296875 0.91640625 0.2296875 0.1671875
1 0.40625 0.734375 0.2484375 0.215625
1 0.4796875 0.56015625 0.2234375 0.196875
1 0.909375 0.64140625 0.18125 0.2171875
1 0.79609375 0.91484375 0.2046875 0.1125
1 0.70390625 0.83828125 0.2125 0.16875
1 0.8890625 0.79140625 0.221875 0.2109375
1 0.51953125 0.8734375 0.228125 0.184375
1 0.159375 0.98515625 0.159375 0.0296875
1 0.81875 0.4859375 0.2453125 0.2203125
1 0.365625 0.88828125 0.203125 0.2140625
1 0.225 0.7515625 0.215625 0.190625
1 0.5765625 0.70234375 0.2109375 0.2140625
1 0.9359375 0.87890625 0.128125 0.1203125
1 0.30234375 0.584375 0.209375 0.19375
1 0.12578125 0.628125 0.240625 0.2125
1 0.096875 0.8015625 0.1296875 0.1890625
1 0.6578125 0.5234375 0.2359375 0.2171875
1 0.62734375 0.94609375 0.2046875 0.1078125
1 0.946875 0.48046875 0.10625 0.1984375
1 0.45546875 0.96484375 0.1984375 0.0703125
1 0.28828125 0.9859375 0.1859375 0.028125
1 0.98671875 0.74375 0.0265625 0.2125
1 0.0875 0.93046875 0.0625 0.1390625