0 0.96328125 0.93359375 0.0484375 0.0453125
0 0.99140625 0.9296875 0.0171875 0.04375
0 0.93203125 0.896875 0.0484375 0.0484375
0 0.97578125 0.89609375 0.0484375 0.0484375
0 0.94765625 0.8625 0.0515625 0.0484375
0 0.984375 0.84609375 0.03125 0.0515625
0 0.9203125 0.81328125 0.0515625 0.046875
0 0.965625 0.81328125 0.053125 0.053125
0 0.99296875 0.80625 0.0140625 0.05
0 0.9328125 0.778125 0.0515625 0.05
0 0.975 0.77421875 0.05 0.0515625
0 0.9078125 0.73828125 0.0546875 0.0515625
0 0.95234375 0.7328125 0.046875 0.0484375
0 0.98515625 0.7296875 0.0296875 0.05
0 0.8734375 0.70546875 0.053125 0.053125
0 0.91953125 0.703125 0.0484375 0.0515625
0 0.96875 0.69296875 0.0578125 0.053125
0 0.9953125 0.6890625 0.009375 0.05
0 0.934375 0.6625 0.05625 0.0484375
0 0.628125 0.97890625 0.053125 0.025
0 0.67890625 0.97109375 0.0515625 0.0296875
0 0.72734375 0.96328125 0.05 0.0359375
0 0.771875 0.95859375 0.0484375 0.0359375
0 0.81796875 0.9546875 0.0484375 0.034375
0 0.865625 0.946875 0.053125 0.0390625
0 0.9140625 0.9421875 0.0546875 0.0390625
0 0.27109375 0.9890625 0.0515625 0.021875
0 0.31640625 0.9875 0.0546875 0.025
0 0.365625 0.9828125 0.053125 0.034375
0 0.41015625 0.98203125 0.0484375 0.0359375
0 0.4578125 0.97890625 0.053125 0.0421875
0 0.503125 0.975 0.046875 0.05
0 0.5515625 0.96640625 0.059375 0.0515625
0 0.6 0.95625 0.0515625 0.053125
0 0.64765625 0.946875 0.0515625 0.0515625
0 0.6953125 0.93671875 0.0515625 0.05
0 0.7421875 0.9296875 0.05 0.0484375
0 0.7890625 0.9265625 0.05 0.05
0 0.8359375 0.91953125 0.053125 0.0515625
0 0.8859375 0.90546875 0.053125 0.0515625
0 0.2859375 0.96171875 0.0484375 0.0484375
0 0.3328125 0.95703125 0.0515625 0.05
0 0.38125 0.946875 0.05 0.0484375
0 0.42734375 0.940625 0.046875 0.046875
0 0.4734375 0.9390625 0.0515625 0.0515625
0 0.52265625 0.9328125 0.05 0.0484375
0 0.56796875 0.91875 0.05 0.046875
0 0.61484375 0.91328125 0.053125 0.05
0 0.6640625 0.90390625 0.053125 0.053125
0 0.7125 0.89296875 0.0515625 0.05
0 0.76015625 0.8875 0.0515625 0.0515625
0 0.80625 0.88203125 0.05 0.0546875
0 0.85390625 0.875 0.0546875 0.0515625
0 0.90234375 0.86953125 0.053125 0.053125
0 0.2546875 0.934375 0.0515625 0.0515625
0 0.30234375 0.91953125 0.05 0.05
0 0.3484375 0.9140625 0.05 0.05
0 0.396875 0.9078125 0.0546875 0.0484375
0 0.4453125 0.89609375 0.053125 0.053125
0 0.490625 0.890625 0.0484375 0.0515625
0 0.53515625 0.88671875 0.0546875 0.0515625
0 0.5828125 0.87890625 0.053125 0.05
0 0.63359375 0.86640625 0.0546875 0.0484375
0 0.68125 0.86015625 0.0515625 0.0484375
0 0.72890625 0.853125 0.05 0.0515625
0 0.77578125 0.84453125 0.0484375 0.05
0 0.82109375 0.84296875 0.046875 0.046875
0 0.871875 0.83359375 0.0546875 0.0546875
0 0.2734375 0.89140625 0.053125 0.05
0 0.32109375 0.87578125 0.0515625 0.05
0 0.3671875 0.871875 0.0484375 0.05
0 0.4140625 0.8609375 0.05 0.0484375
0 0.46015625 0.859375 0.053125 0.05
0 0.50703125 0.85078125 0.0515625 0.05
0 0.55390625 0.83671875 0.0546875 0.0515625
0 0.6015625 0.8390625 0.0515625 0.05
0 0.6515625 0.82109375 0.05 0.0484375
0 0.69921875 0.815625 0.05 0.046875
0 0.7453125 0.81328125 0.053125 0.053125
0 0.79375 0.80078125 0.0484375 0.05
0 0.84140625 0.79453125 0.053125 0.053125
0 0.88828125 0.78203125 0.0484375 0.05
0 0.24296875 0.85390625 0.0515625 0.0546875
0 0.28828125 0.8453125 0.05 0.05
0 0.33515625 0.834375 0.053125 0.053125
0 0.3828125 0.8296875 0.053125 0.0515625
0 0.4296875 0.8140625 0.053125 0.053125
0 0.47890625 0.81015625 0.0546875 0.053125
0 0.5265625 0.796875 0.05 0.0515625
0 0.5734375 0.790625 0.0515625 0.0546875
0 0.62109375 0.78984375 0.05 0.0484375
0 0.6671875 0.78203125 0.05 0.0484375
0 0.7140625 0.7734375 0.053125 0.0515625
0 0.76171875 0.76875 0.05 0.05
0 0.809375 0.7625 0.053125 0.0484375
0 0.85859375 0.7453125 0.053125 0.0484375
0 0.25703125 0.80859375 0.0546875 0.053125
0 0.3078125 0.7875 0.053125 0.0546875
0 0.353125 0.790625 0.0484375 0.0515625
0 0.40078125 0.77734375 0.053125 0.05
0 0.40625 0.72890625 0.053125 0.0546875
0 0.44765625 0.76484375 0.0484375 0.05625
0 0.49453125 0.7609375 0.053125 0.0546875
0 0.54296875 0.7515625 0.0515625 0.053125
0 0.5953125 0.74296875 0.053125 0.05625
0 0.64140625 0.7453125 0.05 0.0515625
0 0.70625 0.68828125 0.053125 0.05625
0 0.7796875 0.7265625 0.05 0.05
0 0.82578125 0.7171875 0.0515625 0.0515625
0 0.784375 0.67578125 0.053125 0.0546875
0 0.83125 0.66875 0.0515625 0.053125
0 0.225 0.9953125 0.05 0.009375
0 0.0625 0.9890625 0.03125 0.021875
0 0.09921875 0.9859375 0.0546875 0.028125
0 0.146875 0.98046875 0.05 0.0390625
0 0.19140625 0.978125 0.0515625 0.04375
0 0.2421875 0.96875 0.0515625 0.05
0 0.06875 0.96328125 0.05 0.05
0 0.11484375 0.95546875 0.053125 0.0546875
0 0.1625 0.9375 0.0515625 0.0515625
0 0.2109375 0.93515625 0.05625 0.053125
0 0.053125 0.91875 0.028125 0.046875
0 0.08671875 0.915625 0.0484375 0.05
0 0.13359375 0.90703125 0.053125 0.0484375
0 0.17890625 0.89296875 0.05 0.0515625
0 0.2265625 0.89375 0.0515625 0.053125
0 0.0578125 0.878125 0.046875 0.0484375
0 0.103125 0.875 0.05 0.0515625
0 0.14921875 0.86328125 0.0484375 0.046875
0 0.19453125 0.85234375 0.05 0.05
0 0.0640625 0.83359375 0.0515625 0.053125
0 0.1109375 0.834375 0.05 0.053125
0 0.1640625 0.815625 0.053125 0.0546875
0 0.21171875 0.81640625 0.0515625 0.0515625