0 0.9890625 0.24375 0.021875 0.065625
0 0.99296875 0.18203125 0.0140625 0.0671875
0 0.97734375 0.43125 0.0453125 0.0625
0 0.9796875 0.371875 0.040625 0.06875
0 0.9859375 0.30859375 0.028125 0.0671875
0 0.9390625 0.7484375 0.0640625 0.0640625
0 0.96953125 0.55625 0.0609375 0.065625
0 0.91328125 0.940625 0.0671875 0.06875
0 0.94609375 0.68828125 0.0671875 0.0671875
0 0.97265625 0.49453125 0.0546875 0.0671875
0 0.9296875 0.86640625 0.0640625 0.0625
0 0.9328125 0.8078125 0.0671875 0.0640625
0 0.93046875 0.97578125 0.0328125 0.0484375
0 0.9625 0.60859375 0.0609375 0.0734375