1 0.796875 0.7125 0.1859375 0.2046875
1 0.2328125 0.7671875 0.1984375 0.1703125
1 0.30546875 0.6078125 0.23125 0.18359375
1 0.5140625 0.9 0.19453125 0.1546875
1 0.76796875 0.4296875 0.19296875 0.1578125
1 0.584375 0.15078125 0.19375 0.15234375
1 0.9015625 0.8890625 0.18359375 0.18125
1 0.85625 0.2921875 0.19765625 0.18671875
1 0.18828125 0.4640625 0.1953125 0.1484375
1 0.1515625 0.9078125 0.2203125 0.18125
1 0.3328125 0.90546875 0.17421875 0.15078125
1 0.06953125 0.75859375 0.13515625 0.1515625
1 0.59765625 0.73515625 0.20859375 0.15859375
1 0.66875 0.3078125 0.21875 0.18046875
1 0.9328125 0.13203125 0.134375 0.18046875
1 0.1890625 0.18125 0.1984375 0.16015625
1 0.51015625 0.61171875 0.20703125 0.184375
1 0.134375 0.61328125 0.19453125 0.184375
1 0.30546875 0.3234375 0.20390625 0.178125
1 0.9359375 0.415625 0.128125 0.171875
1 0.7046875 0.88203125 0.2140625 0.18984375
1 0.86875 0.5625 0.18984375 0.1796875
1 0.5796875 0.44140625 0.1953125 0.16875
1 0.765625 0.14453125 0.190625 0.1859375
1 0.11328125 0.3375 0.19296875 0.13984375
1 0.4671875 0.059375 0.196875 0.11875
1 0.3796875 0.465625 0.20546875 0.1765625
1 0.6890625 0.57578125 0.209375 0.184375
1 0.40703125 0.77265625 0.18359375 0.175
1 0.38046875 0.18203125 0.21875 0.1859375
1 0.053125 0.4828125 0.10625 0.1875
1 0.11875 0.0546875 0.209375 0.10859375
1 0.9390625 0.703125 0.121875 0.18125
1 0.046875 0.18203125 0.09375 0.1859375
1 0.82890625 0.05390625 0.196875 0.1078125
1 0.63671875 0.0453125 0.20625 0.08984375
1 0.50625 0.2890625 0.184375 0.18984375
1 0.3 0.05078125 0.18203125 0.1015625
1 0.83828125 0.97109375 0.21171875 0.0578125
1 0.0375 0.9046875 0.075 0.17734375
1 0.63125 0.97265625 0.2078125 0.0546875
1 0.4234375 0.97890625 0.221875 0.04140625
1 0.021875 0.63125 0.04296875 0.175
1 0.978125 0.2640625 0.04375 0.17421875
1 0.97890625 0.5453125 0.0421875 0.18203125
1 0.01640625 0.059375 0.0328125 0.11875
1 0.08125 0.98359375 0.1625 0.03203125
1 0.96171875 0.03203125 0.0765625 0.06328125