1 0.0640625 0.428125 0.128125 0.1875
1 0.10703125 0.55546875 0.1953125 0.1875
1 0.196875 0.721875 0.1734375 0.1890625
1 0.31015625 0.88125 0.178125 0.2265625
1 0.903125 0.93671875 0.15625 0.1265625
1 0.55625 0.95234375 0.175 0.0953125
1 0.45390625 0.8546875 0.2015625 0.19375
1 0.64375 0.86484375 0.196875 0.2015625
1 0.8140625 0.825 0.2140625 0.203125
1 0.94140625 0.83671875 0.0921875 0.190625
1 0.915625 0.665625 0.1625 0.18125
1 0.7375 0.684375 0.19375 0.1765625
1 0.55625 0.71484375 0.1984375 0.1859375
1 0.3609375 0.69453125 0.20625 0.20625
1 0.29140625 0.5640625 0.203125 0.1890625
1 0.4765625 0.55546875 0.175 0.184375
1 0.65 0.534375 0.203125 0.2078125
1 0.825 0.5125 0.1859375 0.2203125
1 0.95078125 0.50859375 0.0984375 0.1984375
1 0.9046875 0.36953125 0.190625 0.1921875
1 0.72734375 0.3640625 0.1671875 0.184375
1 0.56640625 0.40234375 0.1890625 0.1890625
1 0.38984375 0.4125 0.1984375 0.1875
1 0.2109375 0.4203125 0.1890625 0.18125
1 0.10546875 0.27109375 0.196875 0.1828125
1 0.2859375 0.26328125 0.203125 0.1859375
1 0.4625 0.25859375 0.178125 0.1828125
1 0.6359375 0.22890625 0.2015625 0.190625
1 0.8296875 0.23984375 0.1875 0.171875
1 0.9546875 0.22109375 0.090625 0.1828125
1 0.9140625 0.09609375 0.171875 0.1609375
1 0.74140625 0.090625 0.1921875 0.1671875
1 0.55859375 0.0875 0.1984375 0.175
1 0.3875 0.11015625 0.1953125 0.171875
1 0.1984375 0.13125 0.1953125 0.159375
1 0.0640625 0.1453125 0.1015625 0.178125
1 0.1125 0.040625 0.18125 0.08125
1 0.26640625 0.0390625 0.1703125 0.078125