0 0.49140625 0.1765625 0.0515625 0.0515625
0 0.1171875 0.53046875 0.0515625 0.05
0 0.53359375 0.303125 0.053125 0.0515625
0 0.0265625 0.50625 0.0515625 0.0515625
0 0.1984375 0.55234375 0.05 0.05
0 0.121875 0.29140625 0.0515625 0.0515625
0 0.1046875 0.3640625 0.0515625 0.05
0 0.6265625 0.2015625 0.0515625 0.0515625
0 0.08984375 0.440625 0.0515625 0.0515625
0 0.1921875 0.3859375 0.0515625 0.0515625
0 0.09453125 0.20234375 0.053125 0.0515625
0 0.4484375 0.0484375 0.05 0.05
0 0.046875 0.428125 0.053125 0.053125
0 0.3234375 0.53671875 0.0515625 0.0515625
0 0.2125 0.1921875 0.053125 0.0515625
0 0.503125 0.0046875 0.04375 0.009375
0 0.07109375 0.51640625 0.0515625 0.0515625
0 0.3140625 0.021875 0.05 0.04375
0 0.04765625 0.71796875 0.0515625 0.0515625
0 0.17890625 0.3421875 0.05 0.05
0 0.35234375 0.38359375 0.0515625 0.0515625
0 0.0578125 0.4703125 0.053125 0.053125
0 0.26484375 0.365625 0.0515625 0.0515625
0 0.11171875 0.65 0.0515625 0.0515625
0 0.15546875 0.540625 0.05 0.05
0 0.3828125 0.46953125 0.053125 0.0515625
0 0.05703125 0.83515625 0.0515625 0.0515625
0 0.62578125 0.084375 0.053125 0.0515625
0 0.14609375 0.4953125 0.05 0.0515625
0 0.43515625 0.015625 0.0515625 0.03125
0 0.28046875 0.2859375 0.0515625 0.0515625
0 0.05390625 0.59375 0.05 0.05
0 0.20234375 0.67109375 0.0515625 0.0515625
0 0.03515625 0.675 0.0515625 0.0515625
0 0.4640625 0.08984375 0.05 0.0515625
0 0.34140625 0.21953125 0.0515625 0.0515625
0 0.0390625 0.790625 0.053125 0.0515625
0 0.32421875 0.4171875 0.0515625 0.0515625
0 0.29609375 0.33046875 0.05 0.05
0 0.25 0.44296875 0.05 0.0515625
0 0.21484375 0.59609375 0.0515625 0.0515625
0 0.25546875 0.60859375 0.05 0.05
0 0.0859375 0.559375 0.05 0.0515625
0 0.24296875 0.5625 0.05 0.05
0 0.134375 0.33125 0.0515625 0.0515625
0 0.6765625 0.090625 0.05 0.05
0 0.165625 0.41875 0.0515625 0.053125
0 0.47109375 0.3703125 0.0515625 0.05
0 0.53203125 0.18671875 0.0515625 0.0515625
0 0.115625 0.76640625 0.0546875 0.0515625
0 0.3125 0.2546875 0.05 0.05
0 0.17421875 0.58203125 0.0515625 0.0515625
0 0.2875 0.57265625 0.053125 0.0515625
0 0.11953125 0.4078125 0.053125 0.0515625
0 0.05 0.31484375 0.04375 0.05
0 0.4703125 0.25390625 0.0515625 0.053125
0 0.36875 0.18828125 0.0515625 0.0515625
0 0.175 0.46484375 0.0515625 0.0515625
0 0.1515625 0.37421875 0.05 0.0515625
0 0.09765625 0.60546875 0.0515625 0.0515625
0 0.20859375 0.31015625 0.0515625 0.0515625
0 0.07890625 0.278125 0.05 0.05
0 0.5171875 0.26171875 0.0515625 0.0515625
0 0.50390625 0.21640625 0.0515625 0.0515625
0 0.51875 0.02421875 0.05 0.0484375
0 0.12421875 0.17265625 0.05 0.05
0 0.04375 0.546875 0.053125 0.0515625
0 0.07421875 0.3953125 0.0515625 0.0515625
0 0.4453125 0.1640625 0.05 0.05
0 0.44453125 0.4 0.0515625 0.05
0 0.13046875 0.57109375 0.053125 0.0515625
0 0.15859375 0.66015625 0.0515625 0.0515625
0 0.1390625 0.09453125 0.053125 0.053125
0 0.1234375 0.05234375 0.05 0.0515625
0 0.0171875 0.58515625 0.034375 0.0515625
0 0.16328125 0.29921875 0.0515625 0.0515625
0 0.09921875 0.7234375 0.0546875 0.053125
0 0.26796875 0.24765625 0.0515625 0.0515625
0 0.35859375 0.14609375 0.053125 0.0515625
0 0.009375 0.66328125 0.01875 0.0515625
0 0.1734375 0.7046875 0.053125 0.0515625
0 0.259375 0.4859375 0.053125 0.0515625
0 0.00546875 0.78359375 0.0109375 0.0515625
0 0.2484375 0.0390625 0.05 0.05
0 0.16015625 0.02109375 0.0546875 0.0421875
0 0.2484375 0.15703125 0.0515625 0.053125
0 0.5640625 0.271875 0.0515625 0.05
0 0.146875 0.73671875 0.053125 0.0515625
0 0.0671875 0.2375 0.0375 0.046875
0 0.4421875 0.28515625 0.05 0.0515625
0 0.0828125 0.6828125 0.0515625 0.0515625
0 0.503125 0.1015625 0.0484375 0.05
0 0.42578125 0.36015625 0.0515625 0.0515625
0 0.225 0.23671875 0.0484375 0.05
0 0.49765625 0.3390625 0.05 0.05
0 0.403125 0.040625 0.05 0.05
0 0.065625 0.63828125 0.05 0.05
0 0.32578125 0.178125 0.0484375 0.05
0 0.39765625 0.39375 0.0515625 0.0515625
0 0.54921875 0.228125 0.053125 0.0515625
0 0.10625 0.246875 0.0515625 0.0515625
0 0.18359375 0.63046875 0.053125 0.053125
0 0.35703125 0.26015625 0.05 0.05
0 0.2921875 0.4515625 0.0515625 0.053125
0 0.12578125 0.6921875 0.0515625 0.0515625
0 0.3359375 0.46171875 0.0515625 0.0515625
0 0.346875 0.00546875 0.05 0.0109375
0 0.01640625 0.7046875 0.0328125 0.053125
0 0.184375 0.221875 0.053125 0.053125
0 0.2359375 0.39609375 0.0515625 0.0515625
0 0.0328125 0.38515625 0.046875 0.0515625
0 0.40234375 0.153125 0.05 0.0515625
0 0.48359375 0.29765625 0.053125 0.0515625
0 0.1953125 0.26875 0.0515625 0.0515625
0 0.4609375 0.20859375 0.05 0.05
0 0.20625 0.43125 0.0515625 0.0515625
0 0.48984375 0.0609375 0.0484375 0.05
0 0.3515625 0.50546875 0.053125 0.053125
0 0.0234375 0.75234375 0.046875 0.0515625
0 0.084375 0.16484375 0.0328125 0.046875
0 0.140625 0.6171875 0.053125 0.0515625
0 0.23046875 0.640625 0.0515625 0.0515625
0 0.5984375 0.11796875 0.0515625 0.05
0 0.4171875 0.31484375 0.0515625 0.0515625
0 0.02109375 0.8703125 0.0421875 0.04375
0 0.41328125 0.43125 0.053125 0.053125
0 0.4296875 0.24375 0.0515625 0.0515625
0 0.234375 0.28203125 0.05 0.05
0 0.75 0.06875 0.0515625 0.046875
0 0.06328125 0.353125 0.0515625 0.053125
0 0.2328125 0.51484375 0.053125 0.0515625
0 0.171875 0.06015625 0.053125 0.0515625
0 0.590625 0.23984375 0.0515625 0.0515625
0 0.20078125 0.14375 0.053125 0.0515625
0 0.30390625 0.4953125 0.0515625 0.0515625
0 0.7171875 0.1 0.053125 0.0515625
0 0.56953125 0.14921875 0.0515625 0.0515625
0 0.3984375 0.27421875 0.05 0.05
0 0.0234375 0.63046875 0.046875 0.0515625
0 0.06875 0.7578125 0.0515625 0.0515625
0 0.33828125 0.34296875 0.05 0.05
0 0.38203125 0.34921875 0.053125 0.053125
0 0.2828125 0.40546875 0.05 0.0515625
0 0.234375 0.11328125 0.0515625 0.0515625
0 0.328125 0.296875 0.05 0.05
0 0.2171875 0.3546875 0.05 0.0484375
0 0.546875 0.0109375 0.046875 0.021875
0 0.2140625 0.47578125 0.05 0.05
0 0.6578125 0.16484375 0.053125 0.05
0 0.31015625 0.37578125 0.05 0.05
0 0.41640625 0.08203125 0.05 0.0515625
0 0.3578125 0.028125 0.05 0.0515625
0 0.53125 0.07265625 0.0515625 0.0515625
0 0.2734375 0.1234375 0.05 0.05
0 0.01875 0.82578125 0.0375 0.0515625
0 0.1046875 0.48046875 0.0515625 0.0515625
0 0.3734375 0.30625 0.05 0.05
0 0.08125 0.8046875 0.0515625 0.05
0 0.165625 0.18125 0.05 0.05
0 0.1875 0.50859375 0.0484375 0.05
0 0.57421875 0.07734375 0.053125 0.053125
0 0.475 0.02109375 0.05 0.0421875
0 0.41328125 0.19765625 0.05 0.05
0 0.60859375 0.04609375 0.053125 0.0515625
0 0.2984375 0.20859375 0.05 0.05
0 0.26015625 0.08046875 0.05 0.05
0 0.1390625 0.2109375 0.0515625 0.0515625
0 0.34921875 0.1015625 0.05 0.0515625
0 0.01015625 0.53828125 0.0203125 0.0515625
0 0.25390625 0.20546875 0.0515625 0.0515625
0 0.475 0.1328125 0.0515625 0.0515625
0 0.01796875 0.465625 0.0359375 0.05
0 0.275 0.01640625 0.05 0.0328125
0 0.1484375 0.1421875 0.05 0.05
0 0.11015625 0.12890625 0.0515625 0.0515625
0 0.3015625 0.09453125 0.05 0.0515625
0 0.36328125 0.4296875 0.0515625 0.053125
0 0.25234375 0.321875 0.05 0.0515625
0 0.384375 0.2328125 0.0515625 0.0515625
0 0.14921875 0.259375 0.05 0.05
0 0.43125 0.12265625 0.05 0.05
0 0.378125 0.06875 0.0484375 0.05
0 0.5640625 0.03359375 0.053125 0.0515625
0 0.27734375 0.52734375 0.0515625 0.0515625
0 0.38828125 0.1125 0.0515625 0.0515625
0 0.28671875 0.16875 0.0484375 0.0515625
0 0.08828125 0.3265625 0.053125 0.05
0 0.52265625 0.14296875 0.0515625 0.0546875
0 0.6859375 0.13671875 0.05 0.05
0 0.4578125 0.32890625 0.05 0.05
0 0.1875 0.1015625 0.053125 0.053125
0 0.65 0.11875 0.0484375 0.0484375
0 0.103125 0.08984375 0.03125 0.0453125
0 0.3125 0.13984375 0.0484375 0.05
0 0.60703125 0.1640625 0.0515625 0.0515625
0 0.3890625 0.01171875 0.05 0.0234375
0 0.18828125 0.00546875 0.0515625 0.0109375
0 0.54296875 0.1125 0.0515625 0.0515625
0 0.584375 0.19296875 0.0515625 0.0515625
0 0.290625 0.04765625 0.0515625 0.0515625
0 0.0046875 0.49609375 0.009375 0.0484375
0 0.01171875 0.4234375 0.0234375 0.04375
0 0.20625 0.0265625 0.0515625 0.0515625
0 0.1234375 0.01953125 0.03125 0.0390625
0 0.128125 0.45546875 0.05 0.05
0 0.33125 0.059375 0.0484375 0.0515625
0 0.0484375 0.27421875 0.021875 0.04375
0 0.659375 0.046875 0.0515625 0.0515625
0 0.70078125 0.0578125 0.053125 0.0484375
0 0.2125 0.07578125 0.05 0.0484375
0 0.63671875 0.02578125 0.0421875 0.021875
0 0.02890625 0.34765625 0.0203125 0.0421875
0 0.5921875 0.01328125 0.0453125 0.0234375
0 0.6796875 0.03515625 0.040625 0.01875
0 0.228125 0.01328125 0.05 0.0265625