0 0.91640625 0.97421875 0.0609375 0.0515625
0 0.928125 0.86796875 0.065625 0.0671875
0 0.7765625 0.79609375 0.0671875 0.0671875
0 0.5578125 0.82421875 0.06875 0.0703125
0 0.846875 0.684375 0.06875 0.065625
0 0.8984375 0.81328125 0.0671875 0.0671875
0 0.9703125 0.59375 0.05 0.0640625
0 0.434375 0.91328125 0.06875 0.0671875
0 0.67890625 0.8375 0.06875 0.065625
0 0.86484375 0.86875 0.06875 0.065625
0 0.88046875 0.64296875 0.0703125 0.06875
0 0.9109375 0.69296875 0.0671875 0.065625
0 0.31484375 0.55078125 0.06875 0.06875
0 0.85 0.58203125 0.065625 0.0625
0 0.77265625 0.90390625 0.06875 0.06875
0 0.8359375 0.4046875 0.0671875 0.0671875
0 0.8765625 0.7515625 0.0671875 0.0671875
0 0.70859375 0.903125 0.06875 0.0671875
0 0.6 0.64609375 0.06875 0.0671875
0 0.8125 0.74140625 0.06875 0.06875
0 0.83359375 0.815625 0.06875 0.065625
0 0.79765625 0.965625 0.06875 0.0671875
0 0.62109375 0.7171875 0.0671875 0.065625
0 0.7328125 0.96796875 0.06875 0.0640625
0 0.87890625 0.52734375 0.0671875 0.0640625
0 0.525 0.4203125 0.065625 0.0625
0 0.28671875 0.74921875 0.0671875 0.065625
0 0.775 0.45390625 0.065625 0.0640625
0 0.725 0.559375 0.0671875 0.0625
0 0.51796875 0.978125 0.0640625 0.04375
0 0.74140625 0.8453125 0.0671875 0.065625
0 0.365625 0.59765625 0.0671875 0.0671875
0 0.65625 0.78203125 0.0640625 0.0671875
0 0.6921875 0.6171875 0.0640625 0.0671875
0 0.553125 0.93671875 0.0671875 0.065625
0 0.91640625 0.58203125 0.06875 0.065625
0 0.7203125 0.67734375 0.06875 0.0671875
0 0.92265625 0.484375 0.06875 0.0671875
0 0.29921875 0.91953125 0.06875 0.0671875
0 0.59921875 0.76875 0.0671875 0.0640625
0 0.3375 0.86484375 0.0703125 0.0671875
0 0.6609375 0.66953125 0.0640625 0.0640625
0 0.93828125 0.76015625 0.0671875 0.0671875
0 0.434375 0.8140625 0.0671875 0.0625
0 0.42890625 0.58828125 0.0671875 0.0671875
0 0.5625 0.69453125 0.065625 0.065625
0 0.9609375 0.69921875 0.04375 0.0640625
0 0.4609375 0.64609375 0.06875 0.065625
0 0.5375 0.75 0.0671875 0.0671875
0 0.6203125 0.834375 0.0671875 0.0671875
0 0.89609375 0.42421875 0.065625 0.0640625
0 0.859375 0.9703125 0.065625 0.059375
0 0.7609375 0.99453125 0.065625 0.0109375
0 0.80234375 0.85546875 0.065625 0.065625
0 0.26875 0.865625 0.06875 0.0703125
0 0.47421875 0.76171875 0.0640625 0.0609375
0 0.7484375 0.7375 0.06875 0.0671875
0 0.58125 0.98203125 0.065625 0.0359375
0 0.69921875 0.9921875 0.0671875 0.015625
0 0.6875 0.72421875 0.0640625 0.0625
0 0.5234375 0.87578125 0.0671875 0.0671875
0 0.49921875 0.70078125 0.06875 0.0671875
0 0.85390625 0.475 0.0671875 0.0640625
0 0.5890625 0.42109375 0.065625 0.0640625
0 0.71328125 0.79296875 0.0703125 0.06875
0 0.57109375 0.590625 0.0671875 0.065625
0 0.2609375 0.9546875 0.0671875 0.0453125
0 0.71484375 0.41640625 0.06875 0.065625
0 0.8984375 0.91953125 0.065625 0.065625
0 0.584375 0.88671875 0.065625 0.0640625
0 0.4921875 0.590625 0.065625 0.065625
0 0.94921875 0.53046875 0.06875 0.0671875
0 0.29609375 0.68984375 0.065625 0.065625
0 0.46796875 0.8671875 0.065625 0.065625
0 0.53125 0.540625 0.06875 0.0671875
0 0.3109375 0.80390625 0.0671875 0.0671875
0 0.946875 0.6453125 0.065625 0.0625
0 0.365625 0.9203125 0.0703125 0.065625
0 0.74140625 0.50546875 0.065625 0.0609375
0 0.95 0.81484375 0.0359375 0.0640625
0 0.5 0.815625 0.0671875 0.065625
0 0.35703125 0.6953125 0.0671875 0.0671875
0 0.40859375 0.403125 0.06875 0.06875
0 0.60703125 0.36640625 0.065625 0.0640625
0 0.82109375 0.62265625 0.0671875 0.065625
0 0.809375 0.50546875 0.0671875 0.0640625
0 0.49765625 0.92421875 0.0671875 0.065625
0 0.39765625 0.53125 0.0671875 0.065625
0 0.9765625 0.478125 0.046875 0.065625
0 0.39140625 0.9703125 0.0640625 0.046875
0 0.4078125 0.4703125 0.0671875 0.0640625
0 0.63828125 0.5875 0.0671875 0.065625
0 0.5046875 0.47109375 0.0671875 0.0609375
0 0.459375 0.5265625 0.0671875 0.065625
0 0.32109375 0.63359375 0.0671875 0.0625
0 0.42734375 0.70234375 0.071875 0.065625
0 0.68125 0.94921875 0.0640625 0.065625
0 0.328125 0.96015625 0.065625 0.053125
0 0.940625 0.91796875 0.0296875 0.0640625
0 0.37421875 0.809375 0.0671875 0.0640625
0 0.69296875 0.46875 0.06875 0.0625
0 0.8375 0.91015625 0.0671875 0.0640625
0 0.984375 0.4203125 0.03125 0.0625
0 0.3390625 0.41328125 0.065625 0.0609375
0 0.34921875 0.753125 0.0671875 0.0640625
0 0.453125 0.975 0.065625 0.05
0 0.5671875 0.47421875 0.0625 0.0640625
0 0.41328125 0.75625 0.0671875 0.0640625
0 0.6421875 0.90234375 0.0671875 0.059375
0 0.403125 0.859375 0.065625 0.0625
0 0.53359375 0.62890625 0.0671875 0.065625
0 0.46171875 0.43125 0.0625 0.0625
0 0.78671875 0.67578125 0.0671875 0.06875
0 0.6375 0.9921875 0.0625 0.015625
0 0.61640625 0.94609375 0.06875 0.065625
0 0.34140625 0.4640625 0.0671875 0.0625
0 0.73046875 0.3453125 0.06875 0.0671875
0 0.74921875 0.63203125 0.0671875 0.065625
0 0.54453125 0.35546875 0.065625 0.0671875
1 0.6703125 0.525 0.0625 0.065625
0 0.81640625 0.3453125 0.0640625 0.065625
0 0.6234375 0.4859375 0.0671875 0.0640625
0 0.40546875 0.6359375 0.065625 0.0625
0 0.95546875 0.37421875 0.06875 0.0671875
0 0.9890625 0.534375 0.021875 0.065625
0 0.46796875 0.3765625 0.0640625 0.0625
0 0.66640625 0.3671875 0.06875 0.0640625
0 0.77890625 0.38828125 0.0640625 0.065625
0 0.60078125 0.53671875 0.06875 0.0640625
0 0.98046875 0.64765625 0.0171875 0.059375
0 0.64765625 0.41640625 0.0671875 0.065625
0 0.87734375 0.35234375 0.0640625 0.0640625
0 0.796875 0.55703125 0.0640625 0.0578125