0 0.82109375 0.0203125 0.059375 0.040625
0 0.7828125 0.0625 0.0609375 0.0609375
0 0.9734375 0.05625 0.053125 0.0625
0 0.7609375 0.596875 0.06171875 0.059375
0 0.609375 0.9234375 0.0625 0.05859375
0 0.72109375 0.64375 0.059375 0.05703125
0 0.9078125 0.0578125 0.05859375 0.0609375
0 0.54765625 0.046875 0.06171875 0.0625
0 0.8484375 0.0703125 0.0609375 0.0609375
0 0.97265625 0.7828125 0.0546875 0.05859375
0 0.75703125 0.01953125 0.0625 0.03828125
0 0.98671875 0.4734375 0.02578125 0.05625
0 0.5515625 0.69296875 0.0625 0.05859375
0 0.62109375 0.57265625 0.06328125 0.06171875
0 0.9078125 0.78515625 0.0625 0.059375
0 0.97265625 0.66953125 0.0546875 0.0609375
0 0.6984375 0.58125 0.0609375 0.0578125
0 0.93359375 0.9328125 0.06328125 0.06171875
0 0.703125 0.87578125 0.0609375 0.06015625
0 0.9859375 0.24375 0.028125 0.0625
0 0.4734375 0.928125 0.0640625 0.0609375
0 0.76953125 0.87421875 0.0640625 0.0609375
0 0.97109375 0.878125 0.0578125 0.06015625
0 0.946875 0.6125 0.06015625 0.06015625
0 0.709375 0.2796875 0.059375 0.0578125
0 0.77109375 0.29609375 0.059375 0.05859375
0 0.83671875 0.87890625 0.0625 0.05859375
0 0.91171875 0.67109375 0.0609375 0.05703125
0 0.86796875 0.1328125 0.0609375 0.0578125
0 0.87265625 0.83046875 0.06171875 0.0578125
0 0.61953125 0.1984375 0.06015625 0.05859375
0 0.78671875 0.3578125 0.06015625 0.0578125
0 0.62109375 0.5046875 0.06171875 0.0625
0 0.69140625 0.7515625 0.06015625 0.05859375
0 0.8203125 0.24609375 0.06015625 0.059375
0 0.940625 0.728125 0.06328125 0.0609375
0 0.8203125 0.54921875 0.059375 0.05859375
0 0.6375 0.87265625 0.06328125 0.0625
0 0.8828125 0.01484375 0.06171875 0.0296875
0 0.89140625 0.33515625 0.05859375 0.0546875
0 0.84375 0.6671875 0.0609375 0.0609375
0 0.94296875 0.01484375 0.0625 0.02890625
0 0.9828125 0.17421875 0.034375 0.0609375
0 0.71953125 0.05859375 0.0578125 0.05625
0 0.57734375 0.86796875 0.06015625 0.06015625
0 0.67109375 0.92578125 0.0625 0.06015625
0 0.83828125 0.78203125 0.06328125 0.06171875
0 0.55078125 0.8125 0.06015625 0.06015625
0 0.56328125 0.29375 0.05859375 0.05625
0 0.49921875 0.4671875 0.05859375 0.05703125
0 0.7 0.2140625 0.05859375 0.0578125
0 0.81015625 0.11484375 0.059375 0.05859375
0 0.63046875 0.75234375 0.059375 0.06015625
0 0.72890625 0.403125 0.0578125 0.0578125
0 0.49375 0.53828125 0.0578125 0.05703125
0 0.86640625 0.9328125 0.06015625 0.059375
0 0.54296875 0.9234375 0.06171875 0.06015625
0 0.95078125 0.3125 0.06015625 0.0609375
0 0.49921875 0.7828125 0.06015625 0.05703125
0 0.659375 0.634375 0.06171875 0.06171875
0 0.94453125 0.11015625 0.06015625 0.06015625
0 0.8015625 0.93359375 0.0640625 0.0625
0 0.90546875 0.38984375 0.06171875 0.06015625
0 0.496875 0.01328125 0.06484375 0.0265625
0 0.7390625 0.8171875 0.05859375 0.059375
0 0.5609375 0.4453125 0.05859375 0.0578125
0 0.83203125 0.30625 0.0578125 0.0578125
0 0.5609375 0.17421875 0.0609375 0.0609375
0 0.640625 0.2578125 0.0625 0.06171875
0 0.65859375 0.0421875 0.05859375 0.0625
0 0.9375 0.2453125 0.05859375 0.05859375
0 0.7390625 0.46875 0.0625 0.0609375
0 0.8 0.8265625 0.0640625 0.06171875
0 0.7328125 0.92890625 0.0625 0.0625
0 0.4453125 0.1234375 0.0609375 0.0578125
0 0.49453125 0.8640625 0.0609375 0.06171875
0 0.61484375 0.8109375 0.05859375 0.05703125
0 0.903125 0.88125 0.0625 0.0578125
0 0.87421875 0.19765625 0.05859375 0.05859375
0 0.6703125 0.10234375 0.05859375 0.05703125
0 0.9328125 0.175 0.05859375 0.059375
0 0.7359375 0.115625 0.0609375 0.05859375
0 0.67578125 0.15625 0.05546875 0.053125
0 0.66640625 0.3953125 0.06015625 0.059375
0 0.75546875 0.76015625 0.05859375 0.05703125
0 0.49921875 0.228125 0.059375 0.0578125
0 0.61015625 0.415625 0.05859375 0.0625
0 0.690625 0.51484375 0.06171875 0.06171875
0 0.49765625 0.6546875 0.059375 0.0578125
0 0.82578125 0.603125 0.06015625 0.05703125
0 0.43671875 0.69375 0.059375 0.05859375
0 0.9359375 0.83828125 0.0625 0.05859375
0 0.92734375 0.4890625 0.0625 0.0625
0 0.49375 0.41015625 0.059375 0.05625
0 0.44453125 0.184375 0.05859375 0.059375
0 0.790625 0.41640625 0.05703125 0.05546875
0 0.9609375 0.4328125 0.0609375 0.05546875
0 0.84765625 0.434375 0.0625 0.05859375
0 0.59609375 0.634375 0.0625 0.06015625
0 0.875 0.725 0.06015625 0.0578125
0 0.55859375 0.36484375 0.0578125 0.06015625
0 0.784375 0.65546875 0.05859375 0.05859375
0 0.9875 0.93515625 0.02421875 0.06328125
0 0.67578125 0.81328125 0.0625 0.06015625
0 0.8765625 0.27578125 0.0609375 0.06015625
0 0.9875 0.72734375 0.02421875 0.0640625
0 0.44296875 0.31328125 0.05859375 0.0625
0 0.725 0.33515625 0.05625 0.05390625
0 0.4984375 0.3421875 0.0578125 0.05859375
0 0.81484375 0.1796875 0.05859375 0.05546875
0 0.88046875 0.55546875 0.05859375 0.05546875
0 0.43671875 0.63203125 0.0609375 0.06015625
0 0.8046875 0.4765625 0.0578125 0.0546875
0 0.96640625 0.37578125 0.0609375 0.0609375
0 0.6609375 0.33671875 0.0609375 0.059375
0 0.9421875 0.54765625 0.0625 0.0609375
0 0.61796875 0.134375 0.059375 0.0609375
0 0.684375 0.6828125 0.059375 0.0546875
0 0.4421875 0.496875 0.06015625 0.0609375
0 0.4421875 0.2453125 0.05078125 0.05625
0 0.43125 0.88515625 0.06171875 0.06328125
0 0.4453125 0.371875 0.05859375 0.05703125
0 0.5609375 0.5046875 0.059375 0.059375
0 0.98828125 0.11171875 0.0234375 0.0640625
0 0.86171875 0.49609375 0.059375 0.05703125
0 0.496875 0.159375 0.059375 0.06015625
0 0.9890625 0.8328125 0.021875 0.05625
0 0.753125 0.1734375 0.059375 0.0578125
0 0.67734375 0.45 0.06015625 0.05546875
0 0.440625 0.434375 0.05859375 0.0625
0 0.5140625 0.1 0.0609375 0.05859375
0 0.9890625 0.546875 0.021875 0.0625
0 0.44296875 0.059375 0.06015625 0.06015625
0 0.7625 0.22890625 0.0578125 0.0546875
0 0.571875 0.2359375 0.06171875 0.05859375
0 0.803125 0.7234375 0.0625 0.0625
0 0.5625 0.5625 0.0578125 0.0578125
0 0.8859375 0.60859375 0.059375 0.05546875
0 0.44296875 0.81171875 0.0609375 0.05859375
0 0.50078125 0.7171875 0.059375 0.0609375
0 0.61796875 0.68671875 0.0625 0.0578125
0 0.74609375 0.6921875 0.06015625 0.05703125
0 0.9921875 0.31015625 0.015625 0.06484375
0 0.75859375 0.528125 0.0609375 0.05859375
0 0.565625 0.746875 0.0609375 0.059375
0 0.60859375 0.06953125 0.05859375 0.05625
0 0.4359375 0.75234375 0.06171875 0.05625
0 0.84609375 0.36953125 0.05859375 0.0578125
0 0.5015625 0.2875 0.05859375 0.053125
0 0.98828125 0.01171875 0.0234375 0.0234375
0 0.50859375 0.584375 0.05078125 0.05234375
0 0.61328125 0.33203125 0.04765625 0.046875
0 0.44296875 0.55703125 0.05859375 0.0484375