0 0.7703125 0.03828125 0.078125 0.0765625
0 0.24375 0.06953125 0.071875 0.0640625
0 0.715625 0.30625 0.0734375 0.075
0 0.25546875 0.17421875 0.075 0.0734375
0 0.71328125 0.07421875 0.0796875 0.084375
0 0.81796875 0.73046875 0.0796875 0.0796875
0 0.8359375 0.66875 0.075 0.078125
0 0.175 0.08125 0.075 0.0578125
0 0.2140625 0.12421875 0.0734375 0.071875
0 0.77265625 0.66875 0.08125 0.08125
0 0.87265625 0.34296875 0.08125 0.08125
0 0.56484375 0.5375 0.0796875 0.08125
0 0.95859375 0.8734375 0.075 0.075
0 0.5953125 0.38828125 0.08125 0.0859375
0 0.96953125 0.8171875 0.0609375 0.075
0 0.278125 0.11796875 0.0734375 0.071875
0 0.6453125 0.18046875 0.0828125 0.0796875
0 0.64921875 0.43828125 0.0796875 0.08125
0 0.33203125 0.159375 0.0796875 0.0734375
0 0.76171875 0.359375 0.0828125 0.08125
0 0.66015625 0.353125 0.078125 0.0796875
0 0.82109375 0.38828125 0.08125 0.078125
0 0.66953125 0.11796875 0.078125 0.0765625
0 0.67265625 0.2625 0.0796875 0.0796875
0 0.74375 0.00859375 0.078125 0.0171875
0 0.8078125 0.00859375 0.08125 0.0171875
0 0.58671875 0.459375 0.0796875 0.08125
0 0.5375 0.0171875 0.075 0.034375
0 0.471875 0.425 0.0734375 0.075
0 0.53203125 0.40703125 0.0796875 0.08125
0 0.92890625 0.24140625 0.065625 0.075
0 0.93359375 0.30703125 0.084375 0.0828125
0 0.55 0.33515625 0.0734375 0.071875
0 0.609375 0.58515625 0.08125 0.08125
0 0.94375 0.60625 0.0765625 0.0765625
0 0.86875 0.01953125 0.08125 0.0390625
0 0.4875 0.34609375 0.0765625 0.078125
0 0.6 0.021875 0.078125 0.04375
0 0.88671875 0.90390625 0.0734375 0.0609375
0 0.61484375 0.30625 0.0796875 0.078125
0 0.72734375 0.21875 0.078125 0.078125
0 0.91328125 0.83125 0.0765625 0.0765625
0 0.521875 0.4859375 0.0828125 0.08125
0 0.84609375 0.60390625 0.078125 0.078125
0 0.8875 0.71328125 0.0734375 0.0703125
0 0.61015625 0.24296875 0.075 0.075
0 0.89609375 0.55703125 0.0796875 0.0796875
0 0.9015625 0.6625 0.0765625 0.075
0 0.38671875 0.3265625 0.078125 0.0765625
0 0.96015625 0.69453125 0.0796875 0.075
0 0.846875 0.13359375 0.0734375 0.0734375
0 0.978125 0.75078125 0.04375 0.0765625
0 0.55078125 0.2765625 0.0765625 0.08125
0 0.4921875 0.07421875 0.0765625 0.0796875
0 0.3046875 0.2296875 0.0796875 0.08125
0 0.97890625 0.64765625 0.0421875 0.0796875
0 0.3140625 0.06328125 0.0796875 0.08125
0 0.36171875 0.10703125 0.0828125 0.0828125
0 0.43046875 0.1078125 0.084375 0.084375
0 0.46875 0.03203125 0.08125 0.0640625
0 0.34140625 0.28359375 0.0828125 0.0765625
0 0.41640625 0.2765625 0.0859375 0.0796875
0 0.48515625 0.27890625 0.0859375 0.0890625
0 0.92890625 0.775 0.078125 0.08125
1 0.390625 0.04375 0.0890625 0.078125
1 0.40390625 0.15546875 0.0703125 0.065625
1 0.37734375 0.21640625 0.078125 0.078125
1 0.453125 0.20546875 0.0765625 0.084375
1 0.471875 0.15390625 0.071875 0.06875
1 0.5265625 0.20078125 0.075 0.0859375
1 0.584375 0.17421875 0.06875 0.065625
0 0.5359375 0.13203125 0.0765625 0.0796875
1 0.5671875 0.0609375 0.0640625 0.071875
1 0.63828125 0.059375 0.0796875 0.0703125
1 0.6859375 0.02421875 0.078125 0.0484375
1 0.6046875 0.11796875 0.0703125 0.0796875
1 0.7828125 0.10390625 0.0703125 0.08125
1 0.79453125 0.1640625 0.0703125 0.0734375
1 0.81640625 0.2234375 0.0765625 0.075
0 0.42734375 0.38203125 0.078125 0.0765625
1 0.76640625 0.275 0.075 0.0703125
1 0.709375 0.39453125 0.0671875 0.0671875
1 0.76796875 0.42890625 0.08125 0.0703125
1 0.70546875 0.4578125 0.0796875 0.071875
1 0.6390625 0.515625 0.0859375 0.075
1 0.6921875 0.55390625 0.0890625 0.090625
1 0.7625 0.5125 0.078125 0.0875
1 0.6640625 0.63515625 0.06875 0.0859375
1 0.721875 0.609375 0.071875 0.0828125
1 0.78125 0.5890625 0.078125 0.0890625
1 0.70546875 0.69609375 0.0765625 0.08125
1 0.7453125 0.73515625 0.075 0.0890625
1 0.78828125 0.778125 0.06875 0.06875
1 0.85859375 0.78125 0.0796875 0.084375
1 0.83984375 0.8421875 0.0828125 0.0984375
1 0.83515625 0.06171875 0.0703125 0.0703125
1 0.890625 0.05546875 0.065625 0.0796875
1 0.90546875 0.11875 0.0609375 0.0734375
1 0.88515625 0.19296875 0.0921875 0.078125
1 0.875 0.2546875 0.071875 0.071875
1 0.8265625 0.2953125 0.0765625 0.090625
1 0.8484375 0.4375 0.071875 0.06875
1 0.91796875 0.4 0.0859375 0.0765625
1 0.8328125 0.5171875 0.0828125 0.1
1 0.89453125 0.459375 0.078125 0.084375
1 0.95703125 0.4390625 0.065625 0.0671875
1 0.94296875 0.50390625 0.084375 0.084375
1 0.98046875 0.56171875 0.0390625 0.0859375