1 0.19765625 0.96796875 0.2046875 0.0640625
1 0.09921875 0.9015625 0.1109375 0.196875
1 0.25859375 0.88671875 0.2171875 0.2265625
1 0.32421875 0.7515625 0.2109375 0.215625
1 0.371875 0.571875 0.215625 0.240625
1 0.4453125 0.42265625 0.215625 0.221875
1 0.4875 0.246875 0.21875 0.2140625
1 0.54296875 0.1015625 0.2203125 0.203125
1 0.36640625 0.14140625 0.2046875 0.1828125
1 0.30625 0.2828125 0.221875 0.2171875
1 0.24609375 0.45078125 0.20625 0.21875
1 0.1953125 0.61875 0.20625 0.2125
1 0.134375 0.7671875 0.21875 0.246875
1 0.05234375 0.60234375 0.1046875 0.2015625
1 0.08828125 0.4625 0.1765625 0.209375
1 0.1171875 0.30078125 0.209375 0.2421875
1 0.2 0.16484375 0.203125 0.2078125
1 0.0953125 0.09765625 0.190625 0.1078125
1 0.05625 0.175 0.1125 0.2125