0 0.55078125 0.0296875 0.0734375 0.059375
0 0.63984375 0.0875 0.0734375 0.0703125
0 0.37265625 0.0328125 0.0765625 0.065625
0 0.5015625 0.071875 0.0734375 0.0703125
0 0.70234375 0.10546875 0.0734375 0.071875
0 0.10859375 0.06640625 0.053125 0.065625
0 0.22265625 0.09609375 0.0734375 0.071875
0 0.2515625 0.01171875 0.075 0.0234375
0 0.4875 0.02421875 0.075 0.0484375
0 0.58984375 0.13984375 0.075 0.0734375
0 0.528125 0.11796875 0.075 0.071875
0 0.1640625 0.07890625 0.0734375 0.0703125
0 0.71953125 0.16484375 0.0734375 0.0703125
0 0.76171875 0.1234375 0.0734375 0.0734375
0 0.5765625 0.07578125 0.0734375 0.0734375
0 0.41796875 0.01484375 0.0734375 0.0296875
0 0.26484375 0.05625 0.071875 0.0734375
0 0.28203125 0.1140625 0.0734375 0.0734375
0 0.82109375 0.1484375 0.075 0.0734375
0 0.3953125 0.0890625 0.075 0.071875
0 0.4421875 0.05 0.071875 0.0703125
0 0.47890625 0.16328125 0.075 0.075
0 0.86875 0.09921875 0.0734375 0.065625
0 0.965625 0.22734375 0.06875 0.0734375
0 0.31171875 0.0203125 0.0703125 0.040625
0 0.78515625 0.18515625 0.0734375 0.0703125
0 0.98828125 0.17890625 0.0234375 0.0734375
0 0.5484375 0.1828125 0.0734375 0.0703125
0 0.8890625 0.15703125 0.0734375 0.071875
0 0.846875 0.2015625 0.075 0.0734375
0 0.20546875 0.0375 0.075 0.075
0 0.90859375 0.21796875 0.075 0.0734375
0 0.4609375 0.103125 0.0734375 0.071875
0 0.3296875 0.06640625 0.0765625 0.0734375
0 0.6140625 0.19765625 0.0734375 0.0734375
0 0.978125 0.28671875 0.04375 0.0734375
0 0.67578125 0.215625 0.075 0.071875
0 0.146875 0.02734375 0.071875 0.0546875
0 0.65703125 0.14921875 0.075 0.0734375
0 0.4125 0.14609375 0.0734375 0.071875
0 0.74296875 0.06953125 0.0734375 0.0640625
0 0.35 0.1328125 0.0765625 0.0765625
0 0.9328125 0.1109375 0.071875 0.059375
0 0.8703125 0.26015625 0.0765625 0.0765625
0 0.61796875 0.0375 0.0734375 0.059375
0 0.8015625 0.23671875 0.0734375 0.0703125
0 0.73984375 0.2234375 0.071875 0.0703125
0 0.98125 0.121875 0.0375 0.053125
0 0.95 0.16640625 0.0734375 0.0703125
0 0.6828125 0.0484375 0.06875 0.05
0 0.80859375 0.0828125 0.0703125 0.0609375
0 0.93046875 0.28671875 0.075 0.0734375