0 0.56640625 0.0515625 0.1359375 0.103125
0 0.11640625 0.32734375 0.1140625 0.1265625
0 0.1671875 0.25234375 0.1140625 0.1203125
0 0.58984375 0.21875 0.1375 0.13125
0 0.02578125 0.31796875 0.0515625 0.1234375
0 0.13046875 0.10859375 0.115625 0.1234375
0 0.41640625 0.0484375 0.128125 0.0953125
0 0.74609375 0.20703125 0.134375 0.1484375
0 0.484375 0.12265625 0.1234375 0.125
0 0.05859375 0.20625 0.1109375 0.1328125
0 0.03671875 0.09375 0.0734375 0.115625
0 0.575 0.3609375 0.121875 0.1203125
0 0.9359375 0.13203125 0.0796875 0.14375
0 0.96171875 0.26328125 0.0484375 0.121875
0 0.16484375 0.55859375 0.128125 0.11875
0 0.8734375 0.22421875 0.128125 0.121875
0 0.9125 0.0328125 0.1 0.065625
0 0.2984375 0.28203125 0.1109375 0.1265625
0 0.68125 0.01796875 0.134375 0.0359375
0 0.8953125 0.46796875 0.1328125 0.125
0 0.2109375 0.41875 0.1328125 0.1296875
0 0.390625 0.21875 0.1171875 0.1234375
0 0.50546875 0.28359375 0.1265625 0.128125
0 0.23125 0.05625 0.10625 0.0765625
0 0.8046875 0.0109375 0.11875 0.021875
0 0.25859375 0.15703125 0.1140625 0.1296875
0 0.68359375 0.31328125 0.128125 0.125
0 0.8328125 0.3734375 0.1234375 0.1140625
0 0.78046875 0.50078125 0.125 0.1171875
0 0.65390625 0.4921875 0.11875 0.115625
0 0.52421875 0.4609375 0.115625 0.1109375
0 0.40078125 0.396875 0.1265625 0.1265625
0 0.32421875 0.49609375 0.11875 0.1078125
0 0.43828125 0.57734375 0.128125 0.115625
0 0.3078125 0.55625 0.1109375 0.1078125
0 0.35546875 0.0859375 0.1140625 0.11875
0 0.67109375 0.15 0.1296875 0.1234375
0 0.81015625 0.0953125 0.134375 0.121875
0 0.0671875 0.4734375 0.11875 0.1140625
0 0.978125 0.41328125 0.0421875 0.1078125