2 0.25859375 0.35625 0.175 0.15625
1 0.090625 0.91484375 0.18125 0.1671875
1 0.51484375 0.49296875 0.16875 0.171875
1 0.2203125 0.075 0.184375 0.15
1 0.44453125 0.6546875 0.18515625 0.18671875
1 0.09375 0.365625 0.1828125 0.171875
1 0.28203125 0.66015625 0.16484375 0.190625
1 0.3203125 0.2171875 0.18515625 0.18515625
1 0.346875 0.4828125 0.17890625 0.1875
1 0.64375 0.9140625 0.1921875 0.17109375
1 0.15625 0.215625 0.18046875 0.1828125
1 0.60859375 0.33828125 0.16875 0.18984375
1 0.89765625 0.784375 0.17421875 0.1828125
1 0.19296875 0.79765625 0.1796875 0.1796875
1 0.071875 0.078125 0.1390625 0.15625
1 0.29296875 0.93125 0.18203125 0.1296875
1 0.54609375 0.78984375 0.18359375 0.18515625
1 0.8296875 0.91640625 0.18984375 0.16484375
1 0.92109375 0.05546875 0.1578125 0.1109375
1 0.8828125 0.4734375 0.18359375 0.18125
1 0.940625 0.31171875 0.11875 0.19453125
1 0.684375 0.47890625 0.18671875 0.16875
1 0.73828125 0.77265625 0.18515625 0.18515625
1 0.784375 0.32109375 0.19140625 0.1921875
1 0.1125 0.64296875 0.18828125 0.1875
1 0.4703125 0.94296875 0.18671875 0.1140625
1 0.5109375 0.18359375 0.184375 0.1828125
1 0.596875 0.05703125 0.18984375 0.11328125
1 0.3796875 0.81328125 0.175 0.18125
1 0.41328125 0.07578125 0.1953125 0.1515625
1 0.86328125 0.1671875 0.16796875 0.184375
1 0.1828125 0.49609375 0.17578125 0.18046875
1 0.63203125 0.6484375 0.1828125 0.1828125
1 0.7609375 0.0609375 0.165625 0.121875
1 0.43359375 0.3375 0.18515625 0.165625
1 0.8046875 0.60390625 0.1921875 0.17265625
1 0.6859375 0.19140625 0.18828125 0.16953125
1 0.04453125 0.51015625 0.08828125 0.1890625
1 0.95 0.63125 0.09921875 0.16953125
1 0.03359375 0.2171875 0.0671875 0.19375
1 0.96171875 0.92578125 0.0765625 0.1453125
1 0.03671875 0.803125 0.0734375 0.196875
1 0.975 0.15078125 0.05 0.1859375
1 0.9828125 0.46796875 0.034375 0.1953125