1 0.23984375 0.9640625 0.2203125 0.071875
1 0.421875 0.9546875 0.203125 0.090625
1 0.59765625 0.9390625 0.2234375 0.121875
1 0.7734375 0.9171875 0.1875 0.1375
1 0.9203125 0.878125 0.159375 0.184375
1 0.96015625 0.7609375 0.0796875 0.1875
1 0.80703125 0.76796875 0.1984375 0.175
1 0.64765625 0.82109375 0.175 0.19375
1 0.475 0.84765625 0.2171875 0.184375
1 0.284375 0.87734375 0.2140625 0.1921875
1 0.1390625 0.88046875 0.184375 0.1734375
1 0.07578125 0.7484375 0.125 0.175
1 0.196875 0.72578125 0.2140625 0.2015625
1 0.36484375 0.7203125 0.19375 0.196875
1 0.52265625 0.690625 0.2125 0.18125
1 0.7 0.653125 0.246875 0.19375
1 0.90390625 0.634375 0.1921875 0.196875
1 0.9171875 0.47890625 0.165625 0.1953125
1 0.778125 0.515625 0.1984375 0.1765625
1 0.5921875 0.50390625 0.2046875 0.1640625
1 0.44921875 0.5453125 0.209375 0.1796875
1 0.26640625 0.56171875 0.2046875 0.1671875
1 0.09453125 0.58515625 0.184375 0.184375
1 0.0484375 0.4453125 0.096875 0.203125
1 0.16328125 0.434375 0.246875 0.2046875
1 0.340625 0.4203125 0.1984375 0.1953125
1 0.4984375 0.3765625 0.2171875 0.1953125
1 0.6796875 0.3609375 0.2328125 0.2015625
1 0.85234375 0.34375 0.184375 0.1609375
1 0.90078125 0.2046875 0.165625 0.196875
1 0.73828125 0.21796875 0.2125 0.1984375
1 0.55078125 0.21953125 0.203125 0.1734375
1 0.3921875 0.24296875 0.178125 0.209375
1 0.21953125 0.28515625 0.2125 0.175
1 0.06484375 0.28359375 0.1296875 0.1703125
1 0.11796875 0.153125 0.2234375 0.2046875
1 0.28828125 0.1171875 0.1984375 0.1671875
1 0.45390625 0.09296875 0.1921875 0.1609375
1 0.63671875 0.0859375 0.2046875 0.171875
1 0.80078125 0.0765625 0.2546875 0.153125