0 0.934375 0.98515625 0.034375 0.0296875
0 0.92734375 0.95546875 0.0578125 0.053125
0 0.90078125 0.91171875 0.0546875 0.053125
0 0.94296875 0.9140625 0.0375 0.0515625
0 0.88046875 0.865625 0.059375 0.0609375
0 0.93359375 0.8703125 0.05625 0.05625
0 0.86640625 0.82109375 0.0515625 0.05
0 0.91796875 0.8234375 0.053125 0.0515625
0 0.95546875 0.82578125 0.03125 0.0515625
0 0.83515625 0.77890625 0.0609375 0.0578125
0 0.890625 0.7828125 0.0578125 0.053125
0 0.94140625 0.78203125 0.0515625 0.0546875
0 0.81953125 0.73046875 0.0546875 0.0515625
0 0.86875 0.7375 0.053125 0.053125
0 0.91875 0.7390625 0.0546875 0.053125
0 0.96015625 0.7375 0.0390625 0.0515625
0 0.796875 0.68984375 0.0546875 0.0546875
0 0.84453125 0.6953125 0.053125 0.053125
0 0.90078125 0.6921875 0.0546875 0.0515625
0 0.946875 0.69765625 0.053125 0.0546875
0 0.77578125 0.64296875 0.05625 0.05625
0 0.8234375 0.64765625 0.053125 0.05625
0 0.875 0.6484375 0.0546875 0.0515625
0 0.9234375 0.65390625 0.053125 0.053125
0 0.96875 0.65546875 0.040625 0.05
0 0.753125 0.6015625 0.053125 0.0546875
0 0.8046875 0.6015625 0.05625 0.0546875
0 0.85546875 0.60546875 0.0578125 0.053125
0 0.90625 0.60859375 0.0515625 0.053125
0 0.95078125 0.6109375 0.053125 0.0546875
0 0.73671875 0.5546875 0.05625 0.05
0 0.784375 0.55703125 0.053125 0.053125
0 0.83359375 0.559375 0.053125 0.053125
0 0.8828125 0.56640625 0.053125 0.0546875
0 0.93359375 0.56640625 0.0546875 0.053125
0 0.9765625 0.5703125 0.0421875 0.0515625
0 0.7109375 0.5171875 0.0546875 0.05625
0 0.69140625 0.4671875 0.059375 0.0609375
0 0.66953125 0.4265625 0.0578125 0.053125
0 0.64921875 0.38125 0.0546875 0.05625
0 0.6296875 0.3359375 0.05625 0.053125
0 0.6046875 0.29375 0.05625 0.059375
0 0.58671875 0.246875 0.05625 0.0546875
0 0.6359375 0.25078125 0.053125 0.0515625
0 0.68671875 0.2515625 0.0546875 0.0515625
0 0.73671875 0.2546875 0.0546875 0.053125
0 0.78671875 0.26015625 0.053125 0.05625
0 0.83515625 0.26015625 0.053125 0.053125
0 0.884375 0.2640625 0.0546875 0.053125
0 0.93203125 0.2703125 0.0515625 0.053125
0 0.659375 0.29375 0.053125 0.0546875
0 0.71015625 0.296875 0.0515625 0.0515625
0 0.75703125 0.30078125 0.05 0.0515625
0 0.80703125 0.30546875 0.0546875 0.053125
0 0.85703125 0.3046875 0.0546875 0.053125
0 0.90390625 0.31328125 0.05 0.0515625
0 0.953125 0.31328125 0.053125 0.053125
0 0.67890625 0.3390625 0.0546875 0.0515625
0 0.73046875 0.340625 0.0546875 0.0515625
0 0.78046875 0.34375 0.053125 0.0546875
0 0.83046875 0.34609375 0.0515625 0.0546875
0 0.8765625 0.35078125 0.05 0.0515625
0 0.9234375 0.35703125 0.053125 0.053125
0 0.7015625 0.3828125 0.05 0.05
0 0.75078125 0.3875 0.0546875 0.053125
0 0.7984375 0.390625 0.05 0.0515625
0 0.8484375 0.3921875 0.0515625 0.0515625
0 0.89765625 0.3984375 0.0515625 0.053125
0 0.94609375 0.396875 0.053125 0.0546875
0 0.71875 0.428125 0.0515625 0.053125
0 0.76875 0.43046875 0.05625 0.053125
0 0.81953125 0.43203125 0.053125 0.0546875
0 0.86875 0.4375 0.05625 0.0546875
0 0.9203125 0.43984375 0.05 0.053125
0 0.96796875 0.4421875 0.05625 0.0578125
0 0.74296875 0.47109375 0.05 0.0515625
0 0.79140625 0.4734375 0.0515625 0.0515625
0 0.84140625 0.47421875 0.053125 0.053125
0 0.8921875 0.4796875 0.0578125 0.0546875
0 0.93984375 0.484375 0.05 0.0515625
0 0.98125 0.4859375 0.0375 0.05
0 0.7625 0.515625 0.0515625 0.0515625
0 0.8109375 0.5203125 0.0546875 0.0515625
0 0.86328125 0.52109375 0.053125 0.05
0 0.9125 0.52265625 0.053125 0.05
0 0.9609375 0.528125 0.053125 0.0546875
0 0.984375 0.40234375 0.03125 0.0515625
0 0.97265625 0.3578125 0.053125 0.05625
0 0.98671875 0.31875 0.0265625 0.053125
0 0.97578125 0.27421875 0.0484375 0.0515625
0 0.5671875 0.20390625 0.05625 0.0546875
0 0.61875 0.2078125 0.053125 0.053125
0 0.6671875 0.20859375 0.05 0.05
0 0.7171875 0.2140625 0.053125 0.0515625
0 0.765625 0.215625 0.05 0.0484375
0 0.8140625 0.21875 0.053125 0.053125
0 0.8640625 0.22265625 0.0546875 0.0515625
0 0.91484375 0.22578125 0.0546875 0.05625
0 0.96171875 0.228125 0.0484375 0.05
0 0.990625 0.23359375 0.01875 0.0484375
0 0.540625 0.16015625 0.0546875 0.053125
0 0.52109375 0.11640625 0.053125 0.05625
0 0.50078125 0.07421875 0.0546875 0.053125
0 0.47734375 0.02734375 0.0546875 0.0546875
0 0.596875 0.16484375 0.059375 0.0578125
0 0.64765625 0.1671875 0.05 0.0515625
0 0.6953125 0.16875 0.0515625 0.0515625
0 0.74453125 0.171875 0.05625 0.0515625
0 0.7921875 0.17421875 0.053125 0.053125
0 0.83984375 0.17734375 0.0515625 0.0546875
0 0.8890625 0.18203125 0.05 0.0515625
0 0.93671875 0.18359375 0.05 0.0515625
0 0.97890625 0.1875 0.0421875 0.05625
0 0.57421875 0.11953125 0.0546875 0.053125
0 0.625 0.121875 0.0546875 0.0546875
0 0.67421875 0.125 0.0484375 0.0515625
0 0.72265625 0.12734375 0.0546875 0.05625
0 0.77109375 0.1296875 0.053125 0.0515625
0 0.81875 0.134375 0.05 0.05
0 0.86953125 0.1375 0.0546875 0.05
0 0.91640625 0.13828125 0.0515625 0.053125
0 0.9640625 0.14375 0.053125 0.053125
0 0.99296875 0.14609375 0.0140625 0.0515625
0 0.55078125 0.07578125 0.053125 0.053125
0 0.6 0.08046875 0.05 0.0515625
0 0.64921875 0.08046875 0.053125 0.05
0 0.7 0.08671875 0.053125 0.053125
0 0.74921875 0.08828125 0.0546875 0.0515625
0 0.79765625 0.090625 0.0515625 0.0515625
0 0.84609375 0.09453125 0.053125 0.0546875
0 0.8953125 0.09765625 0.053125 0.053125
0 0.94453125 0.1 0.053125 0.053125
0 0.98359375 0.103125 0.0328125 0.05
0 0.528125 0.03046875 0.0546875 0.0546875
0 0.578125 0.0359375 0.05625 0.053125
0 0.62734375 0.03671875 0.0515625 0.0546875
0 0.6765625 0.03984375 0.0578125 0.053125
0 0.72734375 0.0453125 0.05625 0.053125
0 0.7765625 0.0484375 0.05 0.0484375
0 0.82265625 0.0515625 0.05625 0.0453125
0 0.87265625 0.05625 0.0484375 0.04375
0 0.92265625 0.06171875 0.0515625 0.0453125
0 0.97109375 0.06484375 0.05 0.040625