0 0.64765625 0.52265625 0.06875 0.0640625
0 0.8515625 0.03125 0.065625 0.0625
0 0.91328125 0.74375 0.0671875 0.0640625
0 0.90546875 0.91953125 0.06875 0.0609375
0 0.18203125 0.4078125 0.0671875 0.0640625
0 0.91953125 0.50703125 0.0703125 0.065625
0 0.45234375 0.6390625 0.065625 0.0640625
0 0.9734375 0.7375 0.053125 0.065625
0 0.34765625 0.46171875 0.065625 0.0640625
0 0.31875 0.4046875 0.06875 0.0640625
0 0.303125 0.1015625 0.06875 0.065625
0 0.38359375 0.6421875 0.065625 0.065625
0 0.89375 0.80625 0.0671875 0.065625
0 0.3765625 0.75390625 0.06875 0.065625
0 0.82890625 0.80625 0.065625 0.065625
0 0.55390625 0.44921875 0.0640625 0.0671875
0 0.7515625 0.4625 0.0671875 0.065625
0 0.48203125 0.578125 0.065625 0.065625
0 0.41875 0.58515625 0.0640625 0.0640625
0 0.78828125 0.6234375 0.065625 0.0625
0 0.86328125 0.8671875 0.0640625 0.0640625
0 0.71953125 0.8578125 0.06875 0.065625
0 0.221875 0.58046875 0.0671875 0.0625
0 0.971875 0.3828125 0.0515625 0.065625
0 0.546875 0.3265625 0.0671875 0.0640625
0 0.446875 0.52109375 0.0671875 0.0640625
0 0.94609375 0.6828125 0.065625 0.0640625
0 0.4171875 0.69765625 0.0625 0.0625
0 0.64375 0.63203125 0.0625 0.0625
0 0.58203125 0.51953125 0.059375 0.0609375
0 0.28828125 0.58203125 0.065625 0.0625
0 0.02421875 0.48125 0.0484375 0.065625
0 0.98359375 0.85703125 0.0328125 0.0640625
0 0.509375 0.75 0.0671875 0.0640625
0 0.71796875 0.51796875 0.0640625 0.0640625
0 0.9796875 0.6109375 0.040625 0.0625
0 0.0140625 0.17578125 0.028125 0.0640625
0 0.28046875 0.815625 0.06875 0.065625
0 0.68984375 0.9203125 0.065625 0.0640625
0 0.41484375 0.465625 0.065625 0.065625
0 0.97890625 0.4984375 0.0421875 0.059375
0 0.88984375 0.5640625 0.0671875 0.0640625
0 0.93046875 0.8625 0.0671875 0.0640625
0 0.5453125 0.5796875 0.065625 0.065625
0 0.85625 0.62734375 0.0625 0.0640625
0 0.753125 0.0875 0.065625 0.0625
0 0.815625 0.453125 0.0625 0.065625
0 0.79296875 0.859375 0.06875 0.065625
0 0.87734375 0.4453125 0.0671875 0.0671875
0 0.2515625 0.5265625 0.065625 0.065625
0 0.78125 0.39375 0.0671875 0.065625
0 0.78203125 0.51875 0.065625 0.065625
0 0.82109375 0.678125 0.0640625 0.0625
0 0.88203125 0.209375 0.065625 0.065625
0 0.1140625 0.65234375 0.0703125 0.065625
0 0.453125 0.39375 0.0671875 0.0625
0 0.478125 0.696875 0.0609375 0.0625
0 0.78046875 0.2734375 0.0671875 0.065625
0 0.315625 0.5203125 0.0625 0.0609375
0 0.75546875 0.68203125 0.065625 0.0625
0 0.884375 0.68671875 0.065625 0.0609375
0 0.71015625 0.6328125 0.0671875 0.0640625
0 0.45078125 0.75390625 0.0625 0.0609375
0 0.08125 0.475 0.0625 0.0640625
0 0.71328125 0.28359375 0.065625 0.0640625
0 0.2828125 0.46015625 0.0640625 0.0640625
0 0.8234375 0.571875 0.065625 0.0640625
0 0.28046875 0.6984375 0.0625 0.065625
0 0.51015625 0.15859375 0.0671875 0.065625
0 0.61796875 0.46484375 0.0671875 0.065625
0 0.25625 0.6359375 0.065625 0.0609375
0 0.78046875 0.73515625 0.0640625 0.0640625
0 0.75078125 0.3359375 0.065625 0.0640625
0 0.57421875 0.1515625 0.065625 0.0640625
0 0.84453125 0.74375 0.065625 0.065625
0 0.28203125 0.34453125 0.065625 0.065625
0 0.8171875 0.09140625 0.065625 0.0640625
0 0.35234375 0.575 0.0625 0.0625
0 0.9234375 0.6234375 0.0671875 0.0640625
0 0.60859375 0.578125 0.065625 0.0640625
0 0.690625 0.80234375 0.0671875 0.0609375
0 0.47734375 0.33203125 0.065625 0.065625
0 0.6109375 0.6921875 0.065625 0.0640625
0 0.6765625 0.57734375 0.0640625 0.0625
0 0.13984375 0.4640625 0.0671875 0.065625
0 0.67734375 0.09140625 0.065625 0.0640625
0 0.30703125 0.75546875 0.0625 0.0640625
0 0.67890625 0.68828125 0.06875 0.0640625
0 0.959375 0.8015625 0.05625 0.0578125
0 0.04921875 0.41640625 0.06875 0.0640625
0 0.05390625 0.53671875 0.0671875 0.0640625
0 0.7421875 0.575 0.065625 0.0640625
0 0.578125 0.03984375 0.06875 0.065625
0 0.2203125 0.3515625 0.0640625 0.0640625
0 0.95234375 0.084375 0.065625 0.065625
0 0.35390625 0.93125 0.06875 0.0671875
0 0.8640625 0.9671875 0.0671875 0.053125
0 0.815625 0.21484375 0.0671875 0.065625
0 0.42578125 0.93125 0.0625 0.065625
0 0.5421875 0.215625 0.06875 0.0640625
0 0.61640625 0.32578125 0.0703125 0.0671875
0 0.41875 0.80859375 0.0640625 0.0625
0 0.34765625 0.3421875 0.0640625 0.0625
0 0.9734375 0.14375 0.0421875 0.0640625
0 0.9390625 0.9671875 0.06875 0.0515625
0 0.8140625 0.328125 0.065625 0.0640625
0 0.55 0.80625 0.06875 0.0640625
0 0.51640625 0.63984375 0.0625 0.0640625
0 0.653125 0.1546875 0.0640625 0.0609375
0 0.57890625 0.26875 0.065625 0.0640625
0 0.6859375 0.3390625 0.0625 0.0640625
0 0.7859375 0.0328125 0.0640625 0.0625
0 0.15 0.58984375 0.06875 0.0640625
0 0.95546875 0.3234375 0.06875 0.065625
0 0.7125 0.03046875 0.065625 0.0609375
0 0.1796875 0.5265625 0.0640625 0.065625
0 0.11640625 0.528125 0.0625 0.0640625
0 0.37421875 0.2859375 0.0671875 0.0640625
0 0.246875 0.759375 0.065625 0.0640625
0 0.95703125 0.55703125 0.0640625 0.0625
0 0.621875 0.9203125 0.0625 0.059375
0 0.38203125 0.521875 0.065625 0.0625
0 0.11640625 0.4078125 0.065625 0.0625
0 0.19140625 0.1703125 0.0640625 0.0640625
0 0.409375 0.1734375 0.065625 0.0640625
0 0.5421875 0.69375 0.0671875 0.0640625
0 0.85078125 0.271875 0.0625 0.0640625
0 0.51328125 0.271875 0.065625 0.0640625
0 0.34375 0.69765625 0.0703125 0.0640625
0 0.1765625 0.7640625 0.0671875 0.065625
0 0.6515625 0.97109375 0.0703125 0.0546875
0 0.30703125 0.01875 0.0671875 0.0328125
0 0.5828125 0.74765625 0.065625 0.0625
0 0.58046875 0.63359375 0.0625 0.0578125
0 0.0796875 0.35 0.06875 0.0640625
0 0.45546875 0.98203125 0.0578125 0.0359375
0 0.02265625 0.0515625 0.0453125 0.0625
0 0.2125 0.7046875 0.0671875 0.0640625
0 0.23515625 0.22109375 0.0671875 0.0640625
0 0.61015625 0.10234375 0.059375 0.0578125
0 0.375 0.22421875 0.0640625 0.0609375
0 0.25390625 0.4078125 0.0640625 0.0625
0 0.215625 0.82109375 0.0640625 0.0640625
0 0.5203125 0.98046875 0.06875 0.0390625
1 0.88359375 0.33125 0.065625 0.06875
0 0.68515625 0.465625 0.0625 0.0625
0 0.053125 0.29375 0.065625 0.0640625
0 0.309375 0.21640625 0.0640625 0.0671875
0 0.02890625 0.23671875 0.0578125 0.0609375
0 0.98828125 0.67265625 0.0234375 0.0640625
0 0.6734375 0.0078125 0.0625 0.015625
1 0.58515625 0.86640625 0.0625 0.0578125
0 0.13046875 0.17734375 0.0609375 0.065625
0 0.03359375 0.11328125 0.0671875 0.065625
1 0.75859375 0.91875 0.0703125 0.0578125
1 0.84609375 0.3890625 0.059375 0.065625
1 0.52578125 0.3890625 0.0671875 0.0609375
1 0.26328125 0.05078125 0.0546875 0.0578125
1 0.49296875 0.93046875 0.071875 0.06875
1 0.84609375 0.5140625 0.065625 0.05625
0 0.99296875 0.79140625 0.0140625 0.0640625
0 0.01015625 0.29296875 0.0203125 0.0640625
1 0.884375 0.090625 0.059375 0.0640625
1 0.75078125 0.2125 0.0609375 0.0609375
1 0.65078125 0.8625 0.0640625 0.0640625
1 0.4859375 0.45 0.0671875 0.06875
1 0.59609375 0.390625 0.0640625 0.059375
1 0.65625 0.40078125 0.065625 0.0625
1 0.51953125 0.86875 0.0703125 0.0625
1 0.51875 0.51171875 0.065625 0.06875
0 0.61484375 0.00703125 0.0609375 0.0140625
1 0.328125 0.871875 0.059375 0.053125
1 0.78515625 0.1546875 0.0703125 0.059375
1 0.48203125 0.81328125 0.0609375 0.0640625
1 0.61953125 0.80625 0.065625 0.0578125
1 0.68359375 0.21484375 0.0671875 0.059375
1 0.3546875 0.06171875 0.053125 0.0578125
1 0.0640625 0.17890625 0.06875 0.0625
1 0.9234375 0.0265625 0.06875 0.053125
1 0.72109375 0.74765625 0.053125 0.0609375
1 0.82890625 0.92265625 0.065625 0.0625
1 0.1625 0.1109375 0.05625 0.0578125
1 0.615625 0.209375 0.065625 0.0578125
1 0.21484375 0.4640625 0.0625 0.0546875
0 0.18984375 0.64375 0.0671875 0.0625
1 0.75703125 0.79921875 0.0640625 0.059375
0 0.58515625 0.97578125 0.0609375 0.046875
1 0.559375 0.92734375 0.059375 0.0625
0 0.08515625 0.5890625 0.0625 0.0640625
1 0.228125 0.109375 0.065625 0.0625
1 0.5375 0.09453125 0.059375 0.059375
1 0.853125 0.14765625 0.0640625 0.059375
1 0.71640625 0.153125 0.0625 0.0671875
1 0.946875 0.20859375 0.065625 0.0609375
1 0.44375 0.2765625 0.0609375 0.0578125
1 0.471875 0.21875 0.0625 0.0578125
1 0.64921875 0.27109375 0.0609375 0.0671875
1 0.2875 0.94140625 0.0671875 0.065625
1 0.15234375 0.34453125 0.0671875 0.0546875
1 0.909375 0.3890625 0.0671875 0.0546875
1 0.190625 0.28984375 0.0609375 0.0625
1 0.253125 0.28515625 0.0671875 0.0578125
1 0.9453125 0.44453125 0.065625 0.065625
0 0.6453125 0.04140625 0.0640625 0.0609375
1 0.26484375 0.16171875 0.0703125 0.05625
1 0.91953125 0.2671875 0.065625 0.0546875
1 0.7140625 0.40390625 0.0578125 0.0640625
1 0.978125 0.26171875 0.0375 0.065625
1 0.45 0.115625 0.0640625 0.059375
1 0.35078125 0.81484375 0.06875 0.05625
1 0.4875 0.0609375 0.0703125 0.0609375
1 0.10234375 0.11484375 0.065625 0.05625
1 0.39453125 0.86796875 0.0640625 0.0671875
1 0.11796875 0.290625 0.06875 0.065625
1 0.1453125 0.05625 0.0609375 0.065625
1 0.38671875 0.4015625 0.059375 0.059375
1 0.9203125 0.15234375 0.059375 0.0609375
1 0.1625 0.23515625 0.0703125 0.0578125
0 0.41953125 0.33984375 0.0609375 0.0625
1 0.65078125 0.74765625 0.065625 0.059375
1 0.4171875 0.05546875 0.065625 0.0703125
0 0.88359375 0.00234375 0.0703125 0.0046875
1 0.45546875 0.8671875 0.059375 0.059375
1 0.07890625 0.05859375 0.06875 0.06875
1 0.340625 0.16171875 0.0578125 0.0625
0 0.7421875 0.003125 0.071875 0.00625
1 0.20390625 0.0515625 0.0640625 0.0578125
1 0.3828125 0.11328125 0.06875 0.0515625
1 0.26484375 0.8796875 0.071875 0.0578125
0 0.1484375 0.7078125 0.05625 0.0609375
1 0.45703125 0.01484375 0.065625 0.0296875
1 0.315625 0.2828125 0.0546875 0.0546875
0 0.0078125 0.415625 0.015625 0.0625
1 0.09609375 0.234375 0.0625 0.0546875
1 0.72578125 0.971875 0.0703125 0.05
1 0.79453125 0.9703125 0.0703125 0.0515625
1 0.38515625 0.0125 0.075 0.0234375
1 0.02109375 0.35625 0.0421875 0.053125
1 0.39453125 0.98203125 0.0609375 0.0359375
0 0.99140625 0.44609375 0.015625 0.0671875
1 0.97734375 0.9265625 0.0453125 0.065625
1 0.321875 0.98515625 0.08125 0.0296875
0 0.81640625 0.0015625 0.0609375 0.003125
0 0.99453125 0.55625 0.0109375 0.065625
0 0.3265625 0.6390625 0.0546875 0.05625
1 0.9765625 0.025 0.03125 0.05
1 0.5296875 0.009375 0.06875 0.01875