2 0.58046875 0.38984375 0.06328125 0.0484375
0 0.575 0.9796875 0.053125 0.040625
0 0.6390625 0.97890625 0.05625 0.0421875
0 0.5203125 0.97890625 0.05625 0.0421875
0 0.46640625 0.98046875 0.0484375 0.0390625
0 0.41171875 0.9828125 0.05625 0.034375
0 0.38359375 0.94921875 0.0515625 0.05234375
0 0.43984375 0.94375 0.05546875 0.0546875
0 0.4921875 0.9421875 0.04609375 0.05234375
0 0.55 0.9421875 0.0515625 0.0515625
0 0.60625 0.940625 0.04921875 0.053125
0 0.65703125 0.93984375 0.053125 0.0515625
0 0.353125 0.90859375 0.053125 0.05078125
0 0.4109375 0.890625 0.04765625 0.04765625
0 0.46328125 0.890625 0.05 0.05
0 0.5171875 0.89765625 0.0546875 0.05078125
0 0.571875 0.88203125 0.05546875 0.04453125
0 0.62578125 0.8890625 0.05546875 0.053125
0 0.68125 0.87734375 0.0453125 0.0421875
0 0.709375 0.8421875 0.05 0.0515625
0 0.64921875 0.846875 0.05703125 0.05
1 0.59453125 0.84296875 0.046875 0.0421875
0 0.53984375 0.84921875 0.05546875 0.0546875
0 0.484375 0.85234375 0.05 0.05390625
0 0.43359375 0.853125 0.0484375 0.053125
0 0.38515625 0.8484375 0.05078125 0.04921875
0 0.32734375 0.85703125 0.05703125 0.04765625
0 0.3 0.8203125 0.05390625 0.053125
0 0.35390625 0.80390625 0.0484375 0.0484375
0 0.40546875 0.80625 0.053125 0.05078125
0 0.4609375 0.8046875 0.05390625 0.0515625
0 0.51171875 0.79296875 0.05078125 0.04609375
0 0.5703125 0.79921875 0.053125 0.05625
0 0.62421875 0.796875 0.05390625 0.0515625
0 0.67734375 0.78515625 0.05390625 0.04609375
0 0.73203125 0.78359375 0.0515625 0.05078125
0 0.7546875 0.7375 0.05 0.0484375
0 0.7 0.73984375 0.05078125 0.05234375
0 0.6453125 0.7453125 0.053125 0.05
0 0.5953125 0.74765625 0.046875 0.05546875
0 0.5390625 0.7546875 0.053125 0.05390625
0 0.48828125 0.75703125 0.05078125 0.05390625
0 0.43359375 0.7609375 0.053125 0.0484375
0 0.3796875 0.7546875 0.05234375 0.046875
0 0.3296875 0.76171875 0.05078125 0.04765625
0 0.27734375 0.77109375 0.05390625 0.05078125
0 0.24609375 0.7359375 0.05390625 0.05546875
0 0.30078125 0.725 0.05859375 0.0515625
0 0.35234375 0.71875 0.05 0.05
0 0.403125 0.715625 0.05703125 0.05234375
0 0.45703125 0.7078125 0.0484375 0.046875
0 0.51328125 0.7046875 0.05390625 0.053125
0 0.5671875 0.7015625 0.05234375 0.05390625
0 0.6203125 0.69765625 0.0515625 0.0578125
0 0.6703125 0.696875 0.05 0.05078125
0 0.725 0.69921875 0.05 0.0546875
0 0.77890625 0.69296875 0.0515625 0.05078125
0 0.80078125 0.6453125 0.053125 0.053125
0 0.7484375 0.64765625 0.053125 0.05390625
0 0.69609375 0.6515625 0.05546875 0.0484375
0 0.6421875 0.65078125 0.05234375 0.05078125
0 0.58984375 0.6515625 0.053125 0.053125
0 0.53671875 0.65546875 0.05234375 0.05
0 0.48515625 0.65546875 0.04921875 0.0484375
0 0.4375 0.6609375 0.05390625 0.05078125
0 0.38125 0.66328125 0.0515625 0.05078125
0 0.32734375 0.67109375 0.05 0.0515625
0 0.275 0.6796875 0.05078125 0.04765625
0 0.215625 0.6890625 0.0546875 0.05078125
0 0.19140625 0.63984375 0.053125 0.05390625
0 0.246875 0.640625 0.05390625 0.05
0 0.29921875 0.62421875 0.05 0.04609375
0 0.35 0.6203125 0.05078125 0.04609375
0 0.40390625 0.61875 0.05625 0.05
0 0.45703125 0.6171875 0.0515625 0.0484375
0 0.51015625 0.6109375 0.04921875 0.0515625
0 0.56171875 0.6078125 0.0546875 0.05
0 0.6140625 0.60625 0.04765625 0.0484375
0 0.66640625 0.603125 0.05078125 0.0515625
0 0.71953125 0.59921875 0.0484375 0.0484375
0 0.771875 0.59921875 0.05 0.05078125
0 0.81953125 0.59609375 0.05 0.04609375
0 0.1640625 0.59609375 0.05546875 0.05390625
0 0.21796875 0.59609375 0.04921875 0.05859375
0 0.271875 0.584375 0.05078125 0.05234375
0 0.3265625 0.57890625 0.0515625 0.04921875
0 0.37734375 0.57421875 0.05234375 0.05
0 0.42890625 0.5734375 0.0484375 0.04921875
0 0.4828125 0.56796875 0.046875 0.04921875
0 0.5328125 0.56796875 0.05078125 0.046875
0 0.5875 0.56328125 0.04765625 0.0484375
0 0.6375 0.5609375 0.05234375 0.0484375
0 0.69140625 0.5609375 0.04921875 0.04921875
0 0.7421875 0.55546875 0.0484375 0.05078125
0 0.79375 0.55390625 0.0515625 0.0484375
0 0.8453125 0.55390625 0.05078125 0.05234375
0 0.13984375 0.54921875 0.04921875 0.05
0 0.1921875 0.54609375 0.05078125 0.04765625
0 0.25078125 0.53984375 0.0484375 0.0484375
0 0.2984375 0.534375 0.05078125 0.0484375
0 0.34921875 0.53125 0.05234375 0.04921875
0 0.40234375 0.52890625 0.046875 0.05078125
0 0.4546875 0.5328125 0.053125 0.05625
0 0.50703125 0.525 0.05078125 0.046875
0 0.55859375 0.525 0.0515625 0.04765625
0 0.6125 0.51875 0.053125 0.05
0 0.6640625 0.515625 0.05 0.053125
0 0.71484375 0.51484375 0.05546875 0.05546875
0 0.76796875 0.50859375 0.05078125 0.04765625
0 0.81640625 0.5109375 0.046875 0.05
0 0.86875 0.50703125 0.0546875 0.0484375
0 0.11171875 0.50625 0.05078125 0.0515625
0 0.16640625 0.5015625 0.05390625 0.0484375
0 0.21953125 0.5 0.05078125 0.05078125
0 0.2703125 0.4921875 0.0515625 0.04765625
0 0.32109375 0.490625 0.05234375 0.04921875
0 0.375 0.4890625 0.0484375 0.05
0 0.42578125 0.48515625 0.0515625 0.0515625
0 0.4796875 0.484375 0.053125 0.05390625
0 0.5328125 0.4796875 0.053125 0.0546875
0 0.584375 0.48046875 0.0515625 0.04921875
0 0.63515625 0.47421875 0.05078125 0.04921875
0 0.6875 0.46953125 0.0484375 0.0484375
0 0.73828125 0.465625 0.05078125 0.05078125
0 0.790625 0.4640625 0.0515625 0.0515625
0 0.840625 0.4625 0.04765625 0.05078125
0 0.8921875 0.46328125 0.05703125 0.053125
0 0.084375 0.46328125 0.05390625 0.0515625
0 0.1390625 0.45859375 0.05 0.0484375
0 0.18984375 0.45234375 0.05078125 0.05078125
0 0.24140625 0.45 0.053125 0.0515625
0 0.296875 0.4484375 0.05078125 0.04921875
0 0.34453125 0.446875 0.05078125 0.05078125
0 0.396875 0.44296875 0.05234375 0.05078125
0 0.45 0.43984375 0.0484375 0.046875
0 0.5 0.434375 0.05 0.04765625
0 0.553125 0.43125 0.05546875 0.0515625
0 0.6078125 0.4375 0.05390625 0.0515625
0 0.66015625 0.42734375 0.0515625 0.05
0 0.0578125 0.42109375 0.0546875 0.046875
0 0.1109375 0.41328125 0.0515625 0.05078125
0 0.1640625 0.409375 0.053125 0.05078125
0 0.21640625 0.40625 0.053125 0.05234375
0 0.2671875 0.40625 0.0546875 0.0515625
0 0.3203125 0.40546875 0.05078125 0.05
0 0.3703125 0.4046875 0.05 0.0484375
0 0.4203125 0.4 0.053125 0.0484375
0 0.475 0.39765625 0.05234375 0.0515625
0 0.5265625 0.39609375 0.0515625 0.0484375
0 0.63203125 0.384375 0.0484375 0.05
0 0.68203125 0.38515625 0.0515625 0.05234375
0 0.02734375 0.3921875 0.0546875 0.0484375
0 0.08359375 0.38046875 0.05546875 0.0484375
0 0.134375 0.365625 0.05 0.04765625
0 0.18828125 0.36875 0.05546875 0.05
0 0.24296875 0.3625 0.0515625 0.04765625
0 0.29296875 0.35859375 0.0515625 0.05390625
0 0.34375 0.36171875 0.04921875 0.0484375
0 0.39453125 0.3546875 0.0546875 0.053125
0 0.44765625 0.35546875 0.0515625 0.05
0 0.50078125 0.35078125 0.05234375 0.05
0 0.55390625 0.35234375 0.0515625 0.053125
0 0.60390625 0.3453125 0.05 0.053125
0 0.6546875 0.33984375 0.04765625 0.04921875
0 0.0140625 0.3375 0.028125 0.0515625
0 0.05859375 0.3296875 0.05 0.0484375
0 0.10859375 0.32421875 0.04609375 0.05
0 0.15859375 0.3265625 0.05078125 0.05
0 0.21328125 0.32421875 0.04921875 0.053125
0 0.26640625 0.32109375 0.05234375 0.04609375
0 0.31640625 0.31796875 0.0484375 0.0515625
0 0.3671875 0.315625 0.05 0.0484375
0 0.421875 0.31328125 0.0515625 0.05078125
0 0.47265625 0.309375 0.0515625 0.05078125
0 0.5234375 0.30625 0.04765625 0.0515625
0 0.57265625 0.3046875 0.05078125 0.04765625
0 0.62578125 0.3 0.0515625 0.0484375
0 0.67890625 0.296875 0.0515625 0.0515625
0 0.02890625 0.29296875 0.0484375 0.04921875
0 0.08203125 0.284375 0.0515625 0.053125
0 0.13203125 0.28046875 0.05390625 0.053125
0 0.1859375 0.28203125 0.05078125 0.05390625
0 0.23671875 0.28125 0.053125 0.0484375
0 0.2875 0.2765625 0.04921875 0.05
0 0.3375 0.27421875 0.053125 0.04921875
0 0.39140625 0.27109375 0.0515625 0.0484375
0 0.4453125 0.26640625 0.04921875 0.05078125
0 0.4953125 0.26484375 0.053125 0.04921875
0 0.5453125 0.26328125 0.05078125 0.0484375
0 0.596875 0.259375 0.05 0.05078125
0 0.0125 0.2515625 0.025 0.05
0 0.05078125 0.24296875 0.053125 0.0484375
0 0.10703125 0.23828125 0.05078125 0.05
0 0.159375 0.2359375 0.05 0.0515625
0 0.21015625 0.23359375 0.053125 0.05625
0 0.2625 0.23359375 0.05234375 0.05390625
0 0.31328125 0.23046875 0.053125 0.04921875
0 0.36640625 0.23046875 0.04765625 0.0484375
0 0.41484375 0.2265625 0.0515625 0.046875
0 0.46875 0.22109375 0.05 0.05
0 0.51796875 0.21953125 0.05 0.04765625
0 0.56796875 0.2171875 0.0515625 0.0484375
0 0.61953125 0.2125 0.05 0.05078125
0 0.025 0.2015625 0.05 0.053125
0 0.0796875 0.19765625 0.04765625 0.04765625
0 0.13046875 0.19375 0.053125 0.04765625
0 0.18203125 0.18828125 0.04765625 0.04609375
0 0.23359375 0.1859375 0.0515625 0.046875
0 0.2859375 0.18671875 0.0515625 0.05
0 0.33671875 0.18515625 0.053125 0.0484375
0 0.3890625 0.18359375 0.05 0.0484375
0 0.43984375 0.18203125 0.05 0.053125
0 0.49140625 0.17578125 0.05234375 0.04921875
0 0.54296875 0.1734375 0.05 0.05
0 0.59375 0.17109375 0.05078125 0.05
0 0.64296875 0.1671875 0.05 0.05078125
0 0.01328125 0.1546875 0.0265625 0.0484375
0 0.05234375 0.15078125 0.04765625 0.04609375
0 0.103125 0.15 0.053125 0.05078125
0 0.15703125 0.14453125 0.05234375 0.0453125
0 0.20625 0.14765625 0.04921875 0.05
0 0.2578125 0.14453125 0.0515625 0.0484375
0 0.3109375 0.14609375 0.05 0.05234375
0 0.36171875 0.14296875 0.05078125 0.046875
0 0.41015625 0.13828125 0.04921875 0.05
0 0.459375 0.1359375 0.05 0.04921875
0 0.51640625 0.13125 0.04921875 0.04921875
0 0.56640625 0.13046875 0.04765625 0.04921875
0 0.615625 0.12421875 0.05 0.04921875
0 0.7109375 0.4234375 0.05078125 0.0484375
0 0.7625 0.4234375 0.04765625 0.04765625
0 0.8125 0.4203125 0.05390625 0.04609375
0 0.86484375 0.41953125 0.0515625 0.0484375
0 0.91796875 0.41875 0.053125 0.053125
0 0.73359375 0.38046875 0.04921875 0.0484375
0 0.7875 0.38046875 0.05 0.0515625
0 0.840625 0.37734375 0.0515625 0.053125
0 0.8921875 0.37578125 0.05234375 0.0515625
0 0.94140625 0.3703125 0.04765625 0.05234375
0 0.70546875 0.340625 0.0515625 0.0453125
0 0.76015625 0.3359375 0.053125 0.0484375
0 0.81171875 0.33359375 0.0515625 0.05
0 0.8609375 0.32890625 0.0484375 0.04921875
0 0.9125 0.32734375 0.05078125 0.05078125
0 0.96328125 0.32421875 0.0515625 0.05
0 0.73125 0.2953125 0.04921875 0.05
0 0.78359375 0.29296875 0.0515625 0.0515625
0 0.83203125 0.28828125 0.04765625 0.0515625
0 0.88125 0.28515625 0.0515625 0.0484375
0 0.93515625 0.2828125 0.0515625 0.05
0 0.98046875 0.28125 0.0390625 0.0484375
0 0.64921875 0.25625 0.05390625 0.0484375
0 0.70078125 0.2515625 0.0484375 0.04765625
0 0.7546875 0.25078125 0.04921875 0.0515625
0 0.803125 0.2453125 0.0515625 0.0484375
0 0.85703125 0.24453125 0.053125 0.05
0 0.91015625 0.2421875 0.05078125 0.05078125
0 0.959375 0.2390625 0.04765625 0.04765625
0 0.66953125 0.209375 0.04921875 0.046875
0 0.725 0.20703125 0.0515625 0.0515625
0 0.77578125 0.203125 0.05234375 0.0484375
0 0.8265625 0.20078125 0.053125 0.04453125
0 0.88125 0.19921875 0.046875 0.0484375
0 0.92890625 0.196875 0.05 0.0484375
0 0.97734375 0.19453125 0.0453125 0.05
0 0.69609375 0.1671875 0.05078125 0.04921875
0 0.74609375 0.16171875 0.04921875 0.04765625
0 0.79609375 0.15859375 0.05390625 0.0484375
0 0.85234375 0.15859375 0.0515625 0.04765625
0 0.903125 0.15546875 0.05 0.05
0 0.95234375 0.153125 0.05 0.04921875
0 0.66640625 0.1234375 0.0484375 0.04921875
0 0.7171875 0.12265625 0.0515625 0.05
0 0.7703125 0.11640625 0.0515625 0.05
0 0.821875 0.115625 0.053125 0.05
0 0.87421875 0.11328125 0.0484375 0.05
0 0.928125 0.11171875 0.0515625 0.0515625
0 0.97734375 0.10703125 0.0453125 0.053125
0 0.02421875 0.11484375 0.0484375 0.0546875
0 0.07578125 0.10859375 0.0515625 0.04609375
0 0.12578125 0.1046875 0.04765625 0.04765625
0 0.178125 0.1046875 0.05234375 0.05078125
0 0.23046875 0.10390625 0.05 0.046875
0 0.28359375 0.10234375 0.05078125 0.04765625
0 0.33359375 0.1 0.04765625 0.0515625
0 0.38359375 0.09609375 0.05 0.04765625
0 0.4328125 0.0921875 0.05078125 0.0515625
0 0.01171875 0.06796875 0.0234375 0.053125
0 0.04765625 0.06796875 0.0515625 0.04765625
0 0.09765625 0.06484375 0.05234375 0.0484375
0 0.1484375 0.0609375 0.05078125 0.04609375
0 0.20390625 0.0578125 0.05078125 0.05078125
0 0.25546875 0.0625 0.0515625 0.0515625
0 0.30703125 0.0578125 0.05078125 0.04609375
0 0.3578125 0.05390625 0.04921875 0.0515625
0 0.4078125 0.0515625 0.0515625 0.05078125
0 0.459375 0.04921875 0.05234375 0.05234375
0 0.0234375 0.028125 0.046875 0.0515625
0 0.07109375 0.025 0.05 0.05
0 0.11953125 0.02421875 0.05 0.0484375
0 0.17265625 0.02265625 0.05 0.0453125
0 0.22890625 0.02265625 0.0484375 0.0453125
0 0.2765625 0.01875 0.0515625 0.0375
0 0.3296875 0.01953125 0.053125 0.0390625
0 0.3796875 0.01796875 0.0484375 0.0359375
0 0.42890625 0.01796875 0.0515625 0.0359375
0 0.48515625 0.09140625 0.053125 0.05
0 0.5390625 0.0875 0.05 0.0484375
0 0.5890625 0.084375 0.0484375 0.04765625
0 0.64296875 0.0859375 0.04765625 0.0484375
0 0.68984375 0.08125 0.0453125 0.04765625
0 0.7375 0.078125 0.0515625 0.04765625
0 0.79375 0.0765625 0.05390625 0.0484375
0 0.84609375 0.071875 0.04921875 0.0484375
0 0.89765625 0.06875 0.05234375 0.05
0 0.9484375 0.065625 0.05 0.0484375
0 0.9875 0.0625 0.025 0.0453125
0 0.509375 0.04609375 0.05 0.05390625
0 0.55859375 0.04375 0.05 0.0515625
0 0.60859375 0.04140625 0.05078125 0.046875
0 0.6625 0.0375 0.053125 0.05
0 0.71328125 0.0359375 0.04453125 0.05078125
0 0.7625 0.0359375 0.0546875 0.05234375
0 0.81640625 0.03125 0.0546875 0.0484375
0 0.8703125 0.028125 0.05078125 0.05
0 0.9203125 0.0265625 0.04921875 0.04765625
0 0.96953125 0.0234375 0.0484375 0.046875
0 0.48203125 0.01640625 0.053125 0.0328125
0 0.534375 0.01328125 0.0515625 0.0265625
0 0.58359375 0.01171875 0.0484375 0.0234375
0 0.634375 0.01171875 0.05 0.0234375
0 0.6875 0.01171875 0.053125 0.0234375
0 0.73828125 0.01015625 0.0484375 0.0203125