0 0.03046875 0.60625 0.0484375 0.06875
0 0.0203125 0.43046875 0.040625 0.0703125
0 0.07890625 0.9609375 0.0453125 0.065625
0 0.06875 0.66953125 0.071875 0.071875
0 0.20390625 0.65625 0.071875 0.0703125
0 0.09921875 0.44296875 0.0734375 0.071875
0 0.0546875 0.7328125 0.0609375 0.071875
0 0.0890625 0.60546875 0.0703125 0.0703125
0 0.11484375 0.7203125 0.06875 0.0703125
0 0.04296875 0.54453125 0.075 0.071875
0 0.23671875 0.06015625 0.071875 0.0640625
0 0.0515625 0.4828125 0.071875 0.071875
0 0.0109375 0.23828125 0.021875 0.0703125
0 0.259375 0.53359375 0.071875 0.0703125
0 0.18359375 0.71875 0.0703125 0.071875
0 0.01953125 0.17578125 0.0390625 0.0703125
0 0.23671875 0.6 0.071875 0.071875
0 0.3140625 0.41328125 0.071875 0.0703125
0 0.12578125 0.85 0.071875 0.0703125
0 0.13671875 0.659375 0.071875 0.06875
0 0.1546875 0.59921875 0.0734375 0.0703125
0 0.14609375 0.31875 0.075 0.0734375
0 0.17109375 0.43046875 0.0734375 0.0703125
0 0.1453125 0.48984375 0.0734375 0.071875
0 0.096875 0.090625 0.075 0.071875
0 0.3046875 0.22734375 0.0734375 0.071875
0 0.090625 0.7875 0.071875 0.0703125
0 0.19296875 0.365625 0.0734375 0.06875
0 0.2890625 0.478125 0.071875 0.071875
0 0.28203125 0.11015625 0.075 0.0703125
0 0.19921875 0.18359375 0.0765625 0.0734375
0 0.06640625 0.83671875 0.0546875 0.06875
0 0.0578125 0.2234375 0.0765625 0.0734375
0 0.025 0.346875 0.05 0.071875
0 0.1109375 0.546875 0.0734375 0.071875
0 0.390625 0.03984375 0.075 0.0671875
0 0.21640625 0.4859375 0.075 0.071875
0 0.1234375 0.38125 0.0734375 0.0703125
0 0.21328125 0.11328125 0.0734375 0.0703125
0 0.03515625 0.28515625 0.0703125 0.0703125
0 0.24140625 0.4234375 0.0734375 0.0734375
0 0.30703125 0.05234375 0.0734375 0.065625
0 0.10546875 0.265625 0.071875 0.0703125
0 0.096875 0.903125 0.0703125 0.0703125
0 0.46953125 0.0375 0.0765625 0.0734375
0 0.1578125 0.77421875 0.0671875 0.06875
0 0.084375 0.33125 0.06875 0.071875
0 0.06015625 0.3921875 0.0703125 0.06875
0 0.2421875 0.240625 0.0703125 0.06875
0 0.22109375 0.30390625 0.0703125 0.071875
0 0.18984375 0.5421875 0.0703125 0.0671875
0 0.2625 0.36171875 0.075 0.071875
0 0.26328125 0.17421875 0.0734375 0.0734375
0 0.3453125 0.35390625 0.078125 0.0734375
1 0.353125 0.28203125 0.0734375 0.0625
0 0.053125 0.06796875 0.075 0.0296875
0 0.01171875 0.5078125 0.0234375 0.065625
1 0.28515625 0.296875 0.0671875 0.0671875
1 0.12578125 0.20078125 0.071875 0.0640625
1 0.07109375 0.1578125 0.0734375 0.065625
0 0.0265625 0.66796875 0.025 0.065625
1 0.02734375 0.1109375 0.0546875 0.071875
1 0.1671875 0.253125 0.0671875 0.0671875
1 0.1609375 0.07734375 0.0671875 0.0734375
1 0.1390625 0.1375 0.071875 0.0609375
1 0.43125 0.10234375 0.0703125 0.071875
1 0.40859375 0.1625 0.0703125 0.065625
1 0.38828125 0.22890625 0.0671875 0.06875
1 0.35078125 0.103125 0.0640625 0.0578125
0 0.04453125 0.784375 0.025 0.0578125
1 0.33359375 0.15859375 0.0546875 0.059375