1 0.9171875 0.04609375 0.15 0.0921875
1 0.75546875 0.05625 0.1828125 0.1125
1 0.86953125 0.15078125 0.190625 0.19375
1 0.95390625 0.3015625 0.0890625 0.2140625
1 0.5765625 0.07109375 0.178125 0.1421875
1 0.6984375 0.1734375 0.1765625 0.1890625
1 0.8203125 0.32109375 0.184375 0.1921875
1 0.90078125 0.4625 0.190625 0.2109375
1 0.91875 0.7875 0.1625 0.184375
1 0.84609375 0.62734375 0.18125 0.1890625
1 0.721875 0.46484375 0.1703125 0.2140625
1 0.62890625 0.3359375 0.19375 0.19375
1 0.52578125 0.18828125 0.1890625 0.2046875
1 0.40703125 0.084375 0.1875 0.16875
1 0.21875 0.09453125 0.1921875 0.1828125
1 0.31953125 0.225 0.184375 0.2265625
1 0.4359375 0.33515625 0.190625 0.190625
1 0.55078125 0.47890625 0.196875 0.215625
1 0.665625 0.6265625 0.1953125 0.1921875
1 0.75390625 0.78828125 0.178125 0.18125
1 0.84375 0.91328125 0.16875 0.1640625
1 0.67265625 0.91953125 0.190625 0.1578125
1 0.484375 0.92734375 0.184375 0.1453125
1 0.30546875 0.9359375 0.1890625 0.128125
1 0.39609375 0.80546875 0.19375 0.1890625
1 0.58046875 0.77421875 0.1859375 0.2
1 0.4796875 0.65859375 0.1859375 0.190625
1 0.36953125 0.50234375 0.184375 0.19375
1 0.2984375 0.67265625 0.184375 0.184375
1 0.2109375 0.828125 0.1921875 0.184375
1 0.11875 0.94375 0.1875 0.1125
1 0.06015625 0.85390625 0.1109375 0.1796875
1 0.10859375 0.6875 0.1875 0.1734375
1 0.05078125 0.5578125 0.1015625 0.190625
1 0.19453125 0.546875 0.1828125 0.1859375
1 0.08515625 0.4140625 0.1703125 0.209375
1 0.259375 0.39375 0.1890625 0.1890625
1 0.146875 0.24921875 0.1609375 0.1875
1 0.0703125 0.10546875 0.140625 0.1984375
1 0.03828125 0.2546875 0.0765625 0.184375