1 0.9578125 0.5703125 0.084375 0.190625
1 0.93046875 0.7328125 0.1390625 0.19375
1 0.88671875 0.884375 0.1703125 0.1859375
1 0.72265625 0.8921875 0.1984375 0.1984375
1 0.77578125 0.73515625 0.2078125 0.2
1 0.85546875 0.55703125 0.175 0.1875
1 0.9046875 0.415625 0.190625 0.178125
1 0.9296875 0.26015625 0.1234375 0.2203125
1 0.7453125 0.03515625 0.2 0.0703125
1 0.8703125 0.12265625 0.2203125 0.2
1 0.5640625 0.0421875 0.19375 0.084375
1 0.68828125 0.125 0.1953125 0.2171875
1 0.78671875 0.27578125 0.203125 0.203125
1 0.3859375 0.05625 0.2 0.1109375
1 0.51484375 0.15390625 0.2015625 0.2203125
1 0.6125 0.3140625 0.196875 0.2
1 0.74296875 0.434375 0.203125 0.1921875
1 0.20234375 0.07734375 0.1890625 0.128125
1 0.32109375 0.16875 0.2 0.203125
1 0.45078125 0.3125 0.178125 0.221875
1 0.5546875 0.47421875 0.2015625 0.1921875
1 0.6953125 0.5953125 0.2109375 0.20625
1 0.0578125 0.10234375 0.115625 0.1515625
1 0.15078125 0.2 0.1859375 0.196875
1 0.28046875 0.34140625 0.19375 0.2015625
1 0.36875 0.47890625 0.2015625 0.2203125
1 0.50703125 0.64921875 0.2 0.2140625
1 0.5875 0.78203125 0.2078125 0.203125
1 0.51171875 0.91953125 0.1953125 0.1609375
1 0.40703125 0.8015625 0.1765625 0.19375
1 0.32265625 0.64609375 0.190625 0.1984375
1 0.18984375 0.490625 0.18125 0.221875
1 0.09609375 0.365625 0.1921875 0.203125
1 0.0390625 0.22109375 0.078125 0.2078125
1 0.0609375 0.5109375 0.121875 0.21875
1 0.1421875 0.6546875 0.2046875 0.2015625
1 0.2390625 0.81171875 0.1875 0.190625
1 0.33515625 0.92265625 0.1765625 0.1546875
1 0.16484375 0.93125 0.1984375 0.1375
1 0.08828125 0.80546875 0.15 0.2046875