0 0.0296875 0.353125 0.0515625 0.059375
0 0.0109375 0.70546875 0.021875 0.0578125
0 0.01875 0.5296875 0.0375 0.059375
0 0.04375 0.034375 0.0546875 0.0578125
0 0.0296875 0.28046875 0.046875 0.0640625
0 0.0109375 0.8234375 0.021875 0.065625
0 0.02109375 0.903125 0.0421875 0.065625
0 0.0171875 0.646875 0.034375 0.0625
0 0.0296875 0.1515625 0.0375 0.05
0 0.03125 0.22734375 0.0453125 0.0546875
0 0.0328125 0.08515625 0.0390625 0.0546875
0 0.01875 0.4078125 0.0328125 0.0390625
0 0.01796875 0.96796875 0.0359375 0.0328125