0 0.8828125 0.0703125 0.06875 0.06875
0 0.86484375 0.2328125 0.065625 0.065625
0 0.96015625 0.0703125 0.065625 0.0640625
0 0.94921875 0.89609375 0.040625 0.0625
0 0.97109375 0.2453125 0.0578125 0.065625
0 0.9453125 0.57734375 0.065625 0.0671875
0 0.98671875 0.18671875 0.0265625 0.0640625
0 0.96875 0.3140625 0.0625 0.065625
0 0.928125 0.8375 0.0671875 0.065625
0 0.82578125 0.575 0.0671875 0.0671875
0 0.90546875 0.95625 0.0671875 0.06875
0 0.86484375 0.7984375 0.0625 0.0625
0 0.903125 0.890625 0.0609375 0.0609375
0 0.78828125 0.884375 0.0671875 0.065625
0 0.84609375 0.43515625 0.065625 0.0640625
0 0.78125 0.94609375 0.065625 0.0625
0 0.94140625 0.9828125 0.0390625 0.034375
0 0.9640625 0.38984375 0.0640625 0.0640625
0 0.8984375 0.47734375 0.065625 0.065625
0 0.98984375 0.4921875 0.0203125 0.0625
0 0.97734375 0.12578125 0.0453125 0.0609375
0 0.9203125 0.12265625 0.065625 0.0671875
0 0.94765625 0.17109375 0.0625 0.059375
0 0.8890625 0.54375 0.065625 0.0671875
0 0.81953125 0.6890625 0.0640625 0.065625
0 0.99296875 0.346875 0.0140625 0.0625
0 0.86328125 0.31484375 0.0640625 0.0640625
0 0.85703125 0.36875 0.0640625 0.0625
0 0.875 0.1640625 0.0671875 0.065625
0 0.8796875 0.6734375 0.065625 0.0640625
0 0.965625 0.76484375 0.0328125 0.0671875
0 0.8359375 0.5 0.065625 0.0640625
0 0.77734375 0.9875 0.0640625 0.025
0 0.91015625 0.35 0.0640625 0.065625
0 0.93359375 0.71484375 0.0640625 0.065625
0 0.92421875 0.77421875 0.0625 0.0625
0 0.8078125 0.76640625 0.0671875 0.0640625
0 0.99375 0.42421875 0.0125 0.0640625
1 0.846875 0.96953125 0.0609375 0.0609375
0 0.97421875 0.69140625 0.0265625 0.06875
0 0.95625 0.5078125 0.059375 0.0625
1 0.8875 0.60390625 0.0625 0.0609375
0 0.80546875 0.80859375 0.0640625 0.059375
1 0.83046875 0.62890625 0.05625 0.053125
0 0.8703125 0.73359375 0.0625 0.0640625
0 0.90546875 0.409375 0.0609375 0.0609375
0 0.91328125 0.28359375 0.0640625 0.0671875
0 0.96328125 0.44921875 0.059375 0.0609375
0 0.84765625 0.85703125 0.059375 0.059375
0 0.98046875 0.61484375 0.028125 0.05625
0 0.92265625 0.04140625 0.059375 0.0171875
0 0.85 0.9125 0.0578125 0.059375