1 0.43515625 0.9203125 0.1953125 0.159375
1 0.5125 0.7796875 0.2015625 0.1953125
1 0.60078125 0.63046875 0.2015625 0.2265625
1 0.68828125 0.48671875 0.203125 0.1953125
1 0.771875 0.35625 0.1921875 0.2046875
1 0.8546875 0.18828125 0.2125 0.2078125
1 0.9265625 0.0796875 0.146875 0.121875
1 0.75859375 0.071875 0.203125 0.1265625
1 0.68359375 0.184375 0.18125 0.1828125
1 0.596875 0.33359375 0.2015625 0.1875
1 0.51328125 0.49453125 0.1796875 0.20625
1 0.41640625 0.65234375 0.190625 0.165625
1 0.32734375 0.778125 0.2046875 0.1984375
1 0.23515625 0.909375 0.184375 0.1640625
1 0.07890625 0.89609375 0.1578125 0.1734375
1 0.1390625 0.75546875 0.1890625 0.225
1 0.2484375 0.63984375 0.1859375 0.190625
1 0.33203125 0.48359375 0.1828125 0.1859375
1 0.4109375 0.33125 0.2015625 0.203125
1 0.50546875 0.18515625 0.20625 0.1875
1 0.59375 0.075 0.2 0.15
1 0.40234375 0.07578125 0.1890625 0.1515625
1 0.3046875 0.17890625 0.1984375 0.19375
1 0.23046875 0.33671875 0.190625 0.203125
1 0.159375 0.50078125 0.1953125 0.19375
1 0.07734375 0.61328125 0.1546875 0.1984375
1 0.07734375 0.32421875 0.146875 0.18125
1 0.1375 0.17734375 0.1828125 0.209375
1 0.22734375 0.05703125 0.1796875 0.1140625
1 0.08203125 0.053125 0.1234375 0.10625