0 0.21171875 0.953125 0.0484375 0.04375
0 0.5640625 0.971875 0.0515625 0.053125
0 0.87734375 0.990625 0.0484375 0.01875
0 0.16484375 0.946875 0.046875 0.0453125
0 0.34140625 0.946875 0.0484375 0.0515625
0 0.29765625 0.95859375 0.046875 0.05
0 0.25703125 0.95703125 0.046875 0.04375
0 0.03203125 0.93359375 0.046875 0.04375
0 0.071875 0.9390625 0.046875 0.0421875
0 0.478125 0.9734375 0.0453125 0.05
0 0.7015625 0.9859375 0.046875 0.028125
0 0.39140625 0.96640625 0.046875 0.05
0 0.83359375 0.9921875 0.0453125 0.015625
0 0.43515625 0.96953125 0.046875 0.046875
0 0.74453125 0.9859375 0.0484375 0.028125
0 0.51875 0.9765625 0.046875 0.046875
0 0.61328125 0.9828125 0.0453125 0.034375
0 0.115625 0.934375 0.0484375 0.0515625
0 0.65703125 0.98359375 0.0484375 0.0328125
0 0.7875 0.9796875 0.05 0.040625
0 0.40859375 0.98828125 0.0390625 0.0140625
0 0.496875 0.9953125 0.040625 0.009375
0 0.4515625 0.99296875 0.04375 0.0140625
0 0.53984375 0.99765625 0.0453125 0.0046875
0 0.36875 0.98515625 0.04375 0.0125