1 0.1515625 0.0625 0.20625 0.125
1 0.24296875 0.17421875 0.2265625 0.2
1 0.32734375 0.31796875 0.1671875 0.1734375
1 0.4078125 0.4859375 0.25 0.2015625
1 0.4953125 0.6703125 0.240625 0.2
1 0.59375 0.83359375 0.225 0.2015625
1 0.64375 0.9328125 0.20625 0.134375
1 0.821875 0.93125 0.215625 0.1375
1 0.765625 0.809375 0.1984375 0.2015625
1 0.89375 0.8171875 0.159375 0.1828125
1 0.83359375 0.659375 0.25 0.2046875
1 0.64921875 0.66953125 0.175 0.1828125
1 0.5765625 0.4984375 0.2171875 0.190625
1 0.7328125 0.5015625 0.234375 0.20625
1 0.90390625 0.51640625 0.1921875 0.1953125
1 0.94140625 0.3671875 0.1171875 0.18125
1 0.80234375 0.36171875 0.21875 0.1984375
1 0.659375 0.334375 0.190625 0.178125
1 0.4765625 0.3390625 0.2296875 0.1984375
1 0.4375 0.171875 0.1890625 0.2
1 0.58359375 0.18671875 0.2140625 0.1875
1 0.7484375 0.1953125 0.21875 0.2078125
1 0.90703125 0.225 0.1859375 0.203125
1 0.84609375 0.08203125 0.203125 0.109375
1 0.67421875 0.06953125 0.18125 0.1234375
1 0.50234375 0.0546875 0.2015625 0.109375
1 0.32265625 0.0609375 0.2015625 0.121875