1 0.58515625 0.1671875 0.215625 0.1921875
1 0.75 0.18984375 0.23125 0.1921875
1 0.9046875 0.20625 0.190625 0.20625
1 0.97734375 0.20390625 0.0453125 0.1703125
1 0.65859375 0.31796875 0.225 0.203125
1 0.80078125 0.35234375 0.2046875 0.21875
1 0.92265625 0.35234375 0.1546875 0.1828125
1 0.6875 0.48125 0.2328125 0.1890625
1 0.7578125 0.62890625 0.2171875 0.228125
1 0.83671875 0.78359375 0.2328125 0.221875
1 0.85703125 0.925 0.1390625 0.15
1 0.90546875 0.64921875 0.175 0.1875
1 0.86953125 0.4984375 0.221875 0.2078125