0 0.8828125 0.13046875 0.065625 0.0640625
0 0.809375 0.13671875 0.06875 0.0671875
0 0.90546875 0.3078125 0.0640625 0.0625
0 0.9375 0.24921875 0.065625 0.0671875
0 0.81171875 0.02265625 0.0609375 0.0453125
0 0.8453125 0.0765625 0.065625 0.06875
0 0.75078125 0.025 0.0640625 0.05
0 0.86796875 0.253125 0.0671875 0.065625
0 0.90546875 0.19296875 0.0609375 0.0640625
0 0.98515625 0.2453125 0.0296875 0.065625
0 0.87734375 0.02421875 0.0640625 0.0484375
0 0.78046875 0.0765625 0.0671875 0.065625
0 0.8453125 0.19296875 0.065625 0.0640625
0 0.915625 0.0703125 0.0625 0.065625
0 0.975 0.06953125 0.05 0.0640625
0 0.96875 0.30546875 0.0625 0.0640625
0 0.94765625 0.1265625 0.0671875 0.0625
0 0.94609375 0.021875 0.0640625 0.04375
0 0.9703125 0.18671875 0.059375 0.0671875
1 0.95703125 0.3671875 0.0765625 0.05625
1 0.9734375 0.43046875 0.053125 0.0609375