1 0.653125 0.965625 0.109375 0.06875
1 0.72734375 0.696875 0.125 0.146875
0 0.2421875 0.30859375 0.1796875 0.1765625
0 0.3859375 0.1671875 0.1390625 0.1609375
1 0.62421875 0.90078125 0.1109375 0.1109375
1 0.921875 0.8078125 0.0875 0.1234375
0 0.1234375 0.8546875 0.115625 0.125
0 0.08359375 0.28359375 0.1296875 0.15
1 0.240625 0.80859375 0.1125 0.1265625
0 0.1765625 0.72578125 0.13125 0.140625
1 0.40390625 0.8796875 0.0953125 0.096875
1 0.55703125 0.96015625 0.1140625 0.0796875
0 0.37890625 0.55703125 0.1359375 0.14375
0 0.35234375 0.71875 0.1359375 0.1484375
0 0.6046875 0.32421875 0.1625 0.1578125
0 0.06015625 0.73125 0.1203125 0.134375
1 0.40625 0.95859375 0.0984375 0.0765625
1 0.8421875 0.659375 0.1109375 0.109375
1 0.81484375 0.99140625 0.1140625 0.0171875
1 0.89140625 0.525 0.11875 0.125
0 0.37109375 0.3453125 0.1296875 0.1546875
1 0.890625 0.72109375 0.103125 0.1046875
0 0.11484375 0.6015625 0.1390625 0.1453125
0 0.01328125 0.81875 0.0265625 0.134375
0 0.2546875 0.61796875 0.1375 0.1375
1 0.8921875 0.9234375 0.10625 0.1078125
1 0.71953125 0.99296875 0.0953125 0.0140625
0 0.278125 0.46640625 0.1640625 0.1609375
1 0.88984375 0.97890625 0.0828125 0.0421875
1 0.7015625 0.89375 0.1453125 0.140625
1 0.83828125 0.825 0.125 0.1375
1 0.32578125 0.8375 0.1 0.1
1 0.7828125 0.93515625 0.1296875 0.1234375
1 0.96328125 0.571875 0.0734375 0.115625
1 0.3203125 0.9234375 0.115625 0.1140625
1 0.25078125 0.903125 0.109375 0.1296875
0 0.4609375 0.66171875 0.1296875 0.140625
0 0.4546875 0.27734375 0.1234375 0.1390625
0 0.05234375 0.90625 0.1046875 0.071875
1 0.6078125 0.8046875 0.115625 0.1265625
0 0.26171875 0.12109375 0.1609375 0.1734375
0 0.46484375 0.4140625 0.121875 0.1359375
0 0.57890625 0.51796875 0.140625 0.1421875
0 0.7046875 0.31171875 0.1234375 0.1390625
0 0.77734375 0.40234375 0.128125 0.13125
0 0.646875 0.471875 0.1078125 0.121875
0 0.121875 0.4703125 0.134375 0.13125
0 0.02890625 0.4609375 0.0578125 0.125
0 0.02421875 0.609375 0.0484375 0.125
1 0.94453125 0.44921875 0.1046875 0.1015625
1 0.8109375 0.2828125 0.0984375 0.1171875
1 0.75546875 0.5125 0.103125 0.1125
1 0.69921875 0.61171875 0.0875 0.0859375
1 0.79609375 0.5625 0.0875 0.09375
1 0.6484375 0.71171875 0.0921875 0.09375
1 0.55625 0.734375 0.0953125 0.09375
1 0.51015625 0.809375 0.1015625 0.109375
1 0.4359375 0.7828125 0.0859375 0.090625
1 0.4828125 0.909375 0.0953125 0.109375
1 0.95859375 0.671875 0.0484375 0.0640625
1 0.69375 0.79453125 0.096875 0.0859375
1 0.85234375 0.46171875 0.0859375 0.090625
0 0.6046875 0.615625 0.1296875 0.134375
1 0.7875 0.7609375 0.096875 0.1046875
1 0.96484375 0.3765625 0.0703125 0.096875