0 0.13515625 0.36953125 0.071875 0.0703125
0 0.2109375 0.615625 0.0671875 0.06875
0 0.2484375 0.55390625 0.0671875 0.071875
0 0.15625 0.3046875 0.065625 0.0671875
0 0.22109375 0.309375 0.06875 0.06875
0 0.1015625 0.43359375 0.0671875 0.071875
0 0.52578125 0.0515625 0.0671875 0.0640625
0 0.1828125 0.5421875 0.06875 0.0671875
0 0.6203125 0.0109375 0.0625 0.021875
0 0.47734375 0.09453125 0.06875 0.06875
0 0.38359375 0.02109375 0.06875 0.034375
0 0.43984375 0.0359375 0.06875 0.0703125
0 0.16796875 0.4328125 0.06875 0.06875
0 0.16875 0.66640625 0.0671875 0.071875
0 0.28203125 0.62578125 0.0640625 0.06875
0 0.21328125 0.49140625 0.071875 0.06875
0 0.1453125 0.6015625 0.065625 0.06875
0 0.06953125 0.37890625 0.065625 0.06875
0 0.24375 0.67734375 0.0671875 0.065625
0 0.4453125 0.3203125 0.0625 0.0640625
0 0.03515625 0.4453125 0.0703125 0.071875
0 0.5875 0.0390625 0.0671875 0.0640625
0 0.1859375 0.23671875 0.06875 0.06875
0 0.02578125 0.5828125 0.046875 0.0671875
0 0.2390625 0.425 0.0703125 0.0703125
0 0.03046875 0.2046875 0.0609375 0.06875
0 0.0125 0.05703125 0.025 0.0671875
0 0.0296875 0.7671875 0.0359375 0.0671875
0 0.0796875 0.571875 0.065625 0.06875
0 0.40859375 0.3765625 0.0671875 0.06875
0 0.39296875 0.07734375 0.0734375 0.0703125
0 0.184375 0.8015625 0.065625 0.065625
0 0.28515625 0.225 0.065625 0.065625
0 0.3171875 0.55390625 0.0671875 0.0671875
0 0.3140625 0.12265625 0.06875 0.0671875
0 0.04609375 0.71171875 0.06875 0.071875
0 0.32578125 0.065625 0.065625 0.0640625
0 0.3921875 0.1453125 0.071875 0.0671875
0 0.20234375 0.7375 0.06875 0.071875
0 0.08515625 0.9671875 0.0703125 0.065625
0 0.04609375 0.89765625 0.0546875 0.065625
0 0.54765625 0.12578125 0.065625 0.0671875
0 0.0390625 0.96484375 0.034375 0.0703125
0 0.14453125 0.85 0.06875 0.065625
0 0.22109375 0.1203125 0.0671875 0.06875
1 0.1125 0.90234375 0.065625 0.05625
1 0.06875 0.82890625 0.0703125 0.075
1 0.08671875 0.76640625 0.06875 0.0640625
1 0.1359375 0.72734375 0.0671875 0.078125
1 0.03515625 0.64375 0.059375 0.0609375
1 0.090625 0.63828125 0.0609375 0.0765625
1 0.0203125 0.49921875 0.040625 0.0765625
1 0.0671875 0.51015625 0.05625 0.065625
1 0.1265625 0.49921875 0.0734375 0.075
1 0.284375 0.4890625 0.0671875 0.071875
1 0.35078125 0.48828125 0.0671875 0.0859375
1 0.30859375 0.421875 0.0765625 0.0671875
1 0.37578125 0.41875 0.0640625 0.059375
1 0.3453125 0.36640625 0.0734375 0.0609375
1 0.28203125 0.36484375 0.065625 0.0640625
1 0.21484375 0.3640625 0.0796875 0.0625
1 0.29375 0.303125 0.071875 0.0703125
1 0.359375 0.30546875 0.0578125 0.075
1 0.01953125 0.3859375 0.0390625 0.0625
1 0.03046875 0.3125 0.0609375 0.084375
1 0.08671875 0.31328125 0.075 0.053125
1 0.11875 0.24921875 0.0703125 0.075
1 0.05 0.25703125 0.0609375 0.0546875
1 0.0109375 0.253125 0.021875 0.0625
1 0.09140625 0.16875 0.0796875 0.0921875
1 0.0359375 0.11796875 0.071875 0.0671875
1 0.05625 0.0734375 0.06875 0.0796875
1 0.1171875 0.04296875 0.0671875 0.05
1 0.134375 0.08671875 0.06875 0.0734375
1 0.2015625 0.0546875 0.071875 0.0703125
1 0.16953125 0.15703125 0.0765625 0.0765625
1 0.2375 0.190625 0.0546875 0.0640625
1 0.34765625 0.18984375 0.053125 0.0671875
1 0.340625 0.24375 0.0609375 0.0625
1 0.4296875 0.20625 0.065625 0.0625
1 0.4046875 0.25859375 0.0625 0.0515625
1 0.478125 0.24765625 0.0609375 0.053125
1 0.4578125 0.14375 0.0703125 0.046875
1 0.496875 0.17421875 0.0671875 0.0484375
1 0.2703125 0.03515625 0.05625 0.05