0 0.5734375 0.0671875 0.134375 0.134375
0 0.04921875 0.10625 0.0984375 0.1375
0 0.07890625 0.26875 0.12578125 0.10859375
0 0.146875 0.05234375 0.125 0.1046875
0 0.665625 0.02421875 0.165625 0.046875
0 0.18203125 0.171875 0.12421875 0.121875
0 0.4328125 0.0578125 0.11875 0.10625
0 0.28515625 0.05390625 0.11640625 0.10546875
0 0.31171875 0.1671875 0.1328125 0.11171875
0 0.44609375 0.17265625 0.12265625 0.1140625
0 0.29765625 0.2828125 0.11640625 0.09765625
0 0.184375 0.35625 0.1203125 0.1015625
0 0.071875 0.4140625 0.12109375 0.10546875
0 0.03046875 0.01875 0.0609375 0.0375