2 0.65234375 0.821875 0.065625 0.0609375
1 0.23046875 0.29375 0.0609375 0.0625
2 0.46328125 0.68828125 0.0578125 0.059375
0 0.39609375 0.9921875 0.0546875 0.015625
0 0.44609375 0.98671875 0.0609375 0.0265625
0 0.4984375 0.98203125 0.053125 0.0359375
0 0.54765625 0.9765625 0.0609375 0.046875
0 0.16640625 0.9921875 0.0609375 0.015625
0 0.21953125 0.9890625 0.0578125 0.021875
0 0.26796875 0.9828125 0.0578125 0.034375
0 0.31796875 0.9765625 0.0578125 0.046875
0 0.36484375 0.9703125 0.05625 0.05625
0 0.4140625 0.96328125 0.0578125 0.0546875
0 0.4671875 0.95234375 0.0578125 0.0546875
0 0.5171875 0.94140625 0.05625 0.059375
0 0.0921875 0.978125 0.05 0.04375
0 0.1375 0.9734375 0.05625 0.053125
0 0.184375 0.96796875 0.05625 0.0578125
0 0.23515625 0.959375 0.0578125 0.0578125
0 0.284375 0.94609375 0.0578125 0.0578125
0 0.33203125 0.934375 0.05625 0.053125
0 0.3828125 0.928125 0.05625 0.05625
0 0.43125 0.9171875 0.0578125 0.0578125
0 0.48203125 0.90625 0.0578125 0.0578125
0 0.10078125 0.93828125 0.05625 0.05625
0 0.15078125 0.92734375 0.0578125 0.059375
0 0.20078125 0.91796875 0.0546875 0.0546875
0 0.24921875 0.90703125 0.0546875 0.0546875
0 0.30078125 0.89765625 0.05625 0.05625
0 0.34765625 0.8890625 0.0546875 0.0578125
0 0.39765625 0.87734375 0.0578125 0.0578125
0 0.446875 0.86796875 0.053125 0.05625
0 0.49609375 0.8578125 0.0578125 0.0578125
0 0.60234375 0.965625 0.059375 0.05625
0 0.65390625 0.95625 0.0609375 0.0578125
0 0.7046875 0.9453125 0.05625 0.0578125
0 0.7546875 0.93828125 0.0578125 0.05625
0 0.80390625 0.928125 0.0578125 0.05625
0 0.85546875 0.91640625 0.059375 0.05625
0 0.9046875 0.9046875 0.05625 0.053125
0 0.953125 0.89375 0.059375 0.0578125
0 0.98671875 0.88359375 0.0265625 0.0578125
0 0.56875 0.93203125 0.05625 0.0609375
0 0.61953125 0.9171875 0.0625 0.059375
0 0.671875 0.91015625 0.0546875 0.0546875
0 0.7203125 0.90078125 0.05625 0.05625
0 0.77109375 0.89140625 0.059375 0.0546875
0 0.82109375 0.88203125 0.0546875 0.0546875
0 0.86796875 0.8671875 0.0546875 0.0546875
0 0.91796875 0.8578125 0.0609375 0.0546875
0 0.96796875 0.84609375 0.053125 0.053125
0 0.99296875 0.83359375 0.0140625 0.0546875
0 0.53203125 0.89921875 0.05625 0.05625
0 0.58203125 0.884375 0.059375 0.05625
0 0.63671875 0.86796875 0.0578125 0.0578125
0 0.68671875 0.8625 0.05625 0.05625
0 0.7359375 0.8546875 0.0546875 0.0546875
0 0.7859375 0.84296875 0.059375 0.0578125
0 0.8359375 0.834375 0.0578125 0.0546875
0 0.88515625 0.82265625 0.059375 0.0578125
0 0.93359375 0.8125 0.0578125 0.0578125
0 0.97734375 0.7984375 0.0453125 0.05625
0 0.5484375 0.84921875 0.059375 0.05625
0 0.5984375 0.8359375 0.059375 0.05625
0 0.703125 0.8140625 0.0578125 0.0578125
0 0.75234375 0.8046875 0.05625 0.05625
0 0.80234375 0.79609375 0.0609375 0.0578125
0 0.85078125 0.78515625 0.05 0.05625
0 0.89921875 0.77421875 0.0578125 0.059375
0 0.9484375 0.76484375 0.0546875 0.0578125
0 0.98359375 0.7515625 0.0328125 0.053125
0 0.07578125 0.8953125 0.046875 0.0546875
0 0.1203125 0.8875 0.05625 0.0578125
0 0.17109375 0.8796875 0.0578125 0.059375
0 0.21875 0.86796875 0.0578125 0.05625
0 0.26640625 0.85859375 0.059375 0.0578125
0 0.0875 0.8484375 0.059375 0.0578125
0 0.1375 0.83828125 0.0578125 0.0578125
0 0.1875 0.83125 0.0578125 0.0578125
0 0.23515625 0.821875 0.0578125 0.05625
0 0.06171875 0.81015625 0.0453125 0.053125
0 0.10625 0.80546875 0.0578125 0.059375
0 0.153125 0.7921875 0.053125 0.053125
0 0.20078125 0.78359375 0.05625 0.0578125
0 0.25078125 0.77421875 0.0578125 0.059375
0 0.0734375 0.765625 0.05625 0.05625
0 0.12265625 0.75546875 0.0546875 0.05625
0 0.16953125 0.74609375 0.05625 0.05625
0 0.21640625 0.73671875 0.0546875 0.053125
0 0.2671875 0.72734375 0.0546875 0.0515625
0 0.0484375 0.72578125 0.0453125 0.053125
0 0.09140625 0.71875 0.0546875 0.0546875
0 0.13828125 0.709375 0.0546875 0.0546875
0 0.1859375 0.69765625 0.0578125 0.05625
0 0.2359375 0.6890625 0.0546875 0.05625
0 0.0578125 0.68125 0.0546875 0.0546875
0 0.10625 0.67109375 0.05625 0.05625
0 0.153125 0.65859375 0.0546875 0.0546875
0 0.20078125 0.65234375 0.0546875 0.053125
0 0.24921875 0.640625 0.0609375 0.0578125
0 0.03203125 0.64140625 0.0375 0.05
0 0.07265625 0.6328125 0.059375 0.0609375
0 0.121875 0.62265625 0.0578125 0.0578125
0 0.1703125 0.61328125 0.0546875 0.053125
0 0.21796875 0.603125 0.0546875 0.05625
0 0.315625 0.85 0.0546875 0.05625
0 0.36484375 0.84140625 0.0578125 0.059375
0 0.4140625 0.83203125 0.059375 0.0578125
0 0.4640625 0.821875 0.05625 0.05625
0 0.51328125 0.81015625 0.059375 0.059375
0 0.56328125 0.8015625 0.05625 0.0625
0 0.6125 0.790625 0.059375 0.05625
0 0.6671875 0.78203125 0.0546875 0.0578125
0 0.71484375 0.76796875 0.05625 0.0515625
0 0.76875 0.75625 0.0625 0.0625
0 0.81640625 0.74609375 0.0515625 0.0546875
0 0.86328125 0.73515625 0.0546875 0.0546875
0 0.284375 0.81015625 0.0578125 0.0546875
0 0.33203125 0.80234375 0.0546875 0.0515625
0 0.3828125 0.7953125 0.05625 0.0546875
0 0.43046875 0.78515625 0.0578125 0.0546875
0 0.47890625 0.77265625 0.0578125 0.05625
0 0.53046875 0.7609375 0.05625 0.0578125
0 0.58046875 0.75234375 0.0578125 0.059375
0 0.63203125 0.74296875 0.059375 0.05625
0 0.68046875 0.73203125 0.05625 0.0546875
0 0.7296875 0.72109375 0.0609375 0.05625
0 0.78125 0.709375 0.0578125 0.05625
0 0.83046875 0.6984375 0.05625 0.0546875
0 0.88125 0.68984375 0.0578125 0.0546875
0 0.2984375 0.7640625 0.0546875 0.05625
0 0.3453125 0.75859375 0.05625 0.059375
0 0.39453125 0.74765625 0.0609375 0.0578125
0 0.446875 0.7375 0.0546875 0.0546875
0 0.4953125 0.72421875 0.05625 0.0515625
0 0.54609375 0.71640625 0.059375 0.0578125
0 0.5984375 0.70546875 0.05625 0.059375
0 0.64609375 0.6953125 0.0546875 0.0546875
0 0.69609375 0.68359375 0.0578125 0.05625
0 0.74609375 0.671875 0.0578125 0.0546875
0 0.796875 0.6609375 0.05625 0.05625
0 0.84609375 0.65078125 0.05625 0.05625
0 0.89609375 0.6421875 0.05625 0.05625
0 0.31640625 0.715625 0.059375 0.0578125
0 0.36640625 0.7078125 0.0578125 0.0578125
0 0.41484375 0.6984375 0.0578125 0.0578125
0 0.51484375 0.67890625 0.0546875 0.0546875
0 0.56171875 0.6671875 0.05625 0.0546875
0 0.61328125 0.659375 0.05625 0.05625
0 0.66328125 0.6484375 0.0578125 0.0546875
0 0.70859375 0.63515625 0.0546875 0.0546875
0 0.7609375 0.625 0.0578125 0.05625
0 0.81171875 0.61328125 0.05625 0.0546875
0 0.8609375 0.603125 0.0578125 0.05625
0 0.28515625 0.68125 0.059375 0.0578125
0 0.3328125 0.6703125 0.053125 0.0546875
0 0.3796875 0.6609375 0.05625 0.0578125
0 0.43046875 0.65078125 0.0578125 0.0546875
0 0.478125 0.64296875 0.0578125 0.05625
0 0.53046875 0.6296875 0.059375 0.0578125
0 0.578125 0.61953125 0.05625 0.053125
0 0.6296875 0.6109375 0.0546875 0.0578125
0 0.67734375 0.603125 0.059375 0.059375
0 0.73046875 0.5921875 0.0609375 0.0578125
0 0.778125 0.57890625 0.05625 0.05625
0 0.8296875 0.5671875 0.0578125 0.059375
0 0.87890625 0.559375 0.0515625 0.0546875
0 0.3 0.634375 0.0578125 0.0609375
0 0.34765625 0.61953125 0.0609375 0.05625
0 0.396875 0.61015625 0.05625 0.053125
0 0.4453125 0.60390625 0.0578125 0.0546875
0 0.49453125 0.596875 0.053125 0.0546875
0 0.54453125 0.5828125 0.0578125 0.053125
0 0.59609375 0.57265625 0.059375 0.0578125
0 0.6453125 0.5640625 0.0578125 0.0546875
0 0.69765625 0.5515625 0.0546875 0.053125
0 0.74453125 0.53984375 0.05625 0.0578125
0 0.79453125 0.52890625 0.0578125 0.0578125
0 0.84609375 0.5203125 0.05625 0.0546875
0 0.26640625 0.59609375 0.0546875 0.05625
0 0.315625 0.58515625 0.0609375 0.0578125
0 0.365625 0.5734375 0.0546875 0.0546875
0 0.41328125 0.56484375 0.0578125 0.0578125
0 0.4625 0.55625 0.059375 0.0578125
0 0.51328125 0.54765625 0.059375 0.0578125
0 0.5625 0.53828125 0.0546875 0.05625
0 0.6125 0.52578125 0.0546875 0.05625
0 0.66171875 0.51484375 0.0578125 0.0546875
0 0.709375 0.503125 0.0546875 0.0546875
0 0.7609375 0.49375 0.0578125 0.0546875
0 0.81015625 0.48203125 0.0546875 0.0546875
0 0.859375 0.471875 0.0578125 0.0546875
0 0.91171875 0.7265625 0.0546875 0.0546875
0 0.95859375 0.71640625 0.05625 0.05625
0 0.990625 0.7046875 0.01875 0.053125
0 0.92890625 0.6765625 0.053125 0.0546875
0 0.97421875 0.665625 0.0515625 0.05625
0 0.94375 0.63046875 0.0578125 0.0578125
0 0.9828125 0.61875 0.034375 0.05625
0 0.9125 0.5953125 0.05625 0.05625
0 0.95859375 0.58359375 0.0578125 0.05625
0 0.98828125 0.57265625 0.0234375 0.0546875
0 0.925 0.54609375 0.0578125 0.05625
0 0.971875 0.5375 0.05625 0.059375
0 0.89375 0.50859375 0.0546875 0.0546875
0 0.93984375 0.4984375 0.0546875 0.05625
0 0.9796875 0.4875 0.040625 0.05625
0 0.90546875 0.46015625 0.053125 0.0578125
0 0.95390625 0.44765625 0.05625 0.0546875
0 0.03984375 0.59921875 0.05625 0.05625
0 0.08828125 0.5828125 0.0578125 0.0578125
0 0.13828125 0.5765625 0.0578125 0.0578125
0 0.0171875 0.559375 0.034375 0.05625
0 0.0546875 0.55078125 0.0546875 0.05625
0 0.02578125 0.51328125 0.0515625 0.0578125
0 0.0734375 0.503125 0.05625 0.059375
0 0.009375 0.47265625 0.01875 0.0484375
0 0.04140625 0.465625 0.0578125 0.059375
0 0.0890625 0.4546875 0.0546875 0.0578125
0 0.0171875 0.4265625 0.034375 0.05625
0 0.0078125 0.34140625 0.015625 0.0578125
0 0.1859375 0.5671875 0.0546875 0.0578125
0 0.23359375 0.5546875 0.0546875 0.0578125
0 0.28125 0.55 0.0546875 0.05625
0 0.3296875 0.53984375 0.0578125 0.05625
0 0.3796875 0.5265625 0.0578125 0.0625
0 0.428125 0.51796875 0.0578125 0.059375
0 0.47890625 0.5078125 0.05625 0.0609375
0 0.53046875 0.5 0.059375 0.0578125
0 0.58046875 0.48671875 0.053125 0.0578125
0 0.62734375 0.478125 0.053125 0.05625
0 0.67265625 0.4640625 0.05625 0.0578125
0 0.72265625 0.45625 0.0578125 0.05625
0 0.103125 0.53828125 0.0578125 0.0546875
0 0.15234375 0.528125 0.053125 0.0546875
0 0.2 0.51875 0.059375 0.0578125
0 0.2484375 0.50859375 0.05625 0.05625
0 0.29609375 0.5015625 0.0578125 0.0625
0 0.3484375 0.49140625 0.0578125 0.05625
0 0.39921875 0.48046875 0.0578125 0.0578125
0 0.446875 0.46875 0.0546875 0.0578125
0 0.49609375 0.4625 0.0578125 0.05625
0 0.54375 0.45 0.0546875 0.0578125
0 0.59296875 0.44140625 0.0609375 0.059375
0 0.64140625 0.42890625 0.0578125 0.0609375
0 0.690625 0.4171875 0.05625 0.05625
0 0.1203125 0.4921875 0.05625 0.05625
0 0.16875 0.48125 0.053125 0.053125
0 0.21875 0.47109375 0.0609375 0.0578125
0 0.26875 0.46171875 0.0578125 0.053125
0 0.315625 0.45234375 0.053125 0.0546875
0 0.36484375 0.44375 0.05625 0.05625
0 0.4125 0.43359375 0.05625 0.0546875
0 0.4625 0.425 0.059375 0.05625
0 0.5125 0.41484375 0.05625 0.05625
0 0.559375 0.40234375 0.059375 0.0625
0 0.6078125 0.39296875 0.053125 0.0578125
0 0.65625 0.38125 0.05625 0.059375
0 0.70546875 0.36875 0.059375 0.0578125
0 0.13671875 0.44375 0.0578125 0.05625
0 0.1859375 0.43515625 0.053125 0.0546875
0 0.234375 0.42890625 0.059375 0.059375
0 0.284375 0.415625 0.0546875 0.053125
0 0.33125 0.40546875 0.0546875 0.053125
0 0.3796875 0.39765625 0.053125 0.05625
0 0.42890625 0.3875 0.0578125 0.05625
0 0.4765625 0.3765625 0.0578125 0.0578125
0 0.52421875 0.36640625 0.0578125 0.0578125
0 0.57421875 0.3546875 0.059375 0.0578125
0 0.62578125 0.34453125 0.0578125 0.05625
0 0.6734375 0.3359375 0.05625 0.0546875
0 0.05546875 0.41796875 0.05625 0.0609375
0 0.1015625 0.40625 0.0546875 0.0546875
0 0.1515625 0.39921875 0.0578125 0.0578125
0 0.2015625 0.38671875 0.0609375 0.0640625
0 0.2484375 0.38203125 0.05625 0.053125
0 0.2984375 0.371875 0.0578125 0.059375
0 0.34921875 0.35859375 0.0578125 0.0578125
0 0.39765625 0.34921875 0.0578125 0.0578125
0 0.446875 0.3390625 0.0578125 0.05625
0 0.4953125 0.33046875 0.0546875 0.0546875
0 0.54296875 0.315625 0.0546875 0.05625
0 0.59140625 0.30703125 0.05625 0.05625
0 0.63984375 0.2984375 0.05625 0.0578125
0 0.690625 0.28984375 0.059375 0.0578125
0 0.025 0.378125 0.05 0.05625
0 0.07109375 0.36953125 0.0625 0.059375
0 0.11796875 0.3625 0.053125 0.0578125
0 0.16640625 0.34765625 0.0578125 0.053125
0 0.21484375 0.340625 0.0546875 0.053125
0 0.2640625 0.3328125 0.05625 0.053125
0 0.315625 0.32265625 0.0546875 0.0546875
0 0.36328125 0.3109375 0.0578125 0.0578125
0 0.4125 0.30078125 0.0578125 0.05625
0 0.46171875 0.290625 0.0578125 0.059375
0 0.5125 0.2796875 0.05625 0.0578125
0 0.5609375 0.26953125 0.05625 0.0578125
0 0.6078125 0.259375 0.0578125 0.0578125
0 0.65703125 0.24921875 0.0546875 0.0546875
0 0.03671875 0.33359375 0.059375 0.0578125
0 0.08515625 0.32109375 0.0546875 0.0578125
0 0.1328125 0.3125 0.053125 0.05625
0 0.1765625 0.30234375 0.05625 0.05625
0 0.2828125 0.28515625 0.05625 0.0546875
0 0.33203125 0.2734375 0.059375 0.0578125
0 0.38046875 0.2640625 0.0546875 0.0546875
0 0.4265625 0.25390625 0.053125 0.05625
0 0.475 0.24453125 0.05625 0.059375
0 0.525 0.23359375 0.059375 0.05625
0 0.57421875 0.221875 0.0546875 0.05625
0 0.62109375 0.21171875 0.05625 0.05625
0 0.6703125 0.203125 0.059375 0.0578125
0 0.7765625 0.44453125 0.0625 0.0578125
0 0.82421875 0.43515625 0.05625 0.0546875
0 0.87421875 0.42421875 0.05625 0.053125
0 0.92265625 0.4125 0.0546875 0.0546875
0 0.96875 0.4015625 0.0515625 0.05625
0 0.7390625 0.40625 0.05625 0.05625
0 0.78984375 0.396875 0.0578125 0.05625
0 0.8375 0.3875 0.05625 0.05625
0 0.88515625 0.375 0.05625 0.0546875
0 0.93359375 0.36484375 0.0578125 0.0546875
0 0.97109375 0.35546875 0.03125 0.05
0 0.7578125 0.359375 0.0546875 0.0546875
0 0.80546875 0.35 0.0578125 0.05625
0 0.853125 0.33984375 0.0546875 0.053125
0 0.90234375 0.32890625 0.0546875 0.0546875
0 0.94921875 0.31796875 0.05625 0.05625
0 0.7234375 0.3234375 0.0578125 0.05625
0 0.77265625 0.31328125 0.0609375 0.0625
0 0.82109375 0.30078125 0.0546875 0.0546875
0 0.8671875 0.29296875 0.0578125 0.0578125
0 0.91484375 0.2828125 0.05625 0.053125
0 0.9546875 0.271875 0.0390625 0.0546875
0 0.7390625 0.27734375 0.05625 0.0578125
0 0.7875 0.2640625 0.0546875 0.0546875
0 0.83515625 0.253125 0.0578125 0.059375
0 0.8828125 0.2453125 0.05625 0.0578125
0 0.9328125 0.234375 0.0546875 0.053125
0 0.70625 0.23984375 0.0578125 0.0578125
0 0.75234375 0.2265625 0.0515625 0.053125
0 0.79921875 0.2171875 0.05625 0.0546875
0 0.84765625 0.20703125 0.05625 0.05625
0 0.89765625 0.19921875 0.0578125 0.0578125
0 0.93984375 0.1875 0.040625 0.0546875
0 0.71875 0.190625 0.0515625 0.053125
0 0.765625 0.18125 0.05625 0.05625
0 0.8140625 0.17109375 0.059375 0.0578125
0 0.86328125 0.1625 0.05625 0.0578125
0 0.9140625 0.14921875 0.05625 0.05625
0 0.015625 0.29609375 0.03125 0.0546875
0 0.05234375 0.2859375 0.053125 0.0546875
0 0.1 0.2765625 0.05625 0.0578125
0 0.14921875 0.26640625 0.0546875 0.0546875
0 0.196875 0.25625 0.0546875 0.0546875
0 0.24921875 0.24609375 0.0578125 0.0546875
0 0.2984375 0.2359375 0.0546875 0.0578125
0 0.34609375 0.22734375 0.0546875 0.0609375
0 0.39453125 0.21796875 0.0578125 0.059375
0 0.44375 0.20546875 0.0546875 0.05625
0 0.4921875 0.196875 0.059375 0.05625
0 0.02421875 0.2484375 0.0484375 0.053125
0 0.06953125 0.2390625 0.0546875 0.0546875
0 0.1171875 0.22890625 0.0515625 0.0546875
0 0.16484375 0.2203125 0.05625 0.0546875
0 0.21171875 0.21015625 0.0546875 0.0546875
0 0.2625 0.1984375 0.0546875 0.0546875
0 0.3109375 0.18984375 0.0578125 0.053125
0 0.3625 0.18046875 0.0578125 0.059375
0 0.409375 0.16875 0.0546875 0.053125
0 0.46015625 0.1578125 0.0609375 0.0578125
0 0.5109375 0.14609375 0.0578125 0.0578125
0 0.0078125 0.21171875 0.015625 0.0578125
0 0.03515625 0.2015625 0.0546875 0.053125
0 0.08359375 0.19296875 0.0546875 0.0546875
0 0.1328125 0.18359375 0.0546875 0.05625
0 0.1828125 0.17265625 0.059375 0.0578125
0 0.23125 0.16015625 0.05625 0.0546875
0 0.28125 0.1515625 0.05625 0.059375
0 0.32890625 0.14375 0.053125 0.0546875
0 0.3765625 0.13125 0.05625 0.05625
0 0.42421875 0.1234375 0.0578125 0.0578125
0 0.47421875 0.11015625 0.059375 0.0578125
0 0.015625 0.16328125 0.03125 0.0546875
0 0.0515625 0.15546875 0.05625 0.059375
0 0.09921875 0.14609375 0.053125 0.05625
0 0.14765625 0.13671875 0.0546875 0.053125
0 0.196875 0.12578125 0.0578125 0.0578125
0 0.24765625 0.1125 0.0578125 0.05625
0 0.29296875 0.103125 0.05625 0.0578125
0 0.3421875 0.09453125 0.0578125 0.0578125
0 0.39296875 0.084375 0.0578125 0.0578125
0 0.4421875 0.07421875 0.0578125 0.0578125
0 0.49296875 0.0640625 0.05625 0.05625
0 0.02421875 0.1171875 0.0484375 0.05625
0 0.0703125 0.10859375 0.0546875 0.05625
0 0.11640625 0.10078125 0.05625 0.05625
0 0.16171875 0.08828125 0.0546875 0.053125
0 0.2125 0.0796875 0.05625 0.05625
0 0.2640625 0.06796875 0.053125 0.053125
0 0.31015625 0.05625 0.053125 0.0546875
0 0.36015625 0.04765625 0.053125 0.0546875
0 0.40703125 0.0390625 0.05625 0.0546875
0 0.45703125 0.0265625 0.0546875 0.0515625
0 0.50234375 0.021875 0.0546875 0.04375
0 0.0078125 0.090625 0.015625 0.040625
0 0.03671875 0.08203125 0.053125 0.0375
0 0.08515625 0.07265625 0.053125 0.034375
0 0.13515625 0.06484375 0.053125 0.034375
0 0.1828125 0.05546875 0.0484375 0.028125
0 0.23203125 0.04609375 0.0515625 0.0265625
0 0.54140625 0.1875 0.053125 0.05625
0 0.58984375 0.178125 0.05625 0.0578125
0 0.6390625 0.165625 0.05625 0.0546875
0 0.6859375 0.15390625 0.0515625 0.0515625
0 0.73203125 0.1453125 0.0546875 0.0546875
0 0.78046875 0.134375 0.0546875 0.05625
0 0.8296875 0.12421875 0.0578125 0.0578125
0 0.8796875 0.1109375 0.05625 0.05625
0 0.92265625 0.09921875 0.0453125 0.053125
0 0.56015625 0.13828125 0.0515625 0.0546875
0 0.60625 0.1296875 0.0546875 0.053125
0 0.653125 0.11953125 0.0546875 0.053125
0 0.70078125 0.10859375 0.05625 0.05625
0 0.7484375 0.096875 0.0546875 0.053125
0 0.7984375 0.08515625 0.05625 0.05625
0 0.84765625 0.071875 0.05625 0.0546875
0 0.8953125 0.06484375 0.0578125 0.0578125
0 0.5234375 0.10078125 0.0578125 0.0578125
0 0.57265625 0.09375 0.0546875 0.0546875
0 0.61953125 0.08203125 0.0515625 0.0546875
0 0.66875 0.071875 0.0578125 0.0578125
0 0.715625 0.06015625 0.053125 0.0546875
0 0.7625 0.05 0.0546875 0.053125
0 0.809375 0.03828125 0.0546875 0.05625
0 0.859375 0.02734375 0.059375 0.0546875
0 0.90703125 0.02265625 0.0515625 0.0453125
0 0.53828125 0.05234375 0.0546875 0.0546875
0 0.584375 0.0421875 0.0546875 0.0546875
0 0.6328125 0.0375 0.0578125 0.0578125
0 0.68125 0.025 0.053125 0.05
0 0.7265625 0.01953125 0.05625 0.0390625
0 0.77421875 0.015625 0.0578125 0.03125
0 0.825 0.00859375 0.059375 0.0171875
0 0.5515625 0.01640625 0.059375 0.0328125
0 0.60234375 0.01171875 0.0515625 0.0234375
0 0.6484375 0.009375 0.05625 0.01875