0 0.43203125 0.0859375 0.146875 0.134375
1 0.8 0.3375 0.08125 0.084375
1 0.79765625 0.7390625 0.1078125 0.0890625
1 0.5578125 0.6875 0.15078125 0.09609375
0 0.084375 0.16015625 0.1140625 0.11171875
1 0.71015625 0.0484375 0.1171875 0.096875
1 0.71484375 0.3140625 0.1046875 0.10703125
1 0.90390625 0.83515625 0.0953125 0.0890625
1 0.7546875 0.590625 0.096875 0.0890625
1 0.584375 0.4265625 0.08671875 0.08515625
1 0.959375 0.09609375 0.071875 0.08203125
1 0.84609375 0.89921875 0.0796875 0.08984375
1 0.6765625 0.95703125 0.115625 0.0859375
1 0.65078125 0.6359375 0.10859375 0.08671875
0 0.20546875 0.12890625 0.11015625 0.1125
0 0.321875 0.546875 0.1125 0.1140625
1 0.875 0.0765625 0.09921875 0.1125
1 0.94765625 0.74921875 0.0984375 0.0828125
0 0.1921875 0.5921875 0.14609375 0.1546875
1 0.78671875 0.05390625 0.07890625 0.09140625
1 0.60390625 0.81484375 0.10625 0.08515625
0 0.06796875 0.59609375 0.1109375 0.115625
1 0.940625 0.65625 0.1046875 0.07890625
0 0.16875 0.2484375 0.11484375 0.11796875
1 0.74453125 0.678125 0.1171875 0.08515625
1 0.890625 0.35859375 0.09453125 0.08515625
1 0.9421875 0.9203125 0.115625 0.08671875
1 0.878125 0.7109375 0.07421875 0.09296875
0 0.0265625 0.0609375 0.053125 0.121875
0 0.309375 0.109375 0.1109375 0.11328125
1 0.7390625 0.4015625 0.084375 0.0921875
1 0.959375 0.24453125 0.08046875 0.0921875
1 0.8234375 0.4375 0.0875 0.10078125
1 0.86953125 0.97734375 0.1015625 0.0453125
0 0.2890625 0.228125 0.10859375 0.11015625
1 0.7453125 0.5 0.096875 0.096875
1 0.64453125 0.36875 0.08984375 0.09453125
1 0.9078125 0.4625 0.10703125 0.09140625
1 0.66640625 0.8703125 0.07890625 0.078125
0 0.57265625 0.06015625 0.121875 0.1171875
0 0.21640625 0.03515625 0.10859375 0.06953125
1 0.51953125 0.86015625 0.13359375 0.0984375
1 0.46171875 0.67578125 0.065625 0.08125
1 0.90390625 0.571875 0.1171875 0.0953125
0 0.05625 0.29609375 0.1125 0.1515625
1 0.9578125 0.40234375 0.084375 0.0984375
1 0.58671875 0.92265625 0.0875 0.09375
0 0.0921875 0.9625 0.103125 0.075
1 0.91875 0.18046875 0.10546875 0.10546875
1 0.471875 0.29609375 0.11484375 0.1109375
1 0.8515625 0.646875 0.09921875 0.08828125
1 0.425 0.84453125 0.0890625 0.09375
1 0.81796875 0.20625 0.10859375 0.103125
0 0.34453125 0.021875 0.128125 0.04296875
1 0.88359375 0.26953125 0.109375 0.0921875
0 0.078125 0.76328125 0.11484375 0.1171875
0 0.13984375 0.696875 0.11640625 0.11484375
1 0.4296875 0.52421875 0.0859375 0.1046875
0 0.109375 0.87265625 0.11328125 0.10625
1 0.6375 0.24453125 0.09140625 0.11875
0 0.3859375 0.2109375 0.12734375 0.125
1 0.9734375 0.8390625 0.053125 0.09375
0 0.2359375 0.45859375 0.11015625 0.109375
1 0.66171875 0.725 0.109375 0.09453125
1 0.3921875 0.684375 0.0859375 0.09140625
0 0.01953125 0.51484375 0.0390625 0.1265625
1 0.665625 0.4546875 0.08203125 0.08125
0 0.10859375 0.04765625 0.1046875 0.0953125
1 0.66640625 0.5515625 0.071875 0.08125
1 0.47109375 0.925 0.0984375 0.07265625
0 0.25 0.3484375 0.1125 0.1328125
1 0.73515625 0.1359375 0.12421875 0.1
1 0.53515625 0.97578125 0.11328125 0.0484375
0 0.2796875 0.66484375 0.1265625 0.109375
0 0.14609375 0.36484375 0.096875 0.11171875
1 0.809375 0.540625 0.08203125 0.08125
1 0.96015625 0.51328125 0.0765625 0.0875
1 0.35 0.9015625 0.08984375 0.10234375
0 0.02109375 0.9078125 0.04140625 0.140625
1 0.39375 0.60078125 0.07890625 0.06875
0 0.1109375 0.50078125 0.1171875 0.11796875
1 0.92421875 0.02109375 0.1125 0.04140625
1 0.46015625 0.75859375 0.1109375 0.08359375
1 0.53515625 0.76484375 0.109375 0.0796875
1 0.471875 0.3890625 0.09140625 0.09140625
1 0.9875 0.578125 0.025 0.05625
0 0.0140625 0.18515625 0.028125 0.1140625
0 0.2015625 0.77734375 0.1234375 0.11328125
1 0.32265625 0.7625 0.08828125 0.103125
1 0.590625 0.5109375 0.10078125 0.07578125
1 0.77734375 0.9765625 0.0921875 0.046875
0 0.01640625 0.78828125 0.03203125 0.1265625
1 0.6953125 0.79765625 0.0734375 0.0734375
1 0.559375 0.328125 0.11953125 0.10234375
1 0.64375 0.13515625 0.07578125 0.0921875
1 0.49375 0.47109375 0.1109375 0.08359375
1 0.39140625 0.95703125 0.09453125 0.07578125
1 0.76875 0.9078125 0.10234375 0.07578125
0 0.546875 0.1921875 0.096875 0.1109375
0 0.36484375 0.34765625 0.10859375 0.109375
0 0.359375 0.44609375 0.10546875 0.1
0 0.0390625 0.4125 0.078125 0.08984375