0 0.771875 0.225 0.06484375 0.06328125
0 0.9453125 0.05 0.0625 0.06328125
0 0.871875 0.1625 0.06875 0.0625
0 0.67578125 0.05078125 0.0671875 0.0640625
0 0.97421875 0.10625 0.0515625 0.0625
0 0.91328125 0.1078125 0.065625 0.06484375
0 0.88359375 0.04453125 0.06171875 0.06015625
0 0.8359375 0.22109375 0.06015625 0.0625
0 0.64453125 0.1109375 0.06875 0.06328125
0 0.94765625 0.39765625 0.06484375 0.06484375
0 0.8203125 0.04765625 0.0625 0.0625
0 0.90078125 0.22109375 0.06640625 0.0640625
0 0.80859375 0.1625 0.06015625 0.0640625
0 0.975 0.46171875 0.05 0.0640625
0 0.75078125 0.04609375 0.0671875 0.06328125
0 0.78515625 0.1015625 0.065625 0.059375
0 0.971875 0.70859375 0.05625 0.0640625
0 0.9453125 0.6453125 0.06328125 0.05859375
0 0.9453125 0.165625 0.06171875 0.06171875
0 0.703125 0.225 0.065625 0.0625
0 0.87890625 0.39921875 0.06640625 0.065625
0 0.94375 0.2734375 0.06484375 0.06171875
0 0.80703125 0.28125 0.06796875 0.0640625
0 0.94140625 0.528125 0.06875 0.06640625
0 0.73984375 0.16640625 0.065625 0.06328125
0 0.9734375 0.584375 0.05234375 0.06484375
0 0.7375 0.2828125 0.06171875 0.06328125
0 0.97265625 0.21875 0.0546875 0.0625
0 0.98828125 0.16171875 0.0234375 0.0609375
0 0.9890625 0.04609375 0.021875 0.06796875
0 0.709375 0.01171875 0.0640625 0.02265625
0 0.7859375 0.0109375 0.0640625 0.02109375
0 0.97109375 0.0109375 0.0578125 0.021875
0 0.9109375 0.01015625 0.0625 0.0203125
0 0.9109375 0.59296875 0.065625 0.06484375
0 0.58359375 0.01328125 0.06796875 0.0265625
0 0.71640625 0.109375 0.06484375 0.05859375
1 0.91640625 0.334375 0.06171875 0.06640625
0 0.98671875 0.7734375 0.0265625 0.06484375
1 0.85390625 0.3359375 0.05703125 0.05
1 0.871875 0.51875 0.06640625 0.07109375
1 0.878125 0.28046875 0.06640625 0.05625
1 0.915625 0.45859375 0.0640625 0.06015625
0 0.98984375 0.63984375 0.0203125 0.0640625
0 0.61640625 0.053125 0.059375 0.0625
1 0.7875 0.34375 0.06953125 0.05546875
1 0.9765625 0.3328125 0.046875 0.059375
1 0.8109375 0.40390625 0.0625 0.06484375
0 0.99140625 0.5203125 0.0171875 0.065625
0 0.846875 0.00703125 0.0609375 0.0140625
1 0.84296875 0.45703125 0.06796875 0.053125
0 0.65078125 0.01171875 0.05859375 0.02265625
0 0.67734375 0.1640625 0.05390625 0.05703125
0 0.85390625 0.10078125 0.06171875 0.05546875