0 0.06328125 0.9671875 0.06015625 0.06015625
0 0.071875 0.72578125 0.06015625 0.05703125
0 0.128125 0.75703125 0.0609375 0.0578125
0 0.0546875 0.25 0.0609375 0.059375
0 0.04296875 0.38046875 0.0625 0.0578125
0 0.01640625 0.02421875 0.0328125 0.0484375
0 0.12578125 0.94140625 0.06015625 0.05703125
0 0.059375 0.32421875 0.0609375 0.06015625
0 0.0578125 0.12578125 0.05703125 0.0578125
0 0.05546875 0.0640625 0.0578125 0.05859375
0 0.121875 0.140625 0.06171875 0.0578125
0 0.0671875 0.6 0.05703125 0.05625
0 0.0546875 0.18671875 0.06015625 0.05625
0 0.11640625 0.8734375 0.0609375 0.0578125
0 0.0125 0.33359375 0.02421875 0.06015625
0 0.11875 0.5625 0.05703125 0.0546875
0 0.065625 0.53125 0.05859375 0.05390625
0 0.05859375 0.7828125 0.0578125 0.05234375
0 0.11875 0.4984375 0.06015625 0.05390625
0 0.12421875 0.33125 0.06171875 0.0578125
0 0.06484375 0.4671875 0.05546875 0.0515625
0 0.11875 0.684375 0.06171875 0.05859375
0 0.121875 0.2625 0.06171875 0.059375
0 0.05390625 0.9046875 0.06171875 0.05859375
0 0.05703125 0.01328125 0.06171875 0.0265625
0 0.11953125 0.01953125 0.06484375 0.0390625
0 0.009375 0.26875 0.01796875 0.05703125
0 0.059375 0.65625 0.05859375 0.05546875
0 0.121875 0.9890625 0.071875 0.021875
0 0.0203125 0.43125 0.040625 0.05390625
0 0.121875 0.203125 0.0640625 0.0578125
0 0.11953125 0.06953125 0.0609375 0.0578125
0 0.1125 0.3890625 0.05703125 0.046875
0 0.11328125 0.43828125 0.0546875 0.040625
0 0.11953125 0.62265625 0.05625 0.05546875
0 0.11640625 0.81328125 0.05703125 0.04453125
0 0.06015625 0.8453125 0.05 0.0546875
0 0.01171875 0.08828125 0.0234375 0.0484375
0 0.01015625 0.14140625 0.0203125 0.0453125
0 0.01015625 0.20390625 0.0203125 0.05390625
0 0.01796875 0.49296875 0.0359375 0.0546875
0 0.02109375 0.565625 0.0421875 0.046875
0 0.01796875 0.6234375 0.0359375 0.04375
0 0.0171875 0.6828125 0.03359375 0.05546875
0 0.01796875 0.74453125 0.0359375 0.0546875
0 0.01640625 0.809375 0.03203125 0.0515625
0 0.0171875 0.871875 0.034375 0.0578125
0 0.0171875 0.93359375 0.034375 0.05390625
0 0.01796875 0.98125 0.0359375 0.0375