1 0.6875 0.9578125 0.19375 0.084375
1 0.7640625 0.8734375 0.18203125 0.1953125
1 0.83828125 0.7015625 0.203125 0.19765625
1 0.9171875 0.55625 0.165625 0.178125
1 0.95703125 0.41171875 0.0859375 0.1859375
1 0.953125 0.096875 0.09375 0.1671875
1 0.9015625 0.25234375 0.1796875 0.1875
1 0.82734375 0.39140625 0.1875 0.17421875
1 0.7359375 0.55390625 0.196875 0.1890625
1 0.6671875 0.70625 0.171875 0.1734375
1 0.58828125 0.86015625 0.19296875 0.17734375
1 0.40234375 0.8671875 0.19140625 0.19296875
1 0.4890625 0.71640625 0.19765625 0.178125
1 0.57109375 0.56953125 0.19296875 0.2046875
1 0.6453125 0.39296875 0.18984375 0.18984375
1 0.7359375 0.2421875 0.19140625 0.19765625
1 0.8078125 0.0859375 0.190625 0.171875
1 0.62890625 0.11328125 0.18515625 0.1890625
1 0.54921875 0.25859375 0.17890625 0.18359375
1 0.4609375 0.44140625 0.18046875 0.1734375
1 0.3796875 0.59453125 0.18125 0.18046875
1 0.28828125 0.72109375 0.1890625 0.18359375
1 0.22265625 0.88203125 0.18125 0.19453125
1 0.06875 0.878125 0.1375 0.175
1 0.12109375 0.728125 0.171875 0.2
1 0.20390625 0.5546875 0.17265625 0.20234375
1 0.05859375 0.565625 0.1171875 0.184375
1 0.0953125 0.39140625 0.17734375 0.17578125
1 0.29140625 0.41953125 0.178125 0.1703125
1 0.37734375 0.28046875 0.1703125 0.18359375
1 0.19375 0.26640625 0.18203125 0.1734375
1 0.1109375 0.1125 0.1859375 0.18125
1 0.28359375 0.1265625 0.16796875 0.1875
1 0.446875 0.12578125 0.178125 0.19140625