0 0.26484375 0.02265625 0.0640625 0.0453125
0 0.47578125 0.20703125 0.0609375 0.05859375
0 0.13515625 0.01953125 0.0640625 0.0390625
0 0.77734375 0.03828125 0.06171875 0.059375
0 0.4796875 0.1015625 0.0625 0.06171875
0 0.02578125 0.18203125 0.0515625 0.0609375
0 0.35 0.20546875 0.06171875 0.0578125
0 0.384375 0.1390625 0.06171875 0.0609375
0 0.1921875 0.14140625 0.06015625 0.0609375
0 0.60859375 0.1015625 0.06171875 0.06171875
0 0.9796875 0.21484375 0.03984375 0.06484375
0 0.09765625 0.18515625 0.06171875 0.0625
0 0.3296875 0.0234375 0.0625 0.04609375
0 0.4453125 0.159375 0.0625 0.0609375
0 0.734375 0.2140625 0.0625 0.0640625
0 0.9078125 0.03046875 0.0625 0.0609375
0 0.8640625 0.21484375 0.06171875 0.06328125
0 0.25703125 0.24296875 0.0625 0.059375
0 0.8015625 0.21484375 0.06328125 0.06328125
0 0.6390625 0.16015625 0.0625 0.0609375
0 0.58359375 0.03359375 0.0609375 0.06171875
0 0.1890625 0.24453125 0.06015625 0.059375
0 0.57578125 0.1625 0.06171875 0.05859375
0 0.89375 0.15859375 0.0609375 0.0625
0 0.86171875 0.09609375 0.06171875 0.059375
0 0.76796875 0.15 0.06328125 0.0609375
0 0.42421875 0.08125 0.06171875 0.06328125
0 0.54609375 0.2046875 0.0609375 0.059375
0 0.6703125 0.21015625 0.0625 0.0625
0 0.97109375 0.034375 0.05703125 0.065625
0 0.9828125 0.1046875 0.034375 0.065625
0 0.12734375 0.1328125 0.06328125 0.0609375
0 0.67421875 0.09453125 0.06171875 0.06171875
0 0.65 0.03046875 0.06328125 0.059375
0 0.0921875 0.06796875 0.06171875 0.06171875
0 0.31875 0.15546875 0.0609375 0.0625
0 0.4171875 0.2046875 0.0625 0.0625
0 0.059375 0.1265625 0.0609375 0.06328125
0 0.15859375 0.078125 0.06015625 0.06328125
0 0.221875 0.08203125 0.0625 0.0609375
0 0.38359375 0.25625 0.0609375 0.059375
0 0.92578125 0.21875 0.0625 0.0640625
0 0.51171875 0.2578125 0.0609375 0.05859375
0 0.45625 0.028125 0.06328125 0.05625
0 0.221875 0.19375 0.06328125 0.0609375
0 0.5125 0.15390625 0.0609375 0.0609375
0 0.28359375 0.19453125 0.0625 0.0578125
0 0.9609375 0.2734375 0.0609375 0.059375
0 0.60625 0.2125 0.06171875 0.06015625
0 0.89921875 0.27109375 0.06171875 0.05859375
0 0.28515625 0.0828125 0.0640625 0.06484375
0 0.03125 0.06328125 0.05703125 0.059375
0 0.1578125 0.19140625 0.05859375 0.06015625
0 0.703125 0.15625 0.06015625 0.0609375
0 0.83203125 0.153125 0.059375 0.06015625
0 0.6421875 0.26796875 0.06171875 0.06171875
0 0.4453125 0.26796875 0.06328125 0.0609375
0 0.546875 0.0890625 0.06171875 0.06328125
0 0.359375 0.08359375 0.0625 0.0640625
0 0.57578125 0.2578125 0.06015625 0.0578125
0 0.12890625 0.24375 0.0625 0.0609375
0 0.8 0.08984375 0.0609375 0.05859375
0 0.73828125 0.08984375 0.06015625 0.06015625
0 0.20078125 0.01953125 0.06328125 0.03828125
0 0.71328125 0.0296875 0.06328125 0.05859375
0 0.95859375 0.16015625 0.06015625 0.0609375
0 0.25234375 0.15078125 0.0625 0.059375
0 0.70390625 0.27890625 0.06015625 0.0625
0 0.31796875 0.24765625 0.0609375 0.06015625
0 0.06015625 0.2359375 0.0625 0.0609375
0 0.01328125 0.11796875 0.0265625 0.06796875
0 0.01640625 0.0125 0.0328125 0.02421875
0 0.0140625 0.2328125 0.028125 0.05625
0 0.525 0.028125 0.0625 0.05625
0 0.8734375 0.00703125 0.0640625 0.0140625
0 0.81171875 0.009375 0.0625 0.01875
0 0.84609375 0.03203125 0.06171875 0.0609375
1 0.92734375 0.09453125 0.0609375 0.053125
1 0.0640625 0.01484375 0.06875 0.02890625
0 0.74765625 0.00859375 0.0625 0.01640625
1 0.3953125 0.021875 0.0640625 0.04375
1 0.76953125 0.275 0.0578125 0.05234375
0 0.55859375 0.0046875 0.059375 0.009375
1 0.83359375 0.271875 0.0640625 0.05625