0 0.88359375 0.15 0.06015625 0.06015625
0 0.025 0.409375 0.05 0.05859375
0 0.0859375 0.025 0.059375 0.05
0 0.0515625 0.08046875 0.0609375 0.05625
0 0.971875 0.2234375 0.05625 0.0625
0 0.025 0.134375 0.05 0.059375
0 0.02109375 0.03515625 0.0421875 0.0609375
0 0.759375 0.409375 0.0578125 0.05859375
0 0.32890625 0.18203125 0.0578125 0.05703125
0 0.45078125 0.7734375 0.0625 0.06171875
0 0.06875 0.83359375 0.0625 0.0609375
0 0.425 0.09453125 0.06015625 0.05859375
0 0.09765625 0.77265625 0.06171875 0.05859375
0 0.47265625 0.59140625 0.06171875 0.0640625
0 0.97578125 0.89609375 0.04765625 0.059375
0 0.978125 0.3921875 0.04375 0.06171875
0 0.40703125 0.48359375 0.0609375 0.059375
0 0.10859375 0.8859375 0.06171875 0.06015625
0 0.59375 0.06015625 0.059375 0.06015625
0 0.23359375 0.11953125 0.05546875 0.05703125
0 0.01796875 0.9390625 0.0359375 0.05625
0 0.58203125 0.65234375 0.06015625 0.05859375
0 0.1484375 0.4046875 0.059375 0.0609375
0 0.0359375 0.75859375 0.06015625 0.0640625
0 0.6203125 0.709375 0.0625 0.0625
0 0.19453125 0.171875 0.06171875 0.0609375
0 0.090625 0.1328125 0.06171875 0.059375
0 0.0984375 0.22890625 0.06015625 0.05703125
0 0.06953125 0.571875 0.059375 0.059375
0 0.040625 0.89375 0.06015625 0.0578125
0 0.4953125 0.89609375 0.0609375 0.06328125
0 0.0171875 0.84296875 0.034375 0.06171875
0 0.43984375 0.5328125 0.06171875 0.0609375
0 0.31171875 0.4359375 0.0609375 0.06015625
0 0.2265625 0.33828125 0.06171875 0.0609375
0 0.375 0.4359375 0.06171875 0.0625
0 0.36875 0.14140625 0.0625 0.05703125
0 0.9828125 0.78671875 0.03359375 0.0625
0 0.19765625 0.5765625 0.06171875 0.05859375
0 0.47421875 0.828125 0.0609375 0.059375
0 0.9375 0.95625 0.06328125 0.06171875
0 0.234375 0.0203125 0.0625 0.040625
0 0.8296875 0.82265625 0.05859375 0.05703125
0 0.409375 0.59296875 0.06015625 0.06171875
0 0.496875 0.09765625 0.05546875 0.05390625
0 0.49375 0.65234375 0.0609375 0.06015625
0 0.4140625 0.846875 0.059375 0.05859375
0 0.22734375 0.228125 0.06171875 0.0625
0 0.1625 0.0234375 0.0609375 0.04609375
0 0.984375 0.28203125 0.03046875 0.0546875
0 0.63984375 0.63125 0.06015625 0.0625
0 0.4640625 0.2140625 0.06171875 0.0609375
0 0.76484375 0.64140625 0.0578125 0.05703125
0 0.38515625 0.78984375 0.06328125 0.0609375
0 0.5828125 0.75703125 0.06171875 0.059375
0 0.52109375 0.75234375 0.06171875 0.06171875
0 0.2296875 0.64453125 0.06171875 0.06328125
0 0.0296875 0.2375 0.05859375 0.0578125
0 0.01640625 0.29453125 0.0328125 0.0578125
0 0.828125 0.028125 0.0625 0.05625
0 0.3453125 0.0828125 0.06171875 0.0609375
0 0.01875 0.58046875 0.0375 0.059375
0 0.3171875 0.0265625 0.0609375 0.053125
0 0.471875 0.4796875 0.06015625 0.05546875
0 0.271875 0.07109375 0.0609375 0.0578125
0 0.3171875 0.79375 0.0609375 0.06015625
0 0.0703125 0.93984375 0.0578125 0.05625
0 0.284375 0.74375 0.0609375 0.05625
0 0.33828125 0.4984375 0.06328125 0.06328125
0 0.26484375 0.17890625 0.0609375 0.05703125
0 0.09140625 0.51796875 0.0625 0.0625
0 0.10390625 0.34140625 0.06171875 0.0625
0 0.03046875 0.521875 0.0578125 0.05625
0 0.53984375 0.815625 0.0609375 0.0625
0 0.1578125 0.51796875 0.059375 0.05703125
0 0.6 0.82265625 0.06015625 0.06328125
0 0.2703125 0.8578125 0.06015625 0.06015625
0 0.3734375 0.90859375 0.0578125 0.05625
0 0.34609375 0.7359375 0.0609375 0.0625
0 0.06484375 0.2875 0.0609375 0.05703125
0 0.16484375 0.34296875 0.06015625 0.05859375
0 0.40703125 0.72578125 0.06015625 0.0609375
0 0.18828125 0.80546875 0.059375 0.0578125
0 0.67890625 0.90859375 0.0609375 0.06171875
0 0.29140625 0.2375 0.0609375 0.06015625
0 0.9234375 0.38515625 0.059375 0.06015625
0 0.61484375 0.11640625 0.05859375 0.05625
0 0.63359375 0.5453125 0.0609375 0.0609375
0 0.5359375 0.04921875 0.06171875 0.0609375
0 0.19921875 0.28671875 0.06015625 0.0578125
0 0.55703125 0.88125 0.0609375 0.06171875
0 0.3359375 0.971875 0.06328125 0.05625
0 0.909375 0.71640625 0.0578125 0.0546875
0 0.12578125 0.06875 0.06015625 0.0578125
0 0.47734375 0.3734375 0.06171875 0.0625
0 0.1265625 0.9671875 0.059375 0.0546875
0 0.31875 0.56484375 0.059375 0.059375
0 0.4078125 0.96875 0.0625 0.0625
0 0.95625 0.83984375 0.06171875 0.06171875
0 0.3640625 0.225 0.0625 0.06015625
0 0.56875 0.5390625 0.0609375 0.06015625
0 0.03203125 0.98203125 0.0578125 0.0359375
0 0.71953125 0.4546875 0.0609375 0.06015625
0 0.059375 0.465625 0.0609375 0.05859375
0 0.0578125 0.6859375 0.05859375 0.05859375
0 0.41171875 0.3796875 0.06015625 0.059375
0 0.70234375 0.9625 0.06015625 0.0578125
0 0.16328125 0.115625 0.06015625 0.05703125
0 0.20234375 0.0640625 0.06015625 0.059375
0 0.3421875 0.38359375 0.06171875 0.06015625
0 0.87265625 0.77109375 0.06171875 0.0609375
0 0.3703125 0.678125 0.06015625 0.0625
0 0.50546875 0.43125 0.0609375 0.0609375
0 0.11875 0.70078125 0.06015625 0.05703125
0 0.12734375 0.459375 0.0609375 0.0578125
0 0.25546875 0.578125 0.0609375 0.0578125
0 0.3796875 0.32890625 0.0609375 0.06015625
0 0.44296875 0.43203125 0.0609375 0.05859375
0 0.2984375 0.33359375 0.0609375 0.0578125
0 0.3015625 0.1234375 0.06015625 0.06015625
0 0.96328125 0.04375 0.0625 0.06015625
0 0.2625 0.2859375 0.0625 0.05859375
0 0.4296875 0.6546875 0.05859375 0.06015625
0 0.0578125 0.18359375 0.06171875 0.0578125
0 0.39296875 0.03046875 0.0640625 0.0609375
0 0.16171875 0.75625 0.0609375 0.06171875
0 0.0375 0.35 0.059375 0.06015625
0 0.72578125 0.0859375 0.06171875 0.0609375
0 0.54375 0.22265625 0.0625 0.06171875
0 0.88359375 0.43671875 0.059375 0.0578125
0 0.13046875 0.8265625 0.059375 0.05859375
0 0.7953125 0.36015625 0.059375 0.06171875
0 0.89296875 0.83984375 0.0609375 0.059375
0 0.58125 0.16875 0.05859375 0.05703125
0 0.1296875 0.17421875 0.0625 0.06171875
0 0.79296875 0.0859375 0.05859375 0.0578125
0 0.45859375 0.04453125 0.0609375 0.0609375
0 0.95859375 0.33515625 0.0609375 0.06015625
0 0.37890625 0.53828125 0.059375 0.059375
0 0.5359375 0.6921875 0.059375 0.05625
0 0.7046875 0.6296875 0.059375 0.05703125
0 0.66640625 0.33203125 0.0609375 0.059375
0 0.934375 0.7796875 0.06015625 0.06015625
0 0.28046875 0.52578125 0.0609375 0.06015625
0 0.8984375 0.03125 0.0609375 0.05546875
0 0.9859375 0.95234375 0.02734375 0.0640625
0 0.1296875 0.5765625 0.0609375 0.0609375
0 0.821875 0.13203125 0.06015625 0.05703125
0 0.16640625 0.6390625 0.06171875 0.0640625
0 0.69140625 0.025 0.0625 0.04921875
0 0.2484375 0.465625 0.0609375 0.059375
0 0.6796875 0.73125 0.06015625 0.0578125
0 0.57421875 0.4390625 0.06171875 0.059375
0 0.9203125 0.88984375 0.0609375 0.05859375
0 0.61875 0.88671875 0.06015625 0.0609375
0 0.3359375 0.278125 0.0609375 0.05859375
0 0.309375 0.9078125 0.0609375 0.0609375
0 0.828125 0.97421875 0.059375 0.0515625
0 0.5375 0.48359375 0.06171875 0.0578125
0 0.25078125 0.7953125 0.0609375 0.0578125
0 0.10546875 0.63828125 0.0609375 0.0609375
0 0.534375 0.603125 0.059375 0.0578125
0 0.04140625 0.63203125 0.05859375 0.0578125
0 0.01328125 0.6703125 0.0265625 0.0625
0 0.3125 0.6890625 0.0578125 0.0546875
0 0.609375 0.22890625 0.0609375 0.0578125
0 0.73125 0.346875 0.0609375 0.0609375
0 0.7390625 0.51875 0.05859375 0.05703125
0 0.26875 0.38671875 0.06171875 0.0625
0 0.35078125 0.6140625 0.06015625 0.059375
0 0.971875 0.7265625 0.05546875 0.06015625
0 0.903125 0.49296875 0.0578125 0.06015625
0 0.5921875 0.590625 0.059375 0.05625
0 0.74296875 0.91171875 0.06015625 0.06015625
0 0.9875 0.45625 0.025 0.0609375
0 0.52421875 0.32421875 0.06171875 0.06171875
0 0.56953125 0.27578125 0.0609375 0.05703125
0 0.08359375 0.409375 0.0609375 0.06171875
0 0.63046875 0.3890625 0.059375 0.05859375
0 0.42421875 0.27109375 0.0609375 0.06171875
0 0.934375 0.27421875 0.06015625 0.05859375
0 0.87265625 0.9296875 0.06015625 0.059375
0 0.940625 0.60625 0.06015625 0.05546875
0 0.48671875 0.26953125 0.06015625 0.059375
0 0.5578125 0.11328125 0.059375 0.05546875
0 0.76875 0.96796875 0.06015625 0.0546875
0 0.84765625 0.8703125 0.0609375 0.05859375
0 0.221875 0.7515625 0.06015625 0.05859375
0 0.13203125 0.2875 0.06171875 0.06015625
0 0.978125 0.103125 0.04296875 0.06015625
0 0.18515625 0.46484375 0.05859375 0.06015625
0 0.65625 0.44765625 0.06015625 0.059375
0 0.709375 0.28671875 0.06015625 0.06015625
0 0.97734375 0.5609375 0.04453125 0.0625
0 0.80234375 0.52890625 0.0609375 0.06015625
0 0.1625 0.228125 0.06171875 0.0578125
0 0.2765625 0.9625 0.0625 0.06328125
0 0.5046875 0.53046875 0.06015625 0.05859375
0 0.9390625 0.0078125 0.0640625 0.015625
0 0.7796875 0.4671875 0.05546875 0.0578125
0 0.52890625 0.97890625 0.059375 0.0421875
0 0.434375 0.90234375 0.05625 0.05703125
0 0.925 0.0953125 0.06171875 0.059375
0 0.18828125 0.70078125 0.05859375 0.05625
0 0.4796875 0.95546875 0.06015625 0.05859375
0 0.2296875 0.91640625 0.05859375 0.06015625
0 0.953125 0.671875 0.0578125 0.05625
0 0.821875 0.42578125 0.0609375 0.06328125
0 0.20625 0.40703125 0.0609375 0.0609375
0 0.72265625 0.18203125 0.06171875 0.05546875
0 0.88203125 0.6 0.059375 0.05703125
0 0.1671875 0.90546875 0.059375 0.0578125
0 0.46796875 0.71328125 0.059375 0.06171875
0 0.290625 0.63671875 0.06015625 0.0609375
0 0.46015625 0.14296875 0.059375 0.05859375
0 0.659375 0.07109375 0.0609375 0.05625
0 0.25 0.69921875 0.06015625 0.05703125
0 0.890625 0.6609375 0.0578125 0.05703125
0 0.8984375 0.325 0.0609375 0.06171875
0 0.59453125 0.98515625 0.0625 0.0296875
0 0.86015625 0.08828125 0.06171875 0.0609375
0 0.7265625 0.853125 0.06171875 0.0609375
0 0.64453125 0.28125 0.059375 0.05625
0 0.865625 0.540625 0.06015625 0.05859375
0 0.6609375 0.8359375 0.06171875 0.06171875
0 0.21953125 0.5234375 0.06015625 0.06171875
0 0.703125 0.7921875 0.0609375 0.0578125
0 0.9125 0.2125 0.059375 0.06015625
0 0.19140625 0.9640625 0.059375 0.05859375
0 0.496875 0.01015625 0.0640625 0.0203125
0 0.85234375 0.203125 0.0609375 0.0609375
0 0.821875 0.58203125 0.06015625 0.0546875
0 0.82890625 0.6484375 0.059375 0.05859375
0 0.9421875 0.159375 0.05859375 0.05859375
0 0.35390625 0.84765625 0.06015625 0.0640625
0 0.6875 0.1390625 0.06484375 0.0609375
0 0.67890625 0.5046875 0.0609375 0.059375
0 0.85078125 0.71015625 0.0625 0.0625
0 0.78515625 0.86484375 0.059375 0.0546875
0 0.78515625 0.184375 0.05859375 0.05703125
0 0.5234375 0.1609375 0.06015625 0.05625
0 0.7421875 0.74375 0.0609375 0.06015625
0 0.68125 0.2265625 0.0609375 0.0609375
0 0.54609375 0.3875 0.0625 0.0578125
0 0.8046875 0.7609375 0.06015625 0.06015625
0 0.809375 0.91875 0.06015625 0.06015625
0 0.83359375 0.315625 0.06171875 0.0609375
0 0.60859375 0.4890625 0.059375 0.05859375
0 0.86171875 0.37578125 0.059375 0.0578125
0 0.6421875 0.1765625 0.0609375 0.0609375
0 0.98828125 0.62265625 0.02265625 0.06328125
0 0.77265625 0.2953125 0.0609375 0.06171875
0 0.603125 0.33671875 0.06171875 0.0625
0 0.925 0.5515625 0.05703125 0.05546875
0 0.76796875 0.8078125 0.0625 0.0609375
0 0.75625 0.575 0.059375 0.0578125
0 0.69375 0.4 0.0578125 0.05546875
0 0.71953125 0.68359375 0.06171875 0.0578125
0 0.640625 0.9578125 0.0625 0.0609375
0 0.0078125 0.08828125 0.01484375 0.0546875
0 0.8125 0.25 0.0609375 0.06328125
0 0.01015625 0.1890625 0.0203125 0.053125
0 0.20859375 0.85703125 0.059375 0.05546875
0 0.875 0.2640625 0.06171875 0.06171875
0 0.9671875 0.5015625 0.06171875 0.059375
0 0.846875 0.48046875 0.06171875 0.0578125
0 0.72578125 0.99296875 0.05546875 0.01328125
0 0.74609375 0.2328125 0.06015625 0.05703125
0 0.8703125 0.0078125 0.0625 0.015625
0 0.44609375 0.3234375 0.06328125 0.05703125
0 0.6328125 0.0140625 0.0640625 0.02734375
0 0.1578125 0.99375 0.05546875 0.01171875
0 0.8859375 0.97890625 0.053125 0.0421875
0 0.759375 0.128125 0.0546875 0.0546875
0 0.784375 0.68984375 0.059375 0.05234375
0 0.69765625 0.56171875 0.059375 0.05546875
0 0.94375 0.4453125 0.05625 0.05703125
0 0.56796875 0.93828125 0.0625 0.059375
0 0.0125 0.46484375 0.025 0.0671875
0 0.97265625 0.99375 0.0546875 0.01171875
0 0.75859375 0.02734375 0.0640625 0.0546875
0 0.4109375 0.184375 0.05703125 0.05859375
0 0.2234375 0.99296875 0.065625 0.0140625
0 0.9875 0.16171875 0.025 0.0640625
0 0.4328125 0.00859375 0.0625 0.015625
0 0.990625 0.68359375 0.01875 0.05859375
0 0.5671875 0.01171875 0.06640625 0.02265625
0 0.09453125 0.99453125 0.0609375 0.0109375
0 0.78203125 0.9953125 0.05234375 0.009375
0 0.6625 0.98984375 0.065625 0.0203125