0 0.84765625 0.54453125 0.0609375 0.0609375
0 0.9765625 0.8890625 0.046875 0.065625
0 0.87734375 0.48671875 0.0609375 0.0640625
0 0.81328125 0.4859375 0.0609375 0.0625
0 0.684375 0.828125 0.065625 0.0625
0 0.9765625 0.64765625 0.046875 0.0640625
0 0.81875 0.59921875 0.059375 0.0578125
0 0.78671875 0.5421875 0.0609375 0.0625
0 0.046875 0.4 0.0625 0.0625
0 0.7484375 0.70625 0.065625 0.065625
0 0.11015625 0.4078125 0.0609375 0.0625
0 0.9171875 0.5328125 0.065625 0.065625
0 0.653125 0.88984375 0.0625 0.0640625
0 0.5734375 0.428125 0.065625 0.0625
0 0.621875 0.94609375 0.06875 0.0640625
0 0.88828125 0.59453125 0.0640625 0.0640625
0 0.9515625 0.83359375 0.065625 0.0640625
0 0.8546875 0.6515625 0.0625 0.0625
0 0.378125 0.4109375 0.0625 0.0625
0 0.92109375 0.6515625 0.0640625 0.0625
0 0.97578125 0.5328125 0.0484375 0.065625
0 0.71640625 0.88359375 0.0640625 0.0640625
0 0.784375 0.65234375 0.0625 0.0609375
0 0.7140625 0.4265625 0.0625 0.065625
0 0.95 0.953125 0.065625 0.065625
0 0.953125 0.59453125 0.0625 0.0640625
0 0.48515625 0.9546875 0.0671875 0.059375
0 0.17421875 0.221875 0.0640625 0.065625
0 0.14140625 0.471875 0.0640625 0.0625
0 0.67109375 0.48125 0.0609375 0.0625
0 0.33671875 0.22734375 0.0703125 0.0640625
0 0.71171875 0.76953125 0.0640625 0.0640625
0 0.60625 0.48671875 0.0625 0.0640625
0 0.821875 0.70390625 0.0625 0.0609375
0 0.48359375 0.23671875 0.0640625 0.0671875
0 0.08359375 0.3484375 0.0609375 0.0625
0 0.44296875 0.415625 0.0671875 0.065625
0 0.75 0.825 0.0625 0.065625
0 0.20546875 0.4765625 0.0640625 0.065625
0 0.17421875 0.4140625 0.0640625 0.0625
0 0.74375 0.36484375 0.0625 0.0609375
0 0.95 0.475 0.065625 0.065625
0 0.78359375 0.88203125 0.0640625 0.0671875
0 0.95859375 0.2953125 0.0640625 0.059375
0 0.91953125 0.89609375 0.0640625 0.0640625
0 0.64609375 0.421875 0.0640625 0.065625
0 0.8453125 0.4296875 0.059375 0.059375
0 0.6734375 0.2890625 0.065625 0.0625
0 0.74609375 0.48671875 0.0640625 0.0640625
0 0.81171875 0.303125 0.0640625 0.0625
0 0.525 0.30234375 0.065625 0.0640625
0 0.21640625 0.96171875 0.0671875 0.0671875
0 0.8875 0.8390625 0.0625 0.065625
0 0.075 0.46171875 0.065625 0.0640625
0 0.975 0.77734375 0.05 0.0640625
0 0.54921875 0.77578125 0.0640625 0.0609375
0 0.0265625 0.33828125 0.053125 0.0578125
0 0.5109375 0.425 0.0625 0.0625
0 0.15 0.96015625 0.065625 0.0640625
0 0.01953125 0.45234375 0.0390625 0.0609375
0 0.85078125 0.89609375 0.0640625 0.0640625
0 0.3515625 0.3546875 0.065625 0.0625
0 0.90859375 0.4265625 0.0640625 0.0625
0 0.81875 0.36875 0.065625 0.0625
0 0.746875 0.59609375 0.065625 0.0609375
0 0.06015625 0.28828125 0.0546875 0.0578125
0 0.171875 0.53046875 0.065625 0.0640625
0 0.3390625 0.4734375 0.0625 0.065625
0 0.5390625 0.484375 0.0625 0.0625
0 0.121875 0.271875 0.065625 0.0625
0 0.4171875 0.35390625 0.0625 0.0609375
0 0.21796875 0.16953125 0.0671875 0.0609375
0 0.41875 0.95546875 0.065625 0.0640625
0 0.51953125 0.89609375 0.0640625 0.0609375
0 0.54453125 0.8390625 0.0640625 0.059375
0 0.45390625 0.896875 0.0640625 0.06875
0 0.55546875 0.36484375 0.0640625 0.0609375
0 0.28203125 0.95546875 0.0640625 0.0640625
0 0.10234375 0.2109375 0.0671875 0.065625
0 0.14609375 0.35078125 0.0640625 0.0640625
0 0.6796875 0.7140625 0.065625 0.065625
0 0.4046875 0.771875 0.065625 0.0625
0 0.41484375 0.23125 0.0671875 0.06875
0 0.01875 0.125 0.0375 0.059375
0 0.5875 0.890625 0.0625 0.0625
0 0.24296875 0.265625 0.0640625 0.0625
0 0.24609375 0.9015625 0.0671875 0.065625
0 0.1640625 0.721875 0.065625 0.065625
0 0.36328125 0.721875 0.0578125 0.065625
0 0.034375 0.515625 0.059375 0.059375
0 0.01484375 0.28125 0.0296875 0.059375
0 0.1390625 0.65859375 0.0625 0.0609375
0 0.15625 0.84140625 0.065625 0.0671875
0 0.08828125 0.70625 0.0671875 0.0625
0 0.4796875 0.65234375 0.065625 0.0640625
0 0.1953125 0.784375 0.065625 0.0625
0 0.22109375 0.84375 0.0609375 0.065625
0 0.48515625 0.7640625 0.0609375 0.059375
0 0.584375 0.725 0.0625 0.0625
0 0.2390625 0.4125 0.065625 0.065625
0 0.271875 0.47265625 0.065625 0.0640625
0 0.3484375 0.95546875 0.065625 0.0640625
0 0.490625 0.5453125 0.071875 0.065625
0 0.30625 0.7203125 0.06875 0.065625
0 0.06015625 0.64453125 0.0765625 0.0671875
0 0.190625 0.59375 0.065625 0.0625
0 0.2015625 0.66171875 0.071875 0.0703125
0 0.04609375 0.234375 0.0671875 0.065625
1 0.0546875 0.1625 0.059375 0.06875
1 0.17265625 0.13984375 0.0703125 0.0703125
1 0.28125 0.2 0.065625 0.06875
1 0.3984375 0.16484375 0.065625 0.0765625
1 0.1859375 0.29375 0.065625 0.05625
1 0.3140625 0.29296875 0.065625 0.0640625
1 0.20859375 0.35078125 0.0640625 0.0640625
1 0.27890625 0.34921875 0.0671875 0.0578125
1 0.559375 0.23125 0.078125 0.06875
1 0.65234375 0.23046875 0.0734375 0.0609375
1 0.73046875 0.228125 0.0796875 0.059375
1 0.83046875 0.23359375 0.1078125 0.0640625
1 0.9203125 0.2328125 0.065625 0.0625
1 0.3828125 0.28984375 0.065625 0.0671875
1 0.4515625 0.29921875 0.059375 0.0609375
1 0.6015625 0.28515625 0.0625 0.0640625
1 0.74140625 0.29609375 0.0609375 0.0671875
1 0.89765625 0.29765625 0.0671875 0.0578125
1 0.48828125 0.3625 0.0515625 0.065625
1 0.6140625 0.3421875 0.05625 0.059375
1 0.67265625 0.35703125 0.0703125 0.0703125
1 0.890625 0.36171875 0.06875 0.0578125
1 0.309375 0.40859375 0.06875 0.0578125
1 0.77734375 0.428125 0.0671875 0.05625
1 0.4078125 0.4765625 0.059375 0.059375
1 0.47265625 0.48125 0.0609375 0.05625
1 0.09765625 0.52578125 0.0640625 0.0546875
1 0.2421875 0.53671875 0.065625 0.0578125
1 0.30703125 0.5375 0.0609375 0.0625
1 0.36640625 0.5375 0.0546875 0.06875
1 0.4234375 0.5375 0.059375 0.05625
1 0.5671875 0.54453125 0.06875 0.0484375
1 0.64609375 0.54765625 0.0515625 0.0578125
1 0.703125 0.540625 0.06875 0.046875
1 0.01796875 0.57578125 0.0359375 0.0609375
1 0.075 0.5796875 0.08125 0.053125
1 0.134375 0.5921875 0.04375 0.05625
1 0.2625 0.60078125 0.065625 0.0578125
1 0.32734375 0.6 0.0640625 0.059375
1 0.3921875 0.59765625 0.0625 0.0609375
1 0.45078125 0.59765625 0.0578125 0.0546875
1 0.5359375 0.6046875 0.059375 0.059375
1 0.59453125 0.60390625 0.0640625 0.0609375
1 0.66171875 0.6046875 0.0671875 0.053125
1 0.2796875 0.65625 0.065625 0.05
1 0.3421875 0.65859375 0.0625 0.0578125
1 0.409375 0.659375 0.071875 0.0625
1 0.56484375 0.66171875 0.0671875 0.0546875
1 0.63046875 0.6609375 0.0640625 0.059375
1 0.709375 0.64765625 0.06875 0.0578125
1 0.02578125 0.70078125 0.0515625 0.0578125
1 0.23984375 0.72265625 0.0671875 0.0640625
1 0.4453125 0.71015625 0.078125 0.0515625
1 0.52578125 0.71484375 0.0546875 0.0671875
1 0.890625 0.7140625 0.06875 0.065625
1 0.9515625 0.7125 0.05625 0.059375
1 0.05 0.7625 0.075 0.065625
1 0.12578125 0.7734375 0.0640625 0.065625
1 0.2671875 0.78046875 0.071875 0.0484375
1 0.33671875 0.7796875 0.0671875 0.05625
1 0.64765625 0.771875 0.0609375 0.059375
1 0.790625 0.7625 0.059375 0.05625
1 0.85078125 0.76875 0.0640625 0.065625
1 0.91484375 0.7703125 0.0640625 0.0625
1 0.090625 0.834375 0.0625 0.065625
1 0.2921875 0.83828125 0.075 0.0546875
1 0.36171875 0.840625 0.0546875 0.0625
1 0.42578125 0.834375 0.0703125 0.05625
1 0.48828125 0.825 0.0578125 0.05625
1 0.61796875 0.82890625 0.0640625 0.0546875
1 0.82109375 0.82578125 0.0640625 0.0671875
1 0.11953125 0.89921875 0.0609375 0.0609375
1 0.18125 0.89765625 0.0625 0.0578125
1 0.3203125 0.890625 0.0625 0.046875
1 0.55703125 0.95234375 0.0640625 0.0671875
1 0.69609375 0.94375 0.0671875 0.0625
1 0.76484375 0.9484375 0.0640625 0.065625
1 0.825 0.9578125 0.065625 0.0625
1 0.8828125 0.95859375 0.071875 0.0640625
1 0.65703125 0.984375 0.0640625 0.03125
1 0.96015625 0.36171875 0.0703125 0.0671875
1 0.9765625 0.40859375 0.046875 0.0609375