0 0.22265625 0.10859375 0.0640625 0.0640625
0 0.2484375 0.046875 0.0625 0.0625
0 0.19375 0.17109375 0.0625 0.0671875
0 0.07890625 0.334375 0.0640625 0.065625
0 0.1828125 0.39921875 0.0625 0.0609375
0 0.025 0.12109375 0.05 0.0671875
0 0.15703125 0.10390625 0.0640625 0.0640625
0 0.25703125 0.16484375 0.0640625 0.0609375
0 0.35859375 0.0140625 0.0640625 0.028125
0 0.04140625 0.0609375 0.0640625 0.065625
0 0.1296875 0.015625 0.065625 0.03125
0 0.1171875 0.38828125 0.065625 0.0640625
0 0.10625 0.0578125 0.0625 0.065625
0 0.1546875 0.21796875 0.065625 0.0609375
0 0.07890625 0.1140625 0.0609375 0.0625
0 0.31640625 0.05078125 0.0671875 0.0640625
0 0.14609375 0.3296875 0.0671875 0.065625
0 0.28046875 0.01171875 0.0640625 0.0234375
0 0.290625 0.10859375 0.0625 0.0609375
0 0.18359375 0.04140625 0.0640625 0.0640625
0 0.10703125 0.2734375 0.0640625 0.065625
0 0.12578125 0.1625 0.0703125 0.0625
0 0.1875 0.2734375 0.0625 0.0625
0 0.021875 0.33203125 0.04375 0.0671875
0 0.153125 0.4640625 0.0625 0.0625
0 0.22578125 0.228125 0.0671875 0.065625
0 0.42890625 0.0171875 0.0640625 0.034375
0 0.025 0.58515625 0.05 0.0609375
0 0.11484375 0.528125 0.0609375 0.0625
0 0.065625 0.01484375 0.065625 0.0296875
0 0.21484375 0.34375 0.0640625 0.059375
0 0.03671875 0.271875 0.0671875 0.065625
0 0.32890625 0.178125 0.0609375 0.059375
0 0.36015625 0.11953125 0.0640625 0.0609375
0 0.29296875 0.221875 0.0609375 0.059375
0 0.08828125 0.453125 0.0671875 0.06875
0 0.08046875 0.57578125 0.0640625 0.0609375
0 0.0796875 0.209375 0.06875 0.065625
0 0.015625 0.453125 0.03125 0.0625
0 0.3984375 0.06875 0.0625 0.0625
0 0.25234375 0.29375 0.0609375 0.0625
0 0.0359375 0.66015625 0.0625 0.0640625
1 0.0484375 0.5015625 0.0625 0.053125
1 0.040625 0.3984375 0.06875 0.071875
1 0.0171875 0.18515625 0.034375 0.0609375