1 0.61484375 0.4734375 0.090625 0.08203125
1 0.55 0.26328125 0.14765625 0.0890625
2 0.40625 0.31640625 0.08359375 0.08125
1 0.21171875 0.3265625 0.084375 0.08046875
0 0.021875 0.98203125 0.04375 0.0359375
0 0.06953125 0.98046875 0.053125 0.0390625
0 0.11953125 0.978125 0.0484375 0.04375
0 0.1703125 0.97734375 0.05 0.0453125
0 0.009375 0.94921875 0.01875 0.05
0 0.04296875 0.94375 0.05078125 0.0546875
0 0.0921875 0.9421875 0.04609375 0.0515625
0 0.14140625 0.93828125 0.04921875 0.05234375
0 0.1921875 0.93359375 0.0515625 0.05078125
0 0.01953125 0.903125 0.0390625 0.05
0 0.06484375 0.89921875 0.0515625 0.05078125
0 0.1171875 0.89765625 0.05078125 0.0484375
0 0.165625 0.89609375 0.05 0.04765625
0 0.03984375 0.85546875 0.04765625 0.05
0 0.0890625 0.8546875 0.0484375 0.04921875
0 0.13828125 0.85390625 0.0484375 0.05078125
0 0.18984375 0.853125 0.0515625 0.05078125
0 0.0203125 0.815625 0.040625 0.05
0 0.06484375 0.81328125 0.0484375 0.0515625
0 0.11328125 0.81015625 0.05078125 0.05
0 0.16328125 0.8078125 0.04765625 0.0484375
0 0.03515625 0.771875 0.0515625 0.04921875
0 0.0859375 0.76796875 0.04765625 0.04921875
0 0.13359375 0.765625 0.0484375 0.04921875
0 0.18359375 0.76484375 0.0515625 0.05
0 0.49765625 0.98984375 0.0484375 0.0203125
0 0.5984375 0.9875 0.0484375 0.025
0 0.646875 0.98671875 0.05 0.0265625
0 0.6984375 0.984375 0.0484375 0.03125
0 0.74765625 0.98203125 0.0484375 0.0359375
0 0.796875 0.98125 0.0484375 0.0375
0 0.853125 0.9796875 0.0515625 0.040625
0 0.21953125 0.97578125 0.0484375 0.0484375
0 0.27109375 0.975 0.0515625 0.0484375
0 0.31953125 0.97265625 0.04921875 0.0484375
0 0.36875 0.96796875 0.04921875 0.04765625
0 0.41796875 0.965625 0.05078125 0.04765625
0 0.46875 0.9625 0.0515625 0.04765625
0 0.51875 0.96015625 0.05078125 0.05
0 0.56875 0.95859375 0.05 0.04921875
0 0.6203125 0.9578125 0.05 0.04921875
0 0.66796875 0.95234375 0.04765625 0.04765625
0 0.71953125 0.95 0.05234375 0.05078125
0 0.771875 0.94609375 0.05 0.05
0 0.8203125 0.9421875 0.05 0.05390625
0 0.871875 0.940625 0.05859375 0.0515625
0 0.2453125 0.9328125 0.0484375 0.0484375
0 0.29375 0.93046875 0.05 0.04921875
0 0.34296875 0.928125 0.0484375 0.04609375
0 0.39296875 0.925 0.0484375 0.04765625
0 0.440625 0.921875 0.05 0.0484375
0 0.4921875 0.91640625 0.04765625 0.046875
0 0.54375 0.9171875 0.05078125 0.04921875
0 0.5921875 0.91484375 0.05 0.0484375
0 0.640625 0.9109375 0.04765625 0.0484375
0 0.69140625 0.91015625 0.0515625 0.0515625
0 0.74140625 0.90703125 0.04609375 0.0484375
0 0.790625 0.90234375 0.05078125 0.04921875
0 0.84375 0.9 0.05 0.0515625
0 0.2171875 0.8921875 0.05078125 0.04921875
0 0.2671875 0.88984375 0.053125 0.05546875
0 0.3171875 0.884375 0.0484375 0.04765625
0 0.3640625 0.884375 0.05078125 0.05078125
0 0.4125 0.88125 0.04921875 0.04609375
0 0.46328125 0.87734375 0.05234375 0.05078125
0 0.515625 0.8734375 0.05234375 0.04765625
0 0.56484375 0.871875 0.046875 0.04765625
0 0.6140625 0.871875 0.05 0.05078125
0 0.66328125 0.86640625 0.046875 0.0484375
0 0.71171875 0.865625 0.04921875 0.0484375
0 0.7609375 0.86015625 0.04765625 0.0484375
0 0.8125 0.859375 0.05 0.04921875
0 0.86171875 0.85546875 0.04921875 0.04609375
0 0.23984375 0.8484375 0.0484375 0.0515625
0 0.28984375 0.84296875 0.04765625 0.0484375
0 0.33828125 0.83984375 0.05078125 0.0515625
0 0.38671875 0.83984375 0.04921875 0.05
0 0.4375 0.83671875 0.0484375 0.04609375
0 0.4875 0.834375 0.0484375 0.0484375
0 0.53515625 0.82890625 0.04921875 0.04609375
0 0.58515625 0.828125 0.05 0.04765625
0 0.634375 0.82265625 0.0484375 0.046875
0 0.684375 0.82265625 0.053125 0.046875
0 0.7359375 0.8203125 0.0484375 0.04765625
0 0.78515625 0.8171875 0.04765625 0.05078125
0 0.834375 0.8140625 0.05078125 0.0484375
0 0.8859375 0.81171875 0.05 0.05
0 0.21328125 0.80625 0.05078125 0.05
0 0.2609375 0.80078125 0.0453125 0.046875
0 0.30859375 0.7984375 0.04921875 0.046875
0 0.3578125 0.79609375 0.05 0.0484375
0 0.40859375 0.79609375 0.05078125 0.05
0 0.459375 0.79140625 0.0484375 0.05
0 0.50703125 0.78828125 0.0484375 0.04453125
0 0.5578125 0.784375 0.0515625 0.0484375
0 0.6078125 0.78125 0.04921875 0.04765625
0 0.65625 0.77890625 0.04765625 0.05078125
0 0.70625 0.77734375 0.05 0.0484375
0 0.75625 0.77421875 0.05078125 0.0515625
0 0.8078125 0.76953125 0.0484375 0.05078125
0 0.8578125 0.76953125 0.0515625 0.0515625
0 0.2328125 0.76015625 0.04453125 0.04609375
0 0.28125 0.7578125 0.05 0.0484375
0 0.33046875 0.75546875 0.0515625 0.05
0 0.38046875 0.7546875 0.04921875 0.05
0 0.4328125 0.74921875 0.04921875 0.0484375
0 0.4828125 0.74453125 0.0515625 0.04765625
0 0.53125 0.73984375 0.04609375 0.04765625
0 0.58125 0.7375 0.05 0.046875
0 0.63125 0.7375 0.05 0.04765625
0 0.6828125 0.73671875 0.0484375 0.05
0 0.73359375 0.73515625 0.05 0.0484375
0 0.7828125 0.73046875 0.0484375 0.05078125
0 0.8328125 0.72734375 0.05078125 0.05
0 0.90703125 0.97734375 0.0515625 0.0453125
0 0.9328125 0.9359375 0.05625 0.04765625
0 0.89375 0.89765625 0.0484375 0.05078125
0 0.9484375 0.89375 0.05625 0.0484375
0 0.91875 0.853125 0.0515625 0.0484375
0 0.9703125 0.85 0.053125 0.05
0 0.93515625 0.80859375 0.0484375 0.04453125
0 0.9828125 0.80625 0.034375 0.046875
0 0.90546875 0.76875 0.04765625 0.04609375
0 0.95859375 0.76953125 0.05 0.04453125
0 0.88359375 0.72734375 0.05 0.04921875
0 0.93515625 0.72734375 0.053125 0.04921875
0 0.98046875 0.725 0.0390625 0.0453125
0 0.0171875 0.73046875 0.034375 0.0484375
0 0.03515625 0.68359375 0.05078125 0.05
0 0.01484375 0.6421875 0.0296875 0.05
0 0.0296875 0.59921875 0.0484375 0.05
0 0.01171875 0.55703125 0.0234375 0.0453125
0 0.04765625 0.55390625 0.04765625 0.04765625
0 0.02421875 0.5140625 0.0484375 0.0453125
0 0.04375 0.4703125 0.0484375 0.046875
0 0.05859375 0.72890625 0.0453125 0.05
0 0.1078125 0.72734375 0.04921875 0.05
0 0.15859375 0.72265625 0.05 0.04765625
0 0.20625 0.71875 0.04453125 0.0453125
0 0.253125 0.7171875 0.0484375 0.04765625
0 0.303125 0.7140625 0.04765625 0.05
0 0.353125 0.71171875 0.05078125 0.05
0 0.4046875 0.70625 0.0484375 0.05
0 0.45390625 0.7015625 0.0484375 0.046875
0 0.503125 0.7 0.05 0.0484375
0 0.553125 0.69609375 0.04921875 0.05
0 0.6046875 0.69453125 0.0515625 0.05
0 0.65546875 0.69453125 0.04765625 0.04765625
0 0.70390625 0.68984375 0.0484375 0.05078125
0 0.084375 0.68359375 0.04375 0.0484375
0 0.13125 0.68203125 0.04765625 0.046875
0 0.1796875 0.6796875 0.04765625 0.046875
0 0.228125 0.67578125 0.04921875 0.0484375
0 0.27734375 0.671875 0.04765625 0.04609375
0 0.328125 0.66796875 0.05 0.0484375
0 0.37890625 0.6625 0.04921875 0.046875
0 0.42734375 0.66328125 0.05 0.05
0 0.478125 0.659375 0.0515625 0.04921875
0 0.528125 0.6546875 0.04765625 0.053125
0 0.57734375 0.65390625 0.07265625 0.075
0 0.6265625 0.64921875 0.05 0.05
0 0.67421875 0.64765625 0.04921875 0.0484375
0 0.7265625 0.6453125 0.053125 0.05
0 0.0546875 0.640625 0.05 0.05078125
0 0.10390625 0.64140625 0.0484375 0.04765625
0 0.15234375 0.6375 0.0453125 0.0484375
0 0.20234375 0.63515625 0.05 0.05
0 0.25078125 0.63046875 0.04609375 0.0484375
0 0.2984375 0.628125 0.04765625 0.04609375
0 0.346875 0.6234375 0.046875 0.04921875
0 0.3984375 0.62109375 0.0515625 0.04921875
0 0.45 0.61875 0.04921875 0.05
0 0.50078125 0.6140625 0.0484375 0.0484375
0 0.54921875 0.61015625 0.0453125 0.04921875
0 0.59765625 0.60859375 0.05 0.0484375
0 0.65 0.60546875 0.0484375 0.05078125
0 0.69921875 0.60390625 0.05 0.0484375
0 0.0765625 0.5953125 0.04765625 0.04765625
0 0.1234375 0.5921875 0.04765625 0.0484375
0 0.17265625 0.5953125 0.05078125 0.05078125
0 0.221875 0.58984375 0.046875 0.04609375
0 0.26875 0.584375 0.05 0.0484375
0 0.31796875 0.58359375 0.05078125 0.05078125
0 0.36953125 0.578125 0.0515625 0.04921875
0 0.421875 0.57421875 0.0484375 0.05
0 0.46953125 0.575 0.05078125 0.0515625
0 0.51875 0.56953125 0.04765625 0.04921875
0 0.56796875 0.56953125 0.05234375 0.05
0 0.61953125 0.5640625 0.05078125 0.04453125
0 0.67109375 0.5609375 0.04921875 0.0515625
0 0.096875 0.5515625 0.053125 0.04765625
0 0.1484375 0.54921875 0.0453125 0.046875
0 0.1953125 0.55 0.05 0.0515625
0 0.24453125 0.54609375 0.05 0.0484375
0 0.29375 0.54453125 0.04375 0.05
0 0.34140625 0.53671875 0.0484375 0.04765625
0 0.39140625 0.53515625 0.05234375 0.05078125
0 0.44296875 0.53203125 0.05 0.04921875
0 0.48984375 0.528125 0.04765625 0.05
0 0.53984375 0.525 0.0515625 0.04765625
0 0.59140625 0.52265625 0.046875 0.0484375
0 0.64296875 0.521875 0.05078125 0.0484375
0 0.69609375 0.51171875 0.0484375 0.04921875
0 0.07265625 0.5125 0.05078125 0.0484375
0 0.11953125 0.50859375 0.046875 0.0515625
0 0.16875 0.5046875 0.0484375 0.05
0 0.21875 0.49921875 0.0515625 0.05
0 0.2671875 0.5 0.04765625 0.05234375
0 0.315625 0.49765625 0.046875 0.0484375
0 0.3640625 0.49453125 0.04921875 0.04765625
0 0.4140625 0.4921875 0.05078125 0.04921875
0 0.4625 0.4890625 0.04609375 0.05078125
0 0.51328125 0.48359375 0.05 0.04765625
0 0.56328125 0.48046875 0.05390625 0.05234375
0 0.6671875 0.4734375 0.05 0.04765625
0 0.09453125 0.46640625 0.05234375 0.04765625
0 0.1421875 0.4640625 0.04921875 0.04765625
0 0.1921875 0.46171875 0.0484375 0.0453125
0 0.240625 0.45546875 0.04453125 0.04609375
0 0.28984375 0.4546875 0.05078125 0.04765625
0 0.3390625 0.45390625 0.0453125 0.05
0 0.3859375 0.45078125 0.0484375 0.0484375
0 0.43671875 0.44921875 0.05 0.05078125
0 0.48515625 0.44375 0.04609375 0.04765625
0 0.5359375 0.43671875 0.0484375 0.04765625
0 0.5859375 0.43515625 0.05234375 0.05
0 0.6390625 0.43125 0.0484375 0.04765625
0 0.6890625 0.43359375 0.0484375 0.0484375
0 0.75234375 0.68984375 0.046875 0.05
0 0.803125 0.6875 0.05 0.04921875
0 0.85390625 0.68359375 0.05078125 0.05078125
0 0.90625 0.68125 0.05078125 0.0484375
0 0.9609375 0.6828125 0.0515625 0.053125
0 0.7765625 0.6421875 0.0484375 0.0515625
0 0.825 0.64375 0.0515625 0.05078125
0 0.87734375 0.6359375 0.05234375 0.05078125
0 0.9296875 0.6375 0.04765625 0.04609375
0 0.9765625 0.6359375 0.046875 0.053125
0 0.74921875 0.60234375 0.04921875 0.04921875
0 0.79765625 0.6 0.0515625 0.05078125
0 0.84609375 0.59765625 0.05390625 0.053125
0 0.903125 0.59375 0.05390625 0.0515625
0 0.953125 0.5953125 0.0453125 0.04921875
0 0.7203125 0.5625 0.04921875 0.04765625
0 0.77109375 0.55546875 0.046875 0.05078125
0 0.82109375 0.55625 0.04921875 0.05078125
0 0.871875 0.553125 0.05078125 0.0515625
0 0.92578125 0.55 0.0515625 0.05078125
0 0.975 0.55 0.04609375 0.0484375
0 0.74375 0.51484375 0.04453125 0.05
0 0.79375 0.5109375 0.05078125 0.053125
0 0.84609375 0.5078125 0.04921875 0.04765625
0 0.89609375 0.509375 0.05078125 0.04921875
0 0.94453125 0.50546875 0.04765625 0.0453125
0 0.98515625 0.5046875 0.0296875 0.05
0 0.71640625 0.47109375 0.04609375 0.04765625
0 0.76796875 0.471875 0.05078125 0.0484375
0 0.81640625 0.46875 0.04609375 0.0484375
0 0.86328125 0.465625 0.0453125 0.04765625
0 0.9140625 0.46328125 0.0515625 0.0484375
0 0.96328125 0.4609375 0.046875 0.04375
0 0.73828125 0.4265625 0.0484375 0.05
0 0.7875 0.428125 0.04609375 0.0484375
0 0.8359375 0.42421875 0.04921875 0.04765625
0 0.884375 0.425 0.0484375 0.04765625
0 0.93515625 0.41953125 0.04609375 0.05078125
0 0.9796875 0.41484375 0.040625 0.046875
0 0.02265625 0.428125 0.0453125 0.0484375
0 0.06875 0.425 0.04921875 0.04609375
0 0.11875 0.42265625 0.04921875 0.04609375
0 0.16484375 0.42109375 0.04453125 0.0484375
0 0.2140625 0.41640625 0.0484375 0.04765625
0 0.040625 0.3859375 0.05 0.0515625
0 0.08984375 0.38203125 0.04921875 0.046875
0 0.13984375 0.37890625 0.05078125 0.04765625
0 0.18828125 0.3765625 0.046875 0.04765625
0 0.01953125 0.34375 0.0390625 0.0484375
0 0.06328125 0.340625 0.0453125 0.046875
0 0.11171875 0.33671875 0.075 0.071875
0 0.159375 0.33203125 0.0484375 0.04609375
0 0.03671875 0.3 0.04765625 0.0484375
0 0.08671875 0.29609375 0.0484375 0.04609375
0 0.13515625 0.290625 0.0484375 0.046875
0 0.184375 0.2890625 0.04609375 0.04765625
0 0.01796875 0.2609375 0.0359375 0.0453125
0 0.0609375 0.25546875 0.04765625 0.04609375
0 0.10703125 0.24609375 0.0671875 0.06875
0 0.1578125 0.24765625 0.04609375 0.0484375
0 0.20625 0.2453125 0.04765625 0.04609375
0 0.034375 0.2109375 0.06875 0.06875
0 0.07734375 0.209375 0.04765625 0.04765625
0 0.13046875 0.20546875 0.05 0.04609375
0 0.18046875 0.20234375 0.05078125 0.046875
0 0.01484375 0.1734375 0.0296875 0.046875
0 0.05546875 0.16875 0.04609375 0.04609375
0 0.10234375 0.1671875 0.046875 0.04921875
0 0.15234375 0.16328125 0.04765625 0.05
0 0.2 0.1609375 0.04609375 0.04765625
0 0.26328125 0.41328125 0.04765625 0.04921875
0 0.3140625 0.4125 0.04765625 0.0484375
0 0.3625 0.40859375 0.04609375 0.0484375
0 0.41171875 0.40390625 0.04609375 0.05
0 0.4609375 0.39921875 0.06875 0.07421875
0 0.509375 0.39921875 0.04765625 0.0453125
0 0.5578125 0.39375 0.04765625 0.04609375
0 0.609375 0.39140625 0.05 0.0484375
0 0.6609375 0.38984375 0.04765625 0.05078125
0 0.71484375 0.38203125 0.0703125 0.0796875
0 0.7609375 0.3859375 0.0453125 0.04609375
0 0.8078125 0.38359375 0.04609375 0.05
0 0.8609375 0.3796875 0.0484375 0.05078125
0 0.9109375 0.37734375 0.0484375 0.04921875
0 0.2375 0.37109375 0.0484375 0.04609375
0 0.28515625 0.36875 0.04765625 0.0484375
0 0.334375 0.3671875 0.05 0.0453125
0 0.3828125 0.365625 0.04921875 0.046875
0 0.4328125 0.36015625 0.05 0.04765625
0 0.48203125 0.35625 0.04609375 0.05078125
0 0.53203125 0.35234375 0.04765625 0.04765625
0 0.58125 0.35 0.04921875 0.0484375
0 0.6359375 0.34921875 0.04765625 0.046875
0 0.68671875 0.3453125 0.04765625 0.0484375
0 0.7359375 0.34296875 0.0484375 0.05078125
0 0.78515625 0.340625 0.05078125 0.0484375
0 0.8328125 0.33828125 0.04453125 0.04921875
0 0.88125 0.33828125 0.0484375 0.0484375
0 0.2578125 0.33046875 0.04765625 0.04765625
0 0.3078125 0.32734375 0.0453125 0.04765625
0 0.35625 0.325 0.0484375 0.04609375
0 0.4546875 0.3140625 0.04765625 0.05078125
0 0.50390625 0.31328125 0.04765625 0.046875
0 0.5515625 0.309375 0.0484375 0.05078125
0 0.6078125 0.3046875 0.04921875 0.04609375
0 0.65859375 0.30234375 0.04765625 0.0484375
0 0.70859375 0.3015625 0.05078125 0.0484375
0 0.7578125 0.3 0.046875 0.04609375
0 0.80546875 0.29453125 0.0484375 0.05
0 0.85546875 0.2953125 0.05078125 0.05
0 0.9046875 0.29140625 0.05078125 0.0453125
0 0.23359375 0.2859375 0.0453125 0.0484375
0 0.28046875 0.28515625 0.04609375 0.04609375
0 0.3296875 0.28359375 0.04921875 0.0515625
0 0.378125 0.278125 0.04765625 0.04453125
0 0.4265625 0.27265625 0.04609375 0.04609375
0 0.4765625 0.27109375 0.04765625 0.04609375
0 0.6328125 0.2609375 0.0484375 0.046875
0 0.68125 0.25703125 0.046875 0.04609375
0 0.7296875 0.25703125 0.04921875 0.0484375
0 0.7765625 0.25703125 0.04765625 0.05
0 0.825 0.25234375 0.04765625 0.046875
0 0.875 0.25 0.05078125 0.04765625
0 0.253125 0.24296875 0.0515625 0.04765625
0 0.30234375 0.23984375 0.04609375 0.04765625
0 0.3484375 0.2390625 0.04765625 0.0453125
0 0.39921875 0.23125 0.04609375 0.04765625
0 0.4484375 0.22421875 0.0765625 0.0671875
0 0.49765625 0.22734375 0.04609375 0.0453125
0 0.553125 0.21953125 0.05 0.0453125
0 0.60234375 0.2265625 0.0453125 0.0484375
0 0.65 0.2203125 0.04765625 0.04609375
0 0.69921875 0.215625 0.04453125 0.046875
0 0.74609375 0.21484375 0.05078125 0.05078125
0 0.79609375 0.21171875 0.0484375 0.04921875
0 0.846875 0.21171875 0.05078125 0.04765625
0 0.89453125 0.209375 0.04765625 0.04609375
0 0.228125 0.20078125 0.0484375 0.04453125
0 0.2765625 0.2 0.0515625 0.05078125
0 0.325 0.19609375 0.0453125 0.046875
0 0.371875 0.19453125 0.04765625 0.0484375
0 0.42265625 0.1890625 0.0484375 0.0515625
0 0.471875 0.18671875 0.04453125 0.04609375
0 0.525 0.1796875 0.05 0.04765625
0 0.5734375 0.1796875 0.05078125 0.04609375
0 0.62265625 0.17578125 0.04765625 0.04921875
0 0.67265625 0.17734375 0.04765625 0.04921875
0 0.721875 0.17109375 0.0484375 0.04921875
0 0.76953125 0.1703125 0.04609375 0.046875
0 0.81953125 0.16875 0.0484375 0.0484375
0 0.86875 0.16484375 0.0453125 0.046875
0 0.91875 0.16484375 0.05078125 0.05
0 0.246875 0.16015625 0.04765625 0.04765625
0 0.29453125 0.15390625 0.0484375 0.04765625
0 0.34453125 0.14765625 0.04921875 0.05
0 0.39453125 0.14765625 0.04765625 0.046875
0 0.44375 0.1421875 0.0484375 0.0453125
0 0.49375 0.14375 0.046875 0.0453125
0 0.54453125 0.13828125 0.0484375 0.04453125
0 0.596875 0.1390625 0.05 0.0484375
0 0.64765625 0.134375 0.0484375 0.046875
0 0.696875 0.1296875 0.0484375 0.04453125
0 0.74453125 0.128125 0.04609375 0.04453125
0 0.79453125 0.1234375 0.04609375 0.04765625
0 0.84296875 0.12421875 0.05 0.04765625
0 0.8921875 0.12265625 0.04609375 0.0484375
0 0.959375 0.375 0.04609375 0.05
0 0.92890625 0.33515625 0.04765625 0.04765625
0 0.9765625 0.33203125 0.046875 0.0484375
0 0.9546875 0.290625 0.0484375 0.0484375
0 0.98828125 0.2875 0.0234375 0.0484375
0 0.92265625 0.2515625 0.0453125 0.04765625
0 0.9703125 0.2484375 0.05 0.05078125
0 0.94453125 0.2046875 0.0453125 0.04609375
0 0.98359375 0.20078125 0.0328125 0.0484375
0 0.96640625 0.159375 0.04609375 0.0453125
0 0.94140625 0.11484375 0.046875 0.0484375
0 0.98203125 0.11171875 0.0359375 0.046875
0 0.02578125 0.128125 0.0484375 0.0453125
0 0.07578125 0.125 0.05078125 0.0484375
0 0.12578125 0.121875 0.04765625 0.04921875
0 0.175 0.11875 0.05 0.04765625
0 0.22265625 0.11953125 0.05 0.04609375
0 0.01171875 0.0859375 0.0234375 0.05
0 0.04921875 0.084375 0.05078125 0.04765625
0 0.1 0.0796875 0.0484375 0.04765625
0 0.14765625 0.07734375 0.0453125 0.046875
0 0.19453125 0.075 0.04765625 0.0453125
0 0.24453125 0.075 0.04765625 0.0484375
0 0.0234375 0.04296875 0.0453125 0.04375
0 0.07265625 0.0390625 0.04765625 0.04765625
0 0.12265625 0.0375 0.0515625 0.04765625
0 0.16953125 0.03203125 0.046875 0.0484375
0 0.21796875 0.03203125 0.0484375 0.04765625
0 0.04453125 0.0109375 0.0484375 0.021875
0 0.09453125 0.0109375 0.0453125 0.021875
0 0.27109375 0.109375 0.046875 0.04765625
0 0.31953125 0.10703125 0.04765625 0.04609375
0 0.36875 0.10625 0.04765625 0.04609375
0 0.4171875 0.103125 0.05 0.046875
0 0.471875 0.09921875 0.046875 0.04765625
0 0.51953125 0.096875 0.04765625 0.04765625
0 0.56875 0.0953125 0.05078125 0.04765625
0 0.62109375 0.09140625 0.05078125 0.04765625
0 0.66953125 0.08984375 0.04375 0.04296875
0 0.71953125 0.0890625 0.05078125 0.0484375
0 0.7671875 0.08046875 0.0453125 0.04609375
0 0.81796875 0.08125 0.0515625 0.05
0 0.86875 0.07890625 0.04609375 0.0484375
0 0.915625 0.07265625 0.04375 0.05
0 0.29375 0.06953125 0.04765625 0.05
0 0.34140625 0.06640625 0.04609375 0.04375
0 0.39140625 0.06328125 0.04921875 0.0453125
0 0.440625 0.0578125 0.04765625 0.0453125
0 0.49375 0.05625 0.05078125 0.046875
0 0.54453125 0.05390625 0.053125 0.053125
0 0.5953125 0.05 0.046875 0.04765625
0 0.6453125 0.04609375 0.0484375 0.0484375
0 0.690625 0.04921875 0.04765625 0.0484375
0 0.740625 0.0390625 0.04765625 0.04765625
0 0.78984375 0.03671875 0.0484375 0.04765625
0 0.8390625 0.034375 0.05 0.0484375
0 0.8890625 0.03046875 0.04765625 0.0484375
0 0.26640625 0.0296875 0.04765625 0.0484375
0 0.315625 0.025 0.04765625 0.04609375
0 0.3640625 0.0234375 0.05 0.046875
0 0.4125 0.0203125 0.046875 0.040625
0 0.4671875 0.0203125 0.0484375 0.040625
0 0.515625 0.01796875 0.046875 0.0359375
0 0.565625 0.0171875 0.0484375 0.034375
0 0.61640625 0.01484375 0.046875 0.0296875
0 0.66328125 0.01328125 0.0453125 0.0265625
0 0.7109375 0.0140625 0.0484375 0.028125
0 0.76328125 0.01015625 0.0484375 0.0203125
0 0.96328125 0.071875 0.0484375 0.04765625
0 0.9390625 0.02890625 0.04609375 0.0484375
0 0.98125 0.02890625 0.0375 0.0453125