1 0.26875 0.73984375 0.10546875 0.0890625
1 0.64921875 0.6421875 0.1046875 0.09296875
0 0.74375 0.6328125 0.0875 0.10859375
0 0.85625 0.61953125 0.14375 0.11796875
1 0.33984375 0.0765625 0.103125 0.1125
1 0.1828125 0.31328125 0.1046875 0.10546875
1 0.17421875 0.0484375 0.11953125 0.096875
1 0.1296875 0.86953125 0.06640625 0.0765625
1 0.275 0.3390625 0.0828125 0.08125
1 0.3703125 0.83515625 0.09453125 0.08828125
1 0.73515625 0.36171875 0.1125 0.10234375
1 0.41171875 0.92109375 0.11875 0.08828125
1 0.2203125 0.590625 0.090625 0.08828125
1 0.1171875 0.63671875 0.10546875 0.09140625
1 0.11328125 0.371875 0.08828125 0.09296875
1 0.48125 0.171875 0.0921875 0.09765625
1 0.046875 0.690625 0.09375 0.096875
1 0.3453125 0.7171875 0.0734375 0.09921875
1 0.41171875 0.65703125 0.11171875 0.07890625
1 0.46328125 0.828125 0.1046875 0.08359375
1 0.078125 0.81953125 0.10703125 0.0828125
1 0.8234375 0.33125 0.0796875 0.078125
0 0.6859375 0.73203125 0.1015625 0.109375
1 0.8328125 0.11171875 0.10625 0.090625
1 0.04609375 0.43046875 0.0921875 0.08984375
1 0.21015625 0.4015625 0.09140625 0.09296875
1 0.43359375 0.74921875 0.121875 0.08359375
1 0.53515625 0.48125 0.103125 0.084375
1 0.575 0.29921875 0.1203125 0.10703125
1 0.6265625 0.4796875 0.10703125 0.08671875
1 0.3703125 0.571875 0.11796875 0.09453125
1 0.69296875 0.27734375 0.10859375 0.09375
1 0.04453125 0.590625 0.0890625 0.09921875
1 0.3609375 0.35859375 0.0984375 0.08359375
1 0.52421875 0.2453125 0.08828125 0.0921875
1 0.3359375 0.97734375 0.1015625 0.0453125
1 0.37578125 0.465625 0.11015625 0.09609375
0 0.66875 0.9375 0.11953125 0.11796875
1 0.34375 0.2703125 0.09296875 0.0921875
1 0.725 0.46015625 0.09375 0.0859375
1 0.43203125 0.25390625 0.096875 0.084375
1 0.1390625 0.95703125 0.125 0.0859375
1 0.5359375 0.37890625 0.08984375 0.1015625
1 0.29921875 0.4359375 0.09296875 0.10546875
1 0.6875 0.55625 0.0828125 0.07734375
1 0.79375 0.25625 0.11015625 0.09296875
1 0.30859375 0.9015625 0.07890625 0.090625
1 0.2125 0.49375 0.1 0.0921875
1 0.38984375 0.17421875 0.10546875 0.10390625
1 0.74296875 0.1734375 0.09921875 0.090625
1 0.31875 0.646875 0.09921875 0.0890625
1 0.44921875 0.521875 0.109375 0.08828125
1 0.128125 0.7265625 0.10859375 0.09453125
1 0.25859375 0.05234375 0.0796875 0.0859375
1 0.20078125 0.1390625 0.12421875 0.1046875
1 0.9296875 0.078125 0.11328125 0.12734375
1 0.86796875 0.03046875 0.096875 0.0609375
1 0.64375 0.2140625 0.09375 0.09140625
1 0.4375 0.09609375 0.08671875 0.0828125
1 0.2125 0.6796875 0.12109375 0.08359375
0 0.521875 0.9046875 0.10390625 0.10703125
0 0.05078125 0.059375 0.1015625 0.11796875
1 0.13125 0.45390625 0.0796875 0.0828125
1 0.9015625 0.27421875 0.09296875 0.09140625
1 0.1375 0.5546875 0.07421875 0.07890625
1 0.4921875 0.609375 0.10390625 0.090625
1 0.05546875 0.925 0.0875 0.09296875
1 0.0671875 0.5125 0.0953125 0.0734375
1 0.4015625 0.0234375 0.11328125 0.04609375
1 0.0421875 0.3296875 0.084375 0.10703125
0 0.61640625 0.82890625 0.09921875 0.11328125
0 0.8953125 0.8609375 0.115625 0.1046875
1 0.75703125 0.05625 0.0984375 0.084375
1 0.2921875 0.20859375 0.11015625 0.103125
1 0.24140625 0.97578125 0.0921875 0.0484375
0 0.97265625 0.2625 0.0546875 0.1203125
1 0.49765625 0.0453125 0.1015625 0.090625
1 0.109375 0.2453125 0.08515625 0.11640625
0 0.78203125 0.51640625 0.1125 0.1140625
1 0.86484375 0.1984375 0.13203125 0.09140625
1 0.58359375 0.56484375 0.1328125 0.08515625
1 0.27890625 0.5375 0.08125 0.0765625
0 0.90703125 0.38671875 0.146875 0.121875
1 0.16171875 0.796875 0.071875 0.0765625
1 0.66640625 0.01640625 0.11484375 0.03203125
0 0.92109375 0.5140625 0.1203125 0.1125
0 0.73125 0.84921875 0.11796875 0.11640625
1 0.034375 0.765625 0.06796875 0.07734375
1 0.0203125 0.85703125 0.03984375 0.1015625
0 0.5078125 0.9828125 0.103125 0.034375
1 0.41640625 0.98828125 0.1 0.02265625
0 0.03125 0.19921875 0.0625 0.1359375
0 0.9640625 0.60859375 0.071875 0.0984375
1 0.43828125 0.409375 0.11875 0.10859375
1 0.565625 0.1625 0.090625 0.09765625
0 0.96640625 0.9484375 0.0671875 0.096875
1 0.803125 0.4234375 0.07109375 0.06171875
0 0.871875 0.7421875 0.1078125 0.12109375
0 0.80078125 0.7578125 0.09140625 0.10859375
0 0.82890625 0.9453125 0.1203125 0.109375
0 0.984375 0.8453125 0.03125 0.10625
0 0.99296875 0.71953125 0.0140625 0.0765625
1 0.11484375 0.1546875 0.084375 0.0625
1 0.20078125 0.83046875 0.08125 0.1
1 0.21640625 0.91875 0.06875 0.0734375
1 0.628125 0.06953125 0.1109375 0.11640625
1 0.5671875 0.05859375 0.0734375 0.084375
1 0.96796875 0.1796875 0.0640625 0.08125
1 0.52109375 0.70390625 0.0734375 0.09375
1 0.5203125 0.7828125 0.08125 0.08359375
1 0.56640625 0.6390625 0.06875 0.0734375