1 0.08359375 0.4734375 0.090625 0.08203125
1 0.046875 0.26328125 0.09375 0.0890625
0 0.0671875 0.9875 0.0484375 0.025
0 0.115625 0.98671875 0.05 0.0265625
0 0.1671875 0.984375 0.0484375 0.03125
0 0.21640625 0.98203125 0.0484375 0.0359375
0 0.265625 0.98125 0.0484375 0.0375
0 0.321875 0.9796875 0.0515625 0.040625
0 0.0375 0.95859375 0.05 0.04921875
0 0.0890625 0.9578125 0.05 0.04921875
0 0.13671875 0.95234375 0.04765625 0.04765625
0 0.18828125 0.95 0.05234375 0.05078125
0 0.240625 0.94609375 0.05 0.05
0 0.2890625 0.9421875 0.05 0.05390625
0 0.340625 0.940625 0.05859375 0.0515625
0 0.01875 0.9171875 0.0375 0.0484375
0 0.0609375 0.91484375 0.05 0.0484375
0 0.109375 0.9109375 0.04765625 0.0484375
0 0.16015625 0.91015625 0.0515625 0.0515625
0 0.21015625 0.90703125 0.04609375 0.0484375
0 0.259375 0.90234375 0.05078125 0.04921875
0 0.3125 0.9 0.05 0.0515625
0 0.03359375 0.871875 0.046875 0.04765625
0 0.0828125 0.871875 0.05 0.05078125
0 0.13203125 0.86640625 0.046875 0.0484375
0 0.18046875 0.865625 0.04921875 0.0484375
0 0.2296875 0.86015625 0.04765625 0.0484375
0 0.28125 0.859375 0.05 0.04921875
0 0.33046875 0.85546875 0.04921875 0.04609375
0 0.0140625 0.82890625 0.028125 0.046875
0 0.05390625 0.828125 0.05 0.04765625
0 0.103125 0.82265625 0.0484375 0.046875
0 0.153125 0.82265625 0.053125 0.046875
0 0.2046875 0.8203125 0.0484375 0.04765625
0 0.25390625 0.8171875 0.04765625 0.05078125
0 0.303125 0.8140625 0.05078125 0.0484375
0 0.3546875 0.81171875 0.05 0.05
0 0.0265625 0.784375 0.0515625 0.0484375
0 0.0765625 0.78125 0.04921875 0.04765625
0 0.125 0.77890625 0.04765625 0.05078125
0 0.175 0.77734375 0.05 0.0484375
0 0.225 0.77421875 0.05078125 0.0515625
0 0.2765625 0.76953125 0.0484375 0.05078125
0 0.3265625 0.76953125 0.0515625 0.0515625
0 0.01171875 0.73984375 0.0234375 0.0484375
0 0.05 0.7375 0.05 0.046875
0 0.1 0.7375 0.05 0.04765625
0 0.1515625 0.73671875 0.0484375 0.05
0 0.20234375 0.73515625 0.05 0.0484375
0 0.2515625 0.73046875 0.0484375 0.05078125
0 0.3015625 0.72734375 0.05078125 0.05
0 0.37578125 0.97734375 0.0515625 0.0453125
0 0.4015625 0.9359375 0.05625 0.04765625
0 0.3625 0.89765625 0.0484375 0.05078125
0 0.4171875 0.89375 0.05625 0.0484375
0 0.3875 0.853125 0.0515625 0.0484375
0 0.4390625 0.85 0.053125 0.05
0 0.40390625 0.80859375 0.0484375 0.04453125
0 0.459375 0.80625 0.05 0.04765625
0 0.37421875 0.76875 0.04765625 0.04609375
0 0.42734375 0.76953125 0.05 0.04453125
0 0.48125 0.76484375 0.0484375 0.04765625
0 0.35234375 0.72734375 0.05 0.04921875
0 0.40390625 0.72734375 0.053125 0.04921875
0 0.453125 0.725 0.04765625 0.0453125
0 0.50390625 0.721875 0.05234375 0.04921875
0 0.0234375 0.69609375 0.046875 0.05
0 0.0734375 0.69453125 0.0515625 0.05
0 0.12421875 0.69453125 0.04765625 0.04765625
0 0.17265625 0.68984375 0.0484375 0.05078125
0 0.01015625 0.6546875 0.0203125 0.053125
0 0.04609375 0.65390625 0.07265625 0.075
0 0.0953125 0.64921875 0.05 0.05
0 0.14296875 0.64765625 0.04921875 0.0484375
0 0.1953125 0.6453125 0.053125 0.05
0 0.0203125 0.61015625 0.040625 0.0484375
0 0.06640625 0.60859375 0.05 0.0484375
0 0.11875 0.60546875 0.0484375 0.05078125
0 0.16796875 0.60390625 0.05 0.0484375
0 0.03671875 0.56953125 0.05234375 0.05
0 0.08828125 0.5640625 0.05078125 0.04453125
0 0.13984375 0.5609375 0.04921875 0.0515625
0 0.0171875 0.525 0.034375 0.046875
0 0.06015625 0.52265625 0.046875 0.0484375
0 0.11171875 0.521875 0.05078125 0.0484375
0 0.16484375 0.51171875 0.0484375 0.04921875
0 0.03203125 0.48046875 0.05390625 0.05234375
0 0.1359375 0.4734375 0.05 0.04765625
0 0.01484375 0.43671875 0.0296875 0.046875
0 0.0546875 0.43515625 0.05234375 0.05
0 0.1078125 0.43125 0.0484375 0.04765625
0 0.1578125 0.43359375 0.0484375 0.0484375
0 0.22109375 0.68984375 0.046875 0.05
0 0.271875 0.6875 0.05 0.04921875
0 0.32265625 0.68359375 0.05078125 0.05078125
0 0.375 0.68125 0.05078125 0.0484375
0 0.4296875 0.6828125 0.0515625 0.053125
0 0.47890625 0.678125 0.0484375 0.05078125
0 0.5296875 0.675 0.05 0.04609375
0 0.2453125 0.6421875 0.0484375 0.0515625
0 0.29375 0.64375 0.0515625 0.05078125
0 0.34609375 0.6359375 0.05234375 0.05078125
0 0.3984375 0.6375 0.04765625 0.04609375
0 0.44765625 0.6359375 0.053125 0.053125
0 0.5 0.6328125 0.05 0.04765625
0 0.5515625 0.63125 0.05390625 0.04921875
0 0.21796875 0.60234375 0.04921875 0.04921875
0 0.26640625 0.6 0.0515625 0.05078125
0 0.31484375 0.59765625 0.05390625 0.053125
0 0.371875 0.59375 0.05390625 0.0515625
0 0.421875 0.5953125 0.0453125 0.04921875
0 0.47265625 0.59296875 0.0484375 0.04921875
0 0.521875 0.590625 0.04609375 0.05078125
0 0.5734375 0.5859375 0.05703125 0.046875
0 0.1890625 0.5625 0.04921875 0.04765625
0 0.23984375 0.55546875 0.046875 0.05078125
0 0.28984375 0.55625 0.04921875 0.05078125
0 0.340625 0.553125 0.05078125 0.0515625
0 0.39453125 0.55 0.0515625 0.05078125
0 0.44375 0.55 0.04609375 0.0484375
0 0.4953125 0.54609375 0.05234375 0.05
0 0.5453125 0.54453125 0.05078125 0.04609375
0 0.596875 0.540625 0.053125 0.046875
0 0.2125 0.51484375 0.04453125 0.05
0 0.2625 0.5109375 0.05078125 0.053125
0 0.31484375 0.5078125 0.04921875 0.04765625
0 0.36484375 0.509375 0.05078125 0.04921875
0 0.41328125 0.50546875 0.04765625 0.0453125
0 0.4640625 0.5046875 0.05 0.05
0 0.5140625 0.49375 0.05078125 0.04609375
0 0.5671875 0.49765625 0.0515625 0.053125
0 0.6203125 0.49296875 0.05390625 0.04921875
0 0.18515625 0.47109375 0.04609375 0.04765625
0 0.23671875 0.471875 0.05078125 0.0484375
0 0.28515625 0.46875 0.04609375 0.0484375
0 0.33203125 0.465625 0.0453125 0.04765625
0 0.3828125 0.46328125 0.0515625 0.0484375
0 0.43203125 0.4609375 0.046875 0.04375
0 0.48359375 0.4546875 0.05078125 0.05
0 0.5390625 0.453125 0.05 0.05078125
0 0.5890625 0.4515625 0.046875 0.046875
0 0.63984375 0.45234375 0.05078125 0.046875
0 0.20703125 0.4265625 0.0484375 0.05
0 0.25625 0.428125 0.04609375 0.0484375
0 0.3046875 0.42421875 0.04921875 0.04765625
0 0.353125 0.425 0.0484375 0.04765625
0 0.40390625 0.41953125 0.04609375 0.05078125
0 0.453125 0.41484375 0.0515625 0.04609375
0 0.50546875 0.41484375 0.05 0.0484375
0 0.55859375 0.4109375 0.0515625 0.0515625
0 0.60859375 0.40859375 0.04765625 0.0484375
0 0.659375 0.40859375 0.0484375 0.05
0 0.0265625 0.39375 0.04765625 0.04609375
0 0.078125 0.39140625 0.05 0.0484375
0 0.1296875 0.38984375 0.04765625 0.05078125
0 0.18359375 0.38203125 0.0703125 0.0796875
0 0.2296875 0.3859375 0.0453125 0.04609375
0 0.2765625 0.38359375 0.04609375 0.05
0 0.3296875 0.3796875 0.0484375 0.05078125
0 0.3796875 0.37734375 0.0484375 0.04921875
0 0.0125 0.35234375 0.025 0.0484375
0 0.05 0.35 0.04921875 0.0484375
0 0.1046875 0.34921875 0.04765625 0.046875
0 0.15546875 0.3453125 0.04765625 0.0484375
0 0.2046875 0.34296875 0.0484375 0.05078125
0 0.25390625 0.340625 0.05078125 0.0484375
0 0.3015625 0.33828125 0.04453125 0.04921875
0 0.35 0.33828125 0.0484375 0.0484375
0 0.02265625 0.309375 0.0453125 0.05
0 0.0765625 0.3046875 0.04921875 0.04609375
0 0.12734375 0.30234375 0.04765625 0.0484375
0 0.17734375 0.3015625 0.05078125 0.0484375
0 0.2265625 0.3 0.046875 0.04609375
0 0.27421875 0.29453125 0.0484375 0.05
0 0.32421875 0.2953125 0.05078125 0.05
0 0.3734375 0.29140625 0.05078125 0.0453125
0 0.1015625 0.2609375 0.0484375 0.046875
0 0.15 0.25703125 0.046875 0.04609375
0 0.1984375 0.25703125 0.04921875 0.0484375
0 0.2453125 0.25703125 0.04765625 0.05
0 0.29375 0.25234375 0.04765625 0.046875
0 0.34375 0.25 0.05078125 0.04765625
0 0.0234375 0.21953125 0.046875 0.0453125
0 0.07109375 0.2265625 0.0453125 0.0484375
0 0.11875 0.2203125 0.04765625 0.04609375
0 0.16796875 0.215625 0.04453125 0.046875
0 0.21484375 0.21484375 0.05078125 0.05078125
0 0.26484375 0.21171875 0.0484375 0.04921875
0 0.315625 0.21171875 0.05078125 0.04765625
0 0.36328125 0.209375 0.04765625 0.04609375
0 0.009375 0.1796875 0.01875 0.046875
0 0.0421875 0.1796875 0.05078125 0.04609375
0 0.09140625 0.17578125 0.04765625 0.04921875
0 0.14140625 0.17734375 0.04765625 0.04921875
0 0.190625 0.17109375 0.0484375 0.04921875
0 0.23828125 0.1703125 0.04609375 0.046875
0 0.28828125 0.16875 0.0484375 0.0484375
0 0.3375 0.16484375 0.0453125 0.046875
0 0.3875 0.16484375 0.05078125 0.05
0 0.01875 0.13828125 0.0375 0.0453125
0 0.065625 0.1390625 0.05 0.0484375
0 0.11640625 0.134375 0.0484375 0.046875
0 0.165625 0.1296875 0.0484375 0.04453125
0 0.21328125 0.128125 0.04609375 0.04453125
0 0.26328125 0.1234375 0.04609375 0.04765625
0 0.31171875 0.12421875 0.05 0.04765625
0 0.3609375 0.12265625 0.04609375 0.0484375
0 0.428125 0.375 0.04609375 0.05
0 0.4765625 0.375 0.05078125 0.05
0 0.53046875 0.37109375 0.05078125 0.04921875
0 0.5796875 0.36484375 0.046875 0.05078125
0 0.6265625 0.36796875 0.046875 0.05078125
0 0.675 0.37109375 0.04453125 0.04609375
0 0.71015625 0.32109375 0.053125 0.05
0 0.64765625 0.3171875 0.04765625 0.0484375
0 0.59609375 0.31875 0.0515625 0.04921875
0 0.5484375 0.321875 0.05 0.0484375
0 0.39765625 0.33515625 0.04765625 0.04765625
0 0.446875 0.33203125 0.05078125 0.0484375
0 0.4984375 0.3265625 0.05 0.05
0 0.4234375 0.290625 0.0484375 0.0484375
0 0.47109375 0.2875 0.05078125 0.0484375
0 0.5203125 0.28046875 0.0484375 0.0515625
0 0.56796875 0.28046875 0.0453125 0.046875
0 0.61640625 0.27890625 0.0515625 0.04453125
0 0.67734375 0.27578125 0.0484375 0.0484375
0 0.725 0.28125 0.04921875 0.0453125
0 0.39140625 0.2515625 0.0453125 0.04765625
0 0.4390625 0.2484375 0.05 0.05078125
0 0.4890625 0.2421875 0.0484375 0.0484375
0 0.540625 0.23359375 0.05078125 0.046875
0 0.59375 0.23359375 0.0515625 0.04765625
0 0.64375 0.234375 0.0484375 0.0453125
0 0.69765625 0.23828125 0.05078125 0.04921875
0 0.75078125 0.2359375 0.05078125 0.04765625
0 0.41328125 0.2046875 0.0453125 0.04609375
0 0.4625 0.20078125 0.0515625 0.04921875
0 0.51171875 0.19765625 0.04921875 0.04765625
0 0.56328125 0.19609375 0.05078125 0.0515625
0 0.61875 0.190625 0.05 0.0453125
0 0.6671875 0.19609375 0.04921875 0.05078125
0 0.728125 0.18828125 0.04609375 0.05078125
0 0.77421875 0.19296875 0.04609375 0.05
0 0.43515625 0.159375 0.04609375 0.0453125
0 0.48359375 0.15546875 0.04765625 0.04765625
0 0.53203125 0.15625 0.0546875 0.0484375
0 0.5890625 0.15078125 0.05625 0.0484375
0 0.64140625 0.153125 0.0515625 0.04765625
0 0.696875 0.14765625 0.05078125 0.04765625
0 0.75 0.14296875 0.04609375 0.0484375
0 0.79453125 0.14921875 0.04921875 0.0515625
0 0.41015625 0.11484375 0.046875 0.0484375
0 0.4578125 0.11171875 0.0484375 0.04609375
0 0.50625 0.1125 0.0484375 0.05
0 0.5578125 0.10703125 0.05 0.04765625
0 0.60078125 0.11015625 0.040625 0.04921875
0 0.64453125 0.10234375 0.04609375 0.04609375
0 0.69375 0.0984375 0.05078125 0.0484375
0 0.74921875 0.09296875 0.0484375 0.04921875
0 0.815625 0.10390625 0.05078125 0.04921875
2 0.78359375 0.096875 0.0625 0.0734375
0 0.0375 0.0953125 0.05078125 0.04765625
0 0.08984375 0.09140625 0.05078125 0.04765625
0 0.13828125 0.08984375 0.04375 0.04296875
0 0.18828125 0.0890625 0.05078125 0.0484375
0 0.2359375 0.08046875 0.0453125 0.04609375
0 0.28671875 0.08125 0.0515625 0.05
0 0.3375 0.07890625 0.04609375 0.0484375
0 0.384375 0.07265625 0.04375 0.05
0 0.01953125 0.05390625 0.0390625 0.053125
0 0.0640625 0.05 0.046875 0.04765625
0 0.1140625 0.04609375 0.0484375 0.0484375
0 0.159375 0.04921875 0.04765625 0.0484375
0 0.209375 0.0390625 0.04765625 0.04765625
0 0.25859375 0.03671875 0.0484375 0.04765625
0 0.3078125 0.034375 0.05 0.0484375
0 0.3578125 0.03046875 0.04765625 0.0484375
0 0.034375 0.0171875 0.0484375 0.034375
0 0.08515625 0.01484375 0.046875 0.0296875
0 0.13203125 0.01328125 0.0453125 0.0265625
0 0.1796875 0.0140625 0.0484375 0.028125
0 0.23203125 0.01015625 0.0484375 0.0203125
0 0.43203125 0.071875 0.0484375 0.04765625
0 0.48046875 0.06953125 0.0453125 0.04765625
0 0.53046875 0.0671875 0.05078125 0.05078125
0 0.5796875 0.06171875 0.04609375 0.04765625
0 0.6328125 0.0578125 0.04765625 0.0453125
0 0.68359375 0.05234375 0.05078125 0.04609375
0 0.7375 0.04453125 0.0515625 0.04765625
0 0.7890625 0.0546875 0.05 0.05
0 0.840625 0.0578125 0.05078125 0.04765625
0 0.4078125 0.02890625 0.04609375 0.0484375
0 0.45625 0.02890625 0.04921875 0.04609375
0 0.50625 0.025 0.0484375 0.04765625
0 0.55390625 0.0234375 0.046875 0.046875
0 0.60234375 0.02109375 0.0484375 0.0421875
0 0.65078125 0.01796875 0.0484375 0.0359375
0 0.70390625 0.01484375 0.0515625 0.0296875
0 0.75625 0.015625 0.0515625 0.03125
0 0.8109375 0.01953125 0.05625 0.0390625
0 0.86484375 0.01796875 0.0546875 0.0359375