0 0.68515625 0.4921875 0.04609375 0.046875
0 0.73046875 0.4921875 0.04453125 0.0453125
0 0.77578125 0.4890625 0.04296875 0.04375
0 0.81796875 0.4875 0.040625 0.046875
0 0.85234375 0.4734375 0.0453125 0.04609375
0 0.909375 0.48203125 0.04609375 0.0453125
0 0.9546875 0.48125 0.04296875 0.04375
0 0.990625 0.4859375 0.01875 0.0453125
0 0.70390625 0.52578125 0.04140625 0.0421875
0 0.75078125 0.52734375 0.04296875 0.04296875
0 0.79453125 0.52265625 0.04296875 0.04296875
0 0.83828125 0.52265625 0.04296875 0.0390625
0 0.88671875 0.52421875 0.03984375 0.0390625
0 0.93359375 0.5203125 0.04140625 0.040625
0 0.9765625 0.52109375 0.04140625 0.04296875
0 0.728125 0.5640625 0.04140625 0.04296875
0 0.77109375 0.56171875 0.04140625 0.0421875
0 0.815625 0.56015625 0.04453125 0.04375
0 0.8640625 0.559375 0.04375 0.0421875
0 0.91171875 0.56171875 0.04453125 0.04296875
0 0.95390625 0.55546875 0.040625 0.04140625
0 0.9890625 0.55859375 0.021875 0.040625
0 0.753125 0.6015625 0.040625 0.0390625
0 0.7953125 0.60078125 0.04375 0.040625
0 0.84375 0.5984375 0.040625 0.04140625
0 0.8859375 0.59453125 0.0421875 0.04140625
0 0.9328125 0.596875 0.040625 0.04140625
0 0.97421875 0.590625 0.04296875 0.04375
0 0.775 0.6375 0.04140625 0.04140625
0 0.81875 0.6359375 0.04140625 0.04140625
0 0.86171875 0.63125 0.0421875 0.04140625
0 0.7953125 0.67265625 0.040625 0.0421875
0 0.8203125 0.709375 0.0421875 0.04296875
0 0.8421875 0.7453125 0.04140625 0.04140625
0 0.8703125 0.7875 0.04140625 0.040625
0 0.8859375 0.81953125 0.04296875 0.040625
0 0.90859375 0.85625 0.04453125 0.0390625
0 0.90625 0.63125 0.0421875 0.04296875
0 0.95546875 0.63203125 0.04140625 0.04140625
0 0.9890625 0.62890625 0.021875 0.040625
0 0.8421875 0.671875 0.04140625 0.04140625
0 0.88515625 0.66953125 0.04296875 0.04140625
0 0.8640625 0.70859375 0.04375 0.04140625
0 0.93203125 0.66796875 0.04375 0.0421875
0 0.9125 0.70859375 0.04296875 0.0390625
0 0.8890625 0.7453125 0.0453125 0.04140625
0 0.97890625 0.6671875 0.0421875 0.04375
0 0.959375 0.70859375 0.0421875 0.04140625
0 0.99140625 0.70390625 0.0171875 0.040625
0 0.93203125 0.7421875 0.03984375 0.03984375
0 0.978125 0.74375 0.04140625 0.0421875
0 0.94453125 0.9015625 0.03828125 0.03671875
0 0.96171875 0.93671875 0.04140625 0.040625
0 0.91015625 0.78515625 0.03984375 0.0390625
0 0.95703125 0.7828125 0.040625 0.0421875
0 0.93671875 0.82109375 0.040625 0.0421875
0 0.9609375 0.86171875 0.03984375 0.0421875
0 0.9875 0.98203125 0.025 0.0359375
0 0.9796875 0.82109375 0.040625 0.040625
0 0.9828125 0.8984375 0.034375 0.0390625