0 0.646875 0.525 0.0671875 0.06328125
0 0.859375 0.0375 0.06484375 0.0625
0 0.90859375 0.75078125 0.06640625 0.06328125
0 0.8984375 0.9265625 0.0671875 0.06015625
0 0.18359375 0.40234375 0.06640625 0.06328125
0 0.91953125 0.5140625 0.06875 0.0640625
0 0.45 0.63828125 0.06484375 0.0625
0 0.971875 0.74609375 0.05625 0.0640625
0 0.3484375 0.459375 0.0640625 0.06328125
0 0.3203125 0.4015625 0.06796875 0.0625
0 0.31015625 0.0984375 0.06796875 0.0640625
0 0.38125 0.63984375 0.06484375 0.0640625
0 0.88828125 0.81328125 0.06640625 0.06484375
0 0.371875 0.7515625 0.06796875 0.0640625
0 0.8234375 0.81171875 0.06484375 0.0640625
0 0.5546875 0.45 0.06328125 0.065625
0 0.75234375 0.4671875 0.065625 0.0640625
0 0.48046875 0.578125 0.06484375 0.0640625
0 0.4171875 0.58359375 0.06328125 0.0625
0 0.7859375 0.628125 0.06484375 0.06171875
0 0.85703125 0.8734375 0.06328125 0.06328125
0 0.71328125 0.86171875 0.0671875 0.0640625
0 0.2203125 0.57578125 0.06640625 0.06171875
0 0.97421875 0.39140625 0.05078125 0.0640625
0 0.55 0.32734375 0.065625 0.06328125
0 0.446875 0.5203125 0.06640625 0.06328125
0 0.94296875 0.690625 0.0640625 0.06328125
0 0.4140625 0.69609375 0.06171875 0.0609375
0 0.64140625 0.634375 0.06171875 0.06171875
0 0.58203125 0.52109375 0.05859375 0.06015625
0 0.28671875 0.578125 0.0640625 0.06171875
0 0.025 0.4734375 0.04921875 0.0640625
0 0.98125 0.86640625 0.0375 0.0640625
0 0.5046875 0.75 0.065625 0.0625
0 0.71796875 0.521875 0.0625 0.0625
0 0.97890625 0.6203125 0.0421875 0.0625
0 0.01640625 0.1671875 0.0328125 0.0640625
0 0.275 0.81171875 0.06796875 0.0640625
0 0.6828125 0.9234375 0.0640625 0.0625
0 0.415625 0.4640625 0.06484375 0.0640625
0 0.9796875 0.5078125 0.040625 0.059375
0 0.88828125 0.57109375 0.065625 0.0625
0 0.92421875 0.8703125 0.06640625 0.06328125
0 0.54375 0.58046875 0.0640625 0.06484375
0 0.85390625 0.63359375 0.0609375 0.0625
0 0.76015625 0.0921875 0.06484375 0.0609375
0 0.81640625 0.45859375 0.06171875 0.06484375
0 0.78671875 0.8640625 0.0671875 0.0640625
0 0.878125 0.4515625 0.065625 0.065625
0 0.25078125 0.521875 0.06484375 0.06484375
0 0.7828125 0.3984375 0.065625 0.06484375
0 0.78203125 0.5234375 0.0640625 0.0640625
0 0.81796875 0.68359375 0.0625 0.0609375
0 0.88671875 0.21640625 0.06484375 0.06484375
0 0.11171875 0.6453125 0.06875 0.0640625
0 0.4546875 0.39296875 0.06640625 0.06171875
0 0.475 0.69609375 0.06015625 0.0609375
0 0.784375 0.278125 0.065625 0.0640625
0 0.315625 0.5171875 0.0609375 0.06015625
0 0.75234375 0.68671875 0.0640625 0.06171875
0 0.88125 0.69375 0.0640625 0.059375
0 0.7078125 0.63671875 0.065625 0.0625
0 0.44609375 0.753125 0.0609375 0.06015625
0 0.08203125 0.46796875 0.0609375 0.0625
0 0.7171875 0.2875 0.0640625 0.06328125
0 0.28359375 0.45625 0.0625 0.0625
0 0.821875 0.57734375 0.06484375 0.0625
0 0.27734375 0.69453125 0.06171875 0.0640625
0 0.51640625 0.15859375 0.06640625 0.0640625
0 0.61875 0.4671875 0.065625 0.06484375
0 0.25390625 0.63203125 0.0640625 0.059375
0 0.7765625 0.73984375 0.06328125 0.0625
0 0.75390625 0.340625 0.0640625 0.0625
0 0.58046875 0.153125 0.0640625 0.0625
0 0.83984375 0.75 0.0640625 0.06484375
0 0.28515625 0.340625 0.06484375 0.0640625
0 0.82421875 0.096875 0.0640625 0.0625
0 0.35078125 0.57265625 0.06171875 0.06171875
0 0.92109375 0.63046875 0.065625 0.06328125
0 0.60703125 0.5796875 0.06484375 0.0625
0 0.68515625 0.80546875 0.06640625 0.06015625
0 0.48046875 0.33203125 0.06484375 0.0640625
0 0.6078125 0.69375 0.0640625 0.0625
0 0.675 0.58046875 0.0625 0.0609375
0 0.140625 0.4578125 0.06640625 0.0640625
0 0.684375 0.09453125 0.06484375 0.0625
0 0.30234375 0.75234375 0.06171875 0.0625
0 0.67578125 0.69140625 0.0671875 0.0625
0 0.95390625 0.809375 0.05546875 0.05703125
0 0.05078125 0.40859375 0.0671875 0.06328125
0 0.053125 0.52890625 0.06640625 0.0625
0 0.740625 0.57890625 0.06484375 0.0625
0 0.5859375 0.04140625 0.06796875 0.0640625
0 0.22265625 0.346875 0.06328125 0.0625
0 0.959375 0.0921875 0.0640625 0.06484375
0 0.34609375 0.92890625 0.0671875 0.065625
0 0.85546875 0.9734375 0.065625 0.05234375
0 0.8203125 0.2203125 0.065625 0.0640625
0 0.41796875 0.9296875 0.06171875 0.0640625
0 0.546875 0.21640625 0.0671875 0.06328125
0 0.61953125 0.328125 0.06875 0.06640625
0 0.41328125 0.80703125 0.0625 0.0609375
0 0.35078125 0.33984375 0.06328125 0.0609375
0 0.9796875 0.15234375 0.040625 0.0640625
0 0.93046875 0.975 0.0671875 0.05
0 0.8171875 0.33359375 0.06484375 0.06328125
0 0.54453125 0.80703125 0.0671875 0.0625
0 0.5140625 0.63984375 0.06171875 0.06328125
0 0.659375 0.15703125 0.06328125 0.06015625
0 0.5828125 0.2703125 0.06484375 0.06328125
0 0.6890625 0.3421875 0.06171875 0.06328125
0 0.79375 0.0375 0.0625 0.0609375
0 0.1484375 0.58359375 0.06796875 0.06328125
0 0.95859375 0.33125 0.0671875 0.0640625
0 0.72109375 0.03359375 0.0640625 0.06328125
0 0.17890625 0.52109375 0.06328125 0.0640625
0 0.115625 0.52109375 0.0609375 0.0625
0 0.378125 0.28359375 0.065625 0.0625
0 0.2421875 0.7546875 0.0640625 0.0625
0 0.95625 0.56484375 0.0625 0.0609375
0 0.61484375 0.92265625 0.06171875 0.0578125
0 0.38203125 0.51953125 0.0640625 0.06171875
0 0.11796875 0.40078125 0.0640625 0.06171875
0 0.196875 0.16484375 0.0625 0.06328125
0 0.41484375 0.171875 0.06484375 0.06328125
0 0.5390625 0.69453125 0.065625 0.06328125
0 0.8546875 0.278125 0.06171875 0.0625
0 0.5171875 0.271875 0.0640625 0.0625
0 0.340625 0.69453125 0.06875 0.06328125
0 0.171875 0.75859375 0.065625 0.0640625
0 0.64296875 0.9734375 0.06875 0.053125
0 0.315625 0.015625 0.0671875 0.03125
0 0.578125 0.74921875 0.0640625 0.06171875
0 0.578125 0.63515625 0.06171875 0.05703125
0 0.08203125 0.34296875 0.0671875 0.0625
0 0.44765625 0.98203125 0.0578125 0.0359375
0 0.0265625 0.04296875 0.05234375 0.06171875
0 0.20859375 0.7 0.06640625 0.0625
0 0.23984375 0.21640625 0.06640625 0.0625
0 0.6171875 0.1046875 0.0578125 0.05703125
0 0.3796875 0.221875 0.06328125 0.06015625
0 0.25546875 0.40390625 0.06328125 0.0609375
0 0.21015625 0.81640625 0.0625 0.06328125
0 0.51171875 0.98125 0.06796875 0.0375
1 0.88671875 0.33828125 0.06484375 0.06796875
0 0.6859375 0.46875 0.0609375 0.06171875
0 0.05703125 0.2859375 0.0640625 0.06328125
0 0.3140625 0.21328125 0.06328125 0.065625
0 0.03125 0.22890625 0.0625 0.059375
0 0.9875 0.68203125 0.025 0.0640625
0 0.68203125 0.009375 0.0625 0.01875
1 0.57890625 0.86796875 0.06171875 0.05703125
0 0.1359375 0.17109375 0.059375 0.06484375
0 0.040625 0.10546875 0.065625 0.0640625
1 0.7515625 0.9234375 0.06875 0.05625
1 0.84765625 0.3953125 0.05859375 0.0640625
1 0.52734375 0.38984375 0.06640625 0.06015625
1 0.27109375 0.046875 0.05390625 0.05703125
1 0.48515625 0.93046875 0.07109375 0.0671875
1 0.84609375 0.5203125 0.06484375 0.05546875
0 0.990625 0.8 0.01875 0.06328125
0 0.01171875 0.28515625 0.0234375 0.0640625
1 0.89140625 0.09765625 0.0578125 0.0625
1 0.75546875 0.2171875 0.059375 0.059375
1 0.64453125 0.86484375 0.0625 0.0625
1 0.48671875 0.45 0.06640625 0.06796875
1 0.59765625 0.3921875 0.06328125 0.0578125
1 0.6578125 0.40390625 0.06484375 0.0609375
1 0.51328125 0.86875 0.06953125 0.0609375
1 0.51875 0.51171875 0.06484375 0.06796875
0 0.6234375 0.00859375 0.0609375 0.01640625
1 0.321875 0.86875 0.0578125 0.0515625
1 0.79140625 0.159375 0.06953125 0.05859375
1 0.4765625 0.81328125 0.06015625 0.06328125
1 0.6140625 0.80859375 0.06484375 0.05625
1 0.68828125 0.21796875 0.065625 0.05859375
1 0.3625 0.059375 0.0515625 0.05703125
1 0.06953125 0.17109375 0.06796875 0.06171875
1 0.9328125 0.03359375 0.06796875 0.0546875
1 0.71640625 0.7515625 0.05234375 0.06015625
1 0.82109375 0.928125 0.06484375 0.0609375
1 0.16953125 0.10546875 0.05546875 0.05625
1 0.6203125 0.21171875 0.06484375 0.05625
1 0.215625 0.459375 0.06171875 0.05390625
0 0.1875 0.63828125 0.06640625 0.06171875
1 0.7515625 0.80390625 0.0625 0.0578125
0 0.5765625 0.97734375 0.059375 0.0453125
1 0.5515625 0.928125 0.05859375 0.06171875
0 0.08359375 0.58203125 0.0609375 0.0625
1 0.23515625 0.1046875 0.06484375 0.06171875
1 0.54453125 0.0953125 0.05859375 0.05859375
1 0.859375 0.15390625 0.06328125 0.0578125
1 0.72265625 0.15703125 0.0609375 0.065625
1 0.9515625 0.21640625 0.06484375 0.059375
1 0.44765625 0.27578125 0.06015625 0.05703125
1 0.4765625 0.21796875 0.0609375 0.05625
1 0.653125 0.2734375 0.059375 0.065625
1 0.2796875 0.9375 0.065625 0.06484375
1 0.15546875 0.33828125 0.065625 0.05390625
1 0.9109375 0.39609375 0.06640625 0.05390625
1 0.19453125 0.284375 0.059375 0.0609375
1 0.25703125 0.28125 0.06640625 0.05625
1 0.94609375 0.45234375 0.0640625 0.0640625
0 0.653125 0.04375 0.0625 0.06015625
1 0.27109375 0.1578125 0.06875 0.05546875
1 0.9234375 0.27421875 0.06484375 0.05390625
1 0.715625 0.4078125 0.05625 0.0625
1 0.98203125 0.2703125 0.0359375 0.065625
1 0.45703125 0.11484375 0.0625 0.0578125
1 0.3453125 0.8125 0.0671875 0.05546875
1 0.4953125 0.0609375 0.06875 0.059375
1 0.109375 0.1078125 0.0640625 0.0546875
1 0.38828125 0.86640625 0.0625 0.06640625
1 0.121875 0.284375 0.0671875 0.06484375
1 0.153125 0.05 0.06015625 0.0640625
1 0.38828125 0.39921875 0.05859375 0.0578125
1 0.9265625 0.159375 0.0578125 0.06015625
1 0.1671875 0.2296875 0.06953125 0.05703125
0 0.42265625 0.33828125 0.06015625 0.06171875
1 0.64609375 0.75 0.06484375 0.0578125
1 0.425 0.05390625 0.06484375 0.06953125
0 0.89296875 0.00625 0.0703125 0.01171875
1 0.44921875 0.86640625 0.05859375 0.0578125
1 0.08671875 0.0515625 0.06796875 0.0671875
1 0.346875 0.159375 0.05703125 0.06171875
0 0.7515625 0.00546875 0.07109375 0.0109375
1 0.21171875 0.04609375 0.06328125 0.05703125
1 0.38984375 0.1109375 0.0671875 0.05
1 0.25859375 0.87578125 0.0703125 0.05703125
0 0.14453125 0.7015625 0.0546875 0.059375
1 0.465625 0.0140625 0.065625 0.028125
1 0.31953125 0.2796875 0.053125 0.053125
0 0.00859375 0.4078125 0.01640625 0.0625
1 0.10078125 0.22734375 0.06171875 0.05390625
1 0.7171875 0.97578125 0.06875 0.0484375
1 0.7859375 0.975 0.06875 0.05
1 0.39375 0.0109375 0.075 0.021875
1 0.02265625 0.3484375 0.04453125 0.053125
1 0.38671875 0.98203125 0.0609375 0.0359375
0 0.9921875 0.4546875 0.01484375 0.06640625
1 0.97421875 0.93515625 0.0515625 0.0640625
1 0.31328125 0.984375 0.08046875 0.03125
0 0.82578125 0.0046875 0.0609375 0.00859375
0 0.99453125 0.56484375 0.01015625 0.06484375
0 0.32421875 0.6359375 0.05390625 0.0546875
1 0.98515625 0.0296875 0.0296875 0.059375
1 0.53828125 0.01015625 0.06875 0.01953125