1 0.41953125 0.9625 0.2453125 0.075
1 0.6203125 0.95234375 0.1921875 0.0953125
1 0.7921875 0.946875 0.171875 0.10625
1 0.9328125 0.94921875 0.134375 0.1015625
1 0.878125 0.840625 0.16953125 0.16796875
1 0.71015625 0.8375 0.18984375 0.16796875
1 0.5234375 0.86640625 0.19921875 0.18125
1 0.3171875 0.89140625 0.19296875 0.18359375
1 0.1546875 0.90390625 0.1625 0.16953125
1 0.046875 0.91875 0.09375 0.1625
1 0.08203125 0.759375 0.1640625 0.16875
1 0.2234375 0.7296875 0.1953125 0.165625
1 0.40234375 0.73203125 0.196875 0.1859375
1 0.5921875 0.69296875 0.19765625 0.17578125
1 0.78359375 0.69140625 0.16796875 0.16640625
1 0.92578125 0.69375 0.1484375 0.1796875
1 0.859375 0.5328125 0.18515625 0.1703125
1 0.6828125 0.56015625 0.18515625 0.18515625
1 0.48984375 0.54375 0.1921875 0.18046875
1 0.3140625 0.5796875 0.19453125 0.16328125
1 0.12265625 0.60078125 0.2203125 0.1765625
1 0.0671875 0.4453125 0.134375 0.1609375
1 0.2046875 0.434375 0.178125 0.1765625
1 0.378125 0.38515625 0.19140625 0.16953125
1 0.58046875 0.41171875 0.1921875 0.1671875
1 0.76640625 0.4046875 0.21015625 0.1984375
1 0.91875 0.384375 0.1625 0.190625
1 0.84375 0.240625 0.18125 0.18984375
1 0.665625 0.25234375 0.1859375 0.1734375
1 0.47890625 0.2703125 0.209375 0.17890625
1 0.2515625 0.2625 0.18515625 0.16015625
1 0.0875 0.3015625 0.16015625 0.18125
1 0.1546875 0.1390625 0.23203125 0.17421875
1 0.36015625 0.13828125 0.1765625 0.18203125
1 0.53359375 0.10859375 0.18984375 0.18984375
1 0.73671875 0.1140625 0.1953125 0.18046875
1 0.91796875 0.0796875 0.1640625 0.159375
1 0.428125 0.03828125 0.2359375 0.0765625
1 0.24453125 0.04453125 0.184375 0.0890625