0 0.2015625 0.74375 0.059375 0.0625
0 0.78359375 0.7578125 0.0640625 0.065625
0 0.228125 0.97734375 0.065625 0.0453125
0 0.68359375 0.93046875 0.0640625 0.0671875
0 0.25390625 0.44296875 0.0671875 0.0640625
0 0.65703125 0.978125 0.0609375 0.04375
0 0.05 0.8140625 0.065625 0.0625
0 0.1875 0.44453125 0.065625 0.0640625
0 0.56875 0.89375 0.065625 0.065625
0 0.02734375 0.87890625 0.0546875 0.0671875
0 0.0859375 0.984375 0.0625 0.03125
0 0.08828125 0.86953125 0.0640625 0.0671875
0 0.2453125 0.79921875 0.065625 0.0671875
0 0.25859375 0.37265625 0.0609375 0.0609375
0 0.5953125 0.83515625 0.06875 0.0640625
0 0.71328125 0.87109375 0.0609375 0.0640625
0 0.31328125 0.96796875 0.0640625 0.0640625
0 0.15390625 0.97890625 0.0671875 0.0421875
0 0.484375 0.98125 0.0625 0.0375
0 0.1890625 0.93671875 0.0625 0.0640625
0 0.19140625 0.36953125 0.0640625 0.0703125
0 0.74453125 0.70625 0.0640625 0.0625
0 0.109375 0.51484375 0.06875 0.0671875
0 0.64375 0.88046875 0.065625 0.0640625
0 0.04609375 0.940625 0.0640625 0.065625
0 0.2671875 0.646875 0.0625 0.065625
0 0.153125 0.878125 0.065625 0.065625
0 0.5484375 0.96953125 0.065625 0.0609375
0 0.49296875 0.5578125 0.0671875 0.065625
0 0.28984375 0.85 0.0640625 0.0625
0 0.17890625 0.68203125 0.0671875 0.0640625
0 0.08203125 0.6890625 0.0671875 0.065625
0 0.46796875 0.49140625 0.0640625 0.0640625
0 0.3390625 0.503125 0.065625 0.065625
0 0.61328125 0.9421875 0.0640625 0.065625
0 0.7328125 0.96796875 0.065625 0.0640625
0 0.20390625 0.6234375 0.0640625 0.065625
0 0.37890625 0.9625 0.0609375 0.065625
0 0.45 0.67890625 0.0625 0.0671875
0 0.81953125 0.7015625 0.0640625 0.065625
0 0.6296875 0.6921875 0.059375 0.065625
0 0.57109375 0.7234375 0.0609375 0.065625
0 0.7828125 0.65078125 0.065625 0.0640625
0 0.065625 0.7546875 0.0625 0.0625
0 0.771875 0.840625 0.0625 0.0625
0 0.50546875 0.7328125 0.0671875 0.065625
0 0.265625 0.734375 0.065625 0.06875
0 0.67421875 0.8234375 0.0640625 0.065625
0 0.075 0.584375 0.065625 0.071875
0 0.4078125 0.46796875 0.065625 0.0671875
0 0.728125 0.7890625 0.065625 0.065625
0 0.79140625 0.98515625 0.0609375 0.0296875
0 0.66875 0.46484375 0.0625 0.0671875
0 0.18359375 0.81171875 0.0671875 0.0671875
0 0.62734375 0.5703125 0.0609375 0.0625
0 0.51875 0.84765625 0.0625 0.0609375
0 0.38359375 0.69765625 0.0640625 0.0671875
0 0.4453125 0.6140625 0.0625 0.065625
0 0.50390625 0.92265625 0.0671875 0.0703125
0 0.5546875 0.3421875 0.065625 0.065625
0 0.321875 0.353125 0.065625 0.065625
0 0.96796875 0.9125 0.0640625 0.065625
0 0.615625 0.50546875 0.0625 0.0609375
0 0.9015625 0.8921875 0.0625 0.059375
0 0.43984375 0.94765625 0.0640625 0.0671875
0 0.92109375 0.7015625 0.0640625 0.065625
1 0.88515625 0.95625 0.0578125 0.05625
0 0.734375 0.4546875 0.06875 0.06875
1 0.11015625 0.93671875 0.0671875 0.0640625
1 0.2625 0.9234375 0.065625 0.0625
1 0.33203125 0.90390625 0.0578125 0.0609375
1 0.39453125 0.8921875 0.0609375 0.05625
1 0.45625 0.88046875 0.059375 0.0609375
1 0.225 0.8703125 0.059375 0.0625
1 0.015625 0.75625 0.03125 0.065625
1 0.11640625 0.79921875 0.0515625 0.0703125
1 0.134375 0.73359375 0.0625 0.0484375
1 0.3109375 0.7875 0.0625 0.0625
1 0.378125 0.7703125 0.05625 0.0625
1 0.4421875 0.74921875 0.065625 0.0515625
1 0.36171875 0.8359375 0.0609375 0.0625
1 0.42421875 0.8171875 0.0578125 0.065625
1 0.47890625 0.80078125 0.0484375 0.0640625
1 0.54296875 0.79140625 0.0765625 0.0515625
1 0.02265625 0.6890625 0.0453125 0.06875
1 0.0234375 0.6078125 0.046875 0.0625
1 0.03125 0.534375 0.0625 0.04375
1 0.05703125 0.47734375 0.0515625 0.0578125
1 0.11640625 0.4421875 0.0578125 0.0625
1 0.11640625 0.6328125 0.0609375 0.046875
1 0.1515625 0.5734375 0.059375 0.0625
1 0.23828125 0.5640625 0.0609375 0.06875
1 0.31328125 0.58203125 0.0703125 0.0703125
1 0.37890625 0.59765625 0.0578125 0.0734375
1 0.33359375 0.6625 0.0703125 0.0625
1 0.5125 0.6625 0.0625 0.0625
1 0.58046875 0.64921875 0.0578125 0.0734375
1 0.6234375 0.7734375 0.065625 0.05625
1 0.68203125 0.7421875 0.0546875 0.06875
1 0.6921875 0.6578125 0.0625 0.05625
1 0.55 0.59375 0.0625 0.065625
1 0.54921875 0.51875 0.0578125 0.0625
1 0.5546875 0.4515625 0.065625 0.0625
1 0.1921875 0.51875 0.075 0.053125
1 0.26953125 0.50546875 0.0671875 0.0546875
1 0.31953125 0.42578125 0.0546875 0.0609375
1 0.384375 0.390625 0.059375 0.0625
1 0.4671875 0.415625 0.0625 0.065625
1 0.4828125 0.35546875 0.071875 0.0578125
1 0.428125 0.325 0.046875 0.071875
1 0.38359375 0.30703125 0.0515625 0.0671875
1 0.134375 0.35390625 0.06875 0.0671875
1 0.08984375 0.2953125 0.0546875 0.05625
1 0.034375 0.32734375 0.06875 0.0671875
1 0.0203125 0.3984375 0.040625 0.071875
1 0.06953125 0.39140625 0.0578125 0.0578125
1 0.61328125 0.40078125 0.0734375 0.0734375
1 0.69140625 0.35703125 0.0640625 0.0765625
1 0.78046875 0.4140625 0.0609375 0.075
1 0.84609375 0.43515625 0.0609375 0.0734375
1 0.91875 0.43671875 0.078125 0.0578125
1 0.721875 0.51640625 0.071875 0.0609375
1 0.68984375 0.57421875 0.0578125 0.0703125
1 0.74453125 0.6015625 0.0578125 0.05
1 0.79453125 0.53828125 0.0671875 0.0578125
1 0.86015625 0.50546875 0.0546875 0.0703125
1 0.915625 0.53515625 0.0625 0.0453125
1 0.96484375 0.49375 0.0609375 0.053125
1 0.834375 0.5890625 0.05 0.0625
1 0.96796875 0.57421875 0.0546875 0.0609375
1 0.91796875 0.60859375 0.0515625 0.0765625
1 0.86484375 0.64921875 0.0671875 0.0546875
1 0.97265625 0.65546875 0.0546875 0.0578125
1 0.978125 0.7234375 0.04375 0.059375
1 0.86484375 0.75859375 0.0671875 0.0640625
1 0.9296875 0.7796875 0.05625 0.059375
1 0.9796875 0.7921875 0.040625 0.0625
1 0.828125 0.80390625 0.06875 0.0546875
1 0.8859375 0.82265625 0.0625 0.0640625
1 0.95234375 0.84453125 0.0609375 0.0640625
1 0.8296875 0.871875 0.0625 0.06875
1 0.76875 0.9140625 0.059375 0.065625
1 0.8265625 0.94453125 0.065625 0.0609375
1 0.975 0.97578125 0.05 0.0484375