1 0.084375 0.9421875 0.16875 0.115625
1 0.25859375 0.9390625 0.1875 0.121875
1 0.45234375 0.93515625 0.1921875 0.1296875
1 0.6265625 0.9171875 0.1765625 0.165625
1 0.82265625 0.9328125 0.178125 0.134375
1 0.90859375 0.81171875 0.1703125 0.18359375
1 0.725 0.79765625 0.18203125 0.1734375
1 0.50859375 0.80625 0.18984375 0.19140625
1 0.34375 0.81875 0.16015625 0.16953125
1 0.17265625 0.8296875 0.18515625 0.1859375
1 0.03984375 0.8453125 0.0796875 0.1609375
1 0.09140625 0.70390625 0.1828125 0.184375
1 0.26953125 0.68125 0.18359375 0.18359375
1 0.4390625 0.65078125 0.19140625 0.19296875
1 0.6421875 0.64375 0.1859375 0.18125
1 0.81484375 0.6578125 0.16796875 0.1875
1 0.94453125 0.65703125 0.1109375 0.1921875
1 0.93671875 0.3359375 0.1265625 0.171875
1 0.88359375 0.484375 0.178125 0.1859375
1 0.71328125 0.50078125 0.18046875 0.18125
1 0.52890625 0.5046875 0.18125 0.18984375
1 0.6203125 0.36640625 0.18984375 0.171875
2 0.79140625 0.35546875 0.171875 0.1609375
1 0.8546875 0.21953125 0.1828125 0.1890625
1 0.68125 0.2109375 0.18125 0.1765625
1 0.75546875 0.075 0.178125 0.15
1 0.9234375 0.078125 0.153125 0.15625
1 0.58203125 0.08125 0.165625 0.1625
1 0.50546875 0.22109375 0.18359375 0.18046875
1 0.434375 0.375 0.18046875 0.1875
1 0.3375 0.50390625 0.1859375 0.16328125
1 0.15390625 0.5390625 0.1859375 0.18359375
1 0.06484375 0.39765625 0.1296875 0.153125
1 0.2328125 0.38125 0.1890625 0.18984375
1 0.31796875 0.23515625 0.1921875 0.16484375
1 0.11796875 0.25234375 0.18515625 0.1734375
1 0.06953125 0.08671875 0.1390625 0.171875
1 0.2171875 0.109375 0.184375 0.16171875
1 0.40390625 0.09765625 0.1765625 0.1921875