0 0.2875 0.059375 0.06015625 0.05859375
0 0.61796875 0.02578125 0.0609375 0.0515625
0 0.97578125 0.771875 0.0484375 0.06171875
0 0.69375 0.0234375 0.0609375 0.04609375
0 0.06640625 0.025 0.05859375 0.05
0 0.3953125 0.94765625 0.0625 0.0609375
0 0.25234375 0.015625 0.0609375 0.03125
0 0.06953125 0.12265625 0.06015625 0.05703125
0 0.89921875 0.67734375 0.0609375 0.0625
0 0.53828125 0.94140625 0.0578125 0.05703125
0 0.1625 0.06796875 0.06015625 0.05546875
0 0.434375 0.98359375 0.059375 0.0328125
0 0.01953125 0.81640625 0.0390625 0.05703125
0 0.12890625 0.40546875 0.0625 0.06015625
0 0.9375 0.4859375 0.06171875 0.06015625
0 0.7671875 0.021875 0.06328125 0.04375
0 0.80078125 0.07109375 0.0609375 0.05859375
0 0.015625 0.02734375 0.03125 0.0546875
0 0.546875 0.03671875 0.0609375 0.059375
0 0.4109375 0.82421875 0.06015625 0.059375
0 0.071875 0.50859375 0.06171875 0.05859375
0 0.08046875 0.61640625 0.06171875 0.0640625
0 0.4203125 0.15078125 0.06015625 0.059375
0 0.68828125 0.5171875 0.059375 0.05703125
0 0.328125 0.9609375 0.0609375 0.0609375
0 0.35078125 0.0515625 0.059375 0.0578125
0 0.109375 0.55859375 0.0625 0.059375
0 0.4390625 0.88359375 0.05859375 0.05546875
0 0.9703125 0.5328125 0.059375 0.0625
0 0.2953125 0.7140625 0.059375 0.06015625
0 0.3265625 0.7734375 0.06015625 0.06015625
0 0.3 0.1578125 0.0609375 0.05625
0 0.5015625 0.89453125 0.0578125 0.059375
0 0.765625 0.1203125 0.0578125 0.05625
0 0.01796875 0.12890625 0.0359375 0.05859375
0 0.79921875 0.8578125 0.06015625 0.06015625
0 0.5359375 0.84296875 0.06015625 0.06015625
0 0.759375 0.33828125 0.06171875 0.06171875
0 0.38046875 0.371875 0.0609375 0.06015625
0 0.4828125 0.0296875 0.0578125 0.05546875
0 0.4171875 0.03671875 0.059375 0.0578125
0 0.696875 0.640625 0.0625 0.0640625
0 0.125 0.74453125 0.06171875 0.0625
0 0.07890625 0.22734375 0.0609375 0.05625
0 0.23515625 0.72421875 0.0609375 0.06171875
0 0.12890625 0.021875 0.05859375 0.04375
0 0.5796875 0.08046875 0.06015625 0.05625
0 0.6578125 0.46015625 0.0609375 0.05859375
0 0.56875 0.7578125 0.0625 0.0640625
0 0.09765625 0.07265625 0.0609375 0.059375
0 0.075 0.80625 0.06015625 0.059375
0 0.603125 0.93984375 0.05625 0.05625
0 0.01796875 0.51328125 0.0359375 0.0609375
0 0.20703125 0.61171875 0.06171875 0.0625
0 0.171875 0.97890625 0.05859375 0.04140625
0 0.21796875 0.33828125 0.0625 0.06015625
0 0.47421875 0.83125 0.06015625 0.0609375
0 0.76171875 0.64453125 0.06171875 0.06171875
0 0.76015625 0.228125 0.0625 0.0625
0 0.46328125 0.9390625 0.06015625 0.05703125
0 0.315625 0.384375 0.06015625 0.05703125
0 0.69765625 0.34375 0.06015625 0.059375
0 0.59453125 0.29296875 0.0625 0.05703125
0 0.72734375 0.28203125 0.06015625 0.05625
0 0.690625 0.75625 0.06171875 0.0625
0 0.01875 0.2390625 0.0375 0.06015625
0 0.08125 0.92734375 0.0578125 0.05703125
0 0.11953125 0.675 0.06328125 0.0625
0 0.82109375 0.23515625 0.06328125 0.0625
0 0.9828125 0.21328125 0.034375 0.0640625
0 0.271875 0.21875 0.06171875 0.05859375
0 0.83203125 0.125 0.059375 0.06015625
0 0.659375 0.96796875 0.059375 0.0546875
0 0.93828125 0.9671875 0.06171875 0.06171875
0 0.86640625 0.2796875 0.06015625 0.05859375
0 0.3578125 0.159375 0.0609375 0.0578125
0 0.25390625 0.39140625 0.0625 0.05859375
0 0.8578125 0.18125 0.059375 0.05703125
0 0.97109375 0.43046875 0.0578125 0.059375
0 0.8171875 0.74453125 0.0609375 0.05703125
0 0.95390625 0.09453125 0.06015625 0.05859375
0 0.38984375 0.765625 0.059375 0.059375
0 0.878125 0.0828125 0.0625 0.0609375
0 0.72734375 0.171875 0.06015625 0.06015625
0 0.10859375 0.978125 0.0578125 0.04375
0 0.34453125 0.31796875 0.0609375 0.0609375
0 0.84921875 0.79375 0.06171875 0.0609375
0 0.2671875 0.49296875 0.06171875 0.06015625
0 0.87421875 0.38125 0.06328125 0.0609375
0 0.45078125 0.77109375 0.06015625 0.0609375
0 0.33125 0.4875 0.06171875 0.06015625
0 0.03515625 0.18515625 0.06171875 0.05859375
0 0.30546875 0.271875 0.0609375 0.06171875
0 0.9796875 0.03984375 0.040625 0.0609375
0 0.9046875 0.43671875 0.0609375 0.0625
0 0.11796875 0.2875 0.06328125 0.0625
0 0.72421875 0.57734375 0.0609375 0.059375
0 0.38828125 0.09453125 0.05859375 0.0578125
0 0.9015625 0.1421875 0.06328125 0.05859375
0 0.4859375 0.13984375 0.0625 0.059375
0 0.6796875 0.40703125 0.059375 0.06015625
0 0.94453125 0.38125 0.0609375 0.059375
0 0.15625 0.34375 0.06171875 0.059375
0 0.13828125 0.80703125 0.0609375 0.05859375
0 0.62421875 0.51796875 0.0625 0.06171875
0 0.27421875 0.8453125 0.05859375 0.0546875
0 0.753125 0.7484375 0.059375 0.0578125
0 0.86796875 0.4953125 0.06328125 0.06328125
0 0.28046875 0.3328125 0.0609375 0.059375
0 0.89375 0.225 0.0625 0.06015625
0 0.92578125 0.03125 0.06484375 0.0625
0 0.63203125 0.3421875 0.06171875 0.06328125
0 0.56015625 0.525 0.06015625 0.0578125
0 0.7203125 0.80546875 0.05859375 0.05703125
0 0.55078125 0.13515625 0.06171875 0.05859375
0 0.39140625 0.20859375 0.06171875 0.05703125
0 0.83125 0.33359375 0.0625 0.059375
0 0.571875 0.89140625 0.0609375 0.059375
0 0.3671875 0.26640625 0.0625 0.06171875
0 0.94140625 0.59296875 0.059375 0.0609375
0 0.66171875 0.57890625 0.06328125 0.06015625
0 0.8484375 0.56484375 0.06015625 0.059375
0 0.52421875 0.1921875 0.0609375 0.05859375
0 0.559375 0.23984375 0.0640625 0.06015625
0 0.90390625 0.91015625 0.05703125 0.0578125
0 0.74921875 0.5265625 0.06015625 0.06171875
0 0.7953125 0.17734375 0.06171875 0.0578125
0 0.796875 0.38671875 0.06171875 0.0625
0 0.43984375 0.52890625 0.05859375 0.05546875
0 0.03671875 0.46015625 0.06171875 0.059375
0 0.57265625 0.63203125 0.06015625 0.0578125
0 0.8828125 0.61484375 0.06015625 0.059375
0 0.94609375 0.846875 0.059375 0.059375
0 0.8671875 0.971875 0.0625 0.05625
0 0.8421875 0.90546875 0.06171875 0.06015625
0 0.46875 0.3078125 0.05859375 0.05625
0 0.02421875 0.6296875 0.0484375 0.059375
0 0.03828125 0.9796875 0.06015625 0.040625
0 0.7921875 0.28515625 0.0625 0.05859375
0 0.51640625 0.08671875 0.059375 0.05703125
0 0.40703125 0.31640625 0.0625 0.059375
0 0.6015625 0.57109375 0.06015625 0.06015625
0 0.91875 0.790625 0.0625 0.0609375
0 0.1828125 0.68515625 0.06171875 0.06171875
0 0.05703125 0.284375 0.059375 0.06015625
0 0.2609375 0.1125 0.06171875 0.0546875
0 0.015625 0.40625 0.03046875 0.05859375
0 0.5625 0.9828125 0.059375 0.034375
0 0.18984375 0.01796875 0.0609375 0.0359375
0 0.53203125 0.2953125 0.0625 0.059375
0 0.45703125 0.19921875 0.06015625 0.0609375
0 0.065625 0.4078125 0.0625 0.0609375
0 0.0328125 0.0765625 0.05859375 0.05546875
0 0.6921875 0.23046875 0.0609375 0.05859375
0 0.47578125 0.590625 0.0609375 0.0609375
0 0.73046875 0.0640625 0.06015625 0.059375
0 0.840625 0.43671875 0.06015625 0.06015625
0 0.05546875 0.68359375 0.06171875 0.05859375
0 0.87890625 0.73515625 0.0609375 0.0625
0 0.32578125 0.1078125 0.0609375 0.05625
0 0.02890625 0.875 0.05625 0.0578125
0 0.5703125 0.34921875 0.06171875 0.06015625
0 0.4453125 0.3609375 0.06171875 0.06171875
0 0.953125 0.2703125 0.06328125 0.06328125
0 0.61640625 0.409375 0.0625 0.0625
0 0.80234375 0.9609375 0.0640625 0.06484375
0 0.31328125 0.01171875 0.0609375 0.0234375
0 0.45 0.0921875 0.0578125 0.05703125
0 0.34609375 0.5890625 0.06171875 0.0609375
0 0.9859375 0.58984375 0.028125 0.0640625
0 0.6578125 0.06953125 0.06015625 0.05703125
0 0.171875 0.1734375 0.0609375 0.059375
0 0.5296875 0.6703125 0.0609375 0.06328125
0 0.5984375 0.83359375 0.0625 0.06015625
0 0.02421875 0.934375 0.0484375 0.05625
0 0.24375 0.28203125 0.0625 0.05859375
0 0.5 0.9828125 0.06171875 0.034375
0 0.10234375 0.4515625 0.0609375 0.0578125
0 0.0953125 0.34609375 0.06015625 0.0609375
0 0.4953125 0.25546875 0.06171875 0.0578125
0 0.321875 0.653125 0.06171875 0.0609375
0 0.5109375 0.775 0.05625 0.05703125
0 0.715625 0.46640625 0.05859375 0.059375
0 0.8453125 0.68984375 0.059375 0.05546875
0 0.14296875 0.23046875 0.06328125 0.06171875
0 0.5890625 0.46640625 0.0625 0.0578125
0 0.20859375 0.2234375 0.0609375 0.059375
0 0.18515625 0.75859375 0.06015625 0.06015625
0 0.98515625 0.71328125 0.02890625 0.065625
0 0.784375 0.79296875 0.06171875 0.05859375
0 0.98671875 0.4796875 0.0265625 0.059375
0 0.190625 0.3953125 0.06171875 0.0609375
0 0.62890625 0.77265625 0.06015625 0.059375
0 0.16015625 0.865625 0.05859375 0.05546875
0 0.29765625 0.43984375 0.0625 0.059375
0 0.53984375 0.5859375 0.06171875 0.06171875
0 0.715625 0.965625 0.06015625 0.06015625
0 0.5875 0.6859375 0.05859375 0.05859375
0 0.4875 0.7171875 0.059375 0.0578125
0 0.590625 0.1796875 0.0625 0.05859375
0 0.91015625 0.32890625 0.0625 0.06015625
0 0.2296875 0.44765625 0.06171875 0.06015625
0 0.8453125 0.0265625 0.06328125 0.053125
0 0.7875 0.57734375 0.0609375 0.0578125
0 0.43125 0.25703125 0.059375 0.0578125
0 0.1734375 0.55546875 0.0625 0.06015625
0 0.1421875 0.615625 0.0625 0.0625
0 0.69609375 0.115625 0.06015625 0.05625
0 0.9671875 0.90546875 0.059375 0.05859375
0 0.77734375 0.46640625 0.06015625 0.059375
0 0.621875 0.13203125 0.06328125 0.05859375
0 0.37890625 0.01171875 0.065625 0.0234375
0 0.66171875 0.825 0.06015625 0.0578125
0 0.34921875 0.88828125 0.06015625 0.0578125
0 0.82265625 0.63671875 0.0609375 0.0625
0 0.26484375 0.77890625 0.0578125 0.05546875
0 0.98125 0.14140625 0.0375 0.05859375
0 0.109375 0.175 0.06171875 0.06015625
0 0.96171875 0.65546875 0.05859375 0.0609375
0 0.13359375 0.12265625 0.0609375 0.0546875
0 0.35859375 0.71171875 0.0625 0.0625
0 0.221875 0.8796875 0.05703125 0.05546875
0 0.146875 0.9296875 0.0609375 0.06015625
0 0.0296875 0.35546875 0.059375 0.0578125
0 0.3546875 0.43046875 0.0609375 0.0609375
0 0.18125 0.2828125 0.06171875 0.0609375
0 0.88515625 0.84765625 0.06015625 0.06328125
0 0.41953125 0.41953125 0.06015625 0.0578125
0 0.42578125 0.71171875 0.06015625 0.059375
0 0.63671875 0.8859375 0.059375 0.059375
0 0.73828125 0.41015625 0.06171875 0.0625
0 0.23359375 0.165625 0.0609375 0.06015625
0 0.71953125 0.7015625 0.0578125 0.05625
0 0.63359375 0.63828125 0.06171875 0.06171875
0 0.9359375 0.7296875 0.06015625 0.06015625
0 0.30234375 0.5421875 0.06015625 0.05546875
0 0.0625 0.74765625 0.06171875 0.059375
0 0.6296875 0.2296875 0.06171875 0.059375
0 0.65078125 0.70078125 0.06171875 0.05703125
0 0.23671875 0.55 0.06328125 0.06015625
0 0.39765625 0.48203125 0.0625 0.06015625
0 0.54921875 0.4125 0.06328125 0.0609375
0 0.2015625 0.509375 0.06171875 0.05859375
0 0.6984375 0.9046875 0.05859375 0.05703125
0 0.73671875 0.85703125 0.059375 0.05625
0 0.38828125 0.64453125 0.0640625 0.06171875
0 0.6609375 0.17265625 0.06171875 0.06171875
0 0.48671875 0.4140625 0.0609375 0.059375
0 0.0125 0.75703125 0.02421875 0.05859375
0 0.04140625 0.55859375 0.0578125 0.05625
0 0.21171875 0.8234375 0.06015625 0.05625
0 0.50625 0.35703125 0.06171875 0.0609375
0 0.0109375 0.303125 0.021875 0.065625
0 0.78125 0.70078125 0.0609375 0.05703125
0 0.3328125 0.20546875 0.05859375 0.05234375
0 0.2234375 0.059375 0.0578125 0.0578125
0 0.2765625 0.6015625 0.065625 0.0609375
0 0.97265625 0.32265625 0.05390625 0.05546875
0 0.1625 0.4546875 0.06328125 0.059375
0 0.6625 0.2875 0.0625 0.059375
0 0.98828125 0.36953125 0.0234375 0.0640625
0 0.98828125 0.828125 0.0234375 0.0625
0 0.9109375 0.53828125 0.06015625 0.06015625
0 0.09609375 0.86796875 0.06015625 0.05546875
0 0.50390625 0.53125 0.06015625 0.0578125
0 0.26953125 0.978125 0.0640625 0.04375
0 0.4125 0.58515625 0.0625 0.0609375
0 0.37265625 0.53828125 0.0640625 0.05859375
0 0.7625 0.9171875 0.059375 0.06015625
0 0.34453125 0.825 0.0609375 0.05625
0 0.21875 0.94296875 0.059375 0.05625
0 0.93984375 0.18828125 0.0546875 0.0578125
0 0.45703125 0.66015625 0.0625 0.06015625
0 0.81328125 0.52265625 0.0625 0.05859375
0 0.98984375 0.95546875 0.01953125 0.0671875
0 0.4640625 0.4765625 0.0625 0.06015625
0 0.1359375 0.50546875 0.06171875 0.05703125
0 0.19921875 0.11484375 0.06015625 0.05703125
0 0.2453125 0.659375 0.0640625 0.06015625
0 0.6859375 0.99375 0.05625 0.0125
0 0.528125 0.46171875 0.06015625 0.0609375
0 0.3734375 0.98828125 0.06328125 0.0234375
0 0.96328125 0.00859375 0.065625 0.0171875
0 0.01015625 0.68359375 0.01953125 0.0609375
0 0.2734375 0.90859375 0.0578125 0.0546875
0 0.625 0.9953125 0.0546875 0.009375
0 0.75625 0.99375 0.06328125 0.0125