0 0.934375 0.271875 0.0453125 0.04609375
0 0.88359375 0.19296875 0.04296875 0.04375
0 0.9296875 0.10078125 0.04140625 0.04453125
0 0.909375 0.23359375 0.04375 0.04375
0 0.82890625 0.02734375 0.0421875 0.04296875
0 0.9875 0.13984375 0.025 0.0453125
0 0.9484375 0.0609375 0.0421875 0.04296875
0 0.8578125 0.065625 0.04453125 0.04921875
0 0.88203125 0.1078125 0.04453125 0.0453125
0 0.9265625 0.02109375 0.04296875 0.0421875
0 0.834375 0.1125 0.0453125 0.046875
0 0.92890625 0.18359375 0.04296875 0.04453125
0 0.98671875 0.06015625 0.0265625 0.0453125
0 0.8109375 0.06484375 0.04375 0.04296875
0 0.97734375 0.1828125 0.0453125 0.04765625
0 0.971875 0.02109375 0.04375 0.0421875
0 0.9015625 0.0609375 0.0421875 0.04453125
0 0.94921875 0.140625 0.04375 0.04765625
0 0.97578125 0.1 0.0453125 0.04296875
0 0.9796875 0.271875 0.040625 0.04609375
0 0.78359375 0.028125 0.04375 0.04296875
0 0.878125 0.021875 0.04140625 0.040625
0 0.98984375 0.22578125 0.01953125 0.046875
0 0.9546875 0.228125 0.04375 0.04453125
0 0.97890625 0.34296875 0.0421875 0.0453125
0 0.9078125 0.1421875 0.04296875 0.04296875
0 0.95859375 0.30625 0.04453125 0.0375
0 0.8609375 0.153125 0.04453125 0.04296875
0 0.98984375 0.30390625 0.0203125 0.0328125
0 0.76171875 0.00703125 0.04453125 0.01328125
0 0.8078125 0.0046875 0.04296875 0.0078125
0 0.85078125 0.00390625 0.046875 0.0078125
0 0.896875 0.00390625 0.04453125 0.0078125