0 0.35078125 0.884375 0.06015625 0.05859375
0 0.1734375 0.94453125 0.06171875 0.05546875
0 0.240625 0.93984375 0.06171875 0.059375
0 0.6328125 0.878125 0.06015625 0.059375
0 0.6625 0.82421875 0.06171875 0.06015625
0 0.44296875 0.934375 0.06015625 0.06171875
0 0.92734375 0.9046875 0.05859375 0.0578125
0 0.6984375 0.88671875 0.06171875 0.06171875
0 0.7359375 0.96484375 0.06171875 0.0609375
0 0.31640625 0.93828125 0.06015625 0.0609375
0 0.56484375 0.890625 0.0609375 0.06015625
0 0.2078125 0.87421875 0.06171875 0.0609375
0 0.5265625 0.84140625 0.059375 0.05859375
0 0.27421875 0.88828125 0.0609375 0.059375
0 0.38203125 0.9421875 0.06015625 0.06015625
0 0.9578125 0.98125 0.0609375 0.0375
0 0.79609375 0.94609375 0.059375 0.06171875
0 0.61015625 0.9375 0.0609375 0.06015625
0 0.85234375 0.91015625 0.0625 0.059375
0 0.58984375 0.8296875 0.06171875 0.059375
0 0.8953125 0.95703125 0.0609375 0.0578125
0 0.31015625 0.8375 0.06015625 0.059375
0 0.97578125 0.934375 0.0484375 0.0625
0 0.84140625 0.98203125 0.0609375 0.0359375
0 0.10703125 0.9484375 0.0609375 0.059375
0 0.05390625 0.88515625 0.05859375 0.0578125
0 0.04453125 0.9484375 0.0609375 0.06171875
0 0.40390625 0.98671875 0.0625 0.02578125
0 0.88359375 0.85703125 0.06015625 0.06171875
0 0.47890625 0.97109375 0.0609375 0.0578125
0 0.2453125 0.834375 0.0609375 0.05859375
0 0.67421875 0.940625 0.0609375 0.06015625
0 0.5203125 0.9265625 0.06015625 0.06015625
0 0.15234375 0.84375 0.059375 0.0609375
0 0.8125 0.859375 0.0609375 0.05859375
0 0.76015625 0.8984375 0.06015625 0.0578125
0 0.2796875 0.9765625 0.0625 0.046875
0 0.203125 0.78359375 0.06015625 0.06328125
0 0.51875 0.77890625 0.0578125 0.05859375
0 0.11328125 0.890625 0.0578125 0.05546875
0 0.97890625 0.8734375 0.0421875 0.05625
0 0.5671875 0.9734375 0.059375 0.053125
0 0.71484375 0.78203125 0.05703125 0.0609375
0 0.02265625 0.98671875 0.04453125 0.02578125
0 0.3390625 0.98671875 0.0625 0.0265625
0 0.04375 0.82578125 0.05703125 0.059375
0 0.7484375 0.84296875 0.06015625 0.06015625
0 0.421875 0.8625 0.05859375 0.0625
0 0.696875 0.98984375 0.0625 0.0203125
0 0.07578125 0.98984375 0.0609375 0.0203125
0 0.01015625 0.8890625 0.0203125 0.06015625
0 0.14921875 0.98203125 0.0578125 0.0359375
0 0.47734375 0.875 0.0578125 0.05859375
0 0.928125 0.81171875 0.06171875 0.0625
0 0.325 0.771875 0.05859375 0.06171875
0 0.38046875 0.80234375 0.0578125 0.0609375
0 0.63125 0.99375 0.06328125 0.01171875
0 0.0046875 0.959375 0.00859375 0.05546875
0 0.2125 0.98125 0.059375 0.0375
0 0.2609375 0.7671875 0.059375 0.06171875
0 0.4671875 0.81640625 0.046875 0.05625
0 0.81328125 0.8046875 0.05625 0.05390625
0 0.8703125 0.78203125 0.06171875 0.05859375