0 0.20546875 0.08125 0.0640625 0.065625
0 0.24609375 0.028125 0.0640625 0.05625
0 0.18125 0.01953125 0.065625 0.0390625
0 0.16015625 0.1296875 0.0640625 0.06875
0 0.27578125 0.0953125 0.0609375 0.065625
0 0.140625 0.0640625 0.0625 0.065625
0 0.23515625 0.1453125 0.0640625 0.0625
0 0.021875 0.0390625 0.04375 0.065625
0 0.01640625 0.2234375 0.0328125 0.065625
0 0.0765625 0.03203125 0.0625 0.0640625
0 0.16875 0.265625 0.0625 0.0625
0 0.31484375 0.02890625 0.0640625 0.0578125
0 0.0359375 0.16875 0.065625 0.06875
0 0.190625 0.203125 0.065625 0.06875
0 0.06171875 0.43203125 0.0671875 0.0734375
0 0.02578125 0.3546875 0.0515625 0.0625
0 0.015625 0.425 0.03125 0.075
0 0.1265625 0.3125 0.065625 0.0625
1 0.028125 0.496875 0.05625 0.0625
1 0.0921875 0.3625 0.0625 0.053125
1 0.05234375 0.2875 0.0671875 0.071875
1 0.0734375 0.22578125 0.065625 0.0609375
1 0.12421875 0.1890625 0.0640625 0.075
1 0.028125 0.10078125 0.05625 0.0578125
1 0.08359375 0.09765625 0.0578125 0.0734375