0 0.61875 0.175 0.06328125 0.0625
0 0.03359375 0.671875 0.0609375 0.05625
0 0.47109375 0.059375 0.0625 0.0640625
0 0.0171875 0.41171875 0.034375 0.05703125
0 0.97734375 0.03046875 0.0453125 0.0609375
0 0.06953125 0.0421875 0.059375 0.059375
0 0.97578125 0.3671875 0.0484375 0.06015625
0 0.625 0.83359375 0.0625 0.05859375
0 0.0578125 0.72890625 0.06015625 0.0578125
0 0.021875 0.5171875 0.04375 0.05546875
0 0.95546875 0.309375 0.0609375 0.0609375
0 0.6 0.2890625 0.06015625 0.0625
0 0.45078125 0.2421875 0.06328125 0.0625
0 0.82890625 0.2875 0.06015625 0.0578125
0 0.34296875 0.87890625 0.0609375 0.05859375
0 0.53203125 0.071875 0.0609375 0.0609375
0 0.70390625 0.43515625 0.0609375 0.0578125
0 0.13046875 0.2953125 0.059375 0.05859375
0 0.371875 0.1453125 0.06015625 0.0625
0 0.19375 0.04921875 0.0625 0.06171875
0 0.9828125 0.2578125 0.034375 0.0609375
0 0.06875 0.30546875 0.0625 0.059375
0 0.58203125 0.11875 0.06171875 0.059375
0 0.10546875 0.1046875 0.059375 0.06015625
0 0.9734375 0.48828125 0.05234375 0.0640625
0 0.9359375 0.42421875 0.0625 0.0625
0 0.01796875 0.05 0.0359375 0.059375
0 0.13046875 0.04609375 0.0609375 0.0609375
0 0.50234375 0.8328125 0.05859375 0.05546875
0 0.06640625 0.4125 0.0578125 0.05625
0 0.05859375 0.83203125 0.06171875 0.06015625
0 0.77890625 0.87890625 0.06171875 0.06015625
0 0.0171875 0.3140625 0.034375 0.06171875
0 0.49453125 0.365625 0.06171875 0.06171875
0 0.0171875 0.61875 0.03359375 0.05859375
0 0.721875 0.7546875 0.06328125 0.0609375
0 0.8484375 0.87890625 0.0625 0.059375
0 0.74921875 0.9359375 0.0609375 0.059375
0 0.76171875 0.70390625 0.06171875 0.06171875
0 0.23984375 0.54765625 0.0625 0.0578125
0 0.96953125 0.61640625 0.059375 0.0609375
0 0.8125 0.9328125 0.0609375 0.06015625
0 0.49375 0.1203125 0.06171875 0.06015625
0 0.69921875 0.03046875 0.06015625 0.05625
0 0.1 0.24375 0.06015625 0.059375
0 0.10859375 0.353125 0.06171875 0.06015625
0 0.0765625 0.628125 0.06328125 0.0625
0 0.15859375 0.76953125 0.0625 0.0609375
0 0.42421875 0.6671875 0.0609375 0.06015625
0 0.01484375 0.725 0.02890625 0.0578125
0 0.296875 0.65703125 0.0609375 0.06015625
0 0.4078125 0.19375 0.0609375 0.0609375
0 0.59140625 0.0625 0.0609375 0.05859375
0 0.4703125 0.884375 0.0609375 0.06015625
0 0.93671875 0.67265625 0.0609375 0.059375
0 0.25 0.93359375 0.06015625 0.06015625
0 0.76796875 0.4359375 0.059375 0.05625
0 0.43984375 0.015625 0.06328125 0.03046875
0 0.51953125 0.60859375 0.0609375 0.0609375
0 0.25625 0.04921875 0.06171875 0.059375
0 0.34609375 0.20703125 0.0609375 0.0609375
0 0.0578125 0.15625 0.059375 0.0578125
0 0.98671875 0.42109375 0.02578125 0.0625
0 0.12421875 0.940625 0.0625 0.06015625
0 0.35078125 0.08203125 0.0609375 0.0578125
0 0.15703125 0.88203125 0.06171875 0.05859375
0 0.09296875 0.88671875 0.06015625 0.05859375
0 0.8765625 0.9328125 0.0625 0.05859375
0 0.16640625 0.10703125 0.0609375 0.0625
0 0.04296875 0.57421875 0.0609375 0.059375
0 0.88203125 0.55703125 0.06015625 0.0609375
0 0.92421875 0.0234375 0.0578125 0.046875
0 0.68203125 0.53125 0.059375 0.05859375
0 0.28359375 0.7796875 0.0609375 0.06015625
0 0.61796875 0.35703125 0.06015625 0.06015625
0 0.82890625 0.115625 0.06015625 0.05859375
0 0.98125 0.71796875 0.0375 0.0578125
0 0.72421875 0.48515625 0.05859375 0.0578125
0 0.35234375 0.31875 0.0609375 0.06328125
0 0.89296875 0.30625 0.0609375 0.059375
0 0.29453125 0.10546875 0.06171875 0.06171875
0 0.63359375 0.02265625 0.06328125 0.04453125
0 0.190625 0.94296875 0.0625 0.059375
0 0.75625 0.046875 0.059375 0.0578125
0 0.31953125 0.26171875 0.0609375 0.06171875
0 0.2234375 0.21953125 0.0609375 0.05859375
0 0.2296875 0.11171875 0.0625 0.06328125
0 0.74609375 0.37890625 0.06015625 0.06015625
0 0.28125 0.884375 0.0609375 0.05859375
0 0.41015625 0.49609375 0.059375 0.05625
0 0.9859375 0.54765625 0.028125 0.06484375
0 0.4734375 0.49140625 0.06171875 0.0609375
0 0.53125 0.87578125 0.0578125 0.05703125
0 0.903125 0.7453125 0.06328125 0.0640625
0 0.4296875 0.12265625 0.059375 0.0625
0 0.7828125 0.490625 0.059375 0.06171875
0 0.84296875 0.6078125 0.06171875 0.059375
0 0.7171875 0.8765625 0.06328125 0.06328125
0 0.121875 0.83515625 0.0609375 0.05703125
0 0.56640625 0.01796875 0.06484375 0.0359375
0 0.20390625 0.596875 0.0609375 0.05703125
0 0.59765625 0.47109375 0.06171875 0.06171875
0 0.55625 0.5171875 0.06015625 0.05703125
0 0.315625 0.034375 0.06015625 0.0625
0 0.87109375 0.2421875 0.06171875 0.06171875
0 0.5828125 0.22578125 0.06171875 0.06015625
0 0.17421875 0.54296875 0.0625 0.0609375
0 0.10546875 0.54921875 0.06171875 0.06015625
0 0.1875 0.43125 0.0609375 0.0609375
0 0.125 0.4375 0.0609375 0.0578125
0 0.53984375 0.284375 0.06171875 0.06484375
0 0.88046875 0.06796875 0.059375 0.05703125
0 0.47421875 0.29765625 0.0609375 0.06171875
0 0.040625 0.36015625 0.059375 0.0578125
0 0.94296875 0.56171875 0.06015625 0.06015625
0 0.62578125 0.93046875 0.0609375 0.06015625
0 0.9171875 0.359375 0.0609375 0.05703125
0 0.78515625 0.76484375 0.06328125 0.06328125
0 0.040625 0.10078125 0.059375 0.0578125
0 0.4328125 0.3703125 0.05625 0.05703125
0 0.984375 0.9328125 0.03125 0.06484375
0 0.4171875 0.31640625 0.059375 0.059375
0 0.2203125 0.775 0.06015625 0.059375
0 0.2828125 0.215625 0.06015625 0.0578125
0 0.03125 0.46171875 0.06015625 0.0578125
0 0.76484375 0.1125 0.05859375 0.0578125
0 0.27109375 0.32890625 0.0609375 0.06015625
0 0.37109375 0.37734375 0.0578125 0.0578125
0 0.63984375 0.09921875 0.0609375 0.0625
0 0.6609375 0.30546875 0.06171875 0.059375
0 0.46796875 0.1796875 0.06015625 0.06171875
0 0.40703125 0.78515625 0.0609375 0.0609375
0 0.3859375 0.25859375 0.0640625 0.06015625
0 0.0578125 0.93828125 0.0625 0.059375
0 0.6421875 0.58203125 0.0609375 0.0578125
0 0.76796875 0.59453125 0.0609375 0.059375
0 0.3765625 0.01796875 0.06171875 0.03515625
0 0.79765625 0.0125 0.06171875 0.025
0 0.18828125 0.2734375 0.059375 0.059375
0 0.909375 0.1890625 0.0578125 0.05546875
0 0.18671875 0.1671875 0.05859375 0.05625
0 0.52109375 0.2203125 0.0625 0.06328125
0 0.75078125 0.81953125 0.0625 0.06171875
0 0.93984375 0.83125 0.06171875 0.05703125
0 0.5046875 0.01328125 0.065625 0.02578125
0 0.11953125 0.16875 0.059375 0.05703125
0 0.21875 0.0125 0.0625 0.025
0 0.953125 0.13984375 0.05859375 0.0578125
0 0.26328125 0.5953125 0.06171875 0.0546875
0 0.0359375 0.22578125 0.059375 0.0640625
0 0.4703125 0.7828125 0.06171875 0.05859375
0 0.44609375 0.721875 0.0609375 0.0578125
0 0.871875 0.66640625 0.0625 0.0625
0 0.86328125 0.01875 0.0625 0.0375
0 0.3359375 0.4421875 0.0625 0.0578125
0 0.8078125 0.228125 0.0609375 0.06015625
0 0.1359375 0.60625 0.06171875 0.0625
0 0.8125 0.54921875 0.06171875 0.06171875
0 0.40625 0.8796875 0.06015625 0.05703125
0 0.85234375 0.18203125 0.06171875 0.06171875
0 0.7046875 0.0984375 0.059375 0.05703125
0 0.0125 0.82890625 0.025 0.0609375
0 0.16171875 0.2234375 0.06171875 0.06328125
0 0.028125 0.884375 0.05625 0.059375
0 0.37734375 0.93515625 0.0609375 0.06015625
0 0.98515625 0.81640625 0.0296875 0.0609375
0 0.940625 0.0828125 0.0609375 0.0578125
0 0.3125 0.15625 0.0578125 0.05546875
0 0.60234375 0.63828125 0.0625 0.06328125
0 0.184375 0.82421875 0.0625 0.059375
0 0.6796875 0.3765625 0.0609375 0.0609375
0 0.9375 0.9375 0.059375 0.05625
0 0.45859375 0.60625 0.06015625 0.05859375
0 0.6203125 0.52109375 0.06015625 0.05859375
0 0.68984375 0.9375 0.0625 0.0625
0 0.84453125 0.50390625 0.0625 0.06171875
0 0.4125 0.0625 0.06015625 0.0625
0 0.01328125 0.140625 0.0265625 0.06328125
0 0.91796875 0.50625 0.05625 0.05625
0 0.965625 0.771875 0.06171875 0.0546875
0 0.4921875 0.546875 0.0578125 0.05546875
0 0.36875 0.54609375 0.05859375 0.05625
0 0.890625 0.1296875 0.0578125 0.059375
0 0.2484375 0.1640625 0.06015625 0.05625
0 0.55703125 0.34921875 0.0609375 0.0609375
0 0.09375 0.78125 0.0609375 0.0578125
0 0.6796875 0.203125 0.0609375 0.05859375
0 0.68984375 0.7015625 0.06328125 0.0625
0 0.2296875 0.38671875 0.05859375 0.059375
0 0.23203125 0.653125 0.06015625 0.06015625
0 0.87265625 0.3984375 0.06015625 0.06015625
0 0.32265625 0.7171875 0.059375 0.05703125
0 0.25546875 0.721875 0.06171875 0.06171875
0 0.934375 0.25078125 0.06015625 0.0609375
0 0.7234375 0.3203125 0.0609375 0.059375
0 0.15703125 0.48515625 0.05859375 0.05703125
0 0.1671875 0.37265625 0.05859375 0.05703125
0 0.81328125 0.8265625 0.0609375 0.059375
0 0.221875 0.48671875 0.06171875 0.0625
0 0.74765625 0.53984375 0.06015625 0.05546875
0 0.378125 0.8296875 0.06015625 0.05625
0 0.0328125 0.01015625 0.0609375 0.01953125
0 0.190625 0.71328125 0.06171875 0.06484375
0 0.97109375 0.878125 0.0578125 0.05625
0 0.59453125 0.78046875 0.06015625 0.0578125
0 0.31171875 0.375 0.06171875 0.06171875
0 0.03046875 0.7734375 0.05390625 0.05390625
0 0.11484375 0.6875 0.0640625 0.0609375
0 0.47734375 0.4265625 0.0609375 0.06015625
0 0.84765625 0.340625 0.0625 0.059375
0 0.80546875 0.38671875 0.06015625 0.059375
0 0.51015625 0.72265625 0.06015625 0.0609375
0 0.90703125 0.88046875 0.06015625 0.059375
0 0.90390625 0.6078125 0.059375 0.05546875
0 0.72734375 0.640625 0.0578125 0.05703125
0 0.35859375 0.66484375 0.06171875 0.0625
0 0.3953125 0.6015625 0.0609375 0.05859375
0 0.56953125 0.4078125 0.06171875 0.05859375
0 0.53125 0.45390625 0.05859375 0.06015625
0 0.4390625 0.93515625 0.06171875 0.0609375
0 0.6671875 0.6390625 0.06015625 0.05625
0 0.4296875 0.55078125 0.05859375 0.0546875
0 0.828125 0.446875 0.06015625 0.0609375
0 0.0125 0.9375 0.025 0.06015625
0 0.70390625 0.26015625 0.0609375 0.05859375
0 0.784375 0.33125 0.059375 0.05390625
0 0.79921875 0.65 0.0625 0.05625
0 0.3453125 0.771875 0.0609375 0.05703125
0 0.57421875 0.5671875 0.06015625 0.0578125
0 0.27890625 0.0109375 0.065625 0.02109375
0 0.2765625 0.42890625 0.0625 0.0609375
0 0.846875 0.77265625 0.06171875 0.0609375
0 0.5375 0.16015625 0.06015625 0.05703125
0 0.28515625 0.49921875 0.06015625 0.05703125
0 0.971875 0.19453125 0.05625 0.0578125
0 0.821875 0.70625 0.059375 0.059375
0 0.73828125 0.0078125 0.0609375 0.015625
0 0.3046875 0.55078125 0.059375 0.05546875
0 0.98828125 0.09296875 0.0234375 0.0640625
0 0.15625 0.00859375 0.06328125 0.01640625
0 0.68671875 0.79921875 0.06171875 0.0609375
0 0.0921875 0.4890625 0.0609375 0.05859375
0 0.65390625 0.8796875 0.05546875 0.05078125
0 0.2515625 0.265625 0.0609375 0.05859375
0 0.70703125 0.58359375 0.059375 0.05703125
0 0.09375 0.0078125 0.06328125 0.015625
0 0.3140625 0.940625 0.0609375 0.05859375
0 0.8765625 0.83125 0.06171875 0.06015625
0 0.5359375 0.78359375 0.05859375 0.06015625
0 0.4828125 0.6609375 0.0578125 0.05625
0 0.8203125 0.053125 0.06015625 0.05625
0 0.20859375 0.32421875 0.06015625 0.05625
0 0.7421875 0.21171875 0.06171875 0.0609375
0 0.5640625 0.83359375 0.059375 0.05546875
0 0.440625 0.83515625 0.0609375 0.05546875
0 0.6609375 0.4765625 0.0625 0.05625
0 0.56484375 0.93359375 0.06015625 0.059375
0 0.628125 0.690625 0.06171875 0.05859375
0 0.7671875 0.27890625 0.0625 0.0625
0 0.71875 0.15234375 0.06328125 0.05859375
0 0.6375 0.425 0.06171875 0.06171875
0 0.33359375 0.60078125 0.06015625 0.0578125
0 0.38515625 0.72578125 0.0625 0.05859375
0 0.17109375 0.6453125 0.0609375 0.05859375
0 0.3453125 0.49375 0.06015625 0.05703125
0 0.3125 0.82265625 0.0625 0.05859375
0 0.4078125 0.4359375 0.06171875 0.06015625
0 0.24609375 0.82109375 0.05859375 0.05546875
0 0.990625 0.14921875 0.01875 0.0578125
0 0.55 0.66875 0.065625 0.06328125
0 0.21875 0.86796875 0.0609375 0.05859375
0 0.50234375 0.94609375 0.06328125 0.0625
0 0.884375 0.45234375 0.04921875 0.053125
0 0.78359375 0.16015625 0.05859375 0.05