0 0.0125 0.696875 0.025 0.0421875
0 0.353125 0.009375 0.040625 0.01875
0 0.3390625 0.034375 0.04140625 0.0421875
0 0.3171875 0.0734375 0.04296875 0.03984375
0 0.296875 0.11640625 0.0484375 0.0453125
0 0.271875 0.1609375 0.0421875 0.0421875
0 0.2515625 0.20078125 0.04609375 0.04453125
0 0.23203125 0.24140625 0.0421875 0.04375
0 0.2140625 0.28125 0.040625 0.04375
0 0.18984375 0.32265625 0.0421875 0.04453125
0 0.16796875 0.36484375 0.040625 0.0421875
0 0.15 0.4046875 0.04375 0.0421875
0 0.12890625 0.44765625 0.04296875 0.04296875
0 0.109375 0.4890625 0.04453125 0.04296875
0 0.08984375 0.53125 0.0421875 0.0421875
0 0.06875 0.571875 0.04609375 0.04453125
0 0.05078125 0.61640625 0.0484375 0.04453125
0 0.02578125 0.6546875 0.03828125 0.04296875
0 0.01171875 0.615625 0.0234375 0.04375
2 0.19921875 0.125 0.0515625 0.046875
0 0.02890625 0.01796875 0.040625 0.0359375
0 0.01484375 0.05390625 0.0296875 0.04375
0 0.07578125 0.01640625 0.04375 0.0328125
0 0.05390625 0.0515625 0.04296875 0.0453125
0 0.034375 0.09296875 0.04453125 0.04453125
0 0.121875 0.015625 0.0421875 0.03125
0 0.16875 0.0140625 0.04375 0.028125
0 0.21484375 0.01328125 0.04375 0.0265625
0 0.26015625 0.01171875 0.04375 0.0234375
0 0.30546875 0.01015625 0.0453125 0.0203125
0 0.1 0.05 0.04453125 0.04296875
0 0.146875 0.04765625 0.04453125 0.04453125
0 0.1953125 0.0453125 0.04296875 0.0421875
0 0.23984375 0.0421875 0.04296875 0.0421875
0 0.290625 0.03671875 0.04296875 0.04375
0 0.08046875 0.090625 0.0421875 0.04375
0 0.125 0.0875 0.0421875 0.04296875
0 0.17421875 0.08359375 0.040625 0.040625
0 0.21953125 0.0828125 0.0421875 0.04140625
0 0.271875 0.07734375 0.04609375 0.0453125
0 0.15390625 0.12578125 0.0421875 0.040625
0 0.17734375 0.1671875 0.0421875 0.0421875
0 0.2078125 0.20234375 0.0390625 0.0453125
0 0.15546875 0.20625 0.0421875 0.0421875
0 0.10625 0.12890625 0.040625 0.04375
0 0.0609375 0.13046875 0.0421875 0.0421875
0 0.0171875 0.13359375 0.034375 0.04375
0 0.03828125 0.17265625 0.040625 0.0421875
0 0.08515625 0.16796875 0.04140625 0.04296875
0 0.13203125 0.16640625 0.040625 0.040625
0 0.2453125 0.11953125 0.0421875 0.0421875
0 0.22734375 0.16015625 0.04296875 0.0390625
0 0.184375 0.2421875 0.0421875 0.04296875
0 0.11015625 0.2078125 0.04375 0.0421875
0 0.1390625 0.24765625 0.0421875 0.04296875
0 0.1640625 0.28671875 0.0375 0.04296875
0 0.0203125 0.21328125 0.040625 0.04375
0 0.06484375 0.21015625 0.0421875 0.04296875
0 0.090625 0.246875 0.04375 0.04296875
0 0.11953125 0.2875 0.0421875 0.0421875
0 0.07265625 0.2890625 0.0421875 0.0421875
0 0.04375 0.25 0.03984375 0.04375
0 0.0109375 0.2515625 0.021875 0.040625
0 0.02578125 0.2921875 0.04296875 0.04296875
0 0.0515625 0.3296875 0.0453125 0.04453125
0 0.0125 0.3328125 0.025 0.04375
0 0.02890625 0.37109375 0.0421875 0.0421875
0 0.096875 0.3296875 0.0421875 0.04375
0 0.1453125 0.32734375 0.040625 0.040625
0 0.121875 0.36875 0.0421875 0.040625
0 0.0765625 0.37109375 0.0421875 0.0421875
0 0.09921875 0.40859375 0.04140625 0.04296875
0 0.05703125 0.4125 0.04296875 0.04765625
0 0.01484375 0.41171875 0.0296875 0.04375
0 0.0359375 0.4546875 0.040625 0.04140625
0 0.08046875 0.45 0.040625 0.03828125
0 0.0640625 0.49140625 0.04140625 0.04375
0 0.01875 0.49453125 0.0375 0.0453125
0 0.03984375 0.53359375 0.03984375 0.0421875
0 0.00859375 0.5359375 0.0171875 0.04375
0 0.021875 0.575 0.04375 0.04609375