0 0.6421875 0.03984375 0.06171875 0.06171875
0 0.8984375 0.04609375 0.06171875 0.05859375
0 0.38359375 0.03125 0.0609375 0.06015625
0 0.70390625 0.0546875 0.06015625 0.06328125
0 0.57734375 0.03203125 0.06015625 0.05859375
0 0.446875 0.0421875 0.0625 0.0609375
0 0.25546875 0.0234375 0.0640625 0.046875
0 0.73515625 0.0109375 0.065625 0.02109375
0 0.51171875 0.03203125 0.06171875 0.06015625
0 0.60625 0.0078125 0.06171875 0.015625
0 0.86328125 0.0109375 0.06328125 0.02109375
0 0.7984375 0.0109375 0.06484375 0.021875
0 0.9609375 0.04609375 0.0625 0.06015625
0 0.671875 0.0078125 0.06875 0.01484375
0 0.18984375 0.025 0.06171875 0.05
0 0.92421875 0.01328125 0.06328125 0.025
0 0.128125 0.02421875 0.0625 0.0484375
0 0.3203125 0.02734375 0.0625 0.0546875
1 0.76953125 0.05 0.05859375 0.053125
0 0.4765625 0.00625 0.06796875 0.01171875
0 0.0625 0.021875 0.06484375 0.04296875
0 0.97890625 0.0109375 0.0421875 0.021875
1 0.8375 0.0453125 0.053125 0.0453125