0 0.4984375 0.796875 0.0609375 0.06015625
0 0.9796875 0.8421875 0.040625 0.06484375
0 0.9828125 0.45390625 0.034375 0.06328125
0 0.540625 0.84375 0.06171875 0.05546875
0 0.88828125 0.17734375 0.06171875 0.0609375
0 0.7140625 0.18984375 0.06015625 0.06015625
0 0.93046875 0.5703125 0.0625 0.05859375
0 0.79453125 0.85 0.06328125 0.059375
0 0.925 0.83984375 0.0625 0.0625
0 0.8953125 0.40390625 0.0625 0.0609375
0 0.96484375 0.61875 0.0625 0.059375
0 0.98125 0.3359375 0.0375 0.059375
0 0.83203125 0.91015625 0.06171875 0.0609375
0 0.93046875 0.4578125 0.06015625 0.0578125
0 0.69765625 0.92734375 0.0640625 0.06015625
0 0.48828125 0.53203125 0.0609375 0.0609375
0 0.9203125 0.23671875 0.06171875 0.059375
0 0.83515625 0.3078125 0.06015625 0.05703125
0 0.95859375 0.8984375 0.06328125 0.0609375
0 0.48984375 0.64296875 0.06015625 0.05859375
0 0.7453125 0.96171875 0.06171875 0.059375
0 0.89609375 0.52265625 0.06328125 0.06484375
0 0.89453125 0.28828125 0.059375 0.0609375
0 0.865625 0.57734375 0.059375 0.059375
0 0.8625 0.84375 0.06015625 0.05703125
0 0.43984375 0.97265625 0.059375 0.0546875
0 0.96953125 0.7234375 0.05859375 0.05859375
0 0.62890625 0.790625 0.06171875 0.06015625
0 0.7484375 0.8046875 0.0609375 0.0578125
0 0.98046875 0.2296875 0.0390625 0.05625
0 0.834375 0.62265625 0.06171875 0.0609375
0 0.98515625 0.55703125 0.0296875 0.05625
0 0.8140625 0.79296875 0.06171875 0.05859375
0 0.6078125 0.83828125 0.06171875 0.0578125
0 0.49765625 0.73515625 0.06015625 0.059375
0 0.8359375 0.5171875 0.06015625 0.05703125
0 0.96640625 0.98515625 0.0609375 0.0296875
0 0.93046875 0.34296875 0.06171875 0.05703125
0 0.984375 0.94375 0.03125 0.059375
0 0.77109375 0.90859375 0.06015625 0.06171875
0 0.89921875 0.728125 0.0625 0.0578125
0 0.66875 0.971875 0.0625 0.05625
0 0.96328125 0.51015625 0.059375 0.0578125
0 0.7078125 0.70859375 0.06328125 0.0609375
0 0.6203125 0.93515625 0.0609375 0.0578125
0 0.59921875 0.08046875 0.059375 0.0546875
0 0.95078125 0.0484375 0.06328125 0.06015625
0 0.55234375 0.5234375 0.0609375 0.059375
0 0.43828125 0.7890625 0.05703125 0.05625
0 0.9359375 0.67421875 0.06171875 0.06015625
0 0.4390625 0.85234375 0.0578125 0.0578125
0 0.47890625 0.08828125 0.06015625 0.06015625
0 0.93515625 0.95625 0.0609375 0.05625
0 0.73203125 0.5703125 0.05703125 0.0578125
0 0.56875 0.79296875 0.06015625 0.06015625
0 0.96171875 0.2890625 0.0609375 0.05703125
0 0.5359375 0.05859375 0.0609375 0.06171875
0 0.97734375 0.1046875 0.0453125 0.0609375
0 0.428125 0.61484375 0.0578125 0.05625
0 0.771875 0.22734375 0.0578125 0.05546875
0 0.61171875 0.46640625 0.0609375 0.0578125
0 0.675 0.47890625 0.06328125 0.05859375
0 0.8 0.5640625 0.06171875 0.0578125
0 0.89453125 0.90546875 0.06015625 0.05859375
0 0.7671875 0.74296875 0.0609375 0.05625
0 0.85859375 0.4578125 0.06171875 0.06015625
0 0.83359375 0.73125 0.0625 0.06015625
0 0.86953125 0.67734375 0.06171875 0.0578125
0 0.5453125 0.38984375 0.06015625 0.06015625
0 0.53671875 0.68125 0.06171875 0.0578125
0 0.565625 0.73203125 0.06015625 0.05546875
0 0.6625 0.66328125 0.0625 0.059375
0 0.79296875 0.471875 0.059375 0.06015625
0 0.5421875 0.18984375 0.059375 0.059375
0 0.9375 0.775 0.06171875 0.06015625
0 0.603125 0.20546875 0.05859375 0.059375
0 0.77578125 0.290625 0.0609375 0.05625
0 0.5796875 0.57578125 0.0609375 0.05859375
0 0.9015625 0.625 0.059375 0.0578125
0 0.5421875 0.31953125 0.05859375 0.06171875
0 0.67265625 0.8359375 0.06640625 0.059375
0 0.825 0.19609375 0.06171875 0.059375
0 0.64375 0.721875 0.06015625 0.05703125
0 0.6015625 0.271875 0.05859375 0.05546875
0 0.98515625 0.6671875 0.0296875 0.0625
0 0.9859375 0.775 0.028125 0.065625
0 0.475 0.28515625 0.05859375 0.05859375
0 0.66640625 0.4203125 0.059375 0.05546875
0 0.58984375 0.0234375 0.06171875 0.04609375
0 0.421875 0.31328125 0.05546875 0.05390625
0 0.875 0.78046875 0.06171875 0.0578125
0 0.6609375 0.09921875 0.06015625 0.0546875
0 0.7734375 0.61171875 0.06015625 0.05859375
0 0.72109375 0.12421875 0.0546875 0.05625
0 0.41484375 0.2546875 0.059375 0.0578125
0 0.56015625 0.9640625 0.06015625 0.05859375
0 0.68671875 0.53125 0.0609375 0.05546875
0 0.87421875 0.96171875 0.0609375 0.0625
0 0.78828125 0.6890625 0.06015625 0.0578125
0 0.4265625 0.49609375 0.05859375 0.05390625
0 0.96171875 0.39765625 0.06328125 0.06328125
0 0.6875 0.60625 0.06171875 0.05546875
0 0.84609375 0.08046875 0.06171875 0.05625
0 0.69765625 0.77265625 0.0609375 0.05703125
0 0.6609375 0.34765625 0.06015625 0.05625
0 0.6515625 0.04140625 0.0609375 0.0578125
0 0.8109375 0.96328125 0.06328125 0.0609375
0 0.609375 0.98515625 0.065625 0.02890625
0 0.73203125 0.65625 0.0609375 0.0578125
0 0.6 0.1390625 0.059375 0.05625
0 0.48984375 0.88515625 0.0578125 0.05625
0 0.6484375 0.57109375 0.0625 0.0578125
0 0.5984375 0.67421875 0.0625 0.05859375
0 0.715625 0.25 0.05234375 0.053125
0 0.61953125 0.61953125 0.06328125 0.05625
0 0.66171875 0.2875 0.05625 0.05625
0 0.9546875 0.178125 0.06328125 0.0625
0 0.84375 0.37421875 0.0578125 0.05625
0 0.72890625 0.3734375 0.0609375 0.059375
0 0.7890625 0.4109375 0.06015625 0.05703125
0 0.478125 0.1578125 0.05859375 0.05859375
0 0.903125 0.11484375 0.0625 0.059375
0 0.6046875 0.4015625 0.0578125 0.05703125
0 0.47890625 0.22109375 0.0578125 0.05703125
0 0.5515625 0.4578125 0.059375 0.059375
0 0.66171875 0.22265625 0.06015625 0.0578125
0 0.509375 0.578125 0.0578125 0.05078125
0 0.6015625 0.334375 0.0578125 0.05625
0 0.65 0.88359375 0.06328125 0.059375
0 0.4171875 0.12578125 0.05859375 0.05859375
0 0.4796875 0.34140625 0.0609375 0.05625
0 0.91015625 0.9890625 0.0578125 0.021875
0 0.7328125 0.44765625 0.06015625 0.0578125
0 0.503125 0.9421875 0.06015625 0.05625
0 0.73515625 0.86171875 0.0578125 0.05703125
0 0.43984375 0.91015625 0.05703125 0.05546875
0 0.5515625 0.62265625 0.06015625 0.05703125
0 0.5375 0.253125 0.06015625 0.05703125
0 0.41640625 0.37890625 0.059375 0.05859375
0 0.84453125 0.25078125 0.059375 0.05625
0 0.83125 0.02421875 0.06328125 0.0484375
0 0.6609375 0.159375 0.06015625 0.05703125
0 0.83984375 0.1359375 0.059375 0.0546875
0 0.43671875 0.7328125 0.0578125 0.0578125
0 0.4171875 0.0578125 0.059375 0.05859375
0 0.5609375 0.8984375 0.06171875 0.059375
0 0.41875 0.19375 0.05703125 0.05546875
0 0.53828125 0.12734375 0.05859375 0.05625
0 0.43515625 0.66875 0.05625 0.05546875
0 0.62109375 0.5203125 0.0609375 0.05546875
0 0.7859375 0.99140625 0.06171875 0.0171875
0 0.71640625 0.01875 0.0640625 0.03671875
0 0.7171875 0.9953125 0.05625 0.009375
0 0.72265625 0.31484375 0.06015625 0.05703125
0 0.421875 0.4375 0.06171875 0.05859375
0 0.771875 0.1640625 0.06015625 0.06171875
0 0.975 0.0125 0.05 0.0234375
0 0.8484375 0.990625 0.06640625 0.01796875
0 0.7203125 0.06171875 0.059375 0.05390625
0 0.73984375 0.496875 0.0625 0.06171875
0 0.478125 0.02578125 0.0625 0.0515625
0 0.48671875 0.403125 0.059375 0.0578125
0 0.42890625 0.54921875 0.0578125 0.05625
0 0.4859375 0.4609375 0.059375 0.0546875
0 0.909375 0.0171875 0.06796875 0.03359375
0 0.77109375 0.03515625 0.0578125 0.06171875