0 0.9484375 0.98828125 0.0484375 0.0234375
0 0.01796875 0.98359375 0.0359375 0.0328125
0 0.06171875 0.984375 0.0515625 0.03125
0 0.034375 0.95 0.046875 0.046875
0 0.01640625 0.91015625 0.0328125 0.0484375
0 0.0625 0.91328125 0.04765625 0.04609375
0 0.0328125 0.8671875 0.05078125 0.05078125
0 0.015625 0.82734375 0.03125 0.0453125
0 0.05625 0.825 0.04609375 0.0484375
0 0.0296875 0.78515625 0.05 0.046875
0 0.01640625 0.74921875 0.0328125 0.04375
0 0.025 0.70234375 0.04375 0.04765625
0 0.01015625 0.66171875 0.0203125 0.046875
0 0.021875 0.61953125 0.04375 0.0484375
0 0.05 0.66328125 0.04765625 0.046875
0 0.00859375 0.5796875 0.0171875 0.0453125
0 0.02109375 0.53671875 0.0421875 0.0484375
0 0.04921875 0.50625 0.0484375 0.05
0 0.02265625 0.46015625 0.0453125 0.046875
0 0.0734375 0.46328125 0.04765625 0.04765625
0 0.0109375 0.42265625 0.021875 0.04375
0 0.046875 0.42109375 0.04609375 0.0453125
0 0.0953125 0.421875 0.05 0.04609375
0 0.01328125 0.340625 0.0265625 0.046875
0 0.0296875 0.38046875 0.0515625 0.046875
0 0.08125 0.38984375 0.0515625 0.04609375
0 0.1078125 0.9828125 0.04375 0.034375
0 0.1515625 0.9796875 0.0421875 0.040625
0 0.1984375 0.98046875 0.046875 0.0390625
0 0.25078125 0.98125 0.0453125 0.0375
0 0.2984375 0.98125 0.0453125 0.0375
0 0.3484375 0.97890625 0.046875 0.0421875
0 0.396875 0.98046875 0.046875 0.0390625
0 0.4453125 0.9796875 0.0484375 0.040625
0 0.496875 0.98125 0.0515625 0.0375
0 0.54765625 0.9796875 0.0484375 0.040625
0 0.59453125 0.97890625 0.0453125 0.0421875
0 0.6390625 0.975 0.04453125 0.05
0 0.6875 0.9734375 0.05078125 0.0453125
0 0.7375 0.97265625 0.04609375 0.04765625
0 0.784375 0.97265625 0.04453125 0.04609375
0 0.83203125 0.96875 0.0484375 0.04375
0 0.87890625 0.9671875 0.046875 0.04453125
0 0.92421875 0.9609375 0.04609375 0.04609375
0 0.975 0.9609375 0.0453125 0.04609375
0 0.08203125 0.9515625 0.04609375 0.0453125
0 0.12890625 0.946875 0.0453125 0.04375
0 0.1734375 0.93984375 0.04609375 0.0453125
0 0.221875 0.94296875 0.04765625 0.0453125
0 0.2734375 0.94453125 0.05 0.0484375
0 0.32265625 0.940625 0.0453125 0.0453125
0 0.37578125 0.9484375 0.05078125 0.04375
0 0.425 0.946875 0.04375 0.04453125
0 0.46796875 0.9390625 0.04375 0.04375
0 0.5125 0.93671875 0.0484375 0.04375
0 0.56171875 0.9328125 0.0484375 0.04296875
0 0.61328125 0.93828125 0.04765625 0.04765625
0 0.66796875 0.940625 0.0484375 0.04453125
0 0.7140625 0.93671875 0.04453125 0.0453125
0 0.759375 0.9328125 0.04453125 0.04453125
0 0.80390625 0.92734375 0.04609375 0.04296875
0 0.85078125 0.92421875 0.0515625 0.04296875
0 0.903125 0.92734375 0.04765625 0.04765625
0 0.9515625 0.9234375 0.04609375 0.04375
0 0.98828125 0.9203125 0.0234375 0.046875
0 0.10625 0.90859375 0.0453125 0.0484375
0 0.15703125 0.91171875 0.04453125 0.04140625
0 0.20234375 0.9046875 0.046875 0.04765625
0 0.25 0.90625 0.04921875 0.04765625
0 0.29765625 0.90390625 0.04453125 0.04921875
0 0.34453125 0.903125 0.04921875 0.0453125
0 0.39296875 0.9015625 0.046875 0.0484375
0 0.440625 0.89921875 0.04453125 0.04375
0 0.4875 0.89765625 0.0453125 0.04609375
0 0.53828125 0.89609375 0.04609375 0.04453125
0 0.58515625 0.8921875 0.0453125 0.046875
0 0.6328125 0.89140625 0.05 0.04921875
0 0.68203125 0.890625 0.046875 0.0484375
0 0.0828125 0.86875 0.04765625 0.05
0 0.12890625 0.86640625 0.04453125 0.05078125
0 0.17734375 0.8640625 0.05 0.0453125
0 0.225 0.865625 0.046875 0.04609375
0 0.27109375 0.8609375 0.04609375 0.04765625
0 0.32421875 0.865625 0.04765625 0.04375
0 0.36875 0.86015625 0.04609375 0.04765625
0 0.41953125 0.86171875 0.0453125 0.0421875
0 0.46875 0.8609375 0.04765625 0.04375
0 0.51640625 0.86015625 0.04765625 0.0453125
0 0.56328125 0.853125 0.04453125 0.04765625
0 0.609375 0.84921875 0.05078125 0.046875
0 0.659375 0.85078125 0.0484375 0.05
0 0.70390625 0.8484375 0.04609375 0.0484375
0 0.10390625 0.825 0.046875 0.04609375
0 0.1515625 0.82109375 0.04765625 0.04765625
0 0.19765625 0.82265625 0.04765625 0.0484375
0 0.2453125 0.8203125 0.04765625 0.04609375
0 0.2984375 0.828125 0.05 0.0453125
0 0.34453125 0.821875 0.04609375 0.04609375
0 0.39375 0.81875 0.0484375 0.046875
0 0.44453125 0.82265625 0.04765625 0.04765625
0 0.48828125 0.815625 0.04609375 0.04453125
0 0.54140625 0.82421875 0.0453125 0.04765625
0 0.58515625 0.81171875 0.04765625 0.04375
0 0.634375 0.81015625 0.0453125 0.0484375
0 0.68203125 0.80859375 0.0453125 0.04609375
0 0.078125 0.7828125 0.04609375 0.04296875
0 0.12421875 0.78046875 0.04609375 0.04765625
0 0.17265625 0.7796875 0.05 0.04609375
0 0.221875 0.77890625 0.0453125 0.04765625
0 0.27109375 0.78046875 0.0484375 0.04765625
0 0.31875 0.784375 0.0484375 0.04765625
0 0.36640625 0.78125 0.04765625 0.04375
0 0.415625 0.78203125 0.046875 0.04765625
0 0.46328125 0.775 0.04609375 0.04609375
0 0.5109375 0.77578125 0.0484375 0.04765625
0 0.559375 0.77265625 0.04765625 0.0484375
0 0.61328125 0.77734375 0.0515625 0.05078125
0 0.66171875 0.7734375 0.046875 0.04375
0 0.7078125 0.77109375 0.04921875 0.05
0 0.05625 0.746875 0.046875 0.04375
0 0.10390625 0.7421875 0.0453125 0.0453125
0 0.15234375 0.7390625 0.05078125 0.05
0 0.20078125 0.7421875 0.0453125 0.0421875
0 0.24765625 0.740625 0.0453125 0.04765625
0 0.29453125 0.74296875 0.04609375 0.04609375
0 0.34296875 0.7421875 0.0484375 0.04375
0 0.3921875 0.740625 0.04375 0.0453125
0 0.43671875 0.7359375 0.0453125 0.04765625
0 0.4921875 0.73828125 0.046875 0.0453125
0 0.5390625 0.7390625 0.0484375 0.04609375
0 0.5875 0.73203125 0.04765625 0.04453125
0 0.6328125 0.734375 0.046875 0.04765625
0 0.6796875 0.72890625 0.0453125 0.04609375
0 0.0765625 0.7078125 0.04765625 0.046875
0 0.125 0.70078125 0.046875 0.0484375
0 0.17265625 0.6984375 0.0453125 0.0484375
0 0.221875 0.7015625 0.04765625 0.046875
0 0.26875 0.70078125 0.0484375 0.04296875
0 0.321875 0.7046875 0.04609375 0.04765625
0 0.3703125 0.70234375 0.0484375 0.04765625
0 0.4171875 0.70078125 0.0453125 0.04140625
0 0.4609375 0.69296875 0.05 0.04609375
0 0.5109375 0.6921875 0.04765625 0.0484375
0 0.559375 0.69140625 0.04609375 0.04375
0 0.60859375 0.69296875 0.05 0.04765625
0 0.659375 0.69453125 0.0484375 0.04609375
0 0.096875 0.6625 0.04375 0.046875
0 0.14609375 0.66015625 0.05234375 0.04609375
0 0.1984375 0.659375 0.0484375 0.04765625
0 0.24765625 0.665625 0.053125 0.04765625
0 0.2984375 0.66640625 0.04765625 0.05
0 0.34609375 0.66171875 0.04453125 0.046875
0 0.3921875 0.6578125 0.04765625 0.046875
0 0.4390625 0.65390625 0.0609375 0.06328125
0 0.484375 0.653125 0.04375 0.04375
0 0.53359375 0.65234375 0.04921875 0.04609375
0 0.58671875 0.64921875 0.07734375 0.06953125
0 0.63359375 0.65078125 0.0453125 0.04609375
0 0.6796875 0.65078125 0.05 0.0515625
0 0.7328125 0.88984375 0.071875 0.0734375
0 0.77890625 0.8875 0.04765625 0.04453125
0 0.82578125 0.8859375 0.04609375 0.0453125
0 0.87421875 0.8859375 0.046875 0.04453125
0 0.92109375 0.88125 0.04609375 0.046875
0 0.96875 0.8703125 0.04765625 0.0484375
0 0.75078125 0.846875 0.0484375 0.04609375
0 0.79921875 0.84609375 0.05 0.04765625
0 0.84921875 0.84375 0.05078125 0.04765625
0 0.896875 0.8453125 0.04296875 0.0453125
0 0.94375 0.83515625 0.04609375 0.0484375
0 0.98359375 0.828125 0.0328125 0.0453125
0 0.734375 0.8078125 0.06796875 0.06328125
0 0.775 0.8046875 0.04609375 0.046875
0 0.82578125 0.809375 0.0484375 0.046875
0 0.87421875 0.80078125 0.04921875 0.04453125
0 0.92109375 0.79609375 0.046875 0.04765625
0 0.96484375 0.790625 0.04765625 0.04296875
0 0.753125 0.76328125 0.046875 0.04375
0 0.79921875 0.76484375 0.0484375 0.046875
0 0.84765625 0.7625 0.04765625 0.04609375
0 0.8953125 0.75625 0.04375 0.04609375
0 0.9421875 0.753125 0.04765625 0.0453125
0 0.98359375 0.75078125 0.0328125 0.0484375
0 0.72421875 0.728125 0.0484375 0.0453125
0 0.77421875 0.72265625 0.04765625 0.04375
0 0.821875 0.721875 0.04921875 0.0484375
0 0.87109375 0.715625 0.04765625 0.04609375
0 0.9234375 0.72421875 0.04765625 0.04765625
0 0.9640625 0.71171875 0.046875 0.0453125
0 0.7046875 0.69140625 0.04765625 0.04453125
0 0.7515625 0.68515625 0.04765625 0.0484375
0 0.79921875 0.68046875 0.0453125 0.046875
0 0.846875 0.6796875 0.04765625 0.04375
0 0.89296875 0.6703125 0.04375 0.04765625
0 0.9421875 0.6703125 0.04765625 0.04765625
0 0.984375 0.671875 0.03125 0.0453125
0 0.72578125 0.64453125 0.04765625 0.0453125
0 0.775 0.640625 0.05234375 0.046875
0 0.8203125 0.6359375 0.04609375 0.04375
0 0.87265625 0.640625 0.04375 0.0421875
0 0.91796875 0.6359375 0.0453125 0.0484375
0 0.96953125 0.63671875 0.05078125 0.04609375
0 0.9796875 0.58515625 0.040625 0.0484375
0 0.96328125 0.55078125 0.046875 0.0484375
0 0.98046875 0.5078125 0.0390625 0.0484375
0 0.96015625 0.46875 0.046875 0.0453125
0 0.98046875 0.43125 0.0390625 0.0484375
0 0.9578125 0.38984375 0.04609375 0.0484375
0 0.9765625 0.34609375 0.046875 0.0484375
0 0.0734375 0.6234375 0.0515625 0.04921875
0 0.12421875 0.625 0.0484375 0.0484375
0 0.1734375 0.62109375 0.046875 0.05
0 0.2203125 0.61953125 0.0453125 0.0484375
0 0.26953125 0.6203125 0.04765625 0.0484375
0 0.3171875 0.6203125 0.04609375 0.046875
0 0.36640625 0.61875 0.0484375 0.04609375
0 0.41171875 0.6171875 0.046875 0.04765625
0 0.45859375 0.61640625 0.0453125 0.046875
0 0.5078125 0.61328125 0.04921875 0.0453125
0 0.55859375 0.615625 0.04765625 0.04765625
0 0.6046875 0.61171875 0.0453125 0.04609375
0 0.6515625 0.609375 0.04765625 0.0453125
0 0.7015625 0.60625 0.04765625 0.05
0 0.0484375 0.58671875 0.05 0.046875
0 0.0984375 0.58125 0.04921875 0.04921875
0 0.15078125 0.58671875 0.06484375 0.0703125
0 0.19765625 0.57890625 0.0484375 0.0453125
0 0.24609375 0.58203125 0.04609375 0.04296875
0 0.29375 0.578125 0.04765625 0.04609375
0 0.34375 0.58359375 0.04140625 0.040625
0 0.3875 0.57578125 0.04375 0.04765625
0 0.434375 0.57578125 0.0484375 0.0484375
0 0.48359375 0.575 0.05 0.0453125
0 0.5328125 0.57421875 0.04453125 0.0453125
0 0.57890625 0.571875 0.04453125 0.0453125
0 0.6265625 0.56875 0.05 0.04453125
0 0.675 0.56328125 0.046875 0.0484375
0 0.0671875 0.53984375 0.046875 0.04609375
0 0.1203125 0.540625 0.0484375 0.04296875
0 0.17265625 0.5421875 0.04765625 0.04765625
0 0.22109375 0.5421875 0.0484375 0.046875
0 0.2703125 0.540625 0.04609375 0.04453125
0 0.31796875 0.54140625 0.04765625 0.04609375
0 0.365625 0.5375 0.046875 0.04375
0 0.41328125 0.534375 0.0484375 0.04609375
0 0.4609375 0.53515625 0.04765625 0.0453125
0 0.5078125 0.53515625 0.04765625 0.0484375
0 0.55546875 0.5296875 0.0453125 0.046875
0 0.60078125 0.528125 0.04765625 0.04609375
0 0.646875 0.52734375 0.04765625 0.04609375
0 0.69375 0.5203125 0.0484375 0.046875
0 0.09453125 0.50234375 0.04765625 0.04609375
0 0.15 0.50390625 0.0453125 0.046875
0 0.1984375 0.50390625 0.04765625 0.0484375
0 0.246875 0.503125 0.0484375 0.0484375
0 0.29453125 0.5015625 0.0484375 0.04765625
0 0.34296875 0.50625 0.05 0.046875
0 0.38984375 0.496875 0.04453125 0.04453125
0 0.43828125 0.49765625 0.0453125 0.04375
0 0.48203125 0.49609375 0.04296875 0.046875
0 0.52734375 0.4921875 0.04609375 0.04609375
0 0.57578125 0.48828125 0.04921875 0.04609375
0 0.625 0.48671875 0.05 0.0484375
0 0.67109375 0.4859375 0.04765625 0.0453125
0 0.12421875 0.46875 0.05078125 0.046875
0 0.175 0.46875 0.0484375 0.04375
0 0.221875 0.4609375 0.0484375 0.05078125
0 0.27265625 0.4609375 0.04921875 0.04765625
0 0.31953125 0.4640625 0.04453125 0.0484375
0 0.36640625 0.4609375 0.0453125 0.04765625
0 0.41484375 0.46171875 0.04609375 0.0453125
0 0.459375 0.45703125 0.04453125 0.04453125
0 0.50234375 0.453125 0.04609375 0.04609375
0 0.55 0.4515625 0.04609375 0.04765625
0 0.6 0.44375 0.0703125 0.06875
0 0.64609375 0.44453125 0.04375 0.0453125
0 0.6921875 0.4390625 0.04765625 0.04296875
0 0.14296875 0.4234375 0.0453125 0.04765625
0 0.19140625 0.421875 0.04609375 0.04765625
0 0.2484375 0.42265625 0.04453125 0.0453125
0 0.29453125 0.421875 0.04375 0.0453125
0 0.34296875 0.4203125 0.04609375 0.04375
0 0.3890625 0.41953125 0.04609375 0.04765625
0 0.43359375 0.41640625 0.04296875 0.04765625
0 0.4796875 0.41015625 0.046875 0.0453125
0 0.52734375 0.409375 0.04609375 0.0453125
0 0.5734375 0.40546875 0.04609375 0.04609375
0 0.27578125 0.371875 0.05234375 0.05078125
0 0.3640625 0.3796875 0.0453125 0.04765625
0 0.409375 0.37890625 0.04765625 0.04453125
0 0.45859375 0.375 0.04609375 0.04765625
0 0.50546875 0.3671875 0.04921875 0.05
0 0.59140625 0.35703125 0.046875 0.05
0 0.61953125 0.4 0.04609375 0.053125
0 0.64375 0.3625 0.04609375 0.04765625
0 0.68828125 0.353125 0.04609375 0.05
0 0.72890625 0.340625 0.04765625 0.04921875
0 0.66796875 0.403125 0.0484375 0.04609375
0 0.71484375 0.39609375 0.04609375 0.0484375
0 0.7484375 0.60234375 0.04453125 0.04609375
0 0.79453125 0.59765625 0.04609375 0.04375
0 0.84453125 0.6015625 0.04375 0.0484375
0 0.8921875 0.59375 0.046875 0.0484375
0 0.940625 0.59453125 0.05 0.0484375
0 0.72265625 0.56171875 0.0484375 0.05
0 0.7671875 0.5578125 0.04296875 0.04765625
0 0.81484375 0.55390625 0.04296875 0.04609375
0 0.86640625 0.5484375 0.05 0.04609375
0 0.915625 0.5515625 0.0484375 0.046875
0 0.7421875 0.52109375 0.04765625 0.0484375
0 0.790625 0.51484375 0.04609375 0.0484375
0 0.834375 0.509375 0.04609375 0.04765625
0 0.88828125 0.509375 0.0453125 0.0484375
0 0.9390625 0.51171875 0.04765625 0.0453125
0 0.71640625 0.478125 0.04296875 0.04609375
0 0.7609375 0.47421875 0.0453125 0.04296875
0 0.8078125 0.46953125 0.05234375 0.0453125
0 0.8640625 0.4734375 0.04609375 0.04609375
0 0.9140625 0.47421875 0.04921875 0.04609375
0 0.74140625 0.43671875 0.046875 0.04765625
0 0.78671875 0.43125 0.04765625 0.04453125
0 0.83515625 0.428125 0.04765625 0.04609375
0 0.8859375 0.43359375 0.05078125 0.04765625
0 0.93671875 0.43203125 0.04765625 0.04609375
0 0.7625 0.39296875 0.04609375 0.04765625
0 0.80859375 0.390625 0.04609375 0.04453125
0 0.85703125 0.3875 0.04765625 0.04609375
0 0.90625 0.3890625 0.0484375 0.04609375
0 0.93125 0.35 0.0484375 0.04765625
0 0.8828125 0.34609375 0.046875 0.0515625
0 0.83359375 0.34921875 0.053125 0.04609375
0 0.78671875 0.35078125 0.04609375 0.04765625