0 0.01328125 0.94453125 0.0265625 0.04375
0 0.04921875 0.946875 0.04140625 0.0453125
0 0.0921875 0.9421875 0.04375 0.04453125
0 0.1421875 0.915625 0.04609375 0.04765625
0 0.18359375 0.934375 0.0421875 0.04375
0 0.2265625 0.93046875 0.04375 0.04765625
0 0.2734375 0.92578125 0.04296875 0.046875
0 0.31796875 0.93828125 0.04453125 0.04609375
0 0.365625 0.91484375 0.04375 0.04765625
0 0.40859375 0.934375 0.0421875 0.04609375
0 0.45234375 0.93515625 0.0421875 0.04375
0 0.49609375 0.9296875 0.04296875 0.04609375
0 0.5421875 0.92578125 0.04140625 0.046875
0 0.59140625 0.9109375 0.04453125 0.04609375
0 0.63125 0.92578125 0.03984375 0.04609375
0 0.6765625 0.91953125 0.0453125 0.046875
0 0.71953125 0.9203125 0.0421875 0.04609375
0 0.76484375 0.9203125 0.04296875 0.046875
0 0.81953125 0.90234375 0.04609375 0.04765625
0 0.85703125 0.9109375 0.0421875 0.0453125
0 0.9 0.91640625 0.04375 0.0484375
0 0.94375 0.9140625 0.04375 0.046875
0 0.984375 0.9078125 0.03125 0.04375
0 0.02734375 0.9828125 0.0421875 0.034375
0 0.0703125 0.9828125 0.0421875 0.034375
0 0.11484375 0.98203125 0.0421875 0.0359375
0 0.1578125 0.978125 0.0421875 0.0421875
0 0.203125 0.97421875 0.0421875 0.04375
0 0.2515625 0.96484375 0.04296875 0.04140625
0 0.296875 0.98046875 0.040625 0.0390625
0 0.33984375 0.9796875 0.0421875 0.040625
0 0.38828125 0.97265625 0.03984375 0.040625
0 0.43359375 0.96875 0.040625 0.040625
0 0.4765625 0.97265625 0.040625 0.040625
0 0.51875 0.971875 0.04140625 0.0421875
0 0.56484375 0.971875 0.0421875 0.04140625
0 0.61171875 0.9671875 0.04375 0.040625
0 0.6546875 0.96484375 0.0421875 0.04375
0 0.7015625 0.9578125 0.04375 0.04140625
0 0.74375 0.96171875 0.0421875 0.0421875
0 0.78828125 0.95859375 0.04296875 0.0421875
0 0.83828125 0.9546875 0.0421875 0.04140625
0 0.8828125 0.95234375 0.04296875 0.0421875
0 0.9265625 0.94765625 0.04375 0.0421875
0 0.9703125 0.94765625 0.04375 0.04140625
0 0.23046875 0.990625 0.0390625 0.01875
0 0.6796875 0.9890625 0.0421875 0.021875
0 0.725 0.98984375 0.04375 0.0203125
0 0.76953125 0.98828125 0.04375 0.0234375
0 0.81484375 0.98828125 0.0421875 0.0234375
0 0.859375 0.9875 0.0421875 0.025
0 0.90390625 0.98671875 0.040625 0.0265625
0 0.946875 0.9859375 0.04375 0.028125
0 0.98515625 0.9859375 0.0296875 0.028125