0 0.05390625 0.60703125 0.046875 0.04453125
0 0.06484375 0.13203125 0.04140625 0.0421875
0 0.0796875 0.01796875 0.04140625 0.03515625
0 0.20078125 0.12421875 0.04296875 0.04453125
0 0.175 0.08515625 0.04375 0.04296875
0 0.103125 0.05234375 0.04140625 0.0421875
0 0.028125 0.28671875 0.04296875 0.04296875
0 0.15625 0.1296875 0.04375 0.04296875
0 0.0328125 0.015625 0.04375 0.03125
0 0.14921875 0.0515625 0.04375 0.04375
0 0.04453125 0.44609375 0.04375 0.04296875
0 0.22578125 0.16484375 0.04296875 0.0421875
0 0.271875 0.0796875 0.04453125 0.04375
0 0.25078125 0.1203125 0.04375 0.04453125
0 0.31796875 0.08046875 0.04296875 0.04375
0 0.08671875 0.09375 0.0421875 0.04375
0 0.01875 0.4875 0.0375 0.04375
0 0.2484375 0.04140625 0.04375 0.04375
0 0.04609375 0.5265625 0.04375 0.0421875
0 0.01953125 0.13359375 0.0390625 0.0421875
0 0.0890625 0.4484375 0.0421875 0.04296875
0 0.1 0.3265625 0.04375 0.04296875
0 0.234375 0.2421875 0.04375 0.04375
0 0.07421875 0.56484375 0.04296875 0.04375
0 0.046875 0.25078125 0.04296875 0.04296875
0 0.03359375 0.36875 0.04375 0.04296875
0 0.16875 0.01484375 0.0453125 0.02890625
0 0.25703125 0.2 0.0453125 0.04375
0 0.12890625 0.36484375 0.0421875 0.04375
0 0.16484375 0.2859375 0.04296875 0.04375
0 0.115625 0.20546875 0.04296875 0.0421875
0 0.01484375 0.69296875 0.0296875 0.04375
0 0.20703125 0.20546875 0.0421875 0.04375
0 0.11015625 0.13203125 0.04296875 0.04296875
0 0.13515625 0.44765625 0.0421875 0.04296875
0 0.0171875 0.05390625 0.034375 0.0421875
0 0.09453125 0.25 0.04296875 0.04296875
0 0.03984375 0.0953125 0.04296875 0.04296875
0 0.08828125 0.17265625 0.04140625 0.0421875
0 0.0546875 0.33046875 0.0421875 0.04375
0 0.0921875 0.52578125 0.0421875 0.0421875
0 0.07109375 0.28671875 0.04140625 0.04296875
0 0.18046875 0.165625 0.0421875 0.0421875
0 0.29375 0.12265625 0.04296875 0.0421875
0 0.06796875 0.2078125 0.04296875 0.0421875
0 0.11953125 0.284375 0.0421875 0.04296875
0 0.13125 0.09140625 0.0421875 0.04296875
0 0.1421875 0.24609375 0.0421875 0.04296875
0 0.2140625 0.28515625 0.04296875 0.0421875
0 0.171875 0.36484375 0.04296875 0.04296875
0 0.01796875 0.41015625 0.0359375 0.04296875
0 0.05703125 0.0546875 0.04296875 0.04375
0 0.14609375 0.32578125 0.04296875 0.04296875
0 0.0140625 0.3296875 0.028125 0.04375
0 0.121875 0.01484375 0.04375 0.0296875
0 0.08203125 0.3640625 0.0453125 0.04296875
0 0.13515625 0.16875 0.04140625 0.04140625
0 0.06484375 0.48671875 0.04375 0.04296875
0 0.18359375 0.2484375 0.04296875 0.04375
0 0.02109375 0.21015625 0.0421875 0.04375
0 0.27734375 0.16171875 0.0453125 0.04296875
0 0.19140625 0.0484375 0.04296875 0.04296875
0 0.1078125 0.409375 0.0421875 0.04296875
0 0.29375 0.0390625 0.04375 0.04453125
0 0.0109375 0.61171875 0.021875 0.04296875
0 0.04296875 0.171875 0.0421875 0.0421875
0 0.33828125 0.03984375 0.0421875 0.0421875
0 0.2234375 0.08515625 0.04375 0.04296875
0 0.03125 0.65 0.04453125 0.04453125
0 0.26875 0.01171875 0.04296875 0.0234375
0 0.1515625 0.40859375 0.04296875 0.0421875
0 0.19453125 0.3234375 0.04375 0.04296875
0 0.1640625 0.20390625 0.04140625 0.04375
0 0.22109375 0.0125 0.0453125 0.025
0 0.0234375 0.56640625 0.0453125 0.04375
0 0.0609375 0.40546875 0.04453125 0.04375
0 0.35703125 0.0109375 0.0453125 0.02109375
0 0.0078125 0.175 0.015625 0.0421875
0 0.0109375 0.25234375 0.021875 0.0421875
0 0.00859375 0.5296875 0.0171875 0.04375
0 0.3125 0.0109375 0.040625 0.021875
0 0.0078125 0.09296875 0.01484375 0.04375
0 0.0046875 0.73515625 0.009375 0.04375
0 0.0046875 0.36953125 0.00859375 0.04296875
0 0.00703125 0.45234375 0.01328125 0.0421875
0 0.00390625 0.01796875 0.0078125 0.03515625