0 0.1578125 0.0265625 0.06171875 0.053125
0 0.6859375 0.8859375 0.06171875 0.06171875
0 0.01953125 0.75859375 0.03828125 0.0640625
0 0.50078125 0.234375 0.06015625 0.0625
0 0.046875 0.8140625 0.06328125 0.0625
0 0.321875 0.88671875 0.0625 0.0625
0 0.6703125 0.2125 0.06171875 0.0640625
0 0.54453125 0.6890625 0.0625 0.06328125
0 0.5703125 0.76171875 0.06171875 0.06015625
0 0.6046875 0.2015625 0.0609375 0.0609375
0 0.2203125 0.921875 0.06171875 0.0640625
0 0.21015625 0.41328125 0.0609375 0.0625
0 0.2515625 0.0828125 0.06015625 0.05859375
0 0.7328125 0.21484375 0.0625 0.06328125
0 0.8234375 0.65625 0.06171875 0.06328125
0 0.0625 0.3359375 0.0609375 0.06171875
0 0.03671875 0.1796875 0.0609375 0.05859375
0 0.06953125 0.1234375 0.0609375 0.06015625
0 0.0703125 0.74609375 0.0625 0.0640625
0 0.34921875 0.159375 0.0640625 0.0640625
0 0.27265625 0.59609375 0.06171875 0.0609375
0 0.78671875 0.8328125 0.0609375 0.05703125
0 0.0171875 0.490625 0.034375 0.06328125
0 0.27109375 0.4234375 0.06171875 0.059375
0 0.803125 0.396875 0.0609375 0.06015625
0 0.2328125 0.46953125 0.0609375 0.059375
0 0.97265625 0.721875 0.0546875 0.0625
0 0.0359375 0.28125 0.05859375 0.05859375
0 0.7953125 0.22421875 0.0609375 0.06171875
0 0.6109375 0.36875 0.06171875 0.06171875
0 0.02734375 0.37890625 0.0546875 0.0609375
0 0.721875 0.834375 0.0625 0.0625
0 0.675 0.546875 0.0625 0.0625
0 0.52109375 0.128125 0.0609375 0.0609375
0 0.44296875 0.04375 0.0609375 0.06015625
0 0.2609375 0.86875 0.06015625 0.06328125
0 0.45546875 0.4484375 0.06171875 0.05859375
0 0.28984375 0.65625 0.0609375 0.06171875
0 0.06484375 0.4984375 0.06015625 0.0609375
0 0.88359375 0.1375 0.06171875 0.059375
0 0.7640625 0.28125 0.06015625 0.059375
0 0.63203125 0.7703125 0.06015625 0.06171875
0 0.90703125 0.94453125 0.06171875 0.0625
0 0.54921875 0.35703125 0.0609375 0.05859375
0 0.5953125 0.8265625 0.0609375 0.06328125
0 0.084375 0.39375 0.06171875 0.0609375
0 0.6234375 0.8875 0.06171875 0.06015625
0 0.98046875 0.61640625 0.0390625 0.0640625
0 0.52734375 0.29453125 0.06171875 0.0625
0 0.96796875 0.090625 0.06171875 0.06171875
0 0.88046875 0.77109375 0.0609375 0.06171875
0 0.971875 0.946875 0.05625 0.06015625
0 0.22109375 0.028125 0.0640625 0.05625
0 0.20625 0.24140625 0.06171875 0.0640625
0 0.21328125 0.753125 0.0609375 0.05546875
0 0.0703125 0.0265625 0.0625 0.053125
0 0.8546875 0.23671875 0.0578125 0.06015625
0 0.0375 0.94296875 0.059375 0.06171875
0 0.94609375 0.49375 0.0609375 0.059375
0 0.77890625 0.334375 0.06171875 0.0609375
0 0.0375 0.6890625 0.0640625 0.06328125
0 0.87734375 0.41953125 0.0609375 0.059375
0 0.92421875 0.6078125 0.06328125 0.06328125
0 0.284375 0.13359375 0.0625 0.0609375
0 0.0375 0.071875 0.06015625 0.06015625
0 0.1484375 0.4046875 0.0609375 0.06171875
0 0.24453125 0.19296875 0.0625 0.0609375
0 0.18125 0.08671875 0.0609375 0.06015625
0 0.8578125 0.6046875 0.06171875 0.06328125
0 0.25390625 0.5328125 0.0625 0.0625
0 0.01640625 0.0203125 0.0328125 0.040625
0 0.6046875 0.70078125 0.06171875 0.0625
0 0.5640625 0.08671875 0.06171875 0.059375
0 0.703125 0.609375 0.0609375 0.06015625
0 0.33359375 0.421875 0.059375 0.0609375
0 0.825 0.2859375 0.06171875 0.06171875
0 0.77890625 0.02265625 0.0625 0.0453125
0 0.97734375 0.2625 0.0453125 0.05625
0 0.91953125 0.25234375 0.0609375 0.05859375
0 0.4375 0.728125 0.06171875 0.0625
0 0.953125 0.67109375 0.0625 0.06015625
0 0.196875 0.85078125 0.06171875 0.0625
0 0.74296875 0.98203125 0.0609375 0.0359375
0 0.78828125 0.71015625 0.06015625 0.06328125
0 0.6203125 0.984375 0.06015625 0.03125
0 0.34453125 0.94921875 0.0625 0.06171875
0 0.3421875 0.7796875 0.0625 0.05859375
0 0.58671875 0.1421875 0.0625 0.05859375
0 0.80390625 0.578125 0.06015625 0.06171875
0 0.56328125 0.24453125 0.06171875 0.06015625
0 0.7390625 0.55625 0.0609375 0.06328125
0 0.525 0.621875 0.0609375 0.06171875
0 0.415625 0.66875 0.06171875 0.06328125
0 0.50234375 0.56171875 0.06171875 0.06171875
0 0.54765625 0.5171875 0.06171875 0.0625
0 0.85234375 0.834375 0.06328125 0.0625
0 0.01640625 0.2265625 0.0328125 0.059375
0 0.375 0.0390625 0.0625 0.06171875
0 0.9046875 0.1859375 0.06328125 0.05546875
0 0.69453125 0.7765625 0.06171875 0.0625
0 0.9390625 0.890625 0.0609375 0.05859375
0 0.7171875 0.9421875 0.06171875 0.06015625
0 0.58984375 0.6390625 0.06171875 0.0625
0 0.015625 0.12890625 0.03125 0.0609375
0 0.9109375 0.71953125 0.0625 0.0609375
0 0.62890625 0.25546875 0.059375 0.059375
0 0.14765625 0.75078125 0.06328125 0.0609375
0 0.18828125 0.69765625 0.06171875 0.0625
0 0.9734375 0.8390625 0.053125 0.059375
0 0.6984375 0.4328125 0.06171875 0.059375
0 0.29453125 0.04765625 0.06328125 0.059375
0 0.109375 0.1734375 0.0640625 0.0625
0 0.6515625 0.65390625 0.06015625 0.06015625
0 0.81640625 0.77890625 0.06171875 0.06171875
0 0.35625 0.31171875 0.06015625 0.06015625
0 0.50859375 0.74453125 0.06171875 0.0640625
0 0.68125 0.096875 0.06171875 0.06171875
0 0.553125 0.878125 0.0625 0.06171875
0 0.72109375 0.49375 0.06328125 0.06328125
0 0.08671875 0.55390625 0.0609375 0.0609375
0 0.14140625 0.23359375 0.0625 0.0640625
0 0.7171875 0.32578125 0.06171875 0.06015625
0 0.27578125 0.76484375 0.059375 0.059375
0 0.2953125 0.47265625 0.059375 0.05859375
0 0.49296875 0.853125 0.0609375 0.0625
0 0.590625 0.9421875 0.0609375 0.0609375
0 0.53046875 0.9359375 0.0625 0.0625
0 0.30703125 0.20546875 0.0609375 0.06015625
0 0.3546875 0.48984375 0.0609375 0.0625
0 0.33359375 0.59765625 0.06015625 0.06171875
0 0.72890625 0.72421875 0.0609375 0.0578125
0 0.7390625 0.384375 0.0609375 0.05859375
0 0.65234375 0.14921875 0.0609375 0.0578125
0 0.165625 0.63515625 0.06171875 0.0625
0 0.653125 0.3140625 0.0625 0.0609375
0 0.75546875 0.890625 0.0609375 0.06171875
0 0.3296875 0.259375 0.06171875 0.05859375
0 0.475 0.790625 0.06171875 0.0625
0 0.90234375 0.54375 0.06171875 0.0625
0 0.1640625 0.3015625 0.06015625 0.0578125
0 0.15625 0.90703125 0.0609375 0.0625
0 0.4078125 0.9484375 0.0609375 0.06328125
0 0.778125 0.16328125 0.059375 0.06015625
0 0.84453125 0.94375 0.0625 0.0609375
0 0.6671875 0.021875 0.0609375 0.04296875
0 0.8953125 0.2953125 0.0609375 0.059375
0 0.125 0.34609375 0.06015625 0.059375
0 0.60625 0.528125 0.0609375 0.06171875
0 0.04453125 0.43984375 0.059375 0.06015625
0 0.54375 0.190625 0.0609375 0.059375
0 0.31171875 0.36953125 0.06015625 0.059375
0 0.3 0.82109375 0.0609375 0.059375
0 0.12734375 0.50859375 0.0609375 0.059375
0 0.9671875 0.553125 0.0625 0.059375
0 0.825 0.45390625 0.06015625 0.06171875
0 0.2671875 0.25625 0.06171875 0.0625
0 0.6578125 0.83046875 0.0609375 0.06328125
0 0.84296875 0.18203125 0.0609375 0.059375
0 0.81796875 0.88984375 0.0625 0.0625
0 0.7640625 0.44453125 0.06171875 0.0609375
0 0.84296875 0.525 0.059375 0.0625
0 0.88515625 0.665625 0.0625 0.06015625
0 0.884375 0.484375 0.06171875 0.0625
0 0.7828125 0.503125 0.059375 0.06015625
0 0.653125 0.94375 0.0609375 0.06171875
0 0.16875 0.46328125 0.06171875 0.06015625
0 0.6328125 0.5921875 0.0625 0.0625
0 0.43828125 0.23046875 0.0625 0.0609375
0 0.47890625 0.6734375 0.0609375 0.06171875
0 0.62421875 0.06171875 0.0625 0.06328125
0 0.4171875 0.4953125 0.06015625 0.059375
0 0.58671875 0.30625 0.06171875 0.0609375
0 0.171875 0.80078125 0.059375 0.05625
0 0.87421875 0.984375 0.06015625 0.03046875
0 0.946875 0.0234375 0.059375 0.046875
0 0.2921875 0.31328125 0.06328125 0.0609375
0 0.76484375 0.63203125 0.0625 0.0625
0 0.4796875 0.1734375 0.0625 0.06015625
0 0.22734375 0.30546875 0.0609375 0.06015625
0 0.84921875 0.7171875 0.06171875 0.0609375
0 0.3765625 0.55 0.0609375 0.05703125
0 0.721875 0.04453125 0.0625 0.06171875
0 0.7140625 0.146875 0.06171875 0.059375
0 0.1 0.29140625 0.06328125 0.06171875
0 0.315625 0.7171875 0.06015625 0.0625
0 0.07734375 0.22890625 0.0609375 0.06015625
0 0.41796875 0.1609375 0.0609375 0.0609375
0 0.63046875 0.43046875 0.06015625 0.0578125
0 0.43203125 0.83671875 0.06015625 0.05859375
0 0.0328125 0.6203125 0.06015625 0.05546875
0 0.1078125 0.45234375 0.0609375 0.059375
0 0.503125 0.40234375 0.06328125 0.0609375
0 0.11171875 0.796875 0.0609375 0.06015625
0 0.21015625 0.58125 0.0609375 0.06171875
0 0.1125 0.69140625 0.06328125 0.0625
0 0.4 0.60625 0.0609375 0.059375
0 0.47890625 0.5015625 0.06171875 0.0609375
0 0.2515625 0.70390625 0.06015625 0.06171875
0 0.31171875 0.53828125 0.05859375 0.06171875
0 0.4625 0.6109375 0.06171875 0.0609375
0 0.503125 0.06640625 0.0609375 0.0625
0 0.39375 0.10859375 0.0609375 0.0609375
0 0.375 0.21171875 0.06328125 0.0609375
0 0.91484375 0.834375 0.0609375 0.06171875
0 0.9015625 0.0765625 0.0625 0.06015625
0 0.15078125 0.1375 0.06171875 0.059375
0 0.22890625 0.6453125 0.0609375 0.06171875
0 0.403125 0.77734375 0.06015625 0.06171875
0 0.5671875 0.41640625 0.06171875 0.053125
0 0.37578125 0.36953125 0.05859375 0.05625
0 0.028125 0.55546875 0.05625 0.06015625
0 0.87890625 0.8875 0.0609375 0.0609375
0 0.553125 0.0234375 0.0609375 0.046875
0 0.7671875 0.0953125 0.0609375 0.06171875
0 0.36328125 0.83046875 0.0625 0.0609375
0 0.38359375 0.88515625 0.0609375 0.06171875
0 0.5234375 0.4546875 0.06171875 0.06171875
0 0.44921875 0.8921875 0.0625 0.06015625
0 0.1 0.6203125 0.0625 0.0625
0 0.353125 0.66171875 0.0609375 0.0625
0 0.18984375 0.35390625 0.0609375 0.059375
0 0.440625 0.55234375 0.06015625 0.0578125
0 0.94765625 0.1453125 0.0625 0.05859375
0 0.9859375 0.4328125 0.028125 0.059375
0 0.37890625 0.7234375 0.06171875 0.059375
0 0.459375 0.11640625 0.0609375 0.05859375
0 0.82578125 0.11484375 0.06015625 0.0640625
0 0.1296875 0.84921875 0.06328125 0.05859375
0 0.2140625 0.13984375 0.06328125 0.06171875
0 0.70078125 0.27265625 0.0640625 0.06171875
0 0.43671875 0.3875 0.06015625 0.059375
0 0.75546875 0.778125 0.059375 0.06015625
0 0.7796875 0.93984375 0.06171875 0.05859375
0 0.56875 0.57421875 0.0609375 0.05703125
0 0.66640625 0.71328125 0.0625 0.06328125
0 0.253125 0.36953125 0.06328125 0.0640625
0 0.94765625 0.79375 0.06328125 0.0546875
0 0.92890625 0.36640625 0.06171875 0.0625
0 0.85234375 0.353125 0.06328125 0.06328125
0 0.08046875 0.9828125 0.0609375 0.034375
0 0.1890625 0.5203125 0.06171875 0.0609375
0 0.81171875 0.9859375 0.06171875 0.028125
0 0.8875 0.01953125 0.0640625 0.03828125
0 0.4625 0.2828125 0.06171875 0.05859375
0 0.96328125 0.3125 0.06328125 0.06328125
0 0.6828125 0.9859375 0.06015625 0.02734375
0 0.83828125 0.05078125 0.06015625 0.05859375
0 0.71171875 0.67109375 0.06328125 0.06015625
0 0.67734375 0.36875 0.0609375 0.05859375
0 0.9375 0.4296875 0.0609375 0.06171875
0 0.340625 0.01484375 0.065625 0.0296875
0 0.2328125 0.984375 0.0609375 0.03125
0 0.2359375 0.80234375 0.059375 0.05390625
0 0.10234375 0.9359375 0.0609375 0.06328125
0 0.478125 0.3375 0.0609375 0.0609375
0 0.48828125 0.0171875 0.06328125 0.03359375
0 0.53671875 0.80546875 0.0609375 0.06015625
0 0.98515625 0.9859375 0.0296875 0.028125
0 0.18203125 0.1828125 0.059375 0.05234375
0 0.55390625 0.984375 0.065625 0.03125
0 0.65546875 0.47890625 0.06171875 0.059375
0 0.32890625 0.0890625 0.0625 0.059375
0 0.9890625 0.02109375 0.021875 0.0421875
0 0.9703125 0.1921875 0.059375 0.059375
0 0.41796875 0.31953125 0.06015625 0.05859375
0 0.41015625 0.0109375 0.06796875 0.021875
0 0.5859375 0.46640625 0.06171875 0.0578125
0 0.9890625 0.1359375 0.021875 0.0625
0 0.609375 0.01015625 0.05859375 0.0203125
0 0.9890625 0.49453125 0.02109375 0.0609375
0 0.98828125 0.8875 0.0234375 0.0609375
0 0.14921875 0.5609375 0.059375 0.059375
0 0.36875 0.98828125 0.06328125 0.02265625
0 0.47265625 0.96484375 0.06328125 0.0609375
0 0.9375 0.98828125 0.06171875 0.0234375
0 0.39765625 0.265625 0.06171875 0.059375
1 0.06484375 0.87109375 0.05546875 0.0546875
1 0.115625 0.06953125 0.0546875 0.059375
1 0.0171875 0.87734375 0.034375 0.0671875
0 0.98984375 0.7859375 0.0203125 0.071875
0 0.43046875 0.9890625 0.0609375 0.021875
0 0.99296875 0.675 0.0140625 0.0609375
0 0.26640625 0.009375 0.071875 0.01875
1 0.16484375 0.97109375 0.065625 0.0578125
0 0.00703125 0.30703125 0.0140625 0.0703125
0 0.3953125 0.421875 0.06015625 0.05546875
1 0.27890625 0.940625 0.059375 0.05625
0 0.00546875 0.5921875 0.01015625 0.05
0 0.9890625 0.36640625 0.021875 0.0703125
0 0.00703125 0.43203125 0.01328125 0.0625
0 0.02421875 0.9875 0.0484375 0.02421875
0 0.0046875 0.65546875 0.009375 0.0546875
1 0.2984375 0.9796875 0.0609375 0.040625