1 0.90390625 0.259375 0.1859375 0.14609375
1 0.6796875 0.4375 0.2078125 0.14453125
1 0.609375 0.2875 0.203125 0.15625
1 0.92734375 0.55625 0.14453125 0.15
1 0.6734375 0.13828125 0.2015625 0.14609375
1 0.8640625 0.409375 0.20078125 0.159375
1 0.51015625 0.15703125 0.18203125 0.14765625
1 0.84453125 0.11796875 0.1984375 0.1640625
1 0.7578125 0.27734375 0.16484375 0.16484375
1 0.78671875 0.5671875 0.18046875 0.18828125
1 0.88984375 0.7 0.20078125 0.178125
1 0.94765625 0.09609375 0.1046875 0.1484375
1 0.94765625 0.85234375 0.1046875 0.1578125
1 0.96875 0.3859375 0.0625 0.17421875
1 0.98125 0.69453125 0.03671875 0.16796875