0 0.1921875 0.88828125 0.040625 0.04296875
0 0.146875 0.81171875 0.04375 0.04453125
0 0.1078125 0.96484375 0.0421875 0.04140625
0 0.121875 0.8546875 0.0421875 0.04140625
0 0.08203125 0.93125 0.04453125 0.0421875
0 0.0171875 0.90390625 0.03359375 0.04140625
0 0.1875 0.8109375 0.0421875 0.0453125
0 0.16796875 0.8484375 0.04296875 0.04296875
0 0.10390625 0.890625 0.0421875 0.040625
0 0.09921875 0.81640625 0.0453125 0.04453125
0 0.15078125 0.88984375 0.04140625 0.04296875
0 0.23046875 0.81328125 0.03984375 0.04296875
0 0.21328125 0.84375 0.04140625 0.040625
0 0.13203125 0.925 0.03828125 0.04140625
0 0.01953125 0.97265625 0.0390625 0.0421875
0 0.0328125 0.9421875 0.040625 0.03984375
0 0.0578125 0.8984375 0.04140625 0.0390625
0 0.16953125 0.93359375 0.04140625 0.0375
0 0.0515625 0.8375 0.04375 0.0453125
0 0.1578125 0.959375 0.04140625 0.03984375
0 0.13515625 0.990625 0.04375 0.01875
0 0.00703125 0.93828125 0.0140625 0.0390625
0 0.00625 0.865625 0.0125 0.04296875
0 0.09375 0.98984375 0.040625 0.0203125
0 0.06171875 0.97890625 0.03984375 0.0421875
0 0.084375 0.8578125 0.03359375 0.04140625
0 0.0453125 0.99375 0.040625 0.0125