0 0.01328125 0.290625 0.0265625 0.0515625
0 0.0296875 0.33125 0.04375 0.04609375
0 0.05859375 0.3703125 0.0453125 0.046875
0 0.08359375 0.40703125 0.040625 0.04765625
0 0.14375 0.4125 0.0453125 0.04609375
0 0.16015625 0.36171875 0.046875 0.04609375
0 0.11015625 0.3671875 0.0453125 0.0453125
0 0.08359375 0.328125 0.0421875 0.04296875
0 0.13046875 0.328125 0.04375 0.0453125
0 0.1875 0.32421875 0.04296875 0.04140625
0 0.05234375 0.2875 0.04296875 0.04609375
0 0.10390625 0.28359375 0.04375 0.04375
0 0.1609375 0.2859375 0.0421875 0.04609375
0 0.2078125 0.27734375 0.04609375 0.046875
0 0.228125 0.2359375 0.04140625 0.0453125
0 0.18125 0.23671875 0.04375 0.04609375
0 0.13203125 0.24765625 0.04375 0.04375
0 0.07734375 0.2453125 0.04453125 0.04375
0 0.02421875 0.24296875 0.04375 0.0453125
0 0.26015625 0.2 0.04375 0.04375
0 0.2015625 0.19296875 0.0484375 0.0453125
0 0.15234375 0.20078125 0.04375 0.04921875
0 0.09921875 0.203125 0.0453125 0.0484375
0 0.05078125 0.20546875 0.04453125 0.0515625
0 0.01171875 0.20078125 0.0234375 0.046875
0 0.02734375 0.1609375 0.04453125 0.046875
0 0.078125 0.1609375 0.0453125 0.04453125
0 0.12421875 0.1578125 0.04453125 0.0453125
0 0.17421875 0.15234375 0.0453125 0.0484375
0 0.225 0.14765625 0.04765625 0.04296875
0 0.27734375 0.14921875 0.0453125 0.0484375
0 0.30078125 0.10234375 0.04609375 0.04765625
0 0.2484375 0.10625 0.0453125 0.04453125
0 0.1984375 0.11015625 0.04453125 0.04453125
0 0.15 0.1125 0.04296875 0.04453125
0 0.0984375 0.11171875 0.0421875 0.0484375
0 0.05 0.11484375 0.0421875 0.0453125
0 0.0109375 0.11953125 0.021875 0.0453125
0 0.0234375 0.07421875 0.04296875 0.0453125
0 0.07421875 0.07265625 0.04375 0.0484375
0 0.1234375 0.07109375 0.04375 0.0453125
0 0.17421875 0.0703125 0.0453125 0.04609375
0 0.2203125 0.06875 0.04453125 0.04453125
0 0.271875 0.06328125 0.04453125 0.04375
0 0.3234375 0.059375 0.0421875 0.04453125
0 0.3453125 0.0203125 0.0421875 0.040625
0 0.29296875 0.02109375 0.04375 0.0421875
0 0.2390625 0.02578125 0.04453125 0.04453125
0 0.19140625 0.02734375 0.0421875 0.04375
0 0.14375 0.028125 0.0421875 0.0453125
0 0.0953125 0.03125 0.0421875 0.04453125
0 0.04765625 0.03125 0.04296875 0.04453125
0 0.009375 0.03359375 0.01875 0.04375