0 0.8828125 0.66171875 0.065625 0.0640625
0 0.809375 0.66796875 0.06875 0.0671875
0 0.90546875 0.8390625 0.0640625 0.0625
0 0.9375 0.78046875 0.065625 0.0671875
0 0.81171875 0.5453125 0.0609375 0.0625
0 0.8453125 0.6078125 0.065625 0.06875
0 0.75078125 0.54921875 0.0640625 0.0640625
0 0.86796875 0.784375 0.0671875 0.065625
0 0.90546875 0.72421875 0.0609375 0.0640625
0 0.9734375 0.48125 0.053125 0.065625
0 0.98515625 0.7765625 0.0296875 0.065625
0 0.77890625 0.490625 0.0640625 0.065625
0 0.74765625 0.43046875 0.0671875 0.0671875
0 0.87734375 0.546875 0.0640625 0.065625
0 0.78046875 0.6078125 0.0671875 0.065625
0 0.68125 0.42890625 0.065625 0.0640625
0 0.703125 0.015625 0.065625 0.03125
0 0.8453125 0.72421875 0.065625 0.0640625
0 0.84296875 0.48515625 0.0640625 0.0640625
0 0.95 0.42421875 0.065625 0.0640625
0 0.915625 0.6015625 0.0625 0.065625
0 0.975 0.60078125 0.05 0.0640625
0 0.96875 0.83671875 0.0625 0.0640625
0 0.94765625 0.6578125 0.0671875 0.0625
0 0.715625 0.49609375 0.0625 0.0640625
0 0.9765625 0.365625 0.046875 0.06875
0 0.81328125 0.42421875 0.0640625 0.0640625
0 0.94609375 0.54296875 0.0640625 0.0640625
0 0.9703125 0.71796875 0.059375 0.0671875
0 0.9359375 0.240625 0.065625 0.0625
0 0.77734375 0.3703125 0.0671875 0.065625
0 0.6953125 0.190625 0.065625 0.065625
0 0.89453125 0.190625 0.0578125 0.065625
0 0.6703125 0.12734375 0.0625 0.0609375
0 0.6875 0.31015625 0.065625 0.0671875
0 0.61953125 0.175 0.0671875 0.0625
0 0.7265625 0.253125 0.065625 0.0625
0 0.75234375 0.3125 0.0609375 0.065625
0 0.8796875 0.42421875 0.065625 0.0640625
0 0.8375 0.1890625 0.06875 0.065625
0 0.46640625 0.0359375 0.0640625 0.06875
0 0.50625 0.1109375 0.071875 0.071875
0 0.59140625 0.11328125 0.0765625 0.0671875
0 0.721875 0.0625 0.065625 0.0625
0 0.7328125 0.13046875 0.071875 0.0703125
1 0.62890625 0.0109375 0.0640625 0.021875
1 0.7734375 0.0171875 0.065625 0.034375
1 0.83828125 0.01875 0.0609375 0.0375
1 0.89765625 0.0203125 0.0546875 0.040625
1 0.9546875 0.0171875 0.059375 0.034375
1 0.5421875 0.04453125 0.05 0.0609375
1 0.60625 0.0484375 0.08125 0.053125
1 0.665625 0.0609375 0.04375 0.05625
1 0.79375 0.06953125 0.065625 0.0578125
1 0.85859375 0.06875 0.0640625 0.059375
1 0.9234375 0.06640625 0.0625 0.0609375
1 0.9765625 0.06640625 0.046875 0.0546875
1 0.8109375 0.125 0.065625 0.05
1 0.8734375 0.12734375 0.0625 0.0578125
1 0.940625 0.128125 0.071875 0.0625
1 0.5515625 0.16953125 0.0625 0.0578125
1 0.77109375 0.19140625 0.0671875 0.0640625
1 0.96875 0.17890625 0.0625 0.0515625
1 0.58125 0.23125 0.075 0.065625
1 0.65703125 0.2421875 0.0640625 0.065625
1 0.7984375 0.24921875 0.071875 0.0484375
1 0.86796875 0.2484375 0.0671875 0.05625
1 0.621875 0.303125 0.0625 0.065625
1 0.8234375 0.30703125 0.075 0.0546875
1 0.89296875 0.309375 0.0546875 0.0625
1 0.95703125 0.303125 0.0703125 0.05625
1 0.65078125 0.36796875 0.0609375 0.0609375
1 0.7125 0.36640625 0.0625 0.0578125
1 0.8515625 0.359375 0.0625 0.046875
1 0.9140625 0.48671875 0.065625 0.0578125
1 0.95703125 0.8984375 0.0765625 0.05625
1 0.9734375 0.96171875 0.053125 0.0609375