0 0.52578125 0.98359375 0.06328125 0.0328125
0 0.1046875 0.9734375 0.059375 0.053125
0 0.2671875 0.9265625 0.06015625 0.05703125
0 0.16171875 0.98515625 0.05703125 0.0296875
0 0.50078125 0.93984375 0.0609375 0.059375
0 0.21875 0.975 0.059375 0.05
0 0.5875 0.984375 0.059375 0.03046875
0 0.64921875 0.978125 0.0609375 0.04375
0 0.871875 0.9828125 0.06171875 0.0328125
0 0.03828125 0.88125 0.059375 0.0625
0 0.10234375 0.90390625 0.059375 0.06015625
0 0.32890625 0.9453125 0.05703125 0.0546875
0 0.53359375 0.88515625 0.0578125 0.05703125
0 0.46484375 0.89375 0.0625 0.05703125
0 0.15625 0.84375 0.05625 0.05859375
0 0.3828125 0.978125 0.059375 0.04375
0 0.040625 0.94609375 0.0578125 0.0546875
0 0.43984375 0.95390625 0.06015625 0.0578125
0 0.6171875 0.92734375 0.0609375 0.06015625
0 0.21171875 0.9046875 0.06015625 0.06015625
0 0.5609375 0.93828125 0.05859375 0.06015625
0 0.09375 0.83828125 0.06015625 0.06015625
0 0.3890625 0.92109375 0.059375 0.05859375
0 0.15703125 0.9328125 0.059375 0.059375
0 0.265625 0.8640625 0.06015625 0.0578125
0 0.97109375 0.9671875 0.0578125 0.06015625
0 0.05 0.9921875 0.06171875 0.015625
0 0.0078125 0.97578125 0.015625 0.04765625
0 0.70078125 0.95 0.0578125 0.0609375
0 0.36484375 0.83984375 0.06171875 0.059375
0 0.21328125 0.83828125 0.0578125 0.05859375
0 0.70546875 0.99453125 0.059375 0.0109375
0 0.909375 0.9484375 0.05703125 0.06171875
0 0.28203125 0.9796875 0.05625 0.040625
0 0.43203125 0.83828125 0.06171875 0.06015625
0 0.00546875 0.90703125 0.0109375 0.0640625
0 0.321875 0.87890625 0.05703125 0.06015625
0 0.4953125 0.83828125 0.05390625 0.0546875
0 0.67578125 0.89609375 0.059375 0.0578125
0 0.759375 0.928125 0.05703125 0.05546875
0 0.82890625 0.946875 0.053125 0.053125
0 0.771875 0.9796875 0.05390625 0.03984375