2 0.61796875 0.55078125 0.05234375 0.05234375
2 0.42421875 0.21875 0.05 0.05078125
2 0.32734375 0.06640625 0.0484375 0.0515625
2 0.88359375 0.80078125 0.0828125 0.07890625
0 0.88515625 0.96953125 0.05 0.04609375
0 0.93671875 0.965625 0.08125 0.06796875
0 0.9796875 0.965625 0.040625 0.0453125
0 0.85859375 0.92890625 0.04765625 0.0484375
0 0.8328125 0.88515625 0.0484375 0.05
0 0.88046875 0.8859375 0.04453125 0.04375
0 0.90859375 0.92734375 0.046875 0.04765625
0 0.8109375 0.8453125 0.0484375 0.04375
0 0.8640625 0.8421875 0.04375 0.05
0 0.90859375 0.8421875 0.04296875 0.0484375
0 0.78125 0.803125 0.0453125 0.04453125
0 0.8328125 0.803125 0.05 0.04453125
0 0.8578125 0.75625 0.05 0.04609375
0 0.9046875 0.753125 0.04609375 0.04609375
0 0.80234375 0.7609375 0.046875 0.04375
0 0.75078125 0.75859375 0.05078125 0.0484375
0 0.725 0.71875 0.0515625 0.0515625
0 0.78125 0.71953125 0.04609375 0.05078125
0 0.83046875 0.71953125 0.04921875 0.053125
0 0.8828125 0.71328125 0.0484375 0.04921875
0 0.9 0.671875 0.04921875 0.04765625
0 0.85234375 0.67265625 0.0484375 0.0484375
0 0.803125 0.67890625 0.04609375 0.04765625
0 0.75078125 0.67578125 0.04765625 0.0453125
0 0.69921875 0.675 0.0484375 0.046875
0 0.6765625 0.6328125 0.04375 0.04453125
0 0.7234375 0.6328125 0.0515625 0.04609375
0 0.78359375 0.63671875 0.04609375 0.0453125
0 0.82578125 0.63046875 0.04453125 0.04453125
0 0.87265625 0.6265625 0.053125 0.04453125
0 0.65078125 0.5953125 0.0484375 0.0484375
0 0.69921875 0.58984375 0.0484375 0.05
0 0.75078125 0.59375 0.04765625 0.0484375
0 0.8015625 0.590625 0.04765625 0.04296875
0 0.85078125 0.5859375 0.04609375 0.04453125
0 0.89765625 0.58515625 0.04609375 0.04609375
0 0.67109375 0.5515625 0.04921875 0.046875
0 0.7328125 0.5546875 0.04765625 0.046875
0 0.7796875 0.5515625 0.0453125 0.0484375
0 0.825 0.54609375 0.04765625 0.04296875
0 0.87265625 0.54453125 0.04609375 0.0453125
0 0.5984375 0.51015625 0.04453125 0.05078125
0 0.6484375 0.5078125 0.04921875 0.04765625
0 0.69921875 0.509375 0.04375 0.0484375
0 0.74921875 0.5125 0.05078125 0.046875
0 0.7984375 0.50546875 0.0484375 0.0453125
0 0.846875 0.50390625 0.03984375 0.046875
0 0.89375 0.50234375 0.05078125 0.04609375
0 0.5703125 0.46796875 0.0515625 0.04609375
0 0.625 0.4671875 0.05078125 0.04921875
0 0.678125 0.46796875 0.05078125 0.04765625
0 0.72578125 0.46484375 0.04609375 0.05078125
0 0.7734375 0.46171875 0.0453125 0.04296875
0 0.82109375 0.4640625 0.04609375 0.0453125
0 0.8703125 0.4609375 0.0453125 0.0453125
0 0.5484375 0.42734375 0.05 0.046875
0 0.59921875 0.4265625 0.04921875 0.05
0 0.64921875 0.42734375 0.04765625 0.04453125
0 0.7015625 0.42734375 0.04765625 0.04453125
0 0.75078125 0.42421875 0.04921875 0.04765625
0 0.79609375 0.41953125 0.0453125 0.04375
0 0.84453125 0.4203125 0.0453125 0.04609375
0 0.89140625 0.4171875 0.0453125 0.04609375
0 0.5234375 0.38828125 0.04296875 0.0453125
0 0.571875 0.3875 0.053125 0.04453125
0 0.6234375 0.38828125 0.05 0.0453125
0 0.671875 0.3859375 0.0453125 0.04765625
0 0.72109375 0.384375 0.05078125 0.05
0 0.76875 0.37890625 0.04375 0.04375
0 0.815625 0.3796875 0.04921875 0.0484375
0 0.86640625 0.37734375 0.05078125 0.04765625
0 0.5046875 0.35 0.04296875 0.04453125
0 0.55 0.346875 0.05234375 0.05
0 0.596875 0.34453125 0.0453125 0.0453125
0 0.646875 0.34609375 0.05 0.04453125
0 0.6984375 0.3421875 0.0453125 0.04375
0 0.74296875 0.33828125 0.04765625 0.046875
0 0.78984375 0.3375 0.0484375 0.04453125
0 0.84453125 0.33828125 0.04375 0.0421875
0 0.89140625 0.33671875 0.0453125 0.04453125
0 0.471875 0.30546875 0.05078125 0.046875
0 0.52265625 0.303125 0.04609375 0.04765625
0 0.57109375 0.3015625 0.04609375 0.04453125
0 0.61796875 0.303125 0.05078125 0.04765625
0 0.671875 0.30078125 0.04609375 0.04453125
0 0.7171875 0.29765625 0.04453125 0.0484375
0 0.765625 0.29609375 0.04765625 0.0453125
0 0.815625 0.2953125 0.0515625 0.0453125
0 0.8671875 0.29921875 0.04765625 0.05
0 0.446875 0.2609375 0.04609375 0.04609375
0 0.49375 0.26015625 0.0515625 0.04765625
0 0.546875 0.25625 0.05078125 0.04609375
0 0.596875 0.259375 0.0453125 0.04453125
0 0.64453125 0.259375 0.04765625 0.0421875
0 0.6953125 0.2578125 0.05 0.05
0 0.74296875 0.25625 0.0453125 0.04375
0 0.78984375 0.253125 0.04375 0.04140625
0 0.8375 0.2546875 0.04375 0.04609375
0 0.884375 0.25234375 0.04765625 0.0484375
0 0.47109375 0.21484375 0.04765625 0.0484375
0 0.521875 0.21640625 0.04609375 0.05078125
0 0.57109375 0.21640625 0.05078125 0.0453125
0 0.6203125 0.2171875 0.04765625 0.0484375
0 0.66796875 0.21640625 0.0484375 0.0484375
0 0.721875 0.2171875 0.046875 0.04296875
0 0.76875 0.2140625 0.04375 0.0484375
0 0.8125 0.2109375 0.04609375 0.0484375
0 0.86171875 0.20859375 0.04609375 0.04609375
0 0.3984375 0.1875 0.0515625 0.04453125
0 0.45 0.17421875 0.0453125 0.04375
0 0.50078125 0.1734375 0.05 0.04609375
0 0.54765625 0.175 0.05 0.04609375
0 0.59453125 0.17578125 0.04609375 0.04453125
0 0.64140625 0.1734375 0.0515625 0.04921875
0 0.68984375 0.17421875 0.0484375 0.04375
0 0.7375 0.17109375 0.04375 0.0453125
0 0.78515625 0.17265625 0.04609375 0.04765625
0 0.83359375 0.16953125 0.046875 0.04609375
0 0.88203125 0.16796875 0.04609375 0.04609375
0 0.37578125 0.1453125 0.05 0.0484375
0 0.43359375 0.140625 0.0453125 0.04453125
0 0.47734375 0.1328125 0.0453125 0.04375
0 0.5265625 0.13671875 0.0484375 0.04453125
0 0.571875 0.134375 0.04609375 0.04296875
0 0.61875 0.1328125 0.04765625 0.04375
0 0.665625 0.13203125 0.0453125 0.0453125
0 0.71171875 0.12890625 0.0453125 0.04609375
0 0.76640625 0.13515625 0.0453125 0.0453125
0 0.81328125 0.12890625 0.04375 0.0453125
0 0.8640625 0.128125 0.04609375 0.04609375
0 0.35546875 0.109375 0.05 0.0484375
0 0.4015625 0.09765625 0.0453125 0.0453125
0 0.44921875 0.09375 0.0515625 0.04296875
0 0.4953125 0.09296875 0.04609375 0.04765625
0 0.55078125 0.0984375 0.04296875 0.04375
0 0.59609375 0.09375 0.05 0.04609375
0 0.64296875 0.09140625 0.0453125 0.0453125
0 0.68828125 0.08671875 0.04765625 0.04453125
0 0.7359375 0.0890625 0.04609375 0.04609375
0 0.7828125 0.0890625 0.0484375 0.0453125
0 0.8328125 0.08828125 0.04609375 0.04375
0 0.88203125 0.0875 0.046875 0.04375
0 0.37421875 0.06328125 0.05 0.04765625
0 0.4296875 0.0609375 0.05390625 0.04375
0 0.48359375 0.05859375 0.0484375 0.04296875
0 0.52734375 0.05703125 0.04296875 0.0421875
0 0.57265625 0.0546875 0.04921875 0.0484375
0 0.61875 0.05 0.04375 0.046875
0 0.665625 0.05 0.0421875 0.04375
0 0.71328125 0.05 0.04765625 0.04375
0 0.7609375 0.046875 0.0453125 0.04609375
0 0.80859375 0.046875 0.05078125 0.0484375
0 0.85859375 0.046875 0.04609375 0.05
0 0.303125 0.02421875 0.0484375 0.0484375
0 0.35546875 0.02421875 0.05234375 0.04140625
0 0.4015625 0.02109375 0.0484375 0.0421875
0 0.44921875 0.01953125 0.04375 0.0390625
0 0.49375 0.01484375 0.0484375 0.0296875
0 0.5421875 0.01640625 0.0453125 0.0328125
0 0.59140625 0.01640625 0.05 0.0328125
0 0.63984375 0.015625 0.046875 0.03125
0 0.68828125 0.015625 0.0453125 0.03125
0 0.73671875 0.015625 0.046875 0.03125
0 0.78203125 0.01328125 0.04375 0.0265625
0 0.8296875 0.0125 0.046875 0.025
0 0.87890625 0.0140625 0.05 0.028125
0 0.95703125 0.92578125 0.0453125 0.04765625
0 0.928125 0.88359375 0.05 0.05078125
0 0.9765625 0.8796875 0.046875 0.0484375
0 0.95703125 0.83828125 0.05 0.04765625
0 0.92890625 0.79609375 0.053125 0.05078125
0 0.978125 0.79375 0.04375 0.05
0 0.953125 0.7515625 0.0484375 0.04921875
0 0.9890625 0.753125 0.021875 0.05
0 0.9296875 0.71171875 0.0453125 0.0484375
0 0.97578125 0.7078125 0.0484375 0.0484375
0 0.95078125 0.66953125 0.05078125 0.04609375
0 0.9875 0.66953125 0.025 0.0515625
0 0.925 0.62890625 0.05 0.0484375
0 0.97421875 0.62578125 0.046875 0.04765625
0 0.94609375 0.58671875 0.04765625 0.04921875
0 0.984375 0.584375 0.03125 0.0484375
0 0.92109375 0.54453125 0.04765625 0.0484375
0 0.96875 0.5421875 0.0484375 0.04609375
0 0.940625 0.50078125 0.04765625 0.0484375
0 0.98359375 0.49765625 0.0328125 0.0484375
0 0.91953125 0.4578125 0.04375 0.04453125
0 0.96484375 0.4578125 0.04609375 0.0453125
0 0.940625 0.4171875 0.05 0.046875
0 0.98359375 0.4140625 0.0328125 0.0453125
0 0.915625 0.3765625 0.04453125 0.04765625
0 0.96640625 0.3734375 0.04765625 0.04609375
0 0.9375 0.33359375 0.05078125 0.04765625
0 0.9828125 0.33046875 0.034375 0.0453125
0 0.91484375 0.29609375 0.04765625 0.0484375
0 0.96484375 0.2921875 0.05078125 0.0484375
0 0.934375 0.25078125 0.05078125 0.046875
0 0.98046875 0.25078125 0.0390625 0.046875
0 0.91015625 0.209375 0.0453125 0.0484375
0 0.95859375 0.21015625 0.04765625 0.0453125
0 0.93125 0.16796875 0.04765625 0.0484375
0 0.978125 0.16640625 0.04375 0.0453125
0 0.909375 0.128125 0.04375 0.04765625
0 0.95546875 0.1234375 0.04609375 0.04921875
0 0.9296875 0.0859375 0.04609375 0.0453125
0 0.97734375 0.084375 0.0453125 0.046875
0 0.90625 0.0453125 0.04765625 0.04765625
0 0.95390625 0.04375 0.04765625 0.04609375
0 0.9890625 0.04453125 0.021875 0.04375
0 0.92890625 0.0125 0.046875 0.025
0 0.97578125 0.01328125 0.0484375 0.0265625