1 0.79765625 0.5203125 0.18671875 0.1921875
1 0.86796875 0.38046875 0.1953125 0.19921875
1 0.52578125 0.10625 0.18671875 0.17734375
1 0.87265625 0.0828125 0.1875 0.1609375
1 0.80625 0.2375 0.1828125 0.19140625
1 0.609375 0.2515625 0.18046875 0.2015625
1 0.88671875 0.6734375 0.16875 0.18984375
1 0.94140625 0.53359375 0.1171875 0.1796875
1 0.70234375 0.37421875 0.16015625 0.16015625
1 0.690625 0.103125 0.16328125 0.1859375
1 0.434375 0.034375 0.16875 0.06875
1 0.94609375 0.221875 0.1078125 0.184375
1 0.76875 0.02734375 0.21015625 0.05390625
1 0.9546875 0.86875 0.08984375 0.096875
1 0.584375 0.01796875 0.1765625 0.03515625
1 0.97734375 0.0734375 0.0453125 0.146875
1 0.97578125 0.3765625 0.0484375 0.19375
1 0.9828125 0.65390625 0.03359375 0.1796875
1 0.953125 0.77265625 0.09375 0.0890625