0 0.82109375 0.2109375 0.0640625 0.065625
0 0.05859375 0.14375 0.0609375 0.0625
0 0.7203125 0.26171875 0.065625 0.0640625
0 0.21171875 0.9609375 0.0671875 0.0625
0 0.1703125 0.08125 0.0625 0.065625
0 0.02890625 0.26171875 0.0578125 0.0640625
0 0.97890625 0.28984375 0.0421875 0.0671875
0 0.34921875 0.9796875 0.0640625 0.040625
0 0.1046875 0.08828125 0.0625 0.0640625
0 0.0171875 0.39140625 0.034375 0.0640625
0 0.03828125 0.33046875 0.0640625 0.0640625
0 0.88671875 0.08828125 0.0640625 0.0671875
0 0.8703125 0.5640625 0.065625 0.065625
0 0.91953125 0.03125 0.0671875 0.0625
0 0.75625 0.20859375 0.0625 0.0671875
0 0.79140625 0.14453125 0.0640625 0.0671875
0 0.58671875 0.01875 0.0640625 0.0375
0 0.54765625 0.171875 0.0640625 0.065625
0 0.75625 0.07734375 0.065625 0.0671875
0 0.346875 0.80546875 0.0625 0.0671875
0 0.075 0.2046875 0.0625 0.065625
0 0.78984375 0.27109375 0.0640625 0.0671875
0 0.85703125 0.15 0.0640625 0.065625
0 0.475 0.0578125 0.065625 0.065625
0 0.67265625 0.32421875 0.0640625 0.0671875
0 0.34453125 0.03046875 0.0640625 0.0609375
0 0.72421875 0.1375 0.0640625 0.065625
0 0.14609375 0.41484375 0.0640625 0.0640625
0 0.615625 0.0640625 0.065625 0.065625
0 0.51171875 0.22734375 0.0640625 0.0640625
0 0.9796875 0.17265625 0.040625 0.0640625
0 0.03359375 0.85234375 0.0640625 0.0671875
0 0.58359375 0.11953125 0.0671875 0.0640625
0 0.40859375 0.046875 0.0640625 0.065625
0 0.08203125 0.02890625 0.0640625 0.0578125
0 0.92421875 0.29296875 0.0640625 0.0671875
0 0.121875 0.15078125 0.0625 0.0609375
0 0.18359375 0.63828125 0.0640625 0.0609375
0 0.5203125 0.675 0.065625 0.065625
0 0.95859375 0.984375 0.0640625 0.03125
0 0.0890625 0.26640625 0.0625 0.0640625
0 0.784375 0.02578125 0.065625 0.0515625
0 0.7140625 0.95859375 0.0625 0.0640625
0 0.21328125 0.39453125 0.0609375 0.0671875
0 0.6921875 0.19609375 0.0625 0.0640625
0 0.29921875 0.6125 0.0640625 0.0625
0 0.6953125 0.04921875 0.065625 0.0671875
0 0.90703125 0.5078125 0.0640625 0.0625
0 0.55625 0.275 0.0625 0.065625
0 0.9765625 0.0265625 0.046875 0.053125
0 0.53125 0.9765625 0.06875 0.046875
0 0.6671875 0.10703125 0.0625 0.0640625
0 0.3859375 0.44375 0.059375 0.0625
0 0.06796875 0.38671875 0.0671875 0.0640625
0 0.7484375 0.5859375 0.065625 0.065625
0 0.0875 0.81796875 0.0625 0.0609375
0 0.01328125 0.1359375 0.0265625 0.065625
0 0.07734375 0.4578125 0.0640625 0.065625
0 0.8203125 0.60703125 0.065625 0.0640625
0 0.9546875 0.22734375 0.0625 0.0671875
0 0.8953125 0.409375 0.06875 0.065625
0 0.45625 0.66953125 0.065625 0.0671875
0 0.6515625 0.01640625 0.065625 0.0328125
0 0.50234375 0.446875 0.0640625 0.0625
0 0.26640625 0.23515625 0.0640625 0.0609375
0 0.61484375 0.578125 0.0640625 0.0625
0 0.14765625 0.0265625 0.0640625 0.053125
0 0.68125 0.5265625 0.0625 0.065625
0 0.9453125 0.4546875 0.0625 0.0625
0 0.834375 0.97421875 0.059375 0.0515625
0 0.234375 0.5890625 0.0625 0.0625
0 0.77109375 0.97890625 0.0671875 0.0421875
0 0.54765625 0.5640625 0.0640625 0.065625
0 0.4015625 0.7625 0.065625 0.0625
0 0.1171875 0.8796875 0.065625 0.065625
0 0.615625 0.5109375 0.0625 0.0625
0 0.81171875 0.5328125 0.0640625 0.065625
0 0.7453125 0.5234375 0.065625 0.065625
0 0.02109375 0.2015625 0.0421875 0.065625
0 0.85546875 0.46015625 0.0671875 0.0671875
0 0.39453125 0.6984375 0.0640625 0.065625
0 0.321875 0.93125 0.065625 0.065625
0 0.83125 0.3953125 0.065625 0.065625
0 0.44609375 0.41484375 0.0640625 0.0671875
0 0.3671875 0.0984375 0.065625 0.0625
0 0.59296875 0.221875 0.0671875 0.0625
0 0.1640625 0.3484375 0.0625 0.065625
0 0.740625 0.32890625 0.06875 0.0671875
0 0.85703125 0.275 0.0671875 0.06875
0 0.97109375 0.87109375 0.0578125 0.0640625
0 0.2328125 0.33203125 0.0625 0.0640625
0 0.50859375 0.51171875 0.0640625 0.0671875
0 0.62578125 0.3765625 0.0640625 0.0625
0 0.0390625 0.08359375 0.0625 0.0640625
0 0.3265625 0.415625 0.0625 0.065625
0 0.4453125 0.26484375 0.0625 0.0671875
0 0.6328125 0.165625 0.0625 0.065625
0 0.2984375 0.07421875 0.065625 0.0640625
0 0.87890625 0.34609375 0.0671875 0.0640625
0 0.28359375 0.2953125 0.0671875 0.06875
0 0.51796875 0.8578125 0.0671875 0.06875
0 0.55859375 0.4078125 0.0640625 0.0625
0 0.4359375 0.975 0.065625 0.05
0 0.31328125 0.13671875 0.0640625 0.0640625
0 0.13671875 0.2125 0.0609375 0.0625
0 0.3765625 0.5078125 0.06875 0.0625
0 0.553125 0.91953125 0.065625 0.0671875
0 0.85 0.8890625 0.0625 0.065625
0 0.25625 0.9203125 0.0625 0.065625
0 0.8640625 0.72734375 0.0625 0.0640625
0 0.0625 0.96484375 0.065625 0.0671875
0 0.61171875 0.31015625 0.0609375 0.0640625
0 0.10546875 0.3328125 0.0640625 0.0625
0 0.8078125 0.33125 0.0625 0.065625
0 0.9125 0.88046875 0.0625 0.0640625
0 0.0625 0.5859375 0.065625 0.065625
0 0.6140625 0.95 0.0625 0.0625
0 0.89296875 0.98515625 0.0640625 0.0296875
0 0.0140625 0.7171875 0.028125 0.0625
0 0.2265625 0.04296875 0.065625 0.0609375
1 0.44296875 0.1234375 0.0640625 0.06875
0 0.25390625 0.64921875 0.0578125 0.0578125
0 0.38515625 0.93671875 0.0640625 0.0640625
0 0.20078125 0.21171875 0.0640625 0.0640625
0 0.18203125 0.90390625 0.0671875 0.0640625
0 0.95234375 0.93515625 0.0640625 0.0671875
0 0.3140625 0.47734375 0.06875 0.0640625
0 0.64375 0.8125 0.065625 0.065625
0 0.25625 0.1734375 0.0625 0.065625
0 0.73828125 0.9 0.0640625 0.0625
0 0.29765625 0.86328125 0.0671875 0.0640625
0 0.26171875 0.4421875 0.0640625 0.065625
0 0.18828125 0.14375 0.0609375 0.065625
0 0.84140625 0.78203125 0.0609375 0.0640625
0 0.15234375 0.27734375 0.0640625 0.0671875
0 0.8875 0.22109375 0.065625 0.0640625
0 0.56484375 0.475 0.0609375 0.06875
0 0.9796875 0.80859375 0.040625 0.0609375
0 0.0203125 0.46171875 0.040625 0.0640625
0 0.19140625 0.5453125 0.0609375 0.065625
0 0.7984375 0.925 0.0625 0.065625
0 0.30078125 0.54765625 0.0640625 0.0609375
0 0.459375 0.5515625 0.0625 0.065625
0 0.13203125 0.5796875 0.0640625 0.065625
0 0.4421875 0.3484375 0.0625 0.0625
0 0.38671875 0.38046875 0.0640625 0.0640625
0 0.3328125 0.340625 0.065625 0.0625
0 0.32578125 0.203125 0.0640625 0.0625
0 0.3828125 0.16328125 0.065625 0.0640625
0 0.340625 0.26328125 0.0625 0.0671875
0 0.55390625 0.3453125 0.0609375 0.059375
0 0.484375 0.9359375 0.06875 0.06875
0 0.4984375 0.3046875 0.059375 0.065625
0 0.9015625 0.81875 0.065625 0.065625
0 0.65078125 0.8953125 0.0640625 0.0625
0 0.040625 0.76640625 0.0625 0.0703125
0 0.1375 0.98125 0.0625 0.0375
0 0.24140625 0.11015625 0.0640625 0.0671875
0 0.94453125 0.36796875 0.0640625 0.0703125
0 0.15234375 0.80703125 0.0671875 0.0671875
0 0.8859375 0.940625 0.065625 0.065625
0 0.3390625 0.73984375 0.0625 0.0640625
0 0.0234375 0.92265625 0.046875 0.0703125
0 0.06171875 0.70390625 0.0640625 0.0640625
0 0.203125 0.7 0.0625 0.0625
0 0.3921875 0.228125 0.0625 0.06875
0 0.45625 0.1953125 0.065625 0.0625
0 0.7921875 0.85546875 0.065625 0.0640625
0 0.21796875 0.27109375 0.0640625 0.0640625
0 0.365625 0.56953125 0.065625 0.0671875
0 0.93203125 0.70546875 0.0640625 0.0640625
0 0.2765625 0.37734375 0.0625 0.0640625
0 0.3921875 0.2984375 0.059375 0.065625
0 0.50078125 0.37890625 0.0609375 0.0640625
1 0.36796875 0.86953125 0.0578125 0.0609375
0 0.21015625 0.76015625 0.0640625 0.0640625
0 0.7 0.8453125 0.06875 0.0625
0 0.12890625 0.9453125 0.0671875 0.06875
0 0.10390625 0.7578125 0.0640625 0.0625
1 0.50703125 0.12265625 0.0578125 0.0640625
1 0.03359375 0.52890625 0.0671875 0.0734375
1 0.09609375 0.51953125 0.0640625 0.0609375
1 0.1515625 0.4875 0.065625 0.078125
1 0.20625 0.4609375 0.0625 0.065625
1 0.2453125 0.5015625 0.075 0.0625
1 0.0140625 0.58671875 0.028125 0.0640625
1 0.03359375 0.640625 0.0671875 0.071875
1 0.109375 0.6390625 0.075 0.075
1 0.13515625 0.6921875 0.0828125 0.065625
1 0.309375 0.671875 0.065625 0.075
1 0.2734375 0.72109375 0.0625 0.0765625
1 0.2828125 0.790625 0.071875 0.071875
1 0.23046875 0.82265625 0.0765625 0.0671875
1 0.28828125 0.97578125 0.0546875 0.0484375
1 0.4546875 0.87109375 0.06875 0.0734375
1 0.41796875 0.82734375 0.0734375 0.0578125
1 0.48125 0.79921875 0.059375 0.0640625
1 0.46640625 0.7421875 0.0578125 0.0625
1 0.534375 0.74453125 0.071875 0.0609375
1 0.55859375 0.7921875 0.0765625 0.053125
1 0.58828125 0.8515625 0.0609375 0.065625
1 0.76484375 0.7828125 0.0609375 0.075
1 0.80390625 0.728125 0.0734375 0.065625
1 0.9390625 0.75859375 0.065625 0.0484375
1 0.70234375 0.74609375 0.0734375 0.0609375
1 0.7421875 0.71015625 0.0625 0.0703125
1 0.7703125 0.65 0.0625 0.059375
1 0.83203125 0.671875 0.0515625 0.0625
1 0.61953125 0.7578125 0.0671875 0.06875
1 0.59296875 0.7 0.0671875 0.065625
1 0.66171875 0.70234375 0.0640625 0.0703125
1 0.70390625 0.65625 0.0578125 0.059375
1 0.634375 0.63984375 0.05625 0.0609375
1 0.57421875 0.63046875 0.0703125 0.0546875
1 0.5 0.60625 0.05625 0.065625
1 0.42734375 0.609375 0.0703125 0.0625
1 0.365625 0.63828125 0.0625 0.0578125
1 0.44765625 0.49140625 0.0609375 0.0671875
1 0.68125 0.5890625 0.0625 0.0625
1 0.88984375 0.634375 0.0671875 0.075
1 0.934375 0.578125 0.065625 0.0625
1 0.9859375 0.559375 0.028125 0.08125
1 0.96640625 0.63125 0.0671875 0.06875
1 0.6484375 0.4421875 0.059375 0.06875
1 0.69296875 0.39296875 0.0671875 0.0578125
1 0.76015625 0.39921875 0.0609375 0.0609375
1 0.71484375 0.45234375 0.0671875 0.0578125
1 0.77890625 0.45078125 0.0671875 0.0640625
1 0.96796875 0.5078125 0.0640625 0.065625
1 0.9296875 0.1421875 0.0625 0.059375
1 0.95703125 0.0875 0.0734375 0.065625
1 0.82109375 0.08046875 0.0703125 0.0671875
1 0.65703125 0.24921875 0.0734375 0.0734375
1 0.8515625 0.0296875 0.06875 0.059375
1 0.546875 0.06171875 0.071875 0.0578125
1 0.5140625 0.01796875 0.071875 0.0359375
1 0.28046875 0.01796875 0.0765625 0.0359375