0 0.05234375 0.8375 0.04140625 0.04140625
0 0.09921875 0.815625 0.04140625 0.04453125
0 0.1453125 0.809375 0.04375 0.04453125
0 0.18828125 0.809375 0.04140625 0.04375
0 0.2296875 0.81171875 0.03984375 0.040625
0 0.21328125 0.84609375 0.0390625 0.0390625
0 0.16875 0.85 0.04296875 0.03828125
0 0.1234375 0.85546875 0.04453125 0.04140625
0 0.08203125 0.86015625 0.0359375 0.0390625
0 0.190625 0.88984375 0.0390625 0.04296875
0 0.14921875 0.88984375 0.040625 0.0421875
0 0.10546875 0.89140625 0.04375 0.03828125
0 0.0578125 0.89609375 0.04140625 0.04375
0 0.08515625 0.93046875 0.0453125 0.04296875
0 0.13125 0.92578125 0.04296875 0.03828125
0 0.171875 0.93125 0.03671875 0.03359375
0 0.15859375 0.95859375 0.0421875 0.04453125
0 0.01640625 0.90390625 0.0328125 0.0421875
0 0.03671875 0.94140625 0.0421875 0.03671875
0 0.1109375 0.96640625 0.0484375 0.0421875
0 0.1359375 0.990625 0.04375 0.01875
0 0.09296875 0.990625 0.0421875 0.01875
0 0.0078125 0.9390625 0.015625 0.0390625
0 0.02265625 0.97109375 0.04140625 0.04140625
0 0.0625 0.97578125 0.0375 0.03984375