0 0.8703125 0.02578125 0.0625 0.0515625
0 0.86015625 0.13046875 0.0640625 0.0609375
0 0.80078125 0.02265625 0.0671875 0.0453125
0 0.8296875 0.07265625 0.0625 0.0609375
0 0.89375 0.08046875 0.0625 0.0609375
0 0.9375 0.13203125 0.06875 0.0609375
0 0.95625 0.30703125 0.065625 0.0640625
0 0.89609375 0.1953125 0.0671875 0.06875
0 0.93984375 0.034375 0.0671875 0.06875
0 0.97109375 0.08671875 0.0578125 0.0703125
0 0.92109375 0.25546875 0.0703125 0.0640625
0 0.9796875 0.2640625 0.040625 0.065625
1 0.96875 0.196875 0.0625 0.065625
0 0.97578125 0.36953125 0.0484375 0.0640625