0 0.2609375 0.98046875 0.0453125 0.0390625
0 0.61328125 0.9625 0.04609375 0.04921875
0 0.92890625 0.96484375 0.04375 0.0453125
0 0.21328125 0.9796875 0.0421875 0.040625
0 0.3890625 0.9609375 0.04453125 0.046875
0 0.346875 0.97734375 0.0421875 0.0453125
0 0.30625 0.9796875 0.0421875 0.03984375
0 0.0796875 0.98046875 0.04375 0.0390625
0 0.1203125 0.98125 0.04296875 0.0375
0 0.528125 0.9734375 0.04140625 0.04609375
0 0.75234375 0.9734375 0.0421875 0.04453125
0 0.440625 0.975 0.04296875 0.04609375
0 0.8859375 0.9703125 0.040625 0.04296875
0 0.484375 0.9734375 0.0421875 0.04296875
0 0.7953125 0.96953125 0.04375 0.0453125
0 0.56875 0.97421875 0.04296875 0.0453125
0 0.6640625 0.97578125 0.04140625 0.04609375
0 0.16328125 0.971875 0.04375 0.046875
0 0.03125 0.9828125 0.04375 0.034375
0 0.7078125 0.97421875 0.04375 0.0453125
0 0.95078125 0.99140625 0.0421875 0.0171875
0 0.90625 0.99453125 0.040625 0.0109375
0 0.97578125 0.9703125 0.04296875 0.04375
0 0.83671875 0.953125 0.0453125 0.046875
0 0.46015625 0.9953125 0.0390625 0.009375
0 0.55 0.9953125 0.040625 0.009375
0 0.00546875 0.98515625 0.0109375 0.0296875
0 0.8171875 0.9921875 0.04375 0.015625
0 0.775 0.9953125 0.03984375 0.009375
0 0.503125 0.9953125 0.04375 0.009375
0 0.9890625 0.9921875 0.02109375 0.0140625
0 0.64375 0.9953125 0.04375 0.009375
0 0.865625 0.9953125 0.040625 0.00859375
0 0.728125 0.9953125 0.04375 0.009375
0 0.5921875 0.9953125 0.04453125 0.00859375
0 0.4203125 0.99609375 0.04375 0.0078125