1 0.26875 0.20859375 0.1078125 0.0921875
0 0.85390625 0.09140625 0.1453125 0.11640625
0 0.82265625 0.928125 0.115625 0.13671875
0 0.68515625 0.19765625 0.10234375 0.11171875
0 0.36171875 0.653125 0.1015625 0.10625
1 0.1515625 0.6625 0.1375 0.09140625
0 0.509375 0.4921875 0.1078125 0.1125
1 0.68671875 0.03125 0.0921875 0.0625
1 0.43125 0.21875 0.12265625 0.08359375
1 0.46171875 0.30078125 0.10390625 0.084375
1 0.175 0.515625 0.11875 0.084375
0 0.40546875 0.759375 0.1015625 0.1109375
1 0.04375 0.671875 0.08671875 0.09609375
1 0.371875 0.3078125 0.09296875 0.090625
1 0.375 0.0421875 0.13125 0.084375
1 0.21953125 0.06640625 0.09140625 0.08828125
1 0.64921875 0.109375 0.10625 0.09296875
1 0.59296875 0.03515625 0.1140625 0.0703125
1 0.04375 0.05703125 0.0875 0.0984375
1 0.14375 0.57734375 0.1265625 0.07890625
1 0.04921875 0.1578125 0.0984375 0.096875
0 0.74296875 0.10390625 0.0875 0.109375
1 0.41640625 0.1265625 0.11171875 0.08359375
1 0.409375 0.38828125 0.121875 0.090625
1 0.04375 0.56171875 0.0875 0.0984375
1 0.0796875 0.28359375 0.1078125 0.0875
1 0.2625 0.55390625 0.1046875 0.090625
0 0.9578125 0.6484375 0.084375 0.153125
0 0.728125 0.3171875 0.1109375 0.11640625
1 0.11875 0.10859375 0.1046875 0.08515625
0 0.78359375 0.01953125 0.1109375 0.0375
1 0.13671875 0.42421875 0.128125 0.0859375
1 0.0578125 0.3921875 0.08984375 0.08359375
0 0.24296875 0.81796875 0.08671875 0.11015625
1 0.27109375 0.65625 0.11640625 0.09375
1 0.30625 0.37109375 0.0828125 0.08984375
0 0.56328125 0.60625 0.10546875 0.109375
1 0.128125 0.3375 0.07109375 0.078125
0 0.50859375 0.7015625 0.10546875 0.11484375
1 0.41328125 0.4921875 0.103125 0.09921875
0 0.66796875 0.40546875 0.11875 0.11484375
1 0.1328125 0.20078125 0.11328125 0.0875
0 0.91796875 0.01796875 0.1203125 0.0359375
1 0.08125 0.48828125 0.078125 0.07109375
0 0.45 0.93359375 0.10625 0.1140625
1 0.21328125 0.146875 0.11796875 0.0828125
1 0.21328125 0.7328125 0.10859375 0.0765625
1 0.11171875 0.74453125 0.10234375 0.075
1 0.3453125 0.1890625 0.07421875 0.09921875
0 0.88828125 0.84375 0.1140625 0.11796875
0 0.96640625 0.4328125 0.0671875 0.11640625
0 0.73203125 0.83125 0.109375 0.1140625
1 0.02890625 0.234375 0.0578125 0.075
0 0.8640625 0.215625 0.1171875 0.121875
0 0.52265625 0.37109375 0.10625 0.1078125
1 0.046875 0.92578125 0.09375 0.09765625
0 0.6390625 0.70703125 0.10703125 0.1140625
1 0.315625 0.11484375 0.1 0.0890625
1 0.15390625 0.8125 0.10078125 0.0765625
0 0.78671875 0.75546875 0.11171875 0.10703125
0 0.340625 0.86640625 0.1 0.109375
0 0.49921875 0.83046875 0.103125 0.109375
1 0.134375 0.0296875 0.07421875 0.059375
0 0.63046875 0.51875 0.103125 0.1125
0 0.62265625 0.296875 0.09921875 0.1140625
1 0.01875 0.325 0.0375 0.10625
1 0.35859375 0.55546875 0.1078125 0.08515625
1 0.034375 0.778125 0.06875 0.096875
1 0.31875 0.4640625 0.13359375 0.08984375
1 0.23515625 0.378125 0.10078125 0.08046875
1 0.31796875 0.75390625 0.084375 0.08125
0 0.89453125 0.32734375 0.11171875 0.10625
1 0.25625 0.0171875 0.07890625 0.0328125
1 0.4765625 0.07578125 0.071875 0.0890625
0 0.71015625 0.6171875 0.10546875 0.11484375
1 0.0265625 0.46796875 0.053125 0.1046875
0 0.9640625 0.07890625 0.071875 0.09921875
0 0.45859375 0.584375 0.10078125 0.1140625
0 0.975 0.8265625 0.05 0.128125
1 0.44765625 0.01640625 0.10859375 0.03203125
1 0.05703125 0.85390625 0.1078125 0.084375
0 0.76484375 0.5109375 0.12734375 0.11484375
1 0.16796875 0.259375 0.0828125 0.075
0 0.92578125 0.52890625 0.13828125 0.125
0 0.690625 0.94296875 0.128125 0.11015625
0 0.10546875 0.98046875 0.11328125 0.03828125
1 0.134375 0.90078125 0.09375 0.08984375
0 0.2015625 0.946875 0.109375 0.10625
0 0.321875 0.97734375 0.1 0.0453125
0 0.80546875 0.215625 0.10546875 0.1078125
0 0.9859375 0.31171875 0.028125 0.0984375
0 0.83828125 0.41953125 0.1125 0.11015625
0 0.7953125 0.65625 0.1 0.1
0 0.925 0.73125 0.1171875 0.11796875
0 0.6109375 0.840625 0.1015625 0.09921875
0 0.55 0.96875 0.1125 0.0625
0 0.93125 0.97734375 0.11875 0.0453125
0 0.9890625 0.1953125 0.021875 0.08125
1 0.2 0.3109375 0.0828125 0.075
1 0.5125 0.1671875 0.0734375 0.08125
1 0.51640625 0.2515625 0.0625 0.07109375
1 0.55625 0.10390625 0.0609375 0.059375
1 0.23828125 0.4625 0.075 0.07421875