0 0.5421875 0.98515625 0.046875 0.0296875
0 0.91796875 0.98515625 0.0421875 0.0296875
0 0.98828125 0.98046875 0.02265625 0.0390625
0 0.59921875 0.98984375 0.04453125 0.0203125
0 0.42578125 0.9953125 0.04453125 0.009375
0 0.646875 0.990625 0.04140625 0.01875
0 0.6875 0.98984375 0.04375 0.0203125
0 0.8734375 0.990625 0.04609375 0.01875
0 0.82421875 0.98984375 0.0421875 0.0203125
0 0.3765625 0.9953125 0.04453125 0.00859375
0 0.9578125 0.98359375 0.0375 0.03203125
0 0.32265625 0.98984375 0.0453125 0.0203125
0 0.73046875 0.990625 0.0375 0.01875
0 0.76875 0.984375 0.0484375 0.03125