0 0.88125 0.0265625 0.059375 0.053125
0 0.93984375 0.03125 0.06015625 0.0609375
0 0.2390625 0.021875 0.0625 0.04375
0 0.721875 0.22265625 0.0625 0.059375
0 0.84375 0.346875 0.06171875 0.059375
0 0.81328125 0.02421875 0.06328125 0.0484375
0 0.0890625 0.35625 0.059375 0.0578125
0 0.78046875 0.34609375 0.0609375 0.059375
0 0.625 0.303125 0.0625 0.0578125
0 0.03359375 0.1421875 0.0609375 0.0578125
0 0.15859375 0.23828125 0.0609375 0.059375
0 0.8734375 0.13515625 0.06171875 0.0609375
0 0.3421875 0.3453125 0.0609375 0.059375
0 0.50078125 0.3 0.05703125 0.0546875
0 0.3046875 0.02265625 0.059375 0.0453125
0 0.05625 0.30390625 0.06015625 0.0578125
0 0.9375 0.40546875 0.05859375 0.05703125
0 0.7859375 0.2328125 0.06328125 0.0625
0 0.98515625 0.284375 0.0296875 0.05546875
0 0.40703125 0.346875 0.059375 0.05625
0 0.1234375 0.41015625 0.06171875 0.059375
0 0.8140625 0.2953125 0.06171875 0.06015625
0 0.28359375 0.24921875 0.06015625 0.059375
0 0.71875 0.34375 0.06171875 0.0625
0 0.1578125 0.35 0.06171875 0.06015625
0 0.76171875 0.171875 0.06171875 0.06171875
0 0.96953125 0.0875 0.059375 0.0609375
0 0.60234375 0.10625 0.06328125 0.06328125
0 0.01484375 0.19375 0.02890625 0.059375
0 0.0625 0.19296875 0.06015625 0.05703125
0 0.33359375 0.06875 0.0609375 0.059375
0 0.84140625 0.07734375 0.0625 0.0609375
0 0.2671875 0.06953125 0.0609375 0.05859375
0 0.75078125 0.40234375 0.0609375 0.05859375
0 0.45703125 0.0765625 0.0609375 0.06015625
0 0.28125 0.35078125 0.0609375 0.0578125
0 0.0765625 0.0984375 0.0625 0.0625
0 0.68984375 0.40546875 0.0625 0.0609375
0 0.47265625 0.25234375 0.06171875 0.059375
0 0.059375 0.4078125 0.0609375 0.059375
0 0.42265625 0.13828125 0.06171875 0.06015625
0 0.47265625 0.3546875 0.06171875 0.0609375
0 0.6421875 0.0515625 0.0625 0.059375
0 0.0171875 0.08984375 0.03359375 0.05859375
0 0.68671875 0.171875 0.0625 0.0625
0 0.43046875 0.02421875 0.06015625 0.04765625
0 0.846875 0.24375 0.06171875 0.06171875
0 0.203125 0.06328125 0.0609375 0.05703125
0 0.8125 0.4 0.06015625 0.06015625
0 0.41015625 0.25546875 0.06171875 0.06015625
0 0.04453125 0.0421875 0.06171875 0.05859375
0 0.1203125 0.30546875 0.0609375 0.05859375
0 0.11484375 0.15625 0.06328125 0.059375
0 0.6828125 0.0140625 0.06171875 0.028125
0 0.25 0.4046875 0.059375 0.05859375
0 0.4890625 0.02109375 0.059375 0.0421875
0 0.18359375 0.28984375 0.06171875 0.05859375
0 0.375 0.40390625 0.0609375 0.06015625
0 0.35859375 0.13359375 0.06171875 0.0609375
0 0.96171875 0.2421875 0.06015625 0.05625
0 0.29375 0.125 0.06171875 0.06171875
0 0.934375 0.14296875 0.06015625 0.059375
0 0.509375 0.19375 0.06015625 0.0609375
0 0.22109375 0.24140625 0.0609375 0.059375
0 0.190625 0.1796875 0.06171875 0.0625
0 0.23203125 0.1203125 0.0609375 0.059375
0 0.171875 0.01953125 0.065625 0.0390625
0 0.5328125 0.34296875 0.0578125 0.0546875
0 0.36484375 0.02109375 0.0609375 0.04140625
0 0.3140625 0.40859375 0.059375 0.0578125
0 0.875 0.4 0.0625 0.059375
0 0.9390625 0.303125 0.06171875 0.05625
0 0.03203125 0.24140625 0.05390625 0.05546875
0 0.74609375 0.01796875 0.0625 0.0359375
0 0.90703125 0.3484375 0.05859375 0.0578125
0 0.2578125 0.19453125 0.06171875 0.06171875
0 0.440625 0.303125 0.06171875 0.05625
0 0.9828125 0.19140625 0.034375 0.0578125
0 0.98515625 0.0234375 0.0296875 0.046875
0 0.76796875 0.06015625 0.0609375 0.05703125
0 0.378125 0.29765625 0.06015625 0.0578125
0 0.9671875 0.3453125 0.06171875 0.06015625
0 0.6671875 0.10703125 0.06015625 0.0578125
0 0.090625 0.24921875 0.06015625 0.05625
0 0.596875 0.25 0.0609375 0.059375
0 0.38359375 0.1953125 0.06171875 0.06015625
0 0.01328125 0.296875 0.0265625 0.059375
0 0.190625 0.4109375 0.0609375 0.059375
0 0.878125 0.29296875 0.06171875 0.06171875
0 0.4453125 0.1921875 0.06171875 0.059375
0 0.03125 0.35078125 0.05625 0.05703125
0 0.53515625 0.253125 0.059375 0.059375
0 0.79609375 0.11875 0.06328125 0.05859375
0 0.684375 0.26875 0.06171875 0.0609375
0 0.821875 0.17421875 0.059375 0.06015625
0 0.90625 0.078125 0.059375 0.05625
0 0.984375 0.4 0.03125 0.0625
0 0.5234375 0.078125 0.0625 0.0625
0 0.70625 0.05625 0.059375 0.0578125
0 0.39609375 0.07109375 0.0609375 0.0578125
0 0.65546875 0.346875 0.05546875 0.05078125
0 0.32265625 0.18515625 0.059375 0.05703125
0 0.903125 0.2125 0.0625 0.0640625
0 0.4859375 0.13125 0.059375 0.05703125
0 0.62109375 0.01015625 0.0640625 0.01953125
0 0.1046875 0.02265625 0.0625 0.0453125
0 0.75 0.2859375 0.06171875 0.06015625
0 0.34453125 0.2421875 0.0609375 0.0578125
0 0.72890625 0.11171875 0.05859375 0.05703125
0 0.62734375 0.4 0.06171875 0.0609375
0 0.3109375 0.290625 0.06171875 0.059375
0 0.1375 0.07265625 0.06171875 0.06015625
0 0.5625 0.2953125 0.06171875 0.059375
0 0.0125 0.40390625 0.02421875 0.059375
0 0.17109375 0.1140625 0.06015625 0.0578125
0 0.628125 0.1578125 0.06171875 0.05859375
0 0.4390625 0.40625 0.06171875 0.06015625
0 0.5640625 0.4046875 0.059375 0.05859375
0 0.24765625 0.2890625 0.05859375 0.05546875
0 0.21875 0.3375 0.05859375 0.0578125
0 0.50078125 0.4140625 0.065625 0.06015625
0 0.57578125 0.034375 0.06171875 0.0609375
0 0.5515625 0.0078125 0.0671875 0.01484375
0 0.546875 0.1390625 0.06015625 0.0609375
0 0.6515625 0.21328125 0.0640625 0.06015625