0 0.78828125 0.01875 0.0640625 0.0375
0 0.0171875 0.1796875 0.034375 0.0625
0 0.871875 0.11640625 0.06484375 0.0640625
0 0.87421875 0.24140625 0.0640625 0.0640625
0 0.3953125 0.02421875 0.0625 0.0484375
0 0.975 0.071875 0.05 0.06171875
0 0.66953125 0.25078125 0.06328125 0.06171875
0 0.4796875 0.19375 0.0609375 0.0609375
0 0.940625 0.121875 0.0640625 0.06171875
0 0.1015625 0.23359375 0.06328125 0.06015625
0 0.73515625 0.24296875 0.06015625 0.0625
0 0.65703125 0.1234375 0.0625 0.0625
0 0.9765625 0.19921875 0.046875 0.059375
0 0.0984375 0.115625 0.06171875 0.06171875
0 0.40625 0.19375 0.0625 0.0640625
0 0.79765625 0.13125 0.0625 0.06328125
0 0.06953125 0.18671875 0.06171875 0.06328125
0 0.16328125 0.2421875 0.06015625 0.05859375
0 0.73671875 0.13125 0.0609375 0.06015625
0 0.53125 0.153125 0.06171875 0.059375
0 0.015625 0.06484375 0.03125 0.0625
0 0.9484375 0.02421875 0.0640625 0.0484375
0 0.3609375 0.24140625 0.0625 0.0625
0 0.64296875 0.3078125 0.06328125 0.06328125
0 0.48984375 0.09921875 0.06015625 0.0609375
0 0.03359375 0.11640625 0.06171875 0.06171875
0 0.9 0.053125 0.06328125 0.06171875
0 0.1640625 0.11484375 0.06171875 0.0609375
0 0.3328125 0.18671875 0.06015625 0.06171875
0 0.83515625 0.29453125 0.0609375 0.059375
0 0.3734375 0.1328125 0.06015625 0.0609375
0 0.85390625 0.01875 0.06171875 0.03671875
0 0.265625 0.19140625 0.0609375 0.06171875
0 0.84140625 0.18046875 0.0625 0.059375
0 0.825 0.06953125 0.06640625 0.06328125
0 0.3046875 0.1265625 0.06171875 0.06171875
0 0.553125 0.0875 0.0578125 0.059375
0 0.6890625 0.0734375 0.06171875 0.06015625
0 0.13125 0.0671875 0.0609375 0.059375
0 0.72109375 0.02265625 0.06015625 0.04453125
0 0.27109375 0.021875 0.06171875 0.04296875
0 0.70234375 0.18671875 0.0609375 0.0640625
0 0.58125 0.0296875 0.0640625 0.059375
0 0.61875 0.07109375 0.0640625 0.059375
0 0.94140625 0.24296875 0.06015625 0.0625
0 0.0609375 0.0640625 0.06328125 0.06484375
0 0.16171875 0.0265625 0.0625 0.05234375
0 0.75546875 0.0578125 0.06328125 0.059375
0 0.33203125 0.31484375 0.0609375 0.0609375
0 0.09375 0.0140625 0.0640625 0.02734375
0 0.52421875 0.25234375 0.0640625 0.05859375
0 0.2265625 0.240625 0.06171875 0.06328125
0 0.659375 0.0265625 0.0625 0.053125
0 0.640625 0.2 0.059375 0.0609375
0 0.21171875 0.06328125 0.06171875 0.0625
0 0.55859375 0.30234375 0.06171875 0.06328125
0 0.77109375 0.30078125 0.0609375 0.06015625
0 0.02890625 0.0125 0.0578125 0.02421875
0 0.271875 0.071875 0.06015625 0.05546875
0 0.98671875 0.1359375 0.0265625 0.0625
0 0.3328125 0.02265625 0.0609375 0.0453125
0 0.35234375 0.07109375 0.06171875 0.059375
0 0.590625 0.12421875 0.06171875 0.0609375
0 0.26171875 0.303125 0.0625 0.0625
0 0.42734375 0.08984375 0.06015625 0.06015625
0 0.1921875 0.2890625 0.06328125 0.05859375
0 0.3953125 0.303125 0.06015625 0.0625
0 0.709375 0.30078125 0.06015625 0.06171875
1 0.0359375 0.2421875 0.06171875 0.05390625
1 0.128125 0.29375 0.0609375 0.0578125
1 0.43984375 0.25546875 0.06484375 0.0546875
1 0.1328125 0.17421875 0.05625 0.05
1 0.29296875 0.246875 0.05625 0.05234375
1 0.47890625 0.30625 0.05859375 0.06015625
1 0.56875 0.1984375 0.05546875 0.05625
1 0.4625 0.0328125 0.06171875 0.0625
1 0.96328125 0.2953125 0.0671875 0.053125
1 0.90390625 0.1765625 0.05859375 0.05078125
0 0.44453125 0.14609375 0.06484375 0.059375
1 0.8015625 0.23359375 0.06328125 0.05859375
1 0.22578125 0.115625 0.059375 0.05078125
0 0.9875 0.2453125 0.025 0.04921875
1 0.196875 0.1765625 0.0546875 0.05703125
1 0.89609375 0.2921875 0.0546875 0.0546875
1 0.59921875 0.24921875 0.06796875 0.0578125
1 0.06328125 0.2921875 0.05546875 0.05703125
0 0.215625 0.0078125 0.0640625 0.015625
1 0.7625 0.178125 0.06171875 0.04453125