0 0.6359375 0.8578125 0.12578125 0.1171875
1 0.06328125 0.0359375 0.1203125 0.071875
0 0.04140625 0.60546875 0.0828125 0.1109375
0 0.553125 0.93671875 0.1234375 0.1234375
0 0.1515625 0.19765625 0.10546875 0.1109375
0 0.946875 0.51328125 0.10625 0.13203125
0 0.32265625 0.0859375 0.14296875 0.11640625
0 0.58046875 0.078125 0.121875 0.1203125
0 0.81640625 0.16484375 0.13984375 0.1296875
0 0.7078125 0.76171875 0.12890625 0.15078125
1 0.15390625 0.03125 0.0796875 0.06171875
0 0.7640625 0.28515625 0.12890625 0.12265625
0 0.453125 0.0890625 0.121875 0.11015625
1 0.115625 0.109375 0.103125 0.09375
0 0.72265625 0.06328125 0.125 0.121875
0 0.9015625 0.62734375 0.128125 0.12265625
0 0.66875 0.18515625 0.12734375 0.12109375
0 0.2109375 0.1046875 0.090625 0.11171875
0 0.446875 0.6609375 0.15390625 0.153125
0 0.75703125 0.6375 0.128125 0.140625
0 0.53671875 0.53828125 0.1296875 0.13515625
0 0.47890625 0.828125 0.128125 0.12578125
0 0.29140625 0.93359375 0.11875 0.1328125
0 0.196875 0.31796875 0.1109375 0.11640625
0 0.090625 0.296875 0.1 0.11484375
0 0.81015625 0.51484375 0.1234375 0.1265625
0 0.5828125 0.41171875 0.12421875 0.11796875
0 0.80859375 0.85625 0.14296875 0.12109375
0 0.45625 0.43046875 0.11640625 0.1140625
0 0.10703125 0.7078125 0.10703125 0.11484375
0 0.859375 0.0453125 0.15234375 0.090625
0 0.96953125 0.38125 0.0609375 0.140625
0 0.13125 0.4046875 0.12734375 0.1171875
0 0.25 0.02109375 0.11484375 0.040625
0 0.3859375 0.01796875 0.1234375 0.0359375
0 0.86875 0.7453125 0.12265625 0.1109375
0 0.203125 0.83515625 0.11171875 0.1125
0 0.72734375 0.4015625 0.1296875 0.12265625
0 0.51484375 0.0171875 0.1203125 0.0328125
0 0.353125 0.84296875 0.121875 0.11875
0 0.1015625 0.51953125 0.1015625 0.1125
0 0.6171875 0.6390625 0.14765625 0.11875
0 0.159375 0.9421875 0.128125 0.1109375
0 0.675 0.52421875 0.12890625 0.12578125
0 0.55234375 0.73671875 0.12578125 0.1203125
0 0.18046875 0.61875 0.10546875 0.11328125
0 0.7359375 0.94765625 0.12421875 0.0984375
0 0.01328125 0.70234375 0.0265625 0.1265625
0 0.36171875 0.32578125 0.109375 0.1046875
0 0.51796875 0.2015625 0.12734375 0.1203125
1 0.05078125 0.18515625 0.1015625 0.1171875
0 0.96171875 0.8375 0.0765625 0.13203125
0 0.07890625 0.83828125 0.10625 0.1203125
0 0.2546875 0.75703125 0.1140625 0.1078125
0 0.2296875 0.5109375 0.128125 0.11640625
0 0.91640625 0.27421875 0.13359375 0.1265625
0 0.021875 0.371875 0.04375 0.121875
0 0.86328125 0.40234375 0.1359375 0.15078125
0 0.97734375 0.7234375 0.0453125 0.13046875
0 0.015625 0.4984375 0.0296875 0.13125
0 0.92578125 0.93984375 0.13828125 0.1203125
0 0.63046875 0.29921875 0.11953125 0.11796875
0 0.4015625 0.53203125 0.12578125 0.1234375
0 0.41796875 0.94140625 0.15546875 0.1140625
0 0.953125 0.13203125 0.09375 0.1203125
0 0.96875 0.03671875 0.0625 0.0734375
0 0.33046875 0.20703125 0.1171875 0.1015625
0 0.3078125 0.4203125 0.09609375 0.1078125
0 0.49375 0.309375 0.1296875 0.11171875
0 0.3921875 0.734375 0.1078125 0.09921875
0 0.2640625 0.6484375 0.125 0.1171875
1 0.03828125 0.1015625 0.06640625 0.05234375