0 0.578125 0.4 0.0625 0.0625
0 0.64140625 0.4078125 0.0609375 0.0625
0 0.909375 0.4109375 0.0625 0.0625
0 0.70546875 0.221875 0.0640625 0.065625
0 0.67265625 0.471875 0.0640625 0.0625
0 0.86796875 0.22734375 0.0703125 0.0640625
0 0.61484375 0.3484375 0.0609375 0.0625
0 0.9703125 0.415625 0.059375 0.065625
0 0.73671875 0.4765625 0.0640625 0.065625
0 0.70546875 0.4140625 0.0640625 0.0625
0 0.74765625 0.96171875 0.0671875 0.0671875
0 0.60625 0.46171875 0.065625 0.0640625
0 0.5546875 0.33828125 0.059375 0.0578125
0 0.68125 0.96015625 0.065625 0.0640625
0 0.53828125 0.45234375 0.0640625 0.0609375
0 0.8828125 0.3546875 0.065625 0.0625
0 0.59140625 0.28828125 0.0546875 0.0578125
0 0.703125 0.53046875 0.065625 0.0640625
0 0.8703125 0.4734375 0.0625 0.065625
0 0.653125 0.271875 0.065625 0.0625
0 0.9484375 0.35390625 0.0625 0.0609375
0 0.74921875 0.16953125 0.0671875 0.0609375
0 0.284375 0.2171875 0.0625 0.0625
0 0.95 0.95546875 0.065625 0.0640625
0 0.31015625 0.27578125 0.0640625 0.0609375
0 0.31953125 0.1453125 0.0640625 0.065625
0 0.9765625 0.896875 0.046875 0.06875
0 0.36953125 0.10390625 0.0640625 0.0640625
0 0.81328125 0.95546875 0.0640625 0.0640625
0 0.63359375 0.2109375 0.0671875 0.065625
0 0.67734375 0.35078125 0.0640625 0.0640625
0 0.340625 0.32890625 0.065625 0.0609375
0 0.9359375 0.771875 0.065625 0.0625
0 0.94609375 0.23125 0.0671875 0.06875
0 0.5359375 0.125 0.065625 0.059375
0 0.50625 0.51015625 0.059375 0.0640625
0 0.35078125 0.2078125 0.0640625 0.0625
0 0.77421875 0.265625 0.0640625 0.0625
0 0.77734375 0.9015625 0.0671875 0.065625
0 0.6953125 0.721875 0.065625 0.065625
0 0.89453125 0.721875 0.0578125 0.065625
0 0.565625 0.515625 0.059375 0.059375
0 0.5328125 0.28125 0.05625 0.059375
0 0.6703125 0.65859375 0.0625 0.0609375
0 0.6875 0.84140625 0.065625 0.0671875
0 0.61953125 0.70625 0.0671875 0.0625
0 0.5125 0.3953125 0.065625 0.065625
0 0.36484375 0.3859375 0.0640625 0.0625
0 0.7265625 0.784375 0.065625 0.0625
0 0.75234375 0.84375 0.0609375 0.065625
0 0.7703125 0.4125 0.065625 0.065625
0 0.51171875 0.2203125 0.0671875 0.059375
0 0.803125 0.47265625 0.065625 0.0640625
0 0.190625 0.04609375 0.0625 0.0609375
0 0.8796875 0.95546875 0.065625 0.0640625
0 0.8375 0.7203125 0.06875 0.065625
0 0.46640625 0.5671875 0.0640625 0.06875
0 0.50625 0.6421875 0.071875 0.071875
0 0.59140625 0.64453125 0.0765625 0.0671875
0 0.721875 0.59375 0.065625 0.0625
0 0.7328125 0.66171875 0.071875 0.0703125
0 0.23125 0.10078125 0.0625 0.0609375
1 0.31796875 0.07578125 0.0796875 0.0578125
1 0.25625 0.15859375 0.078125 0.0515625
1 0.40078125 0.16171875 0.0640625 0.0609375
1 0.47109375 0.1625 0.0765625 0.0625
1 0.43046875 0.221875 0.0828125 0.05625
1 0.38359375 0.2609375 0.0859375 0.05625
1 0.46796875 0.26953125 0.0765625 0.0609375
1 0.40546875 0.32265625 0.0609375 0.0578125
1 0.4890625 0.33125 0.075 0.0625
0 0.440625 0.3859375 0.06875 0.06875
0 0.57734375 0.234375 0.0671875 0.065625
1 0.5859375 0.1625 0.059375 0.06875
1 0.70390625 0.13984375 0.0703125 0.0703125
1 0.8125 0.2 0.065625 0.06875
1 0.9296875 0.16484375 0.065625 0.0765625
1 0.40546875 0.45078125 0.0671875 0.0578125
1 0.47265625 0.4546875 0.0546875 0.059375
1 0.440625 0.50625 0.075 0.05625
1 0.7171875 0.29375 0.065625 0.05625
1 0.8453125 0.29296875 0.065625 0.0640625
1 0.73984375 0.35078125 0.0640625 0.0640625
1 0.81015625 0.34921875 0.0671875 0.0578125
1 0.9140625 0.28984375 0.065625 0.0671875
1 0.9765625 0.29921875 0.046875 0.0609375
1 0.840625 0.40859375 0.06875 0.0578125
1 0.9390625 0.4765625 0.059375 0.059375
1 0.98671875 0.48125 0.0265625 0.05625
1 0.62890625 0.52578125 0.0640625 0.0546875
1 0.7734375 0.53671875 0.065625 0.0578125
1 0.83828125 0.5375 0.0609375 0.0625
1 0.89765625 0.5375 0.0546875 0.06875
1 0.9546875 0.5375 0.059375 0.05625
1 0.5421875 0.57578125 0.05 0.0609375
1 0.60625 0.5796875 0.08125 0.053125
1 0.665625 0.5921875 0.04375 0.05625
1 0.79375 0.60078125 0.065625 0.0578125
1 0.85859375 0.6 0.0640625 0.059375
1 0.9234375 0.59765625 0.0625 0.0609375
1 0.9765625 0.59765625 0.046875 0.0546875
1 0.8109375 0.65625 0.065625 0.05
1 0.8734375 0.65859375 0.0625 0.0578125
1 0.940625 0.659375 0.071875 0.0625
1 0.5515625 0.70078125 0.0625 0.0578125
1 0.77109375 0.72265625 0.0671875 0.0640625
1 0.96875 0.71015625 0.0625 0.0515625
1 0.58125 0.7625 0.075 0.065625
1 0.65703125 0.7734375 0.0640625 0.065625
1 0.7984375 0.78046875 0.071875 0.0484375
1 0.86796875 0.7796875 0.0671875 0.05625
1 0.621875 0.834375 0.0625 0.065625
1 0.8234375 0.83828125 0.075 0.0546875
1 0.89296875 0.840625 0.0546875 0.0625
1 0.95703125 0.834375 0.0703125 0.05625
1 0.65078125 0.89921875 0.0609375 0.0609375
1 0.7125 0.89765625 0.0625 0.0578125
1 0.8515625 0.890625 0.0625 0.046875