0 0.859375 0.38828125 0.06171875 0.06328125
0 0.14765625 0.32421875 0.0640625 0.06328125
0 0.67265625 0.55 0.06484375 0.0625
0 0.78515625 0.5 0.0640625 0.06171875
0 0.4375 0.83203125 0.065625 0.0640625
0 0.3109375 0.3640625 0.065625 0.06328125
0 0.03515625 0.33359375 0.0640625 0.06328125
0 0.6859375 0.6734375 0.06171875 0.06328125
0 0.028125 0.5609375 0.05546875 0.06484375
0 0.40234375 0.55859375 0.06328125 0.0640625
0 0.825 0.4484375 0.06484375 0.0640625
0 0.59921875 0.22265625 0.065625 0.06171875
0 0.3578125 0.9546875 0.06796875 0.0640625
0 0.103125 0.48671875 0.06484375 0.06328125
0 0.33359375 0.296875 0.06640625 0.0640625
0 0.17109375 0.834375 0.0609375 0.06015625
0 0.50390625 0.82734375 0.0640625 0.0640625
0 0.1640625 0.16484375 0.065625 0.06328125
0 0.371875 0.83046875 0.06484375 0.0625
0 0.02265625 0.39375 0.0453125 0.065625
0 0.71875 0.61328125 0.06328125 0.06171875
0 0.04609375 0.028125 0.06796875 0.05625
0 0.4875 0.66328125 0.065625 0.06328125
0 0.4921875 0.0203125 0.06640625 0.03984375
0 0.60859375 0.546875 0.0609375 0.06171875
0 0.52109375 0.4375 0.0625 0.0625
0 0.02265625 0.665625 0.0453125 0.0625
0 0.5140625 0.1203125 0.06796875 0.0640625
0 0.878125 0.203125 0.06484375 0.0640625
0 0.58203125 0.11171875 0.0640625 0.06171875
0 0.83203125 0.02890625 0.06640625 0.0578125
0 0.40078125 0.2859375 0.0625 0.06328125
0 0.0390625 0.496875 0.0640625 0.0640625
0 0.57265625 0.48203125 0.0671875 0.0625
0 0.6171875 0.6640625 0.06171875 0.0609375
0 0.7515625 0.44609375 0.065625 0.06328125
0 0.35625 0.4890625 0.06484375 0.06484375
0 0.246875 0.37421875 0.06328125 0.06484375
0 0.16484375 0.50078125 0.06171875 0.06328125
0 0.2875 0.24921875 0.0671875 0.0625
0 0.290625 0.4921875 0.06328125 0.06328125
0 0.89921875 0.028125 0.0640625 0.05625
0 0.0171875 0.85703125 0.034375 0.0640625
0 0.54140625 0.89765625 0.0625 0.0625
0 0.46484375 0.5578125 0.06328125 0.0640625
0 0.69140625 0.03828125 0.0671875 0.0625
0 0.4453125 0.953125 0.0671875 0.06640625
0 0.48984375 0.49765625 0.06484375 0.0625
0 0.44609375 0.33515625 0.065625 0.0640625
0 0.2140625 0.9640625 0.06484375 0.065625
0 0.7578125 0.5625 0.06328125 0.0640625
0 0.04296875 0.8 0.06640625 0.065625
0 0.65 0.60859375 0.06484375 0.0609375
0 0.33359375 0.55703125 0.06484375 0.06484375
0 0.53984375 0.540625 0.06640625 0.06328125
0 0.4625 0.2703125 0.0640625 0.06328125
0 0.32109375 0.42890625 0.06484375 0.0625
0 0.35546875 0.23515625 0.06328125 0.0640625
0 0.553125 0.66875 0.0640625 0.06484375
0 0.51484375 0.603125 0.065625 0.06328125
0 0.43828125 0.7078125 0.06484375 0.06328125
0 0.71015625 0.27265625 0.06640625 0.0640625
0 0.5875 0.72578125 0.0640625 0.0625
0 0.5515625 0.36484375 0.0625 0.06328125
0 0.575 0.84453125 0.0625 0.0625
0 0.6328125 0.16640625 0.06796875 0.06484375
0 0.7171875 0.38515625 0.0640625 0.0625
0 0.2109375 0.31875 0.0625 0.0609375
0 0.22734375 0.50546875 0.06328125 0.0640625
0 0.7984375 0.078125 0.06484375 0.06171875
0 0.22578125 0.7859375 0.065625 0.06328125
0 0.31640625 0.12578125 0.06640625 0.0625
0 0.63828125 0.4921875 0.06484375 0.06328125
0 0.54296875 0.0625 0.065625 0.0640625
0 0.7828125 0.38828125 0.06640625 0.065625
0 0.1625 0.76953125 0.06640625 0.06328125
0 0.5125 0.96328125 0.0609375 0.06484375
0 0.475 0.8875 0.065625 0.0625
0 0.109375 0.8234375 0.06484375 0.0609375
0 0.5875 0.41953125 0.06328125 0.0625
0 0.2734375 0.89921875 0.065625 0.0625
0 0.67578125 0.32890625 0.06328125 0.0625
0 0.42265625 0.221875 0.06328125 0.0625
0 0.74375 0.32421875 0.06484375 0.0609375
0 0.06796875 0.42890625 0.065625 0.06484375
0 0.55625 0.16953125 0.065625 0.06171875
0 0.190625 0.896875 0.0640625 0.0640625
0 0.64375 0.3875 0.06484375 0.0640625
0 0.6703125 0.21328125 0.0640625 0.06171875
0 0.6109375 0.79375 0.06328125 0.0625
0 0.871875 0.08203125 0.06640625 0.06171875
0 0.775 0.14609375 0.0671875 0.065625
0 0.5171875 0.71875 0.065625 0.0578125
0 0.58203125 0.6078125 0.06328125 0.06328125
0 0.271875 0.30703125 0.06015625 0.06328125
0 0.4640625 0.771875 0.06484375 0.06328125
0 0.11953125 0.0453125 0.065625 0.0625
0 0.81328125 0.20703125 0.0640625 0.06171875
0 0.48984375 0.3796875 0.0640625 0.0609375
0 0.01640625 0.734375 0.03203125 0.06328125
0 0.1953125 0.25625 0.0671875 0.0640625
0 0.06171875 0.61875 0.06640625 0.0640625
0 0.303125 0.18359375 0.06484375 0.0609375
0 0.5109375 0.3109375 0.06328125 0.0625
0 0.25546875 0.43984375 0.06328125 0.06328125
0 0.56875 0.28203125 0.06484375 0.0640625
0 0.1828125 0.3796875 0.065625 0.06171875
0 0.4234375 0.49453125 0.06171875 0.0625
0 0.0609375 0.70625 0.06640625 0.0625
0 0.97734375 0.02890625 0.0453125 0.0578125
0 0.23984375 0.6171875 0.065625 0.065625
0 0.3953125 0.7703125 0.065625 0.0640625
0 0.8421875 0.14140625 0.065625 0.06328125
0 0.3765625 0.6203125 0.0640625 0.0640625
0 0.1390625 0.22265625 0.06328125 0.0609375
0 0.228125 0.14296875 0.0640625 0.06328125
0 0.015625 0.2828125 0.03125 0.0609375
0 0.2328125 0.8484375 0.06171875 0.05703125
0 0.68359375 0.43984375 0.065625 0.0625
0 0.54765625 0.77421875 0.0609375 0.06328125
0 0.09140625 0.28984375 0.06640625 0.0625
0 0.896875 0.33203125 0.0703125 0.06484375
0 0.134375 0.41875 0.05859375 0.06328125
0 0.128125 0.890625 0.065625 0.06328125
0 0.64375 0.2796875 0.06015625 0.0609375
0 0.56015625 0.0125 0.0671875 0.025
0 0.096875 0.365625 0.06484375 0.06171875
0 0.065625 0.871875 0.06015625 0.0640625
0 0.3078125 0.6140625 0.06484375 0.06328125
0 0.45546875 0.44296875 0.06640625 0.0640625
0 0.71953125 0.49765625 0.06171875 0.059375
0 0.65390625 0.72265625 0.0578125 0.0609375
0 0.16484375 0.01640625 0.0640625 0.0328125
0 0.1875 0.56796875 0.0671875 0.06484375
0 0.8171875 0.33046875 0.06640625 0.0625
0 0.7796875 0.2671875 0.0625 0.0640625
1 0.33359375 0.765625 0.0609375 0.06171875
1 0.178125 0.659375 0.06875 0.0625
1 0.70625 0.153125 0.0625 0.05703125
1 0.228125 0.02109375 0.06484375 0.0421875
1 0.915625 0.26484375 0.06484375 0.05546875
0 0.18828125 0.440625 0.06171875 0.0625
1 0.3578125 0.69296875 0.0640625 0.05546875
1 0.334375 0.05703125 0.06953125 0.05390625
1 0.0609375 0.09140625 0.06953125 0.0609375
1 0.65234375 0.09921875 0.06640625 0.05546875
1 0.2921875 0.01953125 0.059375 0.0390625
1 0.0953125 0.165625 0.065625 0.05859375
1 0.3796875 0.3578125 0.0609375 0.05546875
0 0.60625 0.3328125 0.06328125 0.0609375
1 0.84453125 0.26875 0.059375 0.0609375
1 0.3 0.82890625 0.0609375 0.05625
0 0.64609375 0.01015625 0.071875 0.01953125
1 0.4296875 0.13984375 0.06484375 0.05703125
1 0.41171875 0.0328125 0.059375 0.065625
1 0.2609375 0.07265625 0.059375 0.0671875
0 0.14140625 0.94765625 0.06640625 0.06171875
1 0.5203125 0.2328125 0.05703125 0.06875
1 0.2734375 0.73203125 0.0609375 0.06953125
1 0.1296875 0.61171875 0.05625 0.065625
1 0.459375 0.075 0.075 0.06015625
1 0.75546875 0.034375 0.05625 0.065625
1 0.384375 0.1015625 0.0546875 0.06796875
1 0.33359375 0.88359375 0.05625 0.0609375
1 0.38671875 0.4234375 0.0609375 0.07109375
1 0.0609375 0.221875 0.06484375 0.07109375
1 0.03671875 0.15078125 0.0578125 0.065625
1 0.978125 0.15078125 0.04375 0.06328125
0 0.28046875 0.965625 0.065625 0.06171875
1 0.09765625 0.74921875 0.0625 0.07265625
1 0.7234375 0.090625 0.0671875 0.05078125
1 0.73828125 0.2078125 0.059375 0.06171875
1 0.128125 0.109375 0.059375 0.065625
1 0.10703125 0.55 0.05703125 0.06328125
1 0.39765625 0.89375 0.06796875 0.065625
1 0.6109375 0.05 0.0625 0.06484375
0 0.36171875 0.00703125 0.06875 0.0140625
0 0.05859375 0.98828125 0.0703125 0.0234375
1 0.475 0.18046875 0.0578125 0.0625
1 0.91171875 0.1390625 0.04921875 0.05390625
0 0.009375 0.46015625 0.01875 0.06328125
1 0.07109375 0.93984375 0.04921875 0.0578125
1 0.940625 0.08515625 0.05859375 0.053125
1 0.95703125 0.2140625 0.06640625 0.06484375
1 0.1890625 0.078125 0.06328125 0.0640625
0 0.16953125 0.990625 0.0671875 0.01875
1 0.01953125 0.9265625 0.0390625 0.06015625
1 0.01328125 0.09296875 0.0265625 0.0578125
1 0.22890625 0.1984375 0.05859375 0.05078125
1 0.0140625 0.1953125 0.028125 0.05
1 0.37421875 0.16640625 0.05234375 0.05234375
0 0.4375 0.6171875 0.0625 0.0609375
0 0.00859375 0.97734375 0.0171875 0.0453125
0 0.27109375 0.5546875 0.059375 0.059375
1 0.30390625 0.66640625 0.06484375 0.04296875