0 0.153125 0.0265625 0.06796875 0.05234375
0 0.39609375 0.3875 0.065625 0.06640625
0 0.02109375 0.48046875 0.0421875 0.0640625
0 0.396875 0.65234375 0.0671875 0.06640625
0 0.34453125 0.11015625 0.0671875 0.065625
0 0.0734375 0.48828125 0.06171875 0.06484375
0 0.240625 0.0515625 0.065625 0.0640625
0 0.37421875 0.5265625 0.06484375 0.06640625
0 0.134375 0.50078125 0.06484375 0.065625
0 0.43828125 0.32265625 0.065625 0.0640625
0 0.02890625 0.359375 0.0578125 0.06484375
0 0.5984375 0.6296875 0.065625 0.06484375
0 0.20078125 0.528125 0.06640625 0.0671875
0 0.70859375 0.0265625 0.06171875 0.053125
0 0.403125 0.14921875 0.06484375 0.06484375
0 0.02265625 0.01640625 0.0453125 0.0328125
0 0.7765625 0.334375 0.06484375 0.06328125
0 0.3640625 0.71015625 0.06328125 0.06640625
0 0.85546875 0.059375 0.0640625 0.0640625
0 0.11171875 0.64140625 0.065625 0.0640625
0 0.18359375 0.07578125 0.0640625 0.0609375
0 0.12265625 0.25625 0.06640625 0.06953125
0 0.92578125 0.09140625 0.0640625 0.0640625
0 0.46484375 0.38203125 0.06484375 0.0640625
0 0.42578125 0.9140625 0.06484375 0.06875
0 0.63515625 0.5734375 0.06328125 0.065625
0 0.609375 0.5046875 0.065625 0.065625
0 0.50078125 0.31484375 0.065625 0.065625
0 0.11015625 0.75625 0.0640625 0.06484375
0 0.575 0.44296875 0.0671875 0.065625
0 0.5921875 0.2609375 0.065625 0.065625
0 0.27265625 0.7921875 0.06484375 0.0671875
0 0.55078125 0.68515625 0.06640625 0.06484375
0 0.04765625 0.1453125 0.065625 0.0671875
0 0.30859375 0.503125 0.06328125 0.06328125
0 0.0265625 0.86796875 0.053125 0.0640625
0 0.275 0.65546875 0.06328125 0.06796875
0 0.29765625 0.7265625 0.0640625 0.065625
0 0.1078125 0.0671875 0.06640625 0.06484375
0 0.15078125 0.69453125 0.065625 0.065625
0 0.771875 0.0390625 0.0640625 0.0640625
0 0.3328125 0.3765625 0.0640625 0.06171875
0 0.52578125 0.25546875 0.0625 0.0625
0 0.484375 0.7953125 0.06640625 0.06640625
0 0.5625 0.1875 0.06640625 0.0640625
0 0.2671875 0.55078125 0.0640625 0.06640625
0 0.534375 0.3828125 0.06484375 0.06640625
0 0.7703125 0.1046875 0.0640625 0.06328125
0 0.20234375 0.340625 0.06640625 0.0640625
0 0.1875 0.934375 0.0640625 0.06484375
0 0.81796875 0.2828125 0.06484375 0.06484375
0 0.43828125 0.51640625 0.0625 0.06640625
0 0.24609375 0.48359375 0.065625 0.06640625
0 0.3796875 0.01328125 0.065625 0.0265625
0 0.5328125 0.7515625 0.0640625 0.06796875
0 0.29296875 0.440625 0.06484375 0.0640625
0 0.0890625 0.865625 0.06484375 0.065625
0 0.3578125 0.90703125 0.065625 0.0671875
0 0.9703125 0.02109375 0.059375 0.0421875
0 0.5 0.546875 0.06484375 0.06484375
0 0.175 0.45625 0.06484375 0.0625
0 0.159375 0.39296875 0.065625 0.06328125
0 0.1671875 0.87265625 0.065625 0.0640625
0 0.33984375 0.784375 0.06484375 0.0671875
0 0.33515625 0.6359375 0.06171875 0.06796875
0 0.08046875 0.015625 0.06328125 0.03125
0 0.05625 0.228125 0.0625 0.0625
0 0.56640625 0.56328125 0.0625 0.0640625
0 0.0609375 0.55078125 0.06796875 0.0640625
0 0.60234375 0.3796875 0.065625 0.06328125
0 0.6015625 0.0765625 0.06640625 0.0640625
1 0.06875 0.296875 0.06328125 0.06171875
0 0.078125 0.6984375 0.0640625 0.0625
0 0.38203125 0.8390625 0.06484375 0.0640625
0 0.8234375 0.01484375 0.06796875 0.02890625
1 0.36015625 0.4421875 0.06015625 0.0578125
0 0.678125 0.50703125 0.065625 0.06484375
0 0.90625 0.021875 0.065625 0.04375
1 0.35625 0.19375 0.0671875 0.0625
1 0.08828125 0.37265625 0.0625 0.06015625
1 0.4828125 0.4484375 0.065625 0.059375
1 0.2171875 0.21640625 0.0625 0.059375
1 0.76796875 0.215625 0.0609375 0.0484375
1 0.2796875 0.228125 0.05703125 0.06875
1 0.4578125 0.25859375 0.065625 0.05546875
0 0.5421875 0.49375 0.065625 0.0625
1 0.6453125 0.32109375 0.05390625 0.05703125
1 0.2984375 0.16484375 0.0609375 0.05546875
1 0.03203125 0.06875 0.06328125 0.059375
1 0.046875 0.63046875 0.0625 0.06953125
1 0.5140625 0.03828125 0.06484375 0.0703125
1 0.26796875 0.3640625 0.0609375 0.06171875
1 0.17734375 0.60625 0.0578125 0.0703125
1 0.11953125 0.13203125 0.065625 0.0625
0 0.215625 0.0109375 0.065625 0.02109375
1 0.3953125 0.25859375 0.05234375 0.06328125
1 0.4453125 0.5875 0.053125 0.06328125
1 0.275 0.10703125 0.06875 0.05703125
1 0.6765625 0.38203125 0.06640625 0.05703125
1 0.47109375 0.1265625 0.065625 0.0671875
1 0.33984375 0.26015625 0.06171875 0.06640625
1 0.05859375 0.790625 0.071875 0.07265625
0 0.521875 0.609375 0.06875 0.06328125
1 0.64296875 0.44140625 0.06171875 0.06015625
1 0.57265625 0.31640625 0.06875 0.05390625
1 0.8046875 0.1703125 0.059375 0.05859375
1 0.4921875 0.19609375 0.06953125 0.06953125
0 0.69453125 0.08203125 0.0640625 0.06015625
1 0.7390625 0.38359375 0.05625 0.0546875
1 0.11796875 0.92734375 0.06328125 0.06328125
1 0.13984375 0.815625 0.059375 0.05703125
1 0.1859375 0.13671875 0.059375 0.05078125
1 0.2375 0.721875 0.0578125 0.0671875
1 0.22578125 0.40859375 0.0625 0.0609375
1 0.240625 0.16171875 0.05625 0.0671875
1 0.20390625 0.6625 0.06484375 0.0515625
1 0.16328125 0.1890625 0.05703125 0.0578125
1 0.01640625 0.2828125 0.0328125 0.0734375
1 0.66640625 0.25703125 0.06328125 0.0703125
1 0.83515625 0.11171875 0.0609375 0.04765625
1 0.17421875 0.76328125 0.065625 0.0640625
1 0.4125 0.77890625 0.06328125 0.059375
1 0.57421875 0.0203125 0.0640625 0.040625
1 0.4296875 0.71328125 0.06015625 0.05390625
1 0.23828125 0.596875 0.059375 0.05078125
1 0.0546875 0.934375 0.06015625 0.071875
1 0.209375 0.81796875 0.0609375 0.05390625
1 0.7109375 0.3265625 0.0640625 0.053125
1 0.37421875 0.32421875 0.05703125 0.06484375
1 0.4234375 0.45078125 0.05234375 0.0609375
1 0.259375 0.93515625 0.06484375 0.07109375
1 0.73046875 0.26796875 0.05390625 0.06171875
1 0.38203125 0.58984375 0.06484375 0.0546875
1 0.54609375 0.10703125 0.07421875 0.07734375
1 0.13515625 0.325 0.06171875 0.0671875
1 0.71171875 0.15078125 0.059375 0.06171875
1 0.04609375 0.4234375 0.065625 0.0640625
1 0.29375 0.853125 0.06328125 0.053125
1 0.24765625 0.28828125 0.0671875 0.06875
0 0.65859375 0.1859375 0.0640625 0.0609375
1 0.234375 0.86875 0.053125 0.059375
1 0.71171875 0.4484375 0.0609375 0.06953125
1 0.315625 0.95546875 0.0609375 0.06171875
1 0.103125 0.184375 0.06171875 0.0515625
1 0.4140625 0.06640625 0.07265625 0.0625
1 0.48515625 0.68046875 0.0546875 0.06328125
1 0.440625 0.02734375 0.0625 0.0546875
1 0.18359375 0.2734375 0.05546875 0.06484375
1 0.3140625 0.3140625 0.06328125 0.06796875
0 0.00703125 0.125 0.0140625 0.06875
1 0.42421875 0.20390625 0.0546875 0.05546875
1 0.025 0.725 0.05 0.05859375
1 0.4515625 0.84921875 0.06484375 0.05625
1 0.30234375 0.0140625 0.078125 0.028125
1 0.0125 0.20625 0.025 0.06796875
1 0.609375 0.1421875 0.06328125 0.05859375
1 0.875 0.146875 0.05390625 0.04375
1 0.7046875 0.20703125 0.05 0.053125
1 0.384375 0.9734375 0.059375 0.053125
1 0.09375 0.98125 0.0765625 0.03671875
1 0.85078125 0.21171875 0.06015625 0.04765625
1 0.23203125 0.9828125 0.05234375 0.034375
1 0.65 0.0109375 0.06875 0.0203125