1 0.92578125 0.04921875 0.1484375 0.0984375
1 0.7640625 0.0578125 0.18125 0.115625
1 0.87578125 0.15703125 0.1875 0.190625
1 0.95703125 0.309375 0.0859375 0.2125
1 0.584375 0.07109375 0.175 0.1421875
1 0.70390625 0.1765625 0.1734375 0.1859375
1 0.8234375 0.3265625 0.18125 0.1890625
1 0.9015625 0.46953125 0.1875 0.20703125
1 0.9171875 0.79453125 0.1640625 0.18203125
1 0.84375 0.63359375 0.17734375 0.1859375
1 0.72265625 0.46875 0.16640625 0.2109375
1 0.63203125 0.33828125 0.18984375 0.18984375
1 0.53125 0.1890625 0.1859375 0.2015625
1 0.4140625 0.0828125 0.184375 0.165625
1 0.22578125 0.08984375 0.1890625 0.1796875
1 0.32421875 0.221875 0.18125 0.22265625
1 0.4390625 0.334375 0.1875 0.1875
1 0.55078125 0.4796875 0.19296875 0.21171875
1 0.66328125 0.6296875 0.19140625 0.18828125
1 0.74921875 0.79296875 0.17578125 0.178125
1 0.83671875 0.91953125 0.165625 0.1609375
1 0.665625 0.92265625 0.1875 0.1546875
1 0.4765625 0.928125 0.18125 0.14375
1 0.2984375 0.93515625 0.1875 0.1296875
1 0.390625 0.80390625 0.18984375 0.1859375
1 0.57578125 0.77578125 0.1828125 0.19609375
1 0.4765625 0.65859375 0.1828125 0.1875
1 0.36953125 0.5 0.18125 0.18984375
1 0.2953125 0.66875 0.18125 0.18046875
1 0.20546875 0.82265625 0.1890625 0.18125
1 0.11171875 0.94140625 0.1859375 0.1171875
1 0.05390625 0.84609375 0.1078125 0.178125
1 0.10546875 0.68046875 0.184375 0.16953125
1 0.05 0.55 0.1 0.1890625
1 0.19375 0.54140625 0.1796875 0.1828125
1 0.08515625 0.4078125 0.1703125 0.20625
1 0.2609375 0.38984375 0.1859375 0.18515625
1 0.1515625 0.24296875 0.1578125 0.18515625
1 0.0734375 0.09765625 0.146875 0.1953125
1 0.03984375 0.246875 0.0796875 0.1828125