0 0.03203125 0.9828125 0.0421875 0.034375
0 0.0765625 0.9796875 0.04375 0.040625
0 0.12109375 0.9796875 0.04375 0.040625
0 0.1625 0.97109375 0.0421875 0.04609375
0 0.2125 0.9796875 0.04375 0.040625
0 0.25859375 0.9796875 0.04375 0.040625
0 0.3046875 0.9796875 0.04375 0.040625
0 0.34765625 0.9765625 0.0421875 0.0453125
0 0.38671875 0.96171875 0.0453125 0.046875
0 0.4375 0.97578125 0.04453125 0.04453125
0 0.48203125 0.97734375 0.0421875 0.0453125
0 0.52421875 0.9734375 0.04140625 0.04609375
0 0.56875 0.971875 0.04375 0.04765625
0 0.6125 0.96875 0.04609375 0.04765625
0 0.6609375 0.9765625 0.03984375 0.0453125
0 0.70546875 0.97265625 0.04375 0.04921875
0 0.75 0.97109375 0.04453125 0.04609375
0 0.79375 0.971875 0.04296875 0.04765625
0 0.8375 0.9640625 0.0453125 0.04609375
0 0.88515625 0.97265625 0.040625 0.0421875
0 0.928125 0.965625 0.0453125 0.046875
0 0.97421875 0.96875 0.0421875 0.0453125