0 0.76171875 0.990625 0.0515625 0.01875
0 0.8140625 0.984375 0.0453125 0.03125
0 0.86015625 0.984375 0.040625 0.03125
0 0.90390625 0.9859375 0.04375 0.028125
0 0.40078125 0.978125 0.0453125 0.04375
0 0.44921875 0.97421875 0.04765625 0.04609375
0 0.49609375 0.975 0.04765625 0.0453125
0 0.54453125 0.96640625 0.0484375 0.046875
0 0.58828125 0.9734375 0.0453125 0.04296875
0 0.64609375 0.9578125 0.0515625 0.0453125
0 0.6953125 0.953125 0.04453125 0.04375
0 0.73984375 0.95625 0.04296875 0.04765625
0 0.78671875 0.95390625 0.04609375 0.04609375
0 0.8328125 0.9578125 0.0453125 0.04375
0 0.88359375 0.94609375 0.04453125 0.04453125
0 0.92890625 0.95703125 0.0453125 0.04609375
0 0.4203125 0.9359375 0.04765625 0.04453125
0 0.465625 0.9359375 0.04609375 0.04609375
0 0.51484375 0.93359375 0.05078125 0.0453125
0 0.5640625 0.92890625 0.04765625 0.04609375
0 0.615625 0.92109375 0.046875 0.04609375
0 0.6640625 0.91953125 0.05 0.04453125
0 0.7125 0.91484375 0.046875 0.0453125
0 0.75859375 0.91640625 0.04609375 0.04609375
0 0.80859375 0.90859375 0.04375 0.04609375
0 0.8546875 0.9109375 0.04765625 0.05078125
0 0.9078125 0.9015625 0.04453125 0.04453125
0 0.9546875 0.9109375 0.04921875 0.05
0 0.39140625 0.903125 0.0453125 0.04296875
0 0.43984375 0.8953125 0.04609375 0.04609375
0 0.48828125 0.89140625 0.0484375 0.04375
0 0.53671875 0.8890625 0.0453125 0.0484375
0 0.58828125 0.88125 0.04765625 0.04296875
0 0.63828125 0.88046875 0.04609375 0.0484375
0 0.6859375 0.8734375 0.04609375 0.0453125
0 0.734375 0.871875 0.0484375 0.04375
0 0.7828125 0.86875 0.04453125 0.0453125
0 0.82890625 0.87265625 0.0453125 0.04296875
0 0.88125 0.86015625 0.04375 0.046875
0 0.92890625 0.8609375 0.04921875 0.0453125
0 0.97734375 0.859375 0.04375 0.0453125
0 0.41328125 0.86171875 0.04296875 0.0453125
0 0.465625 0.8484375 0.05 0.04453125
0 0.51015625 0.85234375 0.0453125 0.04609375
0 0.55546875 0.846875 0.0453125 0.04296875
0 0.6046875 0.84609375 0.04609375 0.04765625
0 0.65625 0.83828125 0.0484375 0.04765625
0 0.70390625 0.8359375 0.0453125 0.0421875
0 0.75 0.83125 0.0453125 0.0453125
0 0.79765625 0.834375 0.04453125 0.04609375
0 0.84609375 0.83359375 0.05 0.0453125
0 0.896875 0.81953125 0.046875 0.04296875
0 0.94296875 0.82734375 0.04140625 0.040625
0 0.98359375 0.8265625 0.0328125 0.04375
0 0.38828125 0.815625 0.04296875 0.04609375
0 0.43359375 0.815625 0.0453125 0.0421875
0 0.48359375 0.809375 0.046875 0.0453125
0 0.5328125 0.80859375 0.04609375 0.05078125
0 0.58046875 0.80625 0.04765625 0.0453125
0 0.62734375 0.79765625 0.0453125 0.0453125
0 0.67421875 0.8 0.04296875 0.0421875
0 0.72421875 0.7953125 0.05 0.04296875
0 0.77265625 0.7921875 0.04609375 0.0453125
0 0.8203125 0.79140625 0.04609375 0.04375
0 0.86875 0.78671875 0.04765625 0.04921875
0 0.92265625 0.778125 0.0484375 0.04609375
0 0.9734375 0.77421875 0.04921875 0.04765625
0 0.409375 0.77265625 0.0421875 0.04453125
0 0.45546875 0.7734375 0.05078125 0.046875
0 0.50625 0.7640625 0.0515625 0.04375
0 0.55703125 0.7609375 0.046875 0.05078125
0 0.6015625 0.765625 0.0453125 0.04609375
0 0.64453125 0.7640625 0.04296875 0.040625
0 0.69375 0.75625 0.046875 0.0453125
0 0.74453125 0.7546875 0.0484375 0.04609375
0 0.79140625 0.7546875 0.04375 0.0453125
0 0.83984375 0.75859375 0.04765625 0.04609375
0 0.89453125 0.74375 0.04609375 0.04609375
0 0.94453125 0.73671875 0.0453125 0.0453125
0 0.984375 0.7375 0.03125 0.0453125
0 0.378125 0.73515625 0.0484375 0.04921875
0 0.42734375 0.73359375 0.046875 0.0453125
0 0.47734375 0.72734375 0.04765625 0.0453125
0 0.528125 0.72109375 0.046875 0.0484375
0 0.5765625 0.715625 0.05 0.04765625
0 0.61796875 0.7296875 0.0390625 0.05
0 0.67109375 0.71484375 0.046875 0.04609375
0 0.71953125 0.7140625 0.0421875 0.04921875
0 0.7609375 0.7203125 0.040625 0.040625
0 0.80859375 0.7171875 0.05 0.04921875
0 0.86640625 0.7078125 0.04609375 0.0453125
0 0.9171875 0.7 0.0484375 0.04453125
0 0.97109375 0.68828125 0.04609375 0.04609375
0 0.396875 0.69765625 0.04765625 0.04453125
0 0.44609375 0.6921875 0.04765625 0.04296875
0 0.496875 0.6875 0.04609375 0.0453125
0 0.54375 0.684375 0.046875 0.0453125
0 0.59609375 0.675 0.0484375 0.04609375
0 0.64375 0.678125 0.04609375 0.04921875
0 0.69140625 0.67421875 0.046875 0.04765625
0 0.74375 0.6734375 0.04765625 0.0453125
0 0.79296875 0.66875 0.04609375 0.04609375
0 0.8390625 0.66328125 0.046875 0.04296875
0 0.8890625 0.6609375 0.0453125 0.04609375
0 0.93515625 0.6578125 0.04296875 0.0421875
0 0.98046875 0.6515625 0.0390625 0.04375
0 0.3703125 0.659375 0.04296875 0.04609375
0 0.4171875 0.66171875 0.04453125 0.04453125
0 0.46328125 0.65703125 0.04765625 0.04296875
0 0.51328125 0.65546875 0.053125 0.0421875
0 0.5640625 0.64296875 0.04453125 0.04375
0 0.6109375 0.64296875 0.0453125 0.04375
0 0.66015625 0.64453125 0.0484375 0.0421875
0 0.709375 0.6375 0.046875 0.0484375
0 0.7546875 0.6390625 0.0421875 0.04140625
0 0.803125 0.6359375 0.05078125 0.04296875
0 0.86328125 0.6171875 0.04609375 0.0515625
0 0.90546875 0.6265625 0.0453125 0.04765625
0 0.3953125 0.61484375 0.0453125 0.0484375
0 0.4453125 0.60859375 0.05 0.04609375
0 0.49453125 0.60546875 0.04765625 0.04921875
0 0.53828125 0.6046875 0.04375 0.04765625
0 0.58828125 0.5984375 0.05 0.04375
0 0.63828125 0.59375 0.0421875 0.04609375
0 0.6828125 0.6 0.05078125 0.04609375
0 0.73125 0.5984375 0.0484375 0.0421875
0 0.7859375 0.5765625 0.05234375 0.0453125
0 0.83515625 0.578125 0.0453125 0.0453125
0 0.884375 0.57421875 0.04609375 0.04453125
0 0.93125 0.57734375 0.04609375 0.04921875
0 0.365625 0.58125 0.04765625 0.04921875
0 0.41640625 0.5703125 0.0484375 0.04609375
0 0.46640625 0.56484375 0.0484375 0.04453125
0 0.51328125 0.56875 0.04609375 0.04453125
0 0.5625 0.5625 0.0453125 0.04453125
0 0.61015625 0.55703125 0.0484375 0.04375
0 0.6578125 0.55625 0.04921875 0.046875
0 0.70859375 0.55078125 0.0453125 0.0453125
0 0.75234375 0.546875 0.04375 0.0453125
0 0.80390625 0.54375 0.05234375 0.0390625
0 0.85625 0.5359375 0.046875 0.04609375
0 0.90390625 0.53515625 0.0484375 0.0484375
0 0.39140625 0.53046875 0.0421875 0.0453125
0 0.434375 0.53359375 0.0453125 0.04609375
0 0.4875 0.5203125 0.0453125 0.04296875
0 0.534375 0.5203125 0.046875 0.0453125
0 0.58203125 0.51953125 0.04765625 0.0453125
0 0.6328125 0.5125 0.04765625 0.0484375
0 0.6796875 0.51015625 0.0453125 0.0453125
0 0.725 0.50703125 0.0484375 0.0453125
0 0.7765625 0.5 0.04765625 0.04765625
0 0.82578125 0.5015625 0.04375 0.04375
0 0.87265625 0.496875 0.04765625 0.0453125
0 0.9265625 0.4890625 0.05 0.0484375
0 0.3625 0.49453125 0.04609375 0.0453125
0 0.40859375 0.49140625 0.04609375 0.04375
0 0.45546875 0.49765625 0.04609375 0.0453125
0 0.5015625 0.4890625 0.04609375 0.0421875
0 0.553125 0.478125 0.0453125 0.0421875
0 0.6015625 0.4796875 0.04765625 0.04453125
0 0.65078125 0.46953125 0.04765625 0.0453125
0 0.70078125 0.46328125 0.04765625 0.04609375
0 0.75 0.46171875 0.0484375 0.0453125
0 0.796875 0.465625 0.046875 0.04609375
0 0.846875 0.4578125 0.046875 0.0421875
0 0.8953125 0.46328125 0.04609375 0.04765625
0 0.384375 0.4515625 0.04375 0.0453125
0 0.428125 0.4515625 0.04296875 0.04375
0 0.48046875 0.44609375 0.05 0.04296875
0 0.52890625 0.4390625 0.04921875 0.04296875
0 0.57421875 0.4421875 0.04296875 0.04375
0 0.621875 0.434375 0.046875 0.04375
0 0.67265625 0.42890625 0.04609375 0.0421875
0 0.72109375 0.425 0.04765625 0.04609375
0 0.77265625 0.41953125 0.04609375 0.0484375
0 0.8203125 0.4234375 0.04609375 0.04609375
0 0.86875 0.4171875 0.046875 0.046875
0 0.9171875 0.40859375 0.0453125 0.04375
0 0.35703125 0.40859375 0.04453125 0.04375
0 0.4015625 0.41328125 0.04609375 0.04375
0 0.45078125 0.4125 0.05 0.0484375
0 0.5015625 0.4 0.0484375 0.0453125
0 0.5484375 0.39609375 0.0453125 0.04765625
0 0.596875 0.396875 0.05 0.046875
0 0.64765625 0.3890625 0.04921875 0.046875
0 0.696875 0.3828125 0.05 0.0453125
0 0.746875 0.37734375 0.04609375 0.04609375
0 0.79453125 0.3765625 0.04609375 0.0484375
0 0.84140625 0.3765625 0.0453125 0.0453125
0 0.88984375 0.37265625 0.0484375 0.04609375
0 0.37578125 0.37578125 0.04765625 0.04296875
0 0.42578125 0.36484375 0.0484375 0.04609375
0 0.4734375 0.36875 0.046875 0.046875
0 0.5234375 0.3578125 0.0484375 0.04453125
0 0.56796875 0.359375 0.04609375 0.04296875
0 0.61875 0.35234375 0.04375 0.04609375
0 0.66875 0.353125 0.05 0.0484375
0 0.71640625 0.3390625 0.04453125 0.04296875
0 0.76328125 0.3421875 0.0484375 0.0421875
0 0.8140625 0.3375 0.04921875 0.04296875
0 0.86640625 0.33671875 0.07734375 0.07109375
0 0.91171875 0.33203125 0.0484375 0.04609375
0 0.35390625 0.32421875 0.046875 0.04296875
0 0.39921875 0.32890625 0.04765625 0.04765625
0 0.44453125 0.3265625 0.04609375 0.0453125
0 0.49296875 0.3234375 0.04609375 0.04375
0 0.54375 0.31640625 0.05 0.0453125
0 0.59296875 0.3078125 0.04765625 0.0453125
0 0.6421875 0.30546875 0.04921875 0.04140625
0 0.6890625 0.30703125 0.04453125 0.04296875
0 0.73671875 0.30546875 0.05 0.040625
0 0.78671875 0.29921875 0.04609375 0.04375
0 0.83671875 0.29375 0.04921875 0.04453125
0 0.8859375 0.29140625 0.0484375 0.04609375
0 0.93515625 0.290625 0.05 0.04765625
0 0.3703125 0.290625 0.04765625 0.0453125
0 0.41640625 0.29140625 0.0515625 0.04609375
0 0.46640625 0.2859375 0.0453125 0.04296875
0 0.5125 0.28359375 0.04375 0.04375
0 0.565625 0.27734375 0.04609375 0.0453125
0 0.61484375 0.26875 0.05 0.04609375
0 0.66171875 0.265625 0.04375 0.04453125
0 0.70859375 0.26875 0.04375 0.04453125
0 0.759375 0.25859375 0.04453125 0.04609375
0 0.8078125 0.25390625 0.046875 0.04296875
0 0.85703125 0.25234375 0.04765625 0.040625
0 0.90625 0.25234375 0.05078125 0.046875
0 0.959375 0.24140625 0.04609375 0.04375
0 0.34921875 0.2484375 0.05 0.046875
0 0.39453125 0.24765625 0.0421875 0.04375
0 0.4390625 0.24921875 0.04765625 0.04453125
0 0.484375 0.25234375 0.04765625 0.04375
0 0.53359375 0.24609375 0.04453125 0.04296875
0 0.5796875 0.2421875 0.0484375 0.040625
0 0.634375 0.21640625 0.0515625 0.04375
0 0.68359375 0.22421875 0.04609375 0.04921875
0 0.72890625 0.2328125 0.0421875 0.0453125
0 0.778125 0.22421875 0.0484375 0.04296875
0 0.83125 0.215625 0.05 0.0453125
0 0.88125 0.21015625 0.04609375 0.0484375
0 0.93203125 0.20390625 0.04609375 0.04609375
0 0.97890625 0.20078125 0.0421875 0.04375
0 0.31875 0.2125 0.04765625 0.04765625
0 0.36484375 0.21484375 0.04375 0.046875
0 0.41484375 0.209375 0.05234375 0.04765625
0 0.46015625 0.21015625 0.04296875 0.046875
0 0.5078125 0.20390625 0.046875 0.04453125
0 0.55625 0.20078125 0.04609375 0.0484375
0 0.38359375 0.17578125 0.0515625 0.04375
0 0.47734375 0.16875 0.05 0.04609375
0 0.53046875 0.1609375 0.0515625 0.04765625
0 0.60703125 0.17109375 0.05078125 0.0484375
0 0.65703125 0.17265625 0.0484375 0.0515625
0 0.70625 0.1828125 0.04609375 0.05078125
0 0.7515625 0.184375 0.0453125 0.04765625
0 0.796875 0.184375 0.04453125 0.04375
0 0.8125 0.14375 0.0484375 0.0453125
0 0.84921875 0.17265625 0.04765625 0.0453125
0 0.8625 0.140625 0.04609375 0.04375
0 0.8953125 0.17265625 0.046875 0.04765625
0 0.946875 0.16875 0.05 0.04296875
0 0.98671875 0.165625 0.0265625 0.04375
0 0.9578125 0.615625 0.04765625 0.0484375
0 0.98125 0.56328125 0.0375 0.0421875
0 0.9546875 0.52890625 0.04296875 0.0453125
0 0.98828125 0.53203125 0.0234375 0.0390625
0 0.975 0.484375 0.0453125 0.0484375
0 0.946875 0.44921875 0.04765625 0.0453125
0 0.98671875 0.440625 0.0265625 0.0453125
0 0.96484375 0.4125 0.0453125 0.0453125
0 0.93984375 0.36796875 0.0453125 0.04609375
0 0.98125 0.36796875 0.0375 0.05
0 0.96171875 0.32734375 0.04765625 0.04765625
0 0.98125 0.28359375 0.0375 0.0453125
0 0.0640625 0.9890625 0.046875 0.021875
0 0.11484375 0.9875 0.0484375 0.025
0 0.16171875 0.98515625 0.0453125 0.0296875
0 0.209375 0.9828125 0.0453125 0.034375
0 0.25625 0.98046875 0.05 0.0390625
0 0.30390625 0.98046875 0.046875 0.0390625
0 0.3546875 0.97890625 0.0484375 0.0421875
0 0.03671875 0.9640625 0.04765625 0.0484375
0 0.0859375 0.95859375 0.04609375 0.0484375
0 0.13515625 0.95390625 0.04609375 0.0453125
0 0.18125 0.95078125 0.04609375 0.04765625
0 0.2296875 0.94921875 0.0484375 0.04765625
0 0.278125 0.9421875 0.04765625 0.046875
0 0.3265625 0.94140625 0.0484375 0.04765625
0 0.37421875 0.94140625 0.05 0.05
0 0.01640625 0.9234375 0.0328125 0.0484375
0 0.053125 0.9265625 0.04375 0.04375
0 0.1 0.9234375 0.04921875 0.04296875
0 0.1515625 0.9125 0.04765625 0.04609375
0 0.19921875 0.9109375 0.04609375 0.04765625
0 0.2484375 0.90625 0.05 0.046875
0 0.3 0.9 0.0484375 0.0484375
0 0.34609375 0.9015625 0.0453125 0.046875
0 0.028125 0.8828125 0.046875 0.04765625
0 0.07734375 0.87890625 0.0453125 0.0453125
0 0.12421875 0.87578125 0.04765625 0.04296875
0 0.1734375 0.8703125 0.04765625 0.04765625
0 0.2234375 0.86484375 0.05 0.04765625
0 0.26953125 0.8671875 0.04609375 0.04765625
0 0.31640625 0.86640625 0.04765625 0.046875
0 0.36796875 0.8578125 0.04921875 0.05
0 0.0109375 0.84765625 0.021875 0.046875
0 0.0484375 0.840625 0.0453125 0.04296875
0 0.0953125 0.84375 0.0484375 0.04453125
0 0.14609375 0.83046875 0.04921875 0.04453125
0 0.19609375 0.82734375 0.0484375 0.04609375
0 0.24375 0.82265625 0.04609375 0.04765625
0 0.29140625 0.825 0.0453125 0.0484375
0 0.340625 0.81484375 0.04921875 0.046875
0 0.0234375 0.80234375 0.046875 0.046875
0 0.07109375 0.79609375 0.0453125 0.0453125
0 0.11796875 0.7953125 0.0484375 0.0453125
0 0.165625 0.79296875 0.0453125 0.04609375
0 0.2140625 0.78984375 0.0515625 0.0484375
0 0.2640625 0.7796875 0.04609375 0.04765625
0 0.31015625 0.784375 0.04453125 0.0484375
0 0.36328125 0.77578125 0.05078125 0.04609375
0 0.00859375 0.7578125 0.0171875 0.046875
0 0.04296875 0.75703125 0.05 0.04609375
0 0.09609375 0.753125 0.04609375 0.04765625
0 0.1421875 0.75 0.04609375 0.0453125
0 0.18984375 0.74765625 0.0484375 0.04765625
0 0.2375 0.74140625 0.04921875 0.04765625
0 0.284375 0.73984375 0.04609375 0.04921875
0 0.33203125 0.746875 0.05 0.04765625
0 0.021875 0.71640625 0.04375 0.0484375
0 0.06875 0.71640625 0.046875 0.04765625
0 0.1140625 0.71171875 0.04375 0.04453125
0 0.15703125 0.7140625 0.04765625 0.04375
0 0.20859375 0.70390625 0.04765625 0.04453125
0 0.25703125 0.70234375 0.04921875 0.04765625
0 0.30546875 0.703125 0.046875 0.04765625
0 0.35234375 0.69765625 0.0484375 0.0453125
0 0.0375 0.67890625 0.04765625 0.04765625
0 0.0875 0.675 0.04609375 0.0484375
0 0.13515625 0.6734375 0.04765625 0.0453125
0 0.1828125 0.6703125 0.0484375 0.04609375
0 0.23125 0.665625 0.0484375 0.0453125
0 0.2796875 0.66171875 0.04765625 0.046875
0 0.328125 0.65703125 0.04609375 0.05
0 0.0171875 0.634375 0.034375 0.0453125
0 0.0609375 0.63984375 0.0484375 0.04765625
0 0.11015625 0.63203125 0.04765625 0.04296875
0 0.1578125 0.6265625 0.04609375 0.046875
0 0.20546875 0.62578125 0.04609375 0.04921875
0 0.2515625 0.62265625 0.04765625 0.04765625
0 0.3 0.61484375 0.04296875 0.04609375
0 0.346875 0.61796875 0.04765625 0.0484375
0 0.0328125 0.590625 0.0484375 0.0453125
0 0.08046875 0.59296875 0.0453125 0.04765625
0 0.1265625 0.5953125 0.046875 0.04765625
0 0.175 0.5859375 0.05 0.04609375
0 0.22421875 0.58125 0.04609375 0.04765625
0 0.27421875 0.578125 0.05 0.0453125
0 0.3203125 0.57734375 0.04453125 0.046875
0 0.015625 0.55390625 0.03125 0.0484375
0 0.05546875 0.5515625 0.0453125 0.046875
0 0.1015625 0.54921875 0.05078125 0.0484375
0 0.14921875 0.54609375 0.04609375 0.04609375
0 0.196875 0.5421875 0.04765625 0.0484375
0 0.24609375 0.5390625 0.0484375 0.04375
0 0.2953125 0.53671875 0.04609375 0.0453125
0 0.3453125 0.534375 0.05234375 0.0484375
0 0.02734375 0.5109375 0.04921875 0.04375
0 0.07578125 0.50703125 0.046875 0.04609375
0 0.1234375 0.50625 0.04765625 0.0453125
0 0.17265625 0.503125 0.04921875 0.04375
0 0.2203125 0.50078125 0.04609375 0.04609375
0 0.26484375 0.50546875 0.04765625 0.0453125
0 0.31796875 0.49453125 0.0484375 0.0453125
0 0.0078125 0.478125 0.015625 0.0375
0 0.04609375 0.46953125 0.05078125 0.04375
0 0.09765625 0.46484375 0.05 0.04296875
0 0.14609375 0.46171875 0.046875 0.04921875
0 0.19140625 0.46015625 0.0453125 0.04296875
0 0.2375 0.46328125 0.0453125 0.0484375
0 0.2859375 0.4578125 0.05078125 0.0484375
0 0.334375 0.45859375 0.0515625 0.04765625
0 0.021875 0.4328125 0.04375 0.0484375
0 0.06875 0.42890625 0.04765625 0.04609375
0 0.1171875 0.4234375 0.04765625 0.04453125
0 0.16484375 0.42109375 0.0453125 0.04453125
0 0.21171875 0.4234375 0.0453125 0.0453125
0 0.259375 0.42109375 0.0484375 0.046875
0 0.31015625 0.4125 0.0484375 0.046875
0 0.03984375 0.39140625 0.0484375 0.04453125
0 0.08984375 0.3875 0.0484375 0.0484375
0 0.1390625 0.38203125 0.046875 0.0453125
0 0.18671875 0.38125 0.04765625 0.046875
0 0.23359375 0.38046875 0.0453125 0.05
0 0.28125 0.37890625 0.05 0.04609375
0 0.33046875 0.378125 0.0484375 0.0484375
0 0.01796875 0.35390625 0.0359375 0.0453125
0 0.06328125 0.346875 0.05 0.04375
0 0.11171875 0.34609375 0.046875 0.04375
0 0.159375 0.34375 0.0453125 0.04765625
0 0.20703125 0.33984375 0.04375 0.0453125
0 0.25234375 0.34375 0.04296875 0.04296875
0 0.30390625 0.3390625 0.05 0.05
0 0.034375 0.31640625 0.04765625 0.0453125
0 0.0859375 0.30390625 0.04609375 0.04375
0 0.13359375 0.303125 0.0453125 0.04296875
0 0.1796875 0.30625 0.0484375 0.04765625
0 0.2296875 0.2984375 0.04375 0.0453125
0 0.27734375 0.29765625 0.04765625 0.0484375
0 0.32578125 0.28984375 0.04453125 0.04609375
0 0.0171875 0.265625 0.034375 0.05
0 0.05859375 0.26953125 0.0453125 0.04375
0 0.10546875 0.26640625 0.04609375 0.04453125
0 0.153125 0.26328125 0.04921875 0.04609375
0 0.20078125 0.26328125 0.0453125 0.0453125
0 0.24921875 0.2625 0.04921875 0.04375
0 0.3 0.25 0.0484375 0.04375
0 0.03828125 0.2203125 0.0484375 0.0515625
0 0.08359375 0.22734375 0.0453125 0.04765625
0 0.15390625 0.17734375 0.04765625 0.0515625
0 0.2234375 0.2234375 0.04609375 0.04609375
0 0.2703125 0.21875 0.04765625 0.04609375
0 0.2328125 0.1734375 0.04765625 0.04921875
0 0.28046875 0.17109375 0.04609375 0.0484375