1 0.90390625 0.728125 0.18828125 0.15234375
1 0.08828125 0.8125 0.1765625 0.159375
1 0.83125 0.8734375 0.18671875 0.18046875
1 0.3890625 0.78984375 0.2046875 0.14765625
1 0.73984375 0.73515625 0.20390625 0.14765625
1 0.51875 0.9109375 0.22109375 0.16796875
1 0.14921875 0.94765625 0.1984375 0.1046875
1 0.146875 0.67109375 0.1984375 0.1484375
1 0.65546875 0.58984375 0.21875 0.16328125
1 0.33125 0.934375 0.20234375 0.13125
1 0.3125 0.65078125 0.19609375 0.1671875
1 0.9453125 0.5875 0.109375 0.14609375
1 0.4625 0.62265625 0.196875 0.14609375
1 0.55859375 0.7578125 0.1765625 0.17578125
1 0.95234375 0.87109375 0.0953125 0.1546875
1 0.22421875 0.8078125 0.16484375 0.1640625
1 0.68046875 0.89375 0.15390625 0.17734375
1 0.8390625 0.58046875 0.1859375 0.16484375
1 0.03359375 0.68125 0.06640625 0.14609375
1 0.925 0.96875 0.13984375 0.0625
1 0.76171875 0.98359375 0.20703125 0.0328125