1 0.84296875 0.57734375 0.1921875 0.16328125
1 0.321875 0.61484375 0.23359375 0.16796875
1 0.65234375 0.5953125 0.21875 0.17578125
1 0.9171875 0.72734375 0.165625 0.1796875
1 0.49140625 0.6078125 0.1875 0.16328125
1 0.16953125 0.92421875 0.19453125 0.1453125
1 0.2734375 0.775 0.1734375 0.1765625
1 0.34296875 0.91796875 0.2 0.16328125
1 0.6015625 0.759375 0.190625 0.1671875
1 0.903125 0.3890625 0.18671875 0.17890625
1 0.103125 0.8171875 0.2015625 0.18046875
1 0.253125 0.32578125 0.20625 0.1640625
1 0.1046875 0.32421875 0.1734375 0.1625
1 0.853125 0.89375 0.196875 0.18125
1 0.5109375 0.1609375 0.19921875 0.16875
1 0.18046875 0.16484375 0.2046875 0.18046875
1 0.4328125 0.7734375 0.21171875 0.16796875
1 0.78203125 0.2640625 0.1921875 0.15703125
1 0.68671875 0.903125 0.16875 0.1703125
1 0.615625 0.3015625 0.15625 0.178125
1 0.37734375 0.46484375 0.1984375 0.1609375
1 0.340625 0.1734375 0.178125 0.1796875
1 0.13515625 0.653125 0.1609375 0.16796875
1 0.684375 0.1328125 0.2390625 0.1625
1 0.4421875 0.31875 0.21875 0.16484375
1 0.53125 0.91875 0.190625 0.16015625
1 0.05390625 0.18359375 0.1078125 0.1734375
1 0.20234375 0.47421875 0.21171875 0.1703125
1 0.75703125 0.734375 0.1921875 0.1625
1 0.5578125 0.44609375 0.215625 0.16015625
1 0.73984375 0.43203125 0.1765625 0.18046875
1 0.8875 0.13671875 0.171875 0.1765625
1 0.06796875 0.49296875 0.13515625 0.175
1 0.08828125 0.0515625 0.1703125 0.10234375
1 0.04609375 0.6703125 0.0921875 0.18203125
1 0.25703125 0.04296875 0.196875 0.0859375
1 0.43984375 0.04296875 0.209375 0.0859375
1 0.76484375 0.0421875 0.1890625 0.084375
1 0.9515625 0.2609375 0.096875 0.159375
1 0.57890625 0.03125 0.1890625 0.0625
1 0.91484375 0.96484375 0.1703125 0.06953125
1 0.9140625 0.034375 0.165625 0.06875
1 0.96328125 0.553125 0.0734375 0.19453125
1 0.978125 0.8765625 0.04296875 0.17734375
1 0.98203125 0.11171875 0.0359375 0.1890625
1 0.01484375 0.3484375 0.0296875 0.2140625