1 0.91953125 0.34140625 0.1609375 0.1796875
1 0.65 0.19453125 0.17265625 0.184375
1 0.903125 0.07578125 0.18515625 0.1515625
1 0.50390625 0.4875 0.1765625 0.18203125
1 0.821875 0.19140625 0.1890625 0.17890625
1 0.86875 0.7859375 0.19375 0.18515625
1 0.22109375 0.36640625 0.184375 0.18515625
1 0.934375 0.64765625 0.13046875 0.17109375
1 0.3265625 0.4828125 0.18671875 0.18359375
1 0.41328125 0.64765625 0.1859375 0.17578125
1 0.7875 0.9265625 0.18515625 0.14609375
1 0.7515625 0.3515625 0.17734375 0.18203125
1 0.12109375 0.20625 0.184375 0.17734375
1 0.50859375 0.79921875 0.18359375 0.21953125
1 0.11015625 0.48203125 0.1640625 0.171875
1 0.5625 0.06328125 0.1828125 0.12578125
1 0.29375 0.20859375 0.1734375 0.1765625
1 0.240625 0.9265625 0.196875 0.14609375
1 0.35390625 0.07421875 0.1890625 0.1484375
1 0.6171875 0.91953125 0.18125 0.1609375
1 0.06015625 0.33828125 0.1203125 0.1578125
1 0.784375 0.646875 0.17421875 0.1765625
1 0.18828125 0.06953125 0.175 0.13828125
1 0.075 0.91875 0.14921875 0.1625
1 0.4125 0.34140625 0.1859375 0.1875
1 0.58125 0.34609375 0.17734375 0.18046875
1 0.47734375 0.18046875 0.18984375 0.19375
1 0.1625 0.78515625 0.18515625 0.19921875
1 0.8640625 0.48984375 0.17421875 0.18125
1 0.68671875 0.521875 0.1796875 0.18203125
1 0.228125 0.6 0.1734375 0.228125
1 0.0765625 0.6484375 0.1484375 0.2140625
1 0.5890625 0.63828125 0.1828125 0.1875
1 0.0515625 0.06796875 0.10234375 0.1359375
1 0.734375 0.059375 0.175 0.11875
1 0.428125 0.92890625 0.17890625 0.13515625
1 0.684375 0.77734375 0.1890625 0.21171875
1 0.3328125 0.784375 0.1640625 0.2015625
1 0.94921875 0.921875 0.1015625 0.15
1 0.9609375 0.1796875 0.07734375 0.17265625
1 0.96796875 0.48671875 0.06328125 0.2078125
1 0.02109375 0.8015625 0.0421875 0.1734375
1 0.9796875 0.7828125 0.040625 0.178125
1 0.01953125 0.203125 0.0390625 0.190625
1 0.0171875 0.4890625 0.03359375 0.1921875