0 0.3328125 0.89375 0.04453125 0.0453125
0 0.51171875 0.88515625 0.0421875 0.0453125
0 0.10625 0.90234375 0.04296875 0.04609375
0 0.06015625 0.90078125 0.04375 0.0453125
0 0.2484375 0.89453125 0.0421875 0.0453125
0 0.825 0.871875 0.0421875 0.04375
0 0.01796875 0.903125 0.0359375 0.046875
0 0.08515625 0.94296875 0.04296875 0.0453125
0 0.0625 0.97890625 0.04375 0.0421875
0 0.28984375 0.89609375 0.04296875 0.0453125
0 0.78046875 0.875 0.04296875 0.0453125
0 0.55703125 0.8859375 0.04375 0.04453125
0 0.15234375 0.90078125 0.04296875 0.04609375
0 0.53828125 0.928125 0.04140625 0.0421875
0 0.26875 0.9359375 0.04140625 0.0421875
0 0.38046875 0.8875 0.04375 0.0453125
0 0.31328125 0.93515625 0.040625 0.0421875
0 0.71484375 0.9171875 0.04140625 0.0421875
0 0.39921875 0.93125 0.0421875 0.04140625
0 0.734375 0.87890625 0.04453125 0.0453125
0 0.60546875 0.88125 0.046875 0.04609375
0 0.38125 0.965625 0.04296875 0.0421875
0 0.57890625 0.921875 0.0421875 0.0421875
0 0.11015625 0.98046875 0.0421875 0.0390625
0 0.1578125 0.975 0.04375 0.04296875
0 0.69609375 0.95390625 0.04375 0.04140625
0 0.353125 0.93203125 0.0421875 0.04140625
0 0.67109375 0.92109375 0.04296875 0.040625
0 0.98046875 0.9078125 0.0390625 0.04296875
0 0.65234375 0.959375 0.04296875 0.0421875
0 0.13359375 0.940625 0.0421875 0.04296875
0 0.0421875 0.94296875 0.0421875 0.04296875
0 0.49453125 0.92578125 0.04140625 0.04140625
0 0.9390625 0.9078125 0.040625 0.0421875
0 0.175 0.9421875 0.0421875 0.04375
0 0.47421875 0.95859375 0.0421875 0.040625
0 0.66484375 0.859375 0.04453125 0.04609375
0 0.42890625 0.9625 0.0421875 0.04140625
0 0.4453125 0.8625 0.04609375 0.046875
0 0.83125 0.95 0.04140625 0.0421875
0 0.896875 0.909375 0.04296875 0.040625
0 0.29140625 0.971875 0.04296875 0.0421875
0 0.2484375 0.97109375 0.04375 0.0421875
0 0.89921875 0.9828125 0.04140625 0.03359375
0 0.62421875 0.92421875 0.04296875 0.0421875
0 0.96015625 0.8671875 0.0390625 0.04609375
0 0.85 0.915625 0.040625 0.04296875
0 0.784375 0.959375 0.0421875 0.04140625
0 0.809375 0.9875 0.04453125 0.025
0 0.85703125 0.9828125 0.0421875 0.034375
0 0.94375 0.98359375 0.04375 0.0328125
0 0.98359375 0.98203125 0.0328125 0.0359375
0 0.60546875 0.9609375 0.04296875 0.04296875
0 0.63203125 0.9890625 0.04375 0.02109375
0 0.221875 0.940625 0.04296875 0.040625
0 0.965625 0.94765625 0.040625 0.04140625
0 0.4734375 0.890625 0.03828125 0.04296875
0 0.2046875 0.88046875 0.0421875 0.04453125
0 0.01953125 0.98359375 0.0390625 0.03203125
0 0.75546875 0.9171875 0.04140625 0.03984375
0 0.009375 0.946875 0.01875 0.04375
0 0.67578125 0.9875 0.0421875 0.02421875
0 0.81015625 0.9125 0.04375 0.0421875
0 0.5625 0.96015625 0.0421875 0.04140625
0 0.91953125 0.94921875 0.04296875 0.04296875
0 0.8765625 0.946875 0.04140625 0.0421875
0 0.33671875 0.96953125 0.03984375 0.040625
0 0.20234375 0.978125 0.0421875 0.0421875
0 0.45 0.9265625 0.0421875 0.0390625
0 0.4109375 0.9890625 0.04296875 0.021875
0 0.51953125 0.96484375 0.03984375 0.0390625
0 0.925 0.865625 0.03984375 0.0453125
0 0.990625 0.8640625 0.01875 0.046875
0 0.271875 0.99453125 0.04375 0.0109375
0 0.696875 0.878125 0.03828125 0.0453125
0 0.22578125 0.99453125 0.0421875 0.0109375
0 0.453125 0.98984375 0.04375 0.0203125
0 0.503125 0.9875 0.04375 0.025
0 0.74375 0.95078125 0.03984375 0.040625
0 0.72734375 0.98359375 0.0421875 0.0328125
0 0.178125 0.99453125 0.040625 0.0109375
0 0.3609375 0.99140625 0.04375 0.0171875
0 0.58359375 0.99140625 0.0390625 0.0171875
0 0.00546875 0.8765625 0.0109375 0.03671875
0 0.3140625 0.99375 0.04453125 0.01171875
0 0.99375 0.94296875 0.0125 0.04296875
0 0.765625 0.98984375 0.0359375 0.01953125
0 0.8875 0.84921875 0.0421875 0.04765625
0 0.54765625 0.98828125 0.04140625 0.0234375