0 0.7703125 0.4921875 0.0609375 0.06171875
0 0.89375 0.62265625 0.0640625 0.0640625
1 0.8796875 0.70078125 0.06875 0.0671875
1 0.9734375 0.8953125 0.05234375 0.08828125
1 0.834375 0.6484375 0.0578125 0.06484375
1 0.95234375 0.70546875 0.08046875 0.0671875
1 0.98125 0.76796875 0.0375 0.0515625
0 0.93203125 0.81015625 0.06875 0.065625
1 0.81015625 0.59453125 0.07890625 0.07265625
1 0.890625 0.5734375 0.0546875 0.05859375
1 0.90703125 0.7625 0.05625 0.05546875
1 0.80078125 0.53125 0.05390625 0.05546875