1 0.91796875 0.10390625 0.1640625 0.19609375
1 0.74921875 0.4390625 0.19140625 0.18984375
1 0.9234375 0.409375 0.153125 0.19609375
1 0.26796875 0.0453125 0.1921875 0.090625
1 0.771875 0.69765625 0.1921875 0.28984375
1 0.653125 0.56015625 0.1609375 0.19375
1 0.44765625 0.05 0.18203125 0.09921875
1 0.3546875 0.15078125 0.1671875 0.1890625
1 0.53125 0.125 0.1921875 0.2
1 0.56015625 0.4140625 0.1875 0.17421875
1 0.63203125 0.05 0.1796875 0.1
1 0.73984375 0.1421875 0.16875 0.2078125
1 0.8140625 0.03984375 0.19375 0.0796875
1 0.6375 0.2375 0.171875 0.11953125
1 0.85625 0.55234375 0.17578125 0.2046875
1 0.4609375 0.34140625 0.17578125 0.0890625
1 0.4625 0.25390625 0.190625 0.08125
1 0.8328125 0.2296875 0.2015625 0.12890625
1 0.82734375 0.33515625 0.1875 0.075
1 0.9578125 0.0296875 0.084375 0.059375