0 0.02109375 0.978125 0.0421875 0.04375
0 0.06953125 0.97578125 0.0484375 0.0484375
0 0.12109375 0.96875 0.046875 0.04765625
0 0.0390625 0.93515625 0.046875 0.046875
0 0.08828125 0.93515625 0.0515625 0.04140625
0 0.14296875 0.92734375 0.04765625 0.046875
0 0.01484375 0.90078125 0.0296875 0.0453125
0 0.0578125 0.89609375 0.04609375 0.04609375
0 0.1109375 0.890625 0.05 0.0453125
0 0.16640625 0.88671875 0.053125 0.0484375
0 0.0265625 0.86171875 0.0453125 0.04765625
0 0.0796875 0.84921875 0.0515625 0.04609375
0 0.128125 0.85390625 0.04609375 0.04609375
0 0.1828125 0.84921875 0.0484375 0.04140625
0 0.0125 0.81171875 0.025 0.0484375
0 0.0484375 0.8109375 0.046875 0.0453125
0 0.1 0.81328125 0.04765625 0.0453125
0 0.153125 0.80859375 0.0515625 0.046875
0 0.20703125 0.803125 0.05 0.04609375
0 0.02578125 0.76796875 0.04765625 0.04609375
0 0.078125 0.76796875 0.04609375 0.04609375
0 0.13125 0.753125 0.04609375 0.0453125
0 0.18203125 0.7609375 0.0453125 0.04765625
0 0.23125 0.75703125 0.05078125 0.04765625
0 0.00859375 0.728125 0.0171875 0.0453125
0 0.04140625 0.73046875 0.05 0.04375
0 0.10078125 0.71953125 0.0484375 0.04609375
0 0.15 0.72109375 0.05078125 0.0484375
0 0.20234375 0.7140625 0.04921875 0.04609375
0 0.2546875 0.709375 0.05078125 0.04375
0 0.0203125 0.68515625 0.040625 0.0484375
0 0.07421875 0.68046875 0.0484375 0.046875
0 0.12421875 0.67734375 0.046875 0.0484375
0 0.1734375 0.67265625 0.04453125 0.046875
0 0.2234375 0.6734375 0.05 0.04921875
0 0.28203125 0.66171875 0.046875 0.05
0 0.0375 0.64765625 0.04921875 0.046875
0 0.09375 0.6375 0.0484375 0.04609375
0 0.146875 0.6328125 0.0484375 0.0453125
0 0.19765625 0.634375 0.046875 0.046875
0 0.24296875 0.63125 0.04375 0.04609375
0 0.30703125 0.61640625 0.0484375 0.04375
0 0.01640625 0.61171875 0.0328125 0.05
0 0.0609375 0.6 0.0484375 0.04609375
0 0.1125 0.60390625 0.05 0.04609375
0 0.16953125 0.596875 0.046875 0.046875
0 0.21953125 0.5890625 0.0484375 0.04609375
0 0.26328125 0.5921875 0.0453125 0.0484375
0 0.0359375 0.56171875 0.04765625 0.05
0 0.08671875 0.5578125 0.04921875 0.04375
0 0.140625 0.5578125 0.046875 0.0484375
0 0.1875 0.54921875 0.0453125 0.046875
0 0.2328125 0.553125 0.04375 0.04375
0 0.29453125 0.534375 0.046875 0.04609375
0 0.325 0.5734375 0.0484375 0.0453125
0 0.340625 0.54453125 0.04375 0.04609375
0 0.01953125 0.51953125 0.0390625 0.0484375
0 0.0609375 0.528125 0.04140625 0.04140625
0 0.109375 0.52421875 0.05 0.046875
0 0.16484375 0.5078125 0.04609375 0.04296875
0 0.2125 0.5125 0.0453125 0.04921875
0 0.25859375 0.51015625 0.04609375 0.04765625
0 0.31171875 0.49609375 0.05 0.04375
0 0.03984375 0.4796875 0.0484375 0.04765625
0 0.0859375 0.48046875 0.040625 0.04921875
0 0.13359375 0.4796875 0.04609375 0.04609375
0 0.18125 0.475 0.04765625 0.0484375
0 0.23046875 0.47109375 0.05078125 0.04296875
0 0.2828125 0.4609375 0.04609375 0.04609375
0 0.32890625 0.45859375 0.040625 0.04140625
0 0.37578125 0.48125 0.05078125 0.04296875
0 0.37265625 0.45703125 0.04296875 0.0328125
0 0.01875 0.43515625 0.0375 0.046875
0 0.05703125 0.4421875 0.0453125 0.04296875
0 0.11484375 0.4265625 0.0515625 0.0453125
0 0.1640625 0.421875 0.04453125 0.04375
0 0.20859375 0.425 0.04296875 0.04765625
0 0.25546875 0.42265625 0.04609375 0.04609375
0 0.3015625 0.4265625 0.0453125 0.04375
0 0.35234375 0.41484375 0.04453125 0.04453125
0 0.39765625 0.42578125 0.0453125 0.04609375
0 0.0328125 0.39765625 0.04765625 0.04609375
0 0.084375 0.38984375 0.046875 0.04609375
0 0.1328125 0.38828125 0.05 0.04453125
0 0.18125 0.38359375 0.046875 0.0453125
0 0.22734375 0.38515625 0.04609375 0.04609375
0 0.27734375 0.37734375 0.04375 0.04609375
0 0.3234375 0.3796875 0.04765625 0.05078125
0 0.3765625 0.3703125 0.04453125 0.04453125
0 0.4234375 0.3796875 0.04921875 0.05
0 0.0140625 0.3578125 0.028125 0.0484375
0 0.05703125 0.35 0.04765625 0.04296875
0 0.10703125 0.34921875 0.04609375 0.0484375
0 0.1546875 0.3421875 0.04609375 0.0453125
0 0.203125 0.340625 0.0484375 0.04375
0 0.2515625 0.3375 0.04453125 0.0453125
0 0.29765625 0.34140625 0.0453125 0.04296875
0 0.35 0.32890625 0.04375 0.046875
0 0.39765625 0.3296875 0.04921875 0.0453125
0 0.44609375 0.328125 0.04375 0.0453125
0 0.02421875 0.315625 0.0453125 0.04296875
0 0.0734375 0.31484375 0.04609375 0.04765625
0 0.125 0.30703125 0.0484375 0.04765625
0 0.17265625 0.3046875 0.0453125 0.0421875
0 0.21875 0.3 0.0453125 0.0453125
0 0.26640625 0.303125 0.04453125 0.04609375
0 0.31484375 0.30234375 0.05 0.0453125
0 0.365625 0.28828125 0.046875 0.04296875
0 0.41171875 0.29609375 0.04140625 0.040625
0 0.459375 0.2953125 0.04765625 0.04296875
0 0.0125 0.27734375 0.025 0.05
0 0.04921875 0.275 0.04765625 0.0453125
0 0.09609375 0.26640625 0.0453125 0.0453125
0 0.14296875 0.26875 0.04296875 0.0421875
0 0.19296875 0.2640625 0.05 0.04296875
0 0.24140625 0.2609375 0.04609375 0.0453125
0 0.2890625 0.26015625 0.04609375 0.04375
0 0.3375 0.25546875 0.04765625 0.04921875
0 0.39140625 0.246875 0.0484375 0.04609375
0 0.4421875 0.24296875 0.04921875 0.04765625
0 0.02578125 0.2296875 0.046875 0.05078125
0 0.0703125 0.234375 0.0453125 0.04609375
0 0.11328125 0.2328125 0.04296875 0.040625
0 0.1625 0.225 0.046875 0.0453125
0 0.21328125 0.2234375 0.0484375 0.04609375
0 0.26015625 0.2234375 0.04375 0.0453125
0 0.30859375 0.22734375 0.04765625 0.04609375
0 0.36328125 0.2125 0.04609375 0.04609375
0 0.41328125 0.20546875 0.0453125 0.0453125
0 0.459375 0.20625 0.0453125 0.04453125
0 0.490625 0.2421875 0.046875 0.05
0 0.5078125 0.203125 0.04765625 0.04609375
0 0.01015625 0.18984375 0.0203125 0.0484375
0 0.0453125 0.184375 0.05 0.04765625
0 0.08671875 0.1984375 0.0390625 0.05
0 0.13984375 0.18359375 0.046875 0.04609375
0 0.18828125 0.1828125 0.0421875 0.04921875
0 0.2296875 0.1890625 0.040625 0.040625
0 0.27734375 0.1859375 0.05 0.04921875
0 0.33515625 0.1765625 0.04609375 0.0453125
0 0.3859375 0.16875 0.0484375 0.04453125
0 0.43984375 0.15703125 0.04609375 0.04609375
0 0.484375 0.159375 0.04609375 0.0515625
0 0.5375 0.15 0.0515625 0.04765625
0 0.01796875 0.153125 0.0359375 0.0453125
0 0.06484375 0.14375 0.0484375 0.04609375
0 0.1125 0.146875 0.04609375 0.04921875
0 0.16015625 0.14296875 0.046875 0.04765625
0 0.2125 0.1421875 0.04765625 0.0453125
0 0.26171875 0.1375 0.04609375 0.04609375
0 0.3078125 0.13203125 0.046875 0.04296875
0 0.3578125 0.1296875 0.0453125 0.04609375
0 0.40390625 0.1265625 0.04296875 0.0421875
0 0.45390625 0.1203125 0.04765625 0.04375
0 0.5109375 0.10859375 0.04765625 0.0484375
0 0.55703125 0.1046875 0.07421875 0.06875
0 0.0328125 0.11171875 0.04453125 0.04375
0 0.0796875 0.11171875 0.0453125 0.04375
0 0.12890625 0.11328125 0.0484375 0.0421875
0 0.178125 0.10625 0.046875 0.0484375
0 0.2234375 0.1078125 0.0421875 0.04140625
0 0.271875 0.1046875 0.05078125 0.04296875
0 0.33203125 0.0859375 0.04609375 0.0515625
0 0.37421875 0.0953125 0.0453125 0.04765625
0 0.0140625 0.0734375 0.028125 0.046875
0 0.05703125 0.0671875 0.05 0.04375
0 0.10703125 0.0625 0.0421875 0.04609375
0 0.1515625 0.06875 0.05078125 0.04609375
0 0.2 0.0671875 0.0484375 0.0421875
0 0.2546875 0.0453125 0.05234375 0.0453125
0 0.30390625 0.046875 0.0453125 0.0453125
0 0.353125 0.04296875 0.04609375 0.04453125
0 0.4 0.04609375 0.04609375 0.04921875
0 0.03125 0.03125 0.0453125 0.04453125
0 0.07890625 0.02578125 0.0484375 0.04375
0 0.1265625 0.025 0.04921875 0.046875
0 0.17734375 0.02109375 0.0453125 0.0421875
0 0.22109375 0.01875 0.04375 0.0375
0 0.27265625 0.015625 0.053125 0.03125
0 0.325 0.0140625 0.046875 0.028125
0 0.37265625 0.0140625 0.0484375 0.028125
0 0.4265625 0.084375 0.04765625 0.0484375
0 0.48359375 0.06875 0.053125 0.04609375
0 0.53203125 0.06484375 0.0453125 0.04609375
0 0.578125 0.06640625 0.04375 0.0484375
0 0.4546875 0.03203125 0.0484375 0.04296875
0 0.5046875 0.025 0.0484375 0.04765625
0 0.5515625 0.02734375 0.05 0.0484375
0 0.59921875 0.025 0.04921875 0.04765625
0 0.4234375 0.01015625 0.0421875 0.0203125
0 0.46640625 0.01015625 0.0421875 0.0203125
0 0.51484375 0.009375 0.05 0.01875
0 0.6125 0.00859375 0.0453125 0.0171875