0 0.62578125 0.16015625 0.06171875 0.0609375
0 0.09375 0.12421875 0.06015625 0.059375
0 0.03125 0.12265625 0.0609375 0.06015625
0 0.3078125 0.059375 0.06328125 0.05859375
0 0.37734375 0.05546875 0.06328125 0.06171875
0 0.5921875 0.10234375 0.06015625 0.05625
0 0.97578125 0.14921875 0.0484375 0.06015625
0 0.059375 0.0609375 0.06171875 0.06015625
0 0.8046875 0.1 0.06171875 0.0609375
0 0.72734375 0.109375 0.0609375 0.059375
0 0.44140625 0.05390625 0.06328125 0.059375
0 0.95390625 0.08515625 0.0625 0.06171875
0 0.56640625 0.05078125 0.0609375 0.05859375
0 0.53359375 0.1046875 0.0609375 0.059375
0 0.2171875 0.11171875 0.059375 0.05859375
0 0.25 0.16796875 0.0625 0.059375
0 0.40703125 0.1109375 0.06015625 0.0578125
0 0.84375 0.1515625 0.0625 0.05859375
0 0.91875 0.146875 0.0609375 0.059375
0 0.9796875 0.025 0.03984375 0.05
0 0.60234375 0.0125 0.0625 0.02421875
0 0.70078125 0.0578125 0.06328125 0.059375
0 0.34140625 0.11015625 0.06328125 0.0609375
0 0.01484375 0.1734375 0.02890625 0.06328125
0 0.37421875 0.16953125 0.0625 0.06171875
0 0.12421875 0.06953125 0.0625 0.0609375
0 0.56328125 0.1625 0.05859375 0.0578125
0 0.503125 0.0546875 0.06171875 0.059375
0 0.01328125 0.065625 0.0265625 0.06328125
0 0.27890625 0.1109375 0.059375 0.0578125
0 0.690625 0.16015625 0.0640625 0.0609375
0 0.76484375 0.05546875 0.0625 0.0609375
0 0.4421875 0.171875 0.0609375 0.05859375
0 0.1828125 0.0546875 0.0609375 0.0625
0 0.5015625 0.16640625 0.06015625 0.059375
0 0.8828125 0.10234375 0.0609375 0.059375
0 0.2484375 0.05859375 0.06015625 0.059375
0 0.5390625 0.0140625 0.06484375 0.028125
0 0.46640625 0.10078125 0.06015625 0.05859375
0 0.4046875 0.01171875 0.0671875 0.0234375
0 0.27734375 0.0171875 0.06484375 0.03359375
0 0.18359375 0.16328125 0.06171875 0.059375
0 0.06015625 0.17265625 0.0625 0.05703125
0 0.80078125 0.01875 0.0609375 0.03671875
0 0.7625 0.1515625 0.06484375 0.0609375
0 0.9078125 0.0359375 0.0609375 0.0578125
0 0.340625 0.0140625 0.0609375 0.02734375
0 0.121875 0.16484375 0.059375 0.05703125
0 0.028125 0.01484375 0.05625 0.0296875
0 0.2140625 0.01171875 0.065625 0.0234375
0 0.4734375 0.0171875 0.0625 0.034375
0 0.30859375 0.15546875 0.0609375 0.0546875
0 0.153125 0.1125 0.06015625 0.0546875
0 0.63046875 0.0375 0.06171875 0.0578125
0 0.1484375 0.01484375 0.06484375 0.0296875
0 0.73203125 0.0109375 0.07109375 0.021875
0 0.6671875 0.01171875 0.06484375 0.02265625