0 0.4578125 0.1171875 0.15546875 0.15390625
0 0.04296875 0.07421875 0.0859375 0.11484375
0 0.63671875 0.32578125 0.1265625 0.1203125
0 0.94609375 0.0234375 0.10625 0.046875
0 0.9015625 0.0953125 0.12890625 0.12421875
0 0.70703125 0.22890625 0.1296875 0.15
0 0.7578125 0.1125 0.12734375 0.140625
0 0.53515625 0.034375 0.1328125 0.06875
0 0.72421875 0.72890625 0.134375 0.11640625
0 0.5515625 0.41171875 0.12421875 0.1203125
1 0.9296875 0.4328125 0.140625 0.1203125
0 0.04921875 0.70546875 0.0984375 0.1265625
0 0.403125 0.02890625 0.125 0.0578125
0 0.63671875 0.62890625 0.11640625 0.11875
0 0.103125 0.021875 0.10703125 0.04296875
0 0.1078125 0.17421875 0.10703125 0.11640625
0 0.04296875 0.58359375 0.0859375 0.1203125
0 0.478125 0.3 0.1265625 0.1296875
0 0.9 0.6171875 0.125 0.14453125
0 0.82265625 0.02421875 0.13828125 0.046875
0 0.6734375 0.0265625 0.13984375 0.053125
0 0.29375 0.4046875 0.11796875 0.1390625
0 0.84375 0.5015625 0.1265625 0.1296875
0 0.01953125 0.9296875 0.0390625 0.13671875
0 0.7359375 0.43359375 0.125 0.11328125
0 0.8109375 0.32265625 0.13828125 0.1234375
0 0.86796875 0.2125 0.1234375 0.1109375
0 0.54921875 0.21171875 0.13125 0.11953125
0 0.6796875 0.84921875 0.12265625 0.11640625
0 0.4046875 0.70859375 0.1171875 0.11484375
0 0.9390625 0.8359375 0.115625 0.15390625
0 0.25859375 0.52109375 0.109375 0.11640625
0 0.34921875 0.31015625 0.128125 0.11875
0 0.39921875 0.48359375 0.12421875 0.10703125
0 0.8609375 0.73125 0.13203125 0.1140625
0 0.0140625 0.1703125 0.028125 0.12421875
0 0.62109375 0.109375 0.1453125 0.11640625
0 0.57109375 0.90078125 0.1203125 0.1234375
0 0.21796875 0.01796875 0.1140625 0.034375
0 0.2015625 0.30390625 0.1125 0.1140625
0 0.659375 0.5046875 0.1203125 0.11640625
0 0.05390625 0.44921875 0.1078125 0.1484375
0 0.146875 0.53984375 0.109375 0.11640625
0 0.815625 0.84140625 0.1296875 0.13515625
0 0.17890625 0.084375 0.10859375 0.115625
0 0.9765625 0.1984375 0.046875 0.125
0 0.3625 0.60546875 0.1265625 0.1203125
0 0.959375 0.3125 0.08125 0.13125
0 0.75703125 0.60078125 0.12265625 0.13828125
0 0.53828125 0.7796875 0.115625 0.1109375
0 0.521875 0.54921875 0.115625 0.10390625
0 0.5203125 0.65390625 0.1171875 0.1
0 0.275 0.65859375 0.109375 0.1015625
0 0.1625 0.67109375 0.115625 0.1125
0 0.1890625 0.79140625 0.11640625 0.096875
0 0.0703125 0.8453125 0.12109375 0.10546875
0 0.1671875 0.9546875 0.109375 0.090625
0 0.3140625 0.9203125 0.11640625 0.11015625
0 0.43359375 0.85078125 0.1171875 0.10859375
0 0.4546875 0.9640625 0.11875 0.071875
0 0.7046875 0.9578125 0.12265625 0.08359375
0 0.84296875 0.95859375 0.1234375 0.0828125
0 0.95625 0.95703125 0.0875 0.0828125
0 0.31953125 0.7828125 0.1140625 0.1140625
0 0.16953125 0.4203125 0.109375 0.096875
0 0.08046875 0.30546875 0.10703125 0.1140625
0 0.2546875 0.22421875 0.10859375 0.1
0 0.2609375 0.11953125 0.10078125 0.10234375
0 0.39453125 0.20625 0.0984375 0.09375
0 0.98515625 0.59921875 0.0296875 0.0984375
0 0.9828125 0.73828125 0.034375 0.0875