1 0.5390625 0.075 0.1875 0.15
1 0.0671875 0.7078125 0.13046875 0.1625
1 0.2140625 0.67890625 0.18828125 0.16640625
1 0.465625 0.1953125 0.20859375 0.17578125
1 0.115625 0.53125 0.190625 0.1921875
1 0.47109375 0.48359375 0.18828125 0.184375
1 0.4796875 0.81015625 0.18828125 0.178125
1 0.92421875 0.653125 0.1515625 0.178125
1 0.86171875 0.4828125 0.18671875 0.18359375
1 0.30078125 0.80546875 0.2046875 0.1828125
1 0.75546875 0.365625 0.18359375 0.18515625
1 0.371875 0.35078125 0.1984375 0.17421875
1 0.13203125 0.8609375 0.18828125 0.1859375
1 0.69765625 0.7859375 0.1875 0.1984375
1 0.28515625 0.225 0.1828125 0.16015625
1 0.6421875 0.47890625 0.1640625 0.1734375
1 0.36328125 0.0765625 0.18125 0.1390625
1 0.18984375 0.0796875 0.19296875 0.15546875
1 0.71953125 0.06875 0.17421875 0.1375
1 0.92421875 0.340625 0.1515625 0.184375
1 0.5609375 0.33828125 0.18828125 0.15625
1 0.8890625 0.07421875 0.196875 0.1484375
1 0.090625 0.215625 0.18125 0.18125
1 0.04765625 0.08984375 0.0953125 0.1734375
1 0.0609375 0.40625 0.121875 0.1875
1 0.77265625 0.92578125 0.1984375 0.1484375
1 0.653125 0.20859375 0.18203125 0.17734375
1 0.82578125 0.2078125 0.17265625 0.17734375
1 0.1921875 0.353125 0.1640625 0.1734375
1 0.58671875 0.9203125 0.1859375 0.15859375
1 0.934375 0.93046875 0.13125 0.1328125
1 0.41328125 0.64765625 0.19375 0.1734375
1 0.578125 0.64921875 0.20390625 0.2109375
1 0.8671875 0.78359375 0.165625 0.20390625
1 0.2953125 0.49453125 0.18046875 0.20625
1 0.7640625 0.60078125 0.1734375 0.22421875
1 0.41953125 0.9265625 0.19375 0.14609375
1 0.95625 0.18125 0.0875 0.20703125
1 0.9734375 0.4890625 0.053125 0.178125
1 0.97109375 0.8 0.05703125 0.2109375
1 0.0203125 0.865625 0.03984375 0.178125
1 0.0171875 0.5546875 0.03359375 0.21328125