0 0.01640625 0.05703125 0.03203125 0.0640625
0 0.20546875 0.20546875 0.0640625 0.06328125
0 0.24609375 0.15625 0.065625 0.065625
0 0.2546875 0.0328125 0.06328125 0.06171875
0 0.32265625 0.03515625 0.065625 0.0640625
0 0.06484375 0.053125 0.0640625 0.0625
0 0.0375 0.11875 0.065625 0.0640625
0 0.21953125 0.08984375 0.06640625 0.0625
0 0.1765625 0.140625 0.0640625 0.06171875
0 0.19453125 0.0203125 0.0671875 0.03984375
0 0.15546875 0.06640625 0.06484375 0.06484375
0 0.28203125 0.09296875 0.065625 0.0671875
0 0.13984375 0.19140625 0.0609375 0.06015625
0 0.03828125 0.0125 0.06953125 0.02421875
0 0.10390625 0.12109375 0.06328125 0.0640625
0 0.0796875 0.18515625 0.06328125 0.05859375
0 0.040625 0.25625 0.06796875 0.06953125
0 0.0234375 0.18359375 0.04609375 0.0609375
0 0.103125 0.24921875 0.06875 0.06796875
1 0.121875 0.0125 0.0765625 0.02421875