0 0.915625 0.9796875 0.04375 0.040625
0 0.959375 0.98046875 0.04375 0.0390625
0 0.88828125 0.93984375 0.04453125 0.04375
0 0.9328125 0.94453125 0.04609375 0.04375
0 0.97890625 0.94375 0.0421875 0.0484375
0 0.90703125 0.90703125 0.04765625 0.04296875
0 0.95703125 0.89609375 0.0484375 0.04609375
0 0.88515625 0.85546875 0.046875 0.04296875
0 0.93046875 0.86015625 0.04765625 0.04765625
0 0.97578125 0.8578125 0.04609375 0.0453125
0 0.9015625 0.821875 0.04765625 0.0453125
0 0.94765625 0.82265625 0.0515625 0.04609375
0 0.9875 0.8171875 0.025 0.04375
0 0.88046875 0.7796875 0.05 0.046875
0 0.92578125 0.77890625 0.0421875 0.04375
0 0.9703125 0.78046875 0.04765625 0.04453125
0 0.85 0.74375 0.04765625 0.04765625
0 0.89609375 0.74609375 0.04375 0.046875
0 0.94609375 0.740625 0.05234375 0.04765625
0 0.98515625 0.74140625 0.0296875 0.046875
0 0.91484375 0.70703125 0.0515625 0.04375
0 0.57734375 0.98984375 0.0515625 0.0203125
0 0.62890625 0.9875 0.05 0.025
0 0.67734375 0.984375 0.046875 0.03125
0 0.72265625 0.984375 0.0453125 0.03125
0 0.76875 0.98515625 0.0453125 0.0296875
0 0.8171875 0.9828125 0.05 0.034375
0 0.865625 0.9828125 0.0515625 0.034375
0 0.21953125 0.97578125 0.046875 0.04453125
0 0.265625 0.978125 0.05 0.04375
0 0.31484375 0.97421875 0.04921875 0.0453125
0 0.36015625 0.97734375 0.04375 0.0453125
0 0.4078125 0.9765625 0.0484375 0.046875
0 0.453125 0.9734375 0.04296875 0.04609375
0 0.50234375 0.96953125 0.05546875 0.0453125
0 0.5515625 0.9640625 0.046875 0.0484375
0 0.6 0.96015625 0.04765625 0.04609375
0 0.6484375 0.9546875 0.04765625 0.04453125
0 0.69609375 0.95234375 0.0453125 0.04453125
0 0.74296875 0.9546875 0.0453125 0.0453125
0 0.790625 0.95234375 0.0484375 0.046875
0 0.84140625 0.94375 0.0484375 0.046875
0 0.2390625 0.93671875 0.04453125 0.04375
0 0.2859375 0.93671875 0.04765625 0.0453125
0 0.33515625 0.93203125 0.04609375 0.04375
0 0.38203125 0.93046875 0.04296875 0.04296875
0 0.42734375 0.93359375 0.04765625 0.04609375
0 0.47734375 0.9328125 0.04609375 0.04453125
0 0.52421875 0.9234375 0.04609375 0.04296875
0 0.57109375 0.92265625 0.0484375 0.04453125
0 0.62109375 0.91875 0.0484375 0.0484375
0 0.6703125 0.91328125 0.046875 0.0453125
0 0.71796875 0.9125 0.04765625 0.046875
0 0.76484375 0.91171875 0.0453125 0.05
0 0.8125 0.91015625 0.05 0.04609375
0 0.86171875 0.909375 0.0484375 0.0484375
0 0.2109375 0.90625 0.04765625 0.04609375
0 0.259375 0.896875 0.04609375 0.0453125
0 0.30625 0.89609375 0.0453125 0.04609375
0 0.3546875 0.89453125 0.05 0.04375
0 0.40390625 0.88828125 0.0484375 0.04765625
0 0.45 0.8875 0.04375 0.04765625
0 0.49453125 0.88828125 0.05 0.04609375
0 0.54296875 0.88515625 0.0484375 0.0453125
0 0.59453125 0.878125 0.05 0.04375
0 0.64296875 0.87734375 0.046875 0.04375
0 0.690625 0.875 0.0453125 0.04765625
0 0.73828125 0.87109375 0.04375 0.0453125
0 0.78359375 0.875 0.04296875 0.04296875
0 0.83515625 0.8703125 0.05 0.05
0 0.23359375 0.865625 0.0484375 0.04453125
0 0.2828125 0.8546875 0.046875 0.04609375
0 0.32890625 0.85625 0.04375 0.0453125
0 0.3765625 0.85 0.0453125 0.04453125
0 0.42265625 0.853125 0.04921875 0.04453125
0 0.4703125 0.84921875 0.04765625 0.04453125
0 0.51875 0.840625 0.05 0.046875
0 0.565625 0.84765625 0.04765625 0.0453125
0 0.6171875 0.83515625 0.04609375 0.04375
0 0.66484375 0.834375 0.0453125 0.04296875
0 0.7109375 0.8375 0.0484375 0.04765625
0 0.7609375 0.8296875 0.04375 0.0453125
0 0.80859375 0.82890625 0.04765625 0.0484375
0 0.85703125 0.82109375 0.04453125 0.04609375
0 0.20703125 0.825 0.04609375 0.05
0 0.253125 0.82109375 0.04609375 0.04609375
0 0.30078125 0.815625 0.04765625 0.04765625
0 0.34921875 0.815625 0.0484375 0.04609375
0 0.39765625 0.8046875 0.04765625 0.04765625
0 0.446875 0.80625 0.04921875 0.0484375
0 0.4953125 0.79765625 0.04609375 0.046875
0 0.54296875 0.796875 0.04609375 0.05078125
0 0.58984375 0.80078125 0.0453125 0.04375
0 0.63671875 0.79765625 0.04609375 0.04453125
0 0.684375 0.79453125 0.04921875 0.04609375
0 0.73203125 0.79453125 0.0453125 0.0453125
0 0.78046875 0.79375 0.04921875 0.04375
0 0.83125 0.78125 0.0484375 0.04375
0 0.22578125 0.78125 0.04921875 0.04765625
0 0.27890625 0.765625 0.0484375 0.05
0 0.3234375 0.7734375 0.04375 0.046875
0 0.37265625 0.765625 0.0484375 0.0453125
0 0.3828125 0.71796875 0.04765625 0.05
0 0.4203125 0.7578125 0.04375 0.0515625
0 0.4671875 0.75859375 0.0484375 0.04921875
0 0.51640625 0.7546875 0.046875 0.0484375
0 0.56953125 0.7515625 0.0484375 0.0515625
0 0.61484375 0.75859375 0.0453125 0.04765625
0 0.68515625 0.70859375 0.04765625 0.0515625
0 0.7546875 0.7546875 0.04609375 0.04609375
0 0.8015625 0.75 0.04765625 0.04609375
0 0.7640625 0.7046875 0.04765625 0.04921875
0 0.81171875 0.70234375 0.04609375 0.0484375
0 0.0296875 0.98671875 0.046875 0.0265625
0 0.078125 0.98515625 0.046875 0.0296875
0 0.125 0.98203125 0.0484375 0.0359375
0 0.1734375 0.98125 0.046875 0.0375
0 0.01328125 0.95546875 0.0265625 0.046875
0 0.04921875 0.95546875 0.04921875 0.04921875
0 0.09765625 0.94765625 0.0453125 0.04765625
0 0.14375 0.94609375 0.046875 0.04609375
0 0.19453125 0.9390625 0.046875 0.04609375
0 0.02265625 0.915625 0.0453125 0.0453125
0 0.06953125 0.9125 0.04765625 0.04921875
0 0.11875 0.9 0.04765625 0.046875
0 0.1671875 0.90234375 0.0515625 0.0484375
0 0.01171875 0.86953125 0.0234375 0.0453125
0 0.0453125 0.8703125 0.04453125 0.0453125
0 0.09296875 0.86640625 0.04921875 0.04375
0 0.13984375 0.85703125 0.04453125 0.04765625
0 0.18671875 0.86328125 0.04609375 0.0484375
0 0.02109375 0.8296875 0.0421875 0.04375
0 0.06640625 0.83125 0.0453125 0.04765625
0 0.11328125 0.825 0.04453125 0.04296875
0 0.159375 0.81875 0.04609375 0.0453125
0 0.03125 0.7859375 0.04609375 0.0484375
0 0.078125 0.7921875 0.04453125 0.0484375
0 0.1328125 0.77890625 0.04765625 0.05
0 0.18046875 0.784375 0.04609375 0.04765625