0 0.0390625 0.3 0.06640625 0.06484375
0 0.0234375 0.925 0.046875 0.065625
0 0.384375 0.19921875 0.0625 0.06484375
0 0.3640625 0.5140625 0.0671875 0.06484375
0 0.02421875 0.234375 0.0484375 0.0625
0 0.51875 0.02109375 0.06484375 0.0421875
0 0.33359375 0.82890625 0.06640625 0.06328125
0 0.91328125 0.2125 0.065625 0.06328125
0 0.3109375 0.89296875 0.065625 0.06328125
0 0.18203125 0.1875 0.06796875 0.06640625
0 0.7078125 0.803125 0.0671875 0.06484375
0 0.5109375 0.8390625 0.0625 0.06171875
0 0.33359375 0.025 0.06484375 0.04921875
0 0.9765625 0.18515625 0.046875 0.06328125
0 0.6375 0.13984375 0.06484375 0.06484375
0 0.8703125 0.61328125 0.06875 0.0625
0 0.28671875 0.2609375 0.065625 0.065625
0 0.175 0.31484375 0.06640625 0.06484375
0 0.84765625 0.253125 0.06484375 0.06328125
0 0.0375 0.8640625 0.06484375 0.0625
0 0.2859375 0.14140625 0.06640625 0.0640625
0 0.08671875 0.11328125 0.065625 0.06484375
0 0.11953125 0.57421875 0.06484375 0.0625
0 0.02578125 0.10703125 0.0515625 0.0640625
0 0.46171875 0.80234375 0.0640625 0.06328125
0 0.5109375 0.6515625 0.06796875 0.0640625
0 0.18203125 0.90859375 0.065625 0.06171875
0 0.56015625 0.53046875 0.0640625 0.06171875
0 0.39921875 0.81796875 0.06171875 0.06171875
0 0.59921875 0.75625 0.06640625 0.06015625
0 0.11953125 0.1828125 0.06484375 0.0640625
0 0.24765625 0.903125 0.06328125 0.06484375
0 0.17890625 0.05625 0.06640625 0.0640625
0 0.87578125 0.115625 0.06484375 0.0625
0 0.77578125 0.678125 0.06640625 0.065625
0 0.69609375 0.11328125 0.0625 0.06484375
0 0.0515625 0.04921875 0.0640625 0.06171875
0 0.2234375 0.2640625 0.0640625 0.06484375
0 0.82265625 0.07109375 0.0671875 0.06484375
0 0.1640625 0.6984375 0.065625 0.06328125
0 0.48828125 0.91171875 0.0640625 0.06171875
0 0.1953125 0.78671875 0.06640625 0.0640625
0 0.4375 0.0984375 0.06640625 0.0625
0 0.5703125 0.8125 0.06484375 0.0640625
0 0.509375 0.27421875 0.06484375 0.0625
0 0.2109375 0.846875 0.0625 0.06171875
0 0.09140625 0.240625 0.0671875 0.06328125
0 0.675 0.8625 0.0640625 0.0625
0 0.13125 0.36640625 0.06640625 0.0640625
0 0.38828125 0.0546875 0.06484375 0.06171875
0 0.4359375 0.4953125 0.06484375 0.0640625
0 0.54296875 0.590625 0.0671875 0.06328125
0 0.83515625 0.01875 0.0640625 0.0375
0 0.1484375 0.85390625 0.0640625 0.06328125
0 0.76796875 0.028125 0.0671875 0.05546875
0 0.2859375 0.778125 0.0671875 0.0625
0 0.75078125 0.9734375 0.065625 0.05234375
0 0.2390625 0.33671875 0.0640625 0.06484375
0 0.55625 0.703125 0.06484375 0.06171875
0 0.19375 0.37890625 0.06328125 0.06171875
0 0.584375 0.64296875 0.065625 0.0625
0 0.6890625 0.56953125 0.06640625 0.06171875
0 0.20625 0.47734375 0.0640625 0.0640625
0 0.3203125 0.2 0.06328125 0.0625
0 0.83359375 0.55625 0.06640625 0.0640625
0 0.05234375 0.178125 0.06171875 0.06484375
0 0.5734375 0.16796875 0.0640625 0.0640625
0 0.94609375 0.0234375 0.06328125 0.046875
0 0.7015625 0.3046875 0.06875 0.06484375
0 0.31640625 0.08203125 0.065625 0.06328125
0 0.5203125 0.4765625 0.06796875 0.0640625
0 0.421875 0.753125 0.06171875 0.06328125
0 0.0671875 0.96171875 0.06484375 0.0640625
0 0.015625 0.8140625 0.03125 0.0609375
0 0.74375 0.853125 0.06484375 0.06015625
0 0.58984375 0.95234375 0.0640625 0.0625
0 0.87890625 0.73203125 0.06484375 0.0640625
0 0.871875 0.49296875 0.0671875 0.0640625
0 0.82421875 0.975 0.0703125 0.05
0 0.4390625 0.29453125 0.0671875 0.0640625
0 0.64921875 0.51875 0.0671875 0.0640625
0 0.51171875 0.20546875 0.0625 0.06328125
0 0.78359375 0.92109375 0.065625 0.06484375
0 0.67109375 0.74609375 0.0640625 0.06171875
0 0.046875 0.55390625 0.0671875 0.06328125
0 0.75625 0.090625 0.0640625 0.06171875
0 0.45625 0.9703125 0.065625 0.059375
0 0.31796875 0.959375 0.0640625 0.0640625
0 0.715625 0.91484375 0.0640625 0.0625
0 0.22734375 0.671875 0.065625 0.0640625
0 0.896875 0.8640625 0.06953125 0.065625
0 0.44765625 0.1625 0.0640625 0.06328125
0 0.84375 0.67265625 0.065625 0.06328125
0 0.859375 0.921875 0.06484375 0.0640625
0 0.74765625 0.16015625 0.06640625 0.0625
0 0.553125 0.89375 0.0625 0.06328125
0 0.51484375 0.1375 0.0640625 0.06328125
0 0.35546875 0.7671875 0.0640625 0.06328125
0 0.25625 0.9703125 0.06171875 0.059375
0 0.24375 0.4234375 0.06640625 0.06328125
0 0.10625 0.30234375 0.0640625 0.0625
0 0.9296875 0.1515625 0.06484375 0.06171875
0 0.63203125 0.69921875 0.06796875 0.0640625
0 0.825 0.44453125 0.06640625 0.0640625
0 0.11015625 0.503125 0.06328125 0.06484375
0 0.9765625 0.55703125 0.046875 0.0609375
0 0.52109375 0.96875 0.06171875 0.0609375
0 0.44375 0.22890625 0.06328125 0.06171875
0 0.79765625 0.6109375 0.06328125 0.0625
0 0.1578125 0.24375 0.06328125 0.06328125
0 0.1515625 0.42890625 0.06796875 0.0625
0 0.81015625 0.13828125 0.06171875 0.0640625
0 0.01328125 0.025 0.0265625 0.05
0 0.153125 0.11875 0.0671875 0.0640625
0 0.7984375 0.2078125 0.06796875 0.0640625
0 0.09140625 0.82265625 0.0671875 0.0640625
0 0.49296875 0.540625 0.065625 0.0640625
0 0.68125 0.97109375 0.065625 0.05703125
0 0.7953125 0.503125 0.06640625 0.0625
0 0.13125 0.94765625 0.059375 0.0640625
0 0.4453125 0.8640625 0.065625 0.0625
0 0.640625 0.8078125 0.06015625 0.06328125
0 0.21171875 0.01328125 0.0671875 0.0265625
0 0.94375 0.08984375 0.0625 0.06015625
0 0.1890625 0.97109375 0.0609375 0.0578125
0 0.16640625 0.53359375 0.06328125 0.0640625
0 0.8171875 0.859375 0.06640625 0.0625
0 0.30390625 0.71796875 0.06484375 0.0609375
0 0.04375 0.49140625 0.06484375 0.06484375
0 0.8125 0.73515625 0.06484375 0.0625
0 0.453125 0.0296875 0.06171875 0.05859375
0 0.2546875 0.1984375 0.065625 0.0625
0 0.94140625 0.50859375 0.06640625 0.0625
0 0.90078125 0.55625 0.06640625 0.0640625
0 0.3140625 0.6546875 0.0640625 0.0625
0 0.64453125 0.9171875 0.065625 0.06171875
0 0.57578125 0.10625 0.0640625 0.06171875
0 0.88828125 0.0484375 0.06171875 0.06328125
0 0.0984375 0.89296875 0.0640625 0.06328125
1 0.78046875 0.28203125 0.06484375 0.05546875
0 0.7796875 0.79609375 0.06328125 0.0640625
0 0.13828125 0.75546875 0.0640625 0.06171875
1 0.29375 0.5359375 0.06171875 0.07265625
0 0.65546875 0.01171875 0.06796875 0.02265625
0 0.60859375 0.8640625 0.0640625 0.0609375
1 0.65703125 0.40078125 0.071875 0.06015625
0 0.271875 0.83828125 0.0609375 0.06328125
0 0.27265625 0.009375 0.059375 0.01875
0 0.9859375 0.04921875 0.02734375 0.06328125
1 0.33515625 0.58984375 0.0703125 0.05390625
0 0.85859375 0.17890625 0.0625 0.06328125
1 0.38671875 0.95234375 0.06171875 0.07265625
1 0.915625 0.79765625 0.0640625 0.05546875
1 0.70625 0.68515625 0.0625 0.05546875
1 0.26640625 0.48046875 0.05859375 0.0625
1 0.4125 0.56328125 0.059375 0.06484375
1 0.7375 0.73984375 0.0609375 0.06328125
1 0.09453125 0.69765625 0.0640625 0.0609375
1 0.57890625 0.0421875 0.06015625 0.05703125
1 0.06171875 0.61953125 0.06953125 0.05859375
1 0.3671875 0.1296875 0.06171875 0.065625
1 0.75078125 0.44375 0.059375 0.071875
1 0.653125 0.6328125 0.065625 0.05625
1 0.11796875 0.0546875 0.06015625 0.059375
1 0.39296875 0.43984375 0.06328125 0.075
1 0.4609375 0.428125 0.065625 0.06484375
1 0.05546875 0.3671875 0.0640625 0.0640625
1 0.91015625 0.4390625 0.059375 0.0578125
1 0.38046875 0.88671875 0.06015625 0.0546875
1 0.228125 0.54453125 0.065625 0.059375
0 0.07578125 0.01015625 0.06640625 0.0203125
1 0.35390625 0.2640625 0.0625 0.05625
1 0.62578125 0.2203125 0.0625 0.06953125
1 0.375 0.33125 0.05859375 0.0765625
1 0.43046875 0.66796875 0.0640625 0.05625
1 0.6296875 0.2859375 0.0671875 0.06640625
1 0.865625 0.39296875 0.05859375 0.06171875
1 0.753125 0.5609375 0.05703125 0.06796875
1 0.6109375 0.58203125 0.06171875 0.06328125
1 0.63828125 0.06796875 0.065625 0.0625
1 0.078125 0.42578125 0.06015625 0.06484375
0 0.40234375 0.009375 0.06796875 0.01796875
1 0.021875 0.42734375 0.04375 0.0578125
1 0.56796875 0.303125 0.0625 0.05859375
1 0.4609375 0.6046875 0.0734375 0.0609375
1 0.46796875 0.36328125 0.1 0.065625
1 0.26015625 0.60390625 0.06171875 0.06953125
1 0.95390625 0.3921875 0.06171875 0.0546875
1 0.909375 0.346875 0.0609375 0.05859375
1 0.184375 0.60546875 0.0640625 0.06640625
1 0.56640625 0.24375 0.0484375 0.05546875
1 0.83828125 0.33125 0.0578125 0.065625
1 0.140625 0.0140625 0.0625 0.028125
1 0.0578125 0.75625 0.0640625 0.06875
0 0.0109375 0.1640625 0.021875 0.065625
1 0.384375 0.63125 0.05546875 0.06796875
1 0.2515625 0.05859375 0.06640625 0.0609375
1 0.51796875 0.76640625 0.05859375 0.0703125
1 0.68359375 0.20390625 0.059375 0.0578125
1 0.73046875 0.240625 0.05703125 0.06171875
1 0.1296875 0.6421875 0.06015625 0.0640625
1 0.03671875 0.6828125 0.05703125 0.06640625
1 0.31953125 0.45703125 0.05703125 0.0625
1 0.69453125 0.04921875 0.06484375 0.05859375
1 0.31328125 0.32421875 0.06640625 0.05625
1 0.47578125 0.7140625 0.0578125 0.06171875
1 0.975 0.3328125 0.05 0.06640625
1 0.9125 0.6703125 0.05 0.053125
1 0.5046875 0.0765625 0.05078125 0.0578125
1 0.59765625 0.46796875 0.0640625 0.06953125
1 0.221875 0.115625 0.0625 0.0671875
0 0.56875 0.98984375 0.06875 0.0203125
1 0.72109375 0.5 0.065625 0.0515625
1 0.8 0.384375 0.065625 0.05390625
1 0.759375 0.3390625 0.065625 0.06796875
1 0.97734375 0.45234375 0.0453125 0.0640625
1 0.7234375 0.6203125 0.0671875 0.05390625
1 0.978125 0.67890625 0.04375 0.06328125
1 0.96171875 0.2578125 0.05390625 0.05546875
1 0.95703125 0.74765625 0.065625 0.06328125
1 0.315625 0.38671875 0.0609375 0.06796875
1 0.67578125 0.45859375 0.059375 0.059375
1 0.84453125 0.8015625 0.0578125 0.0609375
1 0.0140625 0.72421875 0.028125 0.05078125
1 0.3734375 0.69921875 0.05234375 0.053125
1 0.909375 0.28828125 0.06015625 0.0578125
0 0.7234375 0.00546875 0.0671875 0.0109375
1 0.940625 0.6140625 0.0609375 0.053125
0 0.10078125 0.99296875 0.0640625 0.0140625
1 0.01328125 0.621875 0.02578125 0.05546875
1 0.2296875 0.72890625 0.05859375 0.05078125
0 0.009375 0.9796875 0.01875 0.040625
1 0.01171875 0.36875 0.0234375 0.065625
1 0.57265625 0.37265625 0.08203125 0.08125
0 0.35390625 0.99375 0.0640625 0.0125
1 0.9859375 0.1296875 0.028125 0.05546875
0 0.99453125 0.390625 0.01015625 0.05859375