0 0.690625 0.215625 0.040625 0.04140625
0 0.9078125 0.55703125 0.04375 0.04375
0 0.703125 0.01796875 0.04140625 0.0359375
0 0.5703125 0.02265625 0.0421875 0.04375
0 0.91796875 0.28125 0.0421875 0.04296875
0 0.6125 0.01953125 0.040625 0.0390625
0 0.8515625 0.39921875 0.0421875 0.0421875
0 0.92890625 0.51171875 0.04296875 0.04296875
0 0.93203125 0.59140625 0.04140625 0.04296875
0 0.66875 0.25390625 0.04140625 0.0421875
0 0.77578125 0.209375 0.04140625 0.04296875
0 0.7703125 0.05234375 0.04140625 0.0421875
0 0.72578125 0.05390625 0.040625 0.0421875
0 0.7078125 0.09453125 0.04140625 0.04296875
0 0.9421875 0.3953125 0.0421875 0.0421875
0 0.91171875 0.20234375 0.0421875 0.0421875
0 0.88046875 0.51796875 0.0421875 0.04375
0 0.97890625 0.590625 0.0421875 0.04296875
0 0.9640625 0.27890625 0.04453125 0.04296875
0 0.928125 0.0828125 0.0421875 0.04296875
0 0.55234375 0.06484375 0.03984375 0.04140625
0 0.728125 0.13515625 0.04140625 0.04296875
0 0.81640625 0.0484375 0.04296875 0.04296875
0 0.646875 0.21796875 0.04140625 0.0421875
0 0.75859375 0.32734375 0.0421875 0.0421875
0 0.9203125 0.35703125 0.04140625 0.04296875
0 0.83046875 0.44296875 0.040625 0.0421875
0 0.665625 0.1765625 0.04140625 0.0421875
0 0.896875 0.3953125 0.0421875 0.0421875
0 0.896875 0.3203125 0.0421875 0.04296875
0 0.83828125 0.08515625 0.0421875 0.0421875
0 0.83671875 0.01484375 0.04296875 0.02890625
0 0.87890625 0.01328125 0.0421875 0.0265625
0 0.87578125 0.4375 0.04140625 0.04296875
0 0.946875 0.47109375 0.04140625 0.04296875
0 0.8578125 0.4765625 0.04140625 0.04296875
0 0.984375 0.39453125 0.03125 0.04296875
0 0.85390625 0.3234375 0.0421875 0.0421875
0 0.71484375 0.25 0.040625 0.04296875
0 0.8390625 0.16640625 0.04140625 0.04375
0 0.775 0.13046875 0.04140625 0.04375
0 0.88515625 0.59921875 0.0421875 0.04296875
0 0.77890625 0.28671875 0.04296875 0.04296875
0 0.971875 0.5109375 0.04296875 0.0421875
0 0.975 0.078125 0.04296875 0.0421875
0 0.9796875 0.7515625 0.040625 0.04375
0 0.9234375 0.43671875 0.0421875 0.0421875
0 0.965625 0.3546875 0.04296875 0.04296875
0 0.95390625 0.20078125 0.04296875 0.0421875
0 0.79609375 0.1671875 0.0421875 0.04296875
0 0.9578125 0.7140625 0.0421875 0.04296875
0 0.846875 0.24609375 0.0421875 0.04296875
0 0.884375 0.16328125 0.04296875 0.0421875
0 0.94453125 0.31640625 0.0421875 0.04296875
0 0.821875 0.2078125 0.04375 0.04375
0 0.9328125 0.67421875 0.0421875 0.0421875
0 0.76640625 0.40546875 0.03984375 0.040625
0 0.92734375 0.0140625 0.04375 0.028125
0 0.7515625 0.0953125 0.0421875 0.04296875
0 0.57265625 0.10390625 0.040625 0.0421875
0 0.60078125 0.1390625 0.04140625 0.0421875
0 0.98828125 0.55078125 0.02265625 0.04375
0 0.7546875 0.1703125 0.0421875 0.04296875
0 0.809375 0.403125 0.03984375 0.0421875
0 0.98125 0.66796875 0.0375 0.0421875
0 0.875 0.36015625 0.0421875 0.04296875
0 0.6953125 0.29375 0.03984375 0.0421875
0 0.734375 0.28984375 0.04140625 0.04140625
0 0.7546875 0.24765625 0.04140625 0.04140625
0 0.7984375 0.09140625 0.04296875 0.04296875
0 0.61796875 0.09921875 0.04296875 0.04296875
0 0.684375 0.05546875 0.04140625 0.03984375
0 0.97734375 0.16171875 0.04375 0.0421875
0 0.953125 0.55234375 0.04140625 0.0421875
0 0.80390625 0.25 0.04375 0.04296875
0 0.8921875 0.24453125 0.04296875 0.04375
0 0.7921875 0.015625 0.04375 0.03125
0 0.528125 0.028125 0.04140625 0.04296875
0 0.96796875 0.4328125 0.0421875 0.0421875
0 0.9078125 0.046875 0.0421875 0.0421875
0 0.9875 0.11875 0.02421875 0.04453125
0 0.82734375 0.28515625 0.04375 0.04296875
0 0.9125 0.63828125 0.0421875 0.04296875
0 0.875 0.28515625 0.0421875 0.04140625
0 0.64296875 0.13984375 0.04140625 0.0421875
0 0.66015625 0.01875 0.0421875 0.0375
0 0.59765625 0.0625 0.0421875 0.0421875
0 0.82734375 0.36015625 0.04140625 0.04296875
0 0.9859375 0.47109375 0.02734375 0.0421875
0 0.784375 0.3625 0.0421875 0.04296875
0 0.9390625 0.24375 0.04296875 0.04375
0 0.80859375 0.32578125 0.0421875 0.04140625
0 0.86640625 0.2046875 0.0421875 0.04140625
0 0.9859375 0.3171875 0.02734375 0.04140625
0 0.9015625 0.47421875 0.0421875 0.04296875
0 0.98125 0.2359375 0.0375 0.04375
0 0.93046875 0.1640625 0.0421875 0.0421875
0 0.83671875 0.525 0.040625 0.04140625
0 0.7890625 0.4453125 0.03984375 0.040625
0 0.95 0.1203125 0.040625 0.04375
0 0.81796875 0.13125 0.0421875 0.04296875
0 0.95703125 0.63203125 0.0421875 0.0421875
0 0.859375 0.12890625 0.04140625 0.04375
0 0.68515625 0.13515625 0.0421875 0.04140625
0 0.95 0.04140625 0.0421875 0.04140625
0 0.7328125 0.21171875 0.040625 0.0421875
0 0.97734375 0.0140625 0.04375 0.028125
0 0.621875 0.178125 0.040625 0.0421875
0 0.71796875 0.3328125 0.0375 0.0421875
0 0.74609375 0.0171875 0.0421875 0.034375
0 0.9890625 0.196875 0.021875 0.04140625
0 0.74296875 0.36796875 0.040625 0.04140625
0 0.6421875 0.05859375 0.040625 0.040625
0 0.6640625 0.09609375 0.0421875 0.04140625
0 0.88515625 0.084375 0.0421875 0.04296875
0 0.98828125 0.04296875 0.02265625 0.04296875
0 0.71171875 0.17421875 0.0421875 0.0421875
0 0.8625 0.0484375 0.0453125 0.04453125
0 0.81484375 0.4875 0.040625 0.0421875
0 0.91015625 0.125 0.0421875 0.0421875
0 0.9921875 0.78828125 0.01484375 0.040625
0 0.990625 0.7109375 0.01875 0.04375
0 0.98984375 0.62890625 0.01875 0.04375
0 0.86484375 0.5625 0.04140625 0.0390625
0 0.9953125 0.3546875 0.009375 0.04296875
0 0.99453125 0.2765625 0.0109375 0.04609375