0 0.8375 0.0078125 0.040625 0.015625
0 0.86484375 0.03359375 0.0453125 0.03828125
0 0.884375 0.06796875 0.04296875 0.04296875
0 0.91171875 0.10625 0.04140625 0.040625
0 0.93125 0.14296875 0.04375 0.04453125
0 0.9546875 0.18203125 0.0421875 0.04375
0 0.9796875 0.2203125 0.040625 0.04296875
0 0.909375 0.025 0.04140625 0.04140625
0 0.934375 0.06171875 0.0390625 0.04296875
0 0.95625 0.10078125 0.04453125 0.0421875
0 0.98125 0.1375 0.0375 0.04375
0 0.95390625 0.02109375 0.0421875 0.0421875
0 0.9890625 0.01953125 0.021875 0.0390625
0 0.97890625 0.059375 0.0421875 0.0390625
0 0.990625 0.09765625 0.01875 0.04375