0 0.3765625 0.48359375 0.04296875 0.0453125
0 0.58046875 0.515625 0.04140625 0.04296875
0 0.68984375 0.4703125 0.04296875 0.0453125
0 0.6453125 0.47109375 0.04375 0.0453125
0 0.26484375 0.6703125 0.04140625 0.040625
0 0.3796875 0.7109375 0.04375 0.04140625
0 0.6703125 0.7390625 0.0421875 0.04140625
0 0.42421875 0.4828125 0.04609375 0.04375
0 0.3796875 0.85390625 0.04296875 0.0421875
0 0.49765625 0.89765625 0.0421875 0.0421875
0 0.49296875 0.82109375 0.04140625 0.0421875
0 0.9828125 0.871875 0.034375 0.04140625
0 0.1578125 0.49296875 0.04140625 0.04375
0 0.39921875 0.6671875 0.04296875 0.04296875
0 0.54296875 0.896875 0.04140625 0.04140625
0 0.49140625 0.740625 0.0421875 0.0421875
0 0.43125 0.9375 0.0421875 0.0421875
0 0.46796875 0.628125 0.04140625 0.04140625
0 0.5421875 0.46171875 0.04375 0.04765625
0 0.47109375 0.70625 0.040625 0.0421875
0 0.40234375 0.51953125 0.04296875 0.040625
0 0.3328125 0.559375 0.04375 0.04140625
0 0.9796875 0.496875 0.040625 0.04375
0 0.1953125 0.5640625 0.0421875 0.0421875
0 0.4703125 0.78125 0.0421875 0.0421875
0 0.9640625 0.61484375 0.04296875 0.04296875
0 0.8453125 0.509375 0.0421875 0.0421875
0 0.2875 0.71015625 0.040625 0.04140625
0 0.69921875 0.92734375 0.0421875 0.04296875
0 0.265625 0.6015625 0.0421875 0.04140625
0 0.92421875 0.98515625 0.0421875 0.0296875
0 0.59765625 0.46953125 0.04375 0.0453125
0 0.69609375 0.84921875 0.04296875 0.0421875
0 0.31171875 0.74375 0.04296875 0.04140625
0 0.80859375 0.88359375 0.04140625 0.0421875
0 0.35546875 0.66875 0.04140625 0.0421875
0 0.475 0.85625 0.040625 0.0421875
0 0.9203125 0.6140625 0.04296875 0.04296875
0 0.35859375 0.8203125 0.0421875 0.04140625
0 0.8765625 0.91875 0.04140625 0.04296875
0 0.825 0.4734375 0.04296875 0.0453125
0 0.7171875 0.8125 0.0421875 0.04296875
0 0.5828125 0.740625 0.04296875 0.04375
0 0.5578125 0.628125 0.04296875 0.04296875
0 0.44765625 0.5203125 0.04296875 0.0421875
0 0.64921875 0.7734375 0.04140625 0.04296875
0 0.44375 0.5890625 0.0421875 0.04296875
0 0.7796875 0.62109375 0.04375 0.04296875
0 0.35390625 0.59375 0.0421875 0.04140625
0 0.56484375 0.93203125 0.0421875 0.0421875
0 0.3125 0.671875 0.04296875 0.0421875
0 0.4453125 0.74453125 0.04296875 0.0421875
0 0.85546875 0.80546875 0.04375 0.04296875
0 0.28671875 0.63671875 0.04140625 0.04140625
0 0.92109375 0.9171875 0.04140625 0.0421875
0 0.7171875 0.7375 0.04296875 0.0421875
0 0.8546875 0.88515625 0.0421875 0.0421875
0 0.91953125 0.459375 0.04296875 0.0453125
0 0.3796875 0.78046875 0.03984375 0.03984375
0 0.4765625 0.93671875 0.0421875 0.04140625
0 0.35703125 0.7453125 0.0421875 0.0421875
0 0.73046875 0.4734375 0.04140625 0.04453125
0 0.5828125 0.59140625 0.0421875 0.04375
0 0.7125 0.51015625 0.04140625 0.0421875
0 0.334375 0.7078125 0.0421875 0.04296875
0 0.2453125 0.6359375 0.0421875 0.040625
0 0.3296875 0.6328125 0.0421875 0.04140625
0 0.4921875 0.5203125 0.0421875 0.04140625
0 0.42578125 0.78046875 0.04140625 0.04296875
0 0.51953125 0.85703125 0.0421875 0.0421875
0 0.63125 0.890625 0.04296875 0.0421875
0 0.49140625 0.66796875 0.0421875 0.0421875
0 0.6234375 0.5125 0.04296875 0.04296875
0 0.6671875 0.50859375 0.0421875 0.04375
0 0.7640625 0.8859375 0.0421875 0.04140625
0 0.959375 0.45625 0.04140625 0.0453125
0 0.60390625 0.6296875 0.040625 0.04140625
0 0.490625 0.5890625 0.04140625 0.04140625
0 0.80703125 0.80859375 0.04375 0.04296875
0 0.98359375 0.578125 0.0328125 0.04296875
0 0.584375 0.890625 0.04140625 0.04296875
0 0.471875 0.48515625 0.04296875 0.04453125
0 0.9640625 0.91328125 0.04296875 0.04296875
0 0.44609375 0.66640625 0.04296875 0.04375
0 0.75859375 0.81015625 0.0421875 0.0421875
0 0.20078125 0.4921875 0.0421875 0.04453125
0 0.44765625 0.821875 0.04140625 0.040625
0 0.23984375 0.5609375 0.040625 0.0421875
0 0.81484375 0.96015625 0.04140625 0.04140625
0 0.940625 0.87734375 0.040625 0.04140625
0 0.4703125 0.5578125 0.04140625 0.040625
0 0.87578125 0.84453125 0.0421875 0.04296875
0 0.6265625 0.58828125 0.04140625 0.04296875
0 0.91953125 0.540625 0.04375 0.0421875
0 0.78515625 0.6921875 0.04296875 0.04453125
0 0.6546875 0.928125 0.0421875 0.04296875
0 0.2640625 0.52265625 0.04140625 0.040625
0 0.7140625 0.66015625 0.04140625 0.04296875
0 0.89609375 0.50234375 0.04296875 0.04140625
0 0.78515625 0.84609375 0.0421875 0.04140625
0 0.83203125 0.921875 0.0421875 0.04296875
0 0.6703125 0.81328125 0.04375 0.0421875
0 0.56328125 0.85390625 0.040625 0.04140625
0 0.69609375 0.77578125 0.04453125 0.04140625
0 0.453125 0.896875 0.03984375 0.04140625
0 0.37578125 0.6328125 0.0421875 0.04140625
0 0.40625 0.8203125 0.04140625 0.0421875
0 0.284375 0.55859375 0.04296875 0.04296875
0 0.83125 0.84296875 0.04296875 0.04296875
0 0.69453125 0.7015625 0.0421875 0.04296875
0 0.94140625 0.57734375 0.04296875 0.04140625
0 0.87109375 0.4734375 0.0453125 0.0453125
0 0.1734375 0.525 0.0421875 0.04140625
0 0.78203125 0.77265625 0.04140625 0.0421875
0 0.82890625 0.68984375 0.0421875 0.0421875
0 0.8578125 0.959375 0.04140625 0.0421875
0 0.85234375 0.5734375 0.0421875 0.0421875
0 0.87734375 0.77265625 0.0421875 0.04140625
0 0.94140625 0.7265625 0.0421875 0.0421875
0 0.75625 0.58359375 0.04375 0.0421875
0 0.534375 0.740625 0.04140625 0.0421875
0 0.7671875 0.959375 0.0421875 0.0421875
0 0.4296875 0.85859375 0.04140625 0.04375
0 0.6328125 0.96484375 0.04140625 0.0421875
0 0.56015625 0.7796875 0.0421875 0.0421875
0 0.68203125 0.965625 0.0421875 0.04140625
0 0.540625 0.8203125 0.040625 0.04296875
0 0.2453125 0.48984375 0.04375 0.04453125
0 0.63125 0.66640625 0.040625 0.0421875
0 0.51640625 0.77890625 0.0421875 0.04140625
0 0.671875 0.88671875 0.04140625 0.04140625
0 0.515625 0.62890625 0.04140625 0.04140625
0 0.425 0.6328125 0.04140625 0.04140625
0 0.2203125 0.525 0.0421875 0.0421875
0 0.78671875 0.92265625 0.04140625 0.0421875
0 0.9703125 0.98359375 0.04375 0.03203125
0 0.80390625 0.5859375 0.04375 0.04296875
0 0.32265625 0.4734375 0.04375 0.04453125
0 0.71953125 0.8875 0.04375 0.04140625
0 0.9390625 0.4984375 0.040625 0.04296875
0 0.94296875 0.65234375 0.04140625 0.04296875
0 0.64609375 0.5515625 0.04140625 0.04140625
0 0.39921875 0.59609375 0.0421875 0.0421875
0 0.6046875 0.553125 0.0421875 0.04296875
0 0.54453125 0.9703125 0.0421875 0.0421875
0 0.8984375 0.80703125 0.040625 0.0421875
0 0.83515625 0.98828125 0.0421875 0.0234375
0 0.96328125 0.6890625 0.0421875 0.04140625
0 0.60625 0.7796875 0.0421875 0.0421875
0 0.85390625 0.65546875 0.04296875 0.04296875
0 0.51796875 0.70078125 0.04296875 0.04140625
0 0.58359375 0.81796875 0.0421875 0.04296875
0 0.75859375 0.65625 0.04375 0.04375
0 0.94296875 0.803125 0.04140625 0.0421875
0 0.85625 0.72890625 0.0421875 0.0421875
0 0.72265625 0.96171875 0.040625 0.0421875
0 0.83046875 0.7703125 0.04609375 0.04453125
0 0.80390625 0.65546875 0.04375 0.0421875
0 0.89921875 0.884375 0.04140625 0.0421875
0 0.5890625 0.96875 0.040625 0.04140625
0 0.2203125 0.60234375 0.04140625 0.0421875
0 0.7421875 0.92421875 0.04296875 0.0421875
0 0.87578125 0.615625 0.04296875 0.0421875
0 0.3375 0.78359375 0.04140625 0.04140625
0 0.7328125 0.621875 0.0421875 0.04140625
0 0.9203125 0.69296875 0.03984375 0.0421875
0 0.35703125 0.525 0.04140625 0.040625
0 0.9234375 0.8390625 0.03984375 0.040625
0 0.80546875 0.73515625 0.04375 0.04296875
0 0.70234375 0.98984375 0.04140625 0.01953125
0 0.60703125 0.853125 0.040625 0.04140625
0 0.82421875 0.546875 0.04375 0.0421875
0 0.71171875 0.58515625 0.04140625 0.04296875
0 0.2875 0.4859375 0.040625 0.04609375
0 0.52109375 0.93671875 0.04140625 0.040625
0 0.6515625 0.85234375 0.0421875 0.0421875
0 0.40078125 0.74140625 0.040625 0.0421875
0 0.628125 0.81484375 0.040625 0.04140625
0 0.77578125 0.5453125 0.04140625 0.0421875
0 0.878125 0.6953125 0.04375 0.04140625
0 0.49765625 0.9703125 0.04375 0.0453125
0 0.89765625 0.72734375 0.04140625 0.0421875
0 0.896875 0.5765625 0.04375 0.04296875
0 0.65390625 0.70234375 0.04140625 0.04296875
0 0.94375 0.95546875 0.040625 0.04140625
0 0.6109375 0.9921875 0.0421875 0.015625
0 0.51484375 0.55390625 0.04140625 0.04296875
0 0.6921875 0.6203125 0.03984375 0.04296875
0 0.73203125 0.5453125 0.040625 0.0421875
0 0.73828125 0.84921875 0.0421875 0.04140625
0 0.984375 0.94765625 0.03125 0.04296875
0 0.83046875 0.61875 0.0421875 0.0421875
0 0.9828125 0.725 0.03359375 0.04140625
0 0.38046875 0.559375 0.040625 0.0421875
0 0.96640625 0.83671875 0.04140625 0.04140625
0 0.584375 0.66953125 0.04296875 0.0421875
0 0.425 0.55390625 0.04140625 0.0421875
0 0.8796875 0.98828125 0.040625 0.0234375
0 0.309375 0.596875 0.0421875 0.03984375
0 0.53359375 0.58828125 0.04296875 0.04296875
0 0.965625 0.5421875 0.0421875 0.04296875
0 0.4296875 0.71015625 0.040625 0.0421875
0 0.41328125 0.89921875 0.04140625 0.04140625
0 0.671875 0.66328125 0.0421875 0.04140625
0 0.80234375 0.5078125 0.04140625 0.0421875
0 0.60703125 0.70390625 0.0421875 0.04140625
0 0.7921875 0.98828125 0.040625 0.0234375
0 0.64765625 0.62734375 0.0421875 0.0421875
0 0.9671875 0.765625 0.04140625 0.0421875
0 0.92109375 0.76875 0.04140625 0.0421875
0 0.9828125 0.653125 0.03359375 0.04140625
0 0.53359375 0.51953125 0.0421875 0.040625
0 0.89921875 0.95546875 0.040625 0.0421875
0 0.740625 0.70078125 0.0421875 0.0421875
0 0.65546875 0.98984375 0.0421875 0.0203125
0 0.62421875 0.7359375 0.040625 0.04296875
0 0.5578125 0.6984375 0.04140625 0.04296875
0 0.534375 0.6640625 0.04140625 0.03984375
0 0.871875 0.53828125 0.04296875 0.0421875
0 0.74375 0.77890625 0.03828125 0.0390625
0 0.74375 0.98984375 0.040625 0.0203125
0 0.61015625 0.92890625 0.04140625 0.0421875
0 0.69375 0.553125 0.040625 0.0421875
0 0.6671875 0.5875 0.040625 0.04375
0 0.896875 0.653125 0.0421875 0.04296875
0 0.4578125 0.98203125 0.0375 0.03515625
0 0.30625 0.521875 0.04375 0.0390625
0 0.7671875 0.459375 0.0421875 0.0453125
0 0.55859375 0.5515625 0.0421875 0.0421875
0 0.56640625 0.99296875 0.03984375 0.0140625
0 0.9890625 0.44921875 0.021875 0.04765625
0 0.98359375 0.79765625 0.0328125 0.0421875
0 0.51328125 0.484375 0.0375 0.04375
0 0.99375 0.61484375 0.0125 0.04140625
0 0.52734375 0.9953125 0.04296875 0.009375
0 0.99296875 0.53359375 0.0140625 0.0421875
0 0.99296875 0.68515625 0.0140625 0.0390625
0 0.99453125 0.7640625 0.0109375 0.040625
0 0.759375 0.51875 0.040625 0.0359375
0 0.9953125 0.98359375 0.009375 0.0328125
0 0.9953125 0.91171875 0.00859375 0.0453125