0 0.15390625 0.4921875 0.04609375 0.046875
0 0.19921875 0.4921875 0.04453125 0.0453125
0 0.24453125 0.4890625 0.04296875 0.04375
0 0.28671875 0.4875 0.040625 0.046875
0 0.32109375 0.4734375 0.0453125 0.04609375
0 0.378125 0.48203125 0.04609375 0.0453125
0 0.4234375 0.48125 0.04296875 0.04375
0 0.47109375 0.4859375 0.04375 0.04609375
0 0.53828125 0.4625 0.04375 0.04609375
0 0.51328125 0.4859375 0.03984375 0.04609375
0 0.59765625 0.47109375 0.04296875 0.04765625
0 0.64375 0.4734375 0.04453125 0.046875
0 0.68828125 0.47265625 0.04375 0.04609375
0 0.73125 0.47265625 0.04296875 0.0484375
0 0.76328125 0.4609375 0.04453125 0.04921875
0 0.8234375 0.4734375 0.04375 0.0453125
0 0.86796875 0.47265625 0.046875 0.04453125
0 0.91796875 0.4625 0.0421875 0.046875
0 0.959375 0.45859375 0.04140625 0.04609375
0 0.9875 0.4515625 0.025 0.0453125
0 0.17265625 0.52578125 0.04140625 0.0421875
0 0.21953125 0.52734375 0.04296875 0.04296875
0 0.26328125 0.52265625 0.04296875 0.04296875
0 0.30703125 0.52265625 0.04296875 0.0390625
0 0.35546875 0.52421875 0.03984375 0.0390625
0 0.40234375 0.5203125 0.04140625 0.040625
0 0.4453125 0.52109375 0.04140625 0.04296875
0 0.4890625 0.52109375 0.0421875 0.0390625
0 0.53515625 0.5203125 0.0421875 0.0390625
0 0.57890625 0.51484375 0.03984375 0.03984375
0 0.62421875 0.51328125 0.04140625 0.04140625
0 0.6671875 0.51015625 0.0421875 0.04296875
0 0.71015625 0.51015625 0.04375 0.0421875
0 0.8 0.509375 0.040625 0.040625
0 0.76015625 0.51796875 0.0390625 0.0359375
0 0.8453125 0.50859375 0.03984375 0.04140625
0 0.89609375 0.50078125 0.04140625 0.04140625
0 0.9375 0.4984375 0.04140625 0.04140625
0 0.9796875 0.4984375 0.040625 0.0421875
2 0.75859375 0.73359375 0.053125 0.05078125
0 0.196875 0.5640625 0.04140625 0.04296875
0 0.23984375 0.56171875 0.04140625 0.0421875
0 0.284375 0.56015625 0.04453125 0.04375
0 0.3328125 0.559375 0.04375 0.0421875
0 0.38046875 0.56171875 0.04453125 0.04296875
0 0.42265625 0.55546875 0.040625 0.04140625
0 0.46796875 0.55859375 0.0421875 0.040625
0 0.5109375 0.55546875 0.04296875 0.04296875
0 0.559375 0.553125 0.040625 0.0421875
0 0.60546875 0.55625 0.040625 0.04140625
0 0.64765625 0.553125 0.0421875 0.04453125
0 0.69296875 0.55234375 0.0390625 0.04140625
0 0.7328125 0.54609375 0.040625 0.04140625
0 0.7765625 0.5453125 0.04375 0.04140625
0 0.821875 0.54453125 0.04140625 0.04296875
0 0.8734375 0.5390625 0.040625 0.040625
0 0.91875 0.5390625 0.0421875 0.040625
0 0.96484375 0.54140625 0.040625 0.0421875
0 0.221875 0.6015625 0.040625 0.0390625
0 0.2640625 0.60078125 0.04375 0.040625
0 0.3125 0.5984375 0.040625 0.04140625
0 0.3546875 0.59453125 0.0421875 0.04140625
0 0.4015625 0.596875 0.040625 0.04140625
0 0.44296875 0.590625 0.04296875 0.04375
0 0.4890625 0.58984375 0.04296875 0.04296875
0 0.53671875 0.58828125 0.0421875 0.04296875
0 0.5828125 0.59140625 0.04140625 0.0421875
0 0.62734375 0.590625 0.04296875 0.040625
0 0.66796875 0.58671875 0.0390625 0.0421875
0 0.7109375 0.584375 0.040625 0.040625
0 0.75703125 0.58515625 0.04296875 0.0421875
0 0.803125 0.5859375 0.0421875 0.0421875
0 0.85234375 0.575 0.04296875 0.04296875
0 0.89921875 0.578125 0.04140625 0.04375
0 0.9421875 0.57578125 0.04375 0.03984375
0 0.9828125 0.578125 0.034375 0.0421875
0 0.24375 0.6375 0.04140625 0.04140625
0 0.2875 0.6359375 0.04140625 0.04140625
0 0.33046875 0.63125 0.0421875 0.04140625
0 0.2640625 0.67265625 0.040625 0.0421875
0 0.2890625 0.709375 0.0421875 0.04296875
0 0.3109375 0.7453125 0.04140625 0.04140625
0 0.3390625 0.7875 0.04140625 0.040625
0 0.3546875 0.81953125 0.04296875 0.040625
0 0.37734375 0.85625 0.04453125 0.0390625
0 0.375 0.63125 0.0421875 0.04296875
0 0.42421875 0.63203125 0.04140625 0.04140625
0 0.46640625 0.62890625 0.03984375 0.040625
0 0.5140625 0.6265625 0.0421875 0.04296875
0 0.5578125 0.62578125 0.04296875 0.04296875
0 0.6046875 0.62734375 0.040625 0.040625
0 0.64921875 0.62890625 0.03984375 0.04140625
0 0.68984375 0.621875 0.04140625 0.0421875
0 0.734375 0.621875 0.04296875 0.04375
0 0.778125 0.61953125 0.04140625 0.04296875
0 0.83125 0.61796875 0.03984375 0.04140625
0 0.87578125 0.61640625 0.04140625 0.04296875
0 0.92109375 0.615625 0.040625 0.0421875
0 0.96484375 0.6140625 0.0390625 0.04140625
0 0.3109375 0.671875 0.04140625 0.04140625
0 0.35390625 0.66953125 0.04296875 0.04140625
0 0.3328125 0.70859375 0.04375 0.04140625
0 0.40078125 0.66796875 0.04375 0.0421875
0 0.38125 0.70859375 0.04296875 0.0390625
0 0.3578125 0.7453125 0.0453125 0.04140625
0 0.44765625 0.6671875 0.0421875 0.04453125
0 0.428125 0.70859375 0.0421875 0.04140625
0 0.49375 0.6671875 0.04140625 0.04296875
0 0.5359375 0.6640625 0.040625 0.04140625
0 0.47109375 0.70390625 0.03828125 0.040625
0 0.40078125 0.7421875 0.03984375 0.03984375
0 0.58671875 0.66796875 0.04140625 0.03828125
0 0.6296875 0.66875 0.03984375 0.04140625
0 0.671875 0.66328125 0.04296875 0.04140625
0 0.51484375 0.70390625 0.040625 0.04140625
0 0.75859375 0.6578125 0.04140625 0.04140625
0 0.71484375 0.6609375 0.03984375 0.04140625
0 0.55703125 0.69609375 0.04296875 0.04296875
0 0.80703125 0.653125 0.04296875 0.0421875
0 0.7421875 0.69921875 0.04140625 0.04140625
0 0.60703125 0.70390625 0.040625 0.0421875
0 0.85390625 0.65546875 0.0421875 0.04296875
0 0.89921875 0.65390625 0.0421875 0.04140625
0 0.828125 0.690625 0.0421875 0.04140625
0 0.78359375 0.6921875 0.0421875 0.04453125
0 0.6921875 0.7 0.04296875 0.0421875
0 0.64921875 0.70234375 0.0421875 0.0421875
0 0.94453125 0.65234375 0.040625 0.0421875
0 0.88046875 0.696875 0.0421875 0.03828125
0 0.98359375 0.6515625 0.0328125 0.0421875
0 0.92265625 0.6921875 0.0421875 0.040625
0 0.965625 0.68984375 0.04140625 0.04140625
0 0.446875 0.74375 0.04140625 0.0421875
0 0.490625 0.74140625 0.03828125 0.03984375
0 0.53515625 0.740625 0.04140625 0.04375
0 0.58046875 0.74140625 0.04609375 0.04296875
0 0.62578125 0.73828125 0.04140625 0.04296875
0 0.67109375 0.73828125 0.040625 0.04296875
0 0.7171875 0.7390625 0.0421875 0.0421875
0 0.8046875 0.73515625 0.040625 0.0421875
0 0.85390625 0.7328125 0.040625 0.0421875
0 0.89921875 0.73046875 0.03984375 0.03984375
0 0.94375 0.728125 0.0421875 0.0421875
0 0.98515625 0.7265625 0.0296875 0.040625
0 0.41328125 0.9015625 0.03828125 0.03671875
0 0.43046875 0.93671875 0.04140625 0.040625
0 0.37890625 0.78515625 0.03984375 0.0390625
0 0.42578125 0.7828125 0.040625 0.0421875
0 0.40546875 0.82109375 0.040625 0.0421875
0 0.4296875 0.86171875 0.03984375 0.0421875
0 0.471875 0.78125 0.03828125 0.040625
0 0.51484375 0.78046875 0.0421875 0.0421875
0 0.56171875 0.78046875 0.04140625 0.040625
0 0.60859375 0.78125 0.03984375 0.0421875
0 0.6484375 0.77421875 0.040625 0.03984375
0 0.696875 0.77890625 0.0421875 0.04140625
0 0.78359375 0.771875 0.040625 0.040625
0 0.74453125 0.77890625 0.0359375 0.03828125
0 0.828125 0.7703125 0.0421875 0.04296875
0 0.8765625 0.77265625 0.03828125 0.0421875
0 0.9234375 0.76640625 0.0390625 0.040625
0 0.96875 0.76640625 0.0390625 0.040625
0 0.4765625 0.9375 0.04296875 0.04140625
0 0.46328125 0.98203125 0.040625 0.0359375
0 0.49765625 0.97109375 0.046875 0.0453125
0 0.44921875 0.82109375 0.04140625 0.04140625
0 0.4953125 0.81953125 0.03984375 0.04296875
0 0.54140625 0.81875 0.04296875 0.0421875
0 0.58671875 0.81875 0.0390625 0.04296875
0 0.62734375 0.8140625 0.040625 0.04140625
0 0.671875 0.81328125 0.04296875 0.04140625
0 0.475 0.859375 0.0421875 0.03984375
0 0.52109375 0.86015625 0.03828125 0.03984375
0 0.5640625 0.85546875 0.040625 0.03984375
0 0.60703125 0.8546875 0.03984375 0.03984375
0 0.45625 0.8984375 0.04296875 0.03984375
0 0.49921875 0.89765625 0.040625 0.04140625
0 0.5453125 0.89609375 0.040625 0.04140625
0 0.5859375 0.89296875 0.03984375 0.03984375
0 0.5234375 0.93515625 0.03828125 0.040625
0 0.71875 0.81328125 0.040625 0.04375
0 0.76015625 0.8109375 0.0390625 0.0390625
0 0.80703125 0.8078125 0.03984375 0.04140625
0 0.85390625 0.80859375 0.04140625 0.04140625
0 0.90078125 0.80859375 0.04140625 0.04140625
0 0.65234375 0.85234375 0.04296875 0.04296875
0 0.696875 0.85078125 0.04140625 0.04140625
0 0.7421875 0.8515625 0.03984375 0.04140625
0 0.78671875 0.84765625 0.04296875 0.040625
0 0.83359375 0.84609375 0.04140625 0.04453125
0 0.87734375 0.84609375 0.0421875 0.04375
0 0.63203125 0.890625 0.03828125 0.040625
0 0.67265625 0.8875 0.04140625 0.03984375
0 0.71953125 0.8875 0.03984375 0.03984375
0 0.76484375 0.8859375 0.040625 0.04140625
0 0.8078125 0.8828125 0.04375 0.04140625
0 0.9828125 0.7984375 0.034375 0.0390625
0 0.94453125 0.80390625 0.0421875 0.0421875
0 0.92421875 0.84140625 0.0390625 0.04140625
0 0.96484375 0.83671875 0.040625 0.04140625
0 0.85390625 0.884375 0.04140625 0.0421875
0 0.90234375 0.884375 0.040625 0.04140625
0 0.94296875 0.87578125 0.04140625 0.0421875
0 0.9828125 0.87109375 0.034375 0.0390625
0 0.56640625 0.9328125 0.0421875 0.0421875
0 0.609375 0.92734375 0.04140625 0.04140625
0 0.65625 0.92890625 0.03984375 0.0421875
0 0.69921875 0.9265625 0.04296875 0.04375
0 0.74609375 0.92578125 0.0421875 0.0421875
0 0.7890625 0.92265625 0.04140625 0.0421875
0 0.83359375 0.921875 0.04140625 0.04296875
0 0.8765625 0.91875 0.04296875 0.040625
0 0.92109375 0.9171875 0.04296875 0.04140625
0 0.9640625 0.91484375 0.04296875 0.04375
0 0.546875 0.97265625 0.03984375 0.0421875
0 0.5890625 0.9703125 0.03984375 0.03828125
0 0.63046875 0.96484375 0.040625 0.03984375
0 0.68125 0.9671875 0.0421875 0.040625
0 0.72421875 0.96328125 0.03984375 0.04140625
0 0.765625 0.9609375 0.040625 0.04140625
0 0.8140625 0.96015625 0.04375 0.040625
0 0.85625 0.95859375 0.03984375 0.04296875
0 0.9015625 0.9578125 0.0375 0.0375
0 0.94921875 0.95625 0.040625 0.0375
0 0.98515625 0.95078125 0.0296875 0.040625
0 0.65390625 0.990625 0.0390625 0.01875
0 0.70234375 0.990625 0.040625 0.01875
0 0.74375 0.98984375 0.040625 0.0203125
0 0.78984375 0.98828125 0.0390625 0.0234375
0 0.834375 0.98828125 0.0421875 0.0234375
0 0.88203125 0.98828125 0.040625 0.0234375
0 0.92421875 0.9859375 0.0390625 0.028125
0 0.96875 0.98359375 0.0421875 0.0328125