0 0.93125 0.66953125 0.04296875 0.04375
0 0.9796875 0.81953125 0.040625 0.0421875
0 0.93515625 0.8203125 0.0421875 0.0421875
0 0.8546875 0.4734375 0.04375 0.0453125
0 0.9828125 0.89609375 0.034375 0.0421875
0 0.95703125 0.4796875 0.046875 0.04453125
0 0.83984375 0.74453125 0.04296875 0.0421875
0 0.72890625 0.48984375 0.0421875 0.04453125
0 0.79375 0.6703125 0.0421875 0.04140625
0 0.9125 0.85390625 0.0421875 0.04140625
0 0.81640625 0.55859375 0.04296875 0.04296875
0 0.91015625 0.7109375 0.04296875 0.040625
0 0.7265625 0.56328125 0.04140625 0.0421875
0 0.81953125 0.71015625 0.04140625 0.04140625
0 0.8609375 0.559375 0.0421875 0.04140625
0 0.97734375 0.5890625 0.04296875 0.0421875
0 0.88984375 0.74609375 0.04140625 0.0421875
0 0.7046875 0.5265625 0.04140625 0.04140625
0 0.9046875 0.6328125 0.04296875 0.0421875
0 0.9796875 0.521875 0.040625 0.0421875
0 0.90859375 0.48125 0.04375 0.0453125
0 0.884375 0.6703125 0.04140625 0.0421875
0 0.9609375 0.709375 0.040625 0.04140625
0 0.9328125 0.59453125 0.0421875 0.0421875
0 0.8625 0.7109375 0.0421875 0.0421875
0 0.775 0.6359375 0.04140625 0.04140625
0 0.9125 0.78203125 0.03984375 0.0390625
0 0.753125 0.60234375 0.04140625 0.0421875
0 0.93125 0.74375 0.04140625 0.04140625
0 0.86875 0.7859375 0.0421875 0.040625
0 0.79609375 0.525 0.04140625 0.0421875
0 0.81875 0.63671875 0.0421875 0.04140625
0 0.7953125 0.6 0.04296875 0.0421875
0 0.88671875 0.81875 0.0421875 0.04140625
0 0.9578125 0.7828125 0.04140625 0.0421875
0 0.9328125 0.51953125 0.04375 0.040625
0 0.775 0.48828125 0.04375 0.04453125
0 0.83828125 0.521875 0.04375 0.0390625
0 0.95625 0.63125 0.04140625 0.04140625
0 0.8421875 0.6734375 0.04296875 0.04140625
0 0.9546875 0.55546875 0.04296875 0.04296875
0 0.978125 0.7421875 0.04375 0.040625
0 0.88671875 0.5953125 0.04140625 0.04140625
0 0.97890625 0.66640625 0.0421875 0.0421875
0 0.75234375 0.525 0.04296875 0.04296875
0 0.9890625 0.6296875 0.021875 0.04140625
0 0.8859375 0.525 0.04140625 0.04140625
0 0.94140625 0.9 0.04140625 0.04140625
0 0.9609375 0.9359375 0.04296875 0.0421875
0 0.690625 0.490625 0.0421875 0.04375
0 0.96015625 0.859375 0.04140625 0.04296875
0 0.86328125 0.63359375 0.04140625 0.04140625
0 0.771875 0.559375 0.040625 0.04296875
0 0.8203125 0.4859375 0.040625 0.0453125
0 0.98671875 0.98203125 0.0265625 0.03515625
0 0.9125 0.559375 0.0421875 0.0421875
0 0.840625 0.596875 0.0421875 0.03984375
0 0.9890625 0.7828125 0.02109375 0.04140625
0 0.98984375 0.55859375 0.01953125 0.0390625
0 0.9921875 0.85625 0.015625 0.04296875
0 0.990625 0.70078125 0.01875 0.04453125
0 0.9921875 0.4859375 0.015625 0.046875
0 0.99296875 0.93671875 0.01328125 0.04140625