0 0.14765625 0.1734375 0.06171875 0.0625
0 0.31171875 0.0203125 0.06484375 0.03984375
0 0.0828125 0.1703125 0.0609375 0.0609375
0 0.53515625 0.18125 0.0625 0.0640625
0 0.2453125 0.128125 0.0625 0.06171875
0 0.4015625 0.2921875 0.06171875 0.06171875
0 0.02578125 0.17421875 0.05078125 0.0609375
0 0.46875 0.053125 0.06171875 0.0625
0 0.3421875 0.06015625 0.0609375 0.0609375
0 0.3640625 0.22734375 0.0609375 0.0625
0 0.07734375 0.28671875 0.0609375 0.06015625
0 0.30625 0.11796875 0.06171875 0.06328125
0 0.30390625 0.2296875 0.06015625 0.06484375
0 0.15546875 0.0609375 0.06171875 0.06328125
0 0.59921875 0.18671875 0.06328125 0.06328125
0 0.04375 0.234375 0.06171875 0.0609375
0 0.090625 0.05390625 0.0609375 0.059375
0 0.93828125 0.19375 0.06171875 0.06328125
0 0.11640625 0.11328125 0.06171875 0.0625
0 0.503125 0.11796875 0.0609375 0.06171875
0 0.5640625 0.1171875 0.0609375 0.06171875
0 0.92890625 0.02421875 0.0609375 0.0484375
0 0.7953125 0.190625 0.06171875 0.06328125
0 0.43203125 0.2359375 0.059375 0.06328125
0 0.53046875 0.06640625 0.06171875 0.06171875
0 0.40546875 0.05703125 0.059375 0.0625
0 0.1140625 0.0140625 0.0625 0.028125
0 0.44140625 0.11640625 0.0609375 0.06171875
0 0.69609375 0.02578125 0.0609375 0.0515625
0 0.696875 0.2421875 0.0609375 0.059375
0 0.10859375 0.23046875 0.0609375 0.06328125
0 0.05546875 0.11171875 0.06015625 0.06015625
0 0.6953125 0.11484375 0.0609375 0.0609375
0 0.6640625 0.06796875 0.06171875 0.059375
0 0.6296875 0.11640625 0.0609375 0.06015625
0 0.5953125 0.0625 0.0625 0.06484375
0 0.178125 0.11640625 0.0625 0.06328125
0 0.04921875 0.01640625 0.0625 0.03203125
0 0.55859375 0.01171875 0.0609375 0.0234375
0 0.21484375 0.0640625 0.0609375 0.06484375
0 0.03046875 0.0546875 0.0578125 0.05859375
0 0.2453125 0.2421875 0.06015625 0.06015625
0 0.140625 0.2859375 0.06171875 0.06171875
0 0.62890625 0.2328125 0.06328125 0.06015625
0 0.02265625 0.28671875 0.04453125 0.06015625
0 0.2109375 0.178125 0.0609375 0.0625
0 0.86484375 0.315625 0.0625 0.0625
0 0.865625 0.19140625 0.06171875 0.0609375
0 0.37890625 0.01328125 0.0640625 0.0265625
0 0.8921875 0.24140625 0.06171875 0.06328125
0 0.278125 0.0640625 0.0609375 0.0609375
0 0.5015625 0.01328125 0.0625 0.0265625
0 0.8046875 0.021875 0.0625 0.04375
0 0.79375 0.303125 0.06171875 0.0625
0 0.74296875 0.0640625 0.0609375 0.06171875
0 0.90234375 0.13359375 0.059375 0.0609375
0 0.86640625 0.02265625 0.0625 0.0453125
0 0.20234375 0.2875 0.0578125 0.059375
0 0.3375 0.165625 0.06171875 0.06171875
0 0.62265625 0.0140625 0.0640625 0.02734375
0 0.8375 0.1265625 0.0640625 0.0625
0 0.27734375 0.1796875 0.06328125 0.05859375
0 0.80390625 0.071875 0.05859375 0.0546875
1 0.56328125 0.24140625 0.065625 0.05390625
0 0.88515625 0.07109375 0.0625 0.05859375
0 0.17578125 0.0125 0.0640625 0.02421875
0 0.43984375 0.01328125 0.0625 0.02578125
1 0.82734375 0.24765625 0.0578125 0.05234375
1 0.96875 0.25546875 0.06171875 0.0546875
0 0.759375 0.23828125 0.06015625 0.06328125
0 0.96328125 0.09296875 0.06328125 0.059375
1 0.49296875 0.23046875 0.059375 0.05703125
0 0.92734375 0.30390625 0.059375 0.0609375
0 0.0109375 0.115625 0.021875 0.0625
1 0.72734375 0.1765625 0.05625 0.059375
1 0.33515625 0.284375 0.0640625 0.053125
1 0.98203125 0.03203125 0.0359375 0.0609375
1 0.525 0.29609375 0.05859375 0.0671875
1 0.6640625 0.175 0.0546875 0.05234375
0 0.99140625 0.1953125 0.0171875 0.0609375
1 0.66015625 0.29453125 0.06015625 0.05703125
1 0.46015625 0.16015625 0.06171875 0.0453125
1 0.75859375 0.11796875 0.06171875 0.05234375
0 0.72578125 0.29375 0.0640625 0.05859375
1 0.2421875 0.01171875 0.0671875 0.0234375
1 0.46328125 0.29609375 0.0578125 0.053125
1 0.17265625 0.2234375 0.059375 0.046875
0 0.971875 0.1453125 0.05625 0.059375
1 0.26953125 0.29296875 0.05234375 0.05546875
1 0.384375 0.12578125 0.0671875 0.06640625
1 0.59609375 0.2921875 0.053125 0.05625