0 0.971875 0.559375 0.05625 0.0625
0 0.02109375 0.97109375 0.0421875 0.0578125
0 0.9703125 0.8109375 0.059375 0.0625
0 0.94765625 0.4984375 0.06640625 0.0640625
0 0.46875 0.834375 0.0625 0.0640625
0 0.846875 0.4375 0.06484375 0.06484375
0 0.14140625 0.7125 0.0640625 0.06171875
0 0.72109375 0.02265625 0.0671875 0.0453125
0 0.9109375 0.67109375 0.065625 0.06328125
0 0.8375 0.1890625 0.065625 0.065625
0 0.425 0.64609375 0.0640625 0.0640625
0 0.0921875 0.77578125 0.0640625 0.0640625
0 0.03046875 0.32890625 0.06015625 0.06328125
0 0.4859375 0.31015625 0.06328125 0.06484375
0 0.553125 0.31328125 0.065625 0.0640625
0 0.02265625 0.68984375 0.0453125 0.06328125
0 0.6484375 0.8 0.06484375 0.06328125
0 0.12109375 0.3875 0.06484375 0.06328125
0 0.403125 0.8328125 0.06484375 0.06328125
0 0.296875 0.640625 0.06171875 0.0640625
0 0.040625 0.90390625 0.065625 0.0640625
0 0.3578125 0.63984375 0.0640625 0.0640625
0 0.49921875 0.715625 0.0625 0.06328125
0 0.76171875 0.31640625 0.065625 0.06484375
0 0.9796875 0.665625 0.040625 0.0625
0 0.975 0.87734375 0.05 0.0640625
0 0.546875 0.42265625 0.06484375 0.0625
0 0.5875 0.3734375 0.06640625 0.06328125
0 0.2359375 0.21171875 0.0640625 0.06328125
0 0.3375 0.83515625 0.06328125 0.06328125
0 0.06328125 0.51015625 0.0640625 0.0640625
0 0.4375 0.71171875 0.0609375 0.06171875
0 0.8109375 0.49296875 0.065625 0.06328125
0 0.04765625 0.6359375 0.06328125 0.06484375
0 0.02890625 0.4484375 0.0578125 0.0640625
0 0.771875 0.20390625 0.06484375 0.0625
0 0.9734375 0.43828125 0.053125 0.06328125
0 0.7734375 0.54921875 0.06328125 0.0640625
0 0.96953125 0.17421875 0.0609375 0.06484375
0 0.1109375 0.65078125 0.06640625 0.0640625
0 0.053125 0.83515625 0.0640625 0.065625
0 0.4484375 0.528125 0.06328125 0.06328125
0 0.92421875 0.90859375 0.065625 0.0625
0 0.46953125 0.58984375 0.065625 0.0640625
0 0.56015625 0.71015625 0.065625 0.0640625
0 0.01796875 0.1546875 0.03515625 0.0640625
0 0.0859375 0.58359375 0.065625 0.0640625
0 0.53046875 0.85078125 0.0640625 0.06328125
0 0.15703125 0.775 0.0640625 0.06484375
0 0.8359375 0.55546875 0.0640625 0.0640625
0 0.4515625 0.77109375 0.0609375 0.0625
0 0.12890625 0.5328125 0.0640625 0.06328125
0 0.9375 0.3734375 0.06484375 0.0640625
0 0.3015625 0.89140625 0.06484375 0.0625
0 0.73359375 0.25625 0.0640625 0.06328125
0 0.8703125 0.37734375 0.065625 0.0640625
0 0.24765625 0.52265625 0.0625 0.06484375
0 0.215625 0.15078125 0.065625 0.0640625
0 0.0546875 0.38671875 0.065625 0.0640625
0 0.1953125 0.54765625 0.06484375 0.065625
0 0.371875 0.70078125 0.06484375 0.0640625
0 0.3859375 0.01640625 0.06484375 0.03203125
0 0.19921875 0.2734375 0.06484375 0.06328125
0 0.6015625 0.265625 0.06484375 0.06328125
0 0.0265625 0.5640625 0.053125 0.0625
0 0.27890625 0.15 0.06484375 0.06328125
0 0.2671875 0.27421875 0.06328125 0.06328125
0 0.36015625 0.334375 0.0625 0.06015625
0 0.246875 0.6828125 0.06484375 0.06484375
0 0.0296875 0.7640625 0.059375 0.065625
0 0.01875 0.03046875 0.0375 0.0609375
0 0.92421875 0.97265625 0.06328125 0.05390625
0 0.94609375 0.615625 0.065625 0.06328125
0 0.07578125 0.965625 0.06640625 0.06484375
0 0.3390625 0.578125 0.06171875 0.06328125
0 0.8625 0.946875 0.06484375 0.0625
0 0.6421875 0.87578125 0.06328125 0.06171875
0 0.26171875 0.7609375 0.06171875 0.06484375
0 0.390625 0.3890625 0.065625 0.06328125
0 0.6890625 0.91796875 0.06328125 0.0625
0 0.11640625 0.83671875 0.0640625 0.0640625
0 0.66953125 0.26171875 0.06328125 0.065625
0 0.9546875 0.72109375 0.065625 0.0625
0 0.24296875 0.95234375 0.06484375 0.0625
0 0.28359375 0.4578125 0.065625 0.06328125
0 0.11015625 0.2109375 0.0640625 0.0640625
0 0.575 0.89375 0.065625 0.0625
0 0.51875 0.36796875 0.0640625 0.06171875
0 0.3640625 0.896875 0.0640625 0.06171875
0 0.29140625 0.33515625 0.06640625 0.06484375
0 0.3703125 0.9640625 0.065625 0.06484375
0 0.5390625 0.57890625 0.0640625 0.06328125
0 0.63359375 0.73515625 0.06484375 0.0625
0 0.48828125 0.653125 0.06484375 0.06328125
0 0.6625 0.1359375 0.065625 0.065625
0 0.8453125 0.06953125 0.06484375 0.06484375
0 0.403125 0.58671875 0.06484375 0.0625
0 0.71015625 0.534375 0.065625 0.0640625
0 0.275 0.5796875 0.0640625 0.06171875
0 0.4890625 0.45859375 0.0671875 0.06328125
0 0.04765625 0.0953125 0.06640625 0.0640625
0 0.32421875 0.7734375 0.06640625 0.0640625
0 0.4328125 0.88984375 0.06640625 0.0625
0 0.97578125 0.3046875 0.0484375 0.0640625
0 0.30703125 0.70625 0.0609375 0.0625
0 0.17578125 0.85625 0.06796875 0.06328125
0 0.51640625 0.78046875 0.065625 0.0640625
0 0.075 0.03671875 0.065625 0.0640625
0 0.7515625 0.66171875 0.06484375 0.0625
0 0.6984375 0.32109375 0.059375 0.06328125
0 0.91640625 0.3109375 0.06640625 0.0640625
0 0.26328125 0.08828125 0.06640625 0.0640625
0 0.1578125 0.603125 0.065625 0.06484375
0 0.63125 0.32265625 0.0671875 0.0625
0 0.21640625 0.8046875 0.06484375 0.0625
0 0.2375 0.88203125 0.0609375 0.06328125
0 0.74609375 0.94375 0.0640625 0.06171875
0 0.39140625 0.76328125 0.0625 0.0625
0 0.93984375 0.25 0.06328125 0.06015625
0 0.30078125 0.215625 0.0640625 0.0640625
0 0.7421875 0.48046875 0.06328125 0.0625
0 0.61796875 0.67265625 0.0640625 0.0625
0 0.65234375 0.05234375 0.0671875 0.06484375
0 0.07421875 0.15234375 0.065625 0.0625
0 0.4296875 0.33671875 0.06484375 0.06484375
0 0.6625 0.38203125 0.065625 0.0640625
0 0.225 0.6140625 0.06484375 0.06328125
0 0.81015625 0.91640625 0.0625 0.06328125
0 0.51328125 0.5203125 0.065625 0.065625
0 0.72890625 0.6015625 0.06484375 0.06171875
0 0.915625 0.77578125 0.06484375 0.0625
0 0.30625 0.9578125 0.0625 0.06484375
0 0.18203125 0.66484375 0.0640625 0.0625
0 0.59375 0.54765625 0.06640625 0.0625
0 0.86015625 0.80859375 0.0640625 0.0640625
0 0.78046875 0.43125 0.06484375 0.06171875
0 0.2046875 0.72890625 0.06484375 0.06484375
0 0.27578125 0.82890625 0.06015625 0.0625
0 0.1859375 0.3953125 0.06640625 0.06640625
0 0.43984375 0.96015625 0.06484375 0.0640625
0 0.31328125 0.51875 0.06484375 0.0625
0 0.01484375 0.5078125 0.02890625 0.06171875
0 0.915625 0.84296875 0.06484375 0.06328125
0 0.578125 0.771875 0.0640625 0.0609375
0 0.07578125 0.70859375 0.0625 0.06328125
0 0.33046875 0.2765625 0.0625 0.06171875
0 0.91484375 0.43828125 0.0609375 0.0640625
0 0.61484375 0.43203125 0.065625 0.06171875
0 0.69296875 0.70625 0.0640625 0.0625
0 0.68828125 0.4453125 0.065625 0.06484375
0 0.5765625 0.4796875 0.065625 0.0609375
0 0.86875 0.728125 0.0671875 0.0640625
0 0.8109375 0.84609375 0.06328125 0.0640625
0 0.50625 0.9234375 0.06484375 0.0640625
0 0.75078125 0.87890625 0.06328125 0.06171875
0 0.67421875 0.975 0.0671875 0.05
0 0.59375 0.8328125 0.06484375 0.06171875
0 0.66171875 0.5796875 0.0640625 0.06171875
0 0.60625 0.609375 0.0640625 0.06328125
0 0.55234375 0.6453125 0.06328125 0.0609375
0 0.8109375 0.765625 0.0640625 0.0625
0 0.0921875 0.32890625 0.06171875 0.059375
0 0.75625 0.809375 0.06484375 0.0625
0 0.11015625 0.90546875 0.0671875 0.0625
0 0.61953125 0.94296875 0.065625 0.06328125
0 0.80390625 0.3671875 0.06640625 0.06484375
0 0.78046875 0.0625 0.0625 0.06328125
0 0.815625 0.690625 0.06484375 0.0640625
0 0.69765625 0.84140625 0.0625 0.06328125
0 0.75703125 0.72734375 0.0640625 0.0625
0 0.7859375 0.0125 0.0625 0.025
0 0.675 0.6421875 0.0640625 0.06171875
0 0.1734375 0.215625 0.0609375 0.06328125
0 0.70859375 0.76796875 0.0625 0.06171875
1 0.25546875 0.3984375 0.0640625 0.065625
1 0.41796875 0.45703125 0.065625 0.06171875
0 0.01171875 0.8515625 0.0234375 0.0625
1 0.4046875 0.13515625 0.0546875 0.06640625
1 0.45625 0.4015625 0.0578125 0.0671875
1 0.5796875 0.04375 0.0578125 0.05234375
0 0.6328125 0.01015625 0.06953125 0.01953125
1 0.80390625 0.6203125 0.0703125 0.06796875
1 0.45703125 0.24765625 0.05859375 0.0640625
1 0.35078125 0.459375 0.06796875 0.065625
0 0.99140625 0.49921875 0.01640625 0.06953125
1 0.225 0.33671875 0.05859375 0.0640625
1 0.6296875 0.19921875 0.0671875 0.0609375
1 0.90390625 0.56171875 0.06484375 0.05703125
0 0.9890625 0.121875 0.021875 0.0625
1 0.6984375 0.196875 0.0546875 0.059375
1 0.803125 0.13046875 0.06328125 0.0609375
1 0.86796875 0.61953125 0.0625 0.06015625
1 0.54921875 0.14609375 0.06875 0.0578125
1 0.87890625 0.13046875 0.04921875 0.06015625
1 0.3703125 0.22265625 0.059375 0.0671875
1 0.1171875 0.09453125 0.065625 0.05546875
1 0.1921875 0.090625 0.06171875 0.06484375
1 0.9359375 0.11640625 0.06328125 0.0578125
1 0.2203125 0.459375 0.0546875 0.05234375
1 0.0625 0.2703125 0.07109375 0.05859375
1 0.39140625 0.06953125 0.06015625 0.05390625
0 0.73671875 0.9890625 0.0640625 0.021875
1 0.84453125 0.3109375 0.06875 0.059375
1 0.45546875 0.071875 0.06015625 0.06484375
1 0.0421875 0.215625 0.0578125 0.0625
1 0.47109375 0.134375 0.0671875 0.0578125
1 0.88046875 0.503125 0.0546875 0.06171875
1 0.734375 0.14375 0.06875 0.05703125
1 0.59921875 0.10703125 0.05390625 0.06328125
1 0.7296875 0.38203125 0.06171875 0.05625
1 0.80859375 0.2609375 0.0625 0.06171875
0 0.00859375 0.625 0.0171875 0.07109375
1 0.09296875 0.45234375 0.06484375 0.059375
1 0.32265625 0.4015625 0.0609375 0.0609375
1 0.33125 0.1046875 0.06328125 0.0671875
1 0.14609375 0.03359375 0.0609375 0.06640625
1 0.90234375 0.19296875 0.0625 0.05546875
1 0.56640625 0.203125 0.05234375 0.05859375
1 0.42890625 0.19765625 0.06015625 0.05546875
1 0.3171875 0.04140625 0.0640625 0.05546875
1 0.15625 0.46640625 0.065625 0.06953125
1 0.159375 0.33203125 0.06875 0.05859375
1 0.171875 0.93515625 0.06796875 0.071875
1 0.5140625 0.0265625 0.0625 0.053125
1 0.97421875 0.065625 0.0515625 0.05859375
1 0.38203125 0.52421875 0.06484375 0.059375
1 0.52890625 0.08359375 0.05859375 0.0609375
1 0.71484375 0.0859375 0.0546875 0.0640625
1 0.14296875 0.153125 0.0546875 0.06015625
1 0.871875 0.25234375 0.0609375 0.065625
0 0.86171875 0.88125 0.0546875 0.05703125
1 0.20859375 0.0265625 0.0640625 0.053125
1 0.496875 0.19140625 0.059375 0.06640625
1 0.90859375 0.05390625 0.0640625 0.07109375
1 0.4515625 0.0171875 0.06015625 0.03359375
1 0.34609375 0.1625 0.0640625 0.05390625
1 0.40234375 0.28125 0.05078125 0.0515625
0 0.86796875 0.990625 0.06171875 0.01875
1 0.13203125 0.27578125 0.0578125 0.05546875
1 0.52265625 0.253125 0.065625 0.05546875
1 0.64765625 0.50546875 0.0578125 0.0671875
0 0.97109375 0.9890625 0.0546875 0.021875
1 0.5625 0.96875 0.06015625 0.06015625
1 0.8515625 0.01484375 0.0640625 0.0296875
1 0.8015625 0.98125 0.0625 0.0375
1 0.9859375 0.2390625 0.028125 0.059375
1 0.98671875 0.37890625 0.0265625 0.0578125
1 0.0140625 0.2703125 0.028125 0.06171875
0 0.99453125 0.6140625 0.0109375 0.059375
1 0.009375 0.39453125 0.01796875 0.0609375
1 0.98125 0.01640625 0.0375 0.03203125
1 0.19921875 0.98828125 0.0671875 0.02265625
1 0.50625 0.97890625 0.06796875 0.04140625
1 0.13828125 0.98828125 0.0796875 0.0234375