0 0.28515625 0.359375 0.0625 0.0625
0 0.409375 0.35859375 0.0609375 0.0578125
0 0.9234375 0.43359375 0.0640625 0.06484375
0 0.02109375 0.1578125 0.0421875 0.06328125
0 0.4234375 0.13984375 0.0625 0.059375
0 0.5359375 0.7125 0.06171875 0.06328125
0 0.37421875 0.021875 0.0625 0.04375
0 0.02578125 0.346875 0.0515625 0.06171875
0 0.0375 0.04296875 0.06015625 0.05703125
0 0.34921875 0.2421875 0.06171875 0.06171875
0 0.153125 0.47109375 0.0609375 0.059375
0 0.05859375 0.1078125 0.0609375 0.06171875
0 0.2109375 0.7125 0.06015625 0.06171875
0 0.36640625 0.76015625 0.0609375 0.06328125
0 0.50859375 0.19609375 0.06171875 0.0578125
0 0.93828125 0.1984375 0.06171875 0.06484375
0 0.059375 0.4078125 0.0609375 0.059375
0 0.14921875 0.70625 0.06171875 0.0625
0 0.025 0.70625 0.05 0.0625
0 0.50703125 0.42578125 0.0609375 0.0625
0 0.225 0.24609375 0.0609375 0.0609375
0 0.1140625 0.53046875 0.0625 0.06171875
0 0.07734375 0.81953125 0.0609375 0.059375
0 0.33671875 0.69453125 0.06171875 0.06015625
0 0.02734375 0.4671875 0.05390625 0.06328125
0 0.44609375 0.3125 0.06171875 0.05859375
0 0.259375 0.17734375 0.0609375 0.0625
0 0.23046875 0.1015625 0.06171875 0.0640625
0 0.5734375 0.1984375 0.06328125 0.0609375
0 0.08828125 0.5828125 0.06171875 0.059375
0 0.10234375 0.240625 0.0609375 0.0625
0 0.2546875 0.3 0.06015625 0.05859375
0 0.59375 0.59609375 0.06328125 0.065625
0 0.46640625 0.47109375 0.06015625 0.0609375
0 0.04921875 0.53359375 0.0625 0.06171875
0 0.196875 0.1921875 0.0609375 0.05859375
0 0.11953125 0.121875 0.06015625 0.05859375
0 0.62734375 0.64609375 0.0609375 0.06171875
0 0.478125 0.25703125 0.06015625 0.06328125
0 0.66171875 0.6015625 0.0609375 0.059375
0 0.32890625 0.07109375 0.06171875 0.06328125
0 0.0625 0.2953125 0.06015625 0.06328125
0 0.4359375 0.025 0.0625 0.05
0 0.14609375 0.02265625 0.0640625 0.0453125
0 0.69453125 0.77265625 0.06015625 0.06015625
0 0.22265625 0.36015625 0.0625 0.0609375
0 0.7953125 0.7234375 0.0609375 0.0625
0 0.1609375 0.2484375 0.06171875 0.06328125
0 0.31796875 0.18515625 0.06015625 0.06015625
0 0.77109375 0.040625 0.0609375 0.06171875
0 0.75390625 0.2609375 0.0625 0.06171875
0 0.31796875 0.30234375 0.06171875 0.0625
0 0.2453125 0.6609375 0.0625 0.0609375
0 0.246875 0.409375 0.0625 0.05703125
0 0.084375 0.7015625 0.06171875 0.0609375
0 0.57265625 0.31953125 0.0609375 0.059375
0 0.4671875 0.584375 0.06171875 0.0625
0 0.109375 0.76328125 0.06015625 0.06171875
0 0.12421875 0.3015625 0.06328125 0.06171875
0 0.9359375 0.3171875 0.06171875 0.06015625
0 0.0734375 0.16953125 0.06015625 0.0625
0 0.3828125 0.18671875 0.0609375 0.06171875
0 0.48828125 0.14375 0.06171875 0.06015625
0 0.61484375 0.14375 0.059375 0.05859375
0 0.85625 0.1984375 0.06171875 0.0625
0 0.103125 0.0609375 0.06328125 0.06328125
0 0.03828125 0.228125 0.0609375 0.0609375
0 0.28671875 0.246875 0.0609375 0.06171875
0 0.959375 0.371875 0.0625 0.06015625
0 0.721875 0.4296875 0.0625 0.0625
0 0.15390625 0.59375 0.06171875 0.0640625
0 0.5453125 0.3703125 0.06171875 0.0609375
0 0.4453125 0.190625 0.0625 0.06171875
0 0.69296875 0.64921875 0.06171875 0.0625
0 0.984375 0.32578125 0.03125 0.0625
0 0.08984375 0.35703125 0.06171875 0.06015625
0 0.11484375 0.6421875 0.06171875 0.06171875
0 0.8375 0.66015625 0.06328125 0.06171875
0 0.27265625 0.0453125 0.06171875 0.06328125
0 0.44296875 0.415625 0.0625 0.06015625
0 0.4625 0.08828125 0.0640625 0.0625
0 0.21015625 0.0296875 0.0609375 0.0578125
0 0.39140625 0.07734375 0.06328125 0.0640625
0 0.6578125 0.0921875 0.06015625 0.06171875
0 0.76015625 0.7703125 0.0609375 0.06328125
0 0.1796875 0.64921875 0.06171875 0.06171875
0 0.2 0.81796875 0.0578125 0.059375
0 0.21640625 0.59453125 0.0609375 0.06328125
0 0.8921875 0.775 0.0625 0.0625
0 0.3765625 0.528125 0.0625 0.06171875
0 0.0453125 0.765625 0.06328125 0.0625
0 0.59453125 0.09296875 0.0609375 0.06171875
0 0.08984375 0.465625 0.0609375 0.06015625
0 0.83515625 0.35625 0.06171875 0.06171875
0 0.60234375 0.71953125 0.0625 0.0625
0 0.53046875 0.59765625 0.0609375 0.06171875
0 0.2421875 0.77265625 0.059375 0.059375
0 0.9265625 0.55078125 0.0609375 0.06328125
0 0.96328125 0.1328125 0.06171875 0.06171875
0 0.290625 0.12421875 0.06171875 0.0625
0 0.52734375 0.09453125 0.0625 0.0625
0 0.79375 0.2140625 0.06015625 0.05703125
0 0.8734375 0.30546875 0.0609375 0.06015625
0 0.50234375 0.5296875 0.06015625 0.06171875
0 0.4328125 0.76796875 0.059375 0.06328125
0 0.40390625 0.47734375 0.059375 0.06171875
0 0.4015625 0.82421875 0.0609375 0.06171875
0 0.15546875 0.35546875 0.06171875 0.0625
0 0.3421875 0.5921875 0.0609375 0.06328125
0 0.7 0.1359375 0.06328125 0.06015625
0 0.615625 0.47109375 0.0625 0.0609375
0 0.0140625 0.4046875 0.028125 0.0609375
0 0.37734375 0.415625 0.06171875 0.06171875
0 0.34140625 0.465625 0.0625 0.06171875
0 0.96953125 0.5046875 0.0609375 0.059375
0 0.8015625 0.54375 0.06171875 0.06171875
0 0.40390625 0.58984375 0.059375 0.0625
0 0.02109375 0.81953125 0.0421875 0.059375
0 0.30390625 0.76328125 0.06015625 0.06484375
0 0.7765625 0.153125 0.06171875 0.06015625
0 0.696875 0.553125 0.06171875 0.0625
0 0.346875 0.35859375 0.0609375 0.06171875
0 0.51328125 0.31015625 0.06015625 0.0609375
0 0.5046875 0.65 0.06015625 0.06171875
0 0.68125 0.24296875 0.0625 0.05859375
0 0.4421875 0.646875 0.06015625 0.06015625
0 0.1390625 0.81796875 0.06171875 0.0609375
0 0.56796875 0.02890625 0.0609375 0.05703125
0 0.28046875 0.46953125 0.0609375 0.06015625
0 0.565625 0.6484375 0.06171875 0.06171875
0 0.72265625 0.821875 0.06328125 0.0578125
0 0.47578125 0.35703125 0.0625 0.06015625
0 0.67734375 0.47890625 0.06171875 0.0625
0 0.16953125 0.07578125 0.06015625 0.059375
0 0.19296875 0.30234375 0.0625 0.06171875
0 0.353125 0.13671875 0.06171875 0.05859375
0 0.97890625 0.4421875 0.0421875 0.0640625
0 0.28046875 0.59453125 0.0609375 0.06171875
0 0.30625 0.6515625 0.06171875 0.0625
0 0.1765625 0.525 0.06015625 0.06171875
0 0.86796875 0.5484375 0.059375 0.06015625
0 0.57578125 0.425 0.0609375 0.059375
0 0.665625 0.184375 0.0625 0.06171875
0 0.63828125 0.30546875 0.06328125 0.06171875
0 0.0546875 0.64296875 0.0609375 0.06171875
0 0.315625 0.415625 0.0625 0.059375
0 0.74296875 0.59375 0.06171875 0.06328125
0 0.31171875 0.540625 0.06328125 0.0640625
0 0.86171875 0.71875 0.0609375 0.06171875
0 0.9671875 0.26640625 0.0640625 0.0640625
0 0.21484375 0.4625 0.0609375 0.0609375
0 0.5609375 0.528125 0.05859375 0.06015625
0 0.62890625 0.7640625 0.0625 0.059375
0 0.9859375 0.20703125 0.028125 0.0609375
0 0.184375 0.4140625 0.06171875 0.06015625
0 0.55234375 0.265625 0.06015625 0.059375
0 0.18046875 0.14296875 0.0609375 0.0609375
0 0.8921875 0.09140625 0.0625 0.059375
0 0.3796875 0.30703125 0.06015625 0.06171875
0 0.134375 0.18125 0.06015625 0.06015625
0 0.7453125 0.515625 0.0609375 0.0625
0 0.6109375 0.3703125 0.06171875 0.059375
0 0.8265625 0.25390625 0.06171875 0.06015625
0 0.440625 0.53125 0.06015625 0.059375
0 0.790625 0.8359375 0.06015625 0.0625
0 0.90625 0.490625 0.06015625 0.059375
0 0.0171875 0.2765625 0.034375 0.0640625
0 0.309375 0.01171875 0.0609375 0.02265625
0 0.03046875 0.58203125 0.0578125 0.0578125
0 0.73046875 0.190625 0.05859375 0.0609375
0 0.53984375 0.47109375 0.06171875 0.0578125
0 0.07890625 0.0125 0.0625 0.025
0 0.121875 0.41171875 0.06171875 0.06015625
0 0.709375 0.3046875 0.0625 0.06015625
0 0.70078125 0.05078125 0.06171875 0.06015625
0 0.903125 0.25078125 0.0609375 0.06015625
0 0.86484375 0.84765625 0.06171875 0.0625
0 0.275 0.70859375 0.06171875 0.05859375
0 0.93828125 0.72578125 0.06171875 0.06328125
0 0.5 0.0265625 0.06328125 0.05234375
0 0.5515625 0.140625 0.06328125 0.0609375
0 0.984375 0.084375 0.03046875 0.06484375
0 0.621875 0.53046875 0.0625 0.0609375
0 0.0234375 0.01015625 0.046875 0.0203125
0 0.78671875 0.46484375 0.06015625 0.0609375
0 0.4203125 0.2625 0.06015625 0.053125
0 0.640625 0.0265625 0.06015625 0.05234375
0 0.74296875 0.084375 0.0609375 0.0578125
0 0.90390625 0.665625 0.059375 0.06171875
0 0.7875 0.40546875 0.06015625 0.05703125
0 0.80078125 0.59921875 0.06015625 0.0578125
1 0.96875 0.78359375 0.0625 0.0546875
0 0.92734375 0.83515625 0.059375 0.0609375
0 0.884375 0.5984375 0.0640625 0.05859375
0 0.65703125 0.409375 0.06015625 0.0546875
0 0.61796875 0.23125 0.0609375 0.0609375
0 0.6734375 0.359375 0.06171875 0.0625
0 0.8484375 0.48671875 0.0625 0.06015625
0 0.73359375 0.365625 0.05859375 0.06171875
0 0.896875 0.36484375 0.0609375 0.0625
0 0.0109375 0.64765625 0.021875 0.06328125
1 0.49296875 0.7625 0.059375 0.059375
0 0.990625 0.72734375 0.01796875 0.0609375
0 0.0125 0.09296875 0.025 0.0671875
0 0.959375 0.62265625 0.06171875 0.0625
0 0.94609375 0.059375 0.0625 0.05859375
1 0.3359375 0.8171875 0.06328125 0.05078125
0 0.834375 0.01875 0.06328125 0.0375
1 0.72734375 0.7078125 0.05546875 0.05625
1 0.5625 0.7703125 0.0625 0.053125
1 0.6671875 0.70625 0.0546875 0.0515625
0 0.8953125 0.1421875 0.06328125 0.05546875
1 0.82734375 0.77890625 0.05625 0.05
1 0.2421875 0.5265625 0.05625 0.0625
1 0.525 0.828125 0.0578125 0.0640625
1 0.98203125 0.5609375 0.0359375 0.071875
1 0.8484375 0.415625 0.06484375 0.05625
0 0.88828125 0.02578125 0.0578125 0.0515625
0 0.8265625 0.0671875 0.05859375 0.0515625
1 0.4609375 0.68984375 0.059375 0.0453125
1 0.7578125 0.64921875 0.059375 0.05078125
1 0.171875 0.75546875 0.0609375 0.046875
1 0.4640625 0.8296875 0.05703125 0.05234375
1 0.26875 0.82421875 0.053125 0.05234375
0 0.97265625 0.67734375 0.0546875 0.0609375
1 0.659375 0.82734375 0.05859375 0.05703125
0 0.009375 0.5359375 0.01875 0.071875
0 0.95 0.01328125 0.06640625 0.02578125
0 0.78671875 0.32734375 0.06171875 0.06015625
1 0.5953125 0.82421875 0.0515625 0.05
1 0.38125 0.65234375 0.06171875 0.05390625
0 0.70859375 0.0078125 0.07109375 0.015625
0 0.0046875 0.2125 0.009375 0.065625