0 0.48203125 0.71015625 0.16796875 0.13984375
0 0.35859375 0.44765625 0.1546875 0.16484375
0 0.09765625 0.75859375 0.13828125 0.12890625
0 0.0453125 0.871875 0.090625 0.121875
0 0.16796875 0.6328125 0.13359375 0.12421875
0 0.309375 0.934375 0.15703125 0.1265625
0 0.20234375 0.86171875 0.146875 0.121875
0 0.678125 0.9484375 0.1328125 0.096875
0 0.0671875 0.528125 0.128125 0.12734375
0 0.26484375 0.70859375 0.1421875 0.1609375
0 0.40390625 0.59375 0.1609375 0.13125
0 0.14921875 0.2203125 0.1296875 0.12890625
0 0.49140625 0.96484375 0.15625 0.0703125
0 0.26640625 0.321875 0.16015625 0.13046875
0 0.034375 0.659375 0.06875 0.13125
0 0.6859375 0.834375 0.13984375 0.128125
0 0.203125 0.46015625 0.12734375 0.12890625
0 0.5671875 0.5703125 0.16171875 0.1296875
0 0.11953125 0.9609375 0.140625 0.078125
0 0.08515625 0.39453125 0.12265625 0.12421875
0 0.36484375 0.8078125 0.14453125 0.128125
0 0.6375 0.70625 0.14765625 0.13046875
0 0.0609375 0.065625 0.11640625 0.11953125
0 0.42265625 0.34453125 0.12109375 0.10703125
0 0.496875 0.4515625 0.12109375 0.1125
0 0.03125 0.24140625 0.0625 0.1140625
0 0.546875 0.8453125 0.11953125 0.1171875