2 0.7 0.05546875 0.0578125 0.04609375
0 0.46640625 0.13984375 0.04375 0.0453125
0 0.72578125 0.2515625 0.04453125 0.04453125
0 0.6359375 0.49921875 0.04609375 0.04453125
0 0.2546875 0.028125 0.04296875 0.04296875
0 0.934375 0.20546875 0.04375 0.04453125
0 0.9296875 0.128125 0.04296875 0.04453125
0 0.7453125 0.05078125 0.04296875 0.04296875
0 0.56484375 0.54375 0.0484375 0.04765625
0 0.753125 0.28828125 0.04453125 0.04453125
0 0.90859375 0.0140625 0.04375 0.028125
0 0.29765625 0.02734375 0.04375 0.04375
0 0.98125 0.2828125 0.0375 0.04375
0 0.52265625 0.45859375 0.0453125 0.04296875
0 0.98046875 0.88203125 0.0390625 0.0453125
0 0.79140625 0.89140625 0.0421875 0.04453125
0 0.97890625 0.72109375 0.0421875 0.0453125
0 0.590625 0.33828125 0.046875 0.05078125
0 0.9078125 0.76875 0.04375 0.04453125
0 0.8921875 0.36796875 0.04375 0.04375
0 0.49765625 0.425 0.046875 0.046875
0 0.4859375 0.01953125 0.040625 0.0390625
0 0.884375 0.12890625 0.0421875 0.04296875
0 0.76484375 0.853125 0.04296875 0.04453125
0 0.3765625 0.23203125 0.04375 0.0453125
0 0.61484375 0.53828125 0.04453125 0.0453125
0 0.97890625 0.80390625 0.0421875 0.0453125
0 0.68203125 0.25703125 0.04609375 0.04453125
0 0.8875 0.9640625 0.04375 0.04453125
0 0.86015625 0.92890625 0.0421875 0.04296875
0 0.98359375 0.44375 0.0328125 0.046875
0 0.96015625 0.2453125 0.0421875 0.04296875
0 0.6875 0.6609375 0.04375 0.0453125
0 0.9421875 0.4484375 0.04296875 0.04609375
0 0.978125 0.12421875 0.0421875 0.0453125
0 0.8828125 0.88671875 0.04140625 0.04453125
0 0.91953125 0.40703125 0.04453125 0.04453125
0 0.9796875 0.971875 0.040625 0.04609375
0 0.61328125 0.6171875 0.04375 0.0453125
0 0.9796875 0.20546875 0.040625 0.0453125
0 0.590625 0.49765625 0.04609375 0.0453125
0 0.8625 0.0890625 0.0421875 0.0421875
0 0.915625 0.32734375 0.0421875 0.04375
0 0.81484375 0.93359375 0.04296875 0.0453125
0 0.4953125 0.26796875 0.04609375 0.046875
0 0.8359375 0.88671875 0.04296875 0.04453125
0 0.93125 0.80703125 0.04296875 0.0453125
0 0.353125 0.10546875 0.0453125 0.0453125
0 0.81484375 0.090625 0.04375 0.04453125
0 0.95234375 0.68515625 0.04296875 0.04453125
0 0.8109375 0.771875 0.04375 0.04453125
0 0.4390625 0.02109375 0.04375 0.0421875
0 0.93203125 0.046875 0.04375 0.04375
0 0.721875 0.0890625 0.04453125 0.04453125
0 0.52109375 0.3015625 0.0453125 0.04375
0 0.95390625 0.08515625 0.04296875 0.04296875
0 0.3546875 0.19453125 0.04296875 0.0453125
0 0.609375 0.2203125 0.0453125 0.0453125
0 0.78125 0.73046875 0.0421875 0.04453125
0 0.88125 0.72578125 0.04375 0.04453125
0 0.690625 0.73359375 0.04296875 0.04375
0 0.83125 0.72734375 0.04296875 0.04453125
0 0.91015625 0.16875 0.04375 0.0453125
0 0.97109375 0.5640625 0.04453125 0.04375
0 0.58203125 0.09453125 0.04453125 0.04375
0 0.8390625 0.20703125 0.04375 0.04375
0 0.39375 0.02109375 0.04296875 0.0421875
0 0.875 0.48828125 0.0421875 0.04375
0 0.7890625 0.05 0.04375 0.04375
0 0.865625 0.2515625 0.04375 0.0453125
0 0.65390625 0.2203125 0.0453125 0.046875
0 0.5671875 0.459375 0.0453125 0.04375
0 0.8859375 0.209375 0.04296875 0.04453125
0 0.540625 0.26328125 0.04375 0.04453125
0 0.84140625 0.2875 0.04375 0.04375
0 0.7953125 0.13046875 0.0453125 0.04453125
0 0.92734375 0.64375 0.04375 0.0453125
0 0.89765625 0.5265625 0.04375 0.04375
0 0.63046875 0.09453125 0.04609375 0.0453125
0 0.90546875 0.0890625 0.04296875 0.04375
0 0.4203125 0.140625 0.04609375 0.04765625
0 0.88984375 0.28984375 0.04296875 0.04453125
0 0.6125 0.45546875 0.04375 0.0453125
0 0.7640625 0.01640625 0.04375 0.0328125
0 0.8609375 0.846875 0.0453125 0.04375
0 0.97890625 0.04765625 0.04140625 0.04375
0 0.53359375 0.01953125 0.0453125 0.03828125
0 0.7359375 0.734375 0.04375 0.04453125
0 0.88671875 0.8078125 0.0421875 0.04375
0 0.27734375 0.06484375 0.04296875 0.04375
0 0.66171875 0.6171875 0.04453125 0.04453125
0 0.63984375 0.65703125 0.04296875 0.04375
0 0.54609375 0.33984375 0.04453125 0.0453125
0 0.88359375 0.04453125 0.04375 0.04375
0 0.84375 0.36796875 0.04375 0.04375
0 0.7625 0.7734375 0.04296875 0.04453125
0 0.9046875 0.6078125 0.04375 0.04453125
0 0.81796875 0.1703125 0.04296875 0.04375
0 0.934375 0.88515625 0.0421875 0.04453125
0 0.940625 0.365625 0.04296875 0.04453125
0 0.78125 0.6609375 0.04453125 0.04453125
0 0.3265625 0.0640625 0.04375 0.04921875
0 0.9515625 0.01328125 0.04375 0.0265625
0 0.87265625 0.409375 0.04453125 0.04375
0 0.63203125 0.2578125 0.0453125 0.04453125
0 0.70078125 0.215625 0.0453125 0.04609375
0 0.44296875 0.0984375 0.04375 0.04453125
0 0.8359375 0.80703125 0.04375 0.0453125
0 0.6515625 0.13359375 0.0453125 0.046875
0 0.7203125 0.01640625 0.04296875 0.0328125
0 0.6734375 0.08984375 0.04296875 0.04453125
0 0.74609375 0.13125 0.04609375 0.04609375
0 0.4484375 0.271875 0.04609375 0.046875
0 0.7734375 0.415625 0.04453125 0.04453125
0 0.83828125 0.965625 0.0421875 0.04296875
0 0.77890625 0.496875 0.0453125 0.04375
0 0.86796875 0.32890625 0.04375 0.04375
0 0.6609375 0.54375 0.04453125 0.046875
0 0.58828125 0.2578125 0.0453125 0.04453125
0 0.63046875 0.01796875 0.04453125 0.03515625
0 0.75390625 0.45625 0.04609375 0.0484375
0 0.56328125 0.2984375 0.04453125 0.0453125
0 0.4046875 0.27265625 0.0453125 0.04609375
0 0.7265625 0.41640625 0.0453125 0.0453125
0 0.93671875 0.28671875 0.04296875 0.04453125
0 0.41953125 0.05859375 0.0421875 0.04296875
0 0.91015625 0.246875 0.0421875 0.04296875
0 0.3015625 0.11171875 0.04453125 0.04609375
0 0.44296875 0.1828125 0.04609375 0.04765625
0 0.86171875 0.76953125 0.04375 0.04453125
0 0.92890625 0.725 0.04375 0.04375
0 0.79921875 0.2875 0.04453125 0.04453125
0 0.8609375 0.16796875 0.0421875 0.04375
0 0.39609375 0.1 0.0421875 0.04375
0 0.70703125 0.5375 0.0453125 0.0453125
0 0.89375 0.44765625 0.0421875 0.04375
0 0.7109375 0.69609375 0.0453125 0.04453125
0 0.9546875 0.16796875 0.04375 0.04453125
0 0.51015625 0.13984375 0.04609375 0.04609375
0 0.603125 0.05625 0.04453125 0.04453125
0 0.81328125 0.846875 0.0421875 0.04453125
0 0.50859375 0.05859375 0.04453125 0.04375
0 0.42578125 0.22734375 0.0453125 0.0453125
0 0.58125 0.01875 0.0453125 0.03671875
0 0.5609375 0.2171875 0.0453125 0.04921875
0 0.6828125 0.3328125 0.04609375 0.04609375
0 0.5671875 0.3859375 0.0453125 0.0453125
0 0.7296875 0.3328125 0.04609375 0.0453125
0 0.328125 0.153125 0.04453125 0.04375
0 0.76875 0.171875 0.0453125 0.04453125
0 0.9890625 0.084375 0.0203125 0.0421875
0 0.946875 0.52734375 0.04453125 0.04453125
0 0.71640625 0.7703125 0.04296875 0.04375
0 0.8078125 0.69140625 0.04375 0.04375
0 0.9578125 0.84609375 0.04296875 0.04453125
0 0.534375 0.0984375 0.04453125 0.04453125
0 0.9640625 0.325 0.0421875 0.04296875
0 0.6390625 0.5796875 0.04375 0.04375
0 0.79921875 0.45078125 0.0453125 0.04453125
0 0.9875 0.52734375 0.02421875 0.046875
0 0.48984375 0.1765625 0.0453125 0.04609375
0 0.63203125 0.1765625 0.04296875 0.04453125
0 0.95390625 0.7625 0.04296875 0.04375
0 0.90703125 0.925 0.04453125 0.04375
0 0.51796875 0.2203125 0.04453125 0.046875
0 0.85859375 0.69140625 0.04296875 0.04296875
0 0.39765625 0.18359375 0.04375 0.0453125
0 0.54453125 0.5 0.04453125 0.04609375
0 0.90859375 0.8484375 0.040625 0.04296875
0 0.80703125 0.61875 0.0453125 0.046875
0 0.7546875 0.37421875 0.0453125 0.0453125
0 0.8546875 0.01484375 0.0453125 0.0296875
0 0.809375 0.01484375 0.04375 0.0296875
0 0.4890625 0.096875 0.04453125 0.04453125
0 0.83515625 0.05078125 0.04296875 0.04453125
0 0.5578125 0.05859375 0.04375 0.04453125
0 0.68515625 0.4171875 0.04375 0.0453125
0 0.7328125 0.65390625 0.04453125 0.04453125
0 0.70546875 0.29296875 0.04609375 0.0453125
0 0.934375 0.9640625 0.0453125 0.04609375
0 0.52265625 0.37890625 0.046875 0.04453125
0 0.696875 0.134375 0.0453125 0.046875
0 0.92578125 0.5671875 0.04296875 0.04375
0 0.7859375 0.8125 0.04453125 0.04609375
0 0.4625 0.06015625 0.04296875 0.04296875
0 0.81875 0.246875 0.04453125 0.04453125
0 0.9484375 0.60625 0.04296875 0.04296875
0 0.6609375 0.4546875 0.04609375 0.046875
0 0.3734375 0.06171875 0.04375 0.04453125
0 0.82265625 0.33125 0.04296875 0.04453125
0 0.61171875 0.2953125 0.04453125 0.04453125
2 0.58359375 0.178125 0.0578125 0.04921875
0 0.79609375 0.20546875 0.04375 0.04453125
0 0.76875 0.090625 0.04453125 0.04453125
0 0.75859375 0.540625 0.04609375 0.04609375
0 0.68359375 0.58125 0.04609375 0.04609375
0 0.70859375 0.4578125 0.0453125 0.046875
0 0.72890625 0.50078125 0.0453125 0.04375
0 0.5453125 0.42109375 0.04453125 0.04296875
0 0.80625 0.534375 0.04375 0.04453125
0 0.990625 0.84296875 0.01796875 0.04453125
0 0.70859375 0.61484375 0.04609375 0.04453125
0 0.88125 0.6546875 0.04375 0.04609375
0 0.98828125 0.60390625 0.02265625 0.0453125
0 0.9609375 0.9296875 0.04453125 0.0453125
0 0.85 0.53125 0.04453125 0.04609375
0 0.9828125 0.365625 0.034375 0.04375
0 0.84296875 0.12734375 0.04375 0.04375
0 0.6375 0.3359375 0.0453125 0.04765625
0 0.59140625 0.57890625 0.0453125 0.04296875
0 0.8546875 0.61328125 0.04453125 0.0453125
0 0.90703125 0.68671875 0.04375 0.04375
0 0.346875 0.02109375 0.0421875 0.04140625
0 0.6640625 0.6953125 0.04296875 0.04453125
0 0.7578125 0.61953125 0.0453125 0.04453125
0 0.65546875 0.29140625 0.0453125 0.04296875
0 0.97734375 0.64453125 0.0453125 0.0515625
0 0.83125 0.6515625 0.04453125 0.040625
0 0.7421875 0.81328125 0.0421875 0.04375
0 0.721875 0.17265625 0.04609375 0.04453125
0 0.965625 0.4046875 0.0421875 0.04375
0 0.47109375 0.3015625 0.0453125 0.040625
0 0.74921875 0.2125 0.0453125 0.04609375
0 0.42578125 0.30703125 0.0453125 0.040625
0 0.92265625 0.48828125 0.0453125 0.0453125
0 0.87578125 0.5671875 0.04375 0.04609375
0 0.709375 0.37421875 0.04609375 0.04609375
0 0.8296875 0.571875 0.04296875 0.04375
0 0.7765625 0.33125 0.0453125 0.04609375
0 0.77421875 0.24921875 0.04375 0.04453125
0 0.67578125 0.17421875 0.04375 0.0453125
0 0.44921875 0.34375 0.046875 0.0453125
0 0.65078125 0.0546875 0.04375 0.04375
0 0.971875 0.4828125 0.04140625 0.04296875
0 0.47421875 0.38125 0.04609375 0.046875
0 0.8484375 0.44765625 0.04375 0.0453125
0 0.7328125 0.58203125 0.046875 0.046875
0 0.60546875 0.134375 0.04453125 0.04453125
0 0.98984375 0.1640625 0.0203125 0.040625
0 0.67421875 0.01875 0.04296875 0.03671875
0 0.6828125 0.49765625 0.04453125 0.04375
0 0.86640625 0.9921875 0.04296875 0.015625
0 0.471875 0.22421875 0.04453125 0.0484375
0 0.6109375 0.38359375 0.046875 0.0484375
0 0.80078125 0.37578125 0.04296875 0.04453125
0 0.559375 0.1390625 0.04453125 0.0453125
0 0.759375 0.6921875 0.04375 0.04375
0 0.496875 0.33671875 0.04453125 0.04140625
0 0.8234375 0.41328125 0.04453125 0.0453125
0 0.91171875 0.99296875 0.04453125 0.0140625
0 0.37578125 0.1421875 0.04375 0.04296875
0 0.83046875 0.48359375 0.04296875 0.04453125
0 0.58984375 0.42265625 0.0453125 0.040625
0 0.78203125 0.57265625 0.04609375 0.04375
0 0.5375 0.17421875 0.04453125 0.0421875
0 0.98984375 0.01328125 0.0203125 0.02578125
0 0.99296875 0.31953125 0.0140625 0.0421875
0 0.990625 0.76171875 0.01875 0.0421875
0 0.2296875 0.00703125 0.0453125 0.01328125
0 0.66171875 0.375 0.04453125 0.04609375
0 0.99296875 0.24453125 0.01328125 0.04296875
0 0.27578125 0.0046875 0.04375 0.00859375
0 0.99453125 0.4015625 0.0109375 0.04140625
0 0.99375 0.921875 0.0125 0.040625
0 0.63828125 0.4203125 0.0453125 0.04375
0 0.990625 0.68828125 0.01875 0.03203125
0 0.3234375 0.00390625 0.04609375 0.00703125