0 0.821875 0.1265625 0.0625 0.06328125
0 0.196875 0.3203125 0.0609375 0.06171875
0 0.1234375 0.74609375 0.0609375 0.0625
0 0.08828125 0.0265625 0.0609375 0.053125
0 0.1015625 0.4078125 0.0609375 0.0625
0 0.92421875 0.07734375 0.06484375 0.0640625
0 0.01875 0.225 0.0375 0.06484375
0 0.90390625 0.021875 0.0625 0.04375
0 0.48515625 0.59921875 0.06171875 0.0609375
0 0.934375 0.4765625 0.0609375 0.0625
0 0.98046875 0.08828125 0.0390625 0.0640625
0 0.8421875 0.41328125 0.06328125 0.06015625
0 0.271875 0.0625 0.0625 0.06171875
0 0.6515625 0.1234375 0.0609375 0.059375
0 0.2546875 0.525 0.06015625 0.06015625
0 0.22421875 0.68828125 0.06171875 0.06015625
0 0.43359375 0.30625 0.0609375 0.05859375
0 0.1734375 0.271875 0.059375 0.05859375
0 0.31328125 0.18515625 0.0609375 0.06171875
0 0.81796875 0.359375 0.0625 0.06328125
0 0.97265625 0.19140625 0.0546875 0.0609375
0 0.97109375 0.41484375 0.0578125 0.0609375
0 0.15625 0.37421875 0.0609375 0.0625
0 0.5890625 0.409375 0.0609375 0.06015625
0 0.90625 0.41640625 0.06171875 0.06328125
0 0.94140625 0.35859375 0.0609375 0.05859375
0 0.275 0.2328125 0.06015625 0.059375
0 0.8578125 0.071875 0.06171875 0.0640625
0 0.93515625 0.5890625 0.0609375 0.06328125
0 0.28671875 0.69453125 0.06171875 0.06015625
0 0.284375 0.58984375 0.06171875 0.06015625
0 0.68203125 0.4703125 0.0609375 0.06015625
0 0.96484375 0.025 0.0609375 0.05
0 0.2921875 0.12578125 0.0609375 0.06171875
0 0.64921875 0.6453125 0.06171875 0.0625
0 0.675 0.0234375 0.06484375 0.046875
0 0.25078125 0.17265625 0.059375 0.0609375
0 0.221875 0.57578125 0.0609375 0.06171875
0 0.1609375 0.57890625 0.06171875 0.06015625
0 0.69296875 0.24453125 0.06171875 0.06328125
0 0.471875 0.259375 0.06171875 0.06171875
0 0.1921875 0.62890625 0.0609375 0.0609375
0 0.2609375 0.33671875 0.06015625 0.06171875
0 0.65859375 0.2984375 0.06015625 0.0625
0 0.159375 0.69296875 0.06171875 0.0625
0 0.3859375 0.35234375 0.0609375 0.06015625
0 0.4171875 0.13828125 0.0609375 0.06328125
0 0.8953125 0.75859375 0.06015625 0.06328125
0 0.253125 0.75234375 0.0625 0.0640625
0 0.4953125 0.321875 0.059375 0.0609375
0 0.503125 0.03046875 0.06171875 0.0609375
0 0.384375 0.65 0.0625 0.06328125
0 0.2328125 0.46640625 0.06171875 0.0625
0 0.403125 0.2484375 0.06015625 0.0609375
0 0.43828125 0.19921875 0.0609375 0.0625
0 0.4078125 0.41875 0.06015625 0.06171875
0 0.03984375 0.41171875 0.059375 0.06171875
0 0.3875 0.534375 0.06328125 0.0609375
0 0.2203125 0.390625 0.06171875 0.0640625
0 0.0625 0.7421875 0.0609375 0.0640625
0 0.521875 0.65078125 0.0625 0.06171875
0 0.54609375 0.1546875 0.0625 0.06171875
0 0.7546875 0.36171875 0.0609375 0.0609375
0 0.09765625 0.68828125 0.06171875 0.0625
0 0.64296875 0.53125 0.0625 0.0625
0 0.6859375 0.35234375 0.0625 0.0625
0 0.63359375 0.240625 0.06015625 0.0625
0 0.7453125 0.5953125 0.0609375 0.0640625
0 0.72734375 0.19296875 0.06171875 0.0578125
0 0.6203125 0.58203125 0.06171875 0.059375
0 0.9734375 0.31015625 0.053125 0.06015625
0 0.03203125 0.58359375 0.06015625 0.059375
0 0.034375 0.68984375 0.0609375 0.06015625
0 0.5515625 0.3453125 0.06171875 0.06171875
0 0.21015625 0.05078125 0.0609375 0.0609375
0 0.76328125 0.1015625 0.06171875 0.0625
0 0.5078125 0.2140625 0.0609375 0.06484375
0 0.56875 0.04609375 0.0609375 0.05546875
0 0.6328125 0.0625 0.0625 0.0625
0 0.85 0.3046875 0.06328125 0.06328125
0 0.22890625 0.11171875 0.0609375 0.06171875
0 0.56953125 0.228125 0.06171875 0.06171875
0 0.01484375 0.74609375 0.0296875 0.059375
0 0.3234375 0.35546875 0.06171875 0.0609375
0 0.8125 0.4703125 0.06171875 0.0609375
0 0.87578125 0.5921875 0.0609375 0.06171875
0 0.75390625 0.24609375 0.059375 0.059375
0 0.334375 0.06875 0.06015625 0.0609375
0 0.596875 0.29609375 0.0609375 0.0625
0 0.74140625 0.028125 0.0609375 0.05625
0 0.7734375 0.77421875 0.06015625 0.06015625
0 0.621875 0.35625 0.06171875 0.0609375
0 0.09609375 0.57890625 0.0609375 0.06015625
0 0.3421875 0.246875 0.06328125 0.0578125
0 0.3515625 0.7015625 0.0578125 0.05625
0 0.36328125 0.3015625 0.06328125 0.0609375
0 0.81953125 0.2453125 0.0609375 0.0625
0 0.678125 0.70546875 0.0609375 0.0625
0 0.60859375 0.81875 0.06015625 0.059375
0 0.0625 0.63515625 0.06015625 0.059375
0 0.6140625 0.7015625 0.0609375 0.0609375
0 0.9140625 0.1859375 0.0625 0.0609375
0 0.1859375 0.75546875 0.06328125 0.0640625
0 0.15078125 0.028125 0.0578125 0.05625
0 0.06953125 0.21640625 0.0625 0.0640625
0 0.18984375 0.525 0.06328125 0.0625
0 0.66796875 0.18203125 0.06171875 0.0609375
0 0.78828125 0.1765625 0.06015625 0.06171875
0 0.60546875 0.16875 0.06015625 0.0625
0 0.7453125 0.46484375 0.0625 0.06171875
0 0.51796875 0.54140625 0.0625 0.06328125
0 0.15 0.21953125 0.06328125 0.0625
0 0.80390625 0.0453125 0.0609375 0.06328125
0 0.37890625 0.19453125 0.06171875 0.06171875
0 0.88046875 0.2421875 0.0609375 0.06171875
0 0.8125 0.59609375 0.0609375 0.0625
0 0.57734375 0.7671875 0.06171875 0.0625
0 0.165625 0.103125 0.06171875 0.06171875
0 0.9125 0.30703125 0.0609375 0.06171875
0 0.37734375 0.02421875 0.0609375 0.0484375
0 0.834375 0.76328125 0.0578125 0.0640625
0 0.125 0.515625 0.0625 0.06328125
0 0.70625 0.52734375 0.06015625 0.0609375
0 0.31875 0.63984375 0.0625 0.0609375
0 0.6703125 0.8171875 0.06171875 0.0625
0 0.88515625 0.13515625 0.06171875 0.0578125
0 0.984375 0.5828125 0.03046875 0.06484375
0 0.015625 0.640625 0.03046875 0.0609375
0 0.25078125 0.01484375 0.0640625 0.0296875
0 0.31640625 0.7578125 0.0609375 0.06171875
0 0.41796875 0.58828125 0.0609375 0.05859375
0 0.2546875 0.63671875 0.06015625 0.06015625
0 0.984375 0.47265625 0.03125 0.06328125
0 0.0484375 0.2828125 0.0625 0.06328125
0 0.95234375 0.140625 0.0625 0.059375
0 0.58671875 0.109375 0.06171875 0.0625
0 0.77890625 0.4109375 0.06171875 0.05703125
0 0.35 0.58359375 0.0609375 0.05859375
0 0.03515625 0.1578125 0.0625 0.06328125
0 0.7140625 0.1421875 0.06328125 0.06171875
0 0.7765625 0.66171875 0.06171875 0.059375
0 0.71796875 0.41171875 0.06171875 0.06015625
0 0.4625 0.08125 0.06171875 0.059375
0 0.84921875 0.18515625 0.0609375 0.0609375
0 0.68359375 0.59453125 0.0625 0.06328125
0 0.35234375 0.1328125 0.0609375 0.0625
0 0.73203125 0.81875 0.0578125 0.059375
0 0.875 0.465625 0.0625 0.06171875
0 0.02734375 0.028125 0.0546875 0.05546875
0 0.6375 0.76328125 0.06171875 0.0625
0 0.52890625 0.4046875 0.0609375 0.0609375
0 0.61953125 0.46484375 0.06171875 0.0625
0 0.47578125 0.14296875 0.06171875 0.0609375
0 0.5796875 0.534375 0.0609375 0.06171875
0 0.1109375 0.2671875 0.06171875 0.06015625
0 0.91015625 0.528125 0.06171875 0.06171875
0 0.2140625 0.22421875 0.06171875 0.05625
0 0.5546875 0.46953125 0.06328125 0.06484375
0 0.34453125 0.41875 0.0625 0.0625
0 0.7859375 0.30234375 0.06171875 0.059375
0 0.9609375 0.76796875 0.06015625 0.06328125
0 0.86484375 0.69453125 0.0609375 0.059375
0 0.8796875 0.35859375 0.0609375 0.06171875
0 0.740625 0.7125 0.0609375 0.0625
0 0.08359375 0.46484375 0.06171875 0.0609375
0 0.18828125 0.16484375 0.06171875 0.06171875
0 0.0328125 0.09140625 0.06015625 0.05859375
0 0.41171875 0.69375 0.06171875 0.0609375
0 0.09453125 0.8125 0.06015625 0.06171875
0 0.315625 0.01796875 0.05859375 0.0359375
0 0.3671875 0.4734375 0.059375 0.059375
0 0.7109375 0.6484375 0.06171875 0.0625
0 0.0140625 0.53515625 0.028125 0.0625
0 0.8421875 0.540625 0.06328125 0.0640625
0 0.11328125 0.15859375 0.06328125 0.0625
0 0.6109375 0.0125 0.06171875 0.025
0 0.30078125 0.2890625 0.06015625 0.06015625
0 0.9703125 0.528125 0.059375 0.06015625
0 0.553125 0.70703125 0.06171875 0.0609375
0 0.971875 0.646875 0.05625 0.059375
0 0.06171875 0.5359375 0.0625 0.0578125
0 0.72109375 0.30234375 0.06328125 0.0625
0 0.5453125 0.81953125 0.059375 0.059375
0 0.39921875 0.07421875 0.0625 0.06015625
0 0.52734375 0.09140625 0.0625 0.06171875
0 0.95078125 0.2609375 0.06171875 0.05546875
0 0.43046875 0.478125 0.0578125 0.06015625
0 0.1015625 0.0921875 0.06171875 0.0625
0 0.48828125 0.484375 0.0609375 0.05390625
0 0.12734375 0.3171875 0.06328125 0.0578125
0 0.703125 0.07578125 0.06171875 0.06015625
0 0.440625 0.02421875 0.059375 0.0484375
0 0.653125 0.41171875 0.06015625 0.06015625
0 0.84140625 0.01171875 0.06328125 0.0234375
0 0.2828125 0.80703125 0.06171875 0.0609375
0 0.025 0.47265625 0.05 0.0609375
0 0.80546875 0.7078125 0.06015625 0.05703125
0 0.5828125 0.64453125 0.059375 0.0625
0 0.5359375 0.2765625 0.06171875 0.06171875
0 0.4453125 0.64140625 0.05859375 0.059375
0 0.559375 0.5828125 0.06015625 0.05625
0 0.4484375 0.3625 0.0625 0.06015625
0 0.12734375 0.63125 0.06171875 0.059375
0 0.234375 0.2734375 0.06015625 0.0546875
0 0.37890625 0.74609375 0.059375 0.06171875
0 0.47890625 0.69609375 0.0578125 0.05546875
1 0.3171875 0.51171875 0.0546875 0.05546875
0 0.9875 0.35625 0.025 0.059375
0 0.5484375 0.009375 0.06640625 0.01875
0 0.34609375 0.82578125 0.06171875 0.06015625
0 0.4703125 0.4359375 0.0640625 0.06171875
0 0.8359375 0.65078125 0.0625 0.0609375
0 0.40859375 0.81484375 0.05859375 0.06328125
1 0.1640625 0.446875 0.0640625 0.075
1 0.44375 0.74921875 0.05625 0.0546875
0 0.190625 0.0109375 0.0609375 0.02109375
1 0.50859375 0.74375 0.05625 0.05078125
0 0.9328125 0.825 0.06171875 0.06328125
1 0.065625 0.3390625 0.05625 0.0546875
1 0.296875 0.45703125 0.059375 0.0640625
0 0.990625 0.25546875 0.01875 0.0671875
1 0.278125 0.41015625 0.06015625 0.05546875
1 0.86640625 0.81640625 0.06015625 0.04921875
1 0.01640625 0.34296875 0.0328125 0.0703125
0 0.99296875 0.14296875 0.0140625 0.0609375
1 0.47890625 0.81484375 0.0703125 0.08046875
1 0.2203125 0.8078125 0.05703125 0.0484375
1 0.7015625 0.75625 0.06171875 0.05
1 0.7734375 0.52578125 0.05859375 0.05859375
1 0.0265625 0.803125 0.053125 0.05
1 0.1578125 0.81484375 0.0578125 0.0578125
1 0.80078125 0.825 0.04375 0.05078125
0 0.0046875 0.0640625 0.009375 0.05
0 0.453125 0.52890625 0.0578125 0.053125
1 0.90703125 0.65078125 0.05546875 0.053125
1 0.984375 0.82578125 0.03125 0.0703125
0 0.00546875 0.1234375 0.0109375 0.06171875
1 0.98515625 0.6921875 0.0296875 0.046875
1 0.9265625 0.66640625 0.05 0.0625